100
983037
964
11757
847677
26274
999930
377129
11208
835581
999992
18818
927
917492
999997
8194
856626
443927
17667
983036
380357
469
875133
5808
20828
592393
7178
77297
939001
786429
1843
1649
904148
514126
3603
897222
13025
879357
989121
994745
884709
999998
722402
42051
738079
855855
969
151321
964605
933885
161968
2197
7143
982955
52593
999994
999995
61266
7752
999937
998325
925380
62802
29514
230484
437047
824631
999999
38164
1000000
726911
413411
524296
166275
5828
989733
2584
903513
957207
950340
442351
15186
956796
199022
999989
87861
19575
847101
2000
981501
1267
999983
981212
984725
999797
115914
9805
1467
230576
1537
13665
