200
1
2 1
2
1 4 3 2
3
7 8 5 6 1 2 4 3
2
4 3 2 1
2
2 4 1 3
4
3 10 11 12 1 2 9 4 13 14 15 16 5 6 7 8
1
2 1
1
2 1
1
2 1
1
1 2
4
1 2 3 4 13 14 15 16 9 12 11 10 5 6 7 8
4
9 10 11 12 1 2 15 16 13 14 6 4 5 3 7 8
2
1 4 3 2
2
3 2 1 4
4
1 2 3 4 13 14 15 16 9 10 11 8 5 6 7 12
4
13 14 11 12 1 2 5 4 9 10 15 16 3 6 7 8
3
6 5 3 4 1 2 7 8
4
6 11 8 16 2 9 10 4 13 1 12 3 5 14 15 7
3
1 2 7 8 5 6 3 4
2
1 3 2 4
1
1 2
4
9 10 11 12 13 14 15 16 3 5 7 8 1 2 4 6
3
5 6 2 8 3 4 1 7
4
13 14 1 9 2 10 11 12 15 16 3 4 5 6 7 8
4
13 14 1 2 5 9 7 8 6 10 11 12 15 16 3 4
4
9 10 11 12 13 14 15 16 1 2 3 4 7 8 5 6
3
5 8 7 6 3 4 1 2
2
2 4 1 3
4
9 10 11 12 5 6 15 2 1 16 3 4 13 14 7 8
2
3 4 1 2
1
1 2
4
3 16 5 8 4 15 9 12 7 10 14 13 1 11 2 6
3
1 6 5 2 7 8 3 4
1
2 1
1
2 1
1
1 2
4
9 10 14 12 5 6 7 8 1 2 3 4 13 11 15 16
3
6 5 1 7 4 2 3 8
4
1 2 3 4 5 6 7 8 9 10 11 12 13 14 15 16
4
5 6 10 12 13 14 15 16 9 11 7 8 1 2 3 4
1
2 1
2
3 4 1 2
4
1 2 3 12 13 14 15 16 9 10 11 4 5 6 7 8
3
1 2 5 8 7 6 3 4
2
3 2 1 4
1
2 1
4
9 10 15 16 1 6 7 8 5 2 3 4 13 14 11 12
2
4 3 1 2
3
8 7 1 6 2 3 5 4
4
5 6 7 8 9 10 11 12 1 2 3 4 13 14 15 16
3
5 6 2 4 1 3 7 8
3
3 4 7 8 1 2 5 6
4
9 10 11 12 7 2 3 4 13 14 15 16 5 6 1 8
4
1 2 3 4 5 6 7 8 9 10 11 12 13 14 15 16
4
9 10 11 12 13 14 7 16 5 6 15 8 1 2 3 4
4
9 10 11 12 13 14 15 16 1 2 3 4 5 6 7 8
1
2 1
2
2 1 3 4
4
1 8 3 4 13 14 15 16 9 10 11 12 5 6 7 2
4
15 14 13 16 5 6 11 12 1 2 3 4 9 10 7 8
3
1 2 3 4 5 6 7 8
1
2 1
3
3 2 7 5 6 4 1 8
1
2 1
4
1 16 3 4 13 14 15 2 9 10 11 12 5 6 7 8
4
9 10 11 12 7 8 5 6 1 14 3 4 13 2 15 16
2
2 4 1 3
4
1 2 3 4 13 14 15 12 9 10 11 16 5 6 7 8
3
5 6 2 1 7 8 3 4
4
13 14 11 12 5 6 7 8 1 2 3 4 9 10 15 16
4
1 2 3 10 13 14 15 16 9 4 11 12 5 6 7 8
2
3 2 4 1
4
11 16 8 1 3 10 15 13 5 4 9 7 14 6 12 2
1
2 1
3
5 8 2 6 4 3 1 7
4
13 14 11 12 1 2 4 3 9 10 15 16 5 6 7 8
4
1 2 3 4 13 14 15 12 9 10 11 16 5 6 7 8
3
3 5 7 8 1 2 4 6
4
13 14 11 12 9 2 15 16 1 10 3 4 5 6 7 8
4
5 9 10 7 12 2 15 3 6 11 13 4 1 14 16 8
4
1 14 3 4 13 2 15 16 9 10 11 12 5 6 7 8
2
3 4 1 2
2
1 4 3 2
1
2 1
1
2 1
3
2 7 6 4 5 1 3 8
4
10 11 16 9 7 12 14 8 15 4 13 5 3 6 2 1
1
2 1
1
2 1
4
1 2 3 12 13 14 15 16 9 10 11 4 5 6 7 8
2
3 2 1 4
3
1 2 7 5 8 6 3 4
2
1 2 4 3
4
3 4 11 12 1 2 9 10 13 15 14 16 5 6 7 8
3
8 3 6 4 2 5 7 1
4
1 2 3 10 13 14 15 16 9 4 11 12 5 6 7 8
2
2 4 3 1
3
5 6 1 3 7 8 2 4
4
5 14 8 11 3 6 12 4 16 15 9 13 1 10 2 7
4
11 10 9 12 13 14 7 8 5 6 15 16 1 2 3 4
4
1 2 3 4 5 6 7 8 9 10 11 12 13 14 15 16
4
1 2 3 4 13 14 15 6 9 10 11 12 5 16 7 8
3
1 2 3 4 7 6 5 8
1
2 1
2
3 4 1 2
1
2 1
1
2 1
4
7 8 11 12 13 1 15 16 14 2 3 4 5 6 9 10
1
2 1
1
2 1
4
1 2 3 4 13 14 15 16 9 6 11 12 5 10 7 8
1
1 2
4
1 10 3 4 13 14 15 16 9 2 11 12 5 6 7 8
4
9 10 11 12 5 6 7 14 1 2 3 4 13 8 15 16
4
6 5 13 14 7 8 15 16 1 2 3 4 9 10 11 12
4
9 10 5 6 1 2 3 4 14 13 15 16 11 12 7 8
4
1 2 3 12 13 14 15 16 9 10 11 4 5 6 7 8
1
2 1
1
2 1
1
1 2
4
5 6 7 8 9 10 11 12 1 2 3 4 13 14 15 16
2
4 1 2 3
4
1 2 3 4 13 14 15 6 9 10 11 12 5 16 7 8
4
1 2 3 4 13 14 15 16 9 8 11 12 5 6 7 10
3
5 6 1 2 7 8 3 4
1
1 2
3
1 2 8 7 5 6 3 4
4
9 1 14 6 5 7 8 13 15 10 4 3 2 16 11 12
1
1 2
2
4 3 1 2
4
1 16 3 4 5 6 7 8 9 13 11 12 10 14 15 2
2
1 2 3 4
3
5 6 1 2 7 8 3 4
1
2 1
2
1 4 3 2
4
1 2 14 16 5 6 7 8 9 10 11 12 13 15 3 4
4
9 10 11 12 1 2 3 4 13 14 6 16 7 8 5 15
2
1 4 3 2
1
2 1
2
3 4 1 2
1
2 1
4
16 6 11 12 13 14 15 5 9 10 7 8 1 2 3 4
4
1 2 3 4 13 12 15 16 9 10 11 14 5 6 7 8
4
1 2 3 4 13 14 15 16 9 8 11 12 5 6 7 10
3
1 2 7 8 4 3 6 5
3
5 6 8 4 1 2 7 3
4
1 4 3 2 13 14 15 16 9 10 11 12 5 6 7 8
2
1 2 3 4
4
1 2 3 4 13 6 15 16 9 10 11 12 5 14 7 8
2
1 3 2 4
1
2 1
3
5 6 8 2 7 1 3 4
1
1 2
1
1 2
4
1 2 3 4 13 14 15 16 9 8 11 12 5 6 7 10
1
2 1
4
1 2 3 13 7 8 5 6 4 14 15 16 9 10 11 12
2
2 4 1 3
2
1 4 3 2
2
3 4 1 2
2
4 3 1 2
4
9 10 11 12 13 14 5 2 1 6 3 4 15 16 7 8
2
4 3 1 2
2
1 3 2 4
1
2 1
4
13 14 11 12 4 2 3 1 9 10 15 16 5 6 7 8
1
2 1
4
1 2 3 4 5 6 7 8 9 10 11 12 13 14 15 16
4
12 10 9 8 4 15 11 5 3 6 2 13 1 16 7 14
1
1 2
3
7 6 5 8 1 2 3 4
1
2 1
4
9 10 11 12 5 6 16 8 1 2 3 4 13 14 15 7
4
9 10 11 12 5 6 15 16 1 2 3 4 13 14 8 7
4
1 2 5 6 15 16 7 8 9 10 11 12 13 14 3 4
2
3 4 1 2
3
5 6 1 2 3 8 7 4
1
2 1
4
1 14 15 16 9 10 11 12 13 2 3 4 5 6 7 8
4
10 2 11 12 9 1 3 4 5 6 7 8 13 14 15 16
4
15 9 10 13 3 1 4 16 11 2 14 7 5 6 8 12
4
1 2 3 10 13 14 15 16 9 4 11 12 5 6 7 8
2
4 2 1 3
3
1 2 7 8 5 4 3 6
4
1 2 4 3 13 14 9 10 15 16 11 12 5 6 7 8
1
2 1
1
2 1
2
3 2 1 4
4
5 6 13 8 1 2 3 4 9 10 11 12 7 14 15 16
1
2 1
4
12 6 15 1 8 4 3 7 14 11 10 13 9 2 16 5
4
13 14 11 12 9 10 2 16 1 15 3 4 5 6 7 8
2
1 4 3 2
3
1 2 5 7 3 4 6 8
3
2 3 8 6 5 1 4 7
3
5 2 1 6 3 4 7 8
4
1 2 3 4 13 14 15 16 9 12 11 10 5 6 7 8
1
2 1
2
1 4 3 2
4
1 14 3 4 13 2 15 16 9 10 11 12 5 6 7 8
