10
5 10 4
1 5 404866 618877
3 1 260313 705770
1 1 493015 891261
4 3 482291 998639
3 2 612749 692194
5 4 196538 705548
1 1 574829 955454
3 5 297401 314739
5 1 322356 857227
5 4 89504 202859
1 10 4 5
4 5 3
1 2 100 1000
1 3 500 5000
3 2 400 600
3 4 500 5000
4 2 1 10000
2 4 5
20 20 6
4 5 499656 573163
16 15 521995 698768
5 8 207175 212433
15 16 94994 429641
10 12 22086 324706
2 5 397093 588723
3 5 362682 792936
17 15 527502 613837
5 12 517991 680814
16 2 548373 813965
19 16 233877 340405
20 16 385069 430260
14 19 332858 624689
20 4 199474 753699
17 17 530413 542071
16 5 246217 855552
2 7 741397 873241
13 14 106088 283911
17 8 138306 923083
1 14 249440 613830
20 13 11 2 4 10
2 1 1
1 2 5 1000000
1
3 3 2
1 3 1 1
3 2 1 1
1 2 1 2
1 2
5 10 3
4 2 945430 962581
4 1 326976 577252
4 1 730829 901626
2 3 658936 734954
1 4 690656 941789
1 3 253323 420496
1 5 3953 13163
3 4 640207 825429
1 3 425821 537606
1 1 33039 146009
9 8 1
6 8 4
1 5 3 15
3 2 1 1
5 2 4 5
1 6 10 20
4 2 6 15
2 3 1 1
1 4 2 5
6 2 10 20
4 8 6 2
5 6 3
1 3 1 1
4 2 1 9
1 4 1 1
3 5 2 2
5 2 2 2
3 4 1 2
1 6 2
20 20 6
10 17 147623 618178
16 11 492587 718488
7 20 226079 768667
1 12 232739 510905
9 14 111165 989723
19 18 87483 629034
1 5 336119 470322
20 6 49497 202360
7 12 547219 848791
17 13 13761 902605
16 10 62689 967599
11 10 343719 436693
5 10 238813 901362
6 5 190057 635822
5 8 599197 783701
17 2 89153 688827
10 16 558373 670253
10 5 293634 472840
11 2 190601 446905
18 15 284399 327530
7 13 17 11 1 16
20 20 10
8 16 446700 459697
2 15 681214 968854
8 13 234763 263448
6 16 637931 726231
4 2 875075 957275
17 16 819617 963841
3 8 725726 967758
15 4 987955 995940
18 5 133210 144081
8 20 231390 792616
12 15 180870 210582
1 14 983149 991813
11 15 501442 677040
14 3 818452 868208
18 13 243447 459444
11 17 657523 794759
16 17 720696 943411
12 17 23289 122037
16 11 324276 415045
20 6 764134 797803
12 14 7 10 20 4 19 13 8 5
