100
1 34155
1 34080
2 457 324
1 28940
2 134 289
1 20873
1 11829
2 565 407
2 658 1061
1 47830
1 22660
1 19560
1 2166
1 28402
1 63742
1 56219
2 620 227
2 631 497
2 127 224
2 515 288
1 10159
1 53526
1 3732
2 824 223
2 463 204
1 21629
1 28839
1 22685
2 269 195
1 52564
2 87 190
2 438 599
1 37789
2 667 470
1 12474
1 1751
2 166 113
2 363 130
2 509 361
2 116 205
1 27130
2 386 305
1 32014
2 179 578
2 901 330
2 111 478
2 43 141
2 542 201
1 23540
1 49538
2 1364 987
1 6939
1 9394
2 128 81
1 29920
1 49020
2 566 199
2 37 62
2 177 464
2 76 409
1 5641
2 95 514
1 9993
2 301 186
2 73 172
2 543 397
2 27 199
1 42125
1 28314
2 899 633
2 951 598
1 60478
1 49618
2 200 337
2 596 419
1 55646
1 3814
1 60162
2 193 162
2 459 253
1 52270
2 499 320
1 60677
2 151 123
2 238 543
2 585 316
1 8892
1 21125
2 519 187
1 20088
2 277 116
2 288 523
1 11053
1 63670
2 293 540
2 733 425
1 40272
2 875 339
1 31772
1 40342
