100
5
1 2 3 4 5
3
3 5 6
2
5 6
2
5 5
15
145670 454928 770784 705514 731959 433515 800021 532902 80154 455946 47888 932963 947079 335351 937696
15
309406 768019 203870 178461 188595 347005 626322 963316 210834 956101 555400 901153 818019 160422 648543
3
395517 773501 902528
4
841175 913777 237226 178700
10
902344 126616 553952 968524 609101 717305 774956 507114 289856 75726
9
343269 854172 362999 483564 761502 813819 890457 651507 610221
13
909297 714744 766958 513579 493482 582685 147189 675976 861342 164705 753878 706183 176552
3
595364 219147 675247
10
650831 748750 568214 333741 12528 114030 192829 525284 720107 965910
7
936417 400610 713210 618485 659735 476711 429116
11
1612 7988 8729 472 1982 2488 944 1400 6415 1231 12215
15
4021 5406 4742 3437 4543 1943 5798 2513 1454 2087 4128 9304 5979 9808 1253
5
7107 1905 9981 3906 13581
5
3045 9368 9922 5585 7278
3
800 2980 2180
10
8534 8211 3527 6739 4444 7283 1843 9766 229 14862
6
8008 1437 8910 33 7353 9347
9
1745 3822 4467 2126 1610 8425 5496 2708 6255
3
5847 5844 3
6
8632 5791 2231 3936 4584 8472
14
875 467 4416 200 1544 1063 886 6254 955 5667 9662 1405 7590 5843
15
7368 3795 8885 1042 8338 8425 1161 9154 7841 9147 2816 7384 7797 3483 10912
3
5067 5481 1698
10
522 4781 5107 2036 476 9031 8525 5882 294 4266
15
7671 6886 396 5784 2327 9866 110 2228 8800 1202 3001 3065 8817 6963 10386
4
883 3433 7662 6192
11
819 3151 2038 2678 6666 4437 7566 160 9088 1623 7427
2
5424 9751
8
4253 3816 1944 1804 2660 2176 2940 6009
15
2599 276 2662 8566 1761 6620 929 3525 1696 6165 3703 7739 5182 4038 215
2
4990 9879
6
9299 2583 5816 5754 7210 2886
6
9188 7380 3400 7739 6178 13409
8
977 2115 771 808 6155 8299 8347 4930
15
3350 6914 5956 4762 6895 8909 6960 5092 8615 7461 3745 9790 4035 396 14702
15
5354 7504 6961 987 7957 6280 9654 4792 2779 7698 5530 8726 428 6845 9098
3
4907 6534 2733
9
3389 7106 9882 5064 3955 9689 1775 5627 6675
13
7479 6815 4499 9659 16 4236 4507 7180 2875 1979 4479 6362 5287
8
2051 6421 3895 251 4011 1108 6394 9034
15
1431 8356 7636 2403 4736 1730 3093 5245 3886 3892 7112 6772 1161 5707 7777
12
205 4281 3822 204 745 6701 2672 5192 1628 6157 9351 8828
7
9579 3503 2784 4222 9851 3871 2909
10
7587 7095 6728 4119 4383 9815 4944 7608 3592 15331
7
5219 3990 2098 1614 497 7062 4078
13
8636 7526 7943 9030 9140 8202 8960 3482 9966 8931 8129 8494 5981
10
5181 9312 2869 6449 9340 2656 1568 3106 4420 5076
5
1466 4708 1417 3527 8080
10
6202 2298 9993 2843 9068 2998 5615 5901 5784 114
13
6229 5607 4820 2833 4080 7346 7099 9950 7279 9920 3282 2768 1789
7
5800 8689 1251 1192 4669 2004 617
9
4546 6388 3054 3960 3350 6442 4585 5783 5491
3
7802 9087 15621
12
5711 7408 162 350 5449 5542 1052 7764 981 8926 7965 12274
13
2918 6116 223 7507 1817 502 7605 611 6433 9598 5404 5480 7605
8
519 9846 7283 4780 6676 2512 2328 389
9
1018 1852 3887 4 8096 1616 9066 5702 10033
3
6300 590 6866
15
8289 7100 5841 6188 7448 8765 984 8956 9761 5829 3311 524 3442 359 6451
10
7312 8695 3152 7500 7394 5584 626 8649 5505 4979
13
1161 341 6655 7159 5297 5583 7719 8253 6482 7329 5090 1654 10455
2
1685 5711
14
3005 4916 1889 8429 3608 7170 7357 4498 1150 9647 365 8259 1577 9958
8
4249 5891 6763 6779 661 3710 1896 3081
9
9898 2105 6853 5205 3298 1907 6045 8895 4938
15
2592 3527 8824 799 369 6632 4817 9067 5697 2782 6625 4446 6281 1973 1215
14
8427 1505 1068 8282 7086 4487 8486 8172 8236 9141 8093 21 6400 12430
14
8236 6065 4372 6873 2965 6891 9619 382 3905 8061 1799 3516 8172 3240
5
4007 3646 5094 9931 13492
6
8906 4876 6461 8674 1007 2806
3
1770 627 1177
14
8995 6863 5157 7462 9561 2827 7306 1271 3812 5261 6274 2072 4114 7201
7
8040 2400 3292 6018 1900 8819 10313
6
3196 4539 4495 4049 4150 5039
3
8652 8350 338
8
9632 1298 514 9272 5430 5413 5165 7170
12
5137 7881 6635 8320 7745 1279 4447 6717 7149 4439 5932 16377
5
2685 3037 1478 5987 5844
9
2372 1042 5967 1428 1329 4649 8117 2923 2713
15
8004 5266 755 9478 6046 7086 6668 5567 4106 7635 895 2730 5624 4587 12223
9
1086 1697 46 6659 6418 196 1932 3272 2592
12
1844 4564 5812 7930 1854 2059 7695 6948 3046 2459 4467 349
13
2137 8811 8463 548 7585 7790 5951 2265 4799 9508 6043 9611 4283
10
8205 4711 1397 5500 1994 3070 866 5249 7731 9988
12
7623 2323 6144 9121 6589 3863 7303 8817 4238 2263 3480 7278
4
9617 444 1024 8237
11
8801 9284 1813 7355 2697 6723 529 7669 2069 6527 4577
7
238 3036 2556 9982 453 7708 15337
6
7092 5606 321 2837 2978 4004
9
4564 136 4401 4615 1425 5637 1438 3826 2706
7
877 5656 5990 9415 3080 1150 11938
12
2370 9549 2569 6414 1084 5788 7688 5020 2834 5687 9922 7131
12
5393 9874 2744 8477 305 9397 497 3284 2261 2799 8817 4300
10
6012 587 7648 9665 5193 2001 3019 5756 9641 1680
6
1409 7324 4919 3212 8151 3095
12
7884 2462 4912 8908 2834 908 556 6330 4862 7201 9303 5772
