60
2
10
11
3
001
100
010
4
1110
1100
1100
1000
1
1
39
100000000000000000000000000000000000000
000000000000000000000000000000000000000
001000000000000000000000000000000000000
000100000000000000000000000000000000000
011000000000000000000000000000000000000
100000000000000000000000000000000000000
010000000000000000000000000000000000000
010000100000000000000000000000000000000
100111011000000000000000000000000000000
000010000000000000000000000000000000000
011111000000000000000000000000000000000
100100011010000000000000000000000000000
000000000000000000000000000000000000000
000010000000000000000000000000000000000
110101100000000000000000000000000000000
010000010000000000000000000000000000000
000000000000101000000000000000000000000
000000000000100000000000000000000000000
000010000000000000000000000000000000000
011101111010000000000000000000000000000
010000000000000000000000000000000000000
100000000000001010000000000000000000000
000100000110000000000000000000000000000
010000010000000000000000000000000000000
010000000000000000000000000000000000000
010000000000000000000000000000000000000
111011111110101111111111000000000000000
000010100000000000000000000000000000000
111110111000000000000000000000000000000
111010111111101000000000000000000000000
111000101110011001010110100000000000000
011011011001110000000000000000000000000
000000000000000000100000000000000000000
000101001111100000000000000000000000000
000100000000000000001000000000000000000
000001101000001100000010000000000000000
001011010000000100000000000000000000000
000000000000000000000000000000000000000
110111101011110111011111110000000000000
40
1000000000000000000000000000000000000000
0100000000000000000000000000000000000000
0000000000000000000000000000000000000000
0010000000000000000000000000000000000000
0001000000000000000000000000000000000000
0000000000000000000000000000000000000000
0000000000000000000000000000000000000000
0001100000000000000000000000000000000000
0100000000000000000000000000000000000000
0100000000000000000000000000000000000000
0000000000000000000000000000000000000000
0000000000000000000000000000000000000000
0000001001000000000000000000000000000000
0011111111111000000000000000000000000000
0000000000010000000000000000000000000000
0111111000000000000000000000000000000000
0010000100001000000000000000000000000000
0111111111100000000000000000000000000000
0111100000000000000000000000000000000000
1000000000000000000000000000000000000000
1101110010101111111000000000000000000000
0011110000001000100000000000000000000000
1101101100000000000000000000000000000000
1000000000000000000000000000000000000000
1111101100000000000000000000000000000000
0000000000000000000000000000000000000000
0100000000000000000000000000000000000000
0100010000000000000000000000000000000000
1101111100000000000000000000000000000000
1111101111100000000000000000000000000000
0110111101111110000001000000000000000000
1011011011110101101111011000000000000000
1001000000100001000001000000000000000000
0000011000000000000000000000000000000000
1011011101010011001011101111001111100000
1000000001000000100001001000000000000000
0000000000000000000000010000000000000000
1010010101010001100000000000000000000000
0000101000000000000000000000000000000000
1101101000101101000100101000000000000000
2
01
00
40
0000000000000000000000000000000000000000
0000000000000000000000000000000000000000
0100000000000000000000000000000000000000
1000000000000000000000000000000000000000
0010000000000000000000000000000000000000
1110111000000000000000000000000000000000
0001000000000000000000000000000000000000
0111101000000000000000000000000000000000
1110100000000000000000000000000000000000
1010000000000000000000000000000000000000
0000000000100000000000000000000000000000
1000101010010000000000000000000000000000
0010001000000000000000000000000000000000
0000000000000000000000000000000000000000
0111000000000000000000000000000000000000
0111110101110000000000000000000000000000
1011110000000000000000000000000000000000
1111101000000000000000000000000000000000
1000000000000000000000000000000000000000
0011111011111100000000000000000000000000
0000010000000000000000000000000000000000
0001011011111101111100000000000000000000
1110000100000000000000000000000000000000
0010110111000000000000000000000000000000
0000000110000001000000010000000000000000
0000000000000000000000000000000000000000
0010000000000000000000000000000000000000
1111101010000000000000000000000000000000
1100100110101111001000100000000000000000
1111111111100111111111100000000000000000
0010000010000000000000000000000000000000
0000100010001000100000110000000000000000
0000000000011000000000000000000000000000
0001000000000000000000000000000000000000
0101000100010000010101000111000000000000
0000000000111000000000000000000000000000
0000000000000001000000000000000000000000
1010000001101001010000111001000000000000
1110001011011000000001001100001100010000
0010000000000000000000000000000000000000
20
00000000000000000000
00000000000000000000
00000000000000000000
00000000000000000000
00000000000000000000
00000000000000000000
00000000000000000000
00000000000000000000
00000000000000000000
00000000000000000000
00000000000000000000
00000000000000000000
00000000000000000000
00000000000000000000
00000000000000000000
00000000000000000000
00000000000000000000
00000000000000000000
00000000000000000000
00000000000000000000
1
1
2
10
01
20
10000000000000000000
01000000000000000000
00100000000000000000
00110000000000000000
11001000000000000000
10100100000000000000
00000010000000000000
01000011000000000000
10000000100000000000
00010000110000000000
01111100111000000000
10001100001100000000
10111100001110000000
01000001111111000000
00000110100010100000
00000000000000010000
10111010101111111000
01111110101100010100
11011101110111011110
00001100011000100001
39
100000000000000000000000000000000000000
010000000000000000000000000000000000000
011000000000000000000000000000000000000
010100000000000000000000000000000000000
001110000000000000000000000000000000000
101001000000000000000000000000000000000
001010100000000000000000000000000000000
011101110000000000000000000000000000000
000010101000000000000000000000000000000
011101100100000000000000000000000000000
001101001010000000000000000000000000000
001001110001000000000000000000000000000
000000001000100000000000000000000000000
111000110011110000000000000000000000000
110010111011001000000000000000000000000
101111111111111100000000000000000000000
000001000001110110000000000000000000000
111111111101101111000000000000000000000
101111010010110001100000000000000000000
000101000000000000010000000000000000000
111111111101111111111000000000000000000
000000000001001110000100000000000000000
000000000000000100000010000000000000000
111011001011111110110111000000000000000
010000000000000000000000100000000000000
111111101011111110111111110000000000000
100011000000010111110100001000000000000
111111101011111011011111011100000000000
000000000000000000000000000010000000000
110101111111111111111001011111000000000
111111011011001111101111011110100000000
101000011110011011001011011000010000000
110001101110111111110101010100011000000
110000111111101111101101101110111100000
110110111111100111010011111011101110000
111101101110111110101111101101001111000
000100000000010010011000001001101010100
100001001000001100010000010010101101110
100110001000100001001000100111100110111
40
1000000000000000000000000000000000000000
0100000000000000000000000000000000000000
1010000000000000000000000000000000000000
0001000000000000000000000000000000000000
0001100000000000000000000000000000000000
1011010000000000000000000000000000000000
1000001000000000000000000000000000000000
0000000100000000000000000000000000000000
1110010010000000000000000000000000000000
0011111111000000000000000000000000000000
1101100010100000000000000000000000000000
1110010110010000000000000000000000000000
1111110100111000000000000000000000000000
0010000111111100000000000000000000000000
0010010010110010000000000000000000000000
0111100011110001000000000000000000000000
1111111111110111100000000000000000000000
1100001010000000010000000000000000000000
1010111011010111111000000000000000000000
0000000000000000000100000000000000000000
0011100101101110011110000000000000000000
0000010010000100001001000000000000000000
1000001000110000101001100000000000000000
0010110110111110000100110000000000000000
0000111001100000101000001000000000000000
0100000010101100000000000100000000000000
0000000000100000000000100010000000000000
1111101110110011111011101011000000000000
0011100110001101101000100010100000000000
0000001000000000100000000000010000000000
0000000000000011010000000000001000000000
1011001111011011100101111111110100000000
0011111000010000011100100001100010000000
1101000110100000001110010100011001000000
1111111111111110001111101111111110100000
1001111111001100111111111101001101110000
0000000000000000001000000000000100001000
0011100101111011000110010010011101011100
0000000100001000000000000000000000000010
1001111111100100101011100110001000001101
24
111010000000000000000000
011101000100000000000000
100111101000110100000000
111110111111111111111110
011011111111110000000000
011000110000100000100000
011101100000000000000000
000101001001101111010001
111011011111111111111000
000000000001000000000000
010000000000000000000000
111111101010000000000000
011011101011111101110000
100011010001001011000000
001000011000000000000000
101111111110100000000000
011111000000000000000000
111111011111101100111100
000100000010011000000000
001000000000000000000000
000100000000000000000000
100000000000000000000000
000000010000000000000000
011001000100010110000000
24
111111101111000000000000
111111111001010000000000
001111111111111111100000
110000110111101100000000
110101110000000000000000
011101110101110011001000
100110001000000000000000
110110011110101010001100
000000000000000010000000
001000000000000000000000
101010000000000000000000
000000000000001000000000
101100100101011010011110
000011001110000000000000
110001100000000000000000
100000000000000000000000
010011000000000000000000
000000000001100000000000
000100000000000000000000
000010011100000000000000
010000000000000000000000
010110100100001000010001
011010111111111111000000
001001000001110100010000
24
000000000000000000000100
111010011011111000000000
000100000000000000000000
000000100000000000000000
111010000000000000000000
100001000000000000000000
001000000000000000000000
001000011010000010110000
101010000101100000000000
111110100100111100000000
111110111011101101000000
111001100000110110111000
010000000000000000000000
111010110101110000000000
001110111001010110000000
000001000101000000000000
101111111000000000000000
011000000000000000100000
110100101011100110101110
100000000000000000000000
111110110000000000000000
000000000100000000000000
000000000100000110000001
000101001010000000000000
20
00001000000000000000
00001000011011000100
11001100000000000000
00100000000000000000
10111101100000000000
11101100011001001110
01001011110001010000
11111011101111101101
00000010000000000000
01110101000000000000
00110000000000000000
01110101000011001000
01001011000110000000
10000010010000000000
01000000000000000000
11111111110111100000
00000010000100000000
00110100001001000000
00100100111000000000
10000000000000000000
21
000000110010100000001
111100111110000000000
010000000000000000000
000000000100000000000
110011000000000000000
101000000000000000000
011100000000000000000
100010100010010000000
101010000000000000000
110010010110010001000
011011010000000000000
000000001000000000000
011111001111111101110
010010010100101101100
001000100000000000000
111111110111111110000
000001101100011000000
011010110011110100000
111111010110100000000
100000000000000000000
000000000001000000000
23
10110000000000000000000
00100000010001001000000
11111000111110100000000
10111110100000000000000
10001000000000000000000
00000000000011000000000
10100110110111011101011
10100000000000000000000
10011110110101010111000
10000011000000000000000
10000000000000000000000
11000111011000000000000
11101101101001110110000
10111011010000000000000
00000010000000000000000
11111110111111110000000
00000000010000000100000
01000000000000000000000
00000000000100000000000
00000100000000000000000
00011010010010100000110
10111111110110111111100
11011111110010000000000
24
100000000000000000000000
001101001000001000110000
000110000000000000000100
110100010010111000000000
111110101100000000000000
000100000000000000000000
111111111110100000000000
110111111111101011111010
000001000000010000000000
111100111000111110111000
000110000000000000000000
111111111111111101100000
011000101100001100111111
010000000000000000000000
001000000000000000000000
000001100000000000000000
110111010000000000000000
000011000110000000000000
111100010000000100000000
110011111011000000000000
000011000000000000000000
110000001000000000000000
000001000000000001000000
000100110000010010000000
24
011111100101100110011100
111011000000000000000000
110001000100000000000000
111011111111001101000000
010101010010000000000000
010010110110001000000000
011011000000000010100000
100000000000000000000000
001000100000000000000000
000000000000000010000000
110100000000000000000000
010100010010010000000000
011001000110010100000000
000000000000000000000001
010001000001011000010000
111010110000000000000000
101000000000000000000000
110111101000000000000000
010000000000000000000000
111110101100111111110010
000000000001000000000000
000010000000000000000000
111111011110110110111000
000000000000100000000000
22
0001100000000000000000
0001001000001001000000
1100111001000000000000
1111011000000000000000
1101111110000000000000
0010000000000000000000
0111101111100111011000
1001110100000000000000
0110110111111111100000
1111111111010111110100
1101000000000000000000
0000010000110110000000
1101011111000100000000
1000000000000000000000
0010111011100100011011
1101110000000000000000
0000000000100110000010
1100000000100000000000
0100000000000000000000
1111110011111011110000
0111111101010000000000
0000000000001000000000
22
0001100000000000000000
1001100010000000000000
0100110000000000000000
0100111100000000000000
0000000001010000000000
0110000101001010110000
1100101001111000000000
0010000000000000000000
1000000000000000000000
1111010010111001101000
0100000000000000000000
1010111101010001000000
0000000001100000000000
1000011011000000000000
1010010111000000111001
1100111001101101001100
0111001000000000000000
1101000000000000000000
1110011111111100000000
1011010000011000100000
1110111001111110000000
1010000100000011010110
40
0000010000011000000011001001000001000000
0100001010001010000100000000000000000000
0110101101111101111100101010110011100000
1111111111110111111111011110000000000000
1000000000000000000000000000000000000000
1100010010000000111110000000000000000000
0000010001111101110000000000000000000000
0000001010000000000000000000000000000000
0100000000000000000000000000000000000000
1100001000000100100111000000000000000100
0111111100000000000000000000000000000000
0110011111111111111000000000000000000000
1000010000000000100100000000001000001000
1111111011010111010011111111000000000000
1111111111011111111101110000000000000000
1111110111100010000000000000000000000000
0000000000000010000011000000000000000000
0000000000000000100000000000000000000000
1101101110010000111010001011100000000000
1010000000000000000000000000000000000000
0000000100000010000000000110100100000000
1111111111111111111111111111101000000000
1111101000000000000000000000000000000000
1010110010111101111110100110110000000000
0000000000000001000000000000000000000000
0001100110010000000000000000000000000000
0000000001000000000000000000000000000000
0110010100000100000000000000000000000000
0111011011100000000000000000000000000000
0010110000000000100010100000000010000000
1110111100001111100011101111111011111011
1111111111111111111110111111111100100110
0000010000000000000000100000000000000000
0000001000001110100011111001111100010000
1111111111101000000000000000000000000000
0111000000000000000000000000000000000000
0010110000000000000000000000000000000000
1110101110011011101111111100000000000000
1100100000000000000000000000000000000000
1000011001101011111111111000000000000000
40
1011111101111111011011110111111111110000
0111010000000000000000000000000000000000
0100000000000000000000000000000000000000
1100010100000000000000000000000000000000
1000000000101000000000000000000000000000
1111111110111100000100000000000000000000
0011110011110001011001111100000000000000
1111111100111100000000000000000000000000
0000000010000000000011101000000000000000
0010011000000000000000000000000000000000
0000000000000010000000000000000000000000
0000100000000000000000000000000101000000
0100000100010011000000000000000000000000
0000000000000000000110000000001100001000
1111111111111111111111110111000000000000
0010000000100000001100000000000010000001
0000000010000000000000000000000000000000
0000000000000000000000000000000100000000
1111111111111011111111101111111111100000
1000000000000000000000000000000000000000
1000000000000000000010000000010000000000
0100111011100010111111010111011010011100
1010000010100010010110010100100100110010
0001100000000000000011000000000000000000
1000110101000111100000100000000000000000
1010000000000000000000000000000000000000
0000000000000000000000010000000000000000
0000100000000000000000000000000000000000
1111011011001110011100101010000000000000
0000000000000000001000000000000000000000
1001000000000000000000000000000000000000
1011111001111011101110000000000000000000
0101110110100000000000000000000000000000
1101111010000111011110111011111000000000
0100000000001001010010000000100000000000
1011101101000000000000000000000000000000
0001000100000000100000000000000000000000
1111101111110000000000000000000000000000
0110110001100011110000000000000000000000
1101110111111111111111111111111110000000
40
1111100101111111101111011001011100000000
0110011011110110101011110011011101010111
0000000000000000100001001000001010000000
1000000000000000000000000000000000000000
1111111101010111111111101101111111111000
0111100111101011111011000000000000000000
0000000000000100000000000000000000000000
0101010010101111111000000000000000000000
0111010000000000000000000000000000000000
0010000000000000000000000000000000000000
0101100100000000000000000000000000000000
1111111111111111111110111000000000000000
0100000000000000000000000000000000000000
1111011011111011010011110000111111100000
1111100010111100101011111100000000000000
1111111111111111111111011111000000000000
0011000010000000000000000000000000000000
0011100101111111001111110110000000000000
0101001111011101110000000000000000000000
1100101000000000000000000000000000000000
0110000000000000000100000000001000000010
0110100000000000000000000000000000000000
1010110110000110000000000000000000000000
0111000011000000000000000000000000000000
1000100000000001000100000101110000001100
1011000000000000000000000000000000000000
1110101010101000000000000000000000000000
1010110101100010000010000000000000000000
0000010000000000000000000100100101000000
1111101111111111111110111100111111110000
1000000000000111000000000000000000000000
0000000000000000000000000000010000000000
1000111110110001010100000000000000000000
1111101101101111100000000000000000000000
0010010100100000001011100000000000000000
1000101000100001010000010000000000000000
0111111111101111110101111111100000000000
0010000100110000000000000000000000000000
1110001010100000000000000000000000000000
1101110010101000100011001111001000000000
2
01
10
20
00101001000000000001
00001000000110101010
00101010100010010100
00010010010101101000
01000010000100110000
00011001000001100000
00000100100001000000
11101111100010000000
10100000001100000000
00011000001000000000
11110100110000000000
11111101100000000000
10010001000000000000
00000010000000000000
00100100000000000000
00011000000000000000
10110000000000000000
10100000000000000000
01000000000000000000
10000000000000000000
39
000010011100110110101111101110100110111
101111111111111101111111100111111101110
111101010100011011001101100110111100100
111111111111101111111111111111111111000
001000010010000000100000000000010010000
001110101011011110101011111011010100000
000010011111010100001100000101101000000
100001000000000010001000000000010000000
111011011111111101101101101111100000000
111111111111110001111111111011000000000
111101110111111111111111111110000000000
111111111111111111111110111100000000000
010010101110101011100110111000000000000
010110001000000010000010110000000000000
101001101000101110010111100000000000000
000000010000000000000001000000000000000
010101000000111100100010000000000000000
111111011010110111111100000000000000000
111110110011111111111000000000000000000
100000000000100000010000000000000000000
110111111101101110100000000000000000000
001101000000000001000000000000000000000
001011000000011110000000000000000000000
001000000000000100000000000000000000000
100111011111101000000000000000000000000
000001000000010000000000000000000000000
000000000000100000000000000000000000000
110010011001000000000000000000000000000
001011000110000000000000000000000000000
000000000100000000000000000000000000000
000001001000000000000000000000000000000
111011010000000000000000000000000000000
000000100000000000000000000000000000000
001001000000000000000000000000000000000
010110000000000000000000000000000000000
010100000000000000000000000000000000000
101000000000000000000000000000000000000
010000000000000000000000000000000000000
100000000000000000000000000000000000000
40
0011000000000010000000000000000000000011
1111111110111011011101111111111111111110
1101111010100101110111111111110011111100
1110000000001001000100011110110000001000
1000000000100000000100000010000010010000
0000000000000000000000000000000000100000
0000100000000100100001000010000011000000
1011111111111111111111111111111110000000
0101011111101101011100110110110100000000
0001110011110110001110110010111000000000
0010000101000000000000010000010000000000
0100000011000010000100110010100000000000
0000001000110000000010100001000000000000
1111011110111011111111111110000000000000
1100110110111111110111100100000000000000
0010000000010000000000001000000000000000
0000000000010000100000010000000000000000
0100101000100000010000100000000000000000
0000000000101010000001000000000000000000
1111111101111111111110000000000000000000
1101011101110101111100000000000000000000
1100001100111001111000000000000000000000
1111000011010001010000000000000000000000
0000000100000000100000000000000000000000
0001000000010011000000000000000000000000
0110111111111110000000000000000000000000
1111111011111100000000000000000000000000
0001011000101000000000000000000000000000
0000000000010000000000000000000000000000
0100110010100000000000000000000000000000
1011011111000000000000000000000000000000
0000011110000000000000000000000000000000
1110110100000000000000000000000000000000
0101001000000000000000000000000000000000
0100010000000000000000000000000000000000
0001100000000000000000000000000000000000
0001000000000000000000000000000000000000
0010000000000000000000000000000000000000
0100000000000000000000000000000000000000
1000000000000000000000000000000000000000
9
010000000
001010000
100000000
100000000
101110000
100000000
010010000
001000000
000100000
9
100000000
000110011
010011010
000000100
100111000
001000000
100100000
101110000
010000000
9
110011000
010000100
010000000
100000000
111000111
110100000
000010000
000000010
001000000
9
010000000
011100000
000000000
000000000
000000000
010001000
001100011
000110000
010000000
9
110001010
111100111
100000000
001100000
000001000
010000000
101000000
100000000
001000000
9
101001111
100000000
100100000
000010000
001000000
010000000
111101000
010010110
011000000
9
100000000
100000000
010110001
000010000
001110000
010000000
101110000
000001000
010000000
9
000000110
001000000
100000000
100000000
100001000
001111111
110100000
000010000
111101100
9
110100000
000010100
010000000
001001000
001110000
101110110
101000000
111110111
100000000
9
010001100
011100000
010000000
111011100
100000000
000010000
011000000
011101000
000001000
9
100000000
000000000
010000000
001000000
010100000
100000000
000010010
010000000
110011101
9
001010000
010000000
000001000
111110010
111000101
000000000
100000000
101010100
011000000
9
001100000
100000000
000011000
100010000
010000000
001000000
000100010
111101111
000000100
9
000000100
011000000
100010000
100000000
101100000
101100011
000000010
010000000
100101000
9
000000000
101000000
000010000
100101011
000001000
111101000
000000100
000100000
010000000
9
000001100
001101010
010100000
000000000
111111101
011000000
100000000
000000000
001100000
9
000101000
100000010
111011111
010000000
010000000
100000000
100010000
100000000
110100100
9
111101000
001000010
010000000
010100000
000000000
101000000
001000001
011010000
001100100
9
010010000
100100000
010000000
111100101
100000000
000001000
001000000
010111100
100000000
9
001000000
011110010
100000000
011110000
110100000
000100000
111110100
100100101
010000000
40
0100111010101010000000000000000000000000
1101111000100100100101000000000000000000
0000110001000010000010000000000000000000
0011000000000000000000000000000000000000
1111111111011111101110000000000000000000
0111000000000000000000000000000000000000
0000000011111100101011000000000000000000
1010100000010000001000000000000000000000
0101001110000001010001100100000000000000
0010010100000000000000000000000000000000
0000001000000000000000000000000000000000
1011100000000000000000000000000000000000
1000001000000000000000000000000000000000
0000101000001010100111101100000000000000
0010111110100010011000110110000000000000
0001110000000000000000000000000000000000
1001010000000000000000000000000000000000
0111111111111111110000000000000000000000
0000000000010000000000000000000000000000
1011101111110010000000000000000000000000
0001000000100000000000000000000000000000
0000000000000000010000000000001000100100
1000000001000000000000000000000000000000
1010000000000000000000000000000000000000
1110000100010000000000000000000000000000
0100000000000000000000000000000000000000
1010000000000000000000000000000000000000
0100000000000000000000000000000000000000
1000000000000000000000000000000000000000
1000000000000000000000000000000000000000
0100100000000000000000000000000000000000
1000000000000000000000000000000000000000
0100001100001100000000000000000000000000
0100100000000000000000000000000000000000
0000010010001111000000100000000000000000
1000000000000000000000000000000000000000
0100000000000000000000000000000000000000
0001001111010001000110000000011000000000
1100110111000000000000000000000000000000
0010010110000010001000000000000000000000
40
0000000001000000010000000000000000000000
1000000000000000000000000000000000000000
1001011011111111110011011000000000000000
1000000000000000000000000000000000000000
1000000000000000000000000000000000000000
0110111101001001000000000000000000000000
0111111011100000000000000000000000000000
1010000000000000000000000000000000000000
1101000000000000000000000000000000000000
0010100100000100101001100000000000000000
0110110001100111100000000000000000000000
1101111110010111101111100000000000000000
1010000000000000000000000000000000000000
0000011000010000100000000001100101000000
0001000000000000000000000000000000000000
0000100000000000000000000000000000000000
0101110000000000000000000000000000000000
0110100000000000101101111010011101000000
1001000000000000000000000000000000000000
1100011110101111011101100000000000000000
0000000110010001000000000000000000000000
0100000000000000000000000000000000000000
0011111110000000000000000000000000000000
0000100000000000000000000000000000000000
1000000000000000000000000000000000000000
0000000001000000000000000000000000000000
0001000000000000000000000000000000000000
1000100011100100101100000000000000000000
0000000100000000000000000000000000000000
1000000000000000000000000000000000000000
0101001010000000110000000000000000000000
1000000000000100000011001000010001000000
0001000000000000000000000000000000000000
0010000000000000000000000000000000000000
1001000000000000000000000000000000000000
0011010000000000000000000000000000000000
1000000000000000000000000000000000000000
0001000000000000000000000000000000000000
0000100000000000000000000000000000000000
0101000000011001011000011010010000000000
40
1000000000000000000000000000000000000000
0010000000000000000000000000000000000000
0100000000000000000000000000000000000000
0100000000000000000000000000000000000000
1101101101101101111110101111111100000000
0000000100000000000000000000000000000000
0000000100100000000000000000000000000000
0100000000000000000000000000000000000000
1111011111100111111111111111001000000000
1010101111111111110000000000000000000000
0010000000000000000000000000000000000000
1111110110000000000000000000000000000000
0011100000000000000000000000000000000000
0100000000000000000000000000000000000000
1011110000000000000000000000000000000000
0000100000000000000000000000000000000000
0010110000000000000000000000000000000000
0000010000010000000000000000000000000000
1101100110100011000000000000000000000000
1111110101110111111101111010000000000000
0100000000000000000000000000000000000000
0010000000000000000000000000000000000000
1010110011110000000000000000000000000000
1000000000000000000000000000000000000000
0111110000000000000000000000000000000000
0000100000001000011000000000000000000000
0001000000000000000000000000000000000000
1000000000000000000000000000000000000000
0100000010100100001110000000000000000000
1011111011111111111111111111010100000000
0010001010000000000000000000000000000000
1101111111000000000000000000000000000000
1101111111100000000000000000000000000000
1111111111110100000000000000000000000000
1000000000000000000000000000000000000000
0111100101000010110000011111000000000000
0100000000000000000000000000000000000000
1010101111100000000000000000000000000000
0001100101000000000001000000000000000000
1111111011111111111110110000000000000000
40
0111011101101010000000000000000000000000
0001000100100000000000000000000000000000
1000110100000000000000000000000000000000
0000100000100100000110111100011000000000
1111101111011110011110000000000000000000
0000000000100100000000000000000000000000
1000000000000000000000000000000000000000
0001000000000000000000000000000000000000
0110101111000110101100000000000000000000
0001000000000000000000000000000000000000
0000000000001000001000000000000000000000
0000000000000010000000000000000000000000
1000000000000000000000000000000000000000
0100000000000000000000000000000000000000
1000000000000000000000000000000000000000
0000010010000000000000000000000000000000
1111110011100000000000000000000000000000
1000000000000000000000000000000000000000
0000001000000000000000000000000000000000
0100000000000000000000000000000000000000
1111100001110111010110110000000000000000
1000000000000000000000000000000000000000
1110111111110101111111111000000000000000
0100100000000000000000000000000000000000
0000010000000000000000000000000000000000
0100001010000110000000000000000000000000
1010000000000000000000000000000000000000
1111111111111011111111100000000000000000
0100000000000000000000000000000000000000
1000000000000000000000000000000000000000
1000000000000000000000000000000000000000
1000000000000000000000000000000000000000
0011000000000000000000000000000000000000
1111110001001110101000000000000000000000
0111000000000000000000000000000000000000
0100000000000000000000000000000000000000
0001000000000000000100010000000000000000
0100000000000000000000000000000000000000
1011101100000000000000000000000000000000
0000001000000000000000000000000000000000
40
0000100000000000000000000000000000000000
0011111101111111000000000000000000000000
0100000010000000000000000000000000000000
1010100000000000000000000000000000000000
0000000110000000000010010000000000000000
1100011000000000000000000000000000000000
0010000001100100100000000000000000000000
0001010100110001000000000000000000000000
0100000000000000000000000000000000000000
1101000000000000000000000000000000000000
1011011000000000000000000000000000000000
0111010000110011111100000000000000000000
1000000000000000000000000000000000000000
1011111000000000000000000000000000000000
0100000000000000000000000000000000000000
0100000000000000000000000000000000000000
1000000000000000000000000000000000000000
1110101000000000000000000000000000000000
0000100000000000000000000000000000000000
0001001010111010100100000000000000000000
0100000000000000000000000000000000000000
1000000000000000000000000000000000000000
1010010010001011110100000000000000000000
0001011000100101000000000000000000000000
0100000000000000000000000000000000000000
0000000000000100000000000000000000000000
1000000000000000000000000000000000000000
0011000000000000000000000000000000000000
0000010000000000000000000000000000000000
1011111111111101000000000000000000000000
0010000000000000000000000000000000000000
1110011011000000000000000000000000000000
1001101000000000000000000000000000000000
1011011111001111100000000000000000000000
1100011110000000000000000000000000000000
0111010111001010110000100000000000000000
0000000010000000000000000000000000000000
1000001000000000000000000000000000000000
1110111011111110000011111001111100000000
1110111110011111100000000000000000000000
40
0000010000000000000000000000000000000000
1110110010000000000000000000000000000000
0000010000000000000000000000000000000000
1110111100000000000000000000000000000000
0100001100111111001000000000000000000000
1000000000000000000000000000000000000000
0000110000000000000000000000000000000000
0000100000000000000000000000000000000000
1011000000000000000000000000000000000000
0000000000010000000010100000000000000000
1001000100010001101000000000000000000000
1111101100111010000000000000000000000000
0100000000000000000000000000000000000000
0011000000000000000000000000000000000000
0101000100010000000000000000000000000000
1101000000000000000000000000000000000000
0001001011011100001010000000000000000000
0110000000000000000000000000000000000000
1010100100010001010100100100001100100000
1110000101110000000000000000000000000000
1110111011011111111111110111111111011100
1000000010000000000000000000000000000000
0001010000000000000000000000000000000000
0101100101001000000011110100000000000000
1111111101111000000000000000000000000000
0100000000000000000000000000000000000000
0001101010000100000000000000000000000000
1010110010000011000000000000000000000000
1000000000000000000000000000000000000000
1011111110000000000000000000000000000000
0001000000000000000000000000000000000000
0000010011101000000000000000000000000000
0100000000000000000000000000000000000000
0000000100000000000000000000000000000000
1000000000000000000000000000000000000000
0110111111111111111111101011000000000000
0010000000000000000000000000000000000000
0000000000000001000000010010000000000000
0011011111111011111000000000000000000000
1000000100000000000000000000000000000000
40
0000001000000101000000000000000000000000
0001000000000000000000000000000000000000
1000000000000000000000000000000000000000
0000000010000000000000000000000000000000
0111111111111111000000000000000000000000
0010110101100000000000000000000000000000
1000101110100000000000000000000000000000
0110000000000000000000000000000000000000
0000001110010000001000000000000000000000
1000001000000000000000000000000000000000
1011010100001111100100101111010000000000
0010100000000000000000000000000000000000
0010010000100000000000000000000000000000
1000000000000000000000000000000000000000
0110000000000000000000000000000000000000
0101101011000000000000000000000000000000
1111001011111000000000000000000000000000
1101111111001100000000000000000000000000
0111111000000000000000000000000000000000
0010000100000000000000000000000000000000
1110111111010101100000000000000000000000
0000001000000000000000000000000000000000
1000000000000000000000000000000000000000
1000000000000000000000000000000000000000
0110100101100110000000000000000000000000
1011110101100110010000000000000000000000
0010101110110000000000000000000000000000
0010000001000000000000000000000000000000
1110011010000000000000000000000000000000
0101001001000000101000001000000000000000
0000010000000000000000000000000000000000
0111111010000000000000000000000000000000
0000010000100000000000000000000000000000
0100000000000000000000000000000000000000
1010000000000000000000000000000000000000
0100000000000000000000000000000000000000
0010000000000000000000000000000000000000
1000111001100010101111011100010011000000
1000000000001000010000000010000000000000
0010000101111100100000111110110101101000
40
0100000000000000000000000000000000000000
0000000000000000100100000000000000000000
0000100000000000000000000000000000000000
0111000001000000000000000000000000000000
0010000000000000000000000000000000000000
0000000010000100000000000000000000000000
1011111111000110000000000000000000000000
1111111111010100000000000000000000000000
0100000000000000000000000000000000000000
1000000000000000000000000000000000000000
1000000000000000000000000000000000000000
0100000000000000000000000000000000000000
0000010000001000000000000000000000000000
0101100001001100000000000000000000000000
0000000000010000000000000000000000000000
1000010000110000000000000000000000000000
1100000100000000000000000000000000000000
1110011010100000000000000000000000000000
0100000000000000000000000000000000000000
0001101111001010001000000000000000000000
0000001011010000000000000000000000000000
1001100010110101100000000000000000000000
0111110000000000000000000000000000000000
1101111111100000000000000000000000000000
0100001100000000000000000000000000000000
1100110110000000000000000000000000000000
1001000000000000000000000000000000000000
1000000000000000000000000000000000000000
1000000000000000000000000000000000000000
0001100000000000000000000000000000000000
0100000000000000000000000000000000000000
0111101100000000000000000000000000000000
0000000000100000000000000000000000000000
0000000000010011010000100000000010000000
1111000010000010000000000000000000000000
1110001101110100000000000000000000000000
1011111111101111011111110000000000000000
0000010011010010000000000000000000000000
1000000000000000000000000000000000000000
1101011000000000000000000000000000000000
40
0100000000000000000000000000000000000000
0001010000000000000000000000000000000000
1000000000000000000000000000000000000000
0111011111111111111111111110101000000000
0110000000000000000000000000000000000000
1100000111110011001000000000000000000000
1101110011110010100100000000000000000000
0100000000000000000000000000000000000000
0100000010000000000000000000000000000000
1000000000000000000000000000000000000000
1011000000000000000000000000000000000000
0000010000000000000000000000000000000000
0100000000000000000000000000000000000000
0110001011100000000000000000000000000000
0010000000000000000000000000000000000000
0101000000000000000000000000000000000000
0000010000001000000000000000000000000000
1010110110000000000000000000000000000000
1000000000000000000000000000000000000000
0110000000000000000000000000000000000000
0111001111100000000000000000000000000000
1000000000000000000000000000000000000000
0010001001110000110100000000000000000000
0000000000000010000000000000000000000000
1101001000000011000100000000000000000000
0000110000000000000000000000000000000000
0000100000000000000000000000000000000000
1100100000000000000000000000000000000000
1111111001100101111110000000000000000000
0001000000000000001000000000000000000000
0100010100100000011000000000000000000000
1111011101000000000000000000000000000000
1110011011000111111111110101111110000000
0000000000001000000010000000000000000000
0001110000100000000000000000000000000000
1000000000000000000000000000000000000000
1111101100000000000000000000000000000000
1011110111111111111101000100000000000000
0010000000000000000000000000000000000000
0010000000000000000000000000000000000000
