50
2 1
0,1
3 3
0,1 1,2 0,2
5 5
0,4 0,2 2,4 1,2 1,4
7 9
0,6 0,2 0,4 2,4 3,4 2,3 3,5 4,5 1,5
5 5
3,4 1,4 0,2 0,3 1,2
28 147
9,27 14,27 5,18 5,25 14,17 15,20 10,24 13,21 11,26 1,13 0,10 0,14 5,21 10,27 5,20 1,9 11,24 10,22 7,27 5,23 7,25 10,18 8,23 8,20 12,27 7,22 1,4 11,18 14,21 0,8 15,23 9,24 6,23 11,21 0,6 11,20 1,7 14,24 7,17 12,16 5,26 0,12 1,5 14,26 13,25 13,16 14,23 8,24 9,21 8,19 6,18 5,24 15,26 15,18 7,16 15,24 11,23 10,20 9,22 15,27 5,19 6,19 7,23 8,21 11,22 15,19 15,25 9,16 11,17 12,25 6,20 11,25 8,18 13,19 6,16 7,21 1,11 9,23 5,16 13,18 7,26 8,25 2,3 10,16 12,21 10,23 7,20 14,22 6,24 11,27 13,23 9,25 13,22 14,25 13,20 8,16 7,18 12,19 6,21 3,4 8,27 12,22 13,26 13,24 14,20 10,17 6,22 10,21 13,17 13,27 10,26 14,16 6,17 6,27 5,17 9,18 1,15 6,26 10,25 12,17 5,22 7,24 15,16 14,18 15,21 9,26 12,20 10,19 9,19 9,20 12,26 8,17 12,23 12,18 5,27 11,16 12,24 0,2 8,22 7,19 15,17 6,25 14,19 9,17 15,22 8,26 11,19
21 135
15,16 8,14 6,16 6,19 5,15 5,20 3,7 3,6 1,16 6,7 13,14 2,9 11,14 9,14 10,20 18,19 16,19 8,16 4,17 7,16 1,14 2,11 3,9 8,10 1,19 1,13 17,19 16,20 11,13 14,15 7,9 12,16 1,20 5,16 8,19 10,11 8,17 6,18 4,10 0,3 5,19 5,7 5,6 13,17 0,2 17,20 4,18 1,9 0,10 4,7 0,9 2,14 6,12 15,20 9,13 7,17 2,3 0,16 4,20 11,15 1,2 2,13 11,19 1,3 7,12 8,18 4,12 5,14 17,18 0,19 5,8 2,20 6,14 1,4 0,20 10,18 0,15 2,12 6,13 8,9 7,13 14,19 13,18 19,20 1,12 4,5 4,14 13,20 1,5 3,8 0,18 11,16 9,18 3,4 1,7 14,17 3,13 16,17 0,17 12,20 11,20 13,15 9,11 15,19 6,8 10,16 11,12 9,12 6,9 6,10 3,18 4,8 9,10 2,19 1,18 0,4 7,10 6,17 1,17 6,20 3,12 12,15 16,18 0,8 9,20 14,18 6,15 0,13 7,8 15,17 4,6 3,19 14,16 1,15 3,20
36 276
14,30 5,23 0,3 0,11 10,22 4,20 19,29 21,31 13,24 17,26 20,35 5,14 7,13 5,17 20,25 9,14 16,24 16,25 7,19 21,27 22,33 23,24 5,18 19,35 9,15 19,26 5,20 11,23 5,19 0,2 11,15 0,5 7,21 5,21 14,34 9,16 2,19 20,32 18,34 6,23 22,27 19,25 12,23 2,18 16,27 1,35 4,22 8,16 22,26 16,32 2,15 0,10 22,24 17,24 3,14 14,33 4,15 13,30 11,19 15,24 6,19 21,28 3,18 13,29 7,17 10,18 0,8 16,26 5,22 15,28 18,25 1,30 16,28 17,32 16,34 1,33 3,21 15,32 20,29 15,25 23,25 2,14 17,34 12,17 6,15 2,22 15,29 22,34 6,22 9,18 4,21 8,17 20,33 6,14 18,32 8,20 18,26 20,27 23,31 0,7 21,34 12,15 10,14 12,18 5,16 1,26 6,13 18,30 19,32 19,34 1,27 9,21 8,22 17,33 7,22 17,27 20,24 15,31 9,20 15,26 20,30 20,34 22,25 12,19 7,18 2,16 14,26 22,32 13,32 13,28 7,14 17,35 15,30 11,21 21,30 21,33 10,17 23,34 9,23 4,16 14,24 16,29 18,28 23,28 2,20 16,30 14,29 19,28 10,19 17,25 6,21 20,28 0,9 4,23 19,30 23,27 3,16 15,34 23,33 1,25 9,13 19,27 3,15 4,14 8,19 12,14 1,24 16,35 1,28 13,33 15,27 19,24 17,28 10,21 7,15 10,23 12,20 0,6 4,17 10,13 12,16 11,18 18,31 14,32 12,22 8,21 17,31 11,14 10,20 1,32 14,27 22,31 21,25 6,18 9,22 8,14 22,35 11,22 1,34 5,15 18,35 21,32 8,13 9,17 23,29 16,31 4,13 19,31 22,29 13,35 6,17 22,30 8,23 13,27 20,31 2,23 3,23 8,18 2,13 11,17 20,26 4,18 13,34 13,25 3,19 18,33 14,35 0,4 17,29 23,26 23,32 18,29 7,16 10,15 1,29 3,17 17,30 5,13 2,17 9,19 18,24 12,21 19,33 1,31 3,20 11,20 23,35 21,24 13,26 23,30 18,27 10,16 3,22 16,33 6,16 22,28 7,23 13,31 15,33 21,35 11,13 8,15 21,29 14,28 15,35 14,25 14,31 4,19 11,16 12,13 0,12 2,21 21,26 3,13 6,20 7,20
22 29
11,12 5,6 4,18 9,10 14,15 17,18 4,15 4,5 8,10 2,3 0,2 6,7 1,21 10,11 15,16 3,15 4,17 3,4 12,13 13,14 1,19 16,17 6,19 7,10 8,9 2,18 18,19 11,14 7,8
5 5
0,3 1,2 2,3 1,4 0,4
32 56
16,19 23,24 26,30 28,31 21,24 13,16 11,14 17,20 1,30 5,7 25,27 14,16 12,14 1,28 26,29 13,17 17,18 7,10 15,18 19,22 10,12 27,30 9,11 2,6 18,21 20,21 30,31 5,8 8,10 24,26 0,3 1,29 13,15 20,22 2,4 3,6 16,20 23,25 4,8 12,13 14,15 6,7 20,23 3,5 21,25 6,8 27,29 15,20 19,21 18,22 17,19 4,7 11,13 24,27 8,9 14,17
19 30
6,9 12,16 15,18 14,18 16,18 5,8 4,6 0,3 13,16 10,11 4,8 16,17 1,16 9,11 3,4 11,16 11,14 6,10 8,10 11,15 10,12 12,15 10,13 4,7 13,14 13,15 9,12 8,9 3,5 7,9
19 72
9,14 6,9 1,15 10,12 5,11 10,15 11,18 5,8 0,6 8,13 6,7 7,16 11,15 2,8 11,12 11,14 9,16 1,14 7,17 2,9 7,12 1,12 11,16 6,8 5,7 8,14 11,13 1,18 9,13 8,17 0,3 10,17 7,18 4,10 8,15 3,7 5,10 0,4 2,11 10,14 3,9 1,16 10,13 1,17 4,11 6,10 5,9 0,2 1,13 9,15 7,13 9,18 10,18 8,12 10,16 8,16 7,14 7,15 4,8 3,8 9,12 4,9 2,10 2,7 3,11 6,11 4,7 9,17 3,10 11,17 8,18 0,5
18 66
0,4 11,16 2,11 11,17 9,12 8,12 9,16 2,10 11,12 8,15 4,11 8,17 5,11 5,9 1,12 9,17 0,6 1,17 5,8 7,17 10,14 1,15 6,9 7,15 3,7 10,16 11,14 4,8 4,10 3,8 7,16 9,14 3,10 10,13 2,9 0,2 7,13 0,5 3,11 6,7 11,13 9,15 7,12 0,3 5,10 11,15 6,10 4,9 3,9 2,8 1,16 8,16 9,13 8,13 8,14 5,7 10,17 7,14 1,13 4,7 10,15 2,7 10,12 1,14 6,8 6,11
31 200
12,26 12,21 2,15 14,29 10,11 16,21 7,12 16,23 13,29 0,6 18,21 3,15 14,28 5,18 7,18 3,12 4,13 19,24 5,13 19,30 12,29 17,26 10,16 2,13 18,29 11,25 6,11 9,15 15,21 4,17 14,26 13,27 15,20 10,13 8,16 18,28 6,17 14,22 16,28 4,12 10,18 2,17 0,9 13,20 18,30 8,12 6,14 10,14 6,12 11,24 14,24 5,11 19,22 7,17 4,11 8,15 15,23 19,27 16,30 1,24 6,19 8,18 10,15 8,14 11,30 6,18 17,25 18,22 12,22 18,25 12,24 7,16 4,18 12,27 18,26 17,30 16,24 1,26 0,7 6,16 2,11 5,19 2,19 13,28 0,3 7,13 17,23 3,18 15,26 12,23 14,25 3,19 9,13 9,19 15,29 4,14 17,21 14,21 5,16 17,27 13,24 5,17 14,30 12,28 9,17 11,21 10,19 1,25 1,28 15,27 9,16 18,24 2,12 3,14 0,8 8,13 11,22 9,11 17,28 18,23 11,26 6,15 1,27 13,26 11,20 1,20 1,22 1,30 13,22 12,30 12,20 16,25 8,19 15,25 16,20 17,22 4,15 4,19 1,29 15,28 11,27 19,21 18,27 16,29 5,12 14,27 1,23 19,20 10,17 9,14 0,5 3,13 12,25 5,14 7,19 11,28 19,26 0,4 9,12 17,29 19,29 2,16 13,25 17,24 16,22 19,25 16,27 0,10 7,11 14,20 17,20 19,28 6,13 7,14 0,2 14,23 3,16 13,23 15,30 1,21 15,22 2,18 13,30 10,12 8,17 3,11 15,24 9,18 18,20 11,29 4,16 2,14 11,23 3,17 7,15 5,15 8,11 16,26 19,23 13,21
25 78
16,19 8,10 12,17 8,17 1,6 2,3 0,18 6,17 11,21 4,5 3,18 20,22 2,13 2,12 12,22 19,24 11,14 1,16 3,4 2,11 14,17 9,22 19,20 1,24 21,23 0,9 10,24 10,22 15,17 13,21 3,20 7,20 5,16 4,13 5,14 1,21 0,16 20,24 17,23 1,2 5,6 0,2 3,23 1,15 6,9 2,16 1,23 5,21 4,20 16,20 12,20 10,15 15,16 17,18 10,19 2,10 4,10 2,22 2,23 12,24 3,5 5,17 3,10 18,24 1,14 8,23 10,13 2,21 3,19 6,7 21,22 6,20 7,14 6,18 10,18 1,10 15,21 9,19
26 88
15,19 19,23 13,14 4,22 5,19 18,24 1,23 0,6 14,24 22,24 1,16 23,25 4,20 3,13 1,5 9,22 5,13 11,12 5,6 9,15 5,8 10,19 5,14 15,16 2,17 11,20 7,10 3,9 4,9 3,15 8,9 4,5 15,18 2,19 16,17 3,20 16,19 3,17 9,14 12,22 12,21 14,15 7,14 8,13 8,20 15,21 6,7 14,20 3,24 1,11 2,18 13,25 0,2 3,5 9,10 10,13 3,10 5,20 14,16 10,11 9,17 5,21 7,8 14,21 6,22 16,18 0,5 0,15 7,13 2,5 16,22 10,17 8,18 2,14 1,10 6,23 8,17 15,22 2,3 6,17 1,6 16,20 6,18 15,17 14,19 3,4 6,21 12,13
21 91
9,19 0,4 0,7 12,20 5,13 6,12 1,17 11,15 13,20 7,10 12,18 3,9 6,9 4,8 8,14 11,16 5,9 13,19 4,10 8,20 3,13 4,12 12,19 6,13 13,16 3,8 0,3 9,16 13,15 5,12 10,15 12,14 7,9 9,20 11,18 7,8 9,14 0,5 12,17 1,15 6,8 4,13 9,15 13,17 11,20 2,13 10,17 0,2 12,16 2,9 9,18 8,15 6,11 9,17 7,13 13,14 7,12 3,10 8,16 10,14 13,18 6,10 10,18 3,11 5,8 2,8 4,9 2,10 12,15 10,20 8,19 4,11 5,10 8,17 11,14 1,18 1,16 11,19 1,20 1,14 5,11 10,16 0,6 10,19 2,12 1,19 7,11 11,17 3,12 2,11 8,18
23 97
6,18 21,22 16,18 5,19 6,14 0,8 7,14 1,14 0,7 9,17 0,12 8,9 1,20 1,11 1,4 4,17 9,10 0,6 9,12 5,18 15,17 7,16 7,8 6,13 2,3 10,21 8,10 1,16 0,2 11,19 12,21 3,15 5,16 12,16 8,14 6,9 2,7 11,18 2,14 5,21 13,18 13,17 2,4 9,14 11,17 10,18 1,5 12,20 5,14 8,15 13,22 0,11 13,19 12,19 10,22 0,1 4,16 4,5 10,11 3,18 0,18 4,10 1,10 12,13 1,2 11,16 1,22 8,18 10,20 5,13 6,7 14,15 14,20 1,13 15,16 6,12 15,20 11,12 13,15 3,5 1,6 0,13 5,6 9,18 3,4 7,10 0,21 11,21 0,14 6,19 6,8 13,14 3,9 9,19 3,10 10,14 3,21
24 120
10,20 7,9 1,16 7,15 4,9 9,16 14,23 3,10 4,14 13,16 2,11 4,10 11,23 14,16 11,20 2,15 9,17 8,9 5,12 14,17 13,19 11,21 8,11 10,17 0,8 5,9 15,21 6,9 9,21 1,19 6,10 5,10 5,15 3,11 8,15 14,18 10,23 2,12 4,13 2,9 6,14 13,21 3,14 10,18 7,11 11,19 8,14 13,22 11,22 9,22 13,17 12,18 0,5 5,11 12,22 12,21 12,23 12,19 9,18 15,20 12,17 6,11 14,21 13,18 14,19 4,12 6,12 2,14 10,16 13,20 10,21 14,20 8,10 7,10 1,21 10,22 10,19 15,16 1,22 15,19 4,11 13,23 1,17 15,18 0,7 11,16 2,13 3,9 6,13 15,23 0,6 12,16 1,20 9,20 14,22 9,23 5,13 2,10 0,3 6,15 7,13 1,18 0,2 4,15 11,18 3,13 8,12 15,17 15,22 9,19 3,15 7,14 8,13 1,23 3,12 11,17 7,12 0,4 5,14 12,20
19 72
4,9 10,12 4,7 7,14 11,14 8,13 9,17 2,7 0,3 7,15 9,12 10,13 1,18 8,17 1,14 2,9 8,16 2,8 1,13 7,16 4,10 0,6 8,12 7,17 11,15 5,11 4,11 9,18 11,12 8,18 10,15 7,12 5,8 1,12 11,17 3,11 9,16 0,4 7,13 2,10 9,13 5,10 10,18 3,7 3,9 0,5 6,8 2,11 9,15 11,18 6,7 0,2 1,16 8,14 6,11 4,8 6,10 6,9 1,15 11,16 9,14 7,18 8,15 10,14 1,17 3,10 11,13 5,9 10,16 3,8 5,7 10,17
18 66
10,15 8,12 9,16 4,10 11,15 0,4 3,10 11,12 3,7 7,15 4,9 1,14 7,12 10,14 6,10 7,17 1,13 0,6 10,13 8,13 8,17 1,12 2,8 11,17 10,16 2,11 2,7 7,16 10,17 6,11 1,17 8,15 2,10 9,14 0,3 11,13 6,8 10,12 9,17 1,16 5,10 5,11 9,15 6,7 3,11 0,2 11,14 8,16 4,8 7,14 1,15 4,11 8,14 7,13 9,12 4,7 5,9 0,5 6,9 11,16 5,8 3,9 5,7 9,13 3,8 2,9
22 98
13,20 0,3 8,15 1,16 1,14 4,11 4,10 4,13 3,13 9,19 12,14 6,13 8,18 8,21 12,19 12,16 2,10 6,8 12,15 6,11 11,14 3,9 11,19 1,20 2,8 9,17 10,18 5,13 4,12 9,14 2,11 8,14 11,17 7,11 1,21 8,19 7,10 5,9 10,21 9,15 0,2 12,17 9,18 10,17 1,18 6,12 9,16 0,5 10,20 8,17 6,9 11,21 9,21 5,8 12,21 9,20 1,19 11,18 0,6 10,16 13,21 1,17 13,19 5,10 11,20 4,9 8,20 1,15 4,8 13,14 7,9 11,15 3,8 5,11 0,7 10,19 2,13 7,13 0,4 3,10 12,18 12,20 7,8 11,16 2,12 7,12 13,18 2,9 10,15 13,15 5,12 3,12 13,17 8,16 3,11 6,10 13,16 10,14
23 56
6,7 10,18 5,17 19,20 15,20 4,19 2,3 16,17 3,12 17,19 10,11 11,20 8,20 0,22 18,19 10,12 5,14 1,17 11,16 14,15 16,19 4,18 11,12 1,8 5,15 5,8 2,13 13,14 5,6 0,2 3,22 4,5 3,4 6,17 9,15 15,18 13,15 0,18 12,13 8,9 17,18 1,22 2,14 3,7 21,22 4,10 5,19 20,21 7,8 9,10 4,22 15,16 4,9 6,21 3,21 6,14
30 101
3,13 6,11 5,7 20,23 9,10 11,26 11,24 13,27 4,5 2,27 16,17 9,14 1,25 8,9 14,15 8,13 8,18 7,27 12,17 9,18 3,19 18,28 2,29 9,21 7,26 9,11 5,20 1,2 11,19 22,23 7,8 12,13 23,24 15,27 8,17 0,25 0,2 8,14 0,9 20,21 18,19 13,26 1,4 15,16 1,26 10,20 12,20 21,26 15,17 12,28 25,26 4,6 11,16 14,18 1,12 2,14 3,17 9,25 26,29 2,17 3,4 22,24 1,27 24,25 11,23 1,24 16,20 17,18 3,16 9,26 9,23 2,3 3,6 11,12 13,23 21,24 2,28 21,22 0,13 8,25 0,15 4,26 20,22 5,6 13,20 13,14 4,14 6,7 2,22 5,27 7,21 10,29 1,28 19,20 18,22 15,28 6,15 4,22 26,27 20,28 10,11
29 120
24,26 8,10 6,14 7,21 13,28 10,14 15,19 0,14 5,6 4,20 8,9 2,25 19,26 9,23 11,22 0,9 14,25 0,10 0,23 6,18 15,25 4,7 17,27 13,14 1,19 5,24 6,8 7,8 6,11 18,27 26,27 16,26 2,27 2,6 22,24 1,24 0,3 9,22 11,12 4,17 9,15 9,21 21,26 3,7 7,20 14,19 4,19 18,19 0,27 19,27 3,13 9,27 10,11 0,1 1,2 1,7 1,16 2,24 9,17 22,27 12,28 2,11 7,26 18,26 12,13 4,18 4,6 9,10 20,24 4,5 7,15 9,25 4,13 14,15 3,23 16,18 10,16 8,28 12,24 1,14 7,11 3,14 11,16 3,18 15,24 8,21 14,26 2,7 0,2 8,24 4,11 9,28 1,8 3,28 6,16 11,21 16,27 2,3 3,4 9,11 7,27 3,8 11,20 8,13 23,27 23,26 5,23 0,18 6,10 7,13 8,22 10,25 2,9 1,25 6,17 8,20 16,19 6,7 15,16 3,16
36 35
31,32 14,15 25,26 8,9 27,28 19,20 24,25 12,13 34,35 3,4 5,6 20,21 2,3 4,5 9,10 10,11 21,22 23,24 7,8 29,30 15,16 18,19 28,29 11,12 30,31 16,17 22,23 33,34 17,18 0,2 26,27 1,35 6,7 13,14 32,33
19 72
2,7 2,8 10,13 3,11 11,17 7,18 9,15 0,4 2,9 8,18 6,10 9,12 8,12 10,12 1,13 0,3 11,13 5,7 10,14 4,11 11,18 3,8 6,9 9,16 8,15 11,14 4,9 6,7 1,14 11,15 1,18 0,2 10,16 11,12 7,12 3,7 4,8 7,17 1,17 1,16 4,7 11,16 7,15 10,18 5,10 8,16 6,8 8,17 5,9 0,5 7,16 8,14 1,15 7,14 9,18 2,10 7,13 10,17 6,11 0,6 10,15 8,13 9,13 5,8 1,12 9,14 2,11 9,17 4,10 5,11 3,10 3,9
28 50
2,7 25,27 16,19 20,23 19,21 8,10 0,4 21,23 22,23 9,12 3,6 12,14 11,13 2,5 4,7 14,15 15,18 13,17 15,19 1,26 10,14 20,24 16,18 21,24 26,27 18,22 13,16 14,16 0,2 23,26 24,26 22,24 8,12 4,5 7,8 19,22 14,17 18,21 0,3 18,20 2,6 17,19 7,9 9,11 13,15 23,25 24,25 5,8 11,14 5,9
34 33
13,27 2,3 3,4 6,7 1,13 8,33 12,26 4,18 8,9 12,29 0,2 6,20 2,16 9,23 11,31 12,13 3,17 8,28 11,25 7,21 5,32 8,22 1,15 4,5 11,12 10,24 0,14 9,10 7,8 8,30 5,19 10,11 5,6
31 200
8,18 10,14 5,19 18,29 16,22 17,24 6,18 11,20 4,14 19,20 4,19 18,21 0,7 19,22 17,28 8,11 11,28 11,25 11,30 3,17 17,22 15,24 4,12 18,25 2,14 15,23 11,22 0,8 12,23 10,19 19,24 9,14 16,21 18,30 13,21 6,14 1,28 4,13 11,29 12,26 18,26 9,11 17,20 14,20 3,16 15,26 4,16 1,29 19,30 4,17 7,11 8,15 15,27 7,12 8,17 14,29 0,10 1,30 18,20 12,24 4,18 17,27 7,17 10,17 16,28 15,20 1,21 3,13 12,20 16,20 16,23 7,16 1,24 14,24 0,3 11,21 14,26 13,23 2,16 8,16 2,11 9,12 0,2 7,13 19,23 13,20 1,27 0,9 2,19 5,11 10,12 13,27 13,30 13,28 9,17 10,16 10,11 17,25 12,25 13,29 16,29 6,11 14,30 16,24 19,29 12,21 13,24 7,15 6,16 19,28 18,22 6,19 16,27 1,25 3,12 3,14 15,29 17,23 5,12 0,4 16,26 14,22 12,22 15,30 13,26 18,28 19,26 2,13 2,15 10,18 6,12 15,28 17,26 1,23 14,21 19,21 16,30 11,26 18,24 1,20 9,16 13,25 11,27 10,15 3,19 9,13 7,19 4,11 3,18 2,12 3,15 12,30 14,23 2,17 3,11 5,15 17,21 7,18 11,24 2,18 5,16 9,18 14,27 6,15 16,25 8,19 13,22 5,18 6,17 19,25 11,23 5,13 14,25 5,14 15,21 18,23 8,14 12,27 9,15 0,6 1,26 8,13 17,29 15,25 0,5 8,12 10,13 9,19 12,28 6,13 18,27 4,15 7,14 19,27 15,22 17,30 1,22 5,17 12,29 14,28
9 9
2,3 0,5 3,4 1,4 1,6 7,8 0,8 2,5 6,7
18 38
4,12 2,7 10,12 7,15 13,14 15,17 13,16 5,10 5,6 11,14 0,15 9,16 2,3 8,17 10,14 6,16 3,9 1,7 5,15 9,13 9,17 6,7 0,12 1,10 2,5 0,2 4,5 2,12 12,13 3,17 2,13 14,17 5,7 8,11 4,13 1,16 5,16 3,4
18 36
12,15 9,11 12,13 15,16 1,15 12,14 10,15 8,10 15,17 2,5 9,10 7,11 5,8 14,17 14,16 2,6 5,7 3,6 4,8 2,4 3,4 0,2 6,9 10,14 10,13 8,12 6,7 1,13 7,12 9,12 1,14 6,8 0,3 8,11 3,5 13,17
36 630
9,30 14,30 9,14 14,33 11,35 3,21 24,34 17,19 15,20 13,25 26,29 1,5 25,33 6,24 5,28 0,28 4,32 8,17 25,35 7,32 0,21 0,5 22,32 9,10 1,27 1,3 17,29 20,26 15,19 6,7 31,34 3,7 2,23 23,24 6,22 2,8 1,23 8,16 32,34 8,19 10,19 19,26 31,32 3,6 26,31 20,35 21,23 30,33 1,35 1,2 28,33 11,24 22,28 26,30 16,21 9,26 4,15 27,29 1,15 8,14 5,30 3,5 4,10 16,34 20,32 17,30 1,19 5,10 4,25 15,33 1,34 1,7 4,6 4,27 3,15 0,2 5,11 3,26 22,26 16,28 0,4 4,16 19,35 10,14 0,6 25,27 1,13 12,29 0,20 10,16 3,29 7,30 4,8 1,8 19,30 20,28 28,35 22,23 14,25 11,23 24,28 11,17 28,30 11,14 4,29 9,12 12,26 3,8 21,24 7,34 14,32 0,9 18,28 17,23 5,9 25,29 18,34 4,22 3,4 7,13 0,18 8,30 10,32 8,9 12,24 18,20 0,23 17,24 18,35 29,34 23,31 25,34 6,12 7,12 8,25 3,18 5,15 9,16 5,16 8,10 8,31 12,25 20,23 19,31 16,22 9,33 22,34 13,33 23,27 1,22 4,13 12,32 7,26 3,24 12,27 9,20 12,23 15,25 5,7 12,17 15,23 0,14 25,32 19,22 2,34 8,34 11,33 7,22 7,8 0,33 1,11 23,32 12,13 4,23 13,16 27,30 9,15 23,28 13,27 13,30 4,12 1,4 6,10 0,32 4,30 2,18 29,32 7,35 1,33 19,23 13,26 10,22 19,24 26,28 6,9 18,27 10,25 7,10 2,15 23,34 3,17 10,18 0,10 2,5 1,16 10,24 20,34 4,26 2,9 21,28 10,29 31,35 17,34 6,16 0,22 8,32 8,29 32,33 0,8 10,17 1,14 3,14 0,30 13,22 21,30 15,31 17,32 6,25 25,31 4,20 4,28 8,21 2,28 6,26 0,34 9,31 17,21 7,16 5,13 6,28 8,13 3,12 15,34 11,18 2,12 2,32 4,34 7,31 16,31 1,31 5,17 9,18 0,31 17,25 2,11 3,10 1,9 4,21 14,23 1,32 15,21 9,35 21,27 26,32 10,20 20,22 4,35 2,3 18,24 22,27 4,5 5,34 17,28 29,33 13,23 24,29 0,17 17,20 12,21 19,29 11,29 23,29 3,28 27,35 24,33 12,20 6,33 28,29 2,22 17,18 29,31 5,25 5,24 26,35 9,25 15,26 2,6 20,25 13,17 12,28 5,18 16,26 8,35 23,26 14,34 3,27 2,24 2,16 2,21 13,20 28,34 0,15 19,27 7,15 0,3 14,35 13,28 8,15 7,25 0,11 20,27 19,33 17,33 5,6 11,32 16,35 12,30 7,29 13,24 22,33 10,23 2,33 29,30 15,16 9,13 0,13 20,29 9,23 27,28 18,22 7,28 30,32 17,26 18,33 1,10 16,32 6,21 24,35 0,25 24,32 11,19 22,25 6,18 15,35 4,18 18,23 4,9 12,35 2,25 1,17 23,33 3,25 4,24 12,31 16,17 21,26 18,30 2,20 11,22 4,17 2,35 3,16 3,9 22,35 20,33 0,16 7,20 14,19 10,30 24,27 13,31 29,35 1,6 6,35 27,34 10,35 16,24 9,34 1,26 4,19 2,19 3,22 12,22 6,14 13,29 21,22 12,33 10,13 5,33 2,17 14,17 23,30 0,12 10,33 10,11 7,33 14,16 10,26 21,25 5,14 2,13 7,14 9,27 1,25 21,33 16,33 11,30 7,23 2,31 6,20 2,30 14,18 5,32 18,29 22,30 15,30 2,4 6,13 15,22 10,27 11,31 13,15 5,35 11,21 9,17 0,29 14,29 15,24 2,14 6,29 18,31 8,27 3,32 17,22 27,33 5,27 15,32 7,11 30,31 25,30 19,32 12,18 4,14 20,21 27,31 22,29 14,27 12,16 6,23 20,24 3,30 1,24 1,18 1,21 14,21 28,31 6,30 9,22 11,20 7,9 30,35 32,35 21,35 14,15 11,26 14,26 11,15 3,13 21,34 18,21 5,23 0,7 8,33 13,21 11,16 20,31 22,24 7,17 3,20 18,26 4,33 25,28 7,18 10,28 14,20 8,26 15,29 16,23 12,34 18,19 13,19 3,34 10,21 11,25 26,33 9,19 9,28 10,31 0,19 11,27 2,7 7,21 33,35 8,22 1,29 26,34 9,29 4,11 5,21 3,19 0,35 11,13 16,30 1,28 15,18 4,7 16,25 13,34 5,31 6,19 19,21 9,21 23,25 5,29 11,28 5,26 33,34 16,27 13,35 8,11 0,27 13,14 26,27 16,20 15,27 5,12 17,31 2,10 22,31 23,35 2,26 12,14 3,33 6,34 6,15 8,18 0,24 7,19 4,31 17,27 18,32 6,8 5,20 28,32 9,24 0,1 24,30 7,24 6,17 8,24 15,28 0,26 13,32 25,26 15,17 7,27 21,31 1,20 3,35 10,12 11,34 1,12 19,28 6,31 14,22 9,32 24,26 6,32 5,22 21,29 19,34 9,11 14,24 14,31 6,27 6,11 34,35 8,28 14,28 2,27 8,12 16,29 8,23 12,19 3,23 19,20 2,29 8,20 5,19 31,33 30,34 12,15 3,11 11,12 27,32 20,30 21,32 16,19 13,18 10,15 19,25 16,18 18,25 24,25 17,35 1,30 3,31 5,8 10,34 24,31
28 281
2,22 8,19 9,18 4,11 12,14 5,9 7,21 4,17 10,22 18,23 14,27 15,21 6,19 5,21 10,19 5,18 7,20 17,24 19,27 6,25 15,23 21,22 23,26 2,13 12,24 2,5 15,17 14,19 6,23 14,22 14,26 13,17 6,21 6,7 5,26 10,24 18,20 5,8 2,27 19,24 18,21 11,25 19,20 3,18 4,12 2,6 22,23 8,26 14,24 3,7 4,10 2,17 13,25 2,4 10,21 9,17 9,12 13,23 6,10 5,15 2,12 11,22 10,26 3,25 2,26 16,26 11,21 2,19 19,25 15,18 7,22 20,27 9,26 14,18 19,22 4,18 16,25 7,10 9,15 25,26 13,15 12,22 11,15 12,13 24,26 2,20 7,14 4,21 6,12 5,12 10,16 14,25 7,16 15,19 9,27 17,23 5,24 9,20 4,24 12,15 13,14 22,24 6,15 17,19 16,20 6,17 3,11 16,23 7,18 15,22 7,24 2,21 7,13 3,4 15,16 10,18 3,9 14,23 6,26 17,18 13,24 3,8 8,18 18,22 12,20 8,23 12,19 9,25 6,9 14,20 8,9 14,21 6,11 16,21 17,22 3,22 24,25 4,13 11,18 14,16 2,18 2,23 23,24 5,19 5,25 3,19 3,24 21,24 10,14 7,26 22,26 11,24 2,11 26,27 8,24 10,15 3,26 15,24 3,13 15,27 11,16 18,24 22,25 7,23 11,14 4,27 5,23 6,18 19,23 2,10 2,7 8,16 4,26 4,22 5,10 7,12 3,5 8,14 8,21 15,26 4,19 12,21 5,16 3,16 4,23 2,16 18,27 8,20 7,15 20,21 7,17 20,23 19,21 11,17 9,22 8,25 12,26 4,15 3,27 16,22 6,22 17,20 12,16 10,27 7,25 21,25 11,26 9,14 23,27 15,20 24,27 16,18 3,14 16,24 19,26 21,23 3,20 3,15 2,24 4,25 12,25 5,14 6,27 10,11 9,10 8,27 21,27 6,24 18,25 13,19 13,26 5,13 5,17 21,26 7,9 13,22 3,6 10,23 13,16 8,11 4,7 10,12 20,22 2,3 12,18 10,20 2,8 6,13 0,1 2,15 12,23 4,20 15,25 13,18 2,25 7,19 12,17 6,20 10,13 20,26 6,14 13,27 11,13 8,13 8,15 3,10 5,22 9,23 10,25 9,24 7,11 11,23 5,20 8,10 20,24 8,17 22,27 16,19 16,27 11,19 7,27
27 153
3,17 0,8 2,13 7,15 5,15 12,26 15,26 1,25 2,17 11,18 13,24 17,19 6,13 14,18 16,18 9,13 1,26 13,22 15,20 10,18 9,15 9,14 5,16 13,25 4,16 5,12 1,20 7,11 14,22 12,18 11,20 10,19 16,23 16,22 7,17 2,14 6,14 15,25 8,16 9,11 5,10 0,5 10,23 12,25 1,24 3,13 2,11 12,19 0,7 8,17 6,16 11,21 17,25 4,12 13,19 16,21 17,26 11,23 7,10 14,26 14,19 6,15 3,12 2,16 17,21 15,24 17,20 12,20 12,21 11,24 16,20 9,10 3,14 17,18 6,12 5,11 15,21 8,14 2,10 7,14 14,25 8,15 8,12 17,24 12,22 16,26 11,26 10,20 2,12 4,11 13,20 14,23 5,13 10,24 6,17 14,21 13,26 3,16 3,11 9,12 16,25 13,23 15,18 0,2 11,19 12,23 15,23 15,22 16,24 6,10 8,11 8,10 1,19 10,21 5,17 14,24 13,21 7,16 15,19 4,15 9,17 0,9 14,20 13,18 7,12 4,17 1,21 17,23 3,15 8,13 7,13 4,13 6,11 9,16 11,22 4,10 1,18 17,22 10,22 16,19 0,4 3,10 2,15 5,14 0,3 0,6 12,24 10,26 11,25 10,25 4,14 1,22 1,23
32 220
9,18 6,14 15,22 1,29 15,21 15,27 10,15 7,20 9,12 10,14 13,29 19,22 6,17 3,12 12,29 8,14 15,28 5,17 8,18 11,31 17,30 9,13 2,16 7,15 14,23 13,21 2,14 17,28 0,4 16,26 14,21 6,15 0,6 1,26 11,29 5,12 13,30 12,31 20,22 12,30 0,10 6,16 8,16 15,31 4,14 19,26 6,13 17,25 7,14 20,26 1,31 4,11 7,12 3,18 17,24 13,28 20,24 19,29 0,9 17,21 20,28 0,7 9,16 14,26 11,24 12,23 12,28 3,14 4,15 14,24 2,17 19,23 4,12 8,19 14,30 19,27 15,24 18,26 9,20 20,21 5,18 18,22 17,29 10,16 18,21 11,30 6,19 2,20 12,24 1,27 10,18 14,25 18,30 11,22 16,30 15,29 13,27 13,22 0,3 12,26 10,11 18,23 9,19 18,28 2,19 14,31 1,25 20,29 19,28 20,25 8,12 6,20 10,12 6,18 11,27 7,19 16,29 19,25 5,13 5,16 11,25 6,12 13,23 5,15 6,11 14,22 11,26 13,26 16,28 18,31 15,23 8,13 0,5 16,31 8,11 19,30 5,20 10,20 4,13 17,27 16,21 2,18 15,25 17,26 8,17 18,29 2,12 16,27 12,22 7,17 4,16 0,8 5,19 2,13 20,23 16,24 17,31 12,25 0,2 1,22 9,11 18,24 3,13 1,28 5,14 13,24 16,25 20,31 1,21 11,21 4,17 13,25 7,11 2,15 8,15 4,19 3,15 3,20 10,13 10,17 13,31 19,24 16,22 17,23 10,19 19,31 18,27 18,25 5,11 7,16 16,23 4,18 12,21 1,23 3,17 3,11 1,30 7,13 9,15 11,23 15,30 20,30 3,16 12,27 1,24 14,27 2,11 20,27 19,21 14,28 3,19 11,28 7,18 9,17 8,20 14,29 17,22 15,26 9,14 4,20
22 119
1,14 19,20 1,10 15,20 6,15 11,14 0,4 2,12 6,10 11,15 3,13 7,17 2,15 8,15 5,17 9,13 12,18 9,17 2,8 8,19 8,17 16,21 5,15 3,4 2,14 0,6 2,3 3,8 16,19 2,20 4,21 5,6 5,14 1,21 1,6 3,17 1,18 9,21 8,14 0,19 4,17 7,9 0,10 0,21 14,18 2,16 6,17 5,10 8,13 19,21 7,14 0,16 14,19 16,17 2,11 3,5 3,6 9,14 4,18 0,2 3,9 9,11 5,11 10,12 4,5 10,16 7,8 0,15 16,20 13,20 12,17 14,17 9,10 9,18 11,19 5,20 5,19 1,15 10,19 1,12 9,19 6,12 2,17 3,18 1,9 8,12 8,18 0,12 2,10 10,17 1,17 10,13 18,19 0,17 1,4 2,21 4,15 1,13 6,8 17,20 8,16 8,21 6,13 0,3 7,11 1,11 3,15 5,13 14,16 8,10 6,11 12,16 7,16 2,6 6,9 1,16 2,7 10,14 0,8
3 3
1,2 0,1 0,2
29 227
10,21 25,28 15,17 13,20 10,24 3,23 6,9 9,12 12,14 13,28 14,23 24,28 13,18 9,17 9,19 9,16 2,3 11,26 11,25 23,28 14,27 13,14 6,27 6,17 12,15 15,19 6,24 1,21 8,17 7,16 7,12 20,23 11,28 10,13 0,3 25,26 5,16 0,11 2,9 19,20 8,20 2,4 16,25 7,20 5,17 3,19 17,19 3,4 5,24 21,27 18,28 0,22 1,3 6,13 21,22 16,17 22,26 1,22 5,6 6,11 0,1 6,12 18,27 13,17 19,22 15,23 12,13 0,17 17,21 14,22 9,27 19,27 13,24 12,24 18,26 2,18 2,13 7,18 7,17 12,17 14,17 9,21 8,18 20,22 8,22 1,4 5,8 13,26 3,20 7,23 2,6 6,19 3,9 10,15 1,5 12,25 0,7 15,20 5,13 4,7 17,18 11,17 1,8 11,19 15,24 1,11 9,23 16,28 7,19 10,28 4,13 13,22 13,25 2,15 14,26 17,26 18,21 23,26 0,28 12,28 14,16 3,28 6,21 9,11 12,27 3,13 9,22 7,28 10,12 12,21 11,27 11,14 2,19 6,7 24,26 14,24 23,27 18,20 4,12 16,26 2,14 0,25 25,27 19,23 17,27 8,15 16,19 7,27 1,19 15,16 8,21 27,28 9,14 0,26 9,24 18,25 8,11 2,27 5,21 9,20 2,23 18,23 0,5 17,23 2,20 11,15 21,26 1,16 3,26 4,10 13,15 7,11 17,24 8,12 1,24 8,16 11,22 14,21 19,25 3,7 0,9 23,25 7,26 5,9 16,18 2,25 4,27 9,28 22,23 15,22 17,20 4,5 2,16 0,24 7,22 12,23 6,23 3,8 2,11 4,25 19,26 6,15 4,26 4,28 15,18 19,21 2,8 12,18 15,27 0,14 11,24 2,12 4,24 7,21 2,21 6,18 5,27 4,19 6,26 5,12 7,24 23,24 0,2 6,14 11,13 0,13 5,26
22 98
3,11 12,17 4,9 7,8 2,8 10,17 3,13 1,21 0,6 9,17 13,20 9,18 1,19 9,21 8,21 2,10 10,16 10,20 7,11 9,19 3,9 8,20 4,8 7,12 10,15 11,14 6,13 4,12 0,5 0,2 2,11 12,15 5,12 2,13 12,16 8,15 10,21 13,15 2,12 5,10 8,14 5,11 8,18 4,11 1,20 9,20 9,14 8,19 12,18 9,15 11,21 6,11 11,20 1,15 13,21 0,7 5,13 13,18 3,12 11,18 12,14 12,19 6,12 2,9 13,17 10,18 7,9 9,16 10,19 8,16 0,4 11,19 11,16 12,20 13,14 1,18 8,17 7,10 1,16 11,17 3,8 6,10 13,16 10,14 7,13 1,14 1,17 4,10 5,9 5,8 4,13 13,19 6,8 11,15 0,3 3,10 12,21 6,9
25 24
11,23 1,13 0,2 9,10 1,11 3,4 9,21 10,11 8,20 5,17 0,12 4,5 2,3 5,6 7,19 6,18 6,7 3,15 11,24 8,9 7,8 4,16 2,14 10,22
33 231
6,21 14,28 0,10 17,28 11,18 13,25 3,21 18,29 20,27 5,21 0,9 8,13 2,15 16,27 6,18 10,13 19,25 4,13 9,18 8,12 7,13 8,18 13,22 13,32 12,24 19,29 18,31 17,24 4,20 1,22 14,30 9,12 1,32 1,24 5,16 6,12 0,6 20,22 17,27 13,29 15,23 3,14 11,14 2,19 17,30 5,14 12,22 12,26 1,25 2,12 14,27 7,21 10,14 19,32 16,30 14,32 21,22 13,27 3,20 12,32 17,25 9,20 6,13 18,24 10,17 16,25 2,18 16,26 11,16 15,30 10,21 15,27 9,19 12,28 8,16 20,28 12,31 9,21 13,31 16,31 12,27 15,32 13,26 4,16 0,2 21,23 13,28 20,29 4,19 9,14 7,16 3,17 15,24 17,22 12,23 5,20 21,27 19,28 18,26 16,24 15,28 19,23 6,15 5,15 9,15 0,8 21,31 10,19 15,22 20,24 0,7 0,3 2,21 8,15 7,18 17,31 18,25 19,26 15,29 12,29 21,29 10,15 11,12 7,12 14,22 2,17 2,16 6,14 11,19 18,28 8,20 14,31 7,14 20,25 1,28 17,23 18,32 10,20 11,17 18,23 4,18 16,22 2,14 2,20 12,30 19,22 7,19 6,19 1,30 21,30 20,26 6,20 14,26 5,18 16,32 3,13 10,16 3,16 8,21 4,12 18,22 13,23 21,32 1,29 6,17 5,13 11,21 4,17 3,18 11,20 8,14 16,28 9,17 7,20 13,24 21,24 8,17 10,12 13,30 19,30 3,19 0,5 12,25 5,12 5,19 17,32 9,13 14,25 19,24 5,17 1,31 8,19 18,30 4,21 0,4 0,11 15,26 14,24 11,15 7,15 18,27 14,23 19,31 15,25 1,27 21,28 20,32 1,23 6,16 2,13 4,14 21,26 15,31 17,26 3,12 7,17 20,30 9,16 17,29 19,27 10,18 21,25 3,15 20,31 11,13 4,15 1,26 20,23 14,29 16,23 16,29
26 43
2,5 14,19 12,15 11,13 11,12 18,21 6,8 3,6 14,17 13,14 0,4 22,25 16,17 23,25 15,18 21,22 15,19 13,16 12,16 1,23 1,22 22,24 3,5 5,8 17,20 19,20 7,9 18,20 15,17 6,9 21,23 0,3 13,15 16,19 2,7 3,7 8,10 4,7 19,21 9,11 4,6 12,14 17,21
29 180
6,15 16,25 10,27 4,15 15,20 10,24 17,23 11,20 17,27 10,22 9,11 12,28 14,27 18,25 5,14 12,23 10,19 11,25 4,17 16,19 16,28 18,20 18,23 5,11 12,19 2,11 5,12 5,17 3,12 6,16 12,25 2,15 9,13 3,15 8,15 13,25 16,26 15,27 7,17 9,18 8,16 7,16 18,19 2,14 6,14 1,19 12,21 15,28 14,26 1,24 13,27 12,26 4,18 14,19 17,21 14,21 17,22 14,23 5,13 9,17 16,23 9,10 17,19 1,22 13,26 10,23 15,19 15,24 1,20 15,23 1,26 8,18 8,12 10,28 16,24 10,21 14,20 18,22 4,13 15,25 9,15 3,13 3,17 17,20 0,8 7,10 13,22 9,14 17,26 0,5 2,16 11,28 13,21 5,10 14,25 8,14 7,18 12,24 5,18 0,2 8,13 13,19 10,20 12,22 6,12 11,21 13,23 1,23 3,11 3,10 18,24 9,12 7,14 18,28 2,17 5,16 11,22 4,16 14,24 3,18 16,20 0,9 1,27 8,11 10,26 11,27 8,10 0,4 6,11 1,28 2,13 7,15 15,22 2,12 0,3 13,24 18,27 2,10 16,21 6,18 6,10 3,16 2,18 10,25 11,26 7,11 11,24 7,12 12,27 14,28 12,20 4,11 14,22 13,20 18,26 6,13 4,14 5,15 13,28 15,21 1,21 1,25 0,7 4,10 6,17 4,12 9,16 11,23 15,26 17,25 16,22 0,6 16,27 17,24 7,13 11,19 8,17 17,28 18,21 3,14
25 128
15,19 4,14 5,11 15,21 1,17 7,10 14,22 14,24 11,18 2,10 3,11 0,4 8,10 11,24 12,23 9,23 12,22 11,20 5,10 10,19 13,23 6,14 8,15 10,16 2,14 12,19 12,24 10,20 5,14 0,2 12,20 9,16 1,21 14,21 4,12 10,24 11,16 1,16 14,17 9,20 3,13 14,23 15,18 9,19 5,13 9,18 15,24 0,7 5,9 6,11 3,15 6,9 8,12 0,8 4,15 15,23 0,6 3,14 13,22 7,15 1,24 14,20 3,12 8,13 5,15 15,16 13,17 12,17 0,5 11,19 12,18 3,10 1,18 11,17 10,17 6,15 2,11 6,12 9,22 7,13 2,15 10,21 13,19 9,21 1,22 6,13 13,18 4,11 15,17 4,9 15,20 1,20 10,18 9,17 9,24 4,10 6,10 1,19 7,12 0,3 7,9 1,23 13,20 13,16 13,21 5,12 3,9 12,21 2,13 14,18 2,9 14,16 11,21 11,22 10,22 4,13 11,23 8,11 15,22 8,9 14,19 8,14 12,16 7,11 7,14 13,24 10,23 2,12
30 190
16,23 6,18 5,14 16,22 10,13 2,19 12,20 5,16 18,20 16,26 14,23 13,24 0,3 0,6 10,17 17,23 5,13 7,14 17,24 14,22 6,19 8,19 7,13 9,19 7,15 7,11 15,26 1,23 0,9 0,10 4,13 13,25 18,21 5,12 10,11 9,11 14,26 1,27 12,25 12,29 11,28 19,28 8,12 4,15 7,12 15,25 11,25 16,24 8,18 8,17 11,26 4,11 5,17 8,15 8,13 17,22 4,19 3,16 0,2 3,14 3,18 17,26 10,12 18,25 18,23 14,21 9,13 18,22 5,19 7,16 10,19 10,14 12,24 10,15 19,23 2,16 3,15 13,26 13,29 15,23 13,20 9,18 19,20 12,22 1,25 13,23 15,21 14,20 9,14 8,14 0,8 19,25 12,23 19,22 0,4 6,17 17,21 16,27 4,17 11,23 13,22 12,26 7,17 14,24 11,27 10,18 9,17 15,22 3,11 6,13 1,24 17,29 15,24 11,20 3,12 17,20 7,19 2,15 8,16 13,27 14,28 18,26 6,15 17,25 16,29 1,22 11,22 18,24 3,17 9,16 1,21 9,15 3,19 2,11 12,28 19,26 7,18 6,12 15,28 11,21 16,21 1,20 19,27 16,25 10,16 13,21 0,5 17,28 6,11 4,14 12,27 16,20 15,27 15,20 4,18 19,29 4,16 9,12 14,29 14,25 2,14 18,27 1,28 19,24 17,27 2,18 3,13 1,26 11,29 0,7 4,12 18,29 6,14 2,12 5,18 5,11 11,24 14,27 12,21 6,16 2,17 13,28 5,15 19,21 16,28 1,29 2,13 8,11 15,29 18,28
19 72
10,12 7,12 4,11 10,16 6,10 1,17 9,15 10,18 0,3 4,9 2,8 8,15 10,14 10,13 11,13 3,7 2,9 1,18 4,10 5,8 9,18 2,7 11,14 9,12 6,7 11,12 2,10 9,16 11,16 7,13 1,16 7,17 4,7 0,6 8,13 8,17 8,14 0,2 9,13 0,4 7,16 6,9 5,9 4,8 7,15 3,11 3,9 11,17 2,11 0,5 5,11 1,12 7,18 5,10 10,15 3,8 9,17 6,11 10,17 7,14 8,16 11,15 5,7 11,18 1,13 8,12 1,15 6,8 1,14 9,14 3,10 8,18
18 121
4,8 2,16 4,10 3,5 13,14 3,14 9,16 14,16 9,14 3,11 9,12 3,17 4,5 3,6 7,8 14,15 3,12 9,10 3,10 4,15 3,4 7,17 5,17 5,14 7,13 5,7 11,15 4,12 2,7 2,13 11,17 2,12 10,16 4,13 5,8 2,5 3,9 12,14 7,12 3,16 15,16 10,15 7,11 4,16 16,17 4,14 10,17 8,16 10,12 6,10 8,10 11,12 15,17 2,8 11,16 10,11 13,15 6,9 11,14 2,15 2,11 10,13 2,9 7,9 5,12 5,11 7,15 10,14 6,14 12,15 13,17 5,9 5,16 6,15 8,9 4,6 9,17 0,1 5,15 7,10 2,6 9,15 2,10 5,10 4,11 14,17 6,13 9,11 8,11 3,15 6,11 3,7 8,13 3,13 8,15 4,7 13,16 6,16 6,8 2,3 5,13 7,16 6,7 9,13 7,14 8,17 12,17 6,17 5,6 6,12 3,8 8,12 2,14 12,13 8,14 2,17 2,4 4,9 12,16 4,17 11,13
