100
1
0 1
1 1
2 1
1
0 -1
2 -1
1 -1
1
0 0
0 0
0 0
10
-998319301 -669762512
203733774 857601684
-405740292 923970612
512819811 903683450
996387950 7791728
-247934587 -792693502
-18146742 -256619536
-753171650 653172899
-266494587 469359317
607600772 454428903
927719373 -906263472
324329651 487943655
-578042924 -158409256
288352072 -744321791
-931102178 -527974573
-473223623 602992111
306074768 768286595
-433371862 376641374
-777223154 146470807
511589171 -452330207
-428683285 -279339926
10
-673888556 -423211030
-648946962 10848163
-418039070 376838878
394742927 660383890
669546918 53735930
989639154 397410647
399597343 644175016
977424769 -878811583
-756031 -28715751
351188902 939809342
426382693 -146013404
319522877 -842612024
667359981 -194892230
-848152551 -110480487
520805030 -180210578
-45266363 -789556519
-981964636 -674814673
-956073920 678752445
152205635 260079252
815762103 771058057
336704268 162217815
10
840868863 -313905082
357602889 -781977146
-296977798 -760859974
284530251 -553157928
-675592649 158484872
568516808 700241937
548844983 788360800
-201141006 -644632080
-483374061 -344211242
-44403892 821091696
151214434 780833221
-15626086 -841627084
41377385 -561996549
-409116688 11457862
-908246212 -787326824
-14702770 -355840601
-78028728 476672205
695932128 -807605047
619103142 501233263
-557900556 -928046506
-710902797 248698113
10
659003513 617700141
543315573 197363751
-976676174 161536634
319873214 750534641
-290235807 882633119
-609207059 51983667
-543357676 828485543
-134450563 -764820313
295105735 986352342
990536185 441425135
-730761056 -649095615
-340079161 684004771
381219190 -301995941
798556505 -640618831
395308825 -565986659
607773781 -932776128
-744764812 212978463
-533216524 -527864553
-771601130 146547707
-343436176 97228488
-322862167 139730584
10
-506042416 920835439
-640425272 -646512356
127081912 915960269
-973028876 -815351643
-728917010 279014449
-915445321 623816092
254888974 -517894363
-706342266 -411868662
8756145 928636403
-526125791 534484393
-51906866 -727340796
594665808 -47662698
-262569571 -134889828
442387420 409977410
-991697969 989372557
211682162 -845310961
403482409 -631513779
952578852 295172563
71037155 -286448263
115375717 -265062238
920528843 649066697
10
-559954897 424618222
263293557 -995988584
-152107539 974610988
-925388616 187984112
293521031 231026242
610902 -676992937
617437737 428058839
107685007 -673806388
957786546 -225943906
-895144862 363730632
-872215601 -811236201
-280160020 575177115
970872042 658655372
-464367697 -879314897
129980159 378658698
915686609 870018445
-23151924 -626851177
-139964273 -172751188
-238330588 -772195477
894775913 -536214766
620289681 978850777
10
-534215244 -133482417
474423980 -169954067
-471758175 -537027117
-147991694 -717342448
-608333894 -305117707
-129357129 386187388
748844266 -783081021
477547900 794161845
660258194 704457893
539457124 -227079182
-648375771 13062438
290058856 24309486
340633656 -368551126
-263433162 383121764
764509226 504896765
885035442 597069682
-447941673 314963655
-160044886 715606073
-358028691 -346035359
-637567253 143572743
-951532243 -298693508
10
467973114 932007068
290066042 145084588
835726555 -841329758
743568173 735937102
-817938022 898967724
-951407640 -351974534
474449931 266204390
681741413 995666930
774510470 -157696476
-616856350 339368650
-154670498 848632015
-835111885 20660981
-850247763 -964970219
-664973205 -906762063
534445302 -708909303
-606386581 211117179
396437993 -915412906
-978868650 -180185499
-632744039 -397048145
983997245 63126552
-95966770 -360289109
10
317824961 685284822
420199877 -981386860
445931971 -146296049
-135924344 235146184
524999392 -552528795
-839172553 492490609
680685309 425596178
-480069127 -632760326
-670783754 219588656
-170481526 -746827000
-86476901 222149296
-338348353 -291076231
-357471167 434335921
379903478 361867599
28043473 820727402
470976117 -136129039
251100812 238976313
473468085 944187844
859997708 -937954217
273922892 -589897940
310316003 -963720758
10
-184539371 -793826745
262790980 -852865635
133611664 -863662530
-941176253 -191744985
507986636 -870593836
675964390 538005484
393625931 -933098706
276117683 -209267602
210622356 669882420
-749932897 -747680252
605302264 478110593
-486075139 -644072601
329854904 621437060
325633320 923872068
345778408 199949858
-461648765 -279381360
777213853 -716801946
-114051368 634550179
274062835 -385359586
-134887166 487127654
739813798 -86817760
10
935783024 -671950876
-68877975 -345444708
699569516 -15116529
-867437173 42908256
-602451416 -222557723
181857997 411121282
-210656018 497834761
305534799 282962200
-590199422 -461724677
592249303 140327060
332848398 -218879865
-281408360 -924176277
-88473404 -134462572
-966655576 957228827
986769321 -591232350
-642276397 453884474
367435758 -877188682
-641946335 -441214433
-436946956 419578632
-685233340 31048865
-207256782 -353264256
10
272928747 -118623779
640377411 -571896703
61912035 966482481
-102252357 -775451115
-135640778 706072652
-238575774 -598069285
413473996 -206635536
-649400969 970287102
-582496620 150249717
-400779869 541937740
662444637 944783395
273429231 -296923779
147037359 -703789600
-458884140 41797987
64610324 -928014530
-173482165 361040855
-982141053 655112102
113435529 -661547249
838705607 -164526675
552105995 -238385338
455104920 -595364790
10
770764874 416873998
945669013 125625428
203138779 -552544693
89287884 -636607481
-905408429 -337348177
-660987375 -488910310
67115329 371415212
-566498361 597532855
894155997 -217724743
-194625729 -664037538
-213392323 -394086787
-784066377 -384320482
149464586 -711574704
-306624601 314079177
6918897 114780325
465602653 -253625313
-132600912 257492986
298062381 -751915600
288768779 -183178183
608823501 -470001264
253382445 -68323502
10
383648415 -552388061
-621339862 146910111
-694963089 -288085406
517200727 -628188983
997850402 964902375
-889290135 -20120441
931159723 387548009
-5518704 -618065923
-662571938 796626760
-861588341 -440020082
309157478 -745000043
554418340 -29508569
-88801342 -190024945
-648072142 -318437626
-658936474 -379155555
-553732682 401935108
-867197922 -230967481
572975993 483836587
-886058096 613667857
-655288558 801826541
631785046 734034137
10
-588816072 -834081344
161094392 -670437139
-397303980 979145694
127487481 -713591155
162621794 -769195489
-224033299 -995827718
404083676 884046102
-483521895 -681373633
476635004 483504302
-28321150 540796968
816842456 -398801895
-573991594 -787182650
260946001 350827017
-847424559 -760020825
-644278035 -975390687
291880173 570413247
361437505 -758095444
-496654273 -206435038
572885270 181770175
-904221622 281964249
-730280602 983443822
10
-648319221 -176127085
-824549304 -695182853
313308340 -63636680
-301829170 -693490592
837851556 513823697
596126276 876102861
-841587268 710564897
100658296 -660137580
908692373 -717989069
-738674806 -511505751
-707122732 -644258842
-652813936 -556874445
-862068105 86520958
104307471 542004529
-362516287 -607133686
539425326 -761508168
127751928 -563997720
-323866798 434766543
-972567156 502325456
618718019 470921943
-903349838 -98347592
10
427424830 189313979
-977724417 -276414291
-894864992 772538428
160225018 -249620428
605508226 -355253367
-945805125 -679785397
-747169955 591929355
-942071682 -208834659
-694602776 -674755756
34144099 274733528
149559430 882468404
917395230 -477959466
464573749 -366545665
390586972 -469275091
393976378 661896729
326028227 -728295769
-17206299 517020436
636627474 827421548
-837145352 203919464
-316473780 135168543
-467000941 -39090218
10
-66302560 -10117743
-604703104 588027707
54923439 -526733553
658486164 986720741
739767237 -869368487
-204431437 -112331075
-517256428 -721986956
788315089 -969405783
-51569708 644306416
-738447731 -990023520
-829008300 -475600980
-698541342 -298241461
-524407545 -651726143
545793330 473597373
969647613 -592970008
217676655 -991824275
963883621 -831619437
736176048 -328693579
915436862 967487910
-383876330 -975607338
945594110 -778993353
10
459507272 380521276
7780350 -439164633
-345696708 759172810
117843038 401012516
806667510 389572443
-340594818 607292160
-437445687 627341303
-626431865 464961570
-290889059 640844990
844252609 722139118
-792421234 262894240
882625185 -742553797
866285569 -484573093
978494404 -81325314
905526125 -246028030
853399296 -168315057
-842204516 -837052879
-389370472 -973855111
330502241 -996034918
-930843077 -468231360
756094119 806114118
10
-321352313 -253957002
735153006 354512106
958324148 219598320
-942429569 218609473
-382111922 761510507
-502449587 -971513321
887084441 -957765850
159772346 732255856
-411613781 992488751
-273683014 -87449040
945173938 394834491
51816391 940201886
581418760 647500854
-75131952 -229337444
51720441 -672429764
472385997 -62595996
9077642 -110414459
-516946021 200056199
-821859225 -580181687
402623002 -43181699
-112347023 -785294464
10
-216566602 -57102765
-7985762 867763211
727835884 463844460
261195994 257492074
282734397 -671305048
48134986 -803629833
858531783 194048072
-868718305 -14240798
966071862 -561074949
-592978482 75254137
-278592140 -990751136
-173148530 -474006641
327710467 -672740302
-451858875 -346424964
-743207547 616127554
-117350372 941424607
-343145863 681551785
-43927219 242600219
-896569536 41554831
272854726 784788921
-104169243 -780299412
10
-16589871 139907597
-274615302 -724027927
845453844 -563540707
914699752 -683701625
4779106 658534987
-340194745 888868130
-901524174 520816198
7489998 -903748132
-350023909 47154108
-109377203 -263653605
973103557 -490977669
710967922 431848530
-623487766 554309582
290079372 369121898
-455521113 -371149252
327511555 279113008
741035792 -378725603
-306684529 -693130719
443786126 295709035
497587471 444299063
326706606 -364762953
10
287856498 -483499421
-303653115 863720498
-646048450 -665984534
-724299390 577942497
204007082 -991361701
302503750 879729185
-23501916 -66715780
-512655342 -700945846
91449104 -820204940
-693901103 380844120
-40429979 -436566069
378695500 -613265824
555797016 -480421154
-106827174 -354989142
-799942844 548730143
229235416 -33030622
845596003 -321758041
-630576557 -475400170
528988681 -76541629
-299458666 492864490
522052335 -691591913
10
536694804 591248812
504943999 -468586367
-915541236 -988227313
-704928309 -269813480
523299488 941955735
-6412155 -601911351
264380144 86409949
386062855 803301782
-343643231 912222397
629065830 440406013
-679275334 -764475702
-355468129 -260342765
783816615 734152991
-738720541 867309751
-451015395 194525529
713450553 -792245193
976604462 366674197
-791842527 -748195446
536371294 -551016464
956254447 -206128035
-709766250 23290719
10
398085863 -603171799
554867078 -80263402
-574271714 947291451
-523346517 1102277
-241497792 -316301930
875967846 -963300726
-523091765 -12248153
96718025 -312279220
-233821888 -156402222
-339165842 297744629
350077477 -560041457
-402947614 615869524
-159093288 -470755517
-865223287 744468259
831296975 -127353173
409412832 256857820
360245654 685301269
696624606 -118095018
-755082314 752897756
771932352 711323921
-27327218 65942916
10
-5977256 264985201
-481815287 84299612
-722632752 671839952
-61947278 174662833
-258915834 -666923502
674334610 -264511199
-555576919 -529385093
-557513146 -859297577
-593855180 372976380
-97751549 -292298704
571261592 -412813609
154332378 -502973146
966448801 -668312117
958202422 321233085
-16433579 619223594
378186380 -580111076
-558101568 -11487896
-10544458 813432479
271773135 -213641840
-292751712 -599992923
295144835 -394987341
10
-887291926 -795960130
914211284 -303448713
4137618 614464406
-152591397 -715139477
-90222296 -449678706
-962062565 959327339
-99639719 185482811
-943655583 -746738659
-749213361 608143065
978812766 974417526
118062844 -199675336
366563493 -504961008
-231293128 -605205842
728444729 -40715860
528819757 -768163650
-61784402 764636118
490086962 -454564935
666948865 -662067901
678042031 -354586272
-471357695 -248610698
396171160 -168459014
10
-290529701 -88680636
-196631488 -141987215
-595237111 -89902590
-575585044 -65338518
-198441155 -102712247
-473064662 -127564802
-258348262 -150243871
-473456901 -159123018
-523121715 -134335887
-187086916 -164890249
125946770 686760883
585852710 230270097
-128673899 -410056781
478426210 705655784
455363386 -280536651
126629636 18315297
46849488 495478721
537714123 539362824
-49413601 80993229
627357535 -490929710
541341634 831063392
2
791462860 713236903
661972623 705938617
-429840034 -349562649
-224012889 -479227300
620211807 -249222328
8
787705175 188519585
781076438 95853538
763008802 400043124
809704858 225292604
780715588 114996603
772672546 200978978
739906344 145533437
769190103 260169196
-61172744 31781037
-109872809 -88751514
-80215172 -129666159
-109795963 -81800339
-43529462 -149594999
-81879162 -46688459
-62089162 -27909475
-89247830 2544320
-109079709 -54135442
6
-585303286 -217969662
-591159020 -444556710
-209715207 -243740596
-324062633 -29506885
-212959629 -293840547
-258667428 -582062657
334643255 43575831
60490005 540033653
28048217 -4386002
174722892 401655458
29038113 -287370342
-31383548 344901168
303889738 197454546
10
-269163043 -295241876
-124007500 -619382670
-205520643 -495569086
-186132484 -309450225
-123629849 -304220726
-252490775 -338211065
-289972001 -360322418
-382337785 -503071590
-396176732 -439626239
-133566827 -571681837
-571728223 -366044253
-531426196 -715522101
-565473128 -526058508
-530785069 -524505868
-574165332 -359097916
-523966069 -570132129
-515618528 -616472703
-518428666 -484570073
-521921774 -581582712
-503646099 -675391940
-547945265 -635360087
3
-566397988 548663173
-581564393 523522151
-655545470 520919377
-228799040 659477170
-331160518 525445658
-318343462 604263511
-195323227 617078170
7
-387928889 281080388
-514058711 82702276
-236045828 557274900
-728047736 430412643
-312094032 297678458
-827734545 164448776
123541529 218597978
-411319847 -594970145
-402543869 -618042263
-519698260 -535524311
-493326419 -504404012
-395937456 -584756660
-510739567 -646663775
-523865134 -524672795
-447121726 -505506959
6
292201756 -786345027
210163935 -696742751
340081710 -730072276
234485131 -596549687
228227339 -759309493
188842488 -631296922
-295862254 -210456252
614608390 -250947711
-213719940 -226109994
-41250702 -250371193
150427926 -231710588
-361882703 -172611596
-320853395 -158651074
6
-296995239 58026281
-272528022 136712008
-518370599 124946527
-157916694 134687842
-343842591 107904233
-739291512 123090614
-234513704 -124743496
-282413033 -315886737
-236868019 -521637656
-540385603 -266893733
-483107989 -514185816
-553785066 -420705027
-251164425 -44697615
3
452962351 -355457647
217556860 -386042627
-367072604 -346897734
-235036034 840884944
84895191 944611054
72476289 860896623
286694776 668903621
4
-433000814 277555702
174430031 261873727
-252415734 -205256731
163384937 -55226678
-158696485 -614164372
-74377086 -600142465
-55994000 -647642112
-187417512 -580017787
251522950 -650926384
10
-550854137 398547023
-447224019 500708134
-696515557 398418663
-457086892 449556383
-694705131 403571849
-462657950 346503649
-433995888 561339983
-638019916 345068969
-530976930 541066367
-642617639 380538595
-276847595 -570937027
-125863070 -611423643
867018665 -535103272
19336039 -565867977
90098816 -587865055
453985876 -598065568
467557163 -572545900
626977987 -609979372
-290167198 -600063046
-378332160 -601440818
597630018 -572761381
2
-413034809 -181726284
641891633 -892154507
423834703 -566464599
317561788 343802096
406982606 -97170349
2
406119982 -615538078
359615470 -587966636
-263939276 -606123543
410392771 -298572963
415122637 -222663924
8
46118565 -353930722
334398038 426059436
-212141677 174066506
-415852990 -611512228
411728543 -789042011
-32410056 -757594853
93293616 -27194277
11666066 -946529568
525672597 24626211
-177754131 89959100
507967675 495845579
-313526291 281509091
653071712 180355957
52647651 -121180017
-464186900 11873441
234805179 337501357
483203874 161298107
9
-246621243 273250564
50627398 -229900390
-331785990 -600828767
18655523 370772705
-139702872 72214018
653727758 -612635442
-34992012 170556156
-72367066 61223491
619534111 220356825
-231906786 -181520807
-134247591 499063250
267090661 544929387
192625947 275755861
892672574 620205466
489817617 117644746
4980228 -256158047
326356601 195170759
-537893010 331346990
891318420 -664224342
1
356164226 225262944
222814490 -407805025
197994362 -52019662
1
-671808543 513812375
229820979 -248956929
-285224264 -236122206
3
-528241771 528662232
-339616682 518714824
-853006519 347835875
780476156 -268339469
562422567 -199414461
632362915 -244527270
483109443 -57234748
2
-570832237 -446867542
29199219 -155918182
665876601 754631674
137072645 804232629
141738071 809443841
7
-618723997 27748460
-611161412 163845676
-582449261 449441391
-547792665 -9351413
-583303781 733331768
-580801519 561255596
-626028075 438799561
-103366285 197810085
-224858512 135335586
-187995084 179184313
-61773828 313345204
-67015797 148472819
-319108620 331959332
-295336853 -441368400
-186809605 -177337951
4
249850360 683966273
351437238 740510585
366789014 746331511
474374825 752632400
166239548 448026945
160524832 616721017
132909731 -92994569
133345589 136418787
130284924 -179321692
1
19794295 211720789
75802129 -698810549
-2822738 -694463354
9
736058840 112710269
814596053 60218098
899007724 -227419618
823142166 22926886
729692838 -203137147
843939669 -62496397
703848536 319317622
807644113 408036292
733711280 -269339379
-39101543 -92252446
-9523328 176254195
308685855 439544974
128916958 219203705
755566429 371379531
704675630 -44070930
268591815 23273677
473966828 176265214
586480355 -101146563
177381155 240447902
6
446796485 614664312
794977552 932459518
925709936 -106106525
781575974 -399926272
393714849 387846525
680619990 877270436
311705807 -234293887
-14927604 -189086380
-50570992 -148399091
280664978 -172786351
65640199 -234598262
246168432 -155909375
39797157 -290421038
2
-706840726 -216371678
-719712552 -509189456
-628558211 -435571788
-847692333 -567423217
-777233094 -352555924
8
-882900519 -157112986
-523263396 -266124259
-639568203 -283424150
-922560100 225542805
-662477872 -65659520
-703226126 508475725
-420880545 645550960
-563040074 -136468297
-532891626 -186598037
-374137655 -327496445
-76677963 -201253182
-48338960 -604136744
-172382732 -290855142
-325391547 -305827987
-521901155 -120093127
154125310 -838467978
-132403352 -748738844
7
906863505 -17283319
924490701 465968697
937461810 -215891210
879310890 -771642349
937337072 -118199227
947735999 -235784410
916112919 -53912
-146339223 -442625201
64897373 -362148907
-109914803 163814334
300835415 -197930297
142931135 -438618168
452002660 191551138
385092129 -523659487
-154408929 187175816
6
720791221 -151066513
922516895 -162589948
687854368 -137488665
939661095 -175675722
744562418 -127237662
653856960 -180591169
89775812 413217241
90309264 416649278
88163688 412943020
232701314 421218092
128354725 414798437
173704205 414587806
84838813 409420491
2
134926075 -432389934
-163651915 -211804742
284762021 -410425074
118468295 42730345
171417514 43481385
2
882283447 45317439
327212944 -556162994
-44327612 446261491
-231885879 574785049
28748172 340698215
2
533971976 -690253928
243995197 -640651388
-514614521 285274391
-114440510 -103101470
-729586807 489308135
6
-396606735 -385257913
-893968958 108219992
-291359716 368545513
-705158347 -212225603
28400113 -105515706
-498442941 -393581705
209317983 -725278756
201754294 579433191
370841150 -124202834
461727077 -953882337
55683602 -293190655
-140736029 -435156843
341940818 -917354238
1
355503458 -23327857
157065270 766202240
537314465 703089133
8
295725733 -6578130
-51331137 -91812589
-215291001 435784977
157022298 138053912
-172089647 671468969
-809452873 156160823
-791914344 720958087
-122018036 411445422
-865639270 175554873
-939941770 165427044
-955800040 190101395
-868992585 186482933
-928215198 158781445
-704385480 151441657
-647630400 147546073
-885811137 178516429
-608085842 173064832
6
-701564756 221520678
-495760673 277329775
-551846864 191855754
-583512343 290339676
-462652656 229612326
-394283345 276783934
-339502733 372145179
-276385716 273694574
-28389895 -126279179
-395915675 335556285
135455920 -20336238
-236382663 611555094
209108591 -20571524
5
-172804634 326896048
-44332540 249714930
-54622982 154874714
-152257111 273221773
-102526406 387105985
-807818261 -749034836
-780866044 -407554202
-759961056 -717103264
-816679270 -582395549
-710351621 -445363464
-724525951 -61702993
9
-186694284 238089676
-166313705 263605596
-491644685 648516223
-150559474 471607444
-62928561 823278359
-270767744 281284688
-101766706 545941613
-313480647 122598072
-501548188 612114859
274440429 -108882328
313284951 -84029762
6197335 -902388133
489814973 -579393055
229431303 -663019266
-15165902 -56920591
363501168 -61143914
249071858 -746421340
-253828063 -181835191
-197239410 -780978413
8
34549541 -299380208
-219079162 -293570883
-149388282 11773299
-500597642 -52724830
-784645230 -376938575
-221797289 -219402516
-638159896 -208082276
-234860313 57818241
-326700132 577242205
118482798 601007429
263468959 560238668
450494259 521449194
-596315218 561891856
278101838 491850531
-61560701 588565491
-265897939 557258324
-671942380 578199009
3
-166152762 -672952890
-144724390 -972876817
-222169656 -905859130
350422556 404955125
274181638 164503045
503066991 6893734
488174507 130174654
10
338616079 -79164808
302107776 -128686724
361253122 -261173361
343648620 -237192928
257413768 -151589799
363798148 -31276521
352932288 -182491621
278242386 -104774033
391377745 -65218110
335248408 -77283968
-703113818 697976971
-715948978 625532875
-710339647 670837077
-711213809 651133618
-693965384 799986886
-698183958 765646314
-708577651 521279652
-693829610 591552506
-697902177 816961330
-700116502 578118598
-697001860 568138075
9
-254459194 -312060431
-169366722 -436958299
-380036607 -366486066
-111531654 -298820764
-231399604 -51272951
-144728299 -331755805
-353964869 -198086167
-163338206 -503563446
-306768480 -282673901
255520995 436284387
343930675 470974458
699915661 149825188
390123668 -451848870
444990641 36825813
837634325 -127708109
334243203 -502229771
357698383 108359962
732167633 -694292276
837536429 -768771838
10
-353796407 203185822
8280489 -339078704
-485769894 -240436320
-2273162 -188981844
-19173328 -46391315
-459785428 -174513277
-18821474 140584599
-500962805 -37131902
-310800257 -146676682
-320604355 -283750036
616668727 -806611636
713009497 -274896100
895118657 -741515894
947675730 -37890233
805295251 -693984704
944796550 -754760054
815659868 -64120020
894112565 -65321968
641324105 -150305149
744884305 -685220698
592907429 -830966866
7
186590795 -783803421
291807098 -508273865
426472771 -630071692
638137855 -839574499
633212732 -580082409
426088979 -638007293
408483564 -895296192
231382063 173078735
218353382 180107217
-122248369 178302374
48726696 202781030
313673676 182645837
-89830851 187922470
-156790319 177287145
-213646485 182151241
1
253018329 -175438482
-24456559 -183575841
-293379016 -226067190
5
737314270 -204752500
724199884 -433496310
-278756389 96778010
247949184 -770477575
409223019 -567986410
-600737947 721479974
-456623331 747414244
-510038464 734598546
-442367338 739888950
-481451121 716729336
-469414561 717435024
2
-243593617 -50554351
-145187372 -255731574
-526029667 -60904365
335343727 396779901
361397136 293270438
5
903323871 -215650856
904511865 -589981787
908932743 -524031537
910851618 -738580207
909109290 45610724
-673672684 -557479512
159069013 181294468
-17096081 754508823
384927962 -558437585
430450336 31923901
-79832307 761229118
2
596057443 77681829
470534488 -280958131
495778565 -68594907
599861477 216020682
607051793 -646830392
6
-277627915 -23227095
-563243247 -364085778
-477710257 -127562635
-427263496 33971767
-329390575 -247795225
-420669156 237352792
-512754683 249521340
-453851682 216965349
-488167758 74692772
-477536803 -122893561
-421989836 499577988
-568877777 77123757
-465231114 -316383653
10
-162100746 738321951
-196212072 793578240
-182110718 745471016
-255138511 821933753
-143665727 782494389
-144095611 822855675
-152022974 899308025
-227476381 799176118
-141909932 750034241
-198583129 815436893
-680039693 -163072054
-813978226 -58812570
-520022429 -136194143
-714938668 -333497732
-865108919 -274875002
-853893539 -134383200
-350224498 -263355109
-381321180 -315906633
-598679271 -47064399
-388956688 -4485114
-716624305 -151925830
3
-801119999 291760340
-458928817 105243286
-62677877 326622902
90176431 -796482357
241092588 -122306570
111088074 -462342631
203128831 -757866824
3
191071930 -533604589
455973231 -71033311
284818157 -477930814
755078867 75727129
457245146 447889983
476874212 -631737488
522029026 641738507
1
-114752227 -15762825
244377716 797935531
114127608 835642810
8
517981430 -542441660
458910427 -461472116
432604948 -408384651
240457984 -542856787
175443235 -469598811
405539948 -546117383
807190097 -562273722
318856715 -509604210
-330207478 -414076851
-343303463 459944044
-265643171 251454670
-163575990 21001001
-383875880 257788222
-317938304 -277459372
-334157483 -413954056
-68513374 -41710149
-312513776 337429114
6
40948696 -276645808
106931376 -514700069
60659404 -501475718
136738320 145333602
60922372 80591451
47431733 -32545449
564971198 64106348
22675784 202802072
-46260920 -2027582
358149689 69648170
190214278 79094653
612536364 -11896255
60879385 197957849
6
778267203 -298257356
834695851 -110086166
197036863 -188405743
291308201 -471441556
608667699 -81144515
422149275 -456318494
-371273521 158796195
-120216198 16326848
-260151545 353801776
-15847780 366128623
-125548189 306092865
-606648052 21363823
-154025950 437654942
8
740148748 -11270768
479384416 -122382537
764474852 322056579
611209585 -819792115
632130812 -365093032
376526915 -567836037
561481166 84476375
731711349 -231603641
541645722 -724992308
443315379 -262825614
-650288354 -205528543
508795139 -212968517
-470387845 -240088649
594028275 -13310868
-64571234 -164229547
-484266173 -718733893
360296590 20966300
9
-509532211 288201411
-719162922 381399967
-282882705 338763632
-484429942 840845399
-508796401 174048582
-614142126 715412869
-703462491 722970804
-541119103 109390837
-652135341 736161998
268468578 -264910079
428181012 395057647
123221295 162417234
234703747 322737760
174520001 279316475
12710229 -543224427
-26346363 162629811
441805164 5261492
323033763 -572416284
66220618 107063864
1
-21004320 -16281426
863958950 572564850
851768869 572520387
6
328360582 -576495225
319128794 -846411589
29681550 -833179574
4887272 -646272015
-105758947 -841063203
-139118278 -571674188
893565426 -777761406
383418384 -496434376
549974551 -184358233
68933634 -675145040
-22607192 134739958
127789909 -177259693
504721526 -14871382
5
443811156 11071040
550531313 -69012279
295098208 515958781
483843044 244457830
626980455 228271677
-623162784 332850798
-468408620 275518835
-529849735 202269386
-854193555 245550485
-564146579 255286713
-783684741 297095734
10
-117384218 -320084953
-215601854 -138795090
-490006916 -275297427
235282643 -441494546
225775811 -304023695
-103924504 -98458045
-166091579 -159281551
-319310429 -370161016
62196321 -38598917
-171611191 -443490657
62554147 700622528
-388928236 16371206
253248271 -175885467
601688730 -124996423
-18798637 -475583760
354955772 -174899172
734279777 -138453290
781055751 -570514864
428240565 -206222591
612595279 645262625
693596983 536269555
6
-231914579 -229080816
246979264 -229071620
-45935968 -311887062
532333298 -177882813
-10200249 -190029419
183648725 -166111626
186468989 -27474849
438777127 53297685
-12970705 -114005212
-278949461 -6005075
181587350 95583309
193790042 -56957501
440905945 -50727726
8
337613123 295484151
439720261 -228776442
600039206 539231196
-327725513 507795513
247061239 -36197981
114769072 643105780
729348854 566132782
-148429096 -167788641
-331665353 624986132
-387859983 703947794
-84502825 647266395
44100908 575814692
-35455673 587619038
-194695682 614344314
-431431813 661125198
16685673 620875007
-121337373 669841511
1
-407612675 452287183
588597009 -101593504
882413515 -98644948
7
640275469 549146105
337617100 655058285
40707542 513451695
259350291 590713837
308896546 450813403
590895387 791987749
21013968 865489048
-506856659 -780211484
179821743 -859382085
-243657311 -672403431
104761854 -710778333
-731114796 -678383068
-734325798 -713410497
43409720 -754924030
-684778225 -773109951
2
-258560114 -165932614
-147642511 -166142618
-718430498 671409466
-855085322 51047816
-965124454 643589767
10
826990670 448456217
538105904 781407337
393802490 723372460
474018301 -574378443
479593775 266651429
630158492 -504874741
452132291 -282327709
641902498 -426040475
442165112 -326286670
284696005 -590282781
280431308 -8782741
633387558 61261317
327009528 431496613
179848277 277673313
441956165 320159050
103505753 -47562413
266807575 82070279
739227284 77237396
401513406 -80619924
151662491 437237321
742980195 159570133
6
-539758157 902367683
-483776946 -131595593
-579553998 96487274
-546945054 925459935
-629542131 40004265
-577485126 771849244
650435135 -288270776
-52040908 -876898086
-336221740 -897591311
-133585262 -806112270
-353683592 -626747797
817131508 -378383677
-87775155 -521932171
