100
6
1000000000
4201900
861045558
494116827
899340121
899340120
899340122
988032194
985771610
990801528
990549712
655
961
618201154
985745888
465466900
191712720
691615849
110785622
346830892
599664467
500866682
305815434
46077156
922149123
198807212
64512612
956244483
442938096
198094155
848105019
68463217
348923993
838075803
109121045
694332397
846495390
157650197
135249937
420551635
12318638
107938997
892471348
10260214
557373159
445398305
75523139
417846640
377134063
2247001
621155926
399640079
190136519
160250282
140019888
662908006
152004245
42863209
223532401
849256139
190522789
326488701
686754428
73770854
110880902
559227684
922822768
15824364
588014001
539075438
395134765
372683014
214769021
158080310
963791992
471758352
940403532
695851577
807696319
969139099
224939779
976937531
472844987
113103208
698386308
312016873
950057296
730999335
858900235
722534399
466041748
194546479
522579599
380991217
345588087
35604888
840651809
926593517
232562423
