100
54
28 53 22 45 94 45 9 34 83 32 49 19 46 97 71 78 72 73 31 35 8 30 13 4 48 44 23 98 4 86 20 45 97 70 82 20 87 45 88 16 36 82 27 6 38 86 52 39 94 34 37 45 12 35
100
1 100 1 100 1 100 1 100 1 100 1 100 1 100 1 100 1 100 1 100 1 100 1 100 1 100 1 100 1 100 1 100 1 100 1 100 1 100 1 100 1 100 1 100 1 100 1 100 1 100 1 100 1 100 1 100 1 100 1 100 1 100 1 100 1 100 1 100 1 100 1 100 1 100 1 100 1 100 1 100 1 100 1 100 1 100 1 100 1 100 1 100 1 100 1 100 1 100 1 100
100
1 2 3 4 5 6 7 8 9 10 11 12 13 14 15 16 17 18 19 20 21 22 23 24 25 26 27 28 29 30 31 32 33 34 35 36 37 38 39 40 41 42 43 44 45 46 47 48 49 50 51 52 53 54 55 56 57 58 59 60 61 62 63 64 65 66 67 68 69 70 71 72 73 74 75 76 77 78 79 80 81 82 83 84 85 86 87 88 89 90 91 92 93 94 95 96 97 98 99 100
100
100 100 100 100 100 100 100 100 100 100 100 100 100 100 100 100 100 100 100 100 100 100 100 100 100 100 100 100 100 100 100 100 100 100 100 100 100 100 100 100 100 100 100 100 100 100 100 100 100 100 100 100 100 100 100 100 100 100 100 100 100 100 100 100 100 100 100 100 100 100 100 100 100 100 100 100 100 100 100 100 100 100 100 100 100 100 100 100 100 100 100 100 100 100 100 100 100 100 100 100
3
26 68 81
28
19 52 40 56 58 43 87 90 20 39 3 38 30 77 41 64 46 70 9 59 42 8 97 82 49 27 58 61
93
91 77 63 5 77 30 79 36 6 76 18 67 95 11 7 15 29 3 71 46 16 75 45 68 77 100 91 27 75 46 52 9 28 81 60 16 6 8 52 14 80 35 56 31 76 65 20 44 10 61 64 84 100 93 3 76 8 43 68 30 56 85 3 6 27 92 29 46 96 46 66 80 44 53 58 93 13 14 73 73 73 67 86 14 25 33 2 94 73 31 49 9 85
73
92 17 42 98 24 81 77 40 58 62 20 55 65 49 37 62 34 65 69 99 94 30 68 42 61 91 90 90 28 43 73 7 45 69 82 33 90 52 22 29 54 52 9 13 65 15 67 68 16 62 70 1 18 76 90 20 74 14 78 51 4 72 79 32 65 32 36 50 38 16 36 30 47
11
50 53 81 74 20 76 91 23 68 79 12
73
76 70 5 51 46 16 38 23 72 9 55 57 87 57 27 16 44 83 58 52 100 78 29 36 40 72 13 85 46 37 69 50 100 44 48 28 42 93 52 18 3 94 28 10 68 85 75 52 44 39 89 85 20 15 86 80 92 11 34 86 21 12 92 71 26 22 22 32 28 4 50 73 97
17
93 35 6 88 14 91 44 94 77 89 50 37 98 41 81 3 5
55
42 33 81 83 40 63 20 76 73 96 30 31 77 49 25 28 7 8 97 70 60 76 48 6 48 43 76 42 34 11 44 52 74 28 86 65 53 76 48 7 84 95 57 47 22 56 61 30 12 17 95 6 86 82 20
43
84 17 55 14 41 94 91 60 27 36 88 96 56 17 85 76 53 72 70 59 90 71 11 50 5 19 57 95 87 55 74 32 44 43 31 70 9 92 88 55 73 74 11
33
61 61 54 94 20 87 31 47 21 83 2 72 83 28 79 72 9 40 30 56 93 43 31 35 9 20 55 33 33 18 95 48 30
90
93 44 56 16 75 55 53 58 37 90 84 91 17 17 22 90 21 63 26 90 15 53 42 35 87 41 58 74 57 38 35 49 41 4 8 24 37 12 97 54 28 47 2 17 36 81 40 19 78 87 8 91 27 11 99 13 11 69 73 67 59 74 84 63 49 36 38 21 26 56 46 18 65 71 41 91 10 52 30 28 46 62 59 34 10 86 71 28 37 100
28
6 51 67 77 27 76 39 89 75 98 3 17 57 33 76 51 92 24 43 87 45 95 12 98 89 13 96 12
14
29 23 100 73 92 11 73 12 48 4 4 84 84 1
4
70 31 66 57
91
99 5 61 42 40 16 84 12 85 92 89 95 34 94 74 15 92 69 2 85 63 25 43 38 29 31 61 21 1 58 74 33 50 87 81 42 16 33 86 15 96 32 38 65 63 62 35 27 97 56 48 29 73 56 44 53 22 78 24 12 32 83 73 88 39 10 64 73 76 82 36 58 5 15 67 6 21 61 46 50 1 6 44 22 12 67 26 25 6 54 68
47
19 38 63 3 60 44 76 20 86 80 100 16 69 19 39 85 92 41 4 7 87 50 37 93 56 88 83 71 91 73 99 31 81 76 50 74 19 38 70 87 53 11 7 98 88 46 17
75
56 94 68 16 16 5 80 78 67 82 60 8 64 29 1 72 31 89 34 61 13 5 58 91 77 31 16 96 6 18 35 88 2 36 55 96 25 38 85 42 23 90 88 91 31 92 47 20 21 92 73 69 4 48 45 97 31 44 34 2 94 46 89 67 6 47 84 18 87 70 49 63 65 23 80
37
29 82 75 69 90 3 59 14 40 95 4 24 32 71 59 12 86 92 83 29 86 17 27 24 61 56 12 34 94 56 37 19 32 78 90 38 61
59
83 46 70 97 7 79 89 98 27 11 96 46 9 47 73 21 38 66 38 32 29 75 27 32 29 24 35 62 26 40 35 58 4 50 16 94 49 86 25 37 31 98 86 52 59 64 14 88 54 46 8 19 48 97 35 19 94 100 58
40
47 59 14 31 79 90 22 75 16 19 58 7 74 71 74 89 24 25 26 80 49 60 60 77 38 14 56 48 74 23 10 60 85 90 29 71 15 49 83 46
13
1 43 64 1 63 33 23 98 95 28 10 5 71
87
18 6 8 99 12 61 34 68 27 59 82 77 46 93 85 11 39 20 67 41 45 85 21 74 66 14 6 74 51 64 2 64 68 40 89 82 35 38 95 87 94 1 42 63 30 34 15 49 12 87 98 2 95 90 63 63 72 75 80 1 48 52 53 65 45 87 85 79 18 64 66 95 52 83 9 77 77 20 82 36 53 47 91 37 46 54 95
85
27 76 59 15 79 22 32 23 82 42 16 37 39 38 99 25 72 43 31 72 54 6 14 31 3 65 86 62 47 67 91 38 80 80 70 24 29 4 16 14 56 92 59 15 33 44 66 78 35 66 69 56 7 68 31 58 98 78 44 95 99 47 100 76 9 37 70 75 26 18 63 76 63 100 72 48 45 41 100 67 99 69 44 92 74
33
34 40 69 91 98 24 88 4 59 24 18 58 89 65 1 33 35 24 82 10 30 46 83 44 49 8 22 68 39 19 32 75 59
24
24 64 55 95 31 24 44 93 45 96 49 95 36 84 49 51 15 73 4 99 38 88 29 75
66
8 31 63 95 70 43 64 100 85 30 29 73 49 90 49 95 89 38 78 6 44 43 63 97 65 85 71 93 33 77 27 24 48 12 12 46 19 58 72 75 81 87 74 93 71 26 19 54 84 2 8 58 34 13 22 22 84 42 92 73 11 47 72 57 56 33
28
96 50 54 32 58 80 6 90 31 2 70 11 71 21 65 54 84 72 66 98 46 38 85 77 24 72 40 41
89
21 71 78 36 75 95 88 38 40 19 49 85 34 15 16 90 47 70 30 77 59 73 26 11 82 14 79 38 15 75 69 81 59 67 48 22 32 79 26 74 59 93 63 46 61 99 92 75 1 90 10 45 67 73 91 96 34 98 19 28 16 66 86 5 6 89 28 17 31 53 60 10 6 71 39 42 47 75 54 60 12 100 34 44 9 21 24 10 52
72
47 65 32 36 5 51 23 86 1 89 16 80 30 54 73 41 92 47 24 24 41 51 44 62 58 50 1 53 53 90 8 61 51 48 98 58 19 21 23 100 55 21 4 53 37 64 54 24 79 98 30 97 17 88 66 83 97 38 94 60 45 91 38 65 4 38 18 26 19 8 60 90
81
16 81 26 53 98 97 80 42 94 11 19 78 16 76 84 50 19 67 57 79 86 1 1 29 88 46 51 44 53 67 100 53 99 11 6 85 80 4 99 14 30 89 97 69 57 73 27 57 78 23 86 2 72 99 6 56 12 28 84 12 19 66 29 75 75 57 53 90 94 51 82 3 26 74 63 71 25 46 46 31 7
69
44 55 40 86 21 55 99 14 67 35 83 46 38 46 51 21 55 72 100 55 19 54 42 39 43 7 49 31 71 8 73 11 28 49 52 42 23 98 19 35 54 24 15 81 87 44 9 39 40 19 76 29 27 84 94 78 89 32 5 56 29 9 9 24 6 12 40 40 99
34
98 38 97 85 11 4 13 51 72 32 28 73 54 69 82 84 27 94 38 82 2 78 48 15 42 19 62 100 91 72 10 55 17 6
82
27 89 49 59 81 73 86 62 65 84 91 32 30 86 13 23 39 81 45 100 32 41 71 100 48 98 97 22 62 31 25 14 95 53 99 87 30 69 5 38 80 96 12 69 2 65 78 13 64 6 10 21 67 70 52 22 4 13 46 12 94 24 8 61 93 86 6 90 92 58 65 49 3 23 8 38 8 95 28 95 99 13
9
64 98 45 19 61 59 72 27 83
27
76 18 43 25 57 56 55 46 57 70 39 57 10 27 7 37 70 94 26 15 54 69 14 56 82 3 77
79
23 54 51 59 55 10 85 68 79 54 19 98 19 29 99 76 75 82 65 37 85 11 68 20 57 39 50 8 13 92 45 12 50 81 53 87 91 56 27 47 61 74 14 68 100 82 50 44 86 15 15 71 76 15 47 68 8 33 85 37 58 9 77 30 23 54 94 76 42 69 77 17 72 90 26 43 32 8 59
75
74 35 51 82 46 91 47 11 1 97 4 97 85 65 42 68 95 52 88 21 31 42 40 11 86 67 7 99 97 97 67 16 38 28 4 45 51 72 16 90 53 63 75 53 58 62 85 85 74 68 12 55 46 30 12 75 21 75 26 74 40 71 37 53 100 96 89 5 8 56 6 12 36 93 69
45
33 32 15 75 64 83 78 69 96 1 27 47 34 61 6 60 27 70 72 64 4 90 78 8 15 6 72 40 76 17 23 94 59 58 29 26 15 98 65 14 94 23 53 55 20
20
15 92 83 15 63 21 80 13 95 95 82 47 89 59 40 46 49 90 98 39
59
37 25 72 66 18 74 68 9 46 11 28 72 9 30 60 3 14 88 61 49 54 85 69 54 88 58 37 59 7 34 45 40 73 13 41 77 36 53 74 31 59 93 54 95 98 57 1 34 51 34 10 5 29 81 2 39 8 76 4
86
13 39 40 72 15 65 35 59 53 16 38 97 60 49 19 80 61 86 53 91 50 21 47 81 10 99 91 76 20 71 22 58 24 22 76 78 4 88 73 60 40 45 47 55 97 76 78 4 15 15 93 6 21 98 68 89 96 62 9 85 74 52 45 64 53 82 25 61 11 91 95 25 42 93 89 83 2 12 56 97 25 74 62 62 80 7
21
75 43 92 47 53 64 84 35 15 2 27 6 32 17 64 21 80 52 55 97 31
43
20 39 30 27 64 88 47 83 79 7 19 23 41 99 19 50 21 76 15 27 36 33 21 58 36 8 80 74 13 43 14 42 18 38 76 53 59 37 84 26 90 81 34
13
51 32 69 88 39 100 29 10 63 30 77 54 87
76
78 58 6 31 73 65 20 27 37 66 74 36 49 46 39 22 91 82 59 5 37 37 32 14 91 8 52 23 84 56 76 36 27 32 43 24 39 17 27 14 94 82 32 12 52 58 9 50 80 16 8 71 57 12 65 33 28 83 97 76 2 70 44 64 85 45 50 52 8 63 39 10 80 41 74 31
22
60 15 52 53 29 91 53 58 6 20 20 82 48 96 41 18 77 46 58 28 86 84
75
3 35 70 65 73 70 57 73 1 85 58 88 10 98 58 81 4 41 51 5 13 35 80 27 34 48 31 25 94 76 59 56 37 3 71 1 46 74 98 33 22 16 11 90 85 27 59 47 75 5 7 99 85 93 32 32 81 51 13 33 87 96 28 47 31 21 93 27 95 98 46 78 65 44 66
89
27 98 16 93 87 16 85 30 70 66 6 79 74 10 86 33 21 24 69 84 65 41 72 100 26 74 54 46 78 89 26 60 14 76 79 10 91 100 85 18 61 41 20 20 33 97 26 16 4 51 66 71 19 28 97 39 57 6 18 38 30 66 63 12 51 76 87 23 75 99 95 11 84 61 20 65 66 67 50 81 23 4 1 96 91 2 9 4 94
31
42 57 72 41 74 76 16 6 41 26 99 95 38 40 94 24 35 54 3 9 57 40 9 15 7 19 72 40 90 99 1
27
19 60 26 48 59 39 66 47 7 80 34 86 37 77 42 34 78 2 11 97 13 65 36 94 69 49 70
80
45 11 91 41 17 2 12 27 80 83 10 84 24 5 14 53 91 58 9 26 43 17 45 80 31 40 57 92 80 59 61 20 100 42 57 7 20 21 37 1 89 87 27 43 13 78 8 57 88 100 12 50 77 44 63 46 96 7 36 44 95 88 82 84 62 14 99 69 57 22 66 86 43 48 73 8 65 38 80 2
84
13 57 84 55 61 51 99 22 65 43 36 2 98 17 25 46 4 68 76 89 52 82 41 16 50 22 62 73 45 17 32 82 19 16 8 30 79 4 3 59 65 6 8 44 13 9 87 86 65 55 52 9 9 85 95 50 43 53 37 11 48 17 87 76 41 78 65 90 17 58 39 18 38 57 55 31 13 85 57 63 98 98 87 33
34
91 61 71 52 65 2 10 31 84 97 96 68 93 45 45 86 20 11 70 1 48 13 1 54 81 19 29 46 27 2 89 27 25 36
25
81 34 15 33 7 43 59 3 24 5 98 68 47 4 44 85 47 83 25 52 24 44 81 56 99
46
61 67 89 16 71 59 69 75 83 89 18 56 45 96 80 41 80 34 36 69 81 88 90 80 46 51 84 27 97 14 93 21 19 35 71 91 100 5 68 59 27 86 27 34 13 32
93
91 22 33 88 62 28 88 27 44 48 63 7 1 62 77 41 11 3 77 69 60 53 3 8 6 77 97 82 17 31 68 24 79 45 96 68 47 19 41 99 63 18 19 37 82 3 100 2 53 15 41 70 12 36 97 36 24 79 46 77 17 37 6 45 45 9 46 53 61 49 8 18 58 39 18 12 60 50 77 40 43 35 20 55 56 99 30 31 70 32 73 95 38
31
91 22 23 70 29 8 29 46 7 86 69 44 65 61 60 59 21 37 25 11 74 2 29 59 6 61 38 64 67 95 92
47
5 12 8 65 40 23 91 76 46 59 76 5 41 63 66 9 41 8 59 52 71 14 82 99 27 50 57 45 98 46 28 23 94 82 60 54 48 3 32 12 39 1 91 11 94 34 19
99
73 100 69 20 12 98 3 72 77 92 77 57 90 60 19 77 74 5 11 55 30 72 8 82 57 54 43 19 39 32 9 81 34 16 35 66 33 5 48 100 9 36 55 78 92 2 23 23 18 95 81 83 5 23 88 55 68 68 49 83 63 88 31 15 12 11 87 8 49 24 53 70 60 45 5 8 79 15 81 3 11 52 70 16 46 2 33 89 69 47 3 82 48 46 28 32 51 11 94
86
2 48 7 99 11 77 44 2 77 5 76 82 78 4 31 88 2 91 99 27 53 12 7 89 41 14 87 32 88 16 95 90 65 76 5 37 61 75 4 52 19 80 57 46 88 40 75 92 60 30 13 27 82 80 45 87 34 56 51 70 92 18 79 10 2 94 25 82 82 6 14 81 56 87 68 60 83 99 68 20 97 75 18 80 80 6
92
49 23 42 59 49 100 54 3 24 77 69 26 20 3 60 14 70 64 3 100 77 30 25 75 68 42 39 74 26 74 32 5 37 7 91 5 93 45 8 68 17 7 58 65 52 75 83 35 67 49 53 23 26 54 61 3 46 17 76 8 31 73 37 6 33 32 76 88 83 20 24 59 46 59 43 3 61 47 84 43 16 96 28 32 98 92 45 29 93 67 8 64
98
84 83 100 73 98 94 25 34 45 23 37 61 42 97 34 65 6 12 25 85 45 34 77 30 67 49 32 49 90 44 65 44 60 45 7 69 63 40 60 63 81 49 63 2 48 79 13 17 19 69 73 68 67 61 51 33 26 78 32 93 82 21 47 35 15 89 62 41 30 9 99 22 60 100 32 43 43 25 64 31 10 72 72 15 62 38 24 49 10 25 67 40 93 59 30 39 30 27
30
32 50 42 38 82 92 100 44 86 50 35 94 83 49 32 59 83 97 18 84 79 92 26 76 22 22 77 35 51 2
24
100 30 29 68 73 74 87 53 23 46 24 35 50 6 73 40 44 55 44 90 3 89 75 8
95
92 51 95 88 38 13 72 95 73 90 7 70 70 82 59 98 29 10 86 20 25 13 11 26 36 49 58 46 90 5 35 26 71 7 71 44 91 52 58 88 97 71 39 6 27 62 77 80 49 94 39 26 61 100 22 6 66 40 96 35 78 97 6 76 32 70 71 29 73 83 1 82 47 9 3 29 73 24 73 10 31 7 30 43 3 2 43 72 75 88 2 75 31 77 40
84
72 3 92 65 32 54 72 68 47 56 99 37 41 79 54 69 82 47 2 29 99 26 81 65 9 84 78 78 18 22 23 87 71 16 98 87 21 15 60 81 60 2 82 86 9 18 66 91 14 76 86 73 16 91 36 79 94 22 42 23 99 3 16 39 88 19 25 68 61 77 4 3 72 96 90 80 36 46 50 29 76 15 81 19
64
44 25 27 22 59 97 22 55 91 72 68 3 90 18 26 12 70 54 26 27 95 18 3 89 27 46 86 49 45 74 47 35 46 33 92 86 85 67 99 51 11 39 60 45 84 55 7 18 60 79 31 5 26 36 90 62 24 50 55 65 76 92 72 95
38
2 41 94 39 53 29 8 25 24 17 89 78 37 28 88 14 88 71 98 56 60 96 51 31 55 77 5 55 3 5 1 8 29 31 27 24 43 10
34
33 77 18 90 65 70 32 29 30 53 40 72 94 18 38 80 38 49 69 64 95 87 61 38 33 69 77 41 86 80 80 26 83 61
11
20 73 76 62 56 99 64 67 87 100 100
25
70 57 33 52 28 100 33 69 64 66 58 26 98 91 50 22 94 23 28 8 63 74 31 73 2
81
87 3 41 11 78 83 9 2 36 82 59 10 21 7 91 24 59 48 82 72 10 84 39 12 35 2 54 75 88 95 15 9 37 36 80 69 63 12 29 14 37 18 17 54 2 39 40 77 28 63 29 19 43 61 55 86 79 44 57 19 94 9 14 31 76 3 43 57 36 88 85 79 57 36 94 96 54 42 13 68 60
83
46 46 45 79 3 18 11 27 9 61 60 87 36 73 48 79 36 9 1 73 16 82 66 65 62 57 99 69 69 91 47 33 8 92 68 52 9 36 88 94 39 23 86 70 1 65 44 51 35 8 86 84 31 16 50 81 86 5 27 76 16 98 8 61 57 25 74 92 41 1 82 7 54 63 37 56 61 99 93 59 42 9 48
32
92 34 60 51 29 64 90 3 84 47 74 64 51 4 86 53 53 6 25 53 5 41 87 60 46 14 56 59 11 35 9 48
10
30 36 56 2 41 12 9 85 6 37
30
14 62 100 67 55 95 57 53 99 81 87 44 77 44 87 83 25 88 75 35 40 50 88 82 45 5 81 31 71 16
6
75 52 73 59 73 61
22
38 83 71 1 79 68 93 48 42 90 2 44 22 69 55 52 12 3 39 92 100 18
80
32 26 37 10 51 82 33 87 13 54 79 93 58 2 83 11 8 68 26 26 48 33 79 60 59 64 47 91 28 46 34 46 78 53 72 14 8 43 70 81 82 98 80 68 60 30 82 44 8 87 12 35 88 84 5 19 67 47 32 78 87 52 84 82 42 41 23 22 17 54 77 9 21 78 93 75 75 71 39 17
63
92 29 68 27 61 64 58 70 9 23 22 6 73 86 25 60 96 59 38 6 43 57 98 77 70 47 40 13 52 95 16 22 2 65 15 21 59 10 19 60 80 19 27 27 57 93 45 14 52 7 87 97 65 65 95 43 12 80 49 84 29 34 75
11
86 39 94 57 41 39 69 84 24 5 75
32
92 28 97 57 84 95 95 8 25 9 43 14 85 93 68 59 19 14 38 99 92 52 32 91 37 53 57 98 8 70 52 61
9
9 57 51 16 68 28 30 96 71
4
97 99 59 50
70
81 56 10 37 83 75 24 68 56 75 51 29 52 68 35 83 38 67 82 99 8 20 74 92 11 6 2 98 85 29 22 71 60 57 67 53 60 59 18 82 88 2 49 29 10 83 53 29 42 47 70 99 58 44 23 23 69 6 39 95 57 81 59 20 49 8 100 7 69 30
10
44 29 42 89 71 78 52 74 17 32
72
70 18 46 92 77 60 88 43 46 41 5 26 75 84 78 56 6 15 99 36 86 8 27 54 20 60 1 72 49 74 95 29 12 96 71 6 3 70 37 63 58 46 13 13 58 7 25 90 66 97 47 46 77 50 68 33 84 69 50 37 25 78 45 61 63 16 37 41 66 57 27 40
43
64 40 60 43 23 91 30 50 21 79 26 26 80 100 37 39 4 68 75 52 35 16 38 22 77 82 49 4 91 66 95 76 59 76 87 58 81 34 2 86 13 75 1
10
31 10 62 78 3 79 55 13 37 1
95
55 44 13 62 44 42 19 31 90 75 37 50 61 76 76 2 5 47 74 93 55 90 96 69 61 36 23 24 15 85 60 93 36 3 77 23 57 77 31 68 70 27 14 76 11 95 11 84 78 14 98 79 51 83 56 8 91 90 78 95 44 46 87 66 76 90 98 31 20 37 11 95 75 73 7 23 20 23 49 95 48 3 6 67 52 29 39 11 12 78 93 45 17 13 99
81
88 28 29 4 58 96 2 71 54 99 89 55 100 18 60 73 53 60 26 5 99 31 34 70 4 59 17 20 71 24 13 43 79 80 7 97 85 55 91 73 68 77 89 57 41 4 83 24 18 72 35 89 14 88 61 56 76 92 93 85 1 64 30 64 26 35 44 76 37 72 52 95 63 40 49 15 29 55 90 52 26
51
25 47 39 80 73 51 50 38 89 22 5 41 70 10 14 15 65 46 92 96 74 87 5 9 64 24 29 32 12 89 54 21 90 31 27 1 69 84 81 71 92 97 72 41 75 35 95 32 16 81 63
56
10 7 62 47 88 81 36 31 32 93 25 44 69 13 48 16 34 65 68 68 90 54 86 50 6 25 16 88 13 10 98 54 4 88 18 18 14 63 94 30 18 37 54 38 59 81 34 75 10 94 72 92 54 8 61 3
18
30 31 20 52 14 100 91 58 78 96 63 29 100 67 77 32 6 94
9
36 18 61 9 42 70 64 56 79
16
85 20 43 16 70 88 8 64 74 29 22 79 73 4 92 28
