100
70
1111111111111111111111111111111111111111111111111111111111111111111111
18
011110011001001011
27
100000000000000000000000000
61
1111110110010101101011011100001111101110111011101011110111111
26
11111111111111111111111111
11
00010000000
95
00000000000000000000000000000000000000000000000000000000000000000000000000000000010000000000000
64
0000000000000000000000000000000100000000000000000000000000000000
43
0110001010000101100000000000000000101000000
100
1111111111111111111111111111111111111111111111111111111111111111111111111111111111111111111111111111
33
011110011111011100110011111100111
11
11111111111
16
1000000000000001
1
1
15
100000000000000
21
000100000000000000000
97
1000000000001110001000010100101000010011000011110110110000011101010101100000000001100111000010000
57
111111111111111111111111111111111111111111111111111111111
17
00000000100000000
66
000000000000000000000000000000000000000000000000000000000000000001
3
101
100
0000000000000000000000000000000000000000000000000000000000000000000000000000000000000000000000000001
27
110110111111111111101110001
16
1111111111011101
70
1000000000000000000000000000000000000000000000000000000000000000000001
53
11111111111111111111111111111111111111111111111111111
8
00000001
90
101010101010101010101010101010101010101010101010101010101010101010101010101010101010101010
56
10011100001101011111100101001111111101110101010111000101
100
1000000000000000000000000100000000000000000000000010000000000000000000000001000000000000000000000000
4
1101
93
100000000000000000000000000000000000000000000000000000000000000000000000000000000000000000001
13
1000000000000
15
000000000000001
39
011000000000000011000110011000101110011
13
1111011110111
83
00001010000000000100010000000000000000011010100100101010011110010000000000000101100
15
010100001010100
70
1010000100100111100000011000110011110000011010110010110111001011001001
63
000000000000000000000000000000000000000000000000000000000000001
59
00000000000000000000000000000000000000000000000001000000000
22
1000000000010000000000
92
00000000000000000000000000000000000000000000000000000000000000000000000000000000000000000001
16
0000000100000000
82
0000000000001100010000000010000000100000000000000000001100000000000000000010000010
12
000000010000
100
1000000000000000000000000000000000000000000000000000000000000000000000000000000000000000000000000001
97
0011100101000000011101011011100011110110111011101111011110111111110000011111100111111100101111111
65
00000000000000000000000000000000100000000000000000000000000000000
27
000000000000010000000000000
7
1111110
7
1000000
10
0000000001
43
1111111111111111111011101111111111110111110
29
10000000000000000000000000000
37
0101111111110111011111111101101001000
61
1000000000000000000000000000000000000000000000000000000000000
61
0000000000000000000000000000000000000000000000000000000000001
74
11011111011111011111111111111101110110111111111111100011111110011110011100
63
100000000100000000100000000100000000100000000100000000100000000
79
0000000000000000000000000000000000000000001000000000000000000000000000000000000
77
00000000000000000000000000000000000000000000000000000000000000000000000000001
25
0010001101010010010110011
62
10000000000000000000000000000000000000000000000000000000000000
75
110111111111111100111111111111011111111111111111111111011111111111111111111
78
010100000000000000010000000000100000001000000000000101000000000001000000101000
47
00000000000000000000000100000000000000000000000
69
011000001111101110110010010101110110011101101011011010101011110101101
100
0111111111111111111111111111111110111111111111111110111111111111111111111100111111111111011111111011
94
0000000000000000000000000000000000000000000000000010000000000000000000000000000000000000000000
56
10000000000000000000000000000000000000000000000000000001
36
100000000100000000100000000100000000
40
1100000000100000010000001000011001000011
86
10000000000000000000000000000000000000000000000000000000000000000000000000000000000001
63
000000000000000000000000000000000010000000000000000000000000000
100
0000000000000000000000000000000000000000000000000100000000000000000000000000000000000000000000000000
83
00000000000000000000000000000000000000000000000000000000000000000000000000000001000
75
100000000000000100000000000000100000000000000100000000000000100000000000000
96
011011111111010111111011111111111110111111111111111111111111110111111111111111111110111101011111
34
0000000000000000100000000000000000
28
1000000000000000000000000001
89
10000000000000000000000000000000000000000000000000000000000000000000000000000000000000001
22
0000000011000000000001
79
1011000110101111111111100010111111001011010111011110011101111010110111101000111
34
0000000000010000000000000000000010
84
100100111000001101000001101111000111001001011010101100101000010101100000010011000110
56
00000000000000000001000000000000000000000000000000000000
88
0111110110111111111110111111111101111111111111111111111111111111110111011111110111111110
88
1000000000000000000000000000000000000000000000000000000000000000000000000000000000000001
4
0001
37
1000000000000000000000000000000000000
71
00000000000000000000000000000000000000000000000000000000000000000000001
65
11111011111011111011111111011111111101111111011111111101011110110
47
00000000000000000000000000000000000000000000001
89
00000000000000000000000000000000000000000000000010100000000000000000000000000100000000000
65
00000000000000000000000000000000000000000000000000000000000000001
71
01011111111101111111111111011111111110101100101110101110010001111100111
97
0000000000000000000000000000000000000000000000000000000000000000000000000000000000000000000000001
32
00000000000000000000100000000000
91
1001110001101100010010111001010110000001001011101111101000011111111010000111100101001010111
