Case #1: 1 1 1 1 1 1 1 1 1 1 1 1 1 1 1 1 1 1 1 1 1 1 1 1 1 1 1 1 1 1 1 1 1 1 1 1 1 1 1 1 1 1 1 1 1 1 1 1 1 1 1 1 1 1 1 1 1 1 1 1 1 1 1 1 1 1 1 1 1 1 1 1 1 1 1 1 1 1 1 1 1 1 1 1 1 1 1 1 1 1 1 1 1 1 1 1 1 1 1 1
Case #2: 1 1 1 1 1 1 1 1 1 1 1 1 1 1 1 1 1 1 1 1 1 1 1 1 1 1 1 1 1 1 1 1 1 1 1 1 1 1 1 1 1 1 1 1 1 1 1 1 1 1 1 1 1 1 1 1 1 1 1 1 1 1 1 1 1 1 1 1 1 1 1 1 1 1 1 1 1 1 1 1 1 1 1 1 1 1 1 1 1 1 1 1 1 1 1 1
Case #3: 100 100 100 100 100 100 100 100 100 100 100 100 100 100 100 100 100 100 100 100 100 100 100 100 100 100 100 100
Case #4: 2 1 1 1 1 1 1 1 1 2 1 1 1 1 2 1 1 2 2 1 1 1 2 1 1 1 1 1 2 1 1 1 1 1 1 1 1 1 1 1 1 1 2 1 1 2 2 1 1 1 2 1 1 1 1 1 1 1 2 2 1 1 1 1 1 1 1 1 1 1 1 1 1 1 1 2 1 2 2 1 1 1 1 1 1 1 1 1 1 1 2 1 1 1 1 1 1 1
Case #5: 1 1 1 1 1 1 1 1 1 1 1 1 1 1 1 1 1 1 1 2 1 1 1 1 1 1 2 1 1 1 1 1 1 1 1 1 1 1 1 1 1 1 1 1 1 1 1 1 1 1 1 1 1 2 1 1 1 1 1 1 2 1 1 1 1 1 1 1 1 1 1 1 1 1 1 1 1 1 1 1 1 1 1 1 1 1 1 2 1 1 1 1 1 1 1 2 1 2 1
Case #6: 1 1 1 1 1 1 1 1 1 1 1 1 1 1 1 1 1 1 1 1 1 1 1 1 1 1 1 1 1 1 1 1 1 1 1 1 1 1 1 1 1 1 1 1 1 1 1 1 1 1 1 1 1 1 1 1 1 1 1 1 1 1 1 1 1 1 1 1 1 1 1 1 1 1 1 1 1 1 1 1 1 1 1 1 1 1 1 1 1 1 1 1 1 1 1 1 1 1
Case #7: 1 1 1 1 1 1 1 1 1 1 1 1 1 1 1 1 1 1 1 1 1 1 1 1 1 2 2 1 2 1 1 1 1 1 1 1 1 3 1 1 1 1 1 1 1 1 1 1 1 1 1 2 1 1 2 2 1 1 1 1 1 1 1 1 1 1 1 1 1 1 1 1 1 1 1 1 1 1 1 1 1 1 1 1 1 1 1 1 1 1 1 1 1 1 1 2 1
Case #8: 1 1 3 3 1 2 1 3 1 1 1 2 1 1 1 1 3 2 1 1 2 2 2 2 2 1 2 2 2 1 4 2 1 2 1 3 1 1 2 3 1 1 2 1 3 1 1 1 1 4 3 1 1 2 3 2 2 1 2 2 4 3 1 1 1 1 1 2 1 2 1 1 1 1 2 2 1 1 1 3 2 1 1 1 2 2 2 2 1 1 3 1 1 1 1 1 1 2 2 1
Case #9: 1 1 1 1 1 1 1 1 1 1 1 1 1 1 1 1 1 1 1 1 1 1 1 1 1 1 1 1 1 1 1 1 1 1 1 1 1 1 1 1 1 1 1 1 1 1 1 1 1 1 1 1 1 1 1 1 1 1 1 1 1 1 1 1 1 1 1 1 1 1 1 1 1 1 1 1 1 1 1 1 1 1 1 1 1 1 1 1 1 1 1 1 1 1 1 1 1 1
Case #10: 1 1 1 1 1 1 1 1 1 1 1 1 1 1 1 1 1 1 1 1 1 1 1 1 1 1 1 1 1 1 1 1 1 1 1 1 1 1 1 1 1 1 1 1 1 1 1 1 1 1 1 1 1 1 1 1 1 1 1 1 1 1 1 1 1 1 1 1 1 1 1 1 1 1 1 1 1 1 1 1 1 1 1 1 1 1 1 1 1 1 1 1 1 1 1 1 1 1 1 1
Case #11: 1 1 1 1 1 2 2 1 1 1 2 1 1 1 1 1 2 1 1 1 1 1 1 1 1 1 1 1 1 1 1 1 1 1 1 1 1 1 1 1 1 1 1 1 1 1 1 1 1 1 1 1 2 1 1 1 1 1 2 1 1 1 2 1 1 1 1 1 1 1 1 1 2 1 1 1 1 1 1 1 1 1 1 1 1 1 1 1 1 2 1 1 1 1 1 1 1 1
Case #12: 1 1 1 1 1 1 1 1 1 1 1 1 1 1 1 1 1 1 1 1 1 1 1 1 1 1 1 1 1 1 1 1 1 1 1 1 1 1 1 1 1 1 1 1 1 1 1 1 1 1 1 1 1 1 1 1 1 1 1 1 1 1 1 1 1 1 1 1 1 1 1 1 1 1 1 1 1 1 1 1 1 1 1 1 1 1 1 1 1 1 1 1 1 1 1 1 1 1 1 1
Case #13: 4 7 9 9 1 9 9 7 4 4 4 9 5 9 1 4 1 9 4 9 4 4 5 7 9 1 1 4 1 4 9 1 7 9 4 9 9 7 7 6 6 9 1 6 1 4 7 7 1 1 9 4 4 9 4 9 9 1 6 9 7 9 1 4 9 9 9 1 9 7 9 1 7 9 4 6 4 9 9 6 1 4 9 4 6 1 1 4 4 1 6 4 9 1 7 4 9 7 4 9
Case #14: 1 1 1 1 1 1 1 1 1 1 1 1 1 1 1 1 1 1 1 1 1 1 1 1 1 1 1 1 1 1 1 1 1 1 1 1 1 1 1 1 1 1 1 1 1 1 1 1 1 1 1 1 1 1 1 1 1 1 1 1 1 1 1 1 1 1 1 1 1 1 1 1 1 1 1 1 1 1 1 1 1 1 1 1 1 1 1 1 1 1 1 1 1 1 1 1 1 1 1
Case #15: 2 2
Case #16: 1 1 1 1 1 1 2 1 2 1 2 1 1 1 1 1 2 1 1 1 1 1 2 1 1 2 1 1 1 1 1 1 1 1 1 1 1 1 1 1 1 1 2 1 2 1 1 1 1 1 2 1 2 1 1 1 1 1 1 1 1 1 1 1 2 1 1 2 1 2 2 2 1 1 1 1 2 1 1 1 1 1 1 1 1 1 1 1 1 1 1 1 1 1 1 1 2 1
Case #17: 1 1 1 1
Case #18: 1 1 4 2 3 1 1 1 1 1 1 2 1 1 1 2 4 1 3 1 1 1 2 1 1 4 1 1 1 2 4 1 1 2 1 3 1 1 1 5 4 3 2 3 2 1 1 1 1 1 2 2 1 1 4 2 1 4 1 5 1 2 1 2 1 2 1 2 1 1 2 1 1 2 1 1 1 2 3 1 1 2 1 2 1 3 1 1 1 2 1 1 1 1 1 3 3 1
Case #19: 1 1 1 1 1 1 1 2 2 1 1 1 1 1 1 1 1 1 1 1 1 1 1 1 1 1 1 1 1 1 1 1 1 1 1 1 1 1 1 1 1 1 1 1 1 1 1 1 1 1 2 1 1 1 1 1 1 1 1 1 1 1 1 1 1 1 1 1 1 1 1 1 1 1 1 1 2 1 1 1 1 1 1 1 1 1 1 1 1 1 1 1 1 1 1
Case #20: 1 1 1 1 1 1 1 1 1 1 1 1 1 1 1 1 1 1 1 1 1 1 1 1 1 1 1 1 1 1 1 1 1 1 1 1 1 1 1 1 1 1 1 1 1 1 1 1 1 1 1 1 1 1 1 1 1 1 1 1 1 1 1 1 1 1 1 1 1 1 1 1 1 1 1 1 1 1 1 1 1 1 1 1 1 1 1 1 1 1 1 1 1 1 1 1 1 1
Case #21: 1 1 1 1 1 1 1 1 1 1 1 1 1 1 1 1 1 1 1 1 1 1 1 1 1 1 1 1 1 1 1 1 1 1 1 1 1 1 1 1 1 1 1 1 1 1 1 1 1 1 1 1 1 1 1 1 1 1 1 1 1 1 1 1 1 1 1 1 1 1 1 1 1 1 1 1 1 1 1 1 1 1 1 1 1 1 1 1 1 1 1 1 1 1 1 1 1 1 1
Case #22: 1 1 1 1 1 1 1 1 1 1 1 1 1 1 1 1 1 1 1 1 1 1 1 1 1 1 1 1 1 1 1 1 1 1 1 1 1 1 1 1 1 1 1 1 1 1 1 1 1 1 1 1 1 1 1 1 1 1 1 1 1 1 1 1 1 1 1 1 1 1 1 1 1 1 1 1 1 1 1 1 1 1 1 1 1 1 1 1 1 1 1 1 1 1 1 1 1
Case #23: 1 1 1 1 1 1 1 1 1 1 1 1 1 1 1 1 1 1 1 1 1 1 1 1 1 1 1 1 1 1 1 1 1 1 1 1 1 1 1 1 1 1 1 1 1 1 1 1 1 1 1 1 1 1 1 1 1 1 1 1 1 1 1 1 1 1 1 1 1 1 1 1 1 1 1 1 1 1 1 1 1 1 1 1 1 1 1 1 1 1 1 1 1 1 1
Case #24: 1 1 1 1 1 1 1 1 1 1 1 1 1 1 1 1 1 1 1 1 1 1 1 1 1 1 1 1 1 1 1 1 1 1 1 1 1 1 1 1 1 1 1 1 1 1 1 1 1 1 1 1 1 1 1 1 1 1 1 1 1 1 1 1 1 1 1 1 1 1 1 1 1 1 1 1 1 1 1 1 1 1 1 1 1 1 1 1 1 1 1 1 1 1 1 1 1
Case #25: 1 1 1 1 1 1 1 1 1 1 1 1 1 1 1 1 1 1 1 1 2 1 1 1 1 1 1 1 1 1 1 1 1 1 1 1 1 1 1 1 1 1 1 1 1 1 1 1 1 2 1 1 1 1 1 1 1 1 1 1 1 1 2 1 1 1 1 1 1 1 1 1 1 1 1 1 2 1 1 1 1 1 2 1 1 1 1 1 1 1 1 1 1 1 1 1 2 1 1
Case #26: 7 5 1 1 8 7 2 1 8 1 5 3 5 2 7 3 8 8 5 3 3 2 3 3 7 8 2 1 1 8 1 1 5 1 2 7 1 1 8 1 2 2 5 8 5 1 1 1 4 1 1 3 5 8 5 2 1 1 5 3 5 8 3 1 1 1 7 7 8 8 1 3 7 1 2 2 3 1 5 8 8 5 3 1 3 7 1 7 1 7 1 1 3 4 3 8 8 3 4 4
Case #27: 1 2 1 1 1 1 1 1 1 2 2 1 1 2 1 3 2 1 2 2 1 1 1 2 1 2 1 1 1 2 2 2 1 1 1 3 1 2 1 2 1 1 2 1 1 1 2 2 1 1 1 2 1 1 1 2 1 1 1 2 2 1 1 2 1 2 2 1 1 1 2 2 1 2 1 1 1 1 1 2 1 2 3 1 1 1 1 3 1 1 1 1 2 1 1 2 1 2
Case #28: 1 1 1 1 1 1 1 1 1 1 1 1 1 1 1 1 1 1 1 1 1 1 1 1 1 1 1 1 1 2 1 1 1 1 1 1 1 1 1 1 1 1 1 1 1 1 1 1 1 1 1 1 1 1 1 1 1 1 1 1 1 1 1 1 1 1 1 1 1 1 1 1 1 1 1 1 1 1 2 1 2 1 2 1 1 1 1 1 1 1 1 1 1 2 1 1 1 2 1 1
Case #29: 1 2 1 1 1 1 1 1 2 1 1 2 1 1 1 1 1 1 1 1 1 1 1 1 1 1 1 2 1 1 1 1 1 1 1 1 1 1 1 1 1 1 1 1 1 1 1 1 1 1 1 1 1 1 1 1 1 1 1 1 1 1 1 1 1 1 1 1 1 1 1 1 1 1 1 1 2 1 1 1 1 1 1 1 1 1 1 1 1 1 1 1 1 2 1 1 1 1 1
Case #30: 2 2 1
Case #31: 1 1 1 2 1 1 3 1 2 2 2 2 1 2 1 1 2 1 1 3 3 1 2 1 2 1 1 2 1 1 1 1 2 1 1 1 1 1 1 1 2 1 1 1 1 2 2 1 1 1 2 1 1 1 1 1 1 1 3 2 1 3 1 1 3 3 1 1 2 1 1 1 1 1 1 1 1 1 1 1 1 1 2 3 2 1 1 1 1 2 1 1 1 1 3 1 1
Case #32: 3 1 1 1 1 1 6 2 1 1 4 1 2 1 2 1 1 1 1 1 2 1 1 1 1 1 1 2 1 1 1 2 1 1 1 4 1 3 4 1 1 1 1 1 2 3 3 2 1 3 1 1 1 1 1 1 1 1 1 2 1 1 1 3 1 1 2 1 1 1 1 1 1 1 1 1 1 1 1 4 2 1 2 1 3 1 1 1 2 1 3 2 1 2 1 2 2 1 1 2
Case #33: 1 1 1 2 1 1 1 1 1 2 1 1 1 2 1 1 1 1 1 1 1 1 1 1 1 1 1 1 1 1 1 1 1 1 1 1 1 1 1 1 1 1 1 1 1 1 1 1 1 1 1 1 1 1 1 1 1 1 1 1 1 1 1 1 1 1 1 1 1 1 1 1 1 1 1 1 1 1 1 1 1 1 1 1 1 1 1 1 1 1 1 1 1 1 1 1 1 1 1 1
Case #34: 1 1 2 2 1 2 1 1 1 1 2 1 1 1 2 2 1 1 1 1 1 2 1 1 1 1 2 1 1 1 1 1 1 1 1 1 2 1 1 2 1 1 1 1 1 1 1 2 1 1 1 1 1 1 1 1 1 2 1 1 1 2 1 2 1 1 1 1 1 2 1 1 1 1 1 2 1 1 1 2 1 3 1 2 2 1 2 2 1 2 1 1 1 1 1 2 2 2 1 1
Case #35: 1 1 1 1 1 2 1 1 1 1 1 2 3 1 1 1 1 1 1 1 1 1 1 1 1 1 1 3 1 1 1 1 1 1 1 1 2 1 1 1 1 1 1 1 1 1 1 1 1 1 1 1 1 1 1 1 1 1 1 1 1 1 1 1 1 1 1 1 1 1 1 1 1 1 1 1 1 2 1 1 1 1 1 1 1 1 1 1 1 2 1 1 1 3 1 1 1 1
Case #36: 2 1 2 1 1 1 1 1 2 1 2 1 1 2 1 1 2 2 1 2 1 2 1 1 1 1 1 2 1 1 1 1 2 1 1 2 1 1 1 1 1 1 1 1 2 2 2 2 1 1 2 1 2 1 2 2 1 1 1 1 1 1 1 1 1 2 1 2 1 2 1 1 1 1 1 2 2 2 1 2 1 1 1 2 2 1 1 1 1 2 2 1 2 1 1 1 2 1 1 2
Case #37: 1 4 1 1 1 1 1 1 1 2 4 1 1 1 1 1 1 1 1 1 1 1 1 1 2 3 2 2 2 1 3 1 1 1 1 2 1 3 1 1 2 2 1 1 1 1 1 1 2 1 2 3 1 2 1 1 1 1 1 1 1 1 2 1 2 4 2 1 1 1 2 3 1 4 3 1 5 3 1 1 1 2 1 1 1 1 5 1 2 1 3 2 1 1 1 1 1 2 3
Case #38: 2 1 1 1 1 1 1 1 2 2 1 1 1 1 2 1 1 1 1 2 1 1 1 2 1 2 1 1 1 1 1 1 1 1 1 1 1 1 1 1 1 1 1 1 1 1 1 1 1 1 1 1 1 1 1 1 1 1 1 1 1 2 2 1 1 1 1 1 1 2 1 1 1 1 1 1 1 1 1 1 1 1 1 2 2 2 1 1 1 1 1 1 1 1 1 1 1
Case #39: 3 3 1 1 1 1 1 2 3 1 1 2 1 1 2 1 1 3 1 3 1 1 1 1 1 2 1 2 1 1 1 2 1 1 1 2 1 1 1 2 2 2 2 1 3 1 1 2 1 3 2 1 2 2 2 1 2 1 1 2 1 2 1 1 1 1 3 1 1 1 1 1 1 2 1 3 1 2 3 3 1 1 2 1 1 1 1 1 2 1 2 1 1 1 1 1 2 2 3 1
Case #40: 8 8 5 5 5 7 8 7 3 8 5 3 4 7 11 8 11 7 7 3 5 5 11 5 11 7 7 5 3 7 7 5 7 5 11 5 11 5 4 11 11 7 3 11 4 4 4 8 4 5 7 3 5 4 7 3 7 5 3 7 4 3 5 8 5 3 4 4 4 3 8 8 4 8 11 7 3 3 4 4 11 4 8 7 5 8 3 5 4 11 5 8 5 7 11 8 4 7 3 4
Case #41: 1 1 1 1 1 1 2 1 3 1 1 1 1 1 1 1 1 1 1 1 3 3 1 3 1 2 1 1 1 1 1 1 1 1 2 2 1 1 1 1 1 1 3 1 2 3 1 1 2 1 1 1 3 1 1 1 1 1 1 1 1 1 1 1 1 1 1 1 1 1 1 1 1 1 1 1 1 1 2 1 1 1 3 1 1 1 1 1 1 1 1 1 1 1 1 1 1 1 1 1
Case #42: 1 2 1 2 2 2 2 2 2 4 2 4 2 12 4 1 1 1 1 2 7 4 12 12 1 12 4 7 1 1 2 2 1 2 2 12 2 2 2 1 4 7 7 2 7 12 2 2 4 2 7 2 1 1 4 2 2 1 7 7 1 4 2 4 2 2 2 2 12 7 2 4 1 1 2 2 7 2 4 4 7 2 7 1 4 2 2 1 7 2 7 1 1 3 2 1 12 2 2 1
Case #43: 2 2 2 2 2 2 2 2 2 2 2 2 2 2 2 2 2 2 2 2 2 2 2 2 2 2 2 2 2 2 2 2 2 2 2 2 2 2 2 2 2 2 2 2 2 2 2 2 2 2 2 2 2 2 2 2 2 2 2 2 2 2 2 2 2 2 2 2 2 2 2 2 2 2 2 2 2 2 2 2 2 2 2 2 2 2 2 2 2 2 2 2 2 2 2 2 2 2 2 2
Case #44: 3 2 1 1 1 1 1 2 2 1 3 3 1 1 1 1 1 1 3 2 1 2 2 1 3 4 1 1 1 1 1 2 1 2 1 1 3 2 1 1 2 1 1 2 1 1 2 2 1 1 1 1 2 1 2 2 3 1 2 1 2 1 1 1 1 1 1 3 1 2 4 2 2 1 3 1 2 3 2 1 1 2 4 1 1 2 1 2 1 1 1 1 1 1 1 4 1 1 1 1
Case #45: 1 2 1 1 1 2 1 1 1 1 1 1 1 1 1 1 2 1 2 1 1 1 1 3 2 2 1 2 1 1 1 2 1 1 2 1 1 2 2 1 1 1 1 1 1 1 2 2 2 2 1 1 1 1 2 1 1 1 2 1 1 2 1 1 2 1 1 1 2 1 1 1 2 1 1 1 2 2 1 1 1 1 1 2 2 1 1 1 1 1 1 1 1 1 1 1 1
Case #46: 1 1 1 3 1 1 1 2 1 1 1 1 1 1 1 1 2 1 1 1 1 2 1 1 1 1 1 2 2 1 1 1 1 1 2 1 1 2 1 2 2 1 1 1 1 1 3 1 1 1 1 1 1 2 1 2 1 2 2 1 1 2 1 1 1 1 1 2 1 1 1 1 1 1 2 1 3 1 1 1 2 1 2 1 1 1 2 1 1 1 2 1 1 1 1 1
Case #47: 4 11 4 3 3 2 3 4 8 3 4 3 3 4 6 6 10 8 11 3 11 10 10 11 3 4 4 4 8 11 8 11 8 2 3 11 8 4 2 11 8 8 4 8 8 11 3 4 11 4 10 4 7 6 8 8 10 8 8 4 3 10 6 8 11 3 3 11 10 7 10 2 8 10 10 11 3 4 8 4 4 3 6 10 6 10 10 2 8 10 2 4 10 8 11 10 8 2 4 3
Case #48: 1 1 1 1 1 2 1 1 1 1 1 1 1 1 1 1 2 1 2 1 1 1 1 1 2 1 1 1 1 1 2 1 1 1 1 1 2 1 2 1 1 1 1 1 1 1 1 1 1 1 2 2 1 1 1 1 2 1 1 1 1 1 1 1 1 1 1 1 1 1 1 1 1 1 1 1 1 1 1 1 1 1 2 1 1 1 1 1 1 2 1 1 1 1 1 1
Case #49: 51 51 51 51 51 51 51 51 51 51 51 51 51 51 51 51 51 51 51 51 51 51 51 51 51 51 51 51 51 51 51 51 51 51 51 51 51 51 51 51 51 51 51 51 51 51 51 51 51 51 51 51 51 51 51 51 51 51 51 51 51 51 51 51 51 51 51 51 51 51 51 51 51 51 51 51 51 51 51 51 51 51 51 51 51 51 51 51 51 51 51 51 51 51 51 51 51 51 51 51
Case #50: 1 1 1 1 1 1 2 1 1 1 1 1 1 1 1 1 1 1 1 1 1 1 1 2 1 1 2 1 1 1 1 1 2 1 1 1 1 1 1 1 1 1 1 2 1 1 1 1 1 1 1 2 1 1 1 1 1 1 1 2 1 1 1 2 1 2 1 1 1 1 1 1 1 1 1 1 1 1 1 2 2 2 2 1 2 1 2 2 1 1 2 1 1 1 1 1 2 2 1
Case #51: 1 1 1 1 1 1 1 1 1 1 1 1 1 1 1 1 1 1 1 1 1 1 1 1 1 1 1 1 1 1 1 1 1 1 1 1 1 1 1 1 1 1 1 1 1 1 1 1 1 1 1 1 1 1 1 1 1 1 1 1 1 1 1 1 1 1 1 1 1 1 1 1 1 1 1 1 1 1 1 1 1 1 1 1 1 1 1 1 1 1 1 1 1 1 1 1 1 1 1
Case #52: 1 1 1 1 1 1 1 1 1 1 1 1 1 1 1 1 1 1 1 1 1 1 1 2 1 1 2 1 1 1 1 1 1 2 1 1 1 1 1 2 1 2 1 1 1 1 1 1 2 1 1 1 1 1 1 1 1 1 1 2 1 1 1 2 1 1 1 1 2 1 1 2 2 2 1 1 1 1 2 1 1 1 1 1 1 1 1 1 1 1 1 2 1 2 1 1 1 1 1
Case #53: 2 1 1 1 2 1 2 1 1 2 2 1 2 1 1 1 1 2 1 2 2 1 1 1 3 2 2 1 1 1 1 1 1 1 3 1 1 1 1 1 2 2 3 1 1 2 1 1 2 1 1 2 1 2 1 1 1 3 1 1 2 1 2 2 1 2 1 1 1 1 1 3 1 1 3 1 1 1 2 1 1 1 2 1 1 2 1 3 2 3 1 1 1 3 1 1 1 3
Case #54: 1 1 3 1 1 1 1 1 1 1 2 1 1 1 1 1 1 1 1 1 1 1 1 3 1 1 1 1 1 1 1 1 1 1 1 1 1 1 1 1 3 1 1 1 1 1 1 1 1 1 2 1 1 2 1 1 1 1 1 1 1 1 1 1 3 1 1 1 1 1 1 1 1 1 3 2 1 1 1 1 1 1 1 1 1 2 1 1 1 2 1 1 1 1 1 1 1 1
Case #55: 1 1 1 1 1 1 1 1 1 1 1 1 1 1 1 2 1 1 1 1 1 1 1 1 1 2 1 2 1 1 1 1 1 1 1 1 1 1 1 1 1 1 2 2 1 2 1 1 1 1 1 1 1 1 1 1 2 1 1 1 1 1 1 2 1 1 1 1 2 1 2 1 2 1 1 1 1 2 2 2 2 1 1 1 1 2 1 1 1 1 1 2 1 1 2 1 1
Case #56: 1 1 1 2 1 1 1 1 1 1 1 2 1 1 1 1 1 2 2 1 1 1 2 1 1 1 1 1 1 1 1 1 1 1 1 2 1 1 1 2 1 1 1 1 1 1 1 1 1 1 2 1 1 2 2 1 1 1 1 1 1 1 1 1 1 1 1 1 1 1 1 1 1 1 1 1 1 1 1 1 1 1 1 1 1 1 2 1 1 2 2 1 1 1 1 1 1 1 1 1
Case #57: 1 1 1 2 1 2 1 2 1 1 2 1 1 1 2 1 1 1 1 1 1 1 1 1 1 1 1 2 1 1 1 1 1 1 1 1 1 2 1 1 1 1 1 1 1 1 1 1 1 1 1 1 1 1 1 1 1 1 1 1 1 1 1 1 1 1 2 1 1 1 1 2 1 1 1 1 1 1 1 1 1 1 1 1 1 1 2 1 2 1 1 1 1 1 1
Case #58: 9 1 12 5 12 2 2 2 2 2 12 12 2 2 2 2 15 2 12 9 2 15 12 2 15 12 4 2 4 12 7 5 1 9 7 5 1 2 4 1 7 2 3 1 7 12 5 2 4 7 2 15 5 3 2 5 9 1 3 2 5 1 7 9 5 1 5 5 12 12 3 1 2 3 7 2 4 2 1 2 12 2 4 9 12 12 1 4 1 12 5 2 12 2 1 2 2 7 3 7
Case #59: 1 2 1 1 1 3 1 1 2 1 1 1 1 1 1 1 2 1 1 1 1 1 1 1 1 1 1 1 1 1 2 1 1 1 1 1 1 1 1 1 1 1 1 1 1 1 1 2 1 1 1 1 1 1 1 1 1 1 1 1 2 1 1 2 1 1 1 3 2 1 1 1 1 1 1 1 1 1 1 1 3 1 1 1 1 1 1 1 1 1 2 1 3 1 1 1
Case #60: 3 1 1 2 1 1 1 2 2 2 1 2 2 1 1 3 1 1 1 2 1 1 2 1 1 1 1 2 1 2 1 1 2 1 1 1 1 2 1 2 2 2 1 1 3 1 2 2 2 1 1 2 1 2 1 4 2 1 2 1 1 2 1 2 1 2 2 2 1 1 1 2 1 1 2 1 1 1 2 2 2 1 2 1 2 2 1 1 1 1 2 4 1 1 1 1 2 1 2
Case #61: 1 1 1 1 1 1 1 1 1 1 1 1 1 1 1 1 1 1 1 1 1 1 1 1 1 1 1 1 1 1 1 1 1 1 1 1 1 1 1 1 1 1 1 1 1 1 1 1 1 1 1 1 1 1 1 1 1 1 1 1 1 1 1 1 1 1 1 1 1 1 1 1 1 1 1 1 1 1 1 1 1 1 1 1 1 1 1 1 1 1 1 1 1 1 1
Case #62: 4 1 1 1 1 2 4 2 1 1 1 1 2 1 1 1 1 1 1 2 1 2 1 3 1 1 1 2 1 1 1 1 1 1 1 1 2 2 1 1 1 1 2 1 1 1 1 2 2 1 3 1 2 2 2 1 1 1 1 1 1 1 1 2 1 1 2 1 1 1 2 1 1 1 1 1 2 2 1 1 2 1 1 1 1 1 1 2 1 1 1 2 1 2 1
Case #63: 1 1 1 1 1 1 1 1 1 1 1 1 1 1 1 1 1 1 1 1 1 1 1 1 1 1 1 1 1 1 1 1 1 1 1 1 1 1 1 1 1 1 1 1 1 1 1 1 1 1 1 1 1 1 1 1 1 1 1 1 1 1 1 1 1 1 1 1 1 1 1 1 1 1 1 1 1 1 1 1 1 1 1 1 1 1 1 1 1 1 1 1 1 1 1 1 1
Case #64: 1 1 1 1 1 1 1 3 2 1 1 1 1 2 1 1 1 1 1 1 1 1 1 1 1 1 1 1 1 1 1 1 2 2 2 1 1 1 1 1 2 1 2 1 1 1 1 1 1 1 2 2 5 2 1 3 1 1 1 1 3 1 2 1 1 1 1 1 1 2 1 1 1 1 2 1 1 2 1 3 1 1 1 2 1 1 1 2 1 1 2 1 1 2 1 1
Case #65: 1 1 1 1 1 1 1 1 1 1 1 1 1 1 1 1 1 1 1 1 1 1 1 1 1 1 1 1 1 1 1 1 1 1 1 1 1 1 1 1 1 1 1 1 1 1 1 1 1 1 1 1 1 1 1 1 1 1 1 1 1 1 1 1 1 1 1 1 1 1 1 1 1 1 1 1 1 1 1 1 1 1 1 1 1 1 1 1 1 1 1 1 1 1 1
Case #66: 1 1 1 1 1 1 1 1 1 1 1 1 1 1 1 1 1 1 1 1 1 1 1 1 1 1 1 1 1 1 1 1 1 1 1 1 1 1 1 1 1 1 1 1 1 1 1 1 1 1 1 1 1 1 1 1 1 1 1 1 1 1 1 1 1 1 1 1 1 1 1 1 1 1 1 1 1 1 1 1 1 1 1 1 1 1 1 1 1 1 1 1 1 1 1
Case #67: 1 1 1 1 1 1 1 1 1 1 1 1 1 1 1 1 1 1 1 1 1 1 1 1 1 1 1 1 1 1 1 1 1 1 1 1 1 1 1 1 1 1 1 1 1 1 1 1 1 1 1 1 1 1 1 1 1 1 1 1 1 1 1 1 1 1 1 1 1 1 1 1 1 1 1 1 1 1 1 1 1 1 1 1 1 1 1 1 1 1 1 1 1 1 1 1 1 1 1 1
Case #68: 43 43 43 43 43 43 43 43 43 43 43 43 43 43 43 43 43 43 43 43 43 43 43 43 43 43 43 43 43 43 43 43 43 43 43 43 43 43 43 43 43 43 43 43 43 43 43 43 43 43 43
Case #69: 2 1 1 1 2 1 1 1 1 1 1 1 1 1 1 2 1 1 1 1 1 1 1 2 1 4 2 1 1 1 2 1 1 1 1 1 1 1 4 1 2 2 1 2 1 1 2 1 1 1 1 2 1 1 1 2 1 1 1 2 1 1 1 1 1 1 2 1 2 1 1 1 1 1 1 1 1 1 1 1 2 1 1 1 1 1 2 2 1 1 2 1 1 1 1 3 1 1 1
Case #70: 2 1 3 1 3 1 1 2 1 5 1 1 2 2 1 4 2 1 1 1 1 5 1 1 1 2 1 2 1 3 1 2 1 2 1 1 1 2 2 1 2 1 1 2 4 1 1 1 1 1 1 1 1 1 5 1 5 1 3 1 2 1 2 3 2 2 3 1 2 1 1 1 1 3 1 3 1 2 1 1 1 2 1 1 1 1 1 1 2 1 3 1 2 1 2 2 1 1 1 1
Case #71: 1 9 17 8 17 10 9 1 17 1 1 7 9 9 10 6 9 9 6 6 7 6 17 9 2 8 1 7 6 1 7 1 7 6 1 7 1 10 2 9 9 2 7 8 7 7 10 7 2 6 10 8 1 7 10 6 9 9 9 10 9 7 1 2 17 1 9 9 17 7 2 8 7 9 2 17 8 2 2 1 10 10 17 6 6 2 1 9 7 2 10 1 7 8 10 17 2 2 7 17
Case #72: 100 100 100 100 100 100 100 100 100 100 100 100 100 100 100 100 100 100 100 100 100 100 100 100
Case #73: 1 1 1 1 1 1 1 1 1 1 1 1 1 1 1 1 1 1 1 1 1 1 1 1 1 1 1 1 1 1 1 1 1 1 1 1 1 1 1 1 1 1 1 1 1 1 1 1 1 1 1 1 1 1 1 1 1 1 1 1 1 1 1 1 1 1 1 1 1 1 1 1 1 1 1 1 1 1 1 1 1 1 1 1 1 1 1 1 1 1 1 1 1 1 1 1 1
Case #74: 1 1 1 1 1 1 1 1 1 1 1 1 1 1 1 1 1 1 1 1 1 1 1 1 1 1 1 1 1 1 1 1 1 1 1 1 1 1 1 1 1 1 1 1 1 1 1 1 1 1 1 1 1 1 1 1 1 1 1 1 1 1 1 1 1 1 1 1 1 1 1 1 1 1 1 1 1 1 1 1 1 1 1 1 1 1 1 1 1 1 1 1 1 1 1 1 1 1 1
Case #75: 2 1 1 1 1 2 2 1 1 1 1 2 2 1 1 1 2 3 2 2 3 2 1 2 1 2 2 3 1 1 1 1 3 1 1 4 2 3 2 1 2 1 2 1 2 1 1 2 1 1 1 1 2 3 1 1 2 1 2 1 1 2 1 2 1 2 1 2 1 1 2 1 2 1 1 2 2 2 3 1 1 2 1 1 3 1 1 1 1 1 2 3 1 1 3 1 1 1 1 1
Case #76: 2 2 2 1 2 1 4 1 1 1 1 1 2 2 2 1 1 1 3 1 2 1 3 1 2 2 2 1 1 1 2 1 2 1 2 2 1 2 1 2 2 2 1 2 1 1 1 4 3 1 2 1 1 2 1 1 1 1 2 2 2 1 1 1 1 1 1 1 1 1 2 1 1 1 1 2 1 2 1 3 1 1 2 2 2 2 1 4 1 2 2 1 1 4 1 1 2 1 1 1
Case #77: 1 1 1 1 1 3 1 2 1 1 1 4 2 4 1 1 1 3 2 1 1 2 2 1 1 1 4 1 1 1 1 1 3 1 1 1 2 3 2 1 1 2 4 2 1 1 1 1 1 2 4 1 1 3 2 1 3 1 1 1 3 1 1 4 1 1 1 1 2 1 1 2 3 1 1 3 2 1 1 1 1 3 1 1 1 1 1 2 2 1 1 2 1 1 1 1 1 2 1 1
Case #78: 1 3 1 2 1 2 1 2 1 1 1 1 1 4 1 1 1 2 2 1 1 3 4 1 1 1 1 2 3 1 2 1 1 2 1 2 1 2 1 1 1 3 1 1 1 2 1 3 1 2 1 2 1 1 3 2 1 3 1 3 1 4 2 1 1 3 3 1 1 4 1 1 5 3 5 1 1 2 1 1 1 1 3 2 2 2 1 1 2 3 1 1 3 1 1 1 1 1 1 3
Case #79: 1 1 1 1 2 1 1 1 1 1 2 1 2 1 1 2 1 2 1 1 1 2 2 4 4 1 1 1 2 1 1 1 1 1 1 1 1 2 1 1 1 1 3 2 2 2 1 3 3 1 1 1 2 1 1 1 3 1 1 1 1 1 4 1 1 1 1 1 2 1 1 1 1 1 2 1 4 1 1 1 2 2 1 1 2 1 1 1 2 1 2 1 1 1 2 1 1 2 1 2
Case #80: 1 2 1 2 1 1 2 1 2 1 5 1 1 1 2 2 1 1 2 1 1 2 1 1 1 1 2 2 1 2 1 1 1 1 1 2 4 3 1 1 1 1 1 2 2 3 1 1 1 1 1 1 1 1 2 4 1 1 1 3 3 1 1 1 1 2 1 3 2 2 1 1 1 1 2 1 1 1 1 1 2 1 2 2 1 1 2 1 1 1 3 1 1 2 1 2 2 1 3 2
Case #81: 1 3 1 1 1 1 2 1 2 1 1 2 2 1 1 1 1 1 1 1 1 1 1 1 3 1 2 2 1 2 1 1 1 1 1 1 1 2 4 1 2 2 3 1 1 1 1 1 3 1 1 1 2 1 1 1 1 1 1 2 1 1 1 1 2 2 1 1 1 3 4 2 2 1 1 2 2 1 1 4 3 2 1 1 1 2 4 1 3 3 2 2 1 1 1 2 3 1 1 1
Case #82: 1 2 2 4 1 3 2 1 1 1 2 1 1 1 1 2 1 2 3 1 1 1 2 1 1 1 1 2 1 2 1 1 2 1 1 1 2 1 2 1 2 1 1 1 2 2 1 1 1 1 5 2 2 5 2 1 1 1 1 2 2 2 1 1 1 1 1 3 2 2 1 2 1 1 2 1 1 2 2 1 2 1 2 1 2 2 2 1 2 2 2 2 1 1 1 1 1 2
Case #83: 1 2 1 1 2 1 2 1 2 1 1 1 1 1 2 1 1 2 1 1 1 1 1 1 1 1 1 1 1 2 2 1 1 1 1 1 1 1 1 2 1 2 1 1 1 2 1 1 1 1 1 1 1 1 2 1 1 2 3 1 1 1 1 1 1 1 1 3 1 1 2 1 2 1 1 1 1 1 1 1 2 2 1 1 1 1 1 1 1 1 1 1 1 1 1 1 1 1 1
Case #84: 1 1 1 1 1 1 1 1 1 1 1 1 1 1 1 1 1 1 1 1 1 1 1 1 1 1 1 1 1 1 1 1 1 1 1 1 1 1 1 1 1 1 1 1 1 1 1 1 1 1 1 1 1 1 1 1 1 1 1 1 1 1 1 1 1 1 1 1 1 1 1 1 1 1 1 1 1 1 1 1 1 1 1 1 1 1 1 1 1 1 1 1 1 1 1 1 1 1
Case #85: 1 1 1 1 1 1 1 1 1 1 1 1 1 1 1 1 1 1 1 1 1 1 1 1 1 1 1 1 1 1 1 1 1 1 1 1 1 1 1 1 1 1 1 1 1 1 1 1 1 1 1 1 1 1 1 1 1 1 1 1 1 1 1 1 1 1 1 1 1 1 1 1 1 1 1 1 1 1 1 1 1 1 1 1 1 1 1 1 1 1 1 1 1 1 1 1 1 1 1
Case #86: 6
Case #87: 2 2 1 1 1 1 1 2 2 1 1 2 1 1 2 1 1 1 1 1 1 1 1 1 1 1 1 2 1 1 1 1 1 1 1 2 1 1 1 2 1 1 1 1 1 1 1 1 1 2 1 1 1 1 2 1 2 1 1 1 1 1 1 1 1 1 1 3 1 1 1 1 1 1 2 2 1 1 1 1 1 1 1 1 1 1 2 1 1 1 3 2 2 1 2 1 1 1
Case #88: 1 1 1 1 1 1 1 1 1 1 1 1 1 1 1 1 1 1 1 1 1 1 1 1 1 1 1 1 1 1 1 1 1 1 1 1 1 1 1 1 1 1 1 1 1 1 1 1 1 1 1 1 1 1 1 1 1 1 1 1 1 1 1 1 1 1 1 1 1 1 1 1 1 1 1 1 1 1 1 1 1 1 1 1 1 1 1 1 1 1 1 1 1 1 1 1
Case #89: 1 1 1 1 1 1 1 1 1 1 1 1 1 1 1 1 1 1 1 2 1 1 1 1 2 1 1 2 1 1 1 1 1 2 1 1 1 1 1 1 2 1 1 1 1 1 1 1 1 1 1 1 1 1 1 1 1 1 1 1 1 1 2 1 1 1 1 1 1 1 1 1 1 1 1 1 1 1 1 1 1 1 1 1 1 1 1 2 1 1 2 1 1 1 1 1
Case #90: 2 1 1 1 1 2 2 2 1 1 1 1 1 1 1 1 1 1 3 1 1 1 1 1 1 3 3 2 1 1 2 1 1 4 4 1 1 4 1 1 3 1 1 3 2 1 2 3 1 1 1 2 2 2 1 1 2 2 1 1 1 1 4 1 2 2 1 1 4 1 4 2 3 2 2 1 3 1 1 1 4 2 1 1 1 1 1 1 1 2 3 2 1 2 1 1 1
Case #91: 1 1 3 1 1 1 1 1 1 2 2 2 2 1 2 1 1 1 1 2 1 3 3 1 2 2 2 4 1 1 2 1 3 1 1 1 1 1 1 3 2 1 2 1 1 2 2 2 1 1 2 1 2 2 2 1 3 2 1 1 2 3 1 2 1 1 2 1 2 1 1 1 1 1 2 2 1 3 1 2 2 2 2 3 2 2 1 1 3 1 2 3 2 2 1 3 3 1 1 1
Case #92: 1
Case #93: 2 1 1 1 1 1 1 1 1 1 1 1 1 2 1 1 1 1 2 1 1 1 1 1 1 1 1 2 1 1 1 1 1 2 1 1 1 1 1 1 1 1 1 1 1 1 1 1 2 1 1 1 1 1 1 1 1 1 1 1 1 1 1 1 1 1 1 1 1 1 1 1 1 1 1 1 1 1 1 1 1 1 1 1 1 1 1 1 1 1 1 1 1 1 1 1 1 1
Case #94: 1 1 1 1 1 1 1 1 1 1 1 1 1 2 1 1 2 1 1 1 1 1 1 1 1 1 1 1 1 1 1 1 1 2 1 2 1 1 1 1 1 1 1 1 1 3 1 1 1 5 2 1 1 1 1 1 1 1 1 1 1 1 1 2 1 1 1 2 1 1 2 2 1 1 1 2 1 2 1 1 1 1 1 1 2 1 1 1 1 1 1 1 1 1 1 1 1 1 1 1
Case #95: 2 1 2 1 1 1 2 2 2 2 2 2 1 4 2 1 3 1 2 1 2 1 1 1 1 1 3 2 1 2 1 1 1 1 1 1 2 1 1 1 1 1 1 1 1 1 1 1 2 3 1 3 1 2 1 1 1 1 3 1 1 1 1 2 1 1 1 3 3 3 1 2 2 1 1 2 2 3 1 1 2 2 1 1 1 1 2 1 1 1 1 2 2 1 1 1 3
Case #96: 1 1 1 1 1 2 1 2 1 1 1 1 1 1 1 1 1 2 1 2 1 1 1 1 1 1 1 2 2 1 1 1 1 1 2 1 1 1 1 1 1 1 1 1 1 1 1 1 1 1 1 1 1 1 1 1 1 1 1 2 2 1 2 1 1 2 1 1 1 2 1 2 1 1 2 1 2 1 1 1 1 1 1 1 1 2 1 1 1 1 1 2 1 1 1 1 1
Case #97: 4 4 2 1 3 2 1 1 1 1 2 1 2 1 1 1 2 2 1 3 1 1 2 1 1 1 1 1 1 3 2 2 2 2 1 1 1 1 1 1 2 1 2 1 2 3 1 1 1 1 1 1 1 1 1 1 3 3 1 2 2 1 1 4 1 4 1 2 2 1 2 2 1 2 1 3 2 1 2 1 1 2 1 1 1 2 1 1 3 1 4 1 1 1 1 1 1 1 1 1
Case #98: 1 1 1 1 1 1 1 1 1 1 1 1 1 1 1 1 1 1 1 1 1 1 1 1 1 1 1 1 1 1 1 1 1 1 1 1 1 1 1 1 1 1 1 1 1 1 1 1 1 1 1 1 1 1 1 1 1 1 1 1 1 1 1 1 1 1 1 1 1 1 1 1 1 1 1 1 1 1 1 1 1 1 1 1 1 1 1 1 1 1 1 1 1 1 1 1 2
Case #99: 2 1 3 3 1 2 9 6 6 2 2 6 3 2 1 4 2 1 5 6 6 2 6 1 6 5 3 2 6 1 9 6 6 2 6 2 1 6 1 3 2 6 9 5 6 3 9 1 2 6 6 5 1 6 5 4 2 2 2 6 6 1 1 9 5 6 2 2 4 3 9 1 1 5 1 4 6 6 6 2 3 6 6 9 6 6 5 9 2 1 6 4 1 3 3 6 6 1 2 1
Case #100: 1 1 1 1 1 1 1 1 1 1 1 1 2 1 1 1 1 2 1 1 1 1 1 1 1 1 1 1 2 1 1 1 1 1 1 1 1 1 1 1 1 2 1 1 2 1 1 1 1 1 1 1 1 1 1 2 1 2 1 2 1 1 1 1 1 2 1 1 1 1 1 1 1 1 1 1 1 2 1 1 1 1 2 1 2 2 1 1 1 1 1 1 1 1 1 1 1 3 1 1
