100
1 1 0
3 3 0
34 52 0
43 88 0
50 99 0
51 53 0
57 50 0
58 31 0
59 60 0
62 33 0
65 78 0
68 57 0
76 37 0
81 87 0
95 93 0
99 97 0
100 100 0
100 100 0
100 100 0
100 100 0
4 4 1
2 1
4 4 1
3 2
40 79 1
20 36
50 69 1
31 34
50 99 1
20 39
56 75 1
10 19
61 67 1
17 33
68 69 1
30 23
99 97 1
13 24
100 100 1
64 58
100 100 1
72 86
100 100 1
42 32
7 10 2
1 2
7 1
40 55 2
27 44
25 28
62 54 2
47 33
15 14
73 49 2
59 36
7 7
85 85 2
49 31
17 33
100 100 2
78 71
29 39
100 100 2
87 92
72 50
100 100 2
19 37
58 49
29 39 3
10 16
18 26
26 36
30 29 3
15 20
5 6
5 9
48 68 3
17 15
33 53
38 51
57 56 3
47 45
10 10
22 16
87 81 3
16 17
25 29
41 43
100 100 3
28 55
48 41
96 95
100 100 3
67 49
39 26
48 47
100 100 3
59 63
49 73
37 43
52 46 4
33 35
34 31
37 25
23 18
56 75 4
9 11
40 49
33 59
41 60
71 75 4
46 28
37 34
20 33
57 65
86 90 4
16 31
49 64
49 37
18 32
100 100 4
27 32
11 15
37 58
77 63
100 100 4
80 69
56 75
43 67
43 28
100 100 4
75 71
51 56
46 61
67 70
37 46 5
18 29
26 27
12 23
16 25
20 36
68 63 5
35 30
38 39
25 40
56 45
50 42
70 58 5
15 17
36 38
24 26
8 12
17 24
79 85 5
32 54
70 73
45 59
44 60
27 47
100 100 5
43 46
89 87
26 21
32 24
32 57
100 100 5
36 23
68 54
37 46
45 44
73 79
100 100 5
32 60
48 41
75 74
79 70
55 67
28 37 6
6 8
12 14
16 25
14 24
14 15
16 19
52 34 6
38 24
9 8
34 22
43 25
18 14
40 25
68 72 6
12 11
31 28
44 48
23 24
51 50
39 41
84 83 6
54 38
29 48
40 49
50 39
62 54
44 48
100 100 6
54 65
69 71
85 88
66 62
12 14
74 57
100 100 6
61 46
45 65
75 53
43 46
63 74
84 80
16 16 7
9 8
11 9
14 15
13 10
12 11
3 5
5 6
45 44 7
24 32
27 29
30 20
25 28
29 24
36 38
26 18
68 45 7
28 22
6 11
9 8
41 30
46 28
26 21
5 6
74 87 7
38 30
32 36
9 14
21 41
46 52
7 10
55 76
77 54 7
44 30
38 33
41 33
9 11
28 19
14 18
21 17
100 100 7
80 63
75 86
56 51
45 26
19 31
66 68
53 63
100 100 7
71 69
22 40
42 65
42 38
84 86
34 25
43 37
100 100 7
91 91
92 93
93 95
94 97
92 90
94 91
96 92
26 21 8
13 10
9 8
16 13
22 16
19 16
4 7
12 11
19 13
39 29 8
13 10
34 25
11 9
20 15
17 12
23 15
21 14
19 13
66 41 8
29 18
17 12
53 30
30 20
59 36
5 9
27 17
37 25
78 89 8
17 27
31 28
60 71
40 67
46 61
61 58
30 20
48 44
100 100 8
54 44
75 59
60 44
30 38
48 59
44 27
72 50
39 62
100 100 8
69 65
43 58
30 23
41 69
44 60
41 24
80 84
32 27
51 68 9
33 35
21 17
7 7
11 15
30 38
14 15
37 55
24 47
33 56
58 46 9
10 19
16 22
8 9
27 20
47 33
50 39
40 34
45 32
21 17
60 50 9
6 11
35 33
30 20
42 29
26 21
40 34
16 16
37 22
15 14
62 69 9
20 30
30 44
38 36
16 25
41 51
9 8
17 15
51 53
52 52
100 100 9
85 73
33 56
42 59
40 55
49 52
84 71
35 54
50 42
48 38
100 100 9
6 11
8 12
10 13
12 14
11 12
10 10
9 8
8 6
7 4
100 100 9
61 40
42 44
6 11
12 23
29 48
26 33
34 28
54 53
47 69
34 40 10
26 27
21 29
14 18
19 31
20 30
18 29
16 19
10 19
16 25
29 33
66 59 10
33 29
48 47
28 34
37 25
43 31
55 40
11 12
63 56
19 34
6 8
70 85 10
41 60
53 69
30 56
41 36
34 34
48 68
41 45
22 40
34 55
7 10
97 97 10
10 19
11 18
12 17
13 16
14 15
15 14
16 13
17 12
18 11
19 10
97 97 10
13 13
81 89
82 88
83 87
84 86
85 85
86 84
87 83
88 82
89 81
100 100 10
97 97
90 89
35 21
45 56
68 60
27 29
45 38
92 93
79 70
69 44
100 100 10
10 4
13 34
61 16
80 93
61 97
40 73
12 10
85 90
50 49
41 40
100 100 10
41 66
36 62
58 43
39 29
24 26
65 45
91 94
49 70
42 44
28 46
100 100 10
96 92
26 27
57 53
86 75
16 31
17 18
42 44
14 21
29 45
77 57
100 100 10
71 36
69 29
73 28
79 25
80 21
83 18
85 16
89 12
95 12
98 9
100 100 10
15 14
19 19
30 32
39 41
52 52
57 56
66 68
73 73
86 87
93 95
