100
2
10 100000 100000
1 10000 10000
4
33 40287 72845
35 12219 71442
53 46368 72832
64 61341 72568
100
21 27804 63
27 64204 81
56 2624 168
12 71546 36
59 24131 177
43 19826 129
85 59224 255
25 6277 75
73 96395 219
76 67077 228
15 10968 45
16 91190 48
29 5249 87
88 45474 264
10 89141 30
21 91099 63
1 60655 3
71 24747 213
31 93219 93
7 18914 21
52 32026 156
20 20579 60
23 45998 69
58 45030 174
80 9675 240
22 20606 66
87 16483 261
76 39463 228
65 83977 195
14 42367 42
31 89049 93
12 74888 36
33 69520 99
61 62871 183
73 93403 219
31 34445 93
37 13516 111
64 9694 192
64 42016 192
47 99614 141
76 39160 228
71 90433 213
35 20696 105
47 46077 141
26 55627 78
80 45296 240
72 43004 216
14 34004 42
36 39285 108
91 22197 273
74 56069 222
4 549 12
24 91574 72
36 31839 108
100 15511 300
44 22695 132
28 53755 84
72 74102 216
55 34511 165
9 14255 27
18 24430 54
86 31585 258
78 43684 234
42 11406 126
82 85280 246
84 80756 252
50 46290 150
92 41928 276
97 92047 291
71 14362 213
45 94936 135
48 65106 144
51 12917 153
26 1767 78
16 12839 48
37 32936 111
33 46761 99
53 37270 159
88 1710 264
79 79009 237
93 91945 279
59 50592 177
47 18539 141
41 65634 123
65 99602 195
76 64180 228
13 86957 39
62 45803 186
59 63344 177
19 72451 57
33 73171 99
31 9317 93
14 50827 42
64 23053 192
82 82516 246
19 60313 57
94 18480 282
98 11794 294
78 96097 234
25 41594 75
17
38 40196 69084
43 69468 51622
34 80339 52096
31 43057 59377
44 68357 67929
42 49613 59303
30 69996 62283
42 68569 52192
35 43829 53453
35 94207 64813
42 44042 65480
38 92813 61045
29 79827 60304
39 60152 60435
39 65484 66829
32 64294 58032
32 57364 55673
29
77 82225 61479
81 70953 62500
84 64188 61462
91 48943 63819
75 82313 63213
63 64380 61742
82 41306 60936
78 83136 62829
96 81184 61351
91 87476 61645
96 39865 63134
75 63018 61887
100 53166 62908
95 69443 62270
85 79590 62602
86 47079 60967
65 57754 63601
93 53018 63194
75 46866 62273
71 80316 63289
71 78863 61805
83 85869 61698
96 61253 62941
74 29243 62570
84 73072 63410
77 76135 60688
88 91041 61560
67 91833 61360
93 89483 63088
3
85 72614 86591
80 74431 86927
81 71101 86352
17
58 89273 96301
62 89397 84776
58 90755 89265
55 89724 81556
56 92230 93500
63 91451 86492
54 88077 84808
55 88848 89906
61 88247 89998
58 88401 84605
54 90618 84369
61 88557 84197
57 90882 85067
63 88442 97454
57 88218 85340
55 90304 83606
54 90829 97446
19
61 19207 82069
61 20443 92131
60 20173 92326
81 19238 93585
72 19781 76764
83 20156 83122
81 21561 84620
63 19491 66710
78 21085 80529
85 20906 61324
72 20037 70378
80 19090 84052
85 21398 64343
75 18992 90410
71 19951 79128
81 19221 66778
77 21123 62904
74 20288 79670
78 19918 79478
27
49 76948 77681
50 75531 73723
29 75442 78684
50 76021 64132
40 82502 67534
24 81040 69313
71 77817 76073
54 84957 67531
34 81060 69858
23 78114 73779
60 74645 78715
32 82710 66180
60 79908 72276
66 85174 74608
48 88861 72729
26 79869 71648
34 78784 62586
24 81299 69684
47 86841 63117
73 76504 73015
26 76291 73715
73 77664 62396
78 80518 77530
26 76956 65226
45 80753 79033
60 87235 63939
73 74627 70459
27
79 83361 86758
78 53027 82790
84 43335 80146
83 33982 80154
83 78804 82212
76 57946 86900
76 46274 80771
86 37020 82150
76 52592 93069
78 49378 80903
77 62739 84638
78 39805 81500
75 83902 80696
80 64027 83293
77 51691 90072
82 83003 89243
82 38009 78826
83 75284 89035
86 67574 81941
86 50605 87231
83 35009 86759
78 75596 84085
79 52435 80108
83 45747 91433
86 40339 90858
77 64156 86312
81 43427 80686
15
77 83343 86660
75 88860 85317
76 80394 85657
78 87617 82847
78 89485 74306
76 90685 81264
77 94063 84470
78 78737 90063
75 89248 75781
75 88635 87474
76 77630 87784
78 91136 90150
74 76106 80204
78 92705 84963
78 81688 93294
23
61 17804 68779
21 27237 68451
32 45541 77475
63 61212 48376
9 28601 60747
21 7539 72745
63 30984 52893
62 77885 79923
26 26253 62545
34 25267 94572
66 69689 62270
24 24017 65453
33 46351 83816
50 27553 51567
48 56249 77273
34 67587 64582
13 11764 54503
24 60901 71208
13 69680 63900
24 65753 64492
15 46628 75890
11 15952 71773
12 68715 68177
21
11 74173 45827
7 41438 44582
13 48580 50154
13 43750 41826
10 67141 38321
9 69154 47586
6 62288 41844
9 57030 50085
9 53385 48964
13 40514 40577
11 67574 46930
9 36356 49290
8 36856 49618
8 67173 46980
13 65745 49916
6 47107 46357
9 43267 50860
13 71305 44899
8 41871 39467
9 43287 47007
14 60635 49451
20
67 11711 62195
40 37648 46344
44 49096 55335
44 19952 9319
68 21500 66642
52 14771 14068
61 16861 12690
55 12535 22173
68 49750 42310
70 25959 65071
65 14986 72898
70 3912 50002
40 18199 64961
56 23395 19998
47 37889 14537
61 12306 30881
67 22782 20124
45 31141 58214
68 37389 17177
72 32097 5341
23
28 70275 62439
31 87854 63032
38 65208 61524
35 87993 61836
37 80494 63145
29 88519 63303
37 81550 61576
32 75866 61792
32 82153 62613
32 73492 62470
35 86756 63232
29 88653 61738
35 69107 63061
32 72159 63100
32 75995 62563
31 91221 61864
38 71986 63081
28 76934 63287
38 90641 61739
35 64720 62675
38 79519 62051
31 63086 61542
31 87157 62432
22
29 92337 54509
15 89438 53904
27 71714 49182
26 84305 49755
13 90610 53863
26 75718 53025
22 73932 49963
11 83675 49399
31 79984 53207
21 82271 50366
14 71641 53303
27 76277 53355
30 86319 51757
19 78425 53634
21 83768 49352
31 87086 50966
14 76668 50182
12 92979 52275
18 82272 51258
27 92011 54002
25 80033 52752
30 75428 49803
7
84 60055 50471
77 79152 47253
77 61898 44925
65 54307 51015
84 77424 51946
76 56247 54637
75 68063 54323
2
100 100000 0
100 100 100
5
87 67094 44378
80 61799 41471
81 66654 44666
82 70544 44074
79 59769 44071
24
76 65628 87611
77 61875 86627
80 78724 88583
78 44218 87344
77 67534 87287
78 74488 88523
80 78097 87862
79 77831 86824
75 73058 86908
80 53787 88011
76 46737 87206
76 53960 87746
77 45079 87162
79 53548 87861
78 51486 86721
76 78478 87459
80 65108 88094
77 50574 88501
79 74078 88284
75 65780 87664
76 66749 88700
78 78147 87777
77 79055 86922
76 51786 86589
25
84 62506 89771
84 73342 82951
84 88933 79959
84 81159 93323
84 82998 92565
84 87109 91227
84 77796 82938
84 88943 81359
84 76846 92456
84 88757 89711
84 61425 88334
84 65608 91321
84 76932 80350
84 65045 92378
84 89298 87926
84 83821 88415
84 68682 81923
84 76130 81564
84 80083 89952
84 89029 81009
84 73502 89622
84 86413 86655
84 72227 81841
84 61202 89602
84 86018 85531
2
10 10000 2000
10 20000 3000
24
28 57741 98628
46 46841 98457
81 48047 98551
63 59634 98582
73 44730 98692
53 43354 98464
82 22147 98655
55 51412 98476
52 41524 98479
31 16231 98706
36 25049 98537
17 49982 98605
35 45029 98584
80 15792 98483
38 34223 98618
60 20460 98621
91 47951 98585
58 63279 98537
50 19280 98575
77 52158 98474
48 59980 98536
63 53057 98524
20 48168 98567
76 18924 98677
26
9 46535 96651
38 5990 96319
24 31266 97706
38 14487 96011
27 50892 97350
9 40240 96406
33 28206 96147
10 45858 96877
11 14647 96131
31 64055 96816
28 19969 97638
6 28740 96120
40 49702 97206
28 50587 96281
25 2045 97403
8 31674 97566
25 19918 97632
22 54302 97641
12 55141 96522
7 9819 97323
3 43789 96706
39 20147 96260
5 39995 97692
21 7911 97649
9 28119 96511
42 34910 97019
14
81 87137 81140
62 86564 82627
68 87895 83928
74 87483 82872
58 86443 82632
49 87700 78791
52 85965 77991
68 87534 78697
67 86763 84988
74 86090 81236
59 87981 81020
62 87607 78478
48 88002 81496
50 87625 80887
6
54 97227 59394
75 97547 60213
76 97735 55719
74 97327 75513
61 97254 65828
74 96871 58595
23
15 64894 60219
10 65214 58118
22 88249 67528
10 80393 61283
7 73048 62309
18 72439 78886
20 65614 80653
7 86347 71609
14 72667 44885
23 67383 77164
19 78265 40593
7 65831 34477
15 85083 71823
23 79941 79111
13 63893 86702
18 73971 85358
13 79298 53251
6 60443 47469
16 72054 90287
6 81484 88494
20 61807 83317
10 75652 55339
21 72940 61545
26
44 59085 65884
43 38184 78745
44 19739 68608
41 21557 39238
45 59758 83609
46 21587 92977
45 67765 79349
45 29711 92034
46 29749 74679
43 31405 69973
44 72075 55383
46 67707 77141
46 28177 42233
45 54163 56421
42 12985 28822
43 60577 58517
41 46816 57615
46 18611 41311
43 67258 43611
44 69663 30031
47 13051 30180
47 58497 49750
42 29145 47498
45 67631 43922
46 10978 75081
44 61601 86305
25
100 32666 27561
99 33801 67317
99 35091 61558
100 30544 50342
99 29178 66978
99 30999 33368
99 29208 58040
100 27383 43822
99 26618 63372
100 27469 24513
100 27421 29468
100 30312 27267
99 33961 27031
100 27951 15901
99 31592 22057
100 37225 26752
100 36811 53904
100 29072 17801
100 27775 45368
99 28437 20233
99 32804 10285
99 35024 27021
99 26952 32574
99 35377 63508
100 31697 17113
5
69 68386 78644
73 96048 34076
69 88469 57544
63 80223 34650
67 77229 56899
14
85 96568 23830
71 93129 28593
98 94752 13569
84 97164 3994
94 89704 23261
90 95798 6141
80 96295 25222
81 96153 45275
74 89861 12998
94 91319 23173
89 92871 43581
71 91364 48570
86 90086 37957
86 92409 588
20
57 74821 26831
43 97579 26480
68 69294 38811
52 63095 35189
73 82048 41741
76 89464 42639
50 93029 27214
76 75724 32639
65 86463 33929
73 99738 48153
79 74240 24007
50 80943 34320
69 91959 31230
60 99205 26184
55 93678 41680
46 97418 30938
79 76488 46015
69 76807 36175
78 79493 48358
81 89791 36976
26
95 93358 87186
96 91765 93450
96 82473 79710
96 83830 92418
95 93121 91621
96 85096 77860
96 85397 85639
96 84350 77875
95 93116 90801
96 93924 78269
95 93421 78838
95 89790 95213
95 90531 95136
96 91722 90196
95 93503 90373
95 90190 93633
95 84851 82775
96 88741 98110
95 92028 83014
96 83070 95087
95 89161 80003
95 90118 81029
95 85824 84220
95 83675 83092
96 90719 88175
96 86052 78207
28
94 10463 24790
94 10026 35548
95 11035 23280
95 9568 21961
93 11082 22199
96 7942 39862
95 7836 40092
96 11486 40712
93 8275 31967
93 7664 25625
92 10126 38945
96 8344 29169
92 7934 27498
93 10406 43277
95 8779 27126
93 11072 26972
96 7847 40948
95 11804 29946
96 10220 41627
95 11218 23664
92 9138 40513
96 10100 37839
92 10005 22937
94 9657 40955
96 11291 38469
94 8250 43219
96 9514 22491
96 7757 30588
18
96 22691 86009
70 20551 80594
72 20213 30730
86 21681 22813
80 20861 69610
94 22510 29475
72 22289 32340
77 20338 36380
88 20572 86434
92 21308 79436
78 22425 35563
79 22839 74234
86 20043 25753
95 21331 8166
81 21265 70570
88 22834 43391
83 22383 11258
78 21503 59167
6
43 72651 35803
44 77911 4957
52 77519 35085
53 77184 28166
43 73054 49121
54 78953 47644
13
75 45415 58509
74 30939 58407
73 40429 60132
82 25086 58560
76 25447 58319
81 30284 58723
83 27033 58568
78 50946 58489
82 36198 58767
79 43199 60533
73 47253 60237
80 45771 60005
75 51504 59994
10
95 91066 60651
95 91591 59056
95 92407 61848
95 90827 56152
95 91379 56499
95 90004 66026
95 91706 62118
95 90757 52102
95 91819 60383
95 92337 60042
8
11 94025 84969
16 89586 75978
18 88916 75687
22 96863 44780
16 98158 91661
14 98104 53678
15 98113 79955
15 93964 25926
26
24 4622 41612
24 2875 21655
24 11962 39044
24 5425 23407
24 2670 30985
24 14179 39367
24 15148 12739
24 14013 36439
24 5237 4827
24 5446 30942
24 9344 5772
24 8467 8251
24 12543 26069
24 16367 35830
24 5471 24512
24 8993 12971
24 2758 33991
24 8231 9189
24 10935 4939
24 13721 25318
24 11402 46492
24 4221 20837
24 3142 20731
24 9032 19464
24 13420 46508
24 10967 41409
26
42 67177 86981
47 32309 84170
63 58811 76216
44 47369 80671
58 30366 85762
57 36848 83814
62 48230 77035
40 51799 91925
41 55561 79192
41 19346 75936
57 29167 83852
45 22652 78291
54 43598 79463
40 53375 77756
49 17451 75469
61 18739 87059
59 24109 76911
54 24660 86834
44 51618 82335
62 66844 80914
49 15185 86965
45 41863 83229
47 64614 79526
61 59337 75010
42 64646 77094
54 47895 78471
2
100 100000 0
100 100 1
8
32 72440 49114
33 66362 30693
31 61411 50015
32 52564 53719
29 53518 57318
30 61879 30610
30 61827 40021
31 74086 45928
100
86 80197 602
27 75782 189
85 31604 595
93 95276 651
45 43481 315
62 98660 434
86 7584 602
47 18409 329
92 7842 644
16 68566 112
10 36483 70
2 90603 14
10 86549 70
25 81778 175
23 12947 161
32 89198 224
87 38730 609
91 64955 637
95 68623 665
92 18955 644
74 76721 518
65 77392 455
87 24003 609
44 46197 308
65 46931 455
8 28436 56
69 58732 483
1 98629 7
91 30589 637
53 24821 371
92 28692 644
65 24715 455
78 92518 546
20 65318 140
49 90352 343
87 80462 609
11 67967 77
49 59275 343
2 54009 14
81 27400 567
88 11989 616
45 76572 315
25 61829 175
46 91556 322
44 46991 308
36 48977 252
31 74849 217
53 65243 371
97 97790 679
95 12180 665
82 93605 574
96 30436 672
84 1425 588
21 18955 147
34 76411 238
33 22148 231
96 43070 672
1 7963 7
12 75260 84
58 4817 406
17 71985 119
71 76215 497
16 25526 112
1 38505 7
92 56795 644
25 14039 175
42 94196 294
79 44523 553
8 96578 56
74 49126 518
3 56749 21
94 98535 658
95 87878 665
82 6084 574
93 42781 651
81 95490 567
35 80803 245
23 95802 161
45 41337 315
29 82030 203
95 63077 665
18 68221 126
57 98719 399
10 58811 70
38 41337 266
16 48810 112
57 31831 399
24 1327 168
13 45767 91
56 8296 392
85 64710 595
34 42496 238
51 33595 357
42 22495 294
56 6114 392
59 59735 413
27 30470 189
2 61959 14
89 35111 623
1 3221 7
26
89 77923 56020
94 77230 80477
86 69210 49759
84 68890 50466
87 70532 76989
79 68859 77758
93 66734 61752
82 68618 67804
79 68852 51794
82 73070 41176
90 68813 67842
94 68380 84527
80 76647 63658
83 73296 68247
83 66435 58626
81 78274 67397
93 69389 42771
80 80410 51171
81 73931 61177
87 73717 63043
81 67222 52549
86 66264 44869
78 77127 84060
81 79455 40260
89 78147 84134
85 75657 57871
3
10 4 1000
10 3 1000
10 8 1000
22
98 30186 88080
99 24610 77797
99 28291 89869
96 27123 81098
97 35188 87223
99 28529 88815
99 33859 88497
97 24662 86365
96 29227 82840
99 25308 86791
97 28969 80878
99 31516 84327
97 28810 88975
96 27258 84825
97 28748 86409
96 22886 91338
99 34234 83137
96 29794 87505
97 32634 82468
96 30946 83236
97 32438 92322
99 27550 84344
14
19 24409 21811
14 23015 20962
62 26658 32262
62 29151 22021
30 36258 24144
20 22118 18508
28 22132 24487
21 24111 24317
18 30475 29629
64 30276 26938
40 27875 27103
36 23098 30244
22 29550 26434
34 27119 18360
24
47 31463 82185
34 56969 74101
53 61670 76317
35 40167 83894
49 30635 78734
48 40719 75755
22 43060 70369
50 50304 79814
29 27793 81901
43 38504 70712
37 33692 78427
51 41113 67628
39 64797 66477
44 65287 66731
31 51375 76346
51 41582 76952
54 61342 82499
38 62164 66735
26 33870 82782
29 30730 84446
31 58035 86128
32 49873 73278
51 28116 71098
51 51715 83594
7
10 34749 83899
12 30719 86867
5 32263 86887
11 39231 86988
14 38860 87715
19 43490 86707
12 45170 87140
22
95 80353 40721
93 79855 58310
90 78450 65131
92 83715 60694
95 80694 54833
95 78842 49148
90 80747 62429
91 77730 51518
92 79944 51732
94 79474 47514
95 82793 60074
95 77733 41063
95 81948 46380
91 78998 64997
91 81454 39416
92 79892 41882
95 80166 44011
92 76990 63005
93 79479 60434
94 81848 61725
94 79305 57502
94 78746 54726
100
37 95705 2331
64 18264 64
78 2843 7410
1 59122 89
37 49926 629
63 70649 5859
43 37205 1462
3 4893 249
1 52344 37
19 57477 1596
36 73461 2304
75 35771 450
73 62596 5986
37 97067 2257
96 68132 2304
62 39421 4464
1 46630 81
34 83684 1598
72 52449 5040
63 4293 2079
75 9296 6525
68 27048 5848
16 40218 624
30 42159 2370
25 78393 1675
9 79062 702
54 95695 270
59 67761 531
79 88489 7742
47 39429 2021
24 95926 2160
87 27797 6612
98 45697 6664
68 9966 4012
5 89211 150
44 37784 1276
6 72074 294
1 53119 50
66 17453 1452
65 95620 5005
35 16788 2170
18 86942 576
48 67455 0
46 34051 4232
13 67671 949
33 68020 99
24 97616 1368
10 43667 970
70 45740 1820
36 20106 2880
49 23559 2597
9 16905 90
95 80948 4370
12 91259 480
20 77220 540
68 96977 3808
52 38709 208
69 74831 4554
72 13688 504
37 24371 1998
67 83532 4757
72 83631 1296
80 44123 2800
21 83148 1008
66 11776 6336
39 52200 3666
31 62590 2728
8 17714 360
32 10824 448
8 54076 88
77 39549 4235
7 70954 455
22 39654 286
29 80599 1189
45 41244 360
65 57886 5915
59 61124 3422
92 53130 6808
59 39625 2478
58 98757 928
76 46677 6460
39 29823 1404
92 12724 5520
95 90601 6555
8 7850 96
42 82827 1848
51 92106 1020
37 84455 925
3 49911 93
3 23370 45
25 52157 1275
19 37313 1425
23 44320 437
42 47699 84
62 59469 3224
5 53302 115
85 96496 2380
72 32155 7128
98 93300 3724
62 15076 1302
1
97 47154 55992
22
69 82844 73935
56 91209 84608
74 90896 71826
55 96732 79405
70 85528 73333
61 90852 70287
54 98005 87283
45 77238 88254
62 80463 68412
57 84547 86523
57 97901 70246
51 85783 71176
72 90166 68411
49 75750 67646
66 75197 77709
54 85017 72482
58 94550 78990
63 83703 77865
46 96021 72701
75 96179 87904
66 85200 86846
67 84675 87978
2
10 10000 3000
10 20000 2000
12
70 42122 24102
70 41936 45296
66 44418 15411
62 43071 24273
64 43875 16156
72 43852 5047
65 44132 6887
65 44380 46096
62 44107 32589
65 42348 11875
74 44390 44585
69 43084 14316
4
4 32 16
2 31 10
1 9 6
3 36 9
100
97 85497 970
40 84830 400
58 82097 580
40 56441 400
65 61350 650
64 16271 640
85 3728 850
100 90925 1000
23 28862 230
37 15549 370
17 97831 170
71 37847 710
12 11332 120
57 93945 570
63 66061 630
43 63257 430
64 81522 640
17 16170 170
20 23504 200
96 85115 960
59 69943 590
39 403 390
8 34895 80
46 2413 460
5 51212 50
55 90836 550
42 45016 420
32 81661 320
58 38186 580
40 26469 400
50 93474 500
24 24588 240
78 20464 780
77 93471 770
64 96637 640
35 69677 350
62 86310 620
63 31933 630
52 39838 520
7 72091 70
43 27390 430
19 18603 190
85 75959 850
78 86269 780
66 90009 660
97 84507 970
62 63520 620
39 54946 390
100 12552 1000
31 89069 310
86 2754 860
67 22314 670
3 8245 30
91 92787 910
25 19208 250
16 33651 160
63 20728 630
78 64317 780
51 22931 510
78 80202 780
92 33329 920
22 95154 220
10 39135 100
48 66718 480
85 91346 850
49 39263 490
51 54530 510
32 48689 320
55 40748 550
9 52627 90
45 74825 450
92 69133 920
33 74016 330
81 82740 810
52 79774 520
21 39263 210
9 36439 90
81 9358 810
71 29387 710
42 13936 420
94 46409 940
18 33370 180
80 80023 800
57 37592 570
72 93027 720
4 60749 40
3 43458 30
54 1323 540
19 22075 190
8 28247 80
19 27838 190
88 72375 880
69 55320 690
30 79567 300
26 70482 260
44 87098 440
78 92677 780
45 66090 450
48 91968 480
8 38455 80
11
40 72876 39514
38 62102 38247
49 48725 35657
68 68890 43745
60 61106 39701
69 56049 36841
55 54040 39130
58 65486 40559
30 67182 42683
39 48256 41023
46 65073 35773
20
90 78551 75516
91 74570 77738
91 79079 79076
89 74128 78835
91 73668 77450
91 72550 77057
91 78382 77741
90 77240 78703
91 74526 77670
90 77600 77419
90 76757 80276
90 76183 77006
90 77458 80032
89 75688 76185
90 77907 80356
90 72978 77445
89 74905 76625
91 77780 76318
90 79203 78453
90 75038 77480
4
100 70000 600
100 60000 500
100 60000 200
100 80000 400
18
89 3462 0
63 5262 0
99 16601 0
29 36121 57692
38 13324 19719
22 22065 28796
100 99526 58932
23 81444 0
75 2326 87001
64 14677 0
49 28882 0
8 93181 22572
11 83636 0
91 48153 68916
66 64410 86027
45 83650 0
74 5688 84421
92 50084 0
4
20 10 1
5 30 5
100 30 1
5 80 60
14
87 79005 71836
86 76955 71109
86 79363 69339
86 78026 69494
87 77795 71979
87 80643 71287
86 77550 70931
87 77665 68952
86 80363 72315
86 79998 69133
87 78122 71060
87 79067 70690
87 77712 70775
86 77557 69952
100
19 56400 76
57 99173 228
31 33014 124
80 71690 320
72 99889 288
92 77241 368
63 29406 252
65 81441 260
98 39225 392
18 62372 72
36 16375 144
40 86087 160
10 58806 40
94 62671 376
75 68833 300
93 49508 372
46 17377 184
25 5621 100
43 29791 172
18 28079 72
31 16878 124
22 40352 88
62 78481 248
24 16575 96
90 60076 360
8 69503 32
96 38629 384
69 38654 276
25 21560 100
87 2890 348
65 82170 260
66 3940 264
99 92152 396
1 38178 4
7 1632 28
71 87783 284
77 59331 308
22 75454 88
59 78316 236
19 32360 76
16 4342 64
40 13163 160
90 87083 360
96 34301 384
62 89591 248
54 2258 216
34 82762 136
39 35470 156
11 68807 44
58 68617 232
53 64202 212
62 1690 248
38 70224 152
68 39756 272
29 40287 116
79 66388 316
14 41257 56
93 82636 372
11 88236 44
25 17102 100
84 77315 336
76 96521 304
33 68361 132
97 29896 388
48 84788 192
41 97265 164
30 66795 120
41 57519 164
7 2740 28
91 93203 364
72 13556 288
7 78047 28
98 58262 392
41 95723 164
65 3116 260
16 56794 64
54 85487 216
69 40229 276
12 42541 48
62 93559 248
67 867 268
40 79893 160
26 61236 104
61 47700 244
72 20838 288
31 68663 124
60 19098 240
65 63420 260
56 25070 224
60 36823 240
12 11751 48
8 47531 32
8 81195 32
57 77763 228
94 37975 376
89 2263 356
99 74373 396
81 8479 324
95 47177 380
7 52790 28
18
51 39028 16095
59 40085 21436
52 39729 47254
59 40409 89546
50 39158 33922
55 39857 81033
57 39752 68642
58 40318 41660
50 39903 17950
57 39202 79310
54 39766 36309
56 39945 76490
60 40338 37918
55 39990 28577
52 39376 33887
56 39861 75331
50 38326 29400
53 39943 85819
27
36 71384 32793
42 71034 23919
39 71638 59194
38 71191 42354
39 71277 48265
38 71874 16982
37 72040 21607
33 71477 45127
35 70987 41181
34 71460 49273
42 71383 35993
42 71691 22014
41 71519 55127
40 71955 45473
39 71095 22508
38 72130 54192
39 72071 57491
33 72129 44303
37 71176 62706
42 71407 46093
39 72152 60178
37 70980 36354
35 70987 62581
34 71327 39446
38 71340 56382
34 71524 20226
38 70899 40558
14
47 58210 73208
49 57685 66908
43 52697 63751
45 50397 79086
44 52756 82000
45 58991 82658
48 65695 81140
48 52518 77479
44 57289 73448
44 63902 69758
43 53349 78688
44 55450 69947
46 54033 60987
47 54408 84329
16
9 36996 57891
29 18979 87601
27 19675 83789
19 50668 79392
13 30503 82141
13 45887 82110
10 63278 71767
21 20315 56149
13 40898 87876
13 54412 54357
9 81535 88080
16 62536 57740
16 93223 66926
13 58283 66265
7 32812 78089
28 77187 81069
2
10 100000 100000
10 10000 10000
27
35 91099 79179
59 94899 58361
44 95410 58695
43 90803 87755
57 90723 53922
31 92021 50962
61 95605 65926
29 92930 76851
54 92927 49304
56 90776 85059
59 91992 81851
49 95645 84772
22 93751 55336
56 95389 83988
67 93161 47666
59 90964 47881
28 95356 54868
25 92678 65273
22 91481 72815
40 94236 68778
41 91183 87722
36 94952 74117
39 94333 65445
30 92249 74500
38 94062 47568
56 93692 76534
60 95692 78464
100
17 21684 85
19 33609 95
11 90300 55
33 86993 165
49 96223 245
72 16205 360
13 66381 65
5 76107 25
19 63137 95
32 14631 160
28 31528 140
41 98141 205
11 83988 55
97 25977 485
68 58341 340
44 46850 220
39 11774 195
66 54274 330
40 82904 200
18 12273 90
36 60383 180
33 67501 165
55 64424 275
53 52094 265
45 81547 225
99 23390 495
84 55158 420
97 62842 485
94 86144 470
28 73833 140
22 28833 110
66 94789 330
51 30386 255
41 6691 205
24 16495 120
87 91092 435
71 29272 355
85 42918 425
34 11564 170
58 56904 290
26 92288 130
81 11662 405
100 91509 500
19 8529 95
20 35649 100
32 93083 160
92 54000 460
69 71046 345
17 46614 85
1 83655 5
38 99584 190
85 54373 425
19 9560 95
85 24938 425
34 9752 170
71 63937 355
79 27186 395
15 45631 75
44 83103 220
90 56058 450
97 28549 485
66 33810 330
79 19965 395
20 32445 100
54 28277 270
96 55225 480
56 16645 280
53 46218 265
97 31476 485
97 11432 485
13 50404 65
100 97736 500
76 30110 380
27 8699 135
15 9330 75
39 24683 195
15 99276 75
58 16711 290
29 62458 145
42 7458 210
34 96978 170
93 54067 465
82 23040 410
53 3905 265
87 16651 435
66 98356 330
44 85859 220
18 92053 90
48 69844 240
39 21492 195
47 97078 235
74 17964 370
89 32549 445
86 69478 430
43 22798 215
100 89555 500
83 31265 415
74 84352 370
17 42403 85
16 20065 80
1
19 54509 76780
23
39 66127 83498
36 78253 83273
41 93463 85962
40 59142 90834
50 44262 83805
49 89926 92169
41 44972 88868
51 63442 89880
41 63490 85314
47 94494 90785
47 79100 88113
45 70677 88588
41 78440 82510
39 86993 91757
48 46512 93934
41 48550 85938
51 77338 84031
37 50992 91923
38 94285 81935
44 91847 90574
49 48204 91447
43 55425 88600
47 63437 93820
13
91 99484 91052
89 99563 84653
89 99300 84083
93 99173 87158
93 99771 84304
89 99121 87820
91 99436 88062
94 99279 80340
91 99836 80995
90 99057 87228
89 99691 82789
89 99096 88143
90 99739 91232
100
89 29668 84599
89 44787 79459
89 73789 91060
89 31286 74467
89 32371 95452
89 43294 94269
89 64269 76061
89 67787 85385
89 69991 75754
89 66579 96126
89 66523 75894
89 73647 81888
89 29461 73990
89 67378 84455
89 46614 73498
89 38839 82293
89 57076 83144
89 34985 95839
89 52918 86957
89 55833 73932
89 77400 81570
89 55673 88850
89 74717 96553
89 34356 76567
89 48193 83426
89 36110 77693
89 33990 74572
89 35768 74541
89 76388 92257
89 41541 80846
89 76952 79717
89 43811 87373
89 39698 76180
89 52478 75356
89 33238 86436
89 77218 86527
89 45655 78389
89 52136 73428
89 39459 74949
89 67714 92949
89 52798 92892
89 62708 90743
89 70502 93132
89 48530 92152
89 37520 82611
89 53137 79093
89 65263 96474
89 67535 97418
89 48848 95249
89 31602 87722
89 59172 82368
89 72739 94695
89 34639 79069
89 45980 86423
89 65030 93931
89 63191 93949
89 70661 94259
89 63878 81807
89 73796 76677
89 32269 73842
89 47972 82104
89 56654 73831
89 57703 80665
89 61331 76702
89 59885 91967
89 62030 81628
89 29924 88261
89 56892 95940
89 42637 87266
89 75732 93856
89 31025 85307
89 38541 74554
89 62562 82150
89 29666 90721
89 39633 78145
89 64974 93198
89 45328 94170
89 56600 92880
89 46087 95380
89 43491 97325
89 43464 91186
89 56671 96156
89 55172 81478
89 48351 78144
89 68192 73068
89 50903 97531
89 77191 81155
89 76265 94734
89 68250 95965
89 55678 83899
89 40993 75352
89 75045 82745
89 57036 94453
89 76858 80476
89 75692 79362
89 55498 80551
89 77756 80367
89 42533 82798
89 60783 96543
89 51871 94459
26
97 58877 82029
99 64954 56050
99 64008 78519
99 59200 64002
97 64256 63247
99 65025 83153
99 56204 54900
97 64550 74798
99 61115 70207
98 60381 84015
98 54849 76904
99 58316 79928
96 59262 81486
97 61284 57880
98 62840 60940
96 57858 76082
99 62971 68238
96 64957 71869
96 56784 79792
97 62115 81134
96 60647 66332
96 63712 54487
99 55356 80314
98 61948 63208
97 57106 55483
98 60153 61932
30
63 76471 94186
76 77506 94000
67 75808 94299
79 77531 94147
71 77200 93896
74 75617 94082
66 77419 93940
80 76802 94208
67 76667 94176
59 75951 93989
70 76990 94235
72 76771 94250
80 76311 94051
68 75943 94291
66 76804 94018
80 77076 94287
80 76767 94301
78 77517 94245
77 77277 93991
71 76280 94002
80 75823 94089
66 76574 94244
61 77180 94267
72 75956 94179
59 76700 93944
60 75785 94267
68 76523 93925
71 76956 94210
76 77350 94161
75 76068 94223
7
46 14248 46539
51 14445 35101
48 14768 36913
50 14840 7970
52 14599 43338
52 14732 41952
53 14813 30043
2
5 10000 5000
4 20000 6000
11
66 89217 54338
41 89795 51818
59 89298 57691
80 89148 50807
72 89834 52638
36 89368 55437
63 88898 49576
78 88410 58526
93 89508 50637
53 89222 60496
43 88887 55545
15
57 55219 93635
52 53455 92850
73 57209 94741
49 58269 91414
83 53411 90229
76 55235 90411
85 56882 92734
67 54221 92563
82 52664 95611
67 53217 93068
50 59327 93588
74 58887 92188
66 56066 90834
49 58569 91022
53 55494 91716
22
95 34032 74616
93 16241 77003
92 20730 70273
92 33980 68384
94 16370 72571
95 37886 68131
94 22152 69232
92 38981 76183
95 27468 70392
94 33275 75600
93 41595 76290
93 28812 75461
92 19442 70042
92 28685 77528
94 15800 72647
94 40790 75840
93 31011 77835
92 24875 72079
95 39953 75101
92 15092 76911
95 29510 71013
92 25798 78826
11
93 57972 65191
91 56109 8739
87 56726 37361
87 56264 33482
90 55170 66026
88 56960 14894
87 55699 46028
96 54176 55175
96 54184 57886
94 55014 30351
93 53697 41242
24
92 45008 41849
92 54126 42885
91 54386 43365
96 47758 38601
89 57031 47575
90 72932 68809
91 48146 64858
89 62301 55872
89 70631 67419
94 47150 60322
97 52953 55045
90 66409 50079
92 44922 35601
89 64461 60236
94 75242 41863
98 66672 37996
92 62302 48603
90 62439 68583
92 68815 35307
97 76858 65475
97 46000 36175
91 72950 68896
97 45187 57134
97 71649 64525
17
61 58860 10826
46 71252 30918
47 57985 11804
56 72049 30442
55 86497 27476
53 83772 21333
45 68605 36117
41 71606 19356
65 65310 28382
67 66481 21008
42 65245 19516
60 83151 23881
59 80214 36147
55 71608 28165
55 63345 25228
66 80322 32847
67 86371 17128
2
12 300 50
5 200 0
24
92 65939 86993
90 63160 83693
94 70664 65348
94 68644 87723
89 66021 91028
99 70341 60622
94 66735 86464
99 67815 80092
90 71079 69860
93 65269 67977
99 64988 69296
99 67872 83014
90 68883 65702
96 67027 81715
90 66392 77250
90 68485 95390
93 63333 85657
89 66018 76817
91 66215 89226
95 64780 65117
96 70518 88040
99 70336 89851
95 70087 70034
99 69340 80375
100
100 100000 0
100 100000 0
100 100000 0
100 100000 0
100 100000 0
100 100000 0
100 100000 0
100 100000 0
100 100000 0
100 100000 0
100 100000 0
100 100000 0
100 100000 0
100 100000 0
100 100000 0
100 100000 0
100 100000 0
100 100000 0
100 100000 0
100 100000 0
100 100000 0
100 100000 0
100 100000 0
100 100000 0
100 100000 0
100 100000 0
100 100000 0
100 100000 0
100 100000 0
100 100000 0
100 100000 0
100 100000 0
100 100000 0
100 100000 0
100 100000 0
100 100000 0
100 100000 0
100 100000 0
100 100000 0
100 100000 0
100 100000 0
100 100000 0
100 100000 0
100 100000 0
100 100000 0
100 100000 0
100 100000 0
100 100000 0
100 100000 0
100 100000 0
100 100000 0
100 100000 0
100 100000 0
100 100000 0
100 100000 0
100 100000 0
100 100000 0
100 100000 0
100 100000 0
100 100000 0
100 100000 0
100 100000 0
100 100000 0
100 100000 0
100 100000 0
100 100000 0
100 100000 0
100 100000 0
100 100000 0
100 100000 0
100 100000 0
100 100000 0
100 100000 0
100 100000 0
100 100000 0
100 100000 0
100 100000 0
100 100000 0
100 100000 0
100 100000 0
100 100000 0
100 100000 0
100 100000 0
100 100000 0
100 100000 0
100 100000 0
100 100000 0
100 100000 0
100 100000 0
100 100000 0
100 100000 0
100 100000 0
100 100000 0
100 100000 0
100 100000 0
100 100000 0
100 100000 0
100 100000 0
100 100000 0
100 100000 0
19
97 35436 41110
97 15719 74890
97 38810 52046
98 30245 45029
97 11254 60761
97 30720 41161
98 22851 46663
97 27712 55207
97 12905 70093
97 35738 51129
98 17646 41706
97 36042 72658
98 26025 64854
97 11132 65748
98 28747 63824
98 18160 52356
97 20320 53019
97 13737 51786
98 13577 74809
100
72 68242 576
57 70555 456
57 52984 456
90 75721 720
33 25332 264
31 34896 248
5 37136 40
35 922 280
78 84535 624
69 2350 552
57 92815 456
85 12397 680
47 36454 376
32 42864 256
27 27562 216
22 37233 176
36 42926 288
28 88551 224
12 8256 96
37 37956 296
71 56525 568
94 38112 752
79 30680 632
72 9332 576
87 69619 696
50 51819 400
28 1410 224
49 76678 392
16 12825 128
98 78731 784
55 51890 440
43 61783 344
47 11592 376
71 54852 568
34 70202 272
78 29572 624
23 37234 184
92 5556 736
2 22513 16
10 82112 80
1 79465 8
38 6976 304
60 91751 480
45 47753 360
51 86881 408
62 17975 496
20 57699 160
88 46113 704
7 54940 56
2 43573 16
79 88511 632
56 32345 448
80 91432 640
98 19815 784
18 62375 144
8 47643 64
15 43968 120
79 24617 632
66 97532 528
81 88859 648
15 90462 120
6 92382 48
13 89027 104
33 46699 264
10 18941 80
28 17292 224
18 89341 144
21 96827 168
91 21750 728
99 40112 792
95 2601 760
35 70124 280
8 68196 64
19 30575 152
77 67372 616
54 72281 432
50 55840 400
91 19878 728
17 42881 136
56 50347 448
18 61270 144
65 21998 520
41 60615 328
66 18435 528
84 21779 672
71 6196 568
88 41406 704
60 28872 480
2 58777 16
35 76895 280
24 73827 192
32 18740 256
33 40979 264
14 78585 112
85 56221 680
7 71868 56
8 70309 64
44 13895 352
21 9482 168
88 26387 704
5
66 97940 70586
65 99391 80344
93 98131 68866
76 99781 76191
66 99666 77719
1
25 88221 51764
23
52 72589 52498
18 68466 14114
29 66822 83192
46 67027 56959
33 79882 29802
20 67611 89278
26 69197 70686
22 65696 37699
39 74056 65782
33 70695 88250
33 75521 36395
57 72154 69920
52 73236 61303
17 73080 80884
34 65756 38221
34 71453 56339
21 78689 38542
58 75159 14311
41 68026 73516
22 65371 26510
40 75864 14261
39 73878 36505
29 77175 75084
2
5 10000 6000
4 20000 5000
15
94 43014 40246
89 18842 36205
72 33080 33859
78 37990 69383
75 51388 63342
83 10362 18493
80 70284 63186
85 41960 15219
70 55736 69158
91 52253 61612
72 65591 40557
78 64027 49806
72 55800 67871
75 12721 27436
93 70447 35507
5
34 40476 77638
58 87732 65481
46 26121 89441
50 87892 62100
44 45235 60026
100
84 16736 84
21 15107 21
70 20588 70
10 45723 10
96 89223 96
59 22451 59
10 45884 10
27 64108 27
94 46976 94
71 25504 71
73 83281 73
93 92696 93
96 23003 96
11 53393 11
95 85726 95
32 63221 32
75 3131 75
4 13463 4
31 51096 31
16 2046 16
63 90333 63
93 46931 93
63 54123 63
38 16549 38
30 42935 30
20 39192 20
83 95438 83
46 7376 46
28 89596 28
71 38176 71
98 27517 98
4 75618 4
90 16745 90
49 20397 49
41 10952 41
93 5644 93
54 82930 54
94 53949 94
72 55759 72
90 4366 90
75 67730 75
19 48989 19
62 81519 62
12 56486 12
93 65075 93
68 12538 68
98 44460 98
16 26860 16
61 82346 61
98 75333 98
2 8599 2
65 77321 65
28 64117 28
35 97006 35
78 37493 78
65 20212 65
17 47074 17
79 99112 79
27 33560 27
9 75399 9
13 59562 13
94 32505 94
22 85149 22
66 76566 66
47 45231 47
57 86505 57
79 64321 79
8 41424 8
35 68426 35
10 840 10
90 22068 90
61 97576 61
22 21987 22
17 52486 17
45 84805 45
14 27389 14
17 30732 17
79 53656 79
2 54091 2
25 74649 25
62 7330 62
32 53075 32
34 87671 34
12 76985 12
60 11907 60
36 94168 36
59 84557 59
11 32739 11
48 4273 48
11 53389 11
71 88651 71
59 77257 59
78 49071 78
25 30539 25
62 69291 62
74 79177 74
69 98200 69
4 21982 4
67 39769 67
12 59818 12
23
89 80416 86484
91 79662 87990
93 79594 90701
92 82145 92987
88 82828 92143
88 76101 91107
93 82252 92905
91 82600 88883
94 83852 92703
91 81008 93526
88 75879 89934
89 76723 90978
89 81239 87282
94 84229 91758
92 83405 91143
92 79821 91466
90 81132 89682
92 83434 91845
94 80126 88538
93 80263 86811
94 76803 86848
91 77180 87535
89 83099 87162
1
67 98924 75509
