Case #1:
2765
2968
-1
2056
2344
1292
1693
3067
1939
1992
2889
1538
-1
2787
2286
3497
-1
2147
1382
2397
3053
2751
2951
-1
2807
2278
2082
3423
3825
1548
2770
3438
-1
2427
2061
1793
3784
1549
2403
3224
-1
-1
1926
2242
-1
2581
3776
4860
1031
2435
2053
3929
-1
-1
3177
3198
-1
2893
1370
3085
1312
1148
3533
2264
-1
-1
3820
2154
-1
-1
3477
-1
1677
2567
2824
2245
3105
1471
-1
1362
4084
2520
-1
2223
-1
1002
2845
1468
-1
2645
2198
2157
3837
1658
3060
3199
4228
3316
2239
2541
Case #2:
-1
-1
-1
-1
-1
-1
-1
-1
-1
-1
-1
-1
-1
-1
-1
-1
-1
-1
-1
-1
-1
-1
-1
-1
-1
-1
-1
-1
-1
-1
-1
-1
-1
-1
-1
-1
-1
-1
-1
-1
-1
-1
-1
-1
-1
-1
-1
-1
-1
-1
-1
-1
-1
-1
-1
-1
-1
-1
-1
-1
-1
-1
-1
-1
-1
-1
-1
-1
-1
-1
-1
-1
-1
-1
-1
-1
-1
-1
-1
-1
-1
-1
-1
-1
-1
-1
-1
-1
-1
-1
-1
-1
-1
-1
-1
-1
-1
-1
-1
-1
Case #3:
-1
-1
-1
-1
-1
-1
-1
-1
-1
-1
-1
-1
-1
-1
-1
-1
-1
-1
-1
-1
-1
-1
-1
-1
-1
-1
-1
-1
-1
-1
-1
-1
-1
-1
-1
-1
-1
-1
-1
-1
-1
-1
-1
-1
-1
-1
-1
-1
-1
-1
-1
-1
-1
-1
-1
-1
-1
-1
-1
-1
-1
-1
-1
-1
-1
-1
-1
-1
-1
-1
-1
-1
-1
-1
-1
-1
-1
-1
-1
-1
-1
-1
-1
-1
-1
-1
-1
-1
-1
-1
-1
-1
-1
-1
-1
-1
-1
-1
-1
-1
Case #4:
703
1048
240
304
881
977
575
540
743
760
392
824
300
916
776
577
278
907
1005
806
1079
1378
738
1281
533
508
671
207
970
1737
936
1107
916
1626
676
1270
1382
825
1338
675
610
779
1224
791
1375
838
1408
2203
695
548
1159
657
1011
724
339
1542
675
503
475
469
975
543
819
886
1172
989
757
584
469
1161
730
465
863
699
769
745
1504
598
948
0
809
834
807
767
380
430
1410
1681
640
1253
1229
778
840
759
441
927
792
985
921
611
Case #5:
0
0
0
0
0
0
0
0
0
0
0
0
0
0
0
0
0
0
0
0
0
0
0
0
0
0
0
0
0
0
0
0
0
0
0
0
0
0
0
0
0
0
0
0
0
0
0
0
0
0
0
0
0
0
0
0
0
0
0
0
0
0
0
0
0
0
0
0
0
0
0
0
0
0
0
0
0
0
0
0
0
0
0
0
0
0
0
0
0
0
0
0
0
0
0
0
0
0
0
0
Case #6:
3733
-1
4154
4408
4640
-1
5697
3556
3266
3289
5995
4685
3759
-1
5129
5601
-1
3857
-1
4442
-1
-1
7315
5110
-1
-1
2554
4674
-1
4125
2999
5692
-1
-1
-1
2777
2834
1946
-1
5751
-1
3881
2857
4117
-1
-1
5100
-1
-1
5916
-1
5384
-1
1618
-1
5814
3341
-1
3122
-1
2959
4906
-1
-1
-1
6052
3013
4712
-1
-1
-1
5440
3113
5015
3567
4903
-1
4764
-1
2346
5781
-1
3660
3782
4972
3132
2319
3752
3558
4142
4759
5431
4199
1540
4868
-1
-1
-1
-1
6465
Case #7:
141
109
58
77
29
77
28
20
39
18
74
88
35
74
0
58
0
10
58
44
46
52
86
141
165
14
0
82
73
35
0
0
41
35
92
44
64
0
0
47
41
52
85
36
56
26
42
74
74
56
44
44
51
57
38
57
79
64
44
51
38
100
0
58
13
58
91
91
57
50
18
88
0
45
73
24
100
27
80
77
11
88
0
33
91
74
28
47
53
85
44
93
51
0
36
44
141
141
58
0
Case #8:
0
0
0
0
0
0
0
0
0
0
0
0
0
0
0
0
0
0
0
0
0
0
0
0
0
0
0
0
0
0
0
0
0
0
0
0
0
0
0
0
0
0
0
0
0
0
0
0
0
0
0
0
0
0
0
0
0
0
0
0
0
0
0
0
0
0
0
0
0
0
0
0
0
0
0
0
0
0
0
0
0
0
0
0
0
0
0
0
0
0
0
0
0
0
0
0
0
0
0
0
Case #9:
242
0
-1
869
1109
-1
-1
1832
-1
346
1109
62
-1
372
-1
-1
0
869
1402
686
-1
0
-1
627
504
62
340
1930
795
-1
2113
474
-1
-1
346
-1
-1
1931
0
-1
267
1194
-1
-1
474
141
686
62
406
588
-1
0
408
686
-1
1402
-1
504
384
-1
-1
474
-1
267
-1
-1
712
-1
-1
1930
712
-1
141
79
79
-1
-1
712
-1
-1
-1
504
2198
-1
-1
141
-1
85
1832
-1
-1
226
-1
-1
340
-1
559
0
-1
1578
Case #10:
0
