100

5 2 1
7398 4855 6280 600 4608
8510 2190
3303
10
54918024 59745861
7755332 71527232
17349420 3933456
10091520 28108530
1113084 24632264
10091520 28108530
16201620 28108530
78096975 21754232
39214080 7233570
10632450 28108530

6 7 3
4008 4344 5512 8740 7088 6629
152 6433 8435 3646 6756 319 3520
2971 3078 6333
10
2328536 37994947
52720560 50161520
78932258 12014865
837824 20072076
81054196 11032528
35458696 25962930
73721900 40740189
33807480 10457920
3426032 4497792
27944952 53418855

1 9 1
3160
2 2073 4038 8194 5412 8113 1711 2605 7583
2623
10
5406760 21492862
50724 35808552
17101920 5437479
40678308 18610570
8231800 5437479
6716736 11401842
8231800 21492862
44019738 4467309
13224434 47936616
25893040 5437479

5 2 3
3993 9213 5332 6129 3103
6890 5579
5617 2404 7995
10
21379670 13411916
2880722 30004832
21379670 31337243
3853070 28926810
34193691 16563560
34193691 38701130
1618050 4321740
22276947 16563560
46775565 74511789
25353130 60462207

5 8 6
6348 5895 3060 9032 4532
5226 5484 3516 1680 6308 6327 3658 4266
7271 9089 4525 7385 8223 5110
10
28673964 38773674
13724040 13520325
344064 40853952
13053960 28543700
22319568 57506103
24921515 26589442
46492815 14735754
33039056 39874164
43180612 87426066
27080568 42973398

10 6 6
4869 7904 5402 9636 104 3209 9757 6705 337 301
1740 6169 7404 8572 1415 4022
8827 8117 7133 872 5263 6503
10
57475260 32467447
41314658 43853720
11267462 403650
58521216 50073773
11189481 15222564
67116816 50162592
1856869 6456288
19796321 11485555
12369396 9991080
41363145 14123580

3 3 6
5639 4447 1231
9221 7883 7349
4603 8461 1019 2371 9199 8387
10
41005787 61636063
21389197 25723717
5683039 43321277
7398143 9821057
9703973 7488631
11351051 17424479
33801571 33135359
27853337 55397
11351051 61636063
51997219 7488631

8 5 10
8617 5740 9858 2187 6321 6351 8745 4252
3021 7599 8340 968 7786
2859 2094 8872 4118 6431 7979 1817 9828 7077 8358
10
23753184 70911040
31986594 77051142
14712090 9926120
26031957 7723672
74910942 5489157
22272080 31064742
66453255 2026992
48261249 50071766
19095741 23844060
82503369 10687250

3 5 6
3121 1341 7350
737 7607 4961 2238 6790
7232 3341 4217 876 109 9914
10
23741447 16185216
15483281 740110
56452760 48141090
385899 56686259
3653622 4402409
3001158 829163
9095649 19428640
21191590 4345836
77347656 14587170
5416950 28633430

5 2 8
6793 5107 3391 1583 2081
5051 1361
7321 2579 4721 823 7229 3457 1021 4517
10
25795457 9838669
255823 21799703
9245273 23845771
6950627 13026529
7995733 6147637
16352981 62287417
23226733 3758567
34311443 1120103
5499133 1368533
29742997 31740229

4 8 4
4759 4673 4243 3169
3253 7817 9419 9461 5827 2161 89 6761
7417 6121 8689 131
10
20299849 9045527
3720499 9927817
15201269 82206629
11381207 6157601
11918939 11543671
30336913 40973059
15201269 35667067
33167531 19911613
27229571 57653699
29981909 544769

4 3 2
887 7831 7981 625
7319 3904 3103
2694 2374
10
57382000 1473066
6491953 7366522
5122199 39673436
30572224 17375306
5344183 7528440
3606460 53983518
58412939 8359482
2688800 511137
1939375 9268096
6491953 7366522

1 2 3
5
4 6
3 5 7
2
1 1
5 2

3 6 1
7421 7419 9640
7650 4505 2761 7035 9116 488
7658
10
67649836 21143738
62648498 25578506
21257652 11263644
9972648 6836200
43428200 53874030
3621448 53874030
54561642 8638312
21715955 41975520
33431605 58583700
20483859 58583700

6 9 5
9883 3407 3613 3347 2389 1783
5197 9661 821 1873 3457 5479 7109 8273 691
4253 571 5233 5281 8761
10
6453079 61244779
17706179 6053851
18970247 61193
11729281 24000103
75301157 9148967
23793823 28671607
50393911 70478501
4474597 14702621
12415633 23302187
12490141 3616003

1 8 6
7637
9280 948 5855 5090 8943 7250 6429 9629
8869 1768 9905 2379 3285 8890
10
57925140 7988046
2079535 27745938
68297691 31631265
3796324 10753314
418692 13013910
49098273 2255292
68297691 85399601
302080 359608
73536673 79315467
68297691 57993775

10 8 6
2557 3163 2029 6221 2999 3631 9293 2099 9613 7873
2081 6529 6263 3253 8467 1093 6089 5483
9613 23 5591 9413 1201 7481
10
16851629 11828359
38962123 150167
10289239 79699871
17772233 74819
43167659 58953619
8305079 2840389
1115953 69668251
1177133 15707651
58533557 24335693
12895567 2571781

2000 2000 2000
697 1668 5211 992 4047 7841 9541 9311 1035 9921 9342 2262 8685 7151 184 8189 3885 4455 8295 4011 4030 7427 4325 7756 3404 3014 4402 9158 999 4298 6612 1696 5965 1822 9039 12 6015 8579 9322 7049 4851 5015 5663 9888 8517 5846 4428 2402 6653 9074 2764 682 6500 3440 8437 6256 6453 9191 1765 7452 3488 8377 5499 9452 6550 4537 5815 8916 9467 1489 4317 2855 1627 556 1372 3824 1335 125 476 409 9240 1158 6908 2679 5946 9515 9131 5136 1280 2934 8623 6008 8432 4427 8909 2968 241 7825 8786 8081 3789 9455 936 1767 10 2307 5590 1345 8783 2418 1753 4374 9927 5012 7052 5872 879 2534 7360 2158 1820 5982 4517 251 6760 3425 9571 3353 1249 8356 1433 1389 7810 2368 9507 4172 1026 1449 1868 9808 3866 3620 533 3792 4983 7584 5861 6470 3374 4370 8289 5708 8886 4891 8819 2311 813 2171 9911 5521 3604 1300 9682 5971 806 3853 6997 2254 5720 3156 2471 5691 3689 2614 7026 7624 8629 9238 445 8354 3608 5085 413 8845 9976 9232 7507 7140 1402 7418 2660 5005 5069 8694 976 5874 8898 7972 4480 4618 7479 3302 6660 1167 5916 37 5143 4544 9275 5587 9249 9234 672 9662 8078 6999 8893 5585 490 6646 9354 9502 1651 4422 8195 2626 6647 7092 6949 7478 8061 779 780 1073 1946 6695 1109 7590 6735 9026 6838 5968 6049 2851 398 3047 8095 2334 3537 4741 1687 9390 6391 6108 5368 2754 1027 8668 232 9088 9446 1011 6512 7743 4057 3972 1182 1646 707 6560 4835 3026 2608 4038 3423 2007 2132 5756 1895 6872 7442 1284 9614 9901 8867 1333 2655 6245 6352 1684 2150 6600 6244 656 2167 3778 8653 2873 337 3487 5898 9296 7524 5673 1302 7780 3196 9231 5222 4479 5197 5122 9697 6529 4128 5942 9233 3365 7625 7734 9964 5820 3977 6971 4338 7754 5623 3562 4442 5462 5811 3738 9337 1483 1391 5344 9263 4587 4575 836 5417 9771 2309 1466 2651 6437 7407 8235 6153 1383 2469 3554 6297 9439 7891 402 1414 7804 4844 6875 3615 4933 2563 6323 7907 7063 7261 8833 7898 9030 4955 6559 495 3957 9347 7901 2192 5635 4511 4319 9189 807 110 3431 7561 1523 1235 8756 4749 4849 3688 7311 6362 1569 9712 9975 6753 7609 9004 8059 519 9498 2016 9865 3750 559 1716 9384 1421 6034 8572 8580 2495 2003 6140 4017 3237 4895 5117 4437 4934 8780 7085 1295 6700 6796 7621 3453 757 6624 1511 7627 2473 9878 7492 6222 436 9207 1958 1857 1592 529 4087 8883 2927 8471 7821 5924 9259 4703 6344 400 9491 8021 1206 6599 996 9069 4226 3469 8946 1717 6042 9382 7275 7999 5218 4880 4377 5656 114 7303 111 4937 1475 2386 4195 4228 6890 979 1193 2733 5351 2399 9331 2699 1467 3556 2519 6764 1624 8560 2497 5250 2911 86 468 4142 814 2475 4255 8116 8937 9590 1322 9738 169 4761 6627 7500 5954 9359 9202 4704 5042 1900 2522 4949 4418 9285 2925 9330 1782 8174 2240 8219 4993 6381 9033 7468 6987 3500 6404 2530 9442 4078 2267 5962 8838 5245 9813 1143 4604 9015 5997 914 8367 945 5332 4004 3869 4661 5785 8395 3252 355 3387 9632 5739 7206 6618 9239 9962 5032 4039 7765 7345 9228 3010 7158 371 3965 6172 6216 9961 935 905 8768 4938 1126 3428 7074 9520 3031 7428 9258 2662 3167 2816 5632 8757 2777 1130 140 5247 7484 2394 8256 4641 9116 2220 812 8532 4249 2618 5788 3016 7555 6913 2796 4628 2784 5826 8407 8394 4840 7925 1209 6823 3033 7952 3172 9855 9550 7008 8600 7805 1648 7716 6376 8812 1259 3060 5664 7047 2427 9570 311 549 9447 7400 5307 7840 2239 3232 5400 9061 2616 2088 3364 2140 1942 2914 9147 541 7070 7146 3446 7654 1056 3317 8102 4147 4765 9786 4211 3119 5093 8402 5357 4676 153 769 7291 485 5782 4181 3398 4928 467 8426 9329 264 734 3334 1320 2454 3003 5773 537 2319 2026 1099 1790 3470 9500 3498 8145 6004 4267 1787 8243 4751 7569 8775 4500 8848 9848 1318 7273 5528 7934 4359 8861 9253 6812 1863 1377 9763 4103 8266 8433 2480 9364 222 5949 5216 3720 1219 8583 9462 5440 6151 8236 9939 1351 4435 7608 4975 5541 9333 8823 1145 2496 685 8610 4787 787 3395 3618 6502 3616 9566 3687 9288 4376 4945 8749 9815 1095 3336 6105 8797 7771 65 3772 7732 5605 3104 6554 3102 1952 3591 1975 561 4729 2761 3955 8347 9262 3923 7912 7331 3961 4274 8337 5570 1718 4503 1405 6960 1813 9175 7024 5584 3259 8980 8687 6164 6990 9754 407 7551 4483 1505 2829 8781 1779 2463 5740 7717 9080 428 3286 7149 4930 6302 8553 8241 8114 4080 1616 3697 7338 596 8735 3501 5380 5725 9607 5787 3275 4089 8953 1131 3269 4085 360 2899 5001 8077 8330 5428 1362 5478 6709 4015 4031 2128 4462 2917 2176 1799 9864 911 5244 6635 1257 1030 6261 5345 6334 3743 4965 6771 3004 5325 9669 4356 3401 6135 1114 3476 9196 5129 3858 497 8319 9765 5784 6469 9629 3046 8120 4872 9680 9376 2253 2292 8586 6037 5356 1742 1361 6097 1113 9375 8584 4131 59 9412 4627 18 7730 4391 5801 551 8846 8670 5242 4877 4397 3846 3520 5469 2432 5906 7858 4139 3999 5515 95 6683 1241 5030 1613 443 9160 8023 9854 138 8040 3935 881 193 4485 1251 9038 9506 6493 267 3903 6690 3786 5723 9121 6043 3580 9612 41 9150 1478 6488 2184 2719 1517 148 9513 7029 8170 9366 3518 2561 9652 4398 2753 489 5649 1791 9994 8493 8409 248 5182 2194 4303 4589 266 4629 5051 1743 7234 5337 3733 325 2365 1902 5882 4463 5694 280 7215 6182 5928 2527 772 3765 2775 5953 8745 6607 3251 4646 7879 4967 5347 9634 5779 683 3367 6104 9399 1620 8497 1632 6082 4190 8263 9649 6723 542 1357 5602 1313 1474 8376 7266 136 3472 3872 3386 4469 7096 7616 517 8414 2962 151 4192 9996 3517 5746 5144 7378 7570 5685 5640 3570 8760 4926 4361 2751 2736 1111 2886 2559 2623 7027 4782 239 3896 3195 9552 9548 6737 1645 5401 8232 5374 3916 7366 9243 2675 9899 521 3744 3271 6122 1207 2509 5131 8411 3674 5369 2306 3220 4921 2703 3309 820 45 2464 4720 8276 7838 394 8544 5203 9636 1218 5101 156 957 5196 9779 7078 6402 2287 8462 5294 3769 5319 9138 5529 4890 4058 8231 8199 1229 7550 44 2269 2871 7881 9014 9435 8650 8983 887 5157 6083 1287 3369 8836 9925 1830 4130 3694 5053 5800 2831 581 690 3240 8811 8888 4468 2712 3482 863 1332 8744 346 4117 4530 3100 1769 6855 3038 4203 8142 2758 8066 3519 8111 9639 9319 941 6571 8 532 1733 4444 5080 2214 5776 1432 7309 5548 8190 7819 4999 9958 4673 4389 4160 9166 3550 3584 7068 1694 7723 6386 8987 646 2745 5870 2378 4343 3573 6822 9423 5786 8949 9105 7635 5591 4104 7593 6615 8492 8104 2133 5637 1653 5716 3721 8721 3761 7796 1458 9099 8441 555 1321 7170 4893 343 671 678 9291 7876 123 6981 4109 2653 7436 8053 5620 5927 6157 7752 7915 4161 9819 7988 3579 5783 691 575 7597 350 7744 8087 5868 2271 3729 7144 7075 2853 6148 862 906 3140 3414 9518 1055 7574 5688 5394 6807 9267 1176 3849 4648 1445 1349 2197 6641 2942 283 2508 5212 364 2603 308 6029 9512 3654 3243 417 5421 6382 182 1290 3788 6978 9181 2596 356 4762 3595 4809 2558 4943 7006 5550 7884 3640 4410 4003 7012 7861 9392 9265 1515 2634 3287 9016 2567 928 2803 322 7905 1984 7587 6852 8691 2348 446 1740 6857 5975 496 1216 4499 4579 1526 2359 7143 225 9308 3176 9863 8323 5742 791 7477 2416 5047 5812 2 8251 855 8702 5048 706 6788 7562 3116 2762 8057 4535 8907 6060 7618 8287 3202 7842 7594 2729 7705 4823 4847 9744 7238 9893 1908 8143 3191 3467 8602 6330 1028 8069 9091 5436 5104 9977 6716 1960 5002 2595 209 4862 3141 5055 958 378 2865 320 1978 2612 8984 5444 7565 5313 2823 5633 756 8258 736 732 8952 3804 3120 2358 3416 7028 3624 5317 168 5031 6274 6897 5490 7216 2123 7467 9827 7459 2771 8436 6694 6463 6962 1997 81 2908 1775 8790 5878 5817 6298 7546 5984 1328 3820 2880 4009 5661 6448 6132 9480 3590 8741 6369 3529 2096 2590 6574 8558 5903 8570 5176 5983 1477 4773 4151 5531 589 6801 3076 3247 2156 8489 8908 8603 4620 4739 7581 4561 9831 3949 7272 3359 6044 6213 9932 953 2115 8502 8098 5781 9222 6833 7663 6162 3633 7091 9086 8112 5596 2548 7571 334 128 2131 165 4076 9403 3523 6471 1967 9807 7424 4082 8308 6255 8531 4637 8388 1469 6050 3913 1453 9351 5917 9829 6944 2516 5424 5843 6439 2110 8569 8626 6398 4323 8500 9221 2642 8306 2996 6613 9250 5253 7602 7637 9356 5422 3268 3227 3178 9143 3006 5913 8010 8108 4448 6891 430 9369 5516 3179 43 367 2684 8673 5758 1637 7362 8632 6717 1012 9985 590 8200 8954 9732 1205 4093 5986 9326 8541 6107 4261 655 1462 3339 134 3429 5448 8122 4424 2810 3712 9408 9526 1075 4429 9510 1664 2628 4816 7747 3833 1839 6170 1711 6731 1750 7817 991 2844 657 1336 7142 4917 6783 5264 5692 9592 8975 5099 9118 6401 9528 4979 4416 2155 6146 2162 2339 4000 4861 6593 7083 6610 761 8073 5805 4214 6070 6462 5701 3757 3603 617 540 6309 6483 544 1407 7286 3283 7711 9441 9428 9872 8131 4311 224 2991 903 7306 5952 1730 1757 2229 4152 4570 7929 7908 4524 8546 4799 9742 1282 6637 8964 9585 3581 6250 2867 1291 2042 8647 7515 172 2957 7738 3859 1395 5466 1874 9476 7222 4102 3627 2031 1535 2667 6928 6333 2408 8133 3966 9044 3551 8976 3345 6417 6619 1738 5063 1910 4371 4574 1424 8230 6889 103 5443 463 557 9070 8605 2587 6956 1271 5866 9640 30 3998 3606 5426 7445 7156 753 790 9924 7371 8879 1339 7855 788 5709 8563 290 4747 1804 393 6542 8618 7301 1963 9887 8918 4845 5752 8557 4874 6101 8514 6651 3545 2021 7404 686 1945 9565 9635 5333 6704 5343 4112 5267 8859 3422 2377 1752 2039 9677 3714 9260 5915 456 8018 3891 1682 470 8332 4014 777 5735 4700 2721 3213 616 8707 8545 7319 4050 2656 7866 9617 4396 3056 5016 7425 5259 2144 7894 6828 8259 4791 8914 9310 3864 2126 2570 670 3596 2971 3326 2532 7543 1242 117 7160 7258 3193 1996 313 8209 954 1982 4133 5172 5827 1408 5842 9422 730 5519 1953 6086 3061 3194 2554 6572 5183 9812 3530 6476 2340 565 4143 9646 7975 2949 6824 5040 866 9546 4189 6639 6059 8591 9119 8137 1618 9671 7781 1807 3200 608 6131 5540 273 5185 6422 4599 5314 1911 7547 2138 1582 1025 7157 2100 2553 236 8889 6258 3021 49 9457 3629 2531 4996 1152 9155 6532 3925 3753 1846 2188 7652 335 1841 7171 2360 4918 4547 9478 1629 6749 1990 8776 7163 5010 6620 4990 7707 7967 2494 6861 6418 6966 2696 4957 4617 6798 4304 2904 5509 7450 7728 5050 9078 2047 9610 2952 8385 6467 1501 9913 3086 6491 7619 5336 831 8254 4148 3062 8764 6682 9859 3068 1719 8640 42 8815 1492 8192 8425 796 8331 3161 3614 6183 3073 6699 2673 454 4360 7874 8708 2465 5526 7137 9042 5384 6556 4978 7102 5195 8364 1588 7178 743 1538 8109 8763 5151 4292 8187 8201
3316 5230 8654 7676 3103 3713 140 1475 9721 5665 8611 8762 7400 5166 3739 853 6713 2102 3751 8300 5632 4493 8079 7585 2382 2539 2699 3884 3182 886 8436 2850 6115 3442 525 9217 7154 7016 7043 6874 9032 5654 1987 2783 7171 2078 3635 235 531 3737 4887 6162 4582 9317 3747 3315 8207 6445 7199 1389 7330 1986 4238 3444 5427 1114 9012 2581 8129 6055 5806 3512 8060 4145 6294 1582 6222 6280 8169 6752 16 9407 9266 4597 8723 9364 4264 3281 2160 1462 1021 9490 3447 5258 9285 5226 2723 4649 7806 7203 7055 9963 714 1466 4107 7007 3047 6680 3286 7567 3432 9654 6973 9049 602 2047 8412 4865 5328 571 2678 2700 6412 2477 7958 2049 7702 7032 6697 1859 4235 103 1821 1300 1568 2280 4659 966 8959 7944 4885 8742 3949 1857 4142 4551 256 8905 5767 1935 9476 8445 4634 2239 7273 8943 4287 1326 5975 7335 3184 209 3789 1356 7860 5356 9987 2518 2674 8946 6814 7558 4039 762 5766 8181 1664 6021 7085 7431 7955 2912 2227 8941 1503 5851 7883 2141 7176 5828 359 6769 9616 8066 4629 1324 8053 7146 3997 3350 3959 7906 3740 1073 3671 8272 2736 6044 5357 6518 350 4620 5096 9290 6122 946 3525 8263 8121 3733 442 4831 502 57 9249 5130 1380 3653 2275 1728 7002 2586 5985 7093 3658 6008 5365 6393 2051 7073 9263 2400 1692 4358 8042 4166 1656 1566 8780 6128 5298 9221 959 2151 9277 6559 7280 7009 211 5907 5088 3564 8492 7425 656 2149 6020 4893 5482 3092 4155 4233 1136 2274 5301 6520 191 4080 2647 1841 3300 9957 3991 8928 6515 1271 2288 3077 3529 7376 6640 8372 4800 3648 520 8231 9667 1764 64 9111 2271 648 246 7135 9274 5546 3654 9464 5977 2652 1304 5628 2609 1647 4555 5475 9269 6843 8552 2797 570 1543 1168 5369 5190 8039 9951 1209 9802 6366 319 8424 3365 564 5558 2638 2461 5563 8454 8437 8215 9757 4064 7175 7755 4970 9001 7023 1812 3904 6171 2381 1799 3690 4101 6988 403 8196 7882 3120 4866 6305 6485 5429 9122 4241 3777 7575 2677 8343 3684 1869 7790 8062 870 4813 9873 1125 8606 2923 1025 9058 9911 9104 5813 4458 6985 8932 9324 9642 1768 1104 7856 7242 5345 7984 4373 6327 4851 7465 8195 8993 5526 5416 3805 1750 6541 7491 6707 9463 8515 2117 5725 7619 7929 6535 955 3212 2210 6948 4980 3313 4803 8573 5009 9139 9740 9382 5465 943 3198 11 9935 5075 91 3176 8319 7581 9883 4133 2448 8351 9858 6418 6279 2744 7372 5842 4953 672 7173 8265 5474 5745 9626 964 5485 9007 6428 2779 2204 6439 2713 7278 8217 2803 453 6735 6687 667 9182 5037 6876 5599 7667 9619 9323 9861 4571 9994 7033 9188 1819 9130 8813 4171 5562 3744 2726 8352 2808 3 6568 1962 6807 9454 8696 9846 6473 7878 1234 9700 9828 5253 5671 5502 5113 6593 1847 8497 5780 18 3978 944 9152 1295 4713 1390 4191 3065 4197 545 5984 6158 7352 1790 4854 3549 8262 9083 1134 4313 5262 6386 9983 764 7850 6576 8962 8707 8979 3028 6003 8130 4323 7468 9195 5712 1659 6261 2203 4594 2418 5906 6383 3623 996 2705 588 5309 4319 3325 5291 5082 1175 8218 395 225 6925 9374 3252 2927 3855 3926 6746 3049 9638 8404 5898 607 2605 4667 6512 5339 8290 2318 6335 7346 2905 7995 3285 3097 107 7855 3492 331 1131 4057 3071 3860 802 2472 9849 482 2098 6164 3086 3117 9027 8425 1406 1344 4759 8751 600 2753 415 3181 2389 3511 9639 6595 3354 9970 7725 2570 6256 8133 5641 6467 5287 4464 6316 844 4945 4765 3359 8031 7881 2385 6455 9286 81 7565 4389 680 6669 212 5409 4665 9851 2004 8019 6172 9728 8779 7861 2580 5245 3147 1560 3990 1988 7348 6370 557 6084 9176 6195 6740 583 6844 9760 1737 3407 5168 9609 7123 2132 3251 7711 910 1111 6642 6155 609 37 4066 4598 8376 6742 8297 4745 3651 4380 3920 9845 6896 7011 6779 6770 4867 3497 1937 3971 9458 5460 1094 1589 8710 5156 2499 1797 8653 6780 1833 2718 7729 208 5812 6025 4952 9462 6756 5223 5658 2233 8788 93 5354 6 3590 3643 3976 9399 5454 5069 987 4163 224 3485 334 8373 8489 3465 205 7559 1193 6765 9722 3569 8068 9183 324 3291 1192 327 1875 9979 419 7229 9984 360 7223 311 9758 2676 5380 7097 3190 1955 6933 9875 1774 3339 532 9332 4531 9053 8099 1715 4587 4774 5005 5778 1452 3232 2108 8223 6812 8443 4934 4034 8753 4692 6709 4132 8140 9898 2439 5072 6124 2765 6845 9648 2528 344 3295 7932 8442 5010 9567 4647 7371 9597 3106 5593 2760 1548 526 6793 301 1569 9853 784 6060 6102 9574 1132 2225 2339 4328 1686 6856 2029 1633 4787 6822 3657 2741 9359 4655 111 5308 7761 2055 8067 5660 4860 2312 6853 1064 9448 7166 9021 4043 5742 1359 8371 3780 9697 1578 5808 7681 2716 8982 4322 2724 8074 32 7379 4536 1491 6590 3406 3502 5521 5814 2373 5680 5261 5285 2845 4281 5679 8587 1992 401 2366 8040 8330 4525 5720 1046 41 3769 4283 6424 7499 8818 1763 8989 5407 2491 9784 4656 6004 5463 9916 7640 4660 548 3319 9598 71 8315 578 8401 9191 6297 9446 5401 2689 9566 9683 9113 7065 8501 875 2405 3907 2394 1247 7538 8529 5902 3542 343 5817 1181 5002 2717 851 4599 5255 922 9265 5833 9322 8456 8481 5119 3856 1170 1036 3538 6634 8100 2038 6857 2297 6253 8103 9834 1133 4005 3375 6173 4556 6477 8889 5406 7427 496 2679 6692 2680 1499 1160 3470 8681 4506 5243 5314 8957 7281 9173 5929 1777 268 5762 2909 624 5489 4384 3148 44 7212 8389 1801 4638 8884 4480 1563 9179 9074 2653 4532 3510 9775 3068 2241 983 9335 369 7602 1448 3278 8225 6936 4013 1372 3331 1224 6112 1484 2213 4995 2315 9894 1497 9072 8335 4149 9956 6089 4010 6082 9156 9180 5840 7748 6514 1526 8117 4115 2973 7746 1758 62 9591 2981 2526 1074 5193 3872 3388 1438 6781 6862 1467 5385 6817 7555 5747 9250 3062 1278 5089 810 7791 6614 5278 1905 5938 3023 595 2198 7008 8141 4112 9533 9214 5656 3405 8954 3446 6537 190 307 8003 5574 5557 7672 8618 8949 7812 5779 6739 777 7408 3066 430 5589 5264 1561 3404 2024 8969 4032 1885 4274 3829 4773 4463 4135 2775 6389 7609 4683 4060 332 9653 9361 4495 1783 6099 5271 7446 8336 5972 9386 3885 8334 9706 2260 6815 5027 6291 5051 9300 119 9824 3763 605 8950 151 8213 9985 562 8544 9637 9922 3038 7771 6961 9818 9348 2933 9203 5650 3889 9076 703 382 1719 2105 6033 8189 1928 6147 8794 7230 7006 7214 3211 1902 3202 3132 1291 972 1856 2303 7933 8025 1650 7217 3580 7299 385 9006 9460 4522 5739 7530 6626 1772 2071 4906 4270 864 2135 6919 4221 5700 129 2474 9612 3765 6224 1468 2419 508 9492 4068 4076 7718 4460 6890 3076 272 1411 8814 7801 8037 6937 9871 2942 1207 7086 1428 8125 1307 7127 8253 132 2379 4216 248 4954 5683 2666 5462 1527 6733 9537 949 803 349 7839 3878 620 9043 8420 7285 5980 4643 6578 8005 8014 5131 6266 9518 3861 6833 9765 8815 2516 8783 628 394 1867 6516 1342 2669 6864 2898 7483 8429 1941 2255 2065 4272 6897 8643 7809 4976 6647 5822 4362 8439 231 1990 6347 7156 4138 5129 6996 7003 5873 6016 3866 5052 8914 7701 9832 7206 6307 1897 1477 9555 539 5637 4530 7185 7810 6248 5473 3656 7870 8172 7163 8360 1298 9242 5114 2663 8517 1576 6217 2701 8781 8875 6609 1487 2245 9311 8672 54 4553 337 6378 4549 7507 1585 4200 8804 827 847 3455 2292 3509 1971 5161 1436 4540 7862 3414 8810 297 7505 5320 8177 8409 2008 7181 4786 8704 4054 5686 6210 1991 9886 1365 2817 732 4819 1460 592 6789 6621 2027 1328 834 4946 9643 9288 6244 6792 7962 4420 5200 6322 1600 6338 5025 2005 2023 3995 1908 3163 2639 3768 4623 9582 556 1243 1608 8236 8428 6553 9329 4422 8616 713 3620 1759 5026 4391 6958 7699 5990 9647 4347 1670 308 4693 3577 9257 2568 9376 8830 9932 109 4519 3013 3847 9272 390 2462 6336 4009 572 7714 8400 7529 5412 741 3528 4487 1439 5197 4794 2484 5125 339 7692 9778 5520 6193 6061 1943 579 4425 6064 2406 3238 8752 6415 3809 6465 1166 7690 1876 8258 1217 6362 6049 7508 8532 7889 4262 5222 1933 6452 2683 7129 3382 5827 2793 4159 8242 5199 7396 6993 7965 7557 3457 1598 1685 9166 8046 6139 1930 1022 6166 6243 8102 6557 3335 2578 3008 6017 547 6437 4049 4295 3429 8365 8203 6886 3846 9800 8570 288 8965 2967 6427 7246 4872 7448 3415 1037 43 1517 7593 3377 4094 6952 5746 3800 9693 3940 2650 239 376 6698 885 157 1414 5439 3394 5259 1590 6906 1281 8324 4151 2504 2124 7566 3541 2166 5434 7485 1894 9527 4437 7639 9678 4129 7931 2327 719 4658 5376 7956 4814 8399 4984 6521 3945 1889 4154 8620 2392 6657 743 6309 6549 9260 1742 1154 1268 4822 5144 7298 9426 9624 4084 1352 5249 3721 9808 6539 5056 6835 3296 1806 5687 9842 8901 1995 6390 8160 88 6775 1596 7161 6586 4628 7021 2331 9595 8622 471 3361 4722 1108 6547 8018 4293 56 486 7252 8403 3227 8490 2 7428 6197 7949 940 1201 4846 7526 2181 4114 898 4511 60 9519 1333 7947 1045 4448 7591 8817 6051 2295 8873 2888 3627 6114 2116 7793 8313 8732 5865 8045 5726 3507 8908 5785 9377 240 5511 7324 7637 9959 9082 1579 5127 3873 3999 4371 6123 3977 484 135 6093 2951 4279 757 3366 3011 8626 1018 5477 6277 6487 2868 8350 504 3962 2083 9786 5445 2307 137 6167 4113 6650 4916 5952 9194 7313 8556 286 4294 527 1303 4996 2355 3931 7835 3560 6798 6184 2088 7302 843 2401 5736 6980 7845 7116 363 2823 1229 7013 4090 7785 2964 9635 5098 8633 8191 5383 2926 3037 7922 7423 116 8291 9422 1823 9504 2464 6019 3898 5932 6382 6720 7160 9746 1296 2709 6795 2745 1341 1337 4479 4267 6405 3867 8540 180 647 1162 7301 5289 6935 7421 7125 8757 9588 4776 7174 1871 1157 245 5382 7254 7405 6678 9962 4199 7655 1888 3901 8273 4644 4119 3164 4823 3810 2336 4956 5450 9271 2376 2574 8027 8513 9154 2825 384 6662 3069 5765 3915 473 229 1024 4568 2911 4820 2507 7554 8938 5670 8729 241 5831 5196 1280 7572 3853 8361 3223 2365 6048 2748 528 9116 4442 5941 4670 6964 8904 6226 3044 1410 131 1982 7079 8859 8574 9261 6275 3770 540 6608 7693 4392 1320 915 3109 5186 6962 2208 5713 2430 7072 154 8370 7082 1176 5306 79 4702 7841 744 3035 5955 7960 2229 1729 1071 8836 9421 1815 156 6688 4923 1693 1 7130 554 3910 7151 7635 1437 5187 9292 1516 345 9356 192 3379 626 6146 1339 8374 9419 8580 3561 5192 68 1668 1760 5149 5516 5702 515 9688 8980 1501 4436 9055 4189 6745 8922 2515 7501 8827 4058 4246 8894 2265 654 519 3766 2521 3883 5819 8298 4397 5507 5512 98 838 4240 7951 6513 5028 1919 6441 183 8663 5362 5448 9215 1587 9812 3168 227 2077 173 745 2194 2693 979 8012 991 5375 3518 2854 1825 4355 7220 8472 5768 9138 4912 2302 4153 7750 1682 9620 5651 1542 4079 1714 6942 2624 759 636 8101
9647 505 954 7823 1212 4398 3949 8431 2870 6068 7568 4133 8370 1720 758 2471 9753 2949 845 5725 4952 2387 5570 5382 452 8864 8006 1210 3135 8641 5662 9133 9145 6615 3307 6708 7365 7255 5138 6586 9675 2706 718 4396 777 7828 6866 6882 776 7710 2606 5727 6448 4527 7461 6900 3390 5466 4461 2877 458 123 8361 5954 3089 1668 2662 6805 8922 7799 4948 6856 4108 9343 3985 8287 6208 866 9062 270 3471 1141 6717 7997 4953 3616 7739 418 4429 6967 875 4551 5327 6828 3991 6994 5841 796 2268 3640 537 7215 6847 996 6558 831 9282 9117 1696 4696 9386 1518 2188 6103 5867 7140 6070 9957 7557 498 6923 4783 1400 8601 7962 5391 5595 3803 2538 4214 3794 3074 1428 640 4070 4337 3351 3454 9518 9191 7388 6585 5293 3254 3724 7715 9562 1280 4564 6484 2414 5964 1436 376 7706 7030 530 243 7595 4323 9668 5375 1314 89 9711 9136 9792 9516 5006 4189 8707 8745 774 351 8350 4497 8065 7911 2129 2629 746 4542 4944 2181 1269 2649 5563 1798 9243 3157 2472 5262 8531 138 5351 8242 5625 5142 4109 630 9330 2815 5726 6455 4075 952 7582 1985 9432 6562 9082 3973 7857 1263 1594 6825 9743 6099 9981 8567 1361 8512 8704 6711 3105 4328 1852 7213 1310 7533 6380 7035 3988 5897 7462 1291 9830 9446 722 6392 4880 1046 4248 6142 2639 1105 9318 8734 7203 9298 7300 4915 4161 2355 1625 3617 6682 9828 830 4343 3713 7209 7730 4052 9457 5191 5342 9286 988 2415 2029 3460 8360 2451 3733 7677 7536 7287 6975 4835 2202 7487 7189 178 1104 222 6 1933 4565 70 5493 8646 4121 4949 3836 9462 586 1175 1876 2615 7042 1687 5243 5401 489 3078 8024 2613 6404 2858 1166 3890 6398 1344 1345 6620 7701 9629 7770 5121 2533 6421 6368 7703 7007 3894 5930 5973 935 3968 1215 2688 4457 2893 2117 2480 1857 4872 1690 3023 5113 8087 6458 1058 4770 6086 4945 8891 7559 7477 7132 3979 196 1186 7337 4090 3467 3309 1376 7434 415 1890 3767 2531 5624 7402 8763 4998 8867 6849 5715 5324 4259 6836 1409 5555 8967 9384 2857 5931 4042 2986 20 7508 2647 7748 4941 9873 8162 3183 9992 7045 256 1967 798 9018 6964 9664 2218 9030 4987 2828 5865 2748 8383 1590 8066 4118 4446 3715 48 4839 6701 6420 2346 9347 519 3638 5571 8680 3172 5562 2076 9779 7528 2874 8796 843 2537 7366 9872 3876 193 2088 6623 4927 3677 1040 9044 4474 4755 5444 9312 1455 1863 8009 7153 2381 7999 2723 7412 7522 4637 9488 7301 2164 2361 6096 3007 1249 3461 9230 5124 1318 8098 4932 1346 9138 328 5820 3892 5771 1483 1698 5844 8850 2717 3842 7924 128 1363 2560 5967 5015 1076 4679 1111 434 5928 923 9663 1051 7280 980 9149 8564 2326 8286 2177 1013 2331 3874 1349 8174 9075 4065 8367 3350 544 6082 2262 2863 1096 9689 7541 8558 122 3468 5833 9784 4519 3112 7116 19 1675 9441 8304 6917 289 6832 4281 2619 7057 5629 7145 2483 6045 2184 2941 7944 4445 5803 5392 3343 4254 6811 9781 390 7681 7505 4051 919 3297 8706 4188 3585 1889 8468 2555 8945 449 9699 7779 2845 1562 9962 5785 5857 4407 7939 1248 4891 1282 5197 5497 4444 1329 5886 8476 573 2526 1492 6686 7583 5679 6622 9471 9176 8415 946 8875 2545 143 6788 2506 5927 2644 3264 218 244 8155 7851 5440 3651 6768 5888 7121 3693 9277 5998 5184 2314 3580 7214 8935 3050 4063 8110 7816 5009 3336 6712 1503 9217 7429 9119 2481 7646 9362 6987 1848 1153 6989 493 4272 2876 7613 7964 8504 9499 817 9893 3064 9751 9294 7127 7860 8487 1196 172 9989 7670 9389 3769 3140 8221 7767 8853 1559 9614 6357 8547 107 629 7774 4071 6277 4033 795 7093 277 3858 6843 9571 984 4702 3031 9470 2249 3203 9458 9919 8943 3227 9410 3515 7345 8263 5073 6958 4619 9971 7064 1599 7744 1135 2895 4020 1519 3689 7464 1795 7546 4306 1365 4882 5359 748 4351 3960 302 161 230 5596 9739 9639 9110 7083 7901 534 392 8872 504 7456 470 4599 4942 9716 8618 6460 3404 2433 4606 7302 6738 5971 2183 8448 3070 2885 2407 3371 9397 2636 5318 5487 8627 4427 2569 2879 4960 9313 1750 1815 8572 6413 8061 1382 4520 8043 3814 9125 5344 6903 1447 3878 1702 868 6762 461 590 2511 9448 5907 8074 333 6918 953 1644 6230 9054 9810 9349 7625 6222 7409 2264 3955 8280 306 4120 3756 2001 1022 5203 5878 9076 2422 8991 9536 3012 7853 8983 8918 5850 5603 2767 4361 3598 5348 9766 3408 3743 5981 2104 6006 9936 383 2663 4055 4138 1015 1429 5692 3244 8114 2234 39 87 9021 6394 2288 2429 1996 1406 3141 5594 6753 2907 9001 1448 6649 1333 9903 9006 1268 6637 7126 9034 3103 2818 2277 3606 7283 4510 9996 4759 948 5368 7504 9587 4149 9500 992 7289 1445 6547 6797 5543 3195 8129 5445 8552 5749 2081 6571 7423 9207 5604 6877 8376 7880 6834 2010 8742 6829 3120 6041 2196 5628 2696 6474 6619 9985 4270 715 2883 1066 6257 2430 5547 981 7647 134 7552 5069 3155 1945 419 1035 5130 8780 9776 1958 8251 5816 5226 7795 3201 1699 766 9537 2321 1480 2419 9738 7736 4848 1636 5789 5829 2275 9732 4350 4318 2886 2646 4737 272 7775 3516 6399 6084 1767 6589 6992 6361 6141 5042 5677 3714 8605 4447 3452 2693 9295 5087 4833 1475 4369 7107 1206 5070 1425 443 4068 2513 1842 2380 3465 7926 2031 7489 4744 7006 8883 1869 8948 6826 3480 2399 5870 9126 3838 702 600 4558 8157 9627 5585 8600 3694 4449 5666 1888 9130 6165 7326 7513 3382 2256 387 6400 4124 5772 9251 4098 3170 8377 7935 3872 5328 2492 8032 3485 2119 9968 8436 768 453 5934 6567 1272 3446 9948 2438 2053 5189 2529 2457 536 9829 8060 4634 9351 2788 2568 9574 8115 1412 7605 7951 9882 3924 2738 2045 1043 9542 2448 8637 5476 9014 6261 5273 5314 8698 3678 1999 3886 6206 4456 2386 5407 1736 1654 4326 1309 9768 5737 5265 5618 5540 3160 4015 6582 2702 6462 5219 4529 1827 1479 9801 6528 5491 6765 6035 9946 7538 8421 5164 9296 156 6817 3622 1465 2936 5710 3081 7680 8621 166 1694 5202 2867 4507 6772 3747 6333 4602 3547 9825 1129 3377 5315 4246 5763 1612 1783 4183 6775 7431 691 3591 7404 8507 2878 3113 1587 9884 792 207 6401 8837 5409 5619 2180 9365 6028 6782 9263 2204 4262 7518 4754 5481 6642 5288 2255 424 5978 2197 7827 836 5074 7291 2423 4435 8981 7709 3271 4389 9679 2966 2921 9043 8993 6054 4658 315 3648 5065 5174 4753 545 8167 41 9151 8590 2370 7699 2768 3206 9124 58 1980 433 4492 960 4493 4115 1701 524 7080 4621 9566 2424 7026 4223 3692 1387 8865 8975 1931 3383 9015 7433 8324 7737 5131 1091 7294 606 1149 9273 7390 1992 232 1883 6106 8284 2406 2904 8323 1960 6281 8898 8282 9973 2094 7950 1109 3247 6864 4338 2490 7470 1838 1762 4859 3829 8345 3093 6287 6629 1850 5823 5884 173 7783 2165 5422 2416 8489 8541 2084 634 33 8094 5415 1847 3290 8630 6184 5779 4373 7310 8201 8589 6754 4487 5217 8604 6662 7452 5128 5968 549 6859 9089 5294 4485 6074 3084 520 4930 3809 5722 7465 5940 8173 1837 6183 5482 6390 4771 2235 7228 9987 7190 3889 3791 2317 4684 6110 7895 566 4657 3188 1402 731 8514 7602 5606 5767 1410 1328 9583 3701 7772 4654 7740 993 1629 6312 7244 4206 6002 7394 2259 685 7865 8447 5544 8099 8499 1395 8382 9079 6382 9388 8997 4122 6732 5750 7866 938 8413 5109 2283 8971 9270 4636 2716 1183 4072 4974 7581 1108 9190 6097 9554 4733 4196 4405 2479 6417 2786 1557 2799 8525 554 3272 5256 5373 3121 299 3785 4582 8933 9107 3851 3569 1822 5033 3992 6796 8966 5099 5985 5062 1005 7070 9257 9548 5674 4546 4824 3071 8010 8326 3723 9819 4022 9955 9306 2582 883 3966 3217 4030 2931 8316 15 7993 9320 7084 3601 4728 2983 5626 4087 6801 8695 2096 1247 3373 5819 1065 1171 6192 7372 9902 6433 8835 4723 3667 2800 7697 2083 6427 1925 7498 27 3004 480 5653 8629 2453 7323 9366 52 695 1536 1116 8217 7727 8118 9576 7623 3304 650 1290 2456 4940 5338 4538 3898 9400 964 5822 3249 990 5178 80 2994 3806 998 1799 7480 364 8175 1899 9317 2743 4156 861 1905 1778 516 8906 9419 2971 3845 7742 4823 9916 187 5158 5250 1184 6956 9081 7899 5157 6150 9998 2127 4981 7210 3110 4077 9288 7048 9484 9988 907 3578 5730 9845 6953 7894 1289 7139 9403 2890 4675 2711 1970 2573 7867 5577 8722 8692 1926 7200 3672 9135 3934 3134 9563 3221 2014 6610 9057 7517 8986 8847 9598 8830 5800 7491 6470 9290 6893 5711 316 9603 4032 9241 3822 9608 4314 1533 1514 7019 5447 5670 5020 4035 9543 428 3411 9413 3008 4594 7033 1063 2674 3125 2990 9697 7156 2230 9870 6764 8735 4648 4408 1271 8019 6207 3292 7578 6846 8005 9712 257 945 8362 4329 114 5776 7003 3856 8900 6344 9904 4925 9774 5522 7819 8508 170 8579 6130 4540 4785 5773 1843 8714 9450 8688 9161 8944 6838 8560 1551 786 8673 7788 8880 8929 483 5135 1335 4908 6857 9578 9767 3378 8156 2248 4269 9292 4372 6111 3821 1150 7426 9334 6446 615 5791 5005 8517 2928 2194 7068 8908 1122 7550 8808 9309 5302 5664 8886 1420 9041 7041 3668 2684 8039 688 8212 6921 4465 7545 3366 5079 9687 4722 3595 2614 8398 2140 6033 3657 3261 3583 7698 8420 2891 2999 4084 8128 771 9476 1520 4438 9137 4203 8828 4907 1242 3391 8179 5706 1544 784 6973 2617 730 5939 1014 2869 1971 4670 8720 900 1147 8070 9274 8840 811 793 9947 4995 8457 1205 6236 8199 1941 5486 7279 8810 9896 6157 1100 909 5377 4209 1327 7002 1461 2474 5071 2795 1747 3911 8892 3539 8347 2898 491 4766 7769 7192 4016 6350 8292 1727 7714 3207 5935 9040 6560 7395 1630 6542 9612 1892 6498 8503 2753 8740 6481 3860 5213 9378 9979 4112 4822 1304 8838 6521 5947 12 9672 6886 5403 6231 4280 3268 4212 7173 3671 7733 4238 6423 2824 6634 3687 4367 6911 890 8214 3697 3762 512 3810 523 3481 5246 2278 6063 5877 5545 275 4775 3072 8859 3319 5846 1682 6740 8831 9539 2517 6450 1024 4029 4663 4721 7791 1527 6151 8401 8363 678 3624 7403 3025 7348 6154 8293 7888 2894 7123 309 2432 3449 8881 7015 1619 2968 7682 1868 3204 8459 1844 5777 2213 1220 8697 1202 4095 9083 8111 2087 7506 4358 6525 2131 9493 9597 7174 1984 9660 6340 4197 879 9464 5146 446 5066 893 5295 3771 3364 8233 1803 2830 2591 8327 8306 1073 2070 3328 1729 8984 7524 8960 3505 9944 3566 6362 5010 4458 4653 304 8228 2812 2523 4809 1754 849 9466 2827 3719 1259 3903 6043 3869 9238 4036 3038 2685 3980 6603 9046 8989 1060 51 5639 4803 3293 2431 6556 4141 1896 9382 5512 6993 8227 4107 7247 622 4327 6892 7155 9839 4498 2884 5236 9838 295 1638 2286 2408 6752 7088 5700 5535 3643 6193 3782 9377 8056 5748 2721 2635 9967 533 2802 6499 4039 3320 2779 229 4170 5464 4007 8661 5840 2592 4385 4265 4478 8027 457 8259 3755 4864 6475 6564 2793 7105 7096 1134 5266
10
20024580 1404000
14184833 10934728
30873360 40857600
2750514 750789
17008050 26358000
41524965 5810904
37929430 9354777
6225408 60223306
40541520 18771456
18009376 37799892

8 5 5
4908 4005 9111 3964 8988 6143 9828 1482
9023 4786 7362 7602 7195
6096 195 1000 5680 5559
10
11709060 27255000
63685858 41038360
10464030 21667260
5290376 13892445
37310616 40925358
30134328 27184480
66169656 43179360
18349240 47569990
35313060 7362000
30446010 29175456

5 9 4
7008 5211 5618 2277 2460
3500 2331 4823 5705 7910 3592 2238 3832 9451
1041 8412 2949 7277
10
9333876 2046072
16318854 34982684
12573084 19608372
23249460 14223027
15683904 27885464
3350802 63600
8725464 29442000
18441108 2160360
16008750 34179444
24528000 3989112

3 3 5
5729 931 6428
4237 8664 100
3256 6649 6064 6439 5995
10
42806918 23304294
93100 28171813
27235436 28209984
2981792 4606695
56589000 60395220
24273773 599500
27235436 643900
27428874 76128852
55692192 28171813
15163148 54509440

8 8 2
6913 1968 2645 6928 871 4876 6354 3490
2340 8757 9401 3978 6314 6746 4924 7503
9389 1050
10
43743392 21970260
48441844 61855632
64192314 9951214
86291166 72201740
18501168 59282146
30561930 88265989
42864084 37349442
15227784 39984094
16211520 63338194
291870 11627575

3 4 3
6073 5573 4691
6343 727 6361 4723
9851 4861 9257
10
35349539 62662211
9935687 1713461
4415071 62484893
918461 34271197
38630353 43720811
37539917 16150181
66314629 16425523
4939267 24514201
35349539 6729839
35349539 6729839

8 4 5
414 9290 9968 566 248 7203 1963 3679
4119 923 3897 7438
5475 1566 4461 2554 4898
10
13520904 26384258
60343500 1522932
38227860 8668008
228904 19087506
26228538 7179090
41058192 19087506
8395497 8488760
69099020 19087506
6648369 20174862
9200464 21336075

2 6 1
9027 7888
6436 5724 290 9178 5422 5107
8359
10
50767168 2424110
18333889 1951362
9018660 20833758
40284016 2424110
48944394 42689413
3568752 967494
51670548 45322498
10593069 21706592
73818009 22586046
50767168 45322498

3 6 4
1 127 239
577 3209 7919 6091 2833 8291
373 7481 9323 6661
10
137903 21193673
137903 45566771
37526563 5109743
2833 2953787
50055703 1351477
2571143 23091269
1918109 3070189
407543 26412059
39732223 50713963
1005713 215221

9 10 2
9467 6373 1627 2111 4441 6691 3931 2797 163
9619 937 7489 5023 5657 8747 4241 569 1153 6427
2221 6709
10
33585469 1800989
25122737 3817421
29223343 13725827
9346199 496129
14231369 11156083
7348069 64533871
89580749 25963409
56792737 9756199
8952751 14274367
10603553 2081077

5 8 6
8381 2838 4740 4009 1596
442 4853 3416 6467 6705 1640 9059 7197
4825 212 7826 2129 6298 2502
10
16506336 31653960
6574760 42228090
26880345 1525764
71940603 160940
19455677 12834640
20425086 347680
22686993 24470355
32562574 5704140
23003220 34725525
31448355 34410240

10 6 9
9136 5029 4087 9007 6687 5603 9672 2096 5376 5372
2868 1507 5722 5064 6833 2149
9512 1922 8827 7228 2883 2926 8639 8412 6134
10
3158672 25315836
60124400 22397802
30738584 42598368
34981266 70944016
27224064 25315836
13767952 50508094
1780200 64143
6344250 28545348
31920390 19647531
66088776 14599512

3 9 3
397 877 521
8629 1901 31 2393 6373 4973 8971 7069 1619
6337 8221 4231
10
27187 56849227
754697 6849989
53136857 17661019
6199513 40385701
3682949 52392433
61461149 6193903
3320333 196447
6695251 12543697
25577533 10820087
8781329 16675033

4 4 5
1764 5018 4954 5197
5067 2896 3269 205
2491 7661 4774 9837 4968
10
26333199 14387328
15050512 978670
47781280 28891946
1417515 1346364
16194626 28487952
14346784 25172856
39016956 21783795
14346784 49844079
12422784 23135785
54975627 48475603

1 7 8
3799
6868 6677 6768 9891 3916 2468 9418
9271 3186 6889 2350 2735 363 2824 6923
10
27243168 40828868
5551000 18902670
25711632 18783980
25711632 21881448
28651478 29248758
9375932 36305236
30299400 1773156
25711632 16139800
37575909 5799800
16111920 61818911

2 10 3
3251 5939
2801 2137 1613 2521 1049 7691 7649 151 2099 7027
1439 9161 9157
10
44428063 10628311
31054381 71445419
3410299 4030639
8195771 4030639
45427411 64374347
101509 14062969
16635139 9605693
5794973 69050171
490901 3020461
3833813 40288697

6 9 1
1480 9094 5017 8736 1198 1436
9398 6316 2310 2831 4149 6284 7444 1849 8032
9609
10
7566568 90305382
37346548 60382956
11017120 22196790
62217806 43949928
20739960 5732604
3149850 511560
70167552 22196790
22096152 68201049
18359354 26306735
2655164 71529396

5 10 9
6606 5276 8393 626 8366
2638 2471 3584 5884 6817 3484 8190 5168 8765 2310
9940 5246 7204 1178 2847 1819 9392 5354 1698
10
39851056 63181185
37228544 266321
339216 46882690
1546846 9400592
20739103 9918948
57031022 23207632
2316650 26391040
2243584 59000760
1048250 35901644
57031022 6519296

4 6 10
5503 1531 5281 1783
9829 4751 1609 5869 6359 3709
1427 4679 23 3359 5519 1433 6449 6689 2389 509
10
39702529 26221207
23194279 5535113
30994189 8880071
2463379 3236731
5678479 15191651
5916293 36817511
658627 3368087
17525107 37007
12333067 52961
10464427 109273

6 9 4
695 5512 5806 4381 5030 1746
5262 2256 9422 9573 4162 4947 3426 1821 8760
3165 8648 4477 1528
10
6548290 10100112
10037352 10843290
45049900 1399488
15294960 81481456
34373628 87717637
10037352 5234928
952384 74764495
25173800 49991656
24883410 15748008
68178602 5930650

4 2 3
8794 390 2830 6262
6135 1722
3966 6260 1828
10
18861746 20049306
10783164 11214780
671580 38405100
54290925 8110245
51013140 57684936
29590976 43921214
4873260 38405100
17151912 43512110
17362050 10779720
10783164 11214780

8 3 2
2807 3670 7560 8428 1744 9133 4654 3314
5029 3461 3514
4829 8846
10
11645396 16713169
86739950 2033915
38019240 30616006
14116403 16713169
26565840 24285041
42650994 568429
17754345 65218731
16666106 16969106
6123315 60814125
10010000 11286698

10 10 6
8971 9941 1549 9011 1223 9839 863 2833 2311 7829
613 7489 859 8527 3821 5153 6841 3461 1609 773
229 1319 7057 3359 4409 3529
10
69968401 17901649
19478561 3432053
46060631 45757399
37984561 11625499
15809551 17308927
6302119 37595543
8830331 1019587
76836797 792569
10060313 1701097
1393811 37129307

6 4 9
3641 920 2228 3177 1092 4863
7764 9434 890 7555
9182 1661 3964 4244 4824 1046 3404 6255 6768
10
25636432 17539524
42615880 1321138
54976550 18581976
36739965 9867964
8478288 4293360
55815342 65416236
27507755 30776496
43196504 15269922
818800 30776496
37756332 59009670

5 8 7
9295 8612 8751 7613 5145
1543 2157 6549 3343 9696 3185 4640 7184
597 9513 3780 7071 3730 6865 6605
10
3091221 56467888
18875907 17539200
15784076 12465640
17592960 30090184
33694605 49318160
8307182 1131550
11746859 4288848
18875907 12636540
54552366 17865175
35324320 5755390

8 6 4
4361 306 1558 2175 2740 1508 49 1954
4158 7995 1002 2193 2299 2898
3055 6141 1628 4596
10
9563673 13015860
1865600 1563730
11369280 49069368
3581842 6769224
78876156 4445680
886788 14118159
4515084 6769224
205848 24696165
9043650 8853390
6205208 11756376

10 3 5
2179 2297 6551 3779 1873 719 1697 9473 8861 359
3217 7529 9001
6977 6691 4127 1831 2909
10
18389339 55634567
287389 36125813
19613179 50376539
43569341 8004137
7389449 37147127
5832797 16292659
71322217 21524947
1154903 60225691
28452091 37147127
24176233 380617

5 10 8
4813 137 5981 2287 3559
113 6131 8527 5531 7309 599 59 8167 5881 5347
2861 9397 7621 6217 9533 4651 6599 1873
10
49598411 425743
10843829 7576879
19684829 77856011
1369913 55701889
20930479 53012359
26012731 745687
70767857 68800133
93325003 46636523
19684829 38808719
825523 20623

1 3 5
5879
3709 887 4909
1619 1289 6361 107 7829
10
12829051 3504733
90721 7859393
28860011 1143343
28860011 29037761
5214673 6004871
28860011 396863
3268763 14331637
43104221 12086957
21805211 5642207
74337203 12313891

10 9 7
6648 7679 6619 273 3739 8834 8014 9379 9895 3442
2692 4733 928 8792 4528 3145 2305 9908 2193
7205 378 1300 6847 8973 1150 5395
10
25513350 5046925
5119608 1979770
12111100 10235224
82460168 6686240
20568147 24428560
67859715 3840362
15116840 63282732
40000352 6686240
34770512 47432840
40000352 350784

3 8 3
1099 8898 5720
8146 9237 2471 3945 6360 6339 1740 1596
2637 5465 3998
10
11013192 87216
10151463 10402965
9952800 50480205
21986958 25427280
2957472 44215137
16059645 24578151
6274775 61525366
31910844 9081558
35102610 50480205
2715629 34642635

7 6 8
9766 1436 8230 1464 1298 4779 726
8605 7723 753 9805 3273 1983
7761 5557 8499 9163 4895 6512 86 6153
10
6247230 4903536
6420600 6292158
15641667 47817985
12597720 29990499
46858095 50292176
16361442 1981431
78184854 71245692
431976 1063836
60137532 9769344
2903112 18188061

6 10 1
7823 5639 7877 5077 9377 4933
3637 2543 4639 4129 4127 3659 1279 53 8101 3371
4073
10
20031211 16809271
19009069 32995373
82381067 11468231
16700399 4188581
32301167 215869
33870061 25502473
596333 5233471
20509043 18894647
28648649 16809271
32297689 32405239

9 7 10
2652 5056 3926 4989 2866 614 1315 9235 1766
8185 382 4292 5804 730 3076 2774
2685 812 4750 7390 9652 5635 2954 4282 279 4469
10
81722585 57202740
11475942 70179306
5025590 2497712
7632260 1707158
1289180 24852728
33223168 3579300
26090064 18321954
6741550 13746644
9606192 794964
234548 29689552

9 9 9
2838 7779 4477 569 1471 7368 9758 3521 7724
8696 8987 5558 3883 2481 9741 4987 9542 6843
5123 7025 1334 6749 7009 7147 1048 1906 8683
10
5339840 1104894
24209598 25548401
5559252 47596095
24883166 59417769
30636111 48260114
50419224 9505222
32718520 2647719
21486660 35891025
67646184 64230089
51630600 7545528

1 7 3
48
5700 2844 3787 802 6135 304 3174
6936 7010 3451
10
8631648 2049208
8842815 8418195
1019556 2072324
152352 5562672
273600 43006350
14592 22014864
52950674 8902685
273600 10953474
3216400 69741865
294480 26266632

3 3 9
8783 4561 3191
8573 1361 8161
5483 4507 5407 5981 1499 599 4243 2503 6367
10
15083951 6378971
26041751 8665487
17841091 15716263
53036279 38122921
37222321 7358927
75296659 815239
59806723 1879793
4539473 18279631
4342951 12850927
75296659 7462363

5 2 7
6674 5029 1722 933 7319
3022 7742
204 8492 5760 2869 6468 5986 6134
10
31500160 7917016
51670108 25662824
74289056 3496104
56663698 616488
51670108 616488
80677662 62754344
14115972 33692232
57589455 33442794
51670108 18536948
5203884 22211798

4 7 9
521 8363 1109 3889
5279 3853 883 6857 9091 37 1723
7919 9323 8171 7393 3769 53 1433 1579 8849
10
2750359 2720617
4354421 5728423
6139409 6864293
19277 279787
3433987 13027403
7231313 14536031
57345091 5521349
1022537 34831211
34074323 74793449
3433987 84755393

1000 1000 1000
8419 5227 1171 6397 8999 1277 7649 3673 9923 7351 829 6247 5573 7741 4423 4271 1289 7411 4021 1871 1471 7393 5651 7577 7247 1381 7877 2749 1693 7907 5081 3557 3301 6781 557 5813 1663 1613 3251 4973 2551 8081 4937 1913 9521 137 6829 929 7673 6637 9781 9239 2521 659 89 7933 8969 6451 3167 331 5273 7477 3823 5737 1451 3373 1201 3467 641 6691 181 9127 5333 2251 8681 5623 9851 2909 3449 4441 223 6761 7297 6361 7829 7529 8069 269 7681 1459 683 2437 8563 2617 4327 2081 4219 1637 2971 4603 1997 523 4723 4349 71 4597 7129 2797 1553 7603 587 8629 9181 1549 179 9689 9871 1753 463 6529 8353 2287 2801 8539 991 8669 5059 6053 877 1151 359 9739 6007 479 7951 7727 1129 1093 9949 9337 1889 1609 8537 3851 1933 8219 7333 7723 7573 6113 8429 787 9769 6917 2011 1487 2269 1789 2677 5807 5861 7039 151 3931 4909 1427 5519 4877 1231 7057 2719 9743 4483 6599 7523 487 4261 3727 9277 9157 9887 9221 7001 5407 6547 677 6841 9833 5927 8887 9043 4523 3079 503 1907 67 47 4649 6733 5449 4703 3677 8389 3911 1153 8293 9413 3697 3989 59 2837 7901 6689 8663 1999 7237 8513 8693 6151 7541 3323 2939 1481 9463 3109 4943 4567 1607 1987 4517 7687 643 9067 6101 8597 457 8111 1109 8089 1237 1217 3733 1567 211 13 9467 1901 8737 9343 5821 4957 8779 9787 499 6967 1453 6203 1801 577 1049 2473 9497 911 751 7079 5689 4513 7879 2003 4561 661 4357 3259 8161 6229 9931 5039 2657 853 2293 4583 1103 8501 4003 4903 9011 2141 9007 6131 839 1087 3011 3187 6133 4013 1439 6779 3037 3203 1163 379 9103 4211 1399 1511 2411 4051 4409 5051 1097 7699 7753 3967 2017 2341 5749 2207 5431 8867 3529 23 6577 4129 4691 1373 4457 397 8431 9817 4673 739 5639 2647 349 8581 8837 1493 9697 79 4801 8627 8941 881 5381 2557 2053 5437 2803 3637 3671 6373 9883 1433 9151 2089 5857 4789 8933 6481 6971 971 9001 743 5231 3853 4217 5167 8807 761 1069 5171 8423 9539 4421 2267 9677 4297 1627 6827 6277 953 2579 4999 6079 3359 53 857 7307 401 3863 5189 6269 6343 727 4243 7589 6287 509 283 9649 9643 5743 5527 5657 2347 1931 2741 2459 3821 9473 7229 83 4783 571 617 9901 8647 6217 9227 2879 3631 3881 3163 4651 757 6473 2447 3767 4007 2027 4657 5647 191 9059 5101 6311 5023 131 569 4969 7841 6197 3769 307 9323 431 1367 8369 4463 9587 3877 2903 9293 227 3299 2399 2179 9511 8237 3307 113 6709 8123 1063 3361 5309 5867 2549 8461 5981 6823 3581 5581 563 4931 4799 7703 7937 383 6427 5009 4759 4397 5297 1483 3533 7457 863 419 6983 3761 9029 2371 8087 2819 7321 7993 6163 5869 2927 4001 1193 8287 4639 6959 3169 607 2467 6803 5783 6871 5669 4733 6011 4933 6449 1601 5113 109 5303 3191 3049 1559 4787 4159 9187 1759 5147 4637 1033 1823 7211 6421 1583 2351 3583 977 941 6299 7019 9199 4373 8821 7187 3217 1229 3907 8117 6911 7537 5099 4993 6199 6389 7607 7621 6653 4229 9859 4919 8713 3067 2339 2069 7559 6763 9397 6121 2663 8467 9857 7213 4547 6091 7433 5087 1213 2203 9491 997 3209 2659 5839 4273 9679 1709 4861 9091 1307 3691 9341 8707 8093 241 9479 1499 1867 5209 4721 2789 859 4481 6359 3089 8573 7691 1051 43 421 4339 2861 983 2087 9767 2953 6883 4093 8329 2029 6949 9839 8297 6257 947 3511 5471 17 8269 9829 5987 6221 6581 8893 7069 2729 1879 8101 4111 9613 2593 5711 7517 6317 4621 37 4153 2791 5233 7127 6029 2383 3541 1621 5153 5237 6323 6863 2111 353 7793 5879 6703 7759 599 8747 8803 6997 6047 9257 7789 5659 317 1783 6469 367 8011 6553 8443 9439 3491 8273 8527 9173 3023 1873 907 1123 1031 3779 6977 7487 127 1409 2309 8543 3257 1733 173 7591 2273 239 3347 2281 8291 293 2693 3701 1973 2477 5417 8699 3019 6337 163 6833 8863 6143 2423 1531 8317 5441 3803 1039 9721 3623 8741 2153 1877 2851 8233 1 2239 8179 5591 7949 4091 2969 2711 773 6569 157 9311 1423 2137 73 701 5791 3613 5903 7253 3499 4549 6679 433 8849 5827 4201 6947 8783 541 7867 8839 4259 5507 1787 5351 6719 2753 3719 7853 251 3797 4493 9431 8059 2621 8009 4793 7349 2731 2131 8243 2311 2857 3919 347 9719 7193 6173 3119 3643 6521 5003 3329 2503 1319 229 3593 11 5443 4019 2377 4079 6607 5399 1321 8263 2221 2843 2999 8719 1279 9547 8521 3391 1669 8951 1223 4049 4057 883 311 4447 7177 1597 8039 7561 4363 7919 3457 7873 1723 3221 9433 7549 4643 2441 7159 7583 7283 8599 3793 3739 1993 9049 2591 3547 8819 1117 2689 6067 5479 3229 7823 7 3571 5953 1447 41 1489 3407 2713 1697 1019 8861 8923 2357 2917 5849 5683 9391 6211 1619 9161 601 2687 2671 9791 9403 2099 9281 1187 6899 1091 4987 3001 5119 6571 937 2143 2699 2333 107 5569 6043 3083 719 9377 9941 6673 5521 5641 7331 3539 8831 2957 4027 271 811 9533 4951 197 5557 31 7507 5501 1327 9907 1181 6367 4253 3343 7207 5693 4663 9601 29 373 4451 2237 733 5021 4391 3659 443 8731 8311 5531 8167 6037 9803 823 7499 5939 19 3041 5477 6961 9419 7417 7963 5717 8929 3389 8053 709 1061 4283 3469 2531 281 691 1777 337 4157 461 3847 439 5323 2243 5281 8209 2083 9973 3433 6659 4679 97 7027 6329 5843 8677 9631 1861 9629 4817 2063 593 2683 1303 6263 5279 9733 9929 8971 5 1249 3413 8623 4139
3121 2269 1979 4663 317 1087 3527 2459 6871 5849 2477 3823 3691 6661 1091 6829 9743 8069 277 6701 9871 1283 4129 6121 1249 109 4019 8807 1861 5441 3049 5521 1493 9277 3919 5419 523 1327 8681 983 7789 1361 8929 5107 1637 293 2237 1453 8641 6163 1787 1567 8039 6547 1433 2729 263 9679 1697 2293 8803 8963 1607 569 8233 9791 3 2083 1193 8693 3433 3461 2437 1447 5651 6421 7673 7687 8761 3943 3023 601 5639 229 2273 9181 3709 5417 4261 4241 3331 1931 5119 1753 5153 7907 6841 7523 4951 47 4567 8147 1549 743 8291 2731 1879 7027 7477 5479 3229 9613 3851 5903 3361 67 751 3697 8053 8081 6221 6857 4861 2203 3347 433 2309 8747 2789 541 5231 7949 1951 4421 9733 9421 4027 7177 5413 8221 647 2099 9127 1429 2053 5939 8893 7793 7417 443 5861 1279 6481 8317 3547 1373 8011 2551 7151 5987 1871 9419 8111 97 6581 7159 8443 7649 709 4021 6779 5827 223 6397 8431 8243 9151 5839 1999 8719 911 2179 4877 659 2003 3011 7043 2749 2719 5783 8821 5653 7573 9043 4801 3727 8831 4177 5449 1061 7549 769 3533 7057 3067 5821 8527 9511 6563 6983 337 2243 3671 5569 7079 8087 479 3389 1423 3623 1571 5689 2953 6469 563 887 4357 6719 6977 331 8161 2 4229 9533 5003 6709 641 1783 5233 4937 2389 2251 673 4253 1163 2609 1901 5351 3847 6883 5749 631 4507 6451 5807 2393 9437 1231 9907 257 3391 1693 2131 1427 8923 4909 4481 23 509 7561 4519 6907 3019 4447 3581 6569 8951 3221 7001 1877 313 4789 2861 8369 8377 3343 547 8209 8171 3217 643 1289 6823 1307 9439 1663 8849 6011 6911 269 2657 2593 2377 83 227 4751 457 6967 3319 3607 5407 919 1153 6131 379 2767 9059 8837 6659 41 3529 7237 2741 4259 6737 1811 827 9901 1171 8731 5209 3499 7753 7717 4799 2399 5791 6653 7951 6133 239 1721 3491 8861 1933 9817 7699 5669 9013 9283 439 839 6997 4153 3733 7919 9859 6827 5527 6301 2411 397 6151 6317 5779 281 8423 467 8741 7297 3163 4651 5519 5501 9941 7243 6211 3863 859 2017 3947 8269 7333 4217 7283 7193 1013 953 3259 9371 6473 3469 8599 2687 2711 8563 3559 9749 607 8689 9551 9281 5309 7069 7829 1657 6679 9311 2141 1039 8311 137 5623 9931 2063 1553 349 6551 4523 5503 4729 8461 5737 5381 2287 3329 1063 2647 2689 5333 7703 9049 4451 619 5297 13 8663 4391 7433 9091 5857 8539 9067 5923 4049 2371 3137 107 1471 1907 3511 2341 727 9601 43 9643 8467 5657 7873 617 5347 4933 1483 2971 2819 2683 7853 863 5641 8009 37 9137 17 2417 463 7993 1151 5717 7877 4349 1 2239 2027 5471 4793 6043 9397 1619 9041 9109 4943 3169 4621 3719 4397 5059 719 9839 307 947 8581 4159 5261 4441 61 8629 5147 103 6173 9161 3449 7411 1103 5683 2467 8677 7621 2699 7867 1033 73 3109 4973 4703 4871 9257 9227 6959 4721 7229 1823 1733 7457 8219 9431 877 5563 179 8191 2357 4889 7759 7013 8513 89 7541 3929 7247 1213 2333 5801 4813 2351 1699 7817 4967 2903 4201 2837 5557 3251 787 7879 8969 9929 2857 8573 173 9497 6991 1303 6863 9661 7691 1097 9769 7253 4993 9343 1129 1181 1831 5081 1123 3701 1439 4561 1601 2927 4783 167 4549 4597 4513 3889 5023 8363 6733 347 3541 9521 1187 251 6089 8707 4691 113 1499 3203 3301 5087 5867 1723 8863 6949 101 823 7331 3359 9103 8819 9787 7129 9319 7639 2939 1109 1409 6529 9403 6761 1487 9467 431 5741 2887 4483 6271 1201 389 6379 971 1801 8609 4211 9923 2693 6143 7207 701 8101 9857 3089 5227 3833 6029 8543 7577 9539 4457 5323 3767 2011 577 7307 9007 2087 4091 3407 2633 4603 4817 9781 3793 9967 3761 7507 7583 4673 311 19 3083 7643 6361 6673 1709 5477 5077 6329 9739 3119 3079 1259 4903 1451 8597 1997 8093 181 9391 3967 3613 9157 8329 7591 9883 157 2089 9721 757 4219 2423 7349 401 2897 7669 6037 6491 9629 1777 7127 193 8779 2663 131 8971 9719 6373 7459 1019 3881 5581 4679 2383 5953 1009 1609 1229 6703 8419 6763 8293 1621 9623 1031 9851 2069 571 9473 2617 5387 6571 593 4001 1847 9209 491 4637 6577 6449 3313 1117 6337 9173 487 2113 3769 9199 1297 4057 3821 881 4649 5431 3271 4003 7369 9413 127 2111 3907 1049 6113 6311 2029 79 2957 5039 4093 1291 1613 733 6367 6203 6229 8699 3803 5869 1993 5197 4283 1051 3739 9239 3659 2347 2707 8627 9029 7103 8839 6007 5189 3181 8273 5897 1889 271 4079 1217 191 7823 6359 9241 6343 2621 4643 6869 4297 2999 9337 6833 3931 2539 2753 7901 3257 461 521 1531 7963 853 4591 233 4337 9461 661 499 4363 2557 811 883 1667 2311 59 6277 2081 1579 2161 9811 7187 7487 3001 653 9011 557 5851 8941 1627 6521 9949 4013 1021 5647 7547 967 4423 7883 3187 3911 4987 4111 4759 3677 1511 1321 3191 1747 8263 9323 2213 9221 3637 683 6101 7 9293 2833 6947 5179 373 3583 8287 5 1949 409 6073 151 5303 1873 503 2843 1973 587 5399 5051 9887 6619 7489 3061 7109 7351 5881 8059 907 4243 3517 1237 1597 6803 2281 7937 6961 691 7589 419 1669 5237 71 3253 8623 829 3539 3037 6691 4733 8297 3557 2441 9133 5167 2969 7309 6389 4969 3467 9433 6091 3371 6287 2153 8389 7603 8179 1223 3779 2267 7451 3209 1987 3673 9619 2917 6269 4723 8999 4999 6257 2503 8117 4133 2803 149 6781 3797 5171 6067 6299 5507 6899 2137 7757 773 8167 1759 2129 9377 7481 821 7727
5171 5741 9479 9679 2383 7283 3371 5443 1129 4513 8719 4289 6299 3919 3917 4451 197 6871 1237 1033 9343 3467 2099 2731 5987 8387 2521 1303 8747 3167 9677 3989 2659 9187 7247 5639 6469 1021 4783 1291 6011 7109 9817 2551 1423 3761 947 1723 4297 2459 6619 137 9463 521 6271 7853 6829 1297 149 3637 1049 4271 6967 3547 5231 2789 3709 6733 1447 5507 6421 9199 9013 9803 3931 6353 4007 9949 1117 523 6581 8999 743 9787 2719 739 877 211 2297 4021 7297 9601 4679 1213 4831 1373 9091 1877 3169 8287 9041 5861 1867 449 3793 6451 433 5417 7351 653 8069 1601 503 4339 6091 1567 4751 9173 3023 2609 71 6143 1181 4657 1399 2857 3797 3643 6701 2269 2791 3181 1847 7039 7699 1999 6791 2917 1901 8597 5023 2671 1499 8353 1619 4051 4957 8363 4229 1481 37 3221 2963 7193 859 3359 103 7591 283 3389 2999 7607 4721 5557 5209 9337 3847 8053 7907 3019 4937 1409 5717 389 1483 9227 7459 4951 6397 8779 9161 191 31 9697 7309 3083 641 2273 2393 3049 1831 8377 5669 311 1 6971 9967 359 5011 1949 1187 9257 7451 3739 2579 701 5227 4241 2239 8623 9613 9631 8233 2081 6217 59 4357 4651 9491 8599 6491 5693 4643 509 1163 6833 6197 6133 479 89 383 2339 5857 5081 8171 5051 997 3407 733 7069 6607 7703 7963 3559 6269 7691 8849 6823 4001 8707 6653 1597 2417 307 2203 1019 2803 8819 4093 1733 29 457 1549 7013 9907 3881 2503 8209 1871 5077 4013 6427 1607 1229 4133 3727 1511 6301 2003 9277 8389 9049 1217 6121 4219 1777 6211 8663 6949 3391 3671 4903 8087 293 6709 3463 8221 2083 2389 2237 7621 7001 7019 3331 7 5303 7933 1741 5807 1667 4493 1069 2267 8861 1031 269 2351 7529 863 677 7177 6719 6907 7499 4621 7219 4649 8893 41 1873 3967 8699 6883 5309 809 8467 9467 3499 233 6983 4999 5591 2179 4211 9473 9871 6173 4129 647 7103 2593 757 6043 2689 313 883 8311 2221 1381 3701 3343 3299 3259 7573 3677 3911 8831 9811 8969 491 5441 6781 3187 5347 3163 19 709 4231 821 7649 5351 1361 2069 3733 8117 1061 5101 9413 5197 9923 7687 8573 5297 4243 7027 6337 1609 571 2797 367 6257 4639 3697 7187 5581 857 1801 4421 421 4349 2699 4283 151 8219 3779 2687 9133 9649 5419 17 2531 6047 3 3719 3853 3229 101 5113 5573 9511 6911 2777 2293 4111 613 7369 3889 4057 6263 6551 2663 5683 1453 8839 9433 8059 8627 9439 9643 1223 3253 7079 8581 2447 4201 2063 1931 8539 8147 181 9497 5527 8443 5647 1283 131 7681 419 9733 9437 2141 7489 6689 5711 5953 7127 4177 8737 6673 379 9283 8297 727 1621 1327 4597 4733 919 7559 7577 8741 3271 8513 9973 3533 8647 9371 5477 5801 3607 7873 6163 7841 8753 557 2053 6007 2143 4253 1093 7477 7537 7481 8537 6199 2281 3449 1721 9769 5867 4759 3851 43 1289 1579 6359 7253 7603 563 4801 4481 3191 3617 9857 2311 5779 991 3361 7951 487 2713 2333 9533 8681 2423 6827 1933 1321 3323 7207 8101 3821 6661 7561 8179 1249 1997 7759 8011 1493 7643 1039 4987 5059 6857 2341 7673 8369 3631 6547 2207 929 9547 4441 463 5099 5659 1861 2837 6571 9739 2903 331 3257 5903 761 1747 7333 4967 257 839 8731 3557 599 6563 3089 8563 1429 3001 6323 4799 1951 5749 2377 6869 6793 853 4583 4793 2111 2347 6691 9743 6277 8713 607 9521 7487 2243 2039 349 2741 9587 6917 5701 8269 4157 3203 7229 9887 1669 5273 9661 4159 4409 8231 8761 1009 5039 3863 1201 3491 7741 4549 6053 9419 3457 8923 8693 643 7877 719 5261 229 9931 1091 3529 5021 263 7307 2833 7211 9829 9619 2399 251 2357 4261 2251 3011 8291 5279 8161 8941 8677 8293 2657 2851 5449 3329 1993 1487 7757 9781 811 1889 4217 2677 4507 9157 6029 7507 2129 1553 167 3433 6367 3613 4919 6977 4813 2441 661 7349 7411 6101 2087 6899 1489 9929 9623 9431 5179 4259 9203 1097 3593 5737 547 5471 8971 6473 8093 587 2843 7457 4787 1787 3767 1433 2711 3539 7993 3571 5521 1013 9689 5087 2011 2473 3109 3137 3527 7417 2287 4019 9629 6763 6079 2927 6311 2683 109 6959 9719 827 4391 4561 7321 9029 1627 5483 8423 5119 6089 2557 617 4273 239 9293 4091 1451 6361 9941 241 9539 5189 4723 8501 1259 5783 6449 6841 6203 3823 5 2437 9377 1879 7541 971 3877 7433 1123 5879 4933 2543 2089 2887 7789 199 5641 3119 9721 6703 4969 7937 499 5399 3313 139 1699 6569 8689 1697 8461 6991 4547 4483 9851 8429 9461 1913 773 1973 7949 4789 8111 6287 5107 8929 179 2477 4027 8783 8263 8837 3623 4139 6779 2621 2381 7901 2411 4877 5233 83 907 7867 7547 5821 4397 13 1613 5281 1811 9137 4463 6659 6997 9319 9109 9391 5897 7583 271 8081 6947 7151 5843 4423 2549 9281 8933 6679 1543 5743 1987 1103 9901 8273 3541 5167 1231 9791 353 6247 1427 4931 6521 5563 9767 9859 8191 3691 9839 5653 7517 6317 4447 2161 7829 2819 9239 2617 1753 5869 8521 3413 9349 173 7669 977 5153 5003 7129 9221 7159 9341 1907 9421 157 8527 2801 5531 79 7549 373 593 4519 9007 5827 6389 4099 3929 4691 1709 5413 8609 2861 47 6961 1559 751 1459 4363 9151 3121 3947 7927 3461 7393 911 5437 5623 2729 6113 6037 7823 4871 2539 7753 5431 2749 797 3307 9209 9311 6131 1151 9043 3067 2309 73 1979 5657 461 337 4943 61 2953 409 4517 193 401 2137 1471 3469 829 11 3943 8803 5839 683 4729 769 4153 6577 5939 8039
10
34297909 355703
88541 11569933
78867049 4381243
9337571 4647553
2798231 7120703
22732181 4449803
6503929 14337899
3491989 6066563
25157551 6097589
18340193 19056151

2 9 10
9145 1730
5768 3854 5584 9630 208 9222 9685 3212 8319
7843 555 1189 5525 4740 10000 2181 3402 9694 7637
10
39034884 8074615
88066350 63532203
26398176 43436228
15954060 57680000
76077255 37360676
359840 43795312
15954060 27340320
50386585 45638760
1223560 2310711
405156 7003374

7 9 7
5832 2107 6332 7400 2041 6786 3196
3000 5857 4341 7977 5966 4733 3804 2658 3495
3964 6043 7603 8860 947 1838 3313
10
25494492 8699254
25316712 5649802
12045197 16199780
14031003 15658719
8494968 33004623
9660053 5546579
7133295 7978758
22436245 11951374
76287 3453630
23068214 2069323

9 4 9
6378 7827 2675 7921 6263 6707 1410 1006 8224
164 1185 7454 1056
6111 6214 8093 3500 1603 3465 7944 4891 9765
10
28971789 16375007
42353122 290067
41268499 12877358
2034405 50575920
6735168 26089000
49993978 5795835
9274995 8388864
8684544 11571525
7082592 7241535
40932288 8234902

7 5 3
8256 5025 7075 7671 5901 9750 9367
4714 6922 6374 927 4922
4440 8203 9592
10
53098662 8891784
59705258 30733680
33351550 7604181
8761290 28287600
24475140 18083070
20974042 8926929
5089596 1419964
4658175 61139408
52623744 21853680
6995856 91803719

8 5 6
6521 4513 6991 1471 8821 827 6229 7283
8069 3313 7487 5147 191
461 1039 2377 439 7151 9721
10
33788831 7875001
20898733 461401
37485601 72781127
19188731 51022193
2640773 11365351
11869499 198449
56410379 36806197
29223973 454007
34685803 24852889
5671661 21463157

7 4 3
8839 257 9013 8629 5347 4721 2383
7523 307 8233 7603
5693 5881 4157
10
65606287 1805467
15403463 1598243
18117949 1747751
7771367 24563507
8914429 14750551
71042557 1805467
19739561 41002121
1933411 43283879
40225481 1805467
58410371 43601689

8 6 6
2058 5169 3106 2043 656 8018 238 6848
6510 5910 871 6879 4200 8201
8965 6116 2266 8242 1149 3185
10
29054584 10210820
8580600 18823350
999600 18823350
40247928 2344704
1549380 15587814
13397580 7903971
18591020 8366292
5111626 22151166
78074572 28131600
8643600 42071964

1 5 9
5579
1138 9659 7919 2860 9512
9119 1881 7554 9984 1460 7612 1370 9104 6453
10
44180101 96435456
64863018 43831268
53887561 5379660
43119432 19094300
53887561 17892072
53887561 94967808
17818000 83418990
12812645 1179200
48402718 50283025
53887561 11361792

9 4 8
8768 6936 880 7511 6420 5436 7778 6358 5005
6326 9840 5392 9460
1362 2168 1573 5070 8774 2305 5876 5302
10
45221884 3615356
73579880 21333120
1317392 40956156
34388136 13402080
4744960 21333120
26246586 42867594
4865500 9242952
72817512 1830004
34388136 12428560
53490240 7343904

10 10 4
823 3911 2551 4651 9739 1213 3499 1493 5839 2719
5701 5237 9631 5297 3307 8353 9461 509 9241 7681
9511 8821 5881 2251
10
13749707 13795723
92140679 4489889
47610077 13880771
3454049 41609317
12933677 46724837
7930051 1928891
25724459 73681813
53958199 84955051
92140679 87891151
35078647 74749453

2 2 2
6461 1982
3008 8508
7915 7776
10
10930296 20062670
18505620 29710700
50104779 53219180
19434688 66158208
19434688 67340820
41047392 38291103
5961856 67340820
61397208 20316849
54970188 23808320
16862856 23808320

4 9 3
7159 5953 6863 643
6329 659 2857 9437 6521 479 5953 4751 8747
7589 971 9479
10
62301853 12844219
43435927 465109
15314939 19368941
25645913 26827709
35438209 5001151
3429161 8493337
3287377 9163327
423737 66380983
17358773 12936863
51537023 1389721

10 10 9
7938 8972 319 9753 5202 412 3216 5915 4018 390
9031 2735 975 8061 9038 2686 8855 9153 2635 6476
5142 6889 8432 9236 4948 7492 2197 8530 5520
10
8638176 33299592
840565 47064726
2201668 84193032
36776754 22911580
4432194 740540
52377325 83474968
2880889 35747520
12093156 50383728
21301056 14433870
13392378 24409300

10 6 1
4264 542 838 7189 5766 7744 2928 7826 5943 334
3741 763 4362 9482 5751 7515
923
10
12681261 12295314
25923366 5308173
2756550 15754572
3117042 8751886
6839120 22515766
3166988 4026126
420100 47320070
10459750 9726704
58812390 3452943
15951624 5308173

2 8 6
8818 3663
1443 7192 4880 1036 1378 1348 1436 8239
3094 417 7804 1127 4164 7956
10
26212420 4916808
65268831 50797530
3148730 15813114
72651502 8084944
38732811 23491000
17875440 22252048
72651502 1553006
67974907 45046440
12151204 57219552
5260068 1519196

9 6 8
2120 548 5314 9474 9120 9477 8704 1416 5153
3433 9497 5818 590 2042 7657
2625 2619 1100 5678 5271 4684 3627 9284
10
29880832 44483948
3067704 47711196
2170800 23148900
6712798 15145400
32524242 30666678
20272625 31540860
31308960 27771939
55119732 12451491
29880832 7406334
38116590 5055050

2 7 6
1478 6974
4012 9920 5031 3199 8378 3783 5577
2424 8814 4308 7375 1602 501
10
93732661 34446029
35086194 42735360
27979688 8059662
26382642 2794077
16117206 6340320
22309826 24025716
35086194 61787750
52872890 2808152
41274714 7062363
1042041 31785160

6 10 7
8647 2917 4721 2003 4259 1061
9127 4211 2963 6829 6491 8929 6053 6277 2417 3271
367 6857 1997 13 9587 311 653
10
6422233 3349609
13088941 10408159
78921169 1309621
3391573 427697
15442391 31421
8434633 5959931
14778641 12879029
9541507 3276943
1330543 7029433
6197747 13643033

9 2 8
6777 5301 3210 3877 438 8087 1085 1840 9087
7568 2371
2198 325 7073 6065 4471 9058 2340 8167
10
521278 34086612
3314784 19363957
6598601 17947482
1038498 16634464
51288336 5211458
4800632 2754648
51288336 5211458
14488110 21847700
21545277 2459600
10199202 41299104

10 4 4
8671 3108 3542 9637 3990 8838 4744 2032 4892 6877
948 7743 7125 6128
8120 3847 2578 4871
10
36659752 9688377
37878756 27409875
1666548 513285
4497312 37716153
48998625 23574416
51892002 379455
61780875 49759360
11279140 15154800
34855500 2443944
12669447 29697030

10 9 3
4574 1078 252 5097 2672 8303 7754 8010 9782 8550
3606 7348 7693 7948 9746 1290 2110 4598 4044
2864 8636 4968
10
58328708 357159
20998815 12680398
20222055 68780424
259920 7581348
59651522 6043040
10754670 10327584
2002896 10327584
59651522 10482480
28306560 69047976
20555696 48418128

5 8 5
4376 641 6297 824 6060
8022 4583 7252 9330 4958 9358 8644 7274
7936 6389 9535 6195 9145
10
4808805 4974660
14644329 16006926
51442590 24693008
13369920 37899816
50514534 39346688
54431268 31676662
7710992 55226516
20064588 58139103
5998478 51252558
5998478 55226516

6 6 10
5305 44 7501 5668 8665 9602
9032 2318 6437 4590 72 5758
1242 7091 6283 8158 5847 2944 6665 578 2050 3027
10
5459616 13791838
4571582 6001668
691344 5220496
13138424 3328124
17692830 15530382
149100 5601408
67749032 4751900
61808074 30592350
44972744 71106
381960 1339804

6 4 4
4260 6511 3286 1953 2176 1998
1552 4240 7501 7216
9267 767 7956 7876
10
18062400 59677956
9687128 24582600
14986998 56833216
14986998 1190384
3144864 2013045
14417568 12347712
41502132 36704421
10701900 4368896
32999468 2898560
3100896 66870672

8 7 4
8468 3190 2171 3201 7776 7940 4659 8694
3244 4738 5893 6255 361 161 8017
4228 4673 8618 8999
10
783731 53905590
22090752 45151344
62340192 26446140
2807136 27956792
21400134 57583260
16956563 15647072
22074342 33895876
1151590 29192756
21901624 133672
96107800 29553616

10 9 5
831 6566 8704 3713 6948 9475 4865 8211 7392 3862
5078 9202 7081 4747 4581 4474 434 2073 98
1649 2636 1532 5178 2128
10
24704470 14097464
717750 2057610
476770 18665516
33825708 2374656
17278588 715666
17754098 88745540
26456744 23101650
3944757 7018092
643468 10733994
11703796 16391820

8 9 2
8976 3853 5243 6180 2658 3979 1923 1226
2893 1655 3966 40 8037 9892 5748 7564 1093
6396 4415
10
106320 7306825
3514256 3534000
20105112 18503628
35022850 91351106
6376715 25366536
2101839 63269232
30966561 255840
1540935 8393100
43986492 32529500
14764395 7303523

7 8 6
7583 983 9227 5827 1933 431 3469
5857 3169 2273 4357 7027 5407 4231 6907
673 4831 5881 8501 1933 7639
10
6125677 19322773
13244771 3638911
10583539 31207373
33039131 24882511
40727677 74489537
4256891 17076053
7823867 22018273
14677339 33283123
16080301 45326483
5315081 26939669

2000 2000 2000
4106 6741 6436 4906 210 6635 3570 1584 3309 3072 5313 1827 5203 8618 5042 6542 48 9063 6002 8198 4620 5260 4579 3561 7468 2322 812 9805 7458 3404 4302 616 38 660 5478 9335 7245 8058 9963 483 1088 4392 1377 5344 2997 6349 1846 2145 4524 6889 9369 9026 2114 3946 2570 9493 5299 2449 9291 2739 5768 3582 3308 4914 3305 7805 3362 9564 5863 2433 9122 6734 469 1295 8744 5896 2197 9917 325 8988 8406 9315 1075 1428 972 9620 6657 3367 8033 8411 8148 676 1695 2157 3940 8533 5436 3490 3500 7777 2602 9390 3611 2146 9735 2335 7945 1926 1351 8232 888 9684 6672 1020 1105 7582 624 7695 9960 8604 6103 7231 9230 6839 8410 2264 4487 3839 5679 7885 669 7306 7274 3346 9355 7011 4720 7296 7969 4644 8791 4804 1263 9747 5842 7895 9445 2626 6976 7173 7755 3300 5522 4578 1687 7697 8948 4570 2466 5955 4309 8793 3200 7552 8145 9220 2240 4556 7188 9082 5095 2933 9394 3957 7794 6414 2501 350 2476 9573 8064 5696 4207 1729 7299 1865 9713 927 3379 5664 5177 2154 7884 2703 9326 6224 4868 2989 2500 2108 2054 7497 4964 525 501 1839 6892 2966 1262 9262 2527 9253 4070 5767 25 407 7546 8856 1311 9938 3627 6419 1185 1467 9015 9566 6739 3875 2542 8258 5025 4529 4872 4128 5331 795 8192 2019 8402 9744 336 2452 5508 9447 2826 2142 8300 4074 1174 1896 9494 2315 2421 8499 1866 8178 1461 4346 6439 6413 1256 5389 1077 6519 5253 1095 3819 7185 9428 3560 6611 962 8075 6051 2850 143 4341 5950 1300 5274 5433 2667 7601 3040 3585 5773 4435 6946 1273 9846 3939 2486 4354 4950 8903 9490 5104 1815 5792 4527 5296 2368 4550 3356 7442 2589 1749 3223 2947 6062 7676 4653 3646 655 8128 8425 4163 5068 9627 4000 8013 1205 7368 2945 9158 6855 946 2614 1547 5304 4030 6021 8551 1425 2412 189 2229 4672 3112 8197 2316 7663 909 2036 4902 8397 6114 8975 7149 9118 6989 7402 6488 9822 6561 2430 4087 8351 2726 8004 3478 329 8478 5805 506 9737 9480 2690 7063 876 9370 7034 2869 4275 4541 7998 2343 1648 6239 8965 2695 9050 4640 4166 5053 2051 8140 3387 3822 5262 5898 4120 3731 747 3700 2573 190 5420 9532 1048 3904 6558 3861 8065 1040 923 344 1745 7102 8659 9691 6836 4385 2964 1844 5472 1060 4280 8304 6260 62 2402 8994 796 5134 640 969 9556 140 1079 3447 5798 4876 572 5899 5745 9961 7555 2820 8616 6426 1606 5450 9808 4501 7210 4398 4617 1438 2676 9879 581 7996 1350 9135 8582 1379 7812 8703 2415 1219 3610 7200 1760 9388 2025 1716 6064 3888 280 2457 4539 4819 1359 8046 1988 5688 1751 2487 8265 1625 3028 1464 9536 3427 9646 8119 4744 7452 5946 7070 8598 9441 3366 304 8826 4433 1094 4883 7336 437 6375 933 5215 6777 8917 6242 2435 630 7754 9723 1320 721 1177 834 3215 9878 8016 7857 7330 3949 4033 5932 3376 6423 5319 1285 9855 5468 6102 7186 5872 1541 8055 8238 6097 7198 9695 4938 8535 7048 4730 8770 6942 6968 8640 4948 3933 5971 7908 7855 954 1240 5332 2480 3224 731 7605 9424 6544 8185 6603 7498 2666 3806 5235 7486 7761 3763 1563 2513 8445 1126 4533 2353 6149 2413 9231 7045 3594 2594 2340 5108 4854 3030 1791 4277 8585 9891 808 6086 5427 2540 8899 584 9932 3418 3565 7260 5850 3142 6025 7574 6200 2138 9886 5426 8203 2584 7052 6720 961 1701 8416 4300 228 7426 5054 5405 2835 6622 2490 5671 9075 5824 8245 720 165 6694 8850 5462 7860 5182 372 6056 4749 7058 6957 4586 1199 5694 1977 4742 982 4395 6259 6592 3455 2043 7922 2722 5226 9307 3178 2618 6291 57 2506 1416 422 8460 5217 4532 632 1085 5665 6276 2124 9968 6376 5905 695 2121 6598 3218 4100 464 1096 6727 5648 7337 5151 7846 478 7892 1458 7394 9843 6120 3053 3483 6705 3193 9036 2059 5242 8126 8339 1081 9008 8103 3148 5601 1284 6274 1436 2079 718 8694 6266 7634 7672 6702 4635 9051 7602 1995 4975 1460 9412 8063 9544 548 2401 7666 8842 3425 6671 6943 5605 1341 7277 1835 6415 7763 2967 6196 5574 9121 3816 3222 5820 7463 2255 2512 198 5250 3452 730 3776 574 245 4285 2935 7882 2217 5386 3657 9065 931 4050 5458 375 3195 4722 5658 8658 3837 8479 958 8660 3162 224 5310 5448 7781 3134 8230 8306 3353 2491 1200 274 3753 6524 3902 1911 7391 7845 7284 8254 7305 9495 2959 2940 5823 477 8169 6383 385 3792 736 2806 8249 8458 4972 6482 6764 8216 7991 7021 8459 1712 3518 1442 2670 9922 8333 9854 7298 5630 8465 169 7593 5738 5089 8023 3008 8566 3502 3358 4193 5194 9612 1739 54 5210 7538 7383 3179 4544 4960 3941 7085 6334 6522 6123 3773 5492 3399 9288 3950 2654 5998 8687 7650 4009 1674 6534 4078 656 9154 6316 1457 8322 564 8916 4822 2822 2561 9662 5786 5111 2271 4776 8768 6796 8070 7180 9745 9750 3152 8432 6187 9142 1810 2692 2319 8424 2416 544 3848 3812 8820 4372 1821 3630 7096 2397 2856 2070 6533 4170 5888 5294 9965 3055 1548 9707 2802 4634 7264 9211 754 5524 995 2510 7751 9356 4849 8247 2305 5710 9406 8825 2778 1934 1190 4667 3054 7655 7844 8829 2034 7807 959 2632 6634 3707 7176 3880 2907 7003 8409 2962 6157 1405 3505 3655 989 9582 9249 9456 8404 1112 1372 9527 4833 4366 6300 2646 2289 7364 388 3197 9897 6988 6811 6190 9872 8729 2275 8278 762 1672 3538 2130 4083 6951 4824 5015 6530 4067 4464 4925 4233 5766 3564 8947 9130 8872 1576 1397 5349 1034 4536 5244 7080 380 473 9073 2715 4333 9778 4317 7770 1000 8285 4707 5763 2395 1180 8833 6766 5162 3052 1605 7742 707 6608 2604 1169 1917 3588 5636 6195 9670 6627 6612 9234 879 3056 2649 7711 2387 8769 2348 2620 7604 8137 588 8784 4538 729 9438 3288 9658 5909 4413 8163 5572 9395 4781 1247 3124 1186 5637 5695 8823 8644 4768 261 7413 7031 1964 5010 4278 8682 4671 3044 3206 5345 1574 3350 7656 1220 5567 2592 7250 4077 6409 8417 6652 9418 8655 2257 4226 7475 9936 8880 6837 7347 5024 8708 1424 9178 7390 5145 2205 9610 2958 6268 3994 8816 8564 6061 2622 6204 9172 5617 2224 504 9607 429 7730 5561 6861 2725 8206 984 2450 2249 9386 1927 5008 2330 8106 8010 9545 6925 5698 9342 2066 8218 5543 5576 6516 180 7710 6978 9003 6440 6729 1957 3322 8469 4378 1500 8508 5035 3885 3528 4852 4795 5780 2941 1892 5318 8878 3774 9976 5719 9198 5548 2196 2344 8356 8680 4680 4196 9674 7898 1754 4047 8438 204 8086 1401 9969 1585 6184 3876 6411 5690 778 6139 3166 4499 6111 8777 3692 706 4 2147 3007 7326 9534 760 1965 3723 415 8897 4518 3540 7335 689 8656 3777 2230 4837 7550 7668 8386 8113 5414 2870 4212 4187 5588 4866 3297 7644 6897 558 7172 1594 9900 7100 448 3525 567 7743 7242 1228 6402 2516 260 7569 98 2300 9799 8468 348 5212 3645 8403 5943 7522 1679 4410 1305 9742 1971 1954 8763 8981 2268 8621 9411 8906 5526 9434 1395 4873 7004 7087 6797 8116 6520 1967 9405 4396 7571 141 7854 1944 1422 6718 2972 1929 4731 7653 9590 3855 7065 8491 8385 6494 9815 3242 2581 9464 9339 8398 7578 5860 9399 6038 8804 9440 2565 8922 7289 3556 303 3104 6438 2710 8470 7397 6467 6118 6990 226 5474 7712 7786 4405 902 2976 9303 7787 7184 5985 824 4900 1391 3441 4296 8889 6030 2889 5402 2465 8022 1463 1773 9313 6866 6222 300 9359 5604 3370 2805 2922 484 7420 1184 5547 2428 1071 9451 3760 3572 2852 7209 2444 8774 9988 292 7135 9134 2038 6446 5118 508 2631 4502 9823 8138 6768 8480 8583 458 6004 5627 8334 837 5074 1168 4358 7822 6710 5716 5976 3653 1794 7051 9981 6826 7506 1719 362 7329 8896 4923 4462 8614 728 4236 4238 8130 5019 8319 8349 9255 5256 5775 5082 905 8530 6728 267 2072 5826 8607 7456 6511 5057 2697 9863 3998 7392 3431 2596 7192 7567 5868 5314 1664 4172 9308 9312 5038 9276 4335 7344 2911 6327 8109 3728 9866 6338 8846 8097 1363 9032 7978 6458 4342 9557 9628 7014 9513 5439 3658 7338 6938 6238 725 3382 8160 5558 6270 9881 9908 8390 5330 7874 7178 9159 6207 6258 1730 9552 5809 434 6556 4434 8453 1955 7985 7926 3324 5580 1265 1450 746 5878 7646 6644 690 7558 1036 3141 8144 5916 8352 4343 2133 9119 9516 9446 447 7092 1383 8354 781 6574 8666 2192 7266 4537 8866 4581 5504 7760 1208 5597 5378 4294 3729 1731 7089 820 9300 308 9416 9706 7365 9848 7220 7325 7944 4916 5991 9162 1251 444 8025 9171 4105 6929 4367 8120 1378 8541 1816 2569 213 7939 4920 88 7911 3330 6450 3032 5409 9263 4304 1817 7204 9102 7725 6369 314 8572 390 6028 4616 4718 4140 5929 3244 4994 7515 2545 2018 2414 2616 8957 4778 4520 7947 8932 6095 715 2388 386 8381 7778 9753 5621 1224 8327 5096 6307 2926 7866 2044 3549 5375 3638 5488 6819 6168 4437 1552 7280 8305 4338 7776 3501 6471 8433 5806 5942 5938 600 4726 3116 5649 36 5340 9475 6424 3014 8194 9943 8395 5007 6107 1922 5603 2479 9797 3009 6724 6692 2276 5120 2190 60 5675 2910 652 9400 5941 6252 12 638 2929 7012 158 6948 8442 4263 2139 306 8870 3660 9193 1853 9387 5886 1652 9996 8810 5075 1694 9766 3587 6670 6016 2115 6677 5727 52 108 7881 7799 2109 9842 7932 944 7125 1857 1980 2090 9958 2684 2082 1468 2125 4429 3107 1887 7036 6939 9052 1744 9092 3184 3495 1018 5961 2187 161 2191 3986 2091 3942 4108 3287 6887 5268 9004 7075 3754 7797 1899 33 5455 7293 8330 4281 7735 7170 9501 6294 3706 2375 8290 7539 7774 1476 9844 4645 5793 5702 3641 8462 4980 3683 8764 328 9023 6054 4548 1989 406 9069 1856 8987 5355 5486 1340 2747 9033 3272 1050 3668 8078 6333 9937 4262 7648 4032 369 2779 7850 1654 3010 530 5078 913 1746 5974 9841 7024 1170 8782 1136 2021 9143 9078 2623 2202 6183 5354 4026 3824 1661 2332 4293 870 2307 5959 5911 2058 6366 2369 9874 8834 704 1491 2680 94 8279 2418 427 8497 9334 4414 7633 3147 5293 8331 8901 7579 4734 49 8662 1514 1278 8670 9252 2977 6074 6980 5584 8315 6312 5945 8472 4290 7372 9947 5320 8811 2559 9057 7974 1192 9145 8524 8781 7195 9732 8251 7524 2746 6045 5902 5632 2580 4894 8790 6572 9840 9861 3207 3741 9801 8112 8068 7737 9692 6248 5704 9939 3334 8715 2555 3064 6088 9100 5724 2096 4114 2047 738 4598 800 6382 4432 7131 6233 4766 7067 3750 7698 865 1304 9270 6442 8371 8602 8440 2463 2160 44 528 9903 1044 2176 7642 6017 7239 1482 2168 9992 4984 5374 7501 2163 8375 8728 1411 2226 5163 1264 7942 9048 7000 8864 3120 1006 6788 8152 8177 8189 253 7292 3154 4855 595 3214 8400 4485 3550 6960 5284 1355 7689 9652 615 8695 5363 9427 8379 4622 6531 6795 5880 4071 4103 516 8812 3770 7267 2008 4506 5532 1415 9752 9898 8608 177 6706 8260 7271 6958 2996 5817 3909 428 7543 6041 9354 1875 6049 3443 2356 3973 7117 8642 5904 8288 3136 1375 3003 3606 200 2002 2195 9452 9489 7104
5001 5562 9989 9816 9355 9503 4237 6900 5540 6213 5366 7329 1331 8703 8708 5234 4932 6478 148 3204 8621 598 5241 2209 780 6280 3451 9296 4004 2934 6401 8014 7511 5502 6952 6868 4998 1134 2863 9540 7278 8126 5986 7655 5952 3805 1968 9886 184 2102 3087 8786 2658 7345 30 2505 2720 3475 884 5752 5436 7220 3750 2930 1800 632 8810 5837 825 740 5367 7168 7936 1304 4812 3870 5041 6698 3751 4319 7830 5868 2196 9512 2296 2218 1105 4936 4736 1945 612 9172 8195 3429 1188 9910 3131 9928 5745 3908 9734 128 1018 7667 1411 4886 586 5499 633 3408 8822 8408 9159 986 7047 528 2264 8074 4541 6032 9056 5109 5202 7254 7554 6325 6281 9699 5364 1082 3601 5100 1194 3681 2743 1668 8456 2400 6208 8160 5725 5026 5694 3995 5070 2706 4480 7248 9801 8030 2366 8855 3117 7470 5221 9685 3782 1449 9381 9033 2488 2080 3236 2738 5681 5015 4336 3240 7317 464 1366 2125 4564 6989 6038 9516 8709 9523 5883 8506 7550 8145 6488 9682 5615 1664 8485 8404 2169 7868 6560 4582 9860 9687 7225 5537 4697 606 7795 1077 1044 8205 3149 5546 5186 8202 5057 3000 6848 867 1477 3497 8953 7012 2284 3680 8583 728 2057 712 8538 7651 4365 7518 7335 635 2144 1095 1212 9842 1232 2212 8044 4322 6790 2322 1608 901 5244 7491 830 5768 938 8847 2752 3172 2507 391 2972 3610 1078 1478 1211 4497 8918 7600 5085 1030 8618 6231 9930 9780 7468 7973 3210 3364 9318 3867 4212 3675 1316 4106 9327 1315 2937 1165 3540 621 6422 7984 759 6942 8248 5204 4977 5842 9288 5066 3570 5515 4991 2460 2071 2049 4707 5356 440 8460 8572 4078 8824 9184 4633 2730 1820 8997 3302 8149 6105 4016 4202 4343 9101 9063 8391 3233 1849 3007 8120 4242 4121 9198 8833 8483 9598 6419 6182 3670 4353 8740 6092 3524 2475 8714 5271 1448 1099 2516 6601 5052 5753 876 3260 3926 9122 715 7064 946 3676 5173 4250 6814 3480 3068 5291 3074 8493 1419 6649 2831 9210 1819 5383 1666 9570 9659 2170 648 1270 8670 4767 8608 7924 810 7738 8579 7814 7746 1340 2072 1957 8075 5474 4069 2464 8441 2542 2941 4203 4412 2134 5064 8801 2852 4626 7586 4063 4345 8781 2718 8994 4846 385 5603 7205 4614 2509 4938 5004 4512 6813 8989 815 4562 6556 2425 7399 689 5870 8559 4822 4662 471 9328 1318 4491 2780 28 6236 849 4865 6585 6832 9472 3772 485 1966 7726 5447 5518 4526 7522 3618 4405 1154 68 5862 7610 1680 6167 4631 5377 5718 3069 5750 9208 4879 5438 5675 9635 2476 8224 3910 2031 9225 1594 7387 3856 5162 4025 7371 8568 5115 6546 4422 2695 5481 5143 7884 9992 9526 3580 5266 1886 6082 40 6366 1713 8788 7377 7016 324 5188 988 1656 9094 6090 6465 4655 639 2095 8082 2404 7482 2318 209 7472 927 2880 8668 5255 4693 4746 5286 64 5498 4066 7425 8620 93 6843 2918 5430 7768 4502 4524 3839 9106 921 7503 8818 2075 4704 1192 9471 6052 1379 6064 6922 3306 4730 2140 7025 8478 7337 7075 3970 442 3603 1681 9603 362 3644 5034 8088 7162 9436 995 6265 9417 7562 5079 1337 5322 7315 5754 6933 4221 8950 711 6278 5089 9135 2705 2123 2200 2220 5644 1816 5093 6486 6766 2271 2739 5317 2327 8022 4732 8913 2189 198 7420 6126 3150 1670 1185 2813 6986 6207 1028 8704 8236 3177 892 2985 5144 1768 7098 675 7570 9270 3367 2867 678 1350 7493 3481 2727 9708 847 7871 7194 3063 9920 7899 4189 1833 4869 305 2815 2674 7635 5028 2627 9633 57 4330 6727 9794 1860 5116 3153 4656 5740 3558 1219 3002 4098 5976 818 1240 8928 9804 9064 3104 1632 3040 2493 3487 4752 9146 7286 8777 7576 1573 5497 7366 2489 9610 9536 6174 5345 3085 7322 9620 9039 240 3713 5012 116 4884 3044 9900 3055 5180 1524 5128 6699 4942 9757 5844 2448 6164 4612 9921 7656 9112 6411 9163 8722 5941 5330 4062 8035 2624 2788 6195 1946 6412 1148 2045 3244 1041 8320 7485 5013 6492 6372 9853 7960 2498 4462 7004 3384 8336 1369 8334 3655 4479 5312 6295 2530 7174 2669 8250 2968 5902 9223 5342 3318 1917 7348 6378 8193 7198 4321 1267 8886 3340 4590 7222 3763 2013 9882 7261 8289 5191 3531 776 1435 6117 2575 9607 8099 7495 8829 2537 760 8712 4387 7175 5080 1665 4362 9280 4141 520 202 7379 4187 7392 169 7275 6526 3508 1538 9946 3351 2925 5845 2370 412 4836 3145 8207 8227 237 3272 9808 4571 2541 1167 8592 1347 5354 7791 4358 513 4174 816 3983 5635 9826 7236 7582 5002 2165 9123 6408 4527 1182 9339 7780 9991 8268 1420 1641 9365 9066 3712 9760 3263 7546 7515 8541 1682 7398 1614 6365 7226 7889 3928 1295 9078 7626 3594 729 7859 1115 8823 6618 4579 9291 8170 3941 8355 950 2811 1589 8962 279 6629 1034 5543 8155 6454 1845 5160 9380 3088 4233 2410 9725 7722 2201 7584 8765 9611 3887 6711 6228 8354 5120 3502 2268 3454 4400 4120 4095 3350 4369 2211 8988 4459 6786 6267 843 1375 187 697 5539 405 2346 2936 156 898 5966 9190 1250 531 4419 5583 4608 7947 7985 8766 6934 2419 3175 2302 3604 1593 2956 8151 2326 2438 5184 8526 6750 5618 4530 8552 6579 4830 8163 9996 322 2754 7357 682 6284 4280 2166 882 6479 3134 9966 5056 5125 8115 6417 6589 7638 1548 5112 7294 8215 4471 2892 1832 2119 8481 6582 214 8476 5989 2942 5994 2436 2688 1344 3897 2184 2183 7328 4361 1247 1455 9364 8410 7792 5951 5165 9258 69 2432 6598 4528 7461 5680 2826 3141 5872 1266 8144 7827 6314 525 7581 6224 3422 9668 7431 4026 7735 2105 2492 5259 9802 8340 335 8181 7516 2012 6123 7605 8842 3496 2563 9156 1612 9409 5464 1200 8942 3024 2348 1793 3008 4855 3250 7257 5895 2162 4708 5313 9368 2194 7076 3252 3171 9870 1094 6127 2429 207 6778 1824 4765 7910 7689 3485 2145 8509 6409 3288 3354 6156 5576 538 1110 7645 5203 6360 6434 3406 9268 9574 5608 9443 6636 8006 1853 5942 3894 2733 629 2524 4303 3715 630 6028 8264 6738 1556 8758 7777 9116 3064 3230 5246 9384 6545 3626 8078 5517 6909 2616 8407 2822 6428 180 2515 7230 2681 1480 5426 4819 1176 1404 7843 2019 895 4731 190 3905 7858 5409 2395 3505 8047 7020 620 5415 3395 674 5575 5828 6974 7281 1790 9446 8598 2248 2497 2454 9294 4370 6272 6274 7692 8789 6835 7185 2552 3128 2818 9489 5552 3441 4175 1328 9425 498 5123 6041 2250 4559 3753 4431 6085 9200 7646 8437 7619 1977 3817 3874 9798 1464 1754 5751 8566 4238 4254 6395 6976 1317 1900 9426 2280 8850 4997 7311 4000 6282 928 7652 638 6954 5971 7356 4504 3569 9243 8210 6466 8159 8720 8130 7289 1443 8040 9044 6882 4124 9407 8688 3542 3056 9998 1476 7952 7306 3332 8172 2146 8021 318 8624 1554 9528 6840 7688 4674 4304 636 1023 4795 7752 9999 1633 1838 8525 266 4424 1555 9357 4946 8544 6663 9356 1851 3946 1482 4821 8070 8546 4222 5819 9142 3743 1735 6201 475 6330 417 162 7285 5175 7891 6410 5850 8763 4045 6084 2279 5529 4557 7140 3174 1164 5611 4074 4164 6141 1311 4682 7059 3816 5755 8701 9023 5305 5025 8520 5446 1377 3688 7710 9420 1715 4618 2495 6283 8182 8651 8470 9273 4258 2520 9399 356 3789 3185 2421 9849 6027 7199 5047 2667 6946 3986 6268 8396 750 4805 8603 1527 8426 1067 6854 6611 9654 5316 3018 7440 1512 7186 9507 99 583 6702 8626 4705 9074 354 8152 5137 3420 3523 3515 3235 8218 3814 2225 594 2343 968 4984 7256 3936 1810 3804 5370 8908 4042 9008 8409 8664 5108 1842 3356 3283 1269 565 7436 4627 4052 6888 1348 2064 6166 4224 280 5135 4776 6963 7596 1529 3380 3880 9240 7498 4764 2583 5967 8112 9594 5306 8073 6480 5706 9168 7061 1827 2494 6431 9271 7530 1616 4722 7617 693 2571 1349 6870 4988 5161 2462 9805 7714 2252 9838 9389 4477 4263 6590 9846 7014 762 8148 3415 9979 4077 3132 8517 1654 3780 4809 3273 5062 1634 7280 9222 9640 9025 4476 981 3903 4313 9434 8270 8457 6017 8222 7422 820 8129 8034 8104 2812 789 282 384 1505 4032 5156 3829 6710 1055 7320 3460 9751 5462 7836 721 9250 1216 6642 8725 4354 3975 6148 3379 3136 4097 536 4980 4834 796 5326 5378 4774 9486 9095 2856 5307 9189 7787 9834 4647 5614 9621 3004 5889 8843 4602 3178 2613 9750 777 3123 382 3620 4444 8653 8775 7380 3113 25 2660 2306 8331 380 2135 2960 1748 5882 897 546 5440 2804 7054 4308 18 6894 394 765 9956 3921 9363 3430 2676 2496 9957 9730 1722 6866 8058 2070 8904 42 6183 9688 5912 7024 9310 9440 1534 2098 5766 2110 3355 2180 1578 3183 1234 5424 3721 7131 3427 6202 8606 3152 6965 5468 255 8062 4367 291 3159 1203 4719 1797 5634 3561 8682 7138 6651 8967 1640 8211 7805 2261 3106 835 8183 9961 6248 7531 9612 2227 2772 3057 2490 5155 7676 8646 7876 9820 1393 7627 454 7972 6592 1159 5299 8282 8016 3400 1079 1550 111 3600 9000 7238 2317 5915 8489 8860 940 9166 5652 3333 7815 3146 1162 4841 681 1896 7255 900 7114 5530 3689 8987 1004 9410 8201 3664 7533 5432 5901 3914 9909 1371 3915 9072 6074 7150 6005 9474 210 6223 4309 9971 6851 5243 1421 1828 5663 9683 3760 5111 8214 1934 8657 4864 3665 9320 3568 7733 3225 2623 3788 9385 3247 8692 3861 8658 640 1779 7400 3147 6745 2151 7215 5545 5829 1391 3748 6799 9098 7628 2286 4924 6232 2628 4750 7878 5450 3243 5526 8588 9269 4286 532 8983 5983 5487 6388 1298 6770 3370 5793 9525 9177 7148 6662 1139 2986 2868 2828 6758 688 9894 5280 1805 4545 56 2300 5146 6816 8909 2386 8036 6472 3916 9727 1635 8027 5561 9392 2187 9778 1470 4096 2597 3849 8038 9017 4794 8880 3958 231 6095 8986 6142 4116 436 4169 507 7100 7834 9541 8212 8247 6731 3720 7149 8122 7711 8767 6270 1517 8554 3411 9576 2450 2228 6318 1585 7354 5295 1418 4814 872 1036 7037 7926 5692 8454 343 3039 5178 4033 91 6520 1050 935 8870 1484 3116 5177 3015 9485 9477 9673 886 3396 1841 4376 5761 2981 2270 1396 492 1692 4766 3565 7051 5510 2390 4724 6812 6809 5925 6240 8937 115 8415 8690 7068 8365 2065 5792 138 6362 1504 2205 7657 2853 9261 6250 6437 4023 9701 3456 8532 7200 4461 9045 1990 1214 4960 7267 95 4648 3738 1673 6102 1141 7928 7338 722 9019 7986 6040 5739 7922 9546 6853 3112 4270 8976 4348 3135 7056 1932 6777 8635 7828 667 5136 3028 1772 3042 286 451 2830 7890 4713 1716 6748 9316 1967 3577 3439 4399 1400 2350 9085 4849 2976 3326 3791 7152 3315 5541 9848 6009 9253 7492 8625 944 3794 8097 6752 3102 1658 5708 4146 3013 2618 3464 9552 1074 2536 4394 3103 5781 6801 1124 9125 8302 8973 2193 6467 2020 2197 9263 8856 2353 7480 7091 3984 425 9604 2724 9149 3742 5423 2643 5875 3828 2638 1332 1218 846 9557 3227 3848 5341 4905 7448 4601 4048 6307 3890 2888 3051 6892 2387 1755 9510 5272 9944 3238 624 8998 1738 5444 714 3014 5715 1528 365 3281 5674 9346 9747 6049 6298 7955 7325 3160 267 8114 5512
8051 4936 6086 9659 3044 6864 4216 3713 8890 9813 4291 513 7770 3736 5030 1000 8413 3481 735 7692 5899 5854 2032 2156 3789 8385 4361 3140 5618 6050 8544 3658 923 4623 2425 3915 529 5672 6645 8492 5480 9936 8962 2336 3665 3096 2400 1156 6488 2196 8773 2346 7958 9837 3546 805 7345 7802 3898 2942 3837 1527 5625 3820 5198 7080 7632 5682 2722 3378 4169 7224 3305 2225 9462 5998 5244 944 7088 781 3094 4975 2190 75 3926 5656 303 3437 2944 3212 6300 4404 7857 10000 9485 4921 6754 4281 6668 24 8335 3875 2438 9588 2440 7455 3949 3332 3651 4676 6338 8509 6777 6401 2418 2403 5447 1799 4874 8284 4938 196 2666 1881 9295 2140 5844 6045 5454 2481 5182 2890 5382 2469 7733 4094 6327 86 7638 9997 5528 5266 978 6713 7323 6369 8418 2166 4640 2458 1441 7215 4272 712 8380 9113 5826 3822 668 6 5738 6002 6648 8107 2830 9744 3535 2008 6503 3531 7442 819 8436 8358 7469 5756 4714 5013 7828 8359 7373 8315 5568 695 8095 3052 9756 3906 5904 407 3909 1590 5492 9564 8736 7343 9302 1355 9258 4917 3942 6704 5686 2355 5055 2246 8013 8771 7168 4954 7134 4530 3249 1778 4294 1311 3874 3153 5149 8780 2637 8066 320 8032 7630 8144 5366 6052 9425 4620 9972 3356 356 5655 5628 4494 7809 2742 3247 4965 7599 9390 8496 792 234 1880 1164 4082 4961 5363 2847 7502 3416 2241 4652 66 9414 9022 5224 8840 2747 5194 1276 3070 779 5961 7458 7655 8590 9724 2590 6187 8238 132 6046 8441 1991 7143 2502 6873 2479 4386 3476 5810 5664 8022 4982 5073 6165 100 3015 8805 5276 3345 1851 5125 9192 8348 2754 6913 8070 4384 3074 6308 4496 9012 3859 5268 5389 1466 7653 4875 2553 4436 1983 7436 8057 1501 6865 980 4777 7754 6041 3077 6097 7814 9879 3268 2168 2949 8584 6578 1041 2427 1166 5365 7725 2583 2996 6504 7366 4586 9942 8382 1090 8452 6443 7668 9875 2394 8579 3765 52 6748 5256 1509 6624 8416 3616 8583 6128 9197 8680 8453 326 4042 5292 2884 6062 848 9263 570 9853 7648 723 8304 3184 8336 7298 5496 6039 1006 5540 9658 9795 236 4303 8210 3826 1974 3441 2121 618 968 1524 3730 5320 3452 9675 6114 2708 9321 5084 9370 9992 3369 2546 7445 600 7074 2580 1576 1686 2229 8306 1470 1546 1690 8726 5299 3605 2151 6458 3289 3071 7899 6927 8285 1314 5721 3503 3073 4156 8477 1538 4146 1821 3135 646 1488 114 3182 3010 1781 4456 2307 5932 2919 254 5552 3101 6680 8734 5203 3684 4773 4926 6003 7026 4528 3589 7605 7683 4453 681 8275 5872 9847 516 7895 716 8220 2982 788 176 3040 1020 5706 6757 4432 284 357 9088 2842 4371 8578 7862 1344 3093 1408 8871 9786 5793 8615 8058 1616 8463 8526 8545 9123 2556 6768 1190 3293 6923 4172 3377 2594 9226 26 6056 9480 377 4262 1406 4712 2825 9193 5106 4947 9652 3078 4732 5439 1673 1876 9171 9443 4634 7418 1982 1352 8534 4325 7320 2690 7600 9814 999 7618 4985 451 7083 9125 926 847 1932 70 5900 5921 8830 7989 572 4265 8697 2413 9361 7870 936 3104 4403 2876 3506 2925 7104 770 4650 3807 9650 4708 1378 4629 4238 3751 5109 8292 4724 4285 3288 562 3098 324 189 6388 8987 2576 5742 5979 2574 291 5367 2294 1545 2058 5977 5280 1700 608 5709 6250 4800 2301 9885 9785 539 3722 3174 2906 4244 6184 3195 4407 1645 2169 6014 7302 7178 8487 5157 7431 2962 6418 8755 3555 8724 9115 3538 5359 9085 5760 4362 7994 5371 7975 207 8174 1288 6371 422 5626 7926 1664 689 4340 8248 5305 1169 4904 4053 4666 2382 7786 2488 1475 2159 5063 6764 304 749 143 8264 5191 7569 3348 9307 3033 2849 4050 9974 4442 4689 4311 3179 2920 2792 8381 3141 6723 1515 6828 9002 9217 8337 9526 3382 6285 1638 4084 8938 8280 6506 1596 2012 9429 3489 5100 9398 7830 9667 2815 30 1684 4638 8402 3873 395 9838 629 9359 9053 8914 8004 9456 2278 4280 1073 5392 9684 9066 3663 2396 5567 4308 3448 4110 7696 8440 2608 5516 7233 5342 4658 7955 8985 3043 1793 9342 1980 2384 7825 81 8640 2603 9104 7031 7913 8711 9696 9328 3384 3996 2773 7390 747 259 9024 5329 3475 9868 5403 2448 2013 7116 870 3934 8516 7761 3110 8842 2674 1730 511 1765 455 7488 8710 8249 7185 8037 1603 1132 9828 8033 69 7061 6208 6638 458 6072 2005 1972 7995 8150 1906 992 6669 9574 2238 4822 5092 3054 5236 2555 1740 2578 9638 8815 4119 9822 7769 1226 750 7821 8207 6024 4448 7752 5490 9634 9962 2740 1529 16 166 4061 2387 7891 8021 4478 2212 517 5258 4720 9232 4067 8725 8175 895 9881 8650 7212 4006 2193 4950 5984 6718 3699 9350 4278 5072 7777 4418 8138 753 5836 5144 8716 217 7269 8313 5452 1952 6666 8519 9710 4834 9356 1912 7135 5840 8352 9872 875 4182 2673 5000 3520 6858 9074 1253 305 6336 1068 6109 1424 8841 5420 8612 7152 802 520 2915 8392 210 7647 6874 8019 8587 3987 1417 2905 3473 5534 5495 8362 8942 1418 6559 9245 796 2869 9367 5972 4232 8204 1340 4470 1203 2424 7285 1715 4039 5513 9648 2606 9382 2675 6058 9850 4616 9417 5374 6906 3425 9581 3440 1768 355 5338 1118 6292 9453 9252 6678 1372 2828 6934 2850 4 5576 4041 1025 6558 1692 215 9460 170 4687 8568 7055 8006 9506 9687 7596 4839 789 2984 4290 9106 9555 4709 1015 6485 7453 1016 2019 1915 4997 2994 4208 598 2452 9055 1356 1749 1508 6357 6206 3462 4348 7106 3144 1905 1904 2998 4816 5228 1191 9818 8968 6400 957 7344 6272 3012 6821 5376 527 7227 6168 8118 8649 2491 4315 5368 4989 7672 2446 8030 8605 3396 54 2520 8511 5917 7450 2456 3834 4891 1127 826 7804 6714 2271 2184 3035 8344 755 9860 3635 6074 4843 344 1959 8918 1788 2004 1413 9338 1395 6382 6794 3794 282 9630 7427 4264 9810 7322 1496 3131 2734 6078 1668 2047 6778 1517 2827 5402 5035 294 7280 3057 1154 3521 464 9635 8908 2530 9155 5083 9863 3408 4886 6304 4480 6310 9322 7732 4516 20 1243 9870 3850 3122 4390 1631 9965 8981 3483 4020 8610 2376 262 192 605 5314 9148 3085 9204 5448 7462 4626 4766 4307 2661 8289 2720 1784 9459 5558 2569 6000 2544 4990 7545 2507 8473 5644 5911 2472 4252 7311 1814 3532 6994 6167 2668 6549 1869 85 2568 4251 8648 4191 8811 272 1331 5230 3777 2808 2353 8688 6515 5120 6929 9057 2070 2180 1708 1135 7449 9641 7616 7325 591 7464 8880 666 2223 9262 4123 1002 8621 4193 1389 3846 869 4218 2282 2894 806 7035 6802 6881 9008 8885 8497 9194 5456 8139 6808 2758 7808 705 2420 2888 6805 5574 2948 4542 8770 8278 8701 3950 949 322 3818 8709 7319 544 5585 5445 8503 4075 4632 3955 481 5736 9021 2933 5510 6561 5269 8290 2455 774 1199 9489 5405 4298 8186 2892 8131 9073 3178 1018 7783 9514 626 3346 9082 6445 8586 2132 7660 9027 6901 5798 1939 2375 2325 6246 9691 4707 6966 876 660 5570 5345 4902 3744 7261 2125 1909 363 3095 8723 8960 1149 3904 1852 7520 2476 3034 5174 568 8946 906 1578 1296 7746 44 6031 4698 9976 6641 165 5318 1500 1656 3565 4836 1986 5688 9983 8373 4633 3885 9261 5388 1384 5453 5037 286 6303 6536 649 7624 684 3638 7099 9726 184 7242 4163 756 5740 3386 3193 5768 6745 6461 9402 9633 5022 6149 6010 9058 5523 5241 8921 7985 4991 2541 5075 1813 1385 8760 2524 609 4492 4946 3762 1200 9412 7872 9363 7501 3304 1600 9344 4497 9699 3978 5805 9100 3838 2362 4086 5409 6468 8683 7142 7778 7441 8685 2737 5667 8762 9060 5028 6699 5681 7352 5187 7201 5814 6019 9673 3600 334 7337 1773 1950 2724 8152 9669 8881 5046 6235 6690 1581 7170 9318 8355 4981 8729 7410 5422 3072 6360 9609 9285 2133 965 4719 8728 6417 638 9980 3674 289 7982 6493 3778 8350 2757 3088 9195 1072 7091 7053 5214 2444 614 1144 8907 8490 3311 2658 8515 7930 1362 5883 3442 1963 5856 6142 2935 2973 6870 6620 1285 9518 8718 9532 5804 6580 8054 954 8042 7679 1535 8240 6585 2405 5855 9784 4988 4365 6837 6281 138 9288 7279 5425 7656 7924 4510 3648 4023 2345 3657 2954 775 8065 15 8394 8642 4970 1011 4092 3868 5060 8342 632 1284 7585 8992 7614 2644 4413 5257 1792 9651 4117 2779 6729 5464 2641 9582 4571 8374 6955 8542 8444 986 2392 3486 8386 2091 5968 1056 1391 7637 4527 6582 8102 6236 5344 1293 5684 7147 5838 1480 1688 117 7791 8112 8802 1432 6487 5755 9903 4040 7422 3286 2533 1202 8267 1654 5905 7082 8146 3102 2404 2587 3445 7114 8757 9172 8510 7554 7738 7271 5662 8620 1208 7650 5183 6204 8083 8500 561 2840 6771 3170 4424 1750 159 1655 4778 2540 7248 9554 2026 6420 7188 1497 4912 7750 490 8884 913 3176 7060 1222 4786 5555 849 7524 1393 3972 3091 3220 2616 6893 5680 4122 4347 6009 9543 579 7424 1710 4568 9368 4136 708 7375 477 3230 5222 6600 4032 1830 7046 7021 1903 145 3568 6030 4922 8404 42 8277 4406 8694 8808 1796 352 9686 6518 6182 1458 8684 6617 2519 1894 896 8141 4962 5176 1940 3629 1168 7100 6025 5497 4296 8947 2195 667 8388 4599 8071 1058 1591 4245 219 9864 4035 2149 5207 2494 7235 7066 6035 1503 8157 2219 1729 4176 7628 7475 6532 9966 9580 6268 3285 5544 4292 2667 8790 5789 1970 7776 8828 7593 942 7338 9105 8113 4387 4257 8654 1632 6395 332 4847 3114 1390 2296 9538 1353 964 8754 4198 3401 7497 8548 1272 2379 475 8974 1177 1767 2078 9017 4780 9222 8920 7006 4068 7299 8799 8316 8608 6976 9014 1853 6890 3458 9298 9971 5416 543 4971 3468 6656 3381 4588 5670 8056 2918 6100 9809 1212 6228 9065 8715 3952 8310 4805 2057 8455 5698 7977 989 2538 7275 956 6896 1918 4602 5752 8482 7880 3254 5053 1346 376 1094 226 1562 1506 6432 590 161 9380 8854 4062 6434 9640 7357 2172 5714 9062 2575 556 951 5378 4072 3835 1726 5115 40 5312 3573 1536 791 4121 134 2066 5622 4731 3106 4681 7214 2739 4692 3398 7144 4059 6495 917 4825 6809 4645 314 296 6107 3497 5949 9374 5489 9727 9080 2995 8103 7772 7896 9892 2547 9040 2620 8785 9327 7943 4147 3418 4728 892 7960 4126 1162 3161 4267 3718 9000 2746 8213 1806 1170 1060 8888 1736 501 438 6726 1337 6049 9198 7946 88 1757 9583 1188 2743 9072 3961 816 2150 8606 2650 3264 9602 1575 1215 8486 2363 9023 8944 9420 5665 3446 7729 1670 2635 4781 837 4286 3862 1333 2010 5629 9451 5893 6399 315 4115 249 3712 2672 1440 2175 425 8927 9505 5772 6517 1232 7295 6012 8097 8319 6396 9138 3051 5026 8456 5240 2054 2548 7199 2277 6174 9770 2775 7377 3844 3160 7521 9895 2072 3310 8512 9717 8798 6135 4239 4221 1642 8702 2461 3738 3650 7386 2171 8775 8472 4647 9777 9821 4855 6321 7715 5624 3827 6728 6734 5238 3592 5884 4029 9911 1074 1416 7959 55 7597 1660 3693 2882 1555 1651 6550 6570 1415 6375 465 3903 2654 8133 8532 5515 4850 4381 6993 7426 6897 8433 2765 6477 7402 7173 121 9947 6496
10
35062373 51654592
35634424 20147600
37447020 14293530
12482904 29232180
9787505 6430025
32321862 36115497
82680 88607232
86424800 68221440
55976151 17211992
72813870 24434520

7 10 9
4030 6193 9142 9084 5013 1910 9335
5890 7655 9530 4356 4249 6169 5130 7691 4579 7072
2530 2376 288 8788 8736 3886 6567 8309 3250
10
39822552 46441824
11782790 42625170
38844358 33688710
56396998 37033580
9597420 9411532
41555514 60210255
28397763 2465948
13454832 6369920
25716690 17892160
27133785 12306608

1 2 8
9901
7691 9103
1013 599 8297 4673 6959 1327 9791 6553
10
2307619 1389929
76148591 63347777
90128803 75302581
76148591 59651959
59229497 67108147
47629709 18368719
76148591 5452697
38387929 7589
51998017 9555977
90128803 53521669

6 8 5
2493 7693 8539 7527 2933 5487
5508 562 9719 9739 3403 813 5707 6484
2855 6067 6493 4151 9545
10
2026809 32481635
24279327 20646001
4176492 20499830
3083694 32481635
47201430 37292437
10864810 16132250
19570012 1762158
26714722 13170720
48805068 4932471
24279327 23689757

3 4 2
1787 7643 7649
2833 6299 4397 3331
1951 5059
10
33606271 14332147
12475033 24713239
11256313 6498781
15328021 1611271
30193 7135057
15108659 1576349
25458833 22244423
48181051 8578547
11256313 16851529
22525429 54421859

2 6 6
3917 4157
5261 4451 4993 8737 8219 4201
1871 7237 7703 5059 6043 5009
10
11420779 25300031
34166383 26897393
7549471 238501
41684791 29107679
34222829 49667417
20755901 22517609
2664331 31348787
16455317 30172699
36319709 21252859
21808513 760033

8 3 3
3343 6779 2069 4591 5741 6569 9733 2969
8317 1913 983
6151 6967 3511
10
64563899 30376417
6457327 13327871
57184909 19440919
12968227 51157867
8056717 16218599
2033827 11766863
2918527 6716543
4686853 37678183
24295207 9380729
2918527 6716543

6 7 7
2657 3391 6761 521 4111 613
8599 6343 5507 7103 9941 727 2161
673 487 6089 4339 4217 9221 157
10
14069 779281
26734291 7881197
83821 18002687
29200433 37311061
9469877 64854887
12931657 2893559
58137839 3459161
29200433 36261983
1125881 37311061
48023383 4268839

10 8 4
3037 641 7561 8713 9343 7487 3673 3697 4349 277
8713 5233 3719 8521 1103 7321 6359 6203
9283 9871 2213 1579
10
4163729 10750081
57954629 2440939
305531 5872301
43661713 4251437
5540467 2862161
39179471 59030597
13749143 1741637
72689143 3948127
1893569 15843199
31297633 11580629

2 8 5
2087 5801
7603 4547 8233 4603 6703 2393 4817 4663
9619 3373 911 8929 3137
10
13952933 11612089
38884103 21367097
9731681 25644919
27943417 4193333
27050063 4142317
2295781 31528661
59489567 8498291
9731681 16247741
968171 20814407
3093469 30668857

4 3 1
2090 1711 3020 429
6873 5208 2815
3978
10
19276075 53069192
1676668 1051785
90984228 4139840
10884720 27340794
31272087 59857875
8501300 20717424
5883350 20717424
10184688 20762406
2948517 11198070
8501300 27340794

6 9 7
6980 2100 327 6802 6878 650
5738 683 4167 9002 3911 5497 4389 1327 5645
3525 4749 7226 1967 2433 4117 9581
10
3573050 13786275
42654736 13494120
3241480 339840
61915756 13374201
30624989 15608940
31564946 64801776
47165662 25785228
2852850 10138311
2786700 20843361
30187542 2811911

8 10 2
3557 503 3089 5653 131 9883 3259 1543
863 5939 4567 9293 9719 9901 4903 3181 2411 7433
3301 331
10
658397 23408951
51447833 8734291
944921 25814573
12992117 42149837
24224147 1511677
7565329 24536333
9826109 30676193
57047831 14976287
11314817 1511677
31674221 32683201

8 10 3
21 9179 5461 3752 8297 2682 6026 3927
9989 803 28 5858 8762 1746 3442 9007 1154 5197
5706 2977 3593
10
55847151 2222892
5104530 2035117
71392568 8078995
189147 83356
887096 12150675
24819321 27699168
26790498 29654082
6301994 2390531
2153646 51393942
31990538 29654082

7 7 2
9606 8470 6254 4711 4376 6335 2424
2660 6053 2674 7254 2747 9978 2257
7480 9417
10
12372705 16934400
5309324 15043220
22648780 21254169
1485064 567985
17179738 57001101
61441380 45276440
21680742 45276440
67182902 28544130
19024265 82116216
26487928 25181058


