100
5
536255579 681722717 61521613 632156887 997461437
608968003 485658311 97683715 414907455 85371346
5
65898047 123182178 966875385 697911149 865777657
74705149 582585526 930192034 44045643 657288482
5
614277995 562690578 43914339 65552079 48004597
428360305 724327179 647438286 629682333 644985680
5
510249365 96700796 10600520 749812184 182613863
249088216 274258403 536328189 665781110 574089370
5
500679128 455818238 388419378 461951181 601503178
134805683 690339337 613810189 183108330 227190577
5
368388412 151072668 314846105 482015389 967934591
315197337 815828624 976804974 64775908 878979297
5
812185159 59951516 191439644 453762966 48782273
745331550 58191763 838503145 69669066 280611215
5
119232932 237596715 767628956 607331339 101032035
20961771 628766647 126468426 733187 792259065
5
132729009 152975939 847383895 120288412 626276690
335388818 899062142 628327982 73186616 945644554
5
293177717 76009482 970815547 761574052 479007575
620015862 932500475 129818240 546586809 662520869
5
579166568 764009039 439627394 802664238 971760835
898775833 761512305 475553782 646285675 614431548
5
514297600 11268766 111353592 198874164 9682126
237622038 95184100 32678307 640358258 12851465
5
640468293 219657450 263327057 576679744 493021135
584370716 905522099 302704575 42424516 410666223
5
58793341 701839038 111420631 39187333 81461049
443075655 62382360 16685142 593436019 859638276
5
989426917 654672260 165690249 109620041 503116198
677334017 528304326 546633056 931055509 129755395
5
245811113 407724381 674515651 117577950 224656656
211449908 331744408 329788137 618425726 976598107
5
148912336 609990731 228935738 192859407 66735283
281235287 160181101 573860674 427809901 55057884
5
385168954 478665006 474840893 945446658 766937688
603929300 633780651 122294691 111411959 519852342
5
788068370 265053807 83047125 926581107 981470128
43215818 678956342 818641294 190316561 12880012
5
55304527 538877409 891960797 912848909 20135355
582439978 635839880 728799364 103966791 56202722
5
99379780 182345738 859028392 206658282 959250959
930868482 688335210 41151934 496207054 653972929
5
677741241 516687480 807009857 224653906 106860982
611911302 39653885 115325624 83069271 922406372
5
294224708 220101976 843957324 396381332 244205684
567655343 61710769 49968825 13828432 112675013
5
886710643 151903202 585091471 859549338 226471775
742202090 641970934 563734366 845285646 475050712
5
138311740 345143019 228307907 354893231 966021513
747024909 228424806 112771974 835639245 455925266
5
663216354 580886501 21409542 676488315 813977301
973768389 873731554 251173713 124487468 60405971
5
802122806 251570351 686540427 988242392 946879702
513967430 503838413 490400024 16168605 980624206
5
30949933 642711397 777247047 952703881 818524221
843377639 650909243 279111492 93945164 795529666
5
929477673 987812204 48628576 411675919 117922664
607030624 164326010 877836920 838062386 47426716
5
242442783 129173006 476211423 164265671 852881567
825302181 885154179 906420052 281431655 835306243
5
138980394 993178662 132632747 379205118 829694190
149691628 746564318 11293085 624464716 154480743
5
89249652 118966520 350473530 395242051 557735723
716692880 420431009 593807413 148436539 14696090
5
821399101 278156206 485931409 737332059 644131429
430318874 936095367 114506270 31943967 407253707
5
551494652 281295923 347761384 17004451 943785994
549224244 439256685 389097765 945353159 323925281
5
285041553 64736667 592241561 40000024 78671375
957522173 959055315 55436775 728644544 544657702
5
333872791 767486062 829866849 317354757 863777330
320999694 423785630 334670564 341720508 244558352
5
481465389 834932545 12501572 350061029 345412409
734285969 32486051 347835858 388400889 82543461
5
840513074 505639 616514625 85691900 223413717
680419258 118669279 338953399 206363035 582339680
5
754149057 382331986 37508364 789433810 635750798
152505962 589081601 247349909 387569393 134846218
5
406502860 492446683 729435283 124668334 84170348
565109274 246831415 393591611 141111201 95107349
5
457573453 85933296 922063757 91393724 6503806
23001615 463065743 933317190 42352168 570186766
5
795373042 767442958 783883744 316698118 990309434
145209366 81353057 301794639 539412730 807687542
5
288987631 902743940 411831165 407677823 615501375
966629619 990373030 217578404 810221057 705390108
5
876420181 259609598 318253491 229978181 567764311
322411829 356425748 883344302 871801539 334753944
5
440409295 447440213 825732307 897413452 396963908
768869742 147132416 813670414 991129618 658754525
5
668288880 295931376 866829158 704656636 952677014
706648058 130795963 524867113 59688564 771391919
5
309767487 443319884 656591790 319286452 42390766
510451676 72084433 69372069 525640627 914271456
5
41128843 657017364 36355359 233104232 184927727
65169729 894150834 126048340 974563610 456517949
5
61967630 886000592 450246716 347169017 721157643
831787163 702938583 440869437 77720782 400476677
5
277871783 210515201 670287213 103077927 531401305
858715547 195124801 802756761 562803589 34265654
5
229868930 656341922 281155548 862897913 37756255
154380794 326569725 519458794 30967732 898028127
5
159999180 73823678 976039850 872773111 425250098
703092490 278965699 276813559 223798253 430508834
5
114746448 391407780 30871556 25606873 761326486
98371082 43272281 214739678 644961960 357130799
5
107461290 21587688 427452473 29606068 593115395
884596784 563279527 410007065 889403653 631109245
5
324931667 745987264 356736794 609241348 939316495
657507833 131132463 67438130 986157788 278879522
5
403192105 72898614 96848695 154163116 186523674
38656933 463143620 264338257 403128012 202945388
5
466133094 736720473 632368722 494450160 901360104
453282646 122475015 17876021 347782986 384722766
5
552899845 815373629 779242396 11563654 343723495
735970115 796823976 846245184 657365620 625406491
5
728362209 687634006 837469381 299402740 245007007
775087022 430201247 799054636 876656713 380863789
5
987258230 701385400 462318113 398389893 297712285
915811019 592685194 564788442 397922972 149447751
5
139041314 849199256 238829674 329628179 139865462
297993228 320056646 484403980 456479678 710481612
5
412694821 605426965 10886690 83088507 751057858
571630006 693990743 953188348 880407492 879390853
5
238494342 137156891 76851291 911809182 768707316
93538977 534425718 856502401 781507927 717002547
5
702982484 396095346 643629686 636571067 574405685
936002162 18395242 311666007 792126646 184984025
2
859765582 859765582
298383814 298383814
5
422444330 96886381 563444647 500869491 453214460
478777330 452553610 146498576 47261370 332757232
5
429995058 30109281 197095844 483816724 979371390
816275167 84667317 48315881 306715884 986932922
5
14496418 181015332 782688373 217650005 380853434
503722674 88320095 157055182 655461483 642900102
5
296049568 755067573 18114423 491831970 775275626
252648581 130424768 780124449 965884754 471664897
5
230283986 788454602 702352494 627474067 200791308
806293664 765943202 791714083 280288206 200151001
5
487617924 141856093 649554819 1753088 430980459
852730843 302991552 773614840 513634824 345476582
5
96129612 901505651 48947086 259077308 817969154
968005929 293788983 129813557 403840317 77615172
5
556903290 762316946 626052186 16532486 742468653
651060820 146140114 394685668 120502346 770408941
5
204332772 316277920 2080952 726694796 622029491
244042502 423990222 579604976 578760695 72232282
5
969110581 315412759 63054310 148496961 695896607
507599376 855111172 765659474 262739678 869654603
5
891460183 551020663 512903314 375899318 879966081
27245003 425699252 465058627 145060200 373360754
5
902093031 359220123 602376786 670080314 374926116
299385234 896465475 8774941 456646225 953577124
5
82947897 110049185 232231356 733251643 579433602
480147118 615554035 488708549 400566312 548751249
5
756730865 674013763 138183756 136402984 652141326
864585667 782203037 80944710 170718249 772034585
5
588811340 38371621 553587488 107269437 233782553
569938673 187314956 247624766 162828835 46585931
5
723530432 806200797 321450866 629420995 669638175
886348989 846712610 625592533 19362014 495198651
5
966452014 979700310 951139937 961922265 22271691
742197837 78577963 150470152 181118117 529686575
5
747664686 680089787 378659365 315818605 962983254
884172079 899567887 117697609 238208702 394806731
5
129830176 393490252 778551630 25713070 974331898
502045057 446108095 395571204 357762777 500258913
5
565775765 285980015 681835329 903012635 638473073
218691710 638674378 235345062 688514796 89536308
5
529166847 89912840 714668151 659337308 74687244
636090188 508867156 41052776 529106767 534125350
5
152774955 913816782 475352044 373286370 825356143
726370217 511995078 368709919 145432357 748212486
5
470112853 415722874 826872322 532758068 941835897
102545144 885319783 312153564 744940752 433279016
5
825424955 2488211 325871650 553301392 426817635
588035516 241147829 829360532 858629717 347653640
5
56134309 189660210 157991952 794688953 912723045
58644185 401097343 919095492 135176637 878859300
5
144425085 25472173 554414595 180018142 635631602
669260417 273598090 501683595 571196617 32899708
5
89418844 580535354 189921956 212005995 290837461
128211187 309520819 277009030 438819639 456211679
5
553280580 639322758 53808759 575771263 48430465
20951599 350799685 829073578 496672983 542662844
5
11269473 945002754 189750821 442864225 114375230
773954942 32857161 224971578 219356888 35979619
5
627898309 966376941 52906135 845622965 1125709
128305351 923734544 475485082 224708938 740530082
5
357741463 981858849 25056877 95253979 979832928
840796117 765465843 508890851 142634826 172426987
5
951525833 114696267 836350065 546012559 817405297
479995300 55612535 801236693 677108808 345408612
5
258386783 887762034 255285491 597591776 454404479
972567893 946020789 725231414 554688230 842598782
5
41054268 683142865 3259482 725419361 720160583
909595302 43542478 9014514 556560874 4753347
5
938486668 588955431 6289844 784662311 447314647
619347775 928159911 665806721 918099026 405885978
