100
167298944875875971
62576606750722604
583994295663722156
363392227319207621
108694868184063161
848461831698044615
153063653074948356
885181484676713101
533176505485563785
608117008465013555
762517751159864372
172517535823487708
582043511972645654
965151852521362502
72840885799325496
521763874691109214
988426766544319788
673982072687213796
963049702580883310
935416992601791748
614484431774752704
999472456225011520
999008170953595642
13429088095537442
926704893215965057
933099791053400321
703785196064449619
693962385143954265
948283804618508441
955100947695986811
907364667835987239
604222044036764097
959926459523888973
671102708746318576
964932228330906684
389366602166945126
630250472606358865
1297864333236172
936328333099092553
65536
481576415211308934
900951539157687363
993759034503559581
38867047949984960
72821082942916286
17592186044416
674831325764453227
975720640666592483
85992952626421779
138838684445037938
997187221371454534
886911560298125365
935696543517178175
519269960114928053
482556893112363084
2199023255552
488944671376331561
3
984251576050872138
670190545049602063
675187862017667460
211841961900367294
10276753239285831
951970726106996489
970103772343763025
1048576
319877578311196204
929995376491572822
570219352837915990
921669904721208872
576460752303423488
498530326600573192
332980022470538643
13649599035896376
480236363470904296
724758604466166181
798073363011776969
708767527240482189
645852097421140793
8796093022208
833460412046828298
559733067041368571
1
980969898893330875
781265778107743592
133716013245828506
133081940185314604
913725764309211788
891865435171956076
65461910677265696
780183263290891404
175206335702303979
902930879156700900
951283361846834529
300779681387494612
2
177775851693157141
928865325200028216
10
138763996215648659
