100
1 1
1 3
3 3
23 24
21 23
14 9
5 7
6 8
4 3
12 16
24 23
8 15
25 14
14 19
3 12
11 24
1 10
23 23
5 22
2 15
5 20
22 21
6 1
24 22
4 12
23 4
13 13
2 2
5 19
22 22
4 6
8 24
4 2
17 22
24 24
11 7
2 8
25 24
17 12
16 25
5 9
18 20
14 25
8 20
22 24
18 5
18 16
16 17
25 23
22 2
3 1
23 6
15 7
20 13
21 14
2 3
12 5
3 4
1 4
25 22
7 7
2 4
16 18
17 4
25 25
24 25
11 14
6 5
13 20
24 11
3 2
9 1
6 24
4 1
6 10
20 15
23 25
12 9
17 16
15 25
22 25
24 9
20 18
22 23
14 23
17 7
15 4
1 2
14 18
4 4
3 5
19 11
22 10
2 1
25 10
23 22
19 15
21 5
18 4
2 24
