100
165 2
12 10
13 11
16 11
13 10
14 10
14 9
15 9
15 10
16 9
16 10
18 10
18 9
19 10
19 9
20 9
20 10
21 10
18 11
21 11
22 10
21 9
24 9
23 11
22 14
25 14
27 10
25 10
25 11
24 10
26 9
27 9
28 11
29 10
27 8
28 8
27 7
25 9
25 8
24 8
23 7
23 8
22 8
21 7
22 7
23 6
24 7
26 7
24 6
24 5
25 6
25 5
27 3
25 3
27 2
28 4
27 4
26 6
27 6
27 5
28 7
28 5
29 8
30 13
32 11
30 11
31 10
33 9
33 8
32 9
31 9
30 10
31 8
32 7
30 8
30 9
29 7
31 7
31 6
29 6
30 5
29 4
29 3
27 1
26 1
26 2
25 2
24 3
25 4
23 5
21 2
18 5
21 8
17 9
13 8
16 5
13 2
11 5
9 4
10 3
9 2
8 2
8 1
7 1
5 3
5 4
4 5
5 6
3 6
3 7
5 7
4 9
4 8
2 7
3 8
4 10
3 9
2 9
1 8
1 9
3 10
4 11
2 11
4 13
5 8
6 5
6 7
7 5
7 6
8 6
7 4
6 4
7 2
9 3
7 3
9 5
9 6
10 5
10 6
8 7
10 7
11 6
12 7
13 7
12 8
11 8
11 7
10 8
9 8
9 9
7 7
6 8
7 8
5 10
6 11
7 9
8 9
10 10
9 11
9 10
7 10
9 14
12 14
11 11
10 9
13 9
34 2
778 187
794 261
796 201
833 247
803 160
795 140
828 163
887 182
908 179
860 138
914 128
789 127
890 97
807 116
856 58
800 105
843 22
805 84
795 93
785 88
767 47
760 55
736 58
724 73
669 68
759 119
656 121
759 133
738 149
707 177
777 134
702 230
777 142
758 225
20 2
518 135
522 139
530 136
507 181
522 189
539 181
562 205
540 141
548 139
576 137
583 135
563 131
534 134
552 108
558 90
532 124
499 66
530 132
481 84
505 114
28 2
526 320
540 360
564 364
580 351
599 354
589 318
552 287
604 280
542 279
542 277
593 230
567 241
570 211
550 188
534 185
524 204
509 232
479 210
473 240
512 269
458 267
472 284
459 293
448 308
528 284
475 336
529 289
507 362
4 2
1 185
24 225
344 41
321 1
4 2
362 117
117 1
1 246
246 362
97 2
758 680
756 680
751 672
751 675
755 681
752 681
738 669
752 684
743 678
751 685
737 678
750 686
750 688
733 684
746 689
725 687
740 690
746 691
749 692
749 693
738 694
726 700
731 701
741 699
750 697
734 706
751 700
752 701
753 701
748 706
753 702
751 705
754 703
743 720
755 703
756 703
755 708
748 725
758 704
756 715
759 705
760 705
759 713
759 723
762 721
763 706
765 709
765 705
773 729
772 718
768 704
780 722
776 711
778 711
778 710
771 701
784 712
777 704
788 710
773 699
793 710
774 698
795 706
788 701
781 697
775 695
791 697
775 693
784 694
775 692
783 691
800 688
775 690
789 687
785 686
774 688
791 681
784 682
778 683
783 678
773 685
781 677
772 683
771 683
782 663
771 677
776 666
773 669
772 667
769 673
768 672
765 679
764 679
765 659
762 670
758 668
755 661
55 2
685 428
692 435
673 426
683 433
678 433
686 437
691 440
681 443
673 449
692 442
692 443
686 449
693 444
694 444
684 461
685 464
688 467
695 453
695 457
697 456
699 446
701 456
705 463
701 445
709 459
702 445
717 461
703 444
715 452
710 446
712 445
706 442
719 443
719 441
705 439
713 437
718 435
721 431
718 430
706 432
703 434
704 430
707 423
704 426
703 422
703 413
699 425
697 419
696 421
692 416
694 426
689 420
683 415
687 425
684 424
3 2
10 11
7 6
4 14
58 2
438 793
436 795
434 795
434 796
429 800
429 801
428 802
427 802
427 803
426 804
426 806
425 806
425 809
424 810
424 818
425 819
425 822
426 823
426 824
427 824
434 832
434 833
436 833
437 834
438 834
438 835
441 835
442 836
451 835
453 835
454 834
456 834
456 833
458 832
462 829
463 829
463 828
464 827
464 826
466 824
467 822
467 819
468 818
468 809
467 809
467 806
464 802
464 801
460 797
459 797
459 796
458 795
456 795
456 794
454 793
450 792
441 792
440 793
4 2
939 979
939 43
3 43
3 979
80 2
660 704
676 729
678 726
729 784
662 702
731 756
685 714
716 729
768 748
732 721
744 719
665 697
786 714
665 696
730 695
799 689
665 694
746 679
674 691
791 644
740 658
714 666
691 675
705 661
725 638
668 683
690 653
663 683
702 606
689 620
664 667
658 683
667 594
664 581
656 596
653 669
644 608
638 581
634 597
622 601
608 593
646 678
596 612
621 652
576 614
648 688
600 653
545 626
537 634
577 660
646 691
535 650
619 684
583 682
639 693
588 690
599 695
645 696
522 718
549 724
529 737
612 714
570 738
586 739
562 760
558 769
598 751
574 787
647 707
641 721
615 787
626 771
630 775
627 812
650 736
656 801
667 812
659 722
667 736
659 704
5 2
7 3
13 7
9 1
5 1
1 7
5 2
451 255
472 325
510 243
501 148
372 238
49 2
348 939
332 976
362 928
361 942
363 962
369 953
374 954
387 971
384 954
369 922
423 993
394 946
387 933
416 948
452 954
451 941
405 922
374 917
457 910
442 904
432 896
392 904
377 910
385 899
376 905
400 858
400 846
381 870
375 868
366 850
360 851
356 875
342 841
345 875
353 896
353 903
320 874
330 888
348 905
330 900
300 898
333 912
360 917
306 924
356 920
274 956
355 923
361 920
333 950
48 2
887 607
874 624
874 615
870 621
867 588
864 614
860 614
859 621
860 629
842 608
852 625
862 637
861 638
837 628
846 635
841 637
823 640
861 642
848 646
837 653
847 652
842 660
836 672
857 654
847 675
850 681
861 664
863 668
867 684
871 673
875 671
877 666
886 674
894 676
901 675
885 655
877 647
880 646
889 647
882 643
906 641
874 640
884 637
887 633
910 616
898 617
871 637
896 603
4 2
1 348
348 611
611 264
264 1
4 2
5 6
5 5
1 6
1 7
68 2
220 487
220 486
251 476
300 449
219 484
291 432
218 483
255 442
238 453
261 412
216 481
229 443
221 455
228 397
216 436
213 449
206 389
206 440
189 394
198 447
204 470
207 479
167 418
158 419
157 430
176 456
164 453
205 484
191 478
205 485
133 466
121 473
182 486
117 488
204 489
130 502
150 504
123 519
197 495
202 494
186 506
160 534
155 546
153 560
206 497
169 566
179 560
191 544
197 543
211 496
208 551
213 526
220 590
214 501
241 586
235 541
217 497
257 550
280 561
232 506
288 545
293 538
231 497
239 499
245 499
273 501
245 491
235 488
57 2
962 653
959 640
959 649
953 641
956 651
953 649
948 647
957 656
957 657
956 658
952 657
956 659
945 659
949 660
956 661
947 664
956 662
950 666
952 667
957 664
953 669
957 667
958 667
951 680
960 666
955 682
961 669
961 681
963 667
965 683
967 678
967 670
970 674
967 666
971 671
968 665
968 664
972 665
970 664
971 663
970 662
976 663
981 662
971 660
984 658
978 657
970 658
981 648
969 655
972 650
972 649
967 654
966 653
968 645
966 646
965 644
964 645
37 2
276 216
372 265
299 219
305 218
395 240
381 208
288 207
300 198
335 176
378 154
334 142
358 113
312 127
300 108
272 84
251 101
246 126
242 134
215 124
225 145
220 162
187 137
142 154
140 193
200 220
133 244
178 233
166 257
253 218
206 265
205 268
254 250
253 262
256 286
273 246
301 269
361 299
4 2
4 2
3 5
4 6
5 3
4 2
15 16
16 2
2 1
1 15
4 2
831 424
424 1
1 408
408 831
4 2
8 7
10 9
10 7
8 5
4 2
5 10
9 8
8 5
4 7
24 2
356 909
356 911
361 913
367 912
375 931
368 903
371 906
376 914
379 915
387 915
372 902
398 900
370 899
374 896
376 893
384 880
377 861
358 857
352 872
356 892
338 883
361 900
342 905
343 918
70 2
682 551
632 544
543 544
676 530
686 515
654 516
598 521
562 531
638 479
662 459
572 517
590 489
622 446
588 475
622 424
567 489
563 492
581 424
579 382
554 399
535 535
532 491
519 369
533 536
472 377
451 389
515 514
441 406
494 497
485 501
515 530
478 508
386 460
502 532
370 497
411 527
456 544
357 553
385 574
514 552
528 547
506 559
528 549
490 578
484 588
499 581
429 665
504 593
460 674
480 653
489 651
494 706
530 602
537 577
538 559
547 589
546 578
593 663
574 615
544 555
662 668
592 597
572 570
585 571
618 585
642 585
585 561
638 571
618 563
574 547
4 2
7 6
8 3
2 1
1 4
13 2
512 122
531 160
543 142
573 142
564 112
573 109
548 96
547 85
543 75
520 86
498 75
529 106
527 106
146 2
379 11
202 70
378 9
202 56
378 8
202 42
378 7
202 29
377 5
202 16
377 4
201 1
25 4
200 16
25 5
200 29
24 7
200 42
24 8
200 56
24 9
200 70
23 11
200 85
23 12
200 101
22 13
200 116
21 15
200 134
21 16
200 154
20 17
200 176
19 18
200 200
18 19
176 200
17 20
154 200
16 21
134 200
15 21
116 200
13 22
101 200
12 23
85 200
11 23
70 200
9 24
56 200
8 24
42 200
7 24
29 200
5 25
16 200
4 25
1 201
4 377
16 202
5 377
29 202
7 378
42 202
8 378
56 202
9 378
70 202
11 379
85 202
12 379
101 202
13 380
116 202
15 381
134 202
16 381
154 202
17 382
176 202
18 383
200 202
19 384
200 226
20 385
200 248
21 386
200 268
21 387
200 286
22 389
200 301
23 390
200 317
23 391
200 332
24 393
200 346
24 394
200 360
24 395
200 373
25 397
200 386
25 398
201 401
201 201
401 201
398 25
386 200
397 25
373 200
395 24
360 200
394 24
346 200
393 24
332 200
391 23
317 200
390 23
301 200
389 22
286 200
387 21
268 200
386 21
248 200
385 20
226 200
384 19
202 200
383 18
202 176
382 17
202 154
381 16
202 134
381 15
202 116
380 13
202 101
379 12
202 85
98 2
332 203
205 260
204 126
342 205
201 268
199 118
358 206
197 277
196 110
373 208
193 288
193 1
190 4
187 1
187 288
7 208
184 110
183 277
22 206
181 118
179 268
38 205
176 126
175 260
48 203
172 135
170 252
61 202
167 143
165 241
73 202
163 152
160 230
85 201
159 159
156 221
105 199
150 210
155 169
97 200
157 225
161 156
79 202
163 235
165 148
67 202
167 246
170 139
55 203
172 255
174 129
44 204
177 264
179 122
30 206
181 273
182 114
16 207
185 283
186 6
1 208
190 397
379 208
194 6
195 283
364 207
198 114
199 273
350 206
201 122
203 264
336 204
206 129
208 255
325 203
210 139
213 246
313 202
215 148
217 235
301 202
219 156
223 225
283 200
225 169
230 210
275 199
224 221
221 159
295 201
220 230
217 152
307 202
215 241
213 143
319 202
210 252
208 135
97 2
209 24
270 200
211 23
285 200
212 23
301 200
213 22
316 200
215 21
334 200
216 21
354 200
217 20
376 200
218 19
400 200
219 18
400 176
220 17
400 154
221 16
400 134
221 15
400 116
222 13
400 101
223 12
400 85
223 11
400 70
224 9
400 56
224 8
400 42
224 7
400 29
225 5
400 16
225 4
401 1
1 1
177 4
2 16
177 5
2 29
178 7
2 42
178 8
2 56
178 9
2 70
179 11
2 85
179 12
2 101
180 13
2 116
181 15
2 134
181 16
2 154
182 17
2 176
183 18
2 200
184 19
26 200
185 20
48 200
186 21
68 200
187 21
86 200
189 22
101 200
190 23
117 200
191 23
132 200
193 24
146 200
194 24
160 200
195 24
173 200
197 25
186 200
198 25
201 201
204 25
216 200
205 25
229 200
207 24
242 200
208 24
256 200
4 2
141 1
1 39
20 109
160 71
4 2
112 1
1 39
153 483
264 445
24 2
302 99
204 13
255 84
212 92
283 114
207 147
233 162
304 120
238 253
277 258
313 192
337 199
342 166
316 118
396 160
360 125
441 113
403 89
429 43
329 95
322 92
332 26
310 60
300 72
19 2
430 124
425 133
435 130
430 142
437 150
445 136
456 146
449 127
452 125
470 122
470 117
453 115
455 103
448 97
439 102
439 115
434 116
432 117
417 121
4 2
98 1
1 76
76 173
173 98
4 2
91 254
118 244
28 1
1 11
98 2
172 255
174 129
44 204
177 264
179 122
30 206
181 273
182 114
16 207
185 283
186 6
1 208
190 397
379 208
194 6
195 283
364 207
198 114
199 273
350 206
201 122
203 264
336 204
206 129
208 255
325 203
210 139
213 246
313 202
215 148
217 235
301 202
219 156
223 225
283 200
225 169
230 210
275 199
224 221
221 159
295 201
220 230
217 152
307 202
215 241
213 143
319 202
210 252
208 135
332 203
205 260
204 126
342 205
201 268
199 118
358 206
197 277
196 110
373 208
193 288
193 1
190 4
187 1
187 288
7 208
184 110
183 277
22 206
181 118
179 268
38 205
176 126
175 260
48 203
172 135
170 252
61 202
167 143
165 241
73 202
163 152
160 230
85 201
159 159
156 221
105 199
150 210
155 169
97 200
157 225
161 156
79 202
163 235
165 148
67 202
167 246
170 139
55 203
4 2
92 1
1 48
236 503
327 456
4 2
1 79
79 234
234 156
156 1
4 2
236 640
640 405
405 1
1 236
37 2
859 302
884 275
810 307
793 324
808 294
832 222
790 324
789 324
787 321
764 294
745 274
730 292
723 290
683 293
780 325
711 314
738 332
696 352
716 354
704 361
778 334
740 358
735 378
725 410
769 385
776 373
777 372
784 426
804 396
802 352
841 392
819 356
849 356
837 345
839 329
811 328
853 321
25 2
89 667
81 658
93 659
95 649
102 635
94 634
83 634
92 619
78 598
64 637
53 632
50 633
43 640
43 643
58 649
18 653
43 661
45 670
44 690
65 690
75 699
76 678
89 689
83 668
98 687
10 2
384 642
395 596
344 601
324 650
254 627
333 681
332 686
351 768
398 728
357 680
4 2
9 3
9 7
10 9
10 5
87 2
838 701
737 736
761 731
750 737
778 729
754 747
789 734
763 758
790 742
806 735
812 734
803 745
770 798
831 722
837 716
821 747
798 799
808 804
838 729
839 736
837 778
835 824
848 716
854 801
857 762
861 761
882 800
891 819
896 798
862 723
905 779
877 735
903 757
936 774
882 724
865 711
950 763
888 718
929 727
909 718
955 721
956 716
949 703
918 699
916 694
917 693
975 679
865 694
969 656
878 687
873 688
943 644
870 685
880 675
901 653
858 689
854 691
925 591
883 636
882 627
874 636
863 646
857 647
852 644
848 672
846 583
847 689
831 594
839 663
841 677
818 611
804 595
832 662
811 635
833 678
764 605
841 692
821 674
749 624
790 662
749 646
771 669
761 675
838 697
734 690
807 700
770 706
84 2
788 580
798 576
800 571
771 574
793 565
766 570
779 562
765 567
759 568
772 557
749 573
753 568
780 535
750 568
755 558
755 553
756 545
748 559
755 531
750 536
746 541
742 554
740 516
736 528
739 570
730 532
729 540
720 526
728 553
720 542
732 567
704 532
733 570
734 573
703 548
717 563
703 556
732 575
699 562
712 570
685 566
685 570
697 576
710 579
713 581
711 584
694 590
689 595
694 597
713 593
686 611
733 585
733 586
732 588
722 599
724 603
727 606
732 601
738 590
727 634
738 599
737 619
741 590
743 635
742 590
748 620
743 590
752 613
748 596
759 615
757 606
763 611
781 629
753 593
764 600
778 608
788 612
760 591
787 602
750 584
770 589
791 591
774 585
757 581
3 2
6 5
5 8
7 8
3 2
13 7
5 3
8 7
3 2
4 4
5 9
10 10
97 2
380 13
202 101
379 12
202 85
379 11
202 70
378 9
202 56
378 8
202 42
378 7
202 29
377 5
202 16
377 4
201 1
25 4
200 16
25 5
200 29
24 7
200 42
24 8
200 56
24 9
200 70
23 11
200 85
23 12
200 101
22 13
200 116
21 15
200 134
21 16
200 154
20 17
200 176
19 18
200 200
18 19
176 200
17 20
154 200
16 21
134 200
15 21
116 200
13 22
101 200
12 23
85 200
11 23
70 200
9 24
56 200
8 24
42 200
7 24
29 200
5 25
16 200
4 25
1 201
401 201
398 25
386 200
397 25
373 200
395 24
360 200
394 24
346 200
393 24
332 200
391 23
317 200
390 23
301 200
389 22
286 200
387 21
268 200
386 21
248 200
385 20
226 200
384 19
202 200
383 18
202 176
382 17
202 154
381 16
202 134
381 15
202 116
34 2
442 593
448 600
457 606
464 600
458 587
467 588
447 581
450 580
465 577
447 578
469 567
447 577
452 571
445 576
450 561
447 568
444 576
446 554
445 561
441 558
441 566
434 558
429 563
430 569
421 566
429 576
421 577
439 580
439 581
437 582
430 590
438 586
440 587
441 593
146 2
2 301
180 213
2 316
181 215
2 334
181 216
2 354
182 217
2 376
183 218
2 400
184 219
26 400
185 220
48 400
186 221
68 400
187 221
86 400
189 222
101 400
190 223
117 400
191 223
132 400
193 224
146 400
194 224
160 400
195 224
173 400
197 225
186 400
198 225
201 401
204 225
216 400
205 225
229 400
207 224
242 400
208 224
256 400
209 224
270 400
211 223
285 400
212 223
301 400
213 222
316 400
215 221
334 400
216 221
354 400
217 220
376 400
218 219
400 400
219 218
400 376
220 217
400 354
221 216
400 334
221 215
400 316
222 213
400 301
223 212
400 285
223 211
400 270
224 209
400 256
224 208
400 242
224 207
400 229
225 205
400 216
225 204
401 201
201 201
201 1
198 177
186 2
197 177
173 2
195 178
160 2
194 178
146 2
193 178
132 2
191 179
117 2
190 179
101 2
189 180
86 2
187 181
68 2
186 181
48 2
185 182
26 2
184 183
2 2
183 184
2 26
182 185
2 48
181 186
2 68
181 187
2 86
180 189
2 101
179 190
2 117
179 191
2 132
178 193
2 146
178 194
2 160
178 195
2 173
177 197
2 186
177 198
1 201
177 204
2 216
177 205
2 229
178 207
2 242
178 208
2 256
178 209
2 270
179 211
2 285
179 212
4 2
5 8
7 8
6 5
4 5
131 2
699 152
694 159
696 158
696 162
703 155
702 157
704 156
705 156
705 157
706 157
705 163
707 160
705 168
709 158
708 165
712 159
712 169
714 159
714 160
715 159
716 160
717 160
719 159
720 158
721 158
724 166
724 163
723 158
725 157
727 155
730 155
735 157
731 152
732 151
735 153
733 150
733 149
734 149
734 147
741 150
735 146
742 148
736 145
736 144
743 145
740 143
746 143
737 140
737 139
741 139
737 138
737 136
740 135
744 134
737 134
737 132
745 129
736 131
738 129
735 129
740 126
735 127
735 126
734 126
734 125
735 123
732 123
731 122
731 121
729 120
728 120
728 119
731 113
727 118
726 118
730 108
729 108
724 117
723 117
722 116
724 108
721 116
720 116
721 106
720 108
718 115
717 112
716 115
716 111
715 110
714 115
709 108
710 116
708 111
709 116
704 105
704 109
706 117
703 110
705 117
698 112
702 119
700 121
696 118
699 122
697 122
698 123
697 125
695 127
694 129
685 127
689 131
693 133
686 132
693 134
684 134
693 136
683 137
693 140
685 142
693 141
694 142
688 148
695 146
695 147
696 147
696 149
697 149
697 150
698 150
697 152
32 2
349 190
350 189
407 94
360 162
347 188
359 139
337 152
322 141
327 164
303 154
286 155
273 150
246 138
284 170
284 190
298 193
298 204
285 208
260 236
341 195
277 279
331 247
328 291
346 210
347 215
368 298
383 254
410 234
425 211
438 207
350 192
363 188
50 2
201 1
1 1
177 4
2 16
177 5
2 29
178 7
2 42
178 8
2 56
178 9
2 70
179 11
2 85
179 12
2 101
180 13
2 116
181 15
2 134
181 16
2 154
182 17
2 176
183 18
2 200
184 19
26 200
185 20
48 200
186 21
68 200
187 21
86 200
189 22
101 200
190 23
117 200
191 23
132 200
193 24
146 200
194 24
160 200
195 24
173 200
197 25
186 200
198 25
201 201
6 2
622 113
594 113
559 138
603 138
626 175
640 136
196 2
43 41
42 41
42 40
41 40
41 39
40 39
40 38
39 38
39 37
38 37
38 36
37 36
37 35
36 35
36 34
35 34
35 33
34 33
34 32
33 32
33 31
32 31
32 30
31 30
31 29
30 29
30 28
29 28
29 27
28 27
28 26
27 26
27 25
26 25
26 24
25 24
25 23
24 23
24 22
23 22
23 21
22 21
22 20
21 20
21 19
20 19
20 18
19 18
19 17
18 17
18 16
17 16
17 15
16 15
16 14
15 14
15 13
14 13
14 12
13 12
13 11
12 11
12 10
11 10
11 9
10 9
10 8
9 8
9 7
8 7
8 6
7 6
7 5
6 5
6 4
5 4
5 3
4 3
4 2
3 2
3 1
1 1
1 3
2 3
2 4
3 4
3 5
4 5
4 6
5 6
5 7
6 7
6 8
7 8
7 9
8 9
8 10
9 10
9 11
10 11
10 12
11 12
11 13
12 13
12 14
13 14
13 15
14 15
14 16
15 16
15 17
16 17
16 18
17 18
17 19
18 19
18 20
19 20
19 21
20 21
20 22
21 22
21 23
22 23
22 24
23 24
23 25
24 25
24 26
25 26
25 27
26 27
26 28
27 28
27 29
28 29
28 30
29 30
29 31
30 31
30 32
31 32
31 33
32 33
32 34
33 34
33 35
34 35
34 36
35 36
35 37
36 37
36 38
37 38
37 39
38 39
38 40
39 40
39 41
40 41
40 42
41 42
41 43
42 43
42 44
43 44
43 45
44 45
44 46
45 46
45 47
46 47
46 48
47 48
47 49
48 49
48 50
49 50
49 51
51 51
51 49
50 49
50 48
49 48
49 47
48 47
48 46
47 46
47 45
46 45
46 44
45 44
45 43
44 43
44 42
43 42
49 2
612 63
621 71
611 56
615 57
607 51
631 60
624 54
628 51
620 48
630 44
616 44
608 45
610 43
607 44
629 20
618 28
609 36
618 13
608 27
607 19
602 40
601 35
600 39
600 42
597 38
583 18
594 38
590 37
573 27
571 31
588 43
596 47
586 48
569 53
583 53
596 50
570 66
588 59
591 59
590 64
591 66
587 84
594 76
599 66
602 54
605 87
608 77
611 74
608 61
27 2
238 949
236 985
269 948
288 976
298 985
285 941
305 945
322 941
326 932
276 923
338 918
328 893
314 894
308 894
290 895
291 875
290 853
273 885
263 893
257 887
262 907
269 919
254 914
250 922
245 927
257 929
214 952
33 2
375 374
370 398
379 395
391 378
418 474
422 416
397 360
483 440
466 390
492 373
396 350
449 350
534 309
444 321
406 339
395 347
407 314
431 207
412 207
391 234
382 250
351 244
355 280
339 290
379 339
373 341
286 330
268 341
338 358
316 368
370 360
342 376
356 382
5 2
477 827
425 735
387 820
323 882
415 882
16 2
1 4
2 4
3 3
3 4
4 4
4 3
3 2
4 2
4 1
3 1
2 2
2 1
1 1
1 2
2 3
1 3
4 2
204 149
221 120
18 1
1 30
50 2
184 10
183 177
22 106
181 18
179 168
38 105
176 26
175 160
48 103
172 35
170 152
61 102
167 43
165 141
73 102
163 52
160 130
85 101
159 59
156 121
105 99
150 110
155 69
97 100
157 125
161 56
79 102
163 135
165 48
67 102
167 146
170 39
55 103
172 155
174 29
44 104
177 164
179 22
30 106
181 173
182 14
16 107
185 183
186 6
1 108
189 197
190 4
187 1
187 188
7 108
4 2
430 317
317 1
1 114
114 430
4 2
238 447
447 210
210 1
1 238
110 2
734 935
730 949
788 914
755 955
786 928
757 967
813 902
782 951
765 981
816 907
793 963
802 963
821 912
811 975
826 931
833 894
835 885
844 990
839 905
856 981
863 1000
865 1000
847 908
869 964
849 904
864 928
865 922
905 977
858 903
844 882
926 961
884 915
886 911
881 905
850 882
924 920
872 888
932 909
847 876
878 884
851 875
943 891
932 885
850 872
887 872
947 865
972 855
856 869
912 857
883 858
964 832
881 853
876 854
865 858
901 840
846 865
874 845
851 859
875 836
877 831
892 811
878 819
842 861
870 817
874 807
880 781
876 781
842 856
874 752
844 839
839 851
849 788
837 859
836 859
838 819
832 808
826 762
825 774
820 798
825 837
791 749
824 846
814 829
806 818
803 822
811 841
761 790
771 808
781 828
734 796
754 821
824 865
728 816
748 837
741 842
813 867
811 868
822 871
811 872
751 872
718 875
753 878
781 877
728 887
770 885
808 880
776 894
776 899
782 899
821 879
50 2
168 56
164 125
104 100
162 69
157 110
112 99
163 121
166 59
92 101
167 130
170 52
80 102
172 141
174 43
68 102
177 152
179 35
55 103
182 160
183 26
45 105
186 168
188 18
29 106
190 177
191 10
14 108
194 188
194 1
1 108
196 197
8 108
193 6
192 183
23 107
189 14
188 173
37 106
186 22
184 164
51 104
181 29
179 155
62 103
177 39
174 146
74 102
172 48
170 135
86 102
4 2
30 501
501 472
472 1
1 30
4 2
8 10
10 8
3 3
1 5
7 2
765 106
711 70
712 157
609 196
664 254
752 224
800 161
4 2
44 164
164 121
121 1
1 44
4 2
11 110
101 10
91 1
1 101
28 2
4 4
6 6
4 8
3 7
1 9
3 11
4 10
5 11
7 9
9 11
10 10
11 11
13 9
11 7
10 8
8 6
10 4
11 5
13 3
11 1
10 2
9 1
7 3
5 1
4 2
3 1
1 3
3 5
57 2
547 732
550 731
567 733
591 734
568 728
576 726
546 727
569 721
546 726
565 717
547 722
556 714
544 723
548 715
542 722
542 721
544 708
545 691
545 684
541 703
538 714
534 709
536 722
512 693
519 706
529 721
526 720
533 725
489 713
509 725
510 726
524 729
532 728
492 736
528 731
501 740
495 754
525 741
524 745
514 770
525 759
534 740
523 769
529 764
529 773
534 773
538 746
539 744
541 744
547 755
557 765
548 745
550 748
563 770
560 760
544 733
550 736
73 2
157 599
143 619
150 602
173 535
144 610
140 613
139 606
140 575
136 582
130 534
133 588
112 532
128 605
121 599
127 610
77 554
78 564
85 583
130 622
80 598
96 612
116 620
125 623
47 616
54 624
79 632
65 635
129 629
67 648
72 649
105 638
67 658
63 669
83 668
105 660
95 679
101 689
132 641
131 654
136 636
129 700
135 695
142 727
153 716
146 661
160 701
142 635
159 668
169 671
163 663
182 685
194 686
207 686
157 638
174 648
207 660
210 659
146 630
157 633
214 640
231 638
149 627
147 627
186 621
215 610
159 620
153 619
202 581
162 605
157 605
183 576
168 590
173 581
4 2
9 13
3 1
1 2
7 14
60 2
364 812
354 814
360 810
369 802
369 799
370 797
357 805
356 803
357 802
356 802
355 799
352 800
349 798
347 810
345 796
344 799
342 804
342 806
329 791
326 790
331 799
342 812
341 813
334 810
341 814
340 815
334 815
322 817
332 819
320 825
323 827
318 833
326 832
329 830
342 821
342 822
332 842
332 846
344 824
337 849
345 832
347 824
348 849
349 844
348 824
353 851
354 836
360 845
359 834
351 823
370 843
358 826
365 827
356 821
366 823
359 819
354 818
355 817
356 817
378 812
28 2
583 337
491 245
445 291
399 245
307 337
399 429
445 383
537 475
445 567
399 521
307 613
399 705
445 659
491 705
583 613
675 705
721 659
767 705
859 613
767 521
721 567
629 475
721 383
767 429
859 337
767 245
721 291
675 245
8 2
3 4
4 3
4 2
3 1
2 1
1 2
1 3
2 4
128 2
467 877
486 874
489 872
537 854
532 849
491 858
526 841
462 867
523 832
529 817
460 862
452 867
484 836
451 866
467 846
450 864
493 802
464 838
468 827
482 792
483 779
452 845
468 789
445 859
443 861
455 783
451 771
444 811
439 793
434 768
438 855
438 861
428 812
427 824
423 822
421 824
417 820
409 806
412 818
427 854
429 858
424 853
431 864
414 843
369 793
393 825
393 829
428 866
392 838
401 849
377 836
395 850
358 832
371 843
368 846
416 868
411 868
341 852
396 867
379 866
413 874
375 873
340 875
338 878
365 880
417 879
415 881
390 887
409 884
425 881
391 893
342 916
348 917
381 905
392 903
397 902
378 918
415 896
422 892
363 949
371 946
419 900
422 900
419 906
420 907
396 949
415 923
408 945
426 912
428 911
416 964
436 893
437 893
434 918
433 957
435 985
440 893
442 936
441 893
451 970
444 904
444 893
460 956
456 930
453 914
477 966
449 895
461 913
462 913
449 890
469 916
511 960
451 888
518 950
498 926
509 929
479 903
464 891
454 884
528 918
482 895
505 900
485 890
505 892
456 880
548 891
540 887
489 880
4 2
57 1
1 34
100 202
156 169
4 2
78 115
115 38
38 1
1 78
87 2
713 379
720 349
713 360
712 332
702 395
701 337
698 375
690 343
693 380
688 370
697 404
692 393
685 385
681 382
654 350
660 365
670 382
673 389
643 369
672 395
634 377
636 384
676 405
661 405
686 412
649 410
622 414
610 421
613 427
647 426
622 437
691 418
668 429
651 441
680 427
670 437
693 421
632 481
654 467
694 423
686 437
673 464
692 434
673 489
689 453
699 425
693 462
698 447
701 425
706 491
705 446
718 498
723 491
720 465
731 480
715 438
717 439
729 450
765 486
754 465
709 421
758 455
742 439
711 419
764 442
783 444
712 417
757 426
751 421
712 415
754 414
721 412
797 400
754 402
780 390
750 395
729 401
760 381
744 386
767 364
763 360
752 362
729 381
728 377
749 337
706 404
710 393
50 2
200 16
25 5
200 29
24 7
200 42
24 8
200 56
24 9
200 70
23 11
200 85
23 12
200 101
22 13
200 116
21 15
200 134
21 16
200 154
20 17
200 176
19 18
200 200
18 19
176 200
17 20
154 200
16 21
134 200
15 21
116 200
13 22
101 200
12 23
85 200
11 23
70 200
9 24
56 200
8 24
42 200
7 24
29 200
5 25
16 200
4 25
1 201
201 201
201 1
25 4
4 2
9 4
7 2
2 1
4 3
18 2
669 271
664 268
666 274
660 273
660 277
661 278
667 278
662 285
666 283
668 285
670 280
670 279
671 279
672 278
674 277
674 275
672 274
670 275
8 2
573 248
600 275
627 275
654 248
654 221
627 194
600 194
573 221
8 2
12 8
8 4
4 8
8 12
9 11
9 10
11 10
11 9
4 2
8 9
9 9
6 5
5 5
7 2
66 577
72 555
64 576
62 574
44 579
64 577
86 598
4 2
6 7
3 8
2 9
5 8
11 2
362 287
359 293
359 296
362 302
368 305
371 305
380 296
380 293
377 287
371 284
368 284
80 2
143 526
146 525
158 528
130 515
131 514
172 521
163 517
150 512
138 511
155 508
166 503
131 509
156 500
157 497
157 493
129 506
150 488
128 504
134 496
134 494
126 503
140 475
137 472
124 502
126 490
126 464
122 501
120 501
116 479
109 461
108 465
118 502
115 499
113 498
98 477
102 488
101 490
113 505
97 495
79 488
108 505
93 500
83 500
82 502
92 506
91 509
83 510
102 512
98 514
101 515
90 520
95 521
89 526
88 529
92 531
96 532
114 518
88 550
113 523
95 558
115 524
117 522
118 524
113 549
120 522
120 526
122 541
125 542
129 563
123 521
125 527
124 520
126 521
137 542
144 549
129 522
142 536
159 550
150 537
129 517
41 2
645 493
663 485
677 441
684 448
699 472
687 432
707 446
718 453
711 433
700 423
687 415
732 413
698 410
727 400
721 398
749 380
709 393
698 397
742 337
698 384
717 324
680 403
683 374
678 396
675 395
661 360
633 327
623 337
643 382
617 371
652 403
671 412
600 412
671 414
619 425
574 448
666 417
620 452
666 421
620 488
644 472
23 2
365 553
379 573
398 623
419 560
426 534
445 538
486 545
470 514
457 495
433 488
534 416
509 385
440 432
418 441
399 381
372 400
387 467
404 494
322 458
302 481
350 503
305 539
316 567
