100
1
19
23
11111110000001
3020000000
16777216
10000000
90123456789012
17179869184
777700700001
999998
268435456
76543210987654
8589934592
40302000000
3020000001
77777777777
1000000
89012345678901
274877906944
67890123456789
67108864
1000001
77777777
10010000
999990
999991
100100000
70368744177664
777770000000
20000000000001
200000000
8796093022208
100100001
7777777777777
2199023255552
4294967296
7777777777
56789012345678
10000000000001
9999999
12345678901234
777700070000
777700700000
777707000000
200000001
20000000000000
777700007001
2147483648
40302000001
1099511627776
87654321098765
549755813888
777777777
777700007000
777707000001
65432109876543
777770000001
35184372088832
34567890123456
43210987654321
21098765432109
34359738368
78901234567890
45678901234567
10001001
777700070001
23456789012345
504030200001
999989
1010001
19999999999999
10001000
98765432109876
32109876543210
17592186044416
134217728
100010000
777777777777
100000000000000
777700000000
68719476736
77777777777777
100010001
54321098765432
504030200000
777700000001
4398046511104
137438953472
999999
10000000000000
1010000
99999999999999
536870912
9999999999999
33554432
10987654321098
1073741824
11111110000000
10010001
