2000
60 27 64
330595 2 38
34 64 95
8573 50 33
105 70 55
128 31 69
77795 64 77
112 97 19
90 67 10
267277 64 97
26053451577 89 37
14754 92 42
963180 82 97
30 52 78
700065767233801 14 34
245965285064562 60 38
912913057541424 20 0
138 57 62
28 94 55
23 62 12
87059633291 80 39
148 33 29
145 10 22
999264985 73 47
5 38 60
55324774970206 89 54
53195510660868 98 47
42189979 43 71
73 71 49
968330296 27 50
22881272934 99 43
58210462233960 19 0
109 91 19
1886 70 81
80 82 61
431817 22 8
1040834567 40 21
8 69 32
96048450 71 65
67052639646 72 23
39 55 73
940125463 45 4
93 81 25
7188020 84 28
59 73 34
51 14 86
133 78 71
4728898559556 36 90
47543606899991 12 4
114 56 1
17 91 43
92 29 42
71 68 27
930772322423131 67 44
6912257379 77 35
144 70 14
63 13 57
20 8 62
101 74 30
26 72 89
148 88 91
63 91 55
121 16 99
9046 35 32
257 23 81
75 45 9
112 57 45
537138134118156 59 69
76559 99 96
3790294697314 61 23
132 49 39
114 96 47
120 81 14
11 36 90
106 69 55
77617 79 10
59 92 23
2236 4 81
23 59 75
5387431279258 97 47
428798 82 69
90 81 23
62 3 64
43055347695 26 18
5 2 45
47485197138515 65 12
51 39 65
150 13 93
3009353362735 5 84
86793745566539 12 2
54 16 90
23 79 78
661262600206844 89 100
31 13 97
37 94 43
36 27 33
3655665840 82 89
34 50 18
138 2 82
25442 44 68
4208345604184 50 59
85342543 52 35
76 31 54
28 90 13
497987754 6 63
80 95 51
477741374590 80 49
8178663 60 51
92 74 14
76418123520091 78 63
7470810 34 58
4561351783 8 78
3029055076543 56 1
130 20 39
6447187514 34 81
7651 9 88
8707674696316 98 59
362 16 20
273160700165645 28 100
4128 38 77
2 25 35
85 9 11
36 86 72
25 26 26
141 69 26
143 7 41
59288939443 71 48
96510396436492 94 53
59968386781526 29 21
247 76 23
59 41 12
624200096367 97 27
38 19 17
637 89 40
863514 52 1
149 95 14
16 15 82
984 38 10
67769119 89 70
99 91 73
4319464 87 13
26447129 28 98
103 73 91
9 50 30
543777452242 74 81
740191052 90 12
457671826530 23 97
11 77 16
6 9 70
109 2 47
59530518 66 95
217655044 20 37
998883723996587 28 96
26 53 31
23 88 98
20144030570099 75 90
69 91 39
36 74 1
144 9 38
941408 86 89
59555 92 48
103 95 25
103 38 14
4613156 44 13
12 58 83
820354974928 28 87
60 1 82
722417147883 27 59
68302222446 18 61
2 78 53
17 30 40
106 39 79
35 91 73
105 15 95
132 39 93
172696538827 5 3
72 41 90
128302344 83 43
70 83 80
109 28 60
26676917765 79 69
8 67 80
964428761455299 83 100
36 66 50
62 35 29
5 87 70
98 75 54
97 90 83
578605140 23 99
115 80 86
5495 86 50
143 16 68
9072648282928 76 47
77 67 26
104835866 96 76
28 52 8
55 57 20
617 26 15
99 65 23
490 80 40
904790128856233 94 0
52553842983906 17 93
62557178 73 38
3 33 13
85 51 50
823091590 91 84
109 79 87
103 76 47
2195303728 7 82
19 32 47
25166863829 46 78
141 35 16
333436464562853 38 14
2796 1 75
126 36 61
141 19 78
1110720 91 11
100694175 70 39
137257707 10 54
69599207074019 27 76
79 87 44
3498721093415 36 48
8 47 50
14256 29 66
67 33 43
1609269 6 8
74 75 35
12729198 36 66
5432 10 15
122 12 9
19 25 74
24 89 9
18 77 34
108 83 91
144 85 1
489680290197 41 70
79 4 36
14 27 53
7416402 40 24
291063915 95 71
5 25 27
121 94 66
93384960 45 24
11 95 18
93 91 84
104 23 94
17 64 13
61 73 21
10 10 29
125 42 47
83 78 28
96866410617296 2 40
114 89 8
65481630791 7 19
16506353 37 87
62 64 21
7760851144 82 57
9366073263 30 48
115 42 62
968406477789800 60 98
129 13 55
20 27 86
97 89 53
10 91 10
49 96 59
92 18 57
95643720577 99 15
14 45 17
88862703822160 21 35
136 44 17
360713638594809 52 0
5895935371 19 27
91362652280 34 4
34999 21 85
44815104340 11 50
146 34 76
657 68 89
9384403332728 86 21
10995781 76 15
651894068 37 9
15 97 88
843174474617390 56 100
96 21 48
10 27 73
123 17 78
553249229 62 54
172400123 71 88
53 91 69
48 9 4
88 13 27
97 87 44
13 31 76
14 5 47
1033915967590 14 48
135211272 61 15
1000000000000000 84 0
87 40 90
2597649 84 62
94 19 89
1 12 99
100 27 29
97757674 23 36
799208 30 88
59 45 5
64 91 9
84997028967 57 80
2150838 38 29
63 97 20
67319557 4 91
69 28 33
903 1 56
6182010115155 84 26
64959 20 37
20 76 61
8 10 11
2839120185 19 49
158 57 54
789523455249910 47 0
123 83 64
81 9 65
103 92 50
4974167 45 74
36 88 40
79 76 22
71 25 57
48 30 75
582218116 78 58
16 84 15
32 39 59
54 95 38
52 11 62
46316 75 27
63 43 2
938708035 21 12
80 6 98
552835 72 51
9471158353 23 92
29 99 11
126 62 11
826 16 69
178332828150 34 93
15 89 23
24 39 4
2327756703787 39 7
140 14 3
53 54 58
22 25 45
8 13 43
312649727779852 48 14
2327527869225 81 36
69575 89 63
7 93 85
42998028 62 25
7502479795 43 4
75993 6 93
120 92 62
67 1 84
45 98 88
42995116482 96 17
134 87 50
35 44 73
4147 36 89
8494625 42 64
8467460270 18 23
221 57 68
56734549 9 59
23 46 79
6032705652370 69 67
72 57 67
29 80 1
51384785599 30 80
9259 2 54
109 42 5
2411915390 80 50
4057625129 91 36
4075 53 4
94 23 29
80 5 5
1 89 31
4059857 21 73
63 14 67
196030441144 5 59
72 1 70
39 33 38
2738 74 86
1085227692234 56 78
148 59 32
4216729 10 80
30 68 67
46 58 98
5 8 84
6 75 48
141 42 69
799334893 47 79
34 90 8
3 20 54
70894148 25 12
607762690323299 8 10
563177468754796 50 0
117 10 64
79 16 70
789360008 80 69
685033 15 1
137 82 86
75019525784 10 44
5629984211467 88 52
43254 85 37
7578225030064 26 18
39 64 71
125 12 70
21 62 41
7 20 79
742742 46 74
410 85 12
2 26 55
7945504351 29 31
16 79 85
742642223842 25 97
144028306648 26 50
835548616 53 72
8 87 59
40 73 75
12 13 17
44933611109 81 12
928708 27 70
148 62 90
69 11 66
914103216372 52 83
23 90 13
5458074 2 65
54 25 40
107 70 66
66 10 13
4685983 78 44
7528833733 1 35
652705615108 11 11
87 46 84
932420307872090 50 100
144 26 55
4411 22 98
7551912807 32 18
44 3 77
8306685740 86 69
5 7 92
12 60 9
1 28 17
1113169875514 32 4
66 71 44
3265561 80 4
398816932 29 58
85595591208 67 44
92 93 70
144 32 25
55 80 30
23 40 20
77 69 47
141 72 66
20 81 60
58 31 28
78974448 84 59
145 10 25
99 48 49
66878 55 80
7 10 79
787253 73 10
90 46 46
268920575642073 76 0
986265333 18 31
685416 89 32
68 58 11
31 42 76
138 1 81
30118962360794 38 30
127 47 40
52 91 13
83152 3 74
9283190 35 94
9401175727361 37 4
73 46 20
4 49 9
77 59 7
121 2 84
968 45 34
583535567415 38 37
73 36 21
1 50 35
81 39 1
20312428525823 11 9
152 53 13
84 59 47
7561 39 43
2504 12 65
66 23 94
55834353608152 90 84
68 29 60
174641 67 31
6114 61 76
6994869 64 85
30 81 63
1182529 89 8
3227240884313 14 71
18 79 75
24 9 75
434369 34 39
2607964 72 2
60421922 67 8
13919135 11 84
51 63 50
9 72 79
78215750115903 98 59
114 91 89
9 61 62
64 16 20
5888071594210 35 91
108 84 22
514881178186684 29 87
140 84 59
7031520990311 35 31
46 71 96
95 36 53
300 52 34
35 54 85
122 26 10
43108 19 84
104 27 47
21 64 95
7 71 92
54 20 35
5990835237 94 95
3038316 68 39
219812912 31 66
43 86 55
3996689 87 5
859354868149 16 6
49 24 74
120 98 56
47 12 67
5 4 49
20 21 70
78 67 80
125 83 20
89 57 64
68 6 27
28 53 60
91 42 70
58 17 60
119 87 16
5468 36 38
119 21 24
7925079409270 84 86
34 36 73
7715596257 85 5
135 18 51
134 7 83
10 66 39
33 16 11
8364357 18 34
873199688732 84 69
31 65 57
74 41 57
25 38 12
81 78 53
342308 53 7
2 82 83
2 40 99
433453545579250 6 65
594223434290 49 68
60 55 84
2 50 28
40596938676 54 25
43 93 64
795437003 15 70
104 46 57
27 83 44
4028 80 26
84 61 76
353575672912745 27 98
9505627 92 22
312470021300748 29 100
96625587 16 45
27 51 47
120 54 77
15 24 95
65 29 37
8581130373980 44 88
116 8 92
86 87 72
648277447 60 69
120 84 27
305099308 5 79
92925548086317 32 40
80 39 79
107 62 90
11 73 73
673 60 57
105 71 61
21305916 5 68
18 47 86
74958035353 15 19
376 79 38
41 45 12
149 42 67
32 32 87
5408 26 24
458541199 42 34
546684766717293 30 79
104 13 20
8587730555 17 24
80 70 20
3472 22 86
52 84 89
8547604183 45 1
5592105031 14 62
93 38 53
68648582 8 88
139 75 86
1414861716 72 22
35 64 32
12495892 63 96
118 55 25
60 69 59
8122523877834 80 5
32 94 49
22 2 32
98 88 46
361 95 42
62 87 79
5305570724227 53 31
59736635050404 58 72
40 32 65
123 50 93
419708732679410 99 70
49 36 93
87254 68 98
27 3 90
2817977914 3 61
31 25 45
126 80 37
42 73 12
147773 41 11
102 6 32
127 15 27
34445 12 19
128 55 11
959339086490318 7 65
12467 56 46
650 92 20
21 52 26
137 58 14
5 96 45
335871225613141 26 75
9414163700449 60 17
18325890 3 8
85 46 60
324144613962 31 31
41249015 10 65
84 10 63
2795 58 47
5 79 55
94 67 21
1109809697 88 67
48283122 61 33
490430869917224 81 34
450345359026315 1 100
5009 46 8
33 65 23
52 22 79
63 80 97
68 56 69
5 91 52
1641 10 8
27 96 98
30 59 36
9325232 91 61
1 17 100
64 30 64
131 21 69
34497515925 62 9
71 34 71
2281 69 89
14 97 76
131 40 49
132 81 87
25 54 12
240054997586 27 1
148 56 64
135 28 36
73859533 91 97
655 62 81
670400 24 7
7745262264 79 94
50 30 53
107 6 48
79288031 90 81
143 1 25
121 73 20
507398879782 79 82
1215441968 86 9
75 78 66
57797 90 62
3 54 65
114 53 32
275687923 66 77
579 29 58
47 72 96
92 85 63
7816815 20 62
30 57 32
101 92 22
149 95 53
72 64 5
99 99 13
2 69 73
45 64 54
57 74 92
55 36 41
29224354298 87 38
50181 23 36
662 48 89
9783 79 12
38896651711524 49 33
47888 23 84
77 39 10
8991 7 18
84 10 84
1648038 15 11
130 1 95
14253272 66 47
120 84 76
93090 66 8
55239173368 14 42
7355494405 62 12
286 67 18
36 79 94
53 74 30
691 7 66
302083 87 19
38 48 59
2 82 57
2 26 84
437919055437 30 17
44943522 25 22
27 29 59
73 58 78
116 37 57
608364093378 4 47
1518 86 13
9 24 82
148 75 56
89252 65 10
61 63 71
100 56 65
209673669064001 47 24
2 90 11
10 31 30
247244058193077 2 100
6351 10 30
81 58 83
84 50 89
133 30 27
53 93 43
5 47 79
679036744582119 42 0
8267084 72 16
96313407386022 78 71
380 46 19
542 21 59
928918694924558 26 70
131 73 62
41 27 65
2828849870283 72 64
64 87 19
3 6 41
56 63 80
50046996843815 2 13
45 26 82
589234832685 90 90
103 19 15
72 41 15
52 40 34
8125686504169 17 51
26 94 97
53 65 38
1 81 48
125 47 68
52 95 13
32 80 85
46 43 48
54 62 89
8 86 82
354143815 94 62
325055885632 46 60
69133 25 41
15 89 65
74 24 72
134 6 67
2 80 78
144 65 86
30 53 13
100 39 5
113222380359820 18 0
2794944559 68 57
56 59 20
72 75 35
50 73 8
48 80 78
818994 42 35
398711917913139 28 100
85 54 18
123 80 91
123 37 70
265 50 3
87163482047493 86 73
387306 90 88
97 81 5
4 45 60
17 92 55
53 26 79
387190572958998 98 100
829263739118 63 28
1673439 100 0
17 50 63
729502 53 38
24 32 83
9 18 26
15 38 93
141 19 78
5 89 32
30 41 40
387959 79 40
141 18 11
1 54 1
94488108 46 39
106 43 65
171626167517 22 52
93669 42 48
403548507538 32 37
7 90 83
92137424918400 69 36
125 63 61
383 79 15
72948 59 50
35 16 26
819989208299753 57 100
62 44 65
1 79 59
58 55 15
805 66 16
108 38 97
86 36 80
108 23 9
139 28 62
53377140272110 90 80
30 3 85
42 47 17
97133269996507 12 88
14 31 25
683 14 70
80 62 74
88 66 79
7 93 2
13 45 41
139 15 19
98 82 20
1000000000000000 16 45
134 27 65
44 62 80
13144927636 51 82
83648 2 7
75 70 8
28380121417 35 43
150 20 18
24108836332055 42 94
84625674287 36 68
287708361655667 26 12
14 98 16
149 42 50
125 29 56
3366834127 24 92
79 44 64
52 73 38
90 2 65
102 18 97
63 33 89
20 80 29
116 41 88
113 17 87
27 8 15
65840 89 32
113 30 82
5880230435137 33 18
324 90 73
126 17 58
69 95 60
76406420505228 67 18
141 35 1
104 58 47
343215859 46 12
52 31 33
39 66 51
5403440 48 8
58567 6 29
9390482228 93 3
130 7 2
27 3 44
53 27 29
35 34 9
48 40 88
39 85 46
81 58 86
2874865584 21 28
9067 21 67
7902918333191 66 7
43 47 24
8692852 65 94
975786578 56 2
96 66 51
68907736710 18 30
366424 25 83
138 93 61
147 96 44
19 36 9
753162639349 87 64
19 59 79
930288043880 43 32
1 71 1
87 57 19
116 3 35
142 92 50
7 30 4
47340904 50 74
1062 32 68
9989954 37 9
959508 84 37
997520 28 50
6562471725 71 46
687 61 32
41 47 56
326578296 76 19
62 40 59
53124215 53 59
963804105429762 58 0
63 20 69
613139 9 40
3329959 8 72
31651153859 54 71
911554016695851 9 0
699143936366 25 68
9 86 80
103 80 15
71 55 6
117 7 63
558341 60 50
105 72 74
56102212 46 31
334172767809770 62 100
973608150 64 56
80845399759698 66 44
131 8 86
122 97 18
95 13 5
568505835546 45 89
9 77 1
8 99 36
29 15 40
51 16 36
16303496769857 22 28
143 82 25
126 42 17
965 29 9
775308 4 55
3 96 36
3041670544 77 81
46 63 48
5 58 26
47 99 74
50636605000 51 49
85 24 97
63 7 61
38 95 48
610270239111 69 75
8303 77 56
77 42 84
55313877359 7 73
126 84 83
609773956426 40 81
61 27 22
40 68 73
112 25 47
36 54 50
122 18 2
103 91 53
39219 37 49
938859005 40 65
6015 30 24
25 5 80
48070 11 79
3 94 62
35 59 8
11 94 65
685 57 41
101 53 26
121 93 54
85 69 58
2 70 81
38398777764448 45 71
150 34 18
3 25 5
17 81 50
5964919 18 37
117 98 22
1 3 56
63 89 23
9335974474 54 95
25938317189089 47 17
149 82 69
11 74 35
80 97 95
66553345 38 3
805802858132474 65 36
1913760367 67 21
130 30 76
21 67 49
33 73 24
55120468 87 30
134 10 82
22 41 66
506883920293292 30 50
60 93 87
98 77 8
35174930484 37 41
6959082719723 86 85
2971887 53 73
105 73 30
8386204 56 14
49 91 66
56 27 93
837439346 76 64
20081783 94 57
79 42 86
146 21 83
6 78 70
96623031107450 55 86
65 97 58
58 44 14
1 50 91
89 96 88
150 67 1
6275645694 69 46
11 16 85
60 99 37
6960141 67 95
116 48 97
37 71 98
96 48 85
98 44 6
8028 68 93
60769944460444 4 50
441649952 98 52
4 75 94
387931884017889 61 0
101 40 83
84 27 44
58 48 91
39 40 92
8087380154 34 30
426562 8 85
648909763718239 38 87
579 45 63
75 21 33
649531132657023 66 100
256 95 17
976884541 56 98
125 66 37
76 18 74
82 80 40
78 37 11
69 36 5
147 89 18
110 58 24
13708 4 57
117 29 18
4403 56 10
121 98 20
1 17 71
117 85 96
5570696887386 77 96
62 73 34
1444793224 35 59
530622742799003 28 68
211416613 47 24
44893 75 3
460042727 76 3
7 88 35
76 76 55
817289 36 61
118 25 22
105 42 14
20 69 45
2806 13 17
49455944286 5 58
115 66 34
88 45 83
24 70 4
82165984909501 68 36
132 53 92
86 58 18
8 36 1
518603 68 4
65 13 3
2763 20 44
3455328 10 60
1 67 92
623720 72 41
35 49 33
820859541625 49 28
26601607 85 72
693147321462453 56 100
13 72 22
83 51 18
92 28 98
2671182 98 70
69689 49 30
714674163092 87 13
97 5 49
71117712849 25 79
4295753465012 56 27
35 95 86
10184 44 70
140 96 69
65 24 6
90 77 86
939916598480156 96 80
726883583665 61 13
87 88 20
4 48 8
596 49 22
7429878 41 43
146 58 22
7857513 73 24
1 73 15
27 26 15
8699819353 46 78
7087405057880 49 58
126 31 30
589394 38 57
125 26 11
48 23 85
136 49 42
67 90 15
3 37 47
239833322676442 52 10
408736157 26 29
21 15 82
76 33 8
2410 99 68
560073602361147 39 100
31182825 66 5
164797 42 72
230017927 99 88
137 22 73
4003816 48 88
667 62 23
59 53 20
21 23 73
48 20 39
99278 34 73
87302205022 90 53
68 58 88
462945 0 100
5 49 34
359071 19 80
129 66 93
668 72 12
10251089727 28 74
10874 68 79
86 62 56
23424298 18 81
63 82 13
29 28 39
98 50 33
3333 4 18
5 68 46
9291891 24 70
148 2 29
76 98 75
58 51 31
148 7 13
32 47 84
120 78 18
46 38 25
65 92 12
92193910 14 56
121 96 84
32 1 33
23 2 15
76 88 7
98 85 58
3 72 74
3187938993 22 99
45 79 93
12021 61 16
9092065 95 10
140 2 68
35742989316747 80 51
108 66 27
56 46 47
63886178499 59 7
146 20 99
998885375 5 50
5305 83 65
84831 96 24
73 94 13
142 84 30
8417 52 42
81 70 17
101 54 54
39984 95 75
73802402253 28 62
73 8 42
123 71 22
67168087415780 95 55
899 24 74
15 81 97
10 1 65
84 47 24
2558 84 3
503892772332138 52 0
19 98 8
3 22 47
843 67 98
130 51 1
475 44 12
1585947065983 74 37
4 95 46
107 74 37
697816855647017 29 53
8 9 55
8 87 3
83 91 37
15 18 15
31635 86 57
107209586595029 49 83
140 1 96
27 62 40
88764 83 97
77055628 99 78
81 9 46
28 82 65
76 65 53
394073142142318 74 100
5 60 23
119026629171456 71 65
4 61 69
108 21 26
141 28 45
34 82 61
85 1 66
29 25 50
65 21 40
137 26 20
22 64 29
72 2 2
7075552423 99 51
63 23 97
22355789370448 10 93
143 55 65
53986221991 23 18
8838938 89 78
112 67 94
8305317 91 24
701081 0 0
59 2 79
49 6 26
988181721 17 84
416 31 11
67 25 14
32 65 94
874872243395021 57 100
9868269644 77 85
793851527306272 12 31
9 70 81
3946675969434 98 21
7 63 85
570100746969 33 16
276505303 15 32
515 54 80
150 68 97
34 6 92
1915083948 35 21
136 60 50
109 38 54
129 57 5
24500377539909 61 44
40 76 9
144 90 26
3447442 40 16
27 31 7
56917982098579 88 6
115 88 30
10 82 82
136 78 65
117 58 37
40 76 73
28915781 11 86
45 37 11
99 42 15
34 65 66
11 36 93
97 12 70
29473969884649 89 7
1700388191219 61 23
42 36 78
425560 8 22
20 21 18
5 78 87
35010002251383 29 69
35 31 54
187899297809893 72 58
5 19 25
140 13 51
57 2 55
103 10 2
40 78 63
719160 79 55
9 86 71
6332 35 11
8391404 15 35
89 57 46
41 79 27
62 6 23
5838220564648 27 25
24646773 39 37
106 32 23
64 48 74
15028 39 33
251337719919 94 94
8111792 57 40
17 2 24
46 6 16
6016 74 50
148 75 75
3259847 44 91
75 59 24
150 98 7
186952434067951 76 0
885826928626104 21 0
86 71 84
116 85 62
206465 60 14
112 29 6
119 44 15
102 97 73
3684630159847 62 29
103 55 23
95968662029 85 86
9 14 22
7 29 89
9202103849 59 57
55573 8 2
116 35 15
756403356 33 11
56 40 57
148 42 43
465564 21 51
14 30 94
5043 78 17
132 94 38
100 54 78
46265938548493 100 100
2305406659 79 42
9826678060 56 44
143 23 3
22 26 9
79537747728 94 30
113 88 20
60 43 57
124 36 73
8 99 57
970770686 73 53
107 69 35
74 69 50
393 82 82
133 94 78
75061393 48 85
61 6 95
122 91 58
77104 63 16
5 61 79
669 65 68
980835235079 13 62
26 12 24
45 88 12
24 23 92
117 64 32
515665449759164 57 100
187 87 98
92 38 97
54 20 28
10 64 99
5383276828 52 76
23 59 81
434496 7 94
112 84 89
58 10 9
182849843943482 12 43
23 82 28
6 49 95
154113121180 73 8
78 1 42
17 28 39
117 62 5
7 81 94
133 57 65
6988110252 2 98
1 65 45
93 87 93
809387004 75 29
115 29 48
4890 75 96
131 21 55
86775664503511 70 22
56 8 66
76 66 16
19 47 53
914254581 48 98
438488258675658 54 49
71 13 59
92 32 77
6438429 62 7
39071625926256 30 46
5 27 98
56834145176 67 44
2630642832 97 74
471888 44 13
148 90 2
132 76 24
262616594 52 25
29 38 86
89 4 42
40 48 23
123 86 73
101 60 7
2 50 28
72337729360 81 62
80 34 9
92 97 27
2107 28 90
37 10 73
6270257238958 66 37
6055173431 11 58
563963966 40 45
103 68 84
413320 14 63
58 34 80
82 15 52
878141159303569 69 100
11493 95 72
8431660 26 87
116 46 69
120 18 69
5 20 29
9920 76 84
330698995475721 94 59
137 60 93
13 98 16
108125265 65 40
53 81 95
55579 28 58
99 43 21
134 76 84
442 75 79
53 9 84
760630339108995 4 0
102 30 96
276566411 27 17
149 36 89
23 16 70
2 9 23
339 87 41
574794 2 6
78 44 54
3115268680739 85 34
101 65 65
51703883505592 52 41
48847 80 71
99 61 54
44 88 91
4 34 19
8676 85 49
39343346550 54 65
136 77 23
73362229 68 42
70 7 98
4566582737 3 30
143 71 56
6265461 21 18
6706558024 89 32
880 28 73
7 88 66
633 79 65
986534845 41 90
35602032106 49 98
107 49 59
60 36 22
93331789917146 58 19
16 85 77
63 39 42
29573 15 74
92 46 16
9312842 50 25
45 34 96
64 15 54
94 48 83
14611909 97 81
12 84 58
146 47 96
16 69 5
58722 52 21
148 4 48
59 6 40
50 70 32
4454923128 65 69
26 84 37
30 24 78
71759245420990 61 55
432 60 59
55 59 6
139 24 18
54 22 59
305361589900507 71 34
32830843434 45 18
98 54 80
88 26 96
929 90 51
144 99 84
65 37 43
96 23 52
81 16 7
23 93 53
1781353340 91 3
37 16 69
22 98 36
76 25 17
1182050 63 25
100 33 81
1546172726 66 83
52471 26 10
23 59 27
824167333032 56 89
81 51 70
33 90 95
5 60 21
420188463454791 86 37
89 23 24
72742857052 65 50
5 4 45
195387048 65 67
675964102176 56 26
87762296046 63 77
142 21 80
149 53 68
86 80 63
127 12 13
48564536350712 57 97
83 32 79
42 64 21
18 18 28
4888588614934 98 31
46 6 96
8 94 29
50272683 58 23
104 82 5
3 30 24
782 60 94
72 84 29
282 1 81
28 98 66
17 73 46
18 69 15
340830259864355 23 0
121 82 69
114 16 77
24929 16 55
762 57 85
16 44 26
95031 41 44
55298 91 64
39 4 3
30 22 12
9435110 74 89
68534 13 89
84 44 58
568737221 75 52
29988771217 45 19
8235291108 36 44
40 17 13
1 7 0
28 17 32
93 6 67
30 96 9
2941575204102 28 83
10 85 69
128 75 75
73458976281 77 63
138 35 65
73 42 24
804084 76 26
69 74 74
41 69 5
6123289684 10 25
906770218 80 90
411 54 68
5673221897382 13 100
997212 16 55
22 73 42
136 59 50
465218030168956 88 83
74 25 1
553788489469353 14 100
3 33 91
61 14 47
122 90 43
29255272 87 93
92 72 42
90 92 81
92496135 61 58
79 81 92
17855711010 80 8
63154484 3 58
42 49 68
78600626 6 51
63618741105515 40 51
3 30 10
73848 53 7
122 14 52
141 23 60
7446463143 14 98
137826024646559 87 0
24138257 85 69
546 85 98
8 69 99
428366446109255 41 77
18923 82 13
129 47 78
17 72 50
76 82 25
1437228 67 72
26 87 73
2 50 58
56874 95 14
135059431482 10 33
25 99 99
8976098224 58 14
680 92 63
36 32 72
8 67 85
2 76 1
139 92 80
18 32 81
51 86 98
7193242 33 79
52 22 57
366 43 12
29 39 9
1424 64 54
10154611158042 83 76
30187464028276 14 96
29 92 28
6136804368 98 85
68 64 35
6 10 78
1765 55 30
124 46 25
1 55 74
145 35 68
674399215 78 18
67 86 14
70607048956 64 99
7782539 73 22
54 41 93
119 62 32
847 14 2
137 16 37
61 33 10
108 78 55
34 52 83
113 10 20
23171927930 47 20
1 32 52
4 95 2
79 86 87
18109670 25 8
123 64 11
88 98 99
64 1 24
143 60 78
98 43 84
106 85 27
1846443968 55 31
70500072115 50 46
128 40 93
84 42 14
30472991927 65 74
82 40 69
98 37 7
26179 17 62
48 9 15
190244026772034 93 92
4850 42 59
58 4 98
66 96 62
13 90 37
66 24 67
9837390432 57 66
8066 55 32
557809109207 17 9
176 52 64
97 92 45
115 92 79
114 19 31
1233769010 53 60
366257670119 96 17
126 89 59
559 49 23
6 27 78
28 45 36
31097859094 4 79
91 37 82
111 71 2
65297 89 35
10 73 53
730327208915 27 3
682561246294 55 20
117 56 91
5638 85 87
614 58 37
502103501499097 42 96
14 75 25
78 42 45
3878023 48 45
146 78 48
6721 12 73
183980862938 13 30
106 81 33
29187079381 42 18
3 19 38
694618368386820 28 75
4005279 47 95
73 48 5
13 57 60
32 2 65
132 35 19
10 66 14
4816460942 12 65
79249045 82 18
9792530240786 66 16
2720465833610 10 86
98139530 33 30
469336887464952 53 18
99 54 7
5723593102586 98 4
10 10 37
124 7 98
8695091898953 11 73
33 2 97
20 10 23
83 80 67
45 29 30
29 43 45
144 25 71
8147623630991 17 26
115 15 97
3588909348165 63 53
5263106506719 90 16
134 57 37
8 19 54
129 22 97
4265 86 48
4 97 14
472661 79 42
291234178810 19 27
21761316702762 28 88
302464 52 93
742983156 56 22
13 91 3
136 7 40
73257 22 12
893212140561494 70 0
76 48 94
984282088459892 52 12
116 35 55
65 26 23
91114 94 83
16 62 39
148 23 4
94 17 94
112 48 45
568830 39 16
127599926360 2 30
90299890821732 73 41
30 99 70
2855 54 6
320 55 4
135 72 54
36 62 35
7154487727 48 48
111 18 30
7 60 2
64 71 9
126 72 32
125 42 34
95 17 16
216313051343901 98 19
7784346451 4 66
107 15 46
413049478145273 3 0
50 45 70
4259501312 16 8
39 17 62
36834671282395 91 69
120 70 84
10 47 26
67552936255113 57 76
73 5 17
93249623376 77 50
106 98 88
92 18 29
8 67 35
42 37 1
548569969 49 95
169 13 42
410319836791816 47 0
99752623 68 47
103 74 23
10 60 7
90 17 14
194914594 9 70
913154 6 91
49 34 82
42 37 88
105 78 44
10 80 66
108 7 62
9071 60 75
15 70 98
12058183152213 99 53
2195 81 69
74 24 86
62 56 29
342412855717565 94 16
5164414 87 48
64994063332522 96 54
79062 99 70
13 61 12
8919949 1 98
7567642 78 45
110 62 80
7918620 94 60
109 28 86
635179763062876 7 23
88036807307 33 61
716265276 27 29
77 12 80
98 96 62
136 66 80
98 43 83
6312320 69 82
98 24 78
80 60 36
3 2 37
118 98 1
46 63 71
45681245 8 67
2 23 99
115 24 87
138 92 14
17736 22 22
10654206456 87 97
147 53 11
17 23 21
23 5 9
65026916975 1 36
652057049350 82 42
39762666 82 21
855576 63 46
51685728 85 43
82780 11 27
92 55 95
75514587 73 84
745431 35 86
146 98 5
7 88 40
667801268051517 85 29
16 42 68
209 8 48
827055550 16 16
5807985 38 70
8633 78 87
139116369334 62 97
14133097540 45 16
52 67 35
26 61 80
59 85 43
3950754 83 76
163526 16 37
42 25 3
18 23 23
21 58 18
73 64 36
54161533515295 18 79
76 5 91
2 59 28
26 63 37
20 76 80
10 43 51
75 24 72
93 3 86
41 42 50
1 50 68
43 58 53
24 4 90
90 46 3
71 9 59
73575601856587 13 35
40 81 71
8810467 34 34
8988035402168 22 65
147 77 5
45 70 46
88 50 25
641534 63 54
9999 75 53
122 35 93
46 55 75
67 30 78
8 5 43
2 20 78
81119 66 48
12 30 98
4537731902 83 65
817695 6 39
56567964100336 56 3
146 69 80
23 7 70
80078204533201 1 1
24632840851060 25 55
97394 35 18
52 99 66
114 13 38
29 56 56
419943016476035 44 86
66 18 25
38350703 85 55
3 2 64
130 68 83
9 5 68
11 8 5
6641089517 68 9
14 33 33
28 45 76
35 66 73
3 75 33
75 10 6
138 28 2
276719194623983 46 34
117 98 10
136248963 72 82
13 65 55
5 75 79
370 31 85
91 79 92
107 31 17
77499890048436 43 61
100 15 62
101 1 85
3981206 36 18
95 8 72
83 31 28
3 22 32
660360911185 87 18
8 31 34
112 99 60
126 36 14
4846661 49 24
99 41 89
51786072 75 13
4880419350016 42 96
45 45 42
6779586 66 54
91 40 46
38803446 2 5
557553 40 7
916520208 28 86
67 20 85
8995599819 87 75
17 12 87
35705042112660 46 92
17 44 70
783 41 74
