100
3 3
1 1 2
1 0 1
1 0 0
7 3
2 1 1
2 0 1
2 2 2
1 1 0
1 0 1
2 0 1
0 2 2
10 3
2 3 3
3 2 3
2 3 1
1 2 1
3 1 2
2 2 3
1 1 1
2 2 1
3 0 1
0 2 1
2 2
2 1
1 1
10 3
2 2 2
2 2 1
0 3 1
3 1 2
1 0 3
1 2 1
3 3 1
1 3 2
3 2 0
3 3 3
9 2
3 0
3 3
3 2
1 1
2 2
3 2
3 3
0 3
2 2
1 3
3 0 2
9 1
2
1
1
1
2
1
2
1
2
10 1
2
1
2
2
2
3
1
1
1
3
10 1
2
1
2
1
1
1
3
1
3
3
2 2
1 0
1 2
10 3
3 2 2
2 3 0
2 3 3
2 3 0
2 2 1
2 2 3
2 3 1
0 3 1
0 3 1
2 3 2
10 3
3 3 2
3 2 1
0 1 2
2 3 1
0 3 2
2 3 3
3 2 3
2 3 0
2 2 1
1 3 1
10 3
2 1 3
2 2 2
2 3 3
2 0 0
1 2 3
2 3 2
3 2 2
1 2 2
0 1 3
3 2 1
10 3
1 0 3
0 0 3
3 0 3
3 2 0
2 2 2
1 3 2
3 0 0
3 2 2
3 0 2
1 2 3
10 3
1 3 0
3 0 2
3 2 0
3 0 0
1 3 1
2 0 1
3 0 1
0 2 2
2 1 3
1 1 1
7 1
1
1
2
2
2
1
2
4 3
0 1 1
0 2 2
1 2 2
0 0 1
6 2
1 1
2 2
3 1
2 3
0 2
0 3
7 3
1 3 1
2 3 1
2 3 1
2 3 1
2 0 2
2 0 2
2 0 2
10 3
3 0 1
3 1 2
3 3 0
3 2 3
0 0 1
3 3 1
2 3 0
1 3 0
2 2 3
2 2 3
3 2
1 1
1 2
1 1
10 3
3 2 3
1 3 3
1 0 1
1 2 2
3 1 2
1 0 1
2 3 0
2 2 2
1 0 0
1 2 3
10 3
1 1 1
1 3 3
3 2 3
1 2 2
3 1 0
2 1 3
3 0 3
3 3 2
0 1 3
3 1 1
10 3
3 1 3
0 2 1
3 3 3
2 2 3
3 1 0
2 1 2
3 2 1
2 0 3
0 0 3
0 1 3
9 1
2
2
2
2
2
1
2
1
2
10 3
0 2 1
1 3 3
0 3 3
1 0 3
1 3 1
3 3 1
3 2 2
0 1 1
1 0 0
2 1 2
2 3
1 1 2
0 2 1
7 3
0 1 0
1 0 1
0 1 0
0 0 2
2 0 1
1 0 1
1 2 1
9 1
1
1
2
3
2
2
1
3
2
10 3
0 1 3
2 2 0
0 2 0
2 2 3
2 3 1
2 3 3
2 1 2
2 1 2
1 3 1
0 3 3
5 2
1 0
1 0
2 2
1 2
1 1
10 3
2 2 2
2 3 1
3 2 0
3 1 3
0 3 1
0 1 2
0 1 0
3 0 3
1 1 0
2 3 1
10 3
3 0 2
3 1 0
3 1 2
3 3 2
1 3 3
3 3 0
2 0 2
1 1 3
0 0 1
3 3 1
5 1
1
3
3
3
2
5 2
0 2
2 1
2 0
0 1
1 2
10 3
2 0 1
2 2 1
2 0 3
1 2 0
3 3 3
1 1 2
1 2 2
3 0 0
2 2 1
1 1 0
10 3
1 2 1
2 0 1
2 1 1
1 2 2
2 0 0
0 1 1
0 0 1
1 0 1
3 2 2
2 1 2
10 3
3 0 3
3 2 3
1 3 3
0 2 0
0 2 0
0 3 2
3 2 3
1 1 0
2 2 3
1 2 1
10 3
3 1 2
0 3 2
3 0 2
3 3 2
2 2 2
2 3 2
3 2 1
2 2 2
0 1 0
1 3 2
6 2
1 2
0 1
2 0
2 0
2 1
1 0
10 3
2 1 1
0 1 0
2 2 3
1 1 2
3 3 1
3 2 0
1 2 1
2 2 2
2 2 3
1 2 1
9 1
1
1
2
3
2
3
3
1
2
1 1
1
8 3
2 0 2
3 2 3
3 2 1
2 3 1
0 3 1
3 1 1
1 1 2
3 2 2
8 3
2 1 2
3 2 2
2 2 1
3 2 3
3 2 3
3 1 2
2 2 3
2 0 1
10 3
2 2 1
3 2 0
2 1 2
1 2 0
2 0 2
1 1 3
3 3 3
3 1 1
0 3 2
0 0 3
10 3
3 3 0
2 3 0
1 1 3
1 2 2
3 2 2
0 3 1
1 3 1
2 2 3
2 1 3
3 1 1
10 3
2 1 2
3 3 3
1 1 0
0 3 3
3 1 2
2 2 0
0 1 1
2 1 3
0 3 2
2 0 2
10 3
2 3 3
2 0 1
1 1 1
3 1 3
1 1 3
3 3 0
3 2 3
3 2 3
2 1 1
3 1 2
10 3
2 0 0
1 2 1
1 1 1
3 0 1
2 0 1
2 2 2
1 0 3
3 2 2
0 1 2
1 1 3
10 3
1 0 3
3 0 3
2 2 2
2 3 0
1 2 1
2 0 1
3 3 2
2 2 0
3 0 3
2 1 3
1 2
1 1
10 3
3 3 3
2 2 3
3 1 1
2 1 2
3 2 0
1 1 2
0 2 2
1 2 2
0 0 1
0 1 1
10 2
3 3
1 3
3 0
2 3
3 3
0 2
3 1
0 3
3 3
1 3
6 2
3 2
1 1
2 1
2 3
3 0
0 1
6 3
2 1 2
1 2 0
1 1 2
0 1 1
2 2 1
1 2 1
10 3
1 0 1
1 2 2
1 0 1
1 2 1
1 1 0
2 0 1
1 0 1
2 1 0
1 2 1
1 1 2
10 3
2 1 1
3 1 3
3 1 3
3 1 2
1 1 3
3 2 3
2 1 2
1 0 2
1 2 0
0 1 0
10 3
1 3 1
2 2 1
0 1 1
1 2 0
3 2 3
1 2 2
1 0 3
1 1 0
3 0 2
3 3 1
1 2
3 1
10 3
2 2 1
2 1 3
0 2 1
1 2 0
2 3 3
1 3 0
3 2 1
3 3 0
3 1 0
2 2 3
9 2
1 0
2 2
1 1
2 2
1 1
2 1
2 2
2 1
2 1
5 1
2
1
1
2
1
10 3
0 1 1
3 0 1
1 2 1
2 0 3
2 0 0
1 2 1
1 2 0
3 3 0
0 1 0
3 1 3
10 3
3 0 2
3 0 3
2 1 1
1 0 1
3 1 3
2 2 2
0 3 3
2 2 3
1 1 1
2 2 3
10 3
2 2 3
0 2 1
2 1 2
3 3 1
1 2 3
2 0 3
2 2 1
2 1 1
3 2 0
3 3 1
4 2
2 2
2 0
3 2
2 2
10 3
1 1 3
3 3 1
1 1 3
2 3 3
2 2 3
2 1 1
1 1 1
2 3 3
0 1 0
2 3 2
10 3
1 3 3
2 1 1
3 1 3
3 0 0
1 2 3
2 0 2
3 1 3
1 2 3
0 0 2
3 0 0
2 2
0 2
1 1
10 3
2 1 3
2 3 1
2 3 2
1 2 0
2 2 2
2 2 1
1 1 1
1 1 2
3 2 1
2 2 1
4 2
0 1
1 2
1 2
0 2
2 3
2 1 1
2 1 1
9 3
2 3 0
1 1 2
3 1 1
3 2 3
1 1 1
2 2 2
3 3 0
0 2 1
3 2 2
7 3
0 1 1
1 0 2
2 2 0
1 2 1
2 1 0
2 2 1
2 0 0
7 1
1
1
1
2
2
2
2
10 3
2 3 1
1 2 0
1 0 1
2 2 3
0 2 3
2 2 0
3 0 3
0 1 3
0 1 3
1 0 2
7 3
3 1 1
3 3 3
2 3 3
3 3 3
3 3 3
3 3 3
3 3 3
10 3
1 3 0
3 1 3
1 1 3
1 0 3
3 3 1
0 2 3
3 0 1
0 1 3
2 0 2
2 2 3
6 3
0 0 1
2 1 3
1 1 2
2 3 2
3 2 0
2 1 2
6 3
2 2 1
1 2 1
2 1 1
0 1 1
0 1 2
1 2 1
10 3
1 3 3
3 0 0
3 3 0
1 1 3
2 0 2
3 1 2
1 0 1
2 1 2
2 3 3
0 0 3
10 3
3 3 1
3 1 3
2 3 0
1 1 1
3 3 1
0 3 0
2 2 3
0 2 3
1 3 0
3 2 0
1 2
2 1
10 3
3 0 0
2 2 1
1 1 3
2 1 1
0 3 1
1 1 3
3 3 2
3 3 0
2 0 0
2 0 2
8 3
2 2 1
2 2 2
2 1 1
2 1 2
1 2 1
1 2 2
1 1 1
1 1 2
10 3
1 2 1
2 3 2
2 3 3
3 2 3
3 1 2
2 0 0
3 2 0
1 1 0
1 3 1
3 0 1
5 1
2
1
2
1
1
10 3
2 2 2
1 2 1
3 1 1
3 3 0
0 1 3
3 2 3
1 0 1
3 1 1
2 0 2
0 2 2
10 3
1 1 0
3 1 2
2 0 1
3 3 2
3 3 1
1 2 0
2 3 1
1 3 2
0 1 2
2 2 1
10 3
1 3 2
1 3 3
2 3 3
3 3 3
0 3 1
3 1 0
0 2 0
2 0 0
1 3 2
2 1 3
9 2
2 0
1 1
2 1
1 1
1 1
2 2
2 2
2 0
1 2
10 3
1 3 1
2 1 2
0 3 2
1 2 1
1 1 3
3 3 3
1 3 3
1 0 3
3 2 3
3 3 2
7 1
2
2
2
2
1
1
2
10 3
2 1 2
2 1 2
2 3 1
0 1 0
0 2 2
1 2 2
1 3 0
2 1 3
1 2 3
1 3 0
10 3
2 2 3
0 1 2
0 2 1
3 1 2
1 2 3
1 3 3
3 0 3
0 1 0
2 0 3
0 2 3
10 3
3 1 2
3 2 3
1 2 2
2 3 0
2 2 3
3 1 3
1 1 3
1 2 2
0 1 3
2 3 1
2 1
2
2
10 3
2 1 1
3 3 3
1 1 3
1 2 3
0 3 3
1 0 1
2 1 2
0 2 1
3 2 0
0 3 1
