55
15
10 12 45 -1
9 5 50 1
5 20 41 1
11 8 50 1
20 13 44 1
2 0 45 -1
5 4 47 -1
14 13 42 -1
19 1 47 -1
8 0 41 -1
8 16 40 -1
15 11 42 1
8 8 42 1
2 9 50 1
0 10 44 1
15
872 2191 2 -386
-2071 -3796 1 -568
4237 -5305 6742 275
-2307 -6269 1 -148
6875 -19 461 -519
-9871 -3500 64 -306
-2576 -5709 25 686
431 8005 4 487
5077 208 18997 47
5028 9975 80 554
-2371 -6046 18 633
-4414 -4030 1 -380
-9872 1298 2 187
2569 9748 8 333
-8369 -5964 3 211
15
8792 -6208 2 -540
4297 -6491 17 280
-7699 -978 147 71
1567 5533 5 -391
-8882 4148 2 -390
-7101 -3508 1 -561
8186 -4900 8 -637
361 -3576 8 103
-5942 -5760 13 -369
7728 -3780 2 -271
8852 -4803 36 -151
-232 -7480 18 469
9885 -1242 16 -40
1295 -1954 14323 -308
-7515 5077 1 -232
15
-2777 5548 279 -246
-829 2685 1 -380
-6596 734 2 -273
-4780 -7437 3 -122
7202 4665 4 -300
-4410 1826 9 369
-5440 -1400 18 1
-4507 7129 1 -363
3967 9877 4 -9
831 -1635 339 16
5217 -9055 549 -68
1702 -5080 38 265
-1242 9700 19 -181
-5327 5009 2961 -444
-7879 3023 18201 87
15
-7558 8170 4 58
9517 5753 1 -550
-3660 -403 5 -32
2070 -8106 2 -23
3222 -584 4 -26
2668 -527 1 -59
3302 18 429 282
-8048 -7744 3 561
-2320 -6005 3 71
174 -83 17117 252
8221 -1587 49 -579
4897 5559 4 80
3627 5406 3 -155
-7862 7961 105 17
9092 7900 3 318
15
3684 -614 171 -356
-4050 2849 19808 171
3262 4139 37 431
2820 6523 21 144
4753 6884 134 -231
-2896 919 1 -167
8352 -6581 1 -445
-5344 -1734 2 541
-6343 4709 2 -17
-7445 -1563 8 203
7255 5918 2 -599
-162 -5757 2 -322
6792 92 12 -449
8379 -8756 2 -359
-8179 -4467 4 -580
12
0 0 1 0
2 0 1 -2
0 2 1 2
3 1 1 -2
0 3 1 3
1 3 1 2
0 1 1 1
1 0 1 -1
2 3 1 1
3 0 1 -3
3 3 1 0
3 2 1 0
15
4973 5923 2049 167
-8678 5322 2 -18
6189 -6917 1 -221
-8106 3606 2 -10
7718 -8060 2 -107
-512 3491 16412 137
-4578 -8147 1057 -170
5042 -5861 67 57
712 -5996 3 179
-2865 1368 2 -236
2598 -7972 4148 -296
8398 2802 161 171
46 -3903 5 173
-7747 -5021 37 -113
-503 -8966 4 -196
15
239 6 14 0
162 6 7 0
200 6 11 0
170 6 8 0
189 6 10 0
179 6 9 0
137 6 2 0
225 6 13 0
212 6 12 0
135 6 1 -19
155 6 6 0
144 6 4 0
140 6 3 0
254 6 15 17
149 6 5 0
15
8622 -2670 134 -20
4797 9612 19 156
-3764 -7215 269 148
-9397 661 18 31
-817 5993 70 194
-8677 -1381 18323 393
-9273 -2229 4 208
-7817 -12 3 176
744 -5872 86 -247
-4109 6541 5 -146
3041 2033 18 530
-9246 -7629 1 -55
-4640 6420 1 -234
-3432 4382 1 -42
4376 460 4 -464
15
90 6 13 0
9 6 4 0
44 6 9 0
119 6 15 15
77 6 12 0
35 6 8 0
20 6 6 0
2 6 2 0
5 6 3 0
27 6 7 0
0 6 1 -13
104 6 14 0
65 6 11 0
14 6 5 0
54 6 10 0
13
-175 49 28 725
-77 35 14 -302
-119 49 28 332
-91 21 28 736
-147 21 28 926
-105 35 14 -984
-63 49 28 291
-161 35 14 -515
-133 35 14 -983
-35 21 28 279
-21 35 14 -393
-189 35 14 -781
-49 35 14 -651
15
-8610 -9346 43 -502
1538 -806 1 -612
-6569 3081 188 -509
-405 2831 136 -31
-3673 3106 8 -220
9328 -5680 158 486
-9504 -1015 2 -30
-9976 1127 1 -555
6164 4444 96 340
5982 -5316 5 426
5956 -5005 17255 350
8665 -4160 8 -617
6233 -5484 1 -365
6571 8925 3 494
-295 3348 332 -277
15
9231 -8827 513 85
-1028 -2615 186 334
-1980 2469 4 -367
-1910 3164 99 -411
-9786 -8341 18 -424
-4585 1991 20000 360
2237 1984 11 93
2863 651 5 2
-8793 -5389 2 85
-765 -5816 3031 351
3748 -6740 17025 275
-595 9899 1 -122
682 9566 2 475
-3888 854 203 108
3060 9810 36 -437
13
-359 57 32 481
-375 41 16 -631
-407 41 16 -511
-343 41 16 -425
-311 41 16 -358
-487 57 32 703
-391 25 32 188
-327 25 32 149
-471 41 16 -135
-455 25 32 797
-439 41 16 -626
-423 57 32 934
-503 41 16 -475
15
-723 79 13 -910
-658 92 26 682
-710 92 26 562
-827 79 13 -270
-762 92 26 947
-736 66 26 764
-840 66 26 942
-801 79 13 -580
-775 79 13 -569
-814 92 26 59
-684 66 26 620
-697 79 13 -299
-749 79 13 -540
-788 66 26 956
-671 79 13 -513
15
-957 -8564 18148 174
3825 4177 8 237
4780 -6920 1 -309
-8035 -6899 1 -516
4716 -2121 792 508
-1310 -940 2 73
-2662 4828 512 -414
-6449 4314 14 -288
695 -6400 46 -52
8310 3521 1 -540
2963 -9249 21 238
-1299 7567 1 -563
6441 2942 2 132
-6431 -3554 47 623
-9133 -7665 5 329
14
-423 64 32 -886
-469 573 32 -886
-295 64 32 -886
-455 32 64 886
-359 64 32 -886
-533 573 32 -886
-597 573 32 -886
-391 96 64 886
-263 96 64 886
-565 605 64 886
-437 605 64 886
-327 32 64 886
-501 541 64 886
-405 573 32 -886
15
-5421 767 1 -253
2320 7495 2 -326
-1457 -2376 1 -23
44 9293 2745 138
8537 -7519 1 -550
-8478 5497 1 -223
-6483 -4649 1 -70
-9363 3596 4940 -270
9285 -5362 20000 292
2364 3570 1 -96
8616 7547 4 -1
-241 -171 11 -649
-5444 1032 2 -351
-7625 4057 350 -69
3984 623 2 535
1
-94 39 2 -14
15
-5570 -487 29 504
-9513 -8150 2 340
-258 4122 67 -554
3364 -3646 3 234
-9618 2297 1 -262
3869 8798 16 50
-8810 -8387 64 276
-3274 5795 81 -431
-790 3065 20000 313
-8626 -2506 2 204
-4674 1405 9 -532
-7848 4880 3 -227
6743 -4842 1 -453
-4910 -4763 4 -493
-3372 -5851 8 164
13
-189 74 17 -133
-240 91 34 398
-172 91 34 427
-257 74 17 -816
-121 74 17 -844
-325 74 17 -887
-155 74 17 -443
-138 57 34 937
-223 74 17 -792
-206 57 34 184
-308 91 34 848
-274 57 34 826
-291 74 17 -324
15
2757 -718 2 -33
2853 7290 349 14
-4605 -9904 11 220
3933 828 2 -309
-9292 656 3 -187
-929 -5513 4 250
-9123 -277 8 -43
-9877 -1494 23 -368
-4700 8595 12 -205
4982 -4352 20000 321
-4556 -3112 367 -23
5857 -1667 2 -56
741 542 2 -333
5010 309 16 11
-8050 1460 4 206
15
-9857 1882 80 691
-3621 2075 19075 493
-4608 -2978 1 -661
3785 485 1 -411
-3614 5362 3 190
-2954 -284 1 -576
5144 1009 16 -29
-874 5435 10839 -604
-4421 -601 2 -358
4219 9600 2 -369
-400 738 35 -105
1838 7350 2 642
-5575 7081 933 -464
-4630 3164 36 197
5753 -7851 516 -112
15
7987 1641 13 -284
4831 972 2 -406
9503 7443 132 -284
-2479 3365 1 -429
-6671 -9060 10 93
-1891 -9813 1 -626
9810 -4607 2 -632
-2485 8159 47 -695
-8200 9411 17 617
-8048 -8390 10 -151
2307 -819 21 717
-1550 5685 16549 93
8366 6786 2 -726
-5954 7191 5 634
3057 -2896 1 -237
15
9642 -523 8 212
-6048 3181 10 -402
-5101 -8761 1 -71
2425 -2345 4 472
5291 2640 6 437
1983 2738 2 -71
1778 -3454 1 -377
4364 -8077 1 -415
3155 -3010 49 -174
769 5712 5 -468
-1478 7597 32 9
-5021 4131 3 166
3847 297 20000 458
5522 -7050 1 -178
-9307 -7803 13 -272
15
9726 7860 16 -568
9640 7534 295 -586
3583 -447 2 -493
-5740 8887 3 490
-728 -4148 4 -196
-1569 -2406 2 -87
3226 2256 1 -764
9392 -5378 1 -718
-4262 -804 2266 -631
830 -8718 74 675
1692 -4618 18 700
6317 8566 18592 588
5027 8272 17 -604
4689 7933 612 619
821 -2506 222 649
15
-967 2666 11741 180
1216 -3806 6 -37
-5940 6253 25 102
-6676 -265 6 -225
1394 -7961 98 127
-8599 4695 128 -297
-7705 3214 21 -38
-1198 5978 2 -292
-9430 -4741 13 -281
4332 -6198 31 140
-5388 1113 2 46
1604 2988 1 -114
5228 2335 64 150
1116 -1138 4 262
-3644 5164 1 -211
14
-18 520 25 -762
-182 91 50 762
-332 41 50 762
-43 545 50 762
-207 66 25 -762
-307 66 25 -762
-93 495 50 762
-257 66 25 -762
-143 545 50 762
-282 91 50 762
-232 41 50 762
-68 520 25 -762
-118 520 25 -762
-168 520 25 -762
15
2880 1281 2 210
-5512 3101 1 -148
-2018 3561 89 -50
-2126 5842 4 28
2317 -8974 389 342
1840 -161 2 43
1296 -2116 1 -68
2928 -8015 5 -42
4079 5533 4 124
1617 4521 20000 120
-1035 -2519 14 -19
96 -8369 159 174
-2988 5970 17 -110
-4334 7428 1 -364
-2070 -9415 1 -16
15
-7667 843 20000 320
-9723 2094 1 -207
604 -7208 2 -74
3752 5280 1 -209
4612 6361 67 -89
8097 -7235 7 209
6126 2524 2 -117
-6421 -1737 2 48
-2802 -1858 25 135
-8362 8108 4 -457
1307 -5075 1 -28
-2777 2612 185 398
2090 1385 1 -263
-4511 6529 335 205
2720 -4362 8560 -54
15
4304 -8591 2 -41
3178 2297 1 -29
7775 -854 4 -57
-8174 -2306 2 -106
-4124 3812 1 -260
-829 -513 2 -302
3985 530 17282 11
672 -6651 1322 -234
9592 9905 1072 123
725 -1142 35 302
-2218 -8852 1 -211
-6822 4987 4 -66
-3202 2213 2 -20
-5391 -2638 11 109
6389 9886 38 26
15
7327 9994 1 -190
4867 665 2 -936
-9920 -6935 3 -901
3949 4340 2 -387
4027 -7362 417 -912
4966 7628 8 834
-2489 -5552 33 -587
-491 -8096 6 -92
2945 2301 2 -298
4131 266 636 371
-8561 -804 2 -384
9778 -3489 20000 911
1393 1025 3 -606
-5499 -4479 17 -438
5130 -4572 5 770
15
-4425 9600 1 -76
-7217 7164 137 131
-2552 292 1 -214
3124 9448 102 -86
2095 3432 8 -95
-390 3203 19347 347
2014 7406 6 -392
-673 -9306 2 -21
7508 9877 3 380
-6771 -7165 7 415
-4490 -4885 288 -84
3508 -8360 85 113
-2566 2048 10 -124
648 -3477 3 -66
-2428 7928 16 274
14
-444 542 32 -911
-543 27 32 -911
-316 542 32 -911
-575 -5 64 911
-639 59 64 911
-348 510 64 911
-412 574 64 911
-380 542 32 -911
-252 542 32 -911
-511 59 64 911
-607 27 32 -911
-703 -5 64 911
-284 574 64 911
-671 27 32 -911
15
-9317 8235 1 -8
-8488 -9272 1 -587
2516 -4177 11 25
-9984 1513 1 -484
9881 -6271 40 -624
503 2992 19214 783
4231 3682 1 -245
7463 -8405 6 573
6552 -676 1026 -633
-5661 -2660 29 -55
-6232 -5904 3 -619
-4280 173 3 468
2529 1407 132 -37
6450 8812 3 -258
-404 -2433 1 -419
15
-846 38 30 695
-711 53 15 -299
-741 53 15 -561
-861 53 15 -185
-831 53 15 -767
-696 68 30 871
-816 68 30 191
-801 53 15 -210
-786 38 30 240
-756 68 30 518
-876 68 30 301
-891 53 15 -790
-906 38 30 50
-726 38 30 852
-771 53 15 -110
15
-163 64 26 727
-202 77 13 -159
-215 64 26 717
-241 90 26 406
-150 77 13 -369
-124 77 13 -277
-137 90 26 849
-111 64 26 68
-85 90 26 519
-98 77 13 -790
-176 77 13 -619
-189 90 26 970
-228 77 13 -946
-267 64 26 47
-254 77 13 -940
5
0 -1 7 10
0 1 7 10
5 0 1 -15
10 0 6 10
15 1 2 -20
15
-8957 -1314 1 -370
8676 9695 1 -520
-882 6325 283 -95
9895 2976 2 -870
-9253 9837 1 -331
2278 6326 50 470
3341 9727 1 -369
-2371 -1922 282 -513
8102 6797 1 -741
5437 -3376 27 627
7348 4890 3 921
-8720 6361 2 956
-5578 -9017 6 501
-4337 -8530 2 -444
-4297 3096 16913 460
15
8614 -2818 20000 175
7009 8638 5 -65
-7612 4544 1 -281
5586 6918 72 -11
-9822 -6394 2 -242
8431 8613 1 -28
-1312 1765 6 -288
2763 8370 1 -219
8732 3262 8 259
850 -7692 1 -249
-6462 -4594 8 -166
5063 3878 10 -98
6525 -8097 1 -33
-350 -9470 2 -181
3943 6677 4 264
15
9546 6384 18 126
-3526 9952 2 203
-1505 4312 2 -255
-1335 -7826 75 341
-8657 1944 1 -249
-6694 -3289 20000 198
-6465 -7408 5 -27
-579 8695 2 -278
-8749 -1736 9 230
291 -200 2 -374
9631 4606 4 396
-948 -9924 377 429
-9760 9653 1 -63
-2240 -2983 27 -425
-1160 -4231 1 -127
15
5752 7533 1080 723
3820 301 56 129
5470 7475 4 -864
9898 -3249 9 239
928 -3707 1 -16
9567 -1623 2 301
186 -4299 104 258
-1040 2688 11 432
-4621 -4095 20000 664
-4615 4885 1 -899
8830 487 4 191
-4003 -4296 74 386
5849 8247 1 -927
-7581 9815 1303 -705
-6863 3518 23 371
15
-1017 -1127 14875 739
-1986 5295 44 -427
-2217 9485 5 -304
6020 -2488 35 -533
-2069 970 4 -695
-8587 7580 10 -492
-5551 6878 1 -554
3721 -6374 9 482
-7909 -6213 2 149
3247 1450 54 366
8899 -7837 17 -48
9817 -9252 35 -208
-5159 8646 4 185
-6673 -6991 1 -682
4116 3511 21 -485
15
-2397 -2738 2 -617
-7326 486 3 325
-8403 -9049 1312 -124
5452 -4725 32 234
-8727 -2828 5 -719
626 -4678 21 307
-7574 -1563 10 -576
3469 -1423 7 -429
-9854 -7857 39 -778
2726 -3996 8 -670
-1104 -6231 1060 -235
4747 7377 18 -294
-5732 -8710 1 -527
-7269 1774 14481 -618
-8055 619 3 30
15
-5880 -1107 1108 -178
-6073 1307 19440 450
8812 4587 182 -464
-3828 -2356 1 -114
6965 2678 2 -393
9738 -543 24 203
-849 8881 2 206
2134 -6160 75 -99
742 2822 46 -353
4865 3557 644 402
-2925 -1453 4 -342
-4722 -4408 259 -399
1409 -5220 1875 150
6462 -1899 22 211
-623 9724 2 -253
1
49 88 99 46
15
-4002 -5805 17186 139
5942 3632 1945 286
7390 -9295 28 -442
1920 -1061 8 -580
9268 3803 16 -632
-7169 2205 24 -246
5343 5473 10353 -753
3748 -2595 79 -800
-3798 -8880 7 -248
-8248 -9714 1 -312
5459 -9840 16 -5
-9302 -4809 11 95
-6878 866 7 -587
-500 3987 282 661
-4766 2306 2 -356
15
4309 -6802 4 455
4536 4732 2 -308
3141 2633 1 -140
3681 5311 1 -101
9344 706 7 -105
-8438 1125 151 -10
3967 3903 18824 4
-6366 -2613 7 4
-3330 6690 32 409
9975 5582 1 -225
1937 -1805 1 -235
2937 -7701 3 373
-122 -1975 313 -395
-6338 3441 1 -426
-6114 3553 3 -30
15
3992 5030 1 -533
-2187 2980 37 -465
-8472 7543 2367 94
7692 3318 1 -729
-7014 -6374 19662 355
-5641 -1135 3 645
-3940 3396 5 162
4869 2603 33 119
1017 -4921 24 -181
3780 9330 2 -611
3815 -3198 83 -547
2951 -2529 1 -266
7114 -7632 436 36
579 226 17 -16
-214 -7754 5 549
15
-585 -6189 9 -313
-9200 -1806 35 -172
-1365 1720 9 -524
6369 6082 1 -390
2981 -816 596 -69
-2543 774 5 291
1303 9151 2 -235
-2023 6986 2 374
-4110 3079 2 478
813 8648 32 247
2886 6324 20000 299
6439 820 4 417
-8970 -6401 12 -396
6038 8107 26 -464
2941 6542 157 -513
15
154 8669 146 -457
-5374 2033 2 -107
1342 8837 16 -436
-2906 -1284 16 473
-9700 -8625 1 -548
7794 -1700 1 -4
7052 9715 32 97
8784 3966 2 -242
-2838 4589 20000 70
-588 3457 5 400
5088 -4287 1 -392
-6699 1715 46 501
-8689 -5595 1136 533
4288 -8828 1 -464
-9407 -2543 67 205
15
4073 -1982 5 216
1206 7854 35 -916
1902 -6175 38 18
-4688 -3977 12 -702
8626 8001 2288 -384
-5094 7049 9 656
3440 6128 6 3
-7990 67 8 -249
7918 -851 1 -379
-8269 5949 5 399
-895 1125 14781 -806
8328 6396 2 262
-7048 -8991 4 739
1441 8189 4 412
3466 6025 8 -329
15
5309 -4377 1058 149
-9958 -8907 4 -477
9951 8601 1 -72
-2973 -5804 296 -855
-7607 -3519 5 767
2190 7330 88 -366
-3982 -4083 2 -619
2674 9947 4 -663
-2092 -5512 19796 636
-6326 -1433 23 35
5299 6452 423 795
6456 2718 2 -303
5185 -3265 33 537
4916 2088 5687 806
-3227 5367 15238 -457
15
4947 3433 2 135
-7151 -4111 2 254
9531 -6901 2 327
340 5975 20000 237
-9154 3040 92 139
-70 9090 20 107
5838 4238 11 -133
-7209 -8292 145 -60
-403 3554 6 -269
-189 5601 8 -141
-3102 -3375 1 -252
-9254 -3957 116 252
-7028 2678 44 18
3036 2042 2 -181
-2857 -9633 8 -170
