100
132
1000
7
111111111111111110
352661746716827622
989
21123345577777790
54
3299999999
212233444445588888
202
111111222222222214
311344556666779000
5234700
4123344558
565579107198691620
329999
50
314545320285397390
134678316917755307
676
2223668
1344157
74
802899087357101123
111222233333332634
715941325017432572
3233455999
1
121799375513862115
612760863125365279
1224888
479899766465365686
146663
634
3026281543
13
123667322544682702
828665625654367106
12223445777788859
1111223318
999999999999999999
823302864810389936
38369664596439437
5836556533
549999999999999999
839568234861939771
121239
2231134789
21863248659834472
83
111111122222222192
890
721216978732858860
124
668556965933967744
574593762886093858
544999
189202507543808813
1000000000000000000
135776
4364886
61122222566777778
311223344445667889
5
984069178450273450
12243346666788889
11122223346777771
836179525153754779
37755556677778889
167667
54999999999999999
3455701
61233344455556788
1223311359
5499999
438079445236614977
5748464
2245567900
5556675666
1112444440
809220391059006560
112233334443577799
1246782
297742462752075435
111103
689887742922185398
844444455566788889
296218816860215269
2221734
141344602526502094
883610917641550798
533580
412789
204301797306950906
628758147145788156
758781503026275588
112344444556677772
988038134709526630
11445889967799786
