30
4
2 1
3 1
2 4
3
2 2
1 2
10
1 5
1 8
1 7
1 2
1 4
1 3
1 10
1 3
1 8
10
1 8
1 2
1 6
1 9
1 10
1 2
1 5
1 3
1 7
10
2 3
1 4
1 5
1 9
1 10
1 5
1 5
8 8
1 8
10
8 2
1 8
8 9
1 6
1 7
2 10
2 7
1 3
8 6
10
5 7
1 3
1 10
1 3
1 9
6 6
4 2
1 6
1 8
10
1 7
1 8
1 2
1 6
1 8
1 10
1 9
1 4
1 5
10
1 4
1 7
4 8
1 9
1 10
1 3
1 6
1 5
1 2
10
1 3
1 7
1 8
1 6
1 2
1 10
3 9
1 5
1 4
10
1 6
1 9
1 8
1 5
1 10
1 7
1 3
1 8
1 4
7
5 2
5 7
6 3
3 3
5 4
4 1
5
2 3
1 2
2 4
1 5
10
1 3
1 5
1 2
1 7
1 9
1 8
1 10
1 4
1 6
10
7 6
1 8
1 2
1 9
1 10
7 7
7 8
1 5
1 5
10
4 10
9 6
9 2
9 9
9 8
4 1
4 5
9 3
9 7
10
1 9
1 5
1 7
1 3
1 10
9 4
1 2
8 6
1 8
10
1 8
1 10
1 2
1 5
1 7
1 3
1 6
1 9
1 4
10
3 1
1 8
1 2
3 3
1 10
1 6
4 2
4 5
3 10
10
4 4
1 8
1 7
1 6
1 10
1 2
1 5
1 9
1 3
10
1 9
1 10
1 7
1 5
1 8
1 2
1 6
1 3
1 4
10
1 5
1 6
1 10
1 8
5 2
1 9
1 3
1 7
1 4
10
1 8
1 7
1 2
1 9
1 10
1 3
1 5
1 4
1 6
10
1 5
1 10
1 6
1 7
1 4
1 2
1 9
1 3
4 8
9
3 2
7 8
8 2
8 5
4 3
2 4
3 2
5 3
10
1 2
1 8
1 10
1 5
1 9
1 7
1 3
1 4
1 6
10
1 8
8 10
1 4
1 7
1 6
1 2
1 5
1 9
1 4
10
1 2
1 3
1 6
1 5
1 8
1 9
1 4
1 10
1 7
10
1 7
7 2
7 10
1 9
1 10
1 8
7 6
1 9
1 5
10
5 6
1 9
1 10
1 2
1 4
8 8
1 3
1 7
9 9
