100
10000 100
7532909 12439487 29652421 54800761 16795243 7623821 7676167 13736623 10243921 3516707 18093469 57478469 40184579 41396119 56595493 66488599 37734863 19993367 32757679 41032861 10157113 15543277 31687477 1416733 625159 4207741 4207741 4207741 4207741 4207741 4207741 4207741 4207741 4207741 4207741 4207741 4207741 4207741 4207741 4207741 4207741 4207741 4207741 4207741 4207741 4207741 4207741 4207741 4207741 4207741 4207741 4207741 4207741 4207741 4207741 4207741 4207741 4207741 4207741 4207741 4207741 4207741 4207741 4207741 4207741 4207741 4207741 4207741 4207741 4207741 4207741 4207741 4207741 4207741 4207741 4207741 4207741 4207741 4207741 4207741 4207741 4207741 4207741 4207741 4207741 4207741 4207741 4207741 4207741 4207741 4207741 4207741 4207741 4207741 4207741 4207741 4207741 4207741 4207741 4207741
9904 25
38829517 45975623 31615769 9785977 14373407 44858153 3495769 6493327 25437679 3148241 10335581 61169221 213373 27373 4830893 17337599 28942477 538847 4307 116581 9372793 52404301 75423263 14047361 10129333
10000 25
59301841 13950907 16275781 16569391 1725167 2444581 4798 6166 1778891 5280127 22300987 17573207 65194651 6247331 25567 39553 4700393 33738181 64675717 11994467 10312481 19864027 25099337 58357561 299531
9987 30
322331 3831419 6764651 39314767 194329 177509 39302941 64036633 36032449 104777 5191 654961 1233083 9773 240497 52055161 28767491 3386837 3104539 19253183 32773033 3596953 3157331 34981721 6481399 3864649 14019737 38979341 38905429 39368639
10000 100
11127133 11127133 11127133 11127133 11127133 11127133 11127133 11127133 11127133 11127133 11127133 11127133 11127133 11127133 11127133 11127133 45880187 59402191 60355121 1052017 1275497 33188263 29581441 74770499 58285039 57615973 8413169 6546623 7891087 6577111 17833967 1212833 2927513 56718029 39856139 25992721 1931263 2054813 53267971 10917143 1983959 11127133 11127133 11127133 11127133 11127133 11127133 11127133 11127133 11127133 11127133 11127133 11127133 11127133 11127133 11127133 11127133 11127133 11127133 11127133 11127133 11127133 11127133 11127133 11127133 11127133 11127133 11127133 11127133 11127133 11127133 11127133 11127133 11127133 11127133 11127133 11127133 11127133 11127133 11127133 11127133 11127133 11127133 11127133 11127133 11127133 11127133 11127133 11127133 11127133 11127133 11127133 11127133 11127133 11127133 11127133 11127133 11127133 11127133 11127133
10000 100
45676409 33468037 6350849 8271899 51869399 8128853 6647567 51276019 41185247 34116881 2136307 2594323 48231787 35117981 45206101 4066529 3441479 26855429 34970227 81197131 6350473 5962889 8845871 4668311 38065649 55775287 55775287 55775287 55775287 55775287 55775287 55775287 55775287 55775287 55775287 55775287 55775287 55775287 55775287 55775287 55775287 55775287 55775287 55775287 55775287 55775287 55775287 55775287 55775287 55775287 55775287 55775287 55775287 55775287 55775287 55775287 55775287 55775287 55775287 55775287 55775287 55775287 55775287 55775287 55775287 55775287 55775287 55775287 55775287 55775287 55775287 55775287 55775287 55775287 55775287 55775287 55775287 55775287 55775287 55775287 55775287 55775287 55775287 55775287 55775287 55775287 55775287 55775287 55775287 55775287 55775287 55775287 55775287 55775287 55775287 55775287 55775287 55775287 55775287 55775287
10000 100
58227317 42643091 10336427 5995501 30712369 78593413 80166547 3821677 4150961 85398077 77080831 3746683 471083 7652093 32757679 10017739 17806697 73746839 78623689 77080831 29217173 11296321 20471851 6718373 1216609 5580077 25593481 41033549 6237359 848207 9173651 76990469 75083527 65788321 13764367 5092697 2433811 1173517 13082327 15342577 11880697 10130447 8813677 42435997 42435997 45542407 52346477 7722103 1216609 475393 3222587 66298559 12830549 1596041 10210471 56384387 18279091 1293431 1448591 18146039 51997769 78117041 17365651 10017739 15726119 15726119 23671061 46831163 69214589 8247131 144493 912677 5650237 894533 144493 393131 24341111 49404101 32885309 5901107 7614931 10081249 7812353 4151831 2716877 2865263 4102849 2180429 3821677 9691631 9090481 57944539 64493519 32704981 2716877 6395773 38915243 40674547 14752021 3633277
10000 99
40615129 40615129 40615129 40615129 40615129 40615129 40615129 40615129 40615129 40615129 40615129 40615129 40615129 40615129 40615129 40615129 40615129 40615129 40615129 40615129 40615129 40615129 40615129 40615129 40615129 40615129 40615129 40615129 40615129 40615129 40615129 40615129 40615129 40615129 40615129 40615129 40615129 40615129 40615129 40615129 40615129 40615129 40615129 40615129 40615129 40615129 40615129 40615129 40615129 40615129 40615129 40615129 40615129 40615129 40615129 40615129 40615129 40615129 40615129 40615129 40615129 40615129 40615129 40615129 40615129 40615129 40615129 40615129 40615129 40615129 40615129 40615129 40615129 40615129 3932141 4171537 5672479 4519693 49199471 885901 96127 4181029 29435963 29715043 42168359 93693163 69165067 1542199 269447 4774703 1948019 94301 1543387 47435701 18763999 3072803 321583 2975437 79746769
10000 100
43122589 43122589 43122589 43122589 43122589 43122589 43122589 43122589 43122589 43122589 43122589 43122589 43122589 43122589 43122589 43122589 43122589 43122589 43122589 43122589 43122589 43122589 43122589 43122589 43122589 43122589 43122589 43122589 43122589 43122589 43122589 43122589 43122589 43122589 43122589 43122589 43122589 43122589 43122589 43122589 43122589 43122589 43122589 43122589 43122589 43122589 43122589 43122589 43122589 43122589 43122589 43122589 43122589 43122589 43122589 43122589 43122589 43122589 43122589 43122589 43122589 43122589 43122589 43122589 43122589 43122589 43122589 43122589 43122589 43122589 43122589 43122589 43122589 43122589 43122589 11820449 11251777 72490417 83375869 5329921 2522803 103063 79741 30644813 35417873 39232537 82704577 30772421 34779721 9461077 7146101 34620011 32123491 23639303 11662433 19763087 1754191 171991 714379 6069179
10000 100
34163449 34163449 34163449 34163449 34163449 34163449 34163449 34163449 34163449 34163449 34163449 34163449 34163449 34163449 34163449 34163449 34163449 34163449 34163449 34163449 34163449 34163449 34163449 34163449 34163449 34163449 34163449 34163449 34163449 34163449 34163449 34163449 34163449 34163449 34163449 34163449 34163449 34163449 34163449 34163449 34163449 34163449 34163449 34163449 34163449 34163449 34163449 34163449 34163449 34163449 34163449 34163449 34163449 34163449 34163449 34163449 34163449 34163449 34163449 34163449 34163449 34163449 34163449 34163449 34163449 34163449 34163449 34163449 34163449 34163449 34163449 34163449 34163449 34163449 34163449 34012103 44167237 44303299 56517623 63344867 20252227 26029769 39960719 27512929 24931957 18910201 43653509 91475339 6217847 576761 7369343 35918023 8341469 13637513 23034217 19991771 8576369 1329793 5625199 35924149
10000 100
4593899 3934969 74029049 1239653 46243 2435347 58372439 262291 210149 2392987 1586029 21346243 40198211 4255883 2259979 16314083 7262 9122 41099171 66978763 35314183 14253 27033 32718941 1826393 290231 203681 3180883 76242071 26085263 27780913 27033 20697 31466339 20802721 33901913 58148359 53032117 888049 262 8962 40378291 42811261 21346243 21346243 42811261 59193259 45319531 25050269 5798707 3194 8962 30296041 10797317 13512217 2986733 203681 1154 1154 1778891 14061563 29961209 44413009 60923371 70493053 52891303 30836921 29961209 62162447 42517259 20492573 27726319 796349 973723 22915939 21053807 13658 7262 10893 6 8962 30600749 3434987 3470197 51280267 11870501 7175321 13479 10893 30721891 2986733 177559 3470197 11017703 9708163 47556017 53032117 30919019 2631697 75587
10000 100
34475513 5213513 8480377 62932489 21284239 16309957 36954241 56273303 45146389 14479813 25067267 5411963 5085053 28138351 4125161 3490163 28866619 87792613 27390127 3490163 10091351 61337713 39027949 16391849 1903129 3126157 2862799 5357549 8698031 3380291 10644547 25337443 59683567 20987861 16391849 15409111 1789031 3115901 5653343 1243247 10282711 76307527 6655787 5603681 56390797 67619987 6719551 896891 3791743 30777319 5093399 344569 2082089 28407923 67619987 9025567 685229 3115901 29550019 51324997 25337443 14587861 13042063 13084991 44512379 27098063 9153427 1976203 5133769 64144081 56615621 56078377 6655787 2975933 17298719 15035791 9153427 28558811 67996711 6736757 2938099 9252083 23806933 8480377 8865217 71958361 71958361 4867991 376267 1923641 25337443 29947321 10935401 26029769 59683567 5930891 7280003 47905717 4632119 2341649
10000 87
10569001 10569001 10569001 10569001 10569001 10569001 10569001 10569001 10569001 10569001 10569001 10569001 10569001 10569001 10569001 10569001 10569001 10569001 10569001 10569001 10569001 10569001 10569001 10569001 10569001 10569001 10569001 10569001 10803073 76429 215027 41892869 25895699 6489817 6543721 35667067 43012267 5277277 7350037 11675891 6569851 46594727 41822723 4799653 2311951 23198083 84540011 47732177 48579331 48596993 34905529 53211427 74385263 28826617 10569001 10569001 10569001 10569001 10569001 10569001 10569001 10569001 10569001 10569001 10569001 10569001 10569001 10569001 10569001 10569001 10569001 10569001 10569001 10569001 10569001 10569001 10569001 10569001 10569001 10569001 10569001 10569001 10569001 10569001 10569001 10569001 10569001
9316 48
16455737 34748011 16311067 98647 137701 37245127 37245127 9333733 9074939 25746283 7965823 10782587 14769929 10911541 37688383 30939751 4491547 9372749 9372749 4491547 21738797 16410367 24375713 51766153 133883 213371 41032171 25746283 587921 2323 21137 2700941 8238017 19220171 26077171 18828653 13570691 11756149 7724489 8916751 13570691 14327207 35841539 8482109 1438631 1068797 21137 98647
10000 100
12350167 12350167 12350167 12350167 12350167 12350167 12350167 12350167 12350167 12350167 12350167 12350167 12350167 12350167 12350167 12350167 12350167 12350167 11065913 17152409 35075041 85159447 69259829 24827771 1723343 4992121 51242393 29744513 13346171 3342377 11932273 64419463 4084933 5237801 69965243 2595371 472337 2039183 12090769 35172377 30483281 19791767 14690657 12350167 12350167 12350167 12350167 12350167 12350167 12350167 12350167 12350167 12350167 12350167 12350167 12350167 12350167 12350167 12350167 12350167 12350167 12350167 12350167 12350167 12350167 12350167 12350167 12350167 12350167 12350167 12350167 12350167 12350167 12350167 12350167 12350167 12350167 12350167 12350167 12350167 12350167 12350167 12350167 12350167 12350167 12350167 12350167 12350167 12350167 12350167 12350167 12350167 12350167 12350167 12350167 12350167 12350167 12350167 12350167 12350167
9763 25
3363719 28979479 50470471 8514269 1766833 6426691 52517863 43509787 2441261 85879 808079 1384543 1351187 19102469 1525003 2164999 2499737 4228579 1799201 603017 4429267 7456391 8229341 8900081 19901183
154 55
2407 2407 2407 2407 2407 2407 2407 2407 2407 2407 2407 2407 2407 2407 2407 2407 2407 2407 2407 2407 2407 2407 2407 2407 2407 2407 2407 2407 2407 2407 2929 8989 8633 291 21 469 5293 3239 2911 2627 1961 583 253 437 1121 295 305 1891 62 34 799 2021 3139 949 1079
10000 100
79027009 37639633 11555989 23507749 76568353 72880369 5267329 491749 3945947 39652559 75260573 54511997 53699857 46497911 40229207 50993303 3928439 1320997 5611561 18742771 64652191 57564047 59830699 20118977 1320997 5267329 18277717 5894173 23502361 29546557 27719149 67187501 21987569 21987569 71616893 7538171 8297551 8297551 7919627 80084201 83905813 90502507 85995199 44850367 45051287 52029169 4623397 7377829 85692049 82655753 13920311 7718609 21828959 39861769 72409369 68372833 18021607 20331041 7675907 1706377 13631747 5622061 3100213 29973407 71616893 77656973 19819237 20619971 20619971 10600091 4371733 4371733 3054767 491749 7205677 45412943 13476709 9420013 3100213 779689 7884307 83905813 41431373 9307399 3291049 15014729 85995199 80727089 24257003 7198489 1655411 1655411 25212151 5797949 5176013 48664589 55869431 87073871 52446841 33651601
9896 100
60187 60187 60187 60187 60187 60187 60187 60187 60187 60187 60187 60187 60187 60187 60187 60187 60187 60187 60187 60187 60187 60187 60187 60187 60187 60187 60187 60187 60187 60187 60187 60187 60187 60187 60187 60187 60187 60187 60187 60187 60187 60187 60187 60187 60187 60187 60187 60187 60187 60187 60187 60187 60187 60187 60187 60187 2523091 46074089 61208087 50246831 28618819 34738511 27804991 15517013 20811001 46795171 85651081 41227217 6200977 1854169 5027459 31418969 37999789 13635143 8325319 3034267 1638667 905987 3081899 16109273 467179 60187 60187 60187 60187 60187 60187 60187 60187 60187 60187 60187 60187 60187 60187 60187 60187 60187 60187 60187
202 35
77 913 1577 437 1541 2077 3007 5723 4307 803 583 106 142 4331 2867 2021 1591 407 143 26 82 451 803 6497 2581 2117 1241 187 33 219 5767 869 1111 505 55
10000 100
4932413 51936517 1822817 2566243 50324723 84383 17693 450491 384953 8863223 58079641 52043809 38030701 6476747 10968253 88943761 51936517 7495027 12835591 54822403 32686499 40210073 17026531 5669161 3240541 9294269 88777 6799 322691 499153 884237 6145939 31618129 42852883 8863223 6825647 18904049 21996209 38399467 1276421 1729967 44727649 3069487 3739973 41111099 3006727 2940829 31314487 54670873 57066221 33790969 45068189 45068189 6702389 1329409 8939209 18459893 97621 9307 264001 8863223 43813129 7824389 839737 4702157 44727649 76297 74737 39259921 37607303 6349571 6421057 42441349 54497771 7816043 571639 1684583 23033371 23033371 132061 33169 5785159 3739973 5134291 402497 230543 4549007 654481 5251219 50324723 10551833 17693 169 84383 35745937 6404641 1352569 11417171 55200991 55200991
10000 82
40615129 40615129 40615129 40615129 40615129 40615129 40615129 40615129 40615129 40615129 40615129 40615129 40615129 40615129 40615129 40615129 40615129 40615129 40615129 40615129 40615129 40615129 40615129 40615129 40615129 40615129 40615129 40615129 40615129 40615129 40615129 40615129 40615129 40615129 40615129 40615129 40615129 40615129 40615129 40615129 40615129 40615129 40615129 40615129 40615129 40615129 40615129 40615129 40615129 40615129 40615129 40615129 40615129 40615129 40615129 40615129 40615129 28022081 16018271 5198561 6753991 39582079 53247221 23806213 32331133 85873357 6385633 5292533 3564023 2190547 13654241 13276381 43321633 63824329 54258289 8407901 9074963 2513191 1025989 13238887 27621479 9835807
9779 77
1497953 1497953 1497953 1497953 1497953 1497953 1497953 1497953 1497953 1497953 1497953 1497953 1497953 1497953 1497953 1497953 1497953 1497953 1497953 1497953 1497953 1497953 1497953 1497953 1497953 1497953 1497953 1497953 1497953 1497953 1480217 12640933 55429513 4470547 467771 3687947 28921691 25462331 25822697 65569039 49187993 29701411 525449 945653 84299603 26468467 24111497 54343423 24346571 24290107 5293027 3962657 38796937 60314819 16238297 1497953 1497953 1497953 1497953 1497953 1497953 1497953 1497953 1497953 1497953 1497953 1497953 1497953 1497953 1497953 1497953 1497953 1497953 1497953 1497953 1497953 1497953
9910 100
1689899 422633 6732083 17003299 46203847 7790449 3632927 2091169 2394607 38562439 75282547 33009307 30832031 1236127 899747 63105277 20580139 15277307 46121401 58357561 888229 54611 1549939 19460957 23037871 26101331 64144081 64144081 64144081 64144081 64144081 64144081 64144081 64144081 64144081 64144081 64144081 64144081 64144081 64144081 64144081 64144081 64144081 64144081 64144081 64144081 64144081 64144081 64144081 64144081 64144081 64144081 64144081 64144081 64144081 64144081 64144081 64144081 64144081 64144081 64144081 64144081 64144081 64144081 64144081 64144081 64144081 64144081 64144081 64144081 64144081 64144081 64144081 64144081 64144081 64144081 64144081 64144081 64144081 64144081 64144081 64144081 64144081 64144081 64144081 64144081 64144081 64144081 64144081 64144081 64144081 64144081 64144081 64144081 64144081 64144081 64144081 64144081 64144081 64144081
10000 82
66995993 48513763 1049981 1259579 42011483 53361043 10544927 1158403 1037999 5132269 39805091 81177181 48651479 41684941 64939249 2608717 3126349 9193507 5106623 11527261 6243467 4641433 11991893 19765351 84971 248341 248341 248341 248341 248341 248341 248341 248341 248341 248341 248341 248341 248341 248341 248341 248341 248341 248341 248341 248341 248341 248341 248341 248341 248341 248341 248341 248341 248341 248341 248341 248341 248341 248341 248341 248341 248341 248341 248341 248341 248341 248341 248341 248341 248341 248341 248341 248341 248341 248341 248341 248341 248341 248341 248341 248341 248341
10000 100
5458903 6561689 9716909 959551 4752749 34603637 5364677 6368399 33816847 7615063 9890261 5081639 4998551 71357131 18426169 9397637 4490869 9260747 19379131 11410937 17940217 12369289 2852287 5658347 15607549 404897 760381 79819 173413 75179099 48277057 1717273 487259 6986263 10002581 13912183 48128791 9250151 6561689 34140649 13912183 2673863 9728549 4998551 1309213 11574169 11574169 19656347 75047569 42110843 28490321 51617827 20969467 13955041 1717273 2044261 5658347 5499391 7615063 21337 66823 3759673 8805353 34603637 38342527 79067201 43202381 24241807 11574041 3959603 14646041 77563249 9414683 866959 4136911 25612121 908801 231137 11062651 36393263 760381 902647 43920509 61446439 15830813 43111 43111 18689753 41357977 25039727 25039727 11392649 5075753 1814207 6680207 34603637 760381 879841 42810827 42810827
9981 34
2132873 34170271 47980913 42293233 34488473 14950561 1668967 5862823 14950561 1668967 4714043 44407567 19761253 915329 1137013 3069613 5145247 48207671 26795929 22870621 26422007 18829277 36393131 21838559 42367 128999 91380907 49719391 42203983 6323953 5120161 4753079 4054649 8417041
9957 100
11558111 15462169 83411689 40157801 14162737 15811889 46129873 85822801 5141879 546673 8551597 53907647 21527557 17264953 15811889 3127591 5178343 22499927 3362543 7489409 685981 53509 584201 1084717 99353 724379 52919359 47394371 204401 204401 37494253 20711071 48712007 88185701 47394371 8868779 14646041 11986327 9291547 157021 38939 5453153 5453153 15641627 38979341 20711071 44833897 5087081 40661 724379 48712007 44833897 80434331 82759379 57519037 54397327 39076139 43631431 24480041 1966199 1084717 7258213 23449201 4269487 4096649 25824499 55903093 666709 70883 624353 1069309 936269 3446123 41788067 157021 74083 2071103 6042271 41318609 18550943 5742059 997613 711743 70883 358357 45354251 38979341 39645943 39645943 37494253 28625027 2567137 3912473 6681149 6681149 17264953 33049249 6888001 6694489 15188179
9177 100
908209 908209 908209 908209 908209 908209 908209 908209 908209 908209 908209 908209 908209 908209 908209 908209 908209 908209 908209 908209 908209 908209 908209 908209 908209 908209 908209 908209 908209 908209 908209 908209 908209 908209 908209 908209 908209 908209 908209 908209 908209 908209 908209 908209 908209 908209 908209 908209 908209 908209 908209 908209 908209 908209 908209 908209 908209 908209 908209 908209 908209 908209 908209 908209 908209 908209 908209 908209 908209 908209 908209 908209 908209 908209 908209 2859953 8081693 22699297 59003 22547 8828761 11756149 561859 314269 15288827 17544869 9946589 31154899 42330307 21712507 20934059 17497901 2554627 4821107 7625861 2598061 18072331 64328983 31077253 84479
428 100
2419 2419 2747 1943 203 133 1577 913 781 2627 1591 86 6 237 1817 115 305 793 221 1241 7373 3131 2759 8633 4559 2491 3127 2419 2419 2419 2419 2419 2419 2419 2419 2419 2419 2419 2419 2419 2419 2419 2419 2419 2419 2419 2419 2419 2419 2419 2419 2419 2419 2419 2419 2419 2419 2419 2419 2419 2419 2419 2419 2419 2419 2419 2419 2419 2419 2419 2419 2419 2419 2419 2419 2419 2419 2419 2419 2419 2419 2419 2419 2419 2419 2419 2419 2419 2419 2419 2419 2419 2419 2419 2419 2419 2419 2419 2419 2419
10000 25
12411793 32021527 19893143 35777341 64137319 5499119 5715977 71527759 24933193 2515861 729221 4714027 106709 3043 567251 17362951 15291889 9860603 20537329 43766077 1814489 1197529 8651029 6342463 25501
9974 100
29461 750389 3241871 97331 8749 4503043 37931279 44790769 77327087 107657 63569 56339471 84592073 62795449 12599617 1387577 5661091 54884881 65378147 9738611 10809041 51171559 22226471 14982167 36630829 169541 289 289 289 289 289 289 289 289 289 289 289 289 289 289 289 289 289 289 289 289 289 289 289 289 289 289 289 289 289 289 289 289 289 289 289 289 289 289 289 289 289 289 289 289 289 289 289 289 289 289 289 289 289 289 289 289 289 289 289 289 289 289 289 289 289 289 289 289 289 289 289 289 289 289
9981 96
94376041 68107733 66256639 4789063 2845471 2245829 2710319 10902719 6772877 27451993 58250527 67699477 8674019 1174907 2744167 26857289 10940381 2315767 18253817 10056461 5304443 23256539 7378253 12824761 20358311 22149971 22149971 22149971 22149971 22149971 22149971 22149971 22149971 22149971 22149971 22149971 22149971 22149971 22149971 22149971 22149971 22149971 22149971 22149971 22149971 22149971 22149971 22149971 22149971 22149971 22149971 22149971 22149971 22149971 22149971 22149971 22149971 22149971 22149971 22149971 22149971 22149971 22149971 22149971 22149971 22149971 22149971 22149971 22149971 22149971 22149971 22149971 22149971 22149971 22149971 22149971 22149971 22149971 22149971 22149971 22149971 22149971 22149971 22149971 22149971 22149971 22149971 22149971 22149971 22149971 22149971 22149971 22149971 22149971 22149971 22149971
10000 81
49416691 4081939 913057 10130447 3241463 200479 2356819 53553677 12111809 737369 1091977 3173843 15545389 41510921 22728961 21819607 40216093 84676367 44476001 317111 60769 1571831 12957641 66492961 48724747 41854081 41854081 41854081 41854081 41854081 41854081 41854081 41854081 41854081 41854081 41854081 41854081 41854081 41854081 41854081 41854081 41854081 41854081 41854081 41854081 41854081 41854081 41854081 41854081 41854081 41854081 41854081 41854081 41854081 41854081 41854081 41854081 41854081 41854081 41854081 41854081 41854081 41854081 41854081 41854081 41854081 41854081 41854081 41854081 41854081 41854081 41854081 41854081 41854081 41854081 41854081 41854081 41854081 41854081 41854081 41854081
9864 66
4498301 14807461 51488947 87428657 91138153 26071117 19617629 21298933 2800867 4758329 44372791 10228937 1644779 618757 3341461 63981647 10803173 10295003 15802 8402 20597503 3387973 1384073 1504253 924481 2084083 2084083 2084083 2084083 2084083 2084083 2084083 2084083 2084083 2084083 2084083 2084083 2084083 2084083 2084083 2084083 2084083 2084083 2084083 2084083 2084083 2084083 2084083 2084083 2084083 2084083 2084083 2084083 2084083 2084083 2084083 2084083 2084083 2084083 2084083 2084083 2084083 2084083 2084083 2084083 2084083
485 100
247 169 143 33 57 1159 5063 6059 6497 5963 201 123 2911 3763 4187 7979 6767 5293 3713 3431 6059 3569 1333 62 4 118 3599 3599 1357 1403 3599 413 49 161 391 799 1927 2173 901 493 667 299 481 74 4 134 4489 4087 1159 893 1081 46 178 4183 517 77 511 3431 2491 2491 4559 194 22 319 667 253 55 35 707 1717 1139 134 106 1007 1273 1943 899 961 2201 5183 1241 901 3763 6319 6319 5183 7081 2813 2581 623 259 1739 141 249 5893 3053 473 649 413 469
9742 100
398161 398161 398161 398161 398161 398161 398161 398161 398161 398161 398161 398161 398161 398161 398161 398161 398161 398161 398161 398161 398161 398161 398161 398161 398161 398161 398161 398161 398161 398161 398161 398161 398161 398161 398161 398161 398161 398161 398161 398161 398161 398161 398161 398161 398161 398161 398161 398161 398161 398161 398161 398161 398161 398161 398161 398161 398161 398161 398161 398161 398161 398161 398161 398161 398161 398161 398161 398161 398161 398161 398161 398161 398161 398161 398161 4343173 50720827 19726813 4660657 9525011 14766229 11387081 8661607 1455577 5131033 528301 487567 30462919 24706937 6668327 52933 36077 7154153 72812053 44001467 4550099 7946117 37408843 30832469 14834
9984 76
19864849 19864849 19864849 19864849 19864849 19864849 19864849 19864849 19864849 19864849 19864849 19864849 19864849 19864849 19864849 19864849 19864849 19864849 19864849 19864849 19864849 19864849 19864849 19864849 19864849 19864849 19864849 19864849 19864849 19864849 19864849 19864849 19864849 19864849 19864849 19864849 19864849 19864849 19864849 19864849 19864849 19864849 19864849 19864849 19864849 19864849 19864849 19864849 19864849 19864849 19864849 1074137 1191263 47606033 50437547 193769 257483 28385761 24796241 7762883 1663931 7285073 37409381 2321777 3339181 75800371 8136941 525797 629633 11666147 4064761 3307063 38265251 5051831 5065 37385
10000 25
51392981 42897007 29634359 21518579 21379537 3955711 1827223 1519537 3165749 35261833 50124103 79314539 66017719 35839711 36938659 44385361 20512937 6537647 20487653 29326243 22504813 51068321 53159033 36182413 19051297
9874 100
1919023 789853 17435377 58665577 62478323 61586821 40943711 1561319 226273 1280077 105841 257633 31931909 21684269 2914783 7539937 7317923 1312067 1177339 3524327 15229309 18745043 377947 592213 79913399 61307021 61307021 61307021 61307021 61307021 61307021 61307021 61307021 61307021 61307021 61307021 61307021 61307021 61307021 61307021 61307021 61307021 61307021 61307021 61307021 61307021 61307021 61307021 61307021 61307021 61307021 61307021 61307021 61307021 61307021 61307021 61307021 61307021 61307021 61307021 61307021 61307021 61307021 61307021 61307021 61307021 61307021 61307021 61307021 61307021 61307021 61307021 61307021 61307021 61307021 61307021 61307021 61307021 61307021 61307021 61307021 61307021 61307021 61307021 61307021 61307021 61307021 61307021 61307021 61307021 61307021 61307021 61307021 61307021 61307021 61307021 61307021 61307021 61307021 61307021
10000 78
33950041 33950041 33950041 33950041 33950041 33950041 33950041 33950041 33950041 33950041 33950041 33950041 33950041 33950041 33950041 33950041 33950041 33950041 33950041 33950041 33950041 33950041 33950041 33950041 33950041 33950041 33950041 33950041 33950041 33950041 33950041 2244889 3811231 25693607 22845167 49644953 10662943 3917029 22497877 70751543 72675481 31561289 26437247 44486371 19042481 12859261 1012441 594547 2267173 4040843 28022081 36052061 47897819 40294453 13986701 22356973 33950041 33950041 33950041 33950041 33950041 33950041 33950041 33950041 33950041 33950041 33950041 33950041 33950041 33950041 33950041 33950041 33950041 33950041 33950041 33950041 33950041 33950041
9751 25
37585799 41289943 55279823 38207497 10859741 11431181 11844067 16679387 20438503 15093839 39609469 71389067 85157537 70754851 40607587 47700473 65284039 14866 13766 39515303 53144437 10340069 6245147 3281917 3068249
10000 100
37623493 4302313 824969 11409719 72042193 9097423 4010233 3238897 300217 472999 5968933 20304397 45989921 84874631 8764667 192469 1864999 8359361 4179239 32936947 24349541 12802841 12341807 31223861 76990469 46766491 46766491 46766491 46766491 46766491 46766491 46766491 46766491 46766491 46766491 46766491 46766491 46766491 46766491 46766491 46766491 46766491 46766491 46766491 46766491 46766491 46766491 46766491 46766491 46766491 46766491 46766491 46766491 46766491 46766491 46766491 46766491 46766491 46766491 46766491 46766491 46766491 46766491 46766491 46766491 46766491 46766491 46766491 46766491 46766491 46766491 46766491 46766491 46766491 46766491 46766491 46766491 46766491 46766491 46766491 46766491 46766491 46766491 46766491 46766491 46766491 46766491 46766491 46766491 46766491 46766491 46766491 46766491 46766491 46766491 46766491 46766491 46766491 46766491 46766491
9964 92
41128921 41128921 41128921 41128921 41128921 41128921 41128921 41128921 41128921 41128921 41128921 41128921 41128921 41128921 41128921 41128921 41128921 41128921 41128921 41128921 41128921 41128921 41128921 41128921 41128921 41128921 41128921 41128921 41128921 41128921 41128921 41128921 41128921 41128921 41128921 41128921 41128921 41128921 41128921 41128921 41128921 41128921 41128921 41128921 41128921 41128921 41128921 41128921 41128921 41128921 41128921 41128921 41128921 41128921 41128921 41128921 41128921 41128921 41128921 41128921 41128921 41128921 41128921 41128921 41128921 41128921 41128921 53668123 4268839 4688791 16588427 18612277 3369127 2220943 46217257 49177027 30929603 31380883 17918423 11308931 20577971 486463 10873 83971 5645287 41207953 706529 93167 1609753 910541 1134599 15803111
10000 51
49 49 49 49 49 4963 4963709 25504643 5271421 2894 1954 9456383 33499019 28909733 69856139 35467483 14805331 2244713 5080343 2789053 34241 499259 1384543 1578761 29345 42685 83995543 45092137 16090913 1225339 2443 49 49 49 49 49 49 49 49 49 49 49 49 49 49 49 49 49 49 49 49
9649 100
5755201 5755201 5755201 5755201 5755201 5755201 5755201 5755201 5755201 5755201 5755201 5755201 5755201 5755201 5755201 5755201 5755201 5755201 5755201 5755201 5755201 5755201 5755201 5755201 5755201 5755201 5755201 5755201 5755201 5755201 5755201 5755201 5755201 5755201 5755201 5755201 5755201 5755201 5755201 5755201 5755201 5755201 5755201 5755201 5755201 5755201 5755201 5755201 5755201 5755201 5755201 5755201 5755201 5755201 5755201 5755201 5755201 5755201 3279433 2314331 9316579 35070619 11541503 67007 169571 15128483 15683051 3596507 1030277 3684227 25009973 56551919 7045271 9324251 332141 374207 69155279 43469249 48976769 30383183 9221369 20414489 8139007 2478167 5755201 5755201 5755201 5755201 5755201 5755201 5755201 5755201 5755201 5755201 5755201 5755201 5755201 5755201 5755201 5755201
9659 100
42608261 29451337 51980323 102401 14599 7123189 3723341 5363419 71643217 44638813 36110699 36871859 26513093 816419 1045897 1045897 105073 141467 776261 3965051 4137391 24525217 8982607 9652271 101933 75959 38557957 85787 102401 1898357 1590359 3873613 2619781 34994383 57780329 9071239 5493953 5011949 8194531 57215777 34994383 35155051 75201719 2300827 1898357 49963811 56065777 58328561 50924483 47004247 6840193 6393239 54351071 73674199 43932881 44843761 71972149 1635523 1019047 3341791 659201 3617183 28470419 65134591 70351843 74858027 49735463 1135397 1019047 1372013 296671 4137391 29707879 9926197 8805443 101933 58019 5011949 201017 1403539 61763557 25371817 18723673 7155803 8982607 69664459 91145209 70351843 46741567 41857457 38557957 3429841 2869843 15747469 24856457 56866573 38591453 31898567 34676063 1019047
10000 58
8462977 8462977 8462977 8462977 8462977 8462977 8462977 8462977 8462977 8462977 8462977 8462977 8462977 8462977 8462977 8462977 8462977 8462977 8462977 8462977 8462977 8462977 8462977 8462977 8462977 8462977 8462977 8462977 8462977 8462977 8462977 8462977 8462977 7834577 47481227 6579011 1408949 17374319 69028621 34502159 12644971 6641653 11406463 31210979 6237299 13247 26351 3297929 13521997 2302147 348743 4427903 34181723 93584251 69781363 67273901 65937149 38263861
10000 25
9467303 300263 1290763 16588357 21170977 40747 23513 21803269 24685273 19878281 15362153 12376129 34155421 2376523 17873 185257 17077051 15221461 2985821 10675937 53031241 432841 45583 4397317 52257197
10000 57
24624923 24624923 24624923 24624923 24624923 24624923 24624923 24624923 24624923 24624923 24624923 24624923 24624923 24624923 24624923 24624923 24624923 24624923 24624923 24624923 24624923 24624923 24624923 24624923 24624923 24624923 24624923 24624923 24624923 24624923 24624923 24624923 19264067 7138267 12618917 28131667 54857 86053 367681 68009 1865183 8091053 42062177 17804557 20132089 27057467 11887859 10849211 7485923 19434917 75835943 43820107 43996111 17998 13766 64349167 38134571
9893 25
34877477 5173169 3844081 29250889 71517883 4497277 4456483 570907 452987 2832859 250981 25757 150457 2788703 3513973 4307593 6752047 2743667 1993337 48799099 1759139 362 8314 4560229 1225349
10000 25
13978121 16293863 46587529 56310949 43249319 19920647 2819879 69637 222191 12852277 1694753 2283557 10330993 13608037 39614129 26578333 8158159 1765199 6307463 5257069 2673383 17692039 51902561 45543109 20756929
998 100
4489 4489 4489 4489 4489 4489 4489 4489 4489 134 38 133 371 1537 2813 5917 2501 1927 1081 1357 5251 8989 7979 3397 3569 249 213 1207 85 65 481 2701 2263 341 737 4489 4489 4489 4489 4489 4489 4489 4489 4489 4489 4489 4489 4489 4489 4489 4489 4489 4489 4489 4489 4489 4489 4489 4489 4489 4489 4489 4489 4489 4489 4489 4489 4489 4489 4489 4489 4489 4489 4489 4489 4489 4489 4489 4489 4489 4489 4489 4489 4489 4489 4489 4489 4489 4489 4489 4489 4489 4489 4489 4489 4489 4489 4489 4489 4489
10000 39
36613667 35564171 47610559 29763917 2089133 451403 451403 2089133 23699381 3389431 2897737 40710643 25021349 2690731 4707049 49586221 6229669 5120771 16494343 1904813 6552649 1337797 741511 741511 1537187 34846169 18602893 13637243 11690929 39849533 36274547 33043979 34178119 3244411 213013 1576961 48544211 6557263 5120771
9967 50
9135157 31523353 34356341 40675121 6170809 9956129 14039033 7349653 5212189 10472309 69028621 47641981 25858757 37466837 51799159 25781039 38750017 60843283 28240819 26620757 46995899 44031047 51982159 37486199 28673401 57610481 50112001 12591221 12925217 36698923 58838641 46391447 31456459 58876673 56310967 46995899 60652187 40675121 21294061 31523353 31523353 5212189 7471091 35750599 58357163 42083443 15424517 21847459 35327167 35950553
9822 88
50299421 50299421 50299421 50299421 50299421 50299421 50299421 50299421 50299421 50299421 50299421 50299421 50299421 50299421 50299421 50299421 50299421 50299421 50299421 50299421 50299421 50299421 50299421 50299421 50299421 50299421 67620821 9015641 1245793 4055867 1223861 1980973 60085007 20200151 20386537 4995733 564241 5469187 30358577 49701697 72135079 28800169 8529593 23727689 78702889 5876461 5945363 72601561 79601243 31650187 18602893 50299421 50299421 50299421 50299421 50299421 50299421 50299421 50299421 50299421 50299421 50299421 50299421 50299421 50299421 50299421 50299421 50299421 50299421 50299421 50299421 50299421 50299421 50299421 50299421 50299421 50299421 50299421 50299421 50299421 50299421 50299421 50299421 50299421 50299421 50299421 50299421 50299421
9909 100
48539089 48539089 48539089 48539089 48539089 48539089 48539089 48539089 48539089 48539089 48539089 48539089 48539089 48539089 48539089 48539089 48539089 48539089 48539089 48539089 48539089 48539089 48539089 48539089 48539089 48539089 48539089 48539089 48539089 48539089 48539089 48539089 48539089 48539089 48539089 48539089 48539089 48539089 48539089 48539089 48539089 48539089 48539089 48539089 48539089 48539089 48539089 48539089 48539089 48539089 48539089 48539089 48539089 48539089 48539089 48539089 48539089 48539089 48539089 48539089 48539089 48539089 48539089 48539089 48539089 48539089 48539089 48539089 48539089 48539089 48539089 48539089 48539089 48539089 48539089 58947787 60978427 5109763 2105021 2532557 4769123 7039069 11498447 9763177 1230419 9971113 30935573 296393 566807 51948203 13776277 1251401 518941 2731387 23745973 5399483 7412401 30232199 7120403 18996889
10000 25
23628247 60125389 55580977 6506641 1409377 9373519 46785311 50606191 71863313 76552789 37395433 19305907 12045287 12984341 11902679 9098227 18556081 48755951 32118347 15424517 40149547 7545199 4127663 25392637 45485131
9896 100
85625467 77085343 55562489 5150791 462523 169739 7801 264857 32723539 6531809 16649459 17416631 6832781 22468993 61399361 2633779 2195309 29240863 25177741 681619 26093 1686899 22468993 2626339 5795831 9733517 8650237 5150791 5982013 236669 283939 95452459 68506223 68801357 77417437 69447181 73452229 15245749 3476461 16749181 10688911 1481089 9622819 49584797 22130359 12644407 31992607 31992607 28330781 14414461 16011409 16749181 15078649 69447181 85994353 949727 96127 7835837 72214631 65547541 63035591 254707 86101 10637927 4410673 1219921 625321 5762923 27956113 24203327 28330781 25177741 49378729 61507331 76877599 78423407 258941 102341 4344199 331139 512983 6832781 4410673 3654839 10477601 28800169 79904351 68801357 21509647 3033451 982081 7835837 766979 287993 28944781 61135979 55078193 61718141 681619 96127
9892 100
15094067 9415183 3191983 10393333 30707191 6048331 8130407 46548169 75530093 8178923 9024343 32149769 20205173 25981223 458131 812569 14517341 1717403 6765557 46812739 66807751 23373457 14986553 54205219 43584571 20880611 17280649 17280649 17280649 17280649 17280649 17280649 17280649 17280649 17280649 17280649 17280649 17280649 17280649 17280649 17280649 17280649 17280649 17280649 17280649 17280649 17280649 17280649 17280649 17280649 17280649 17280649 17280649 17280649 17280649 17280649 17280649 17280649 17280649 17280649 17280649 17280649 17280649 17280649 17280649 17280649 17280649 17280649 17280649 17280649 17280649 17280649 17280649 17280649 17280649 17280649 17280649 17280649 17280649 17280649 17280649 17280649 17280649 17280649 17280649 17280649 17280649 17280649 17280649 17280649 17280649 17280649 17280649 17280649 17280649 17280649 17280649 17280649 17280649 17280649
10000 100
315869 10491973 1510441 1269557 6184571 54787037 338587 155807 12788807 12788807 12788807 18589477 46648141 20980613 20980613 7872493 9452983 56013271 54911491 37776881 197917 430097 430097 214367 12209797 7166329 6363229 10009547 4349963 9742223 25963543 25963543 76400531 74132251 31946141 9345407 22853549 52186681 49521413 22302053 129391 430097 430097 229219 11699923 11699923 3955247 2831201 21368411 36646427 27306707 36948661 6569911 6680207 19579349 8298107 4290439 7522709 52254977 6923507 4855457 45626927 20401417 6363229 19579349 50418677 226477 331927 24015367 6363229 111719 167837 32035441 31317761 129167 331927 32035441 132127 221519 18182519 24602737 380747 167273 28831459 48500687 51111019 10491973 2921333 7218949 3137221 2765341 13055729 17415767 2896081 3415121 12788807 10602167 29802667 52186681 14530601
9763 100
55130561 55456909 67599557 67201753 12361079 101443 551501 11002897 10275131 62756819 9358147 9728293 5942063 1094287 6820439 18831697 29377133 67599557 67599557 59898247 488671 384971 5862919 5862919 7680487 1731791 3467851 18221449 10639771 143723 354611 32065963 57638363 10495193 5805533 212951 76799 4946611 35522089 87507839 71789143 8329291 1366691 1656337 1936703 6820439 35626369 26097263 12256901 4967693 12865343 10153043 113423 167963 12361079 4586161 474473 1874053 8507567 8507567 22032917 82571453 68287441 9099509 122917 62317 3893887 7680487 1532203 10085849 6160459 4853159 22157921 32065963 82571453 11382619 4946611 239669 452437 59417587 61900997 57434791 67201753 87507839 71944007 12361079 12434251 26251747 32065963 7023277 714401 7442219 50557421 24795919 2424193 62317 484093 7970759 1026071 4942787
9824 93
34875223 34875223 34875223 34875223 34875223 34875223 34875223 34875223 34875223 54534709 58876673 32729681 30525427 30745783 6444509 2600641 38513 173413 26952031 19280137 47877157 12620093 7887343 18694057 1619363 3018391 57242987 35228191 4833407 6463481 4736549 6727459 5003381 3229931 34875223 34875223 34875223 34875223 34875223 34875223 34875223 34875223 34875223 34875223 34875223 34875223 34875223 34875223 34875223 34875223 34875223 34875223 34875223 34875223 34875223 34875223 34875223 34875223 34875223 34875223 34875223 34875223 34875223 34875223 34875223 34875223 34875223 34875223 34875223 34875223 34875223 34875223 34875223 34875223 34875223 34875223 34875223 34875223 34875223 34875223 34875223 34875223 34875223 34875223 34875223 34875223 34875223 34875223 34875223 34875223 34875223 34875223 34875223
9383 100
72001 112451 1066547 70890847 32438129 3942853 3942853 29643373 396821 3149 514091 6207457 1457009 15205843 33881759 1175809 2649013 58486229 1364959 740821 165017 52781 4084351 12769507 7966459 8252353 16210109 8027057 4086469 14678161 50969251 14190079 527693 527693 8027057 16210109 3313307 2329427 539527 29329 355423 22151291 1827893 44521 14137 75241 99947 751427 51612059 30069847 231193 396821 7691573 5893259 16541233 20146603 7177769 266923 2649013 7314169 6830387 29643373 22712659 54617767 66522397 35116703 11396549 23117837 31742951 3198521 736999 6830387 41531117 17890403 22232981 22232981 13227769 4084351 5005211 34198561 2248189 19631 152023 14678161 7264687 908507 2068613 10261241 9105497 106643 120179 9100363 750949 380011 250339 1204157 42613297 1037909 1289843 37368769
10000 76
34976791 38130263 29701411 46314901 43476709 30506269 24638539 25320287 6840193 10498927 45707261 40270693 21342067 14874931 41375387 42297883 57615973 34035539 24362609 56335459 1435043 1508791 25801169 1888637 1047049 8432393 8432393 8432393 8432393 8432393 8432393 8432393 8432393 8432393 8432393 8432393 8432393 8432393 8432393 8432393 8432393 8432393 8432393 8432393 8432393 8432393 8432393 8432393 8432393 8432393 8432393 8432393 8432393 8432393 8432393 8432393 8432393 8432393 8432393 8432393 8432393 8432393 8432393 8432393 8432393 8432393 8432393 8432393 8432393 8432393 8432393 8432393 8432393 8432393 8432393 8432393
220 100
9409 9409 9409 9409 9409 9409 9409 9409 9409 9409 9409 9409 9409 9409 9409 9409 9409 9409 9409 9409 9409 9409 9409 9409 9409 9409 9409 9409 9409 9409 9409 9409 9409 9409 9409 9409 9409 9409 9409 9409 9409 9409 9409 9409 9409 9409 9409 9409 9409 9409 9409 9409 9409 9409 9409 9409 9409 9409 9409 9409 9409 9409 9409 9409 9409 9409 9409 9409 9409 1649 119 203 1247 1763 205 365 1387 247 871 5293 1817 2323 6161 5063 3901 4183 4717 3763 2627 407 649 118 6 93 3007 9409 9409 9409 9409 9409
9999 100
7371071 15573721 27026201 716641 418801 1543253 147143 2790247 24489901 5727593 8433317 66893947 28389 22821 57044893 52493 53711 54501319 46105573 3187081 1370381 12456233 40760579 173527 132221 9067577 1697809 1697809 1697809 1697809 1697809 1697809 1697809 1697809 1697809 1697809 1697809 1697809 1697809 1697809 1697809 1697809 1697809 1697809 1697809 1697809 1697809 1697809 1697809 1697809 1697809 1697809 1697809 1697809 1697809 1697809 1697809 1697809 1697809 1697809 1697809 1697809 1697809 1697809 1697809 1697809 1697809 1697809 1697809 1697809 1697809 1697809 1697809 1697809 1697809 1697809 1697809 1697809 1697809 1697809 1697809 1697809 1697809 1697809 1697809 1697809 1697809 1697809 1697809 1697809 1697809 1697809 1697809 1697809 1697809 1697809 1697809 1697809 1697809 1697809
10000 100
32805973 7506493 2343961 8422031 21393389 26021299 64427639 9407533 3653003 28038761 7326523 5323673 7884703 9178321 23716477 6479687 10073929 21734807 6479687 11574707 48736663 28378033 22606757 38825027 50085821 8721337 10179739 50881189 4702717 940867 7781633 48824227 70262813 14741999 212809 881677 42364897 62441971 93237577 99460729 11598599 11598599 87293669 15168949 9533233 8422031 15268663 38784997 25974631 42364897 40233649 36871859 36871859 63258739 93716281 51204253 6337187 11198527 11198527 1780553 1241641 5144173 46284871 11171707 10243921 37409381 52270259 7563341 112451 540571 3146201 6066691 65638747 7081177 112451 519721 32727467 50881189 2028737 405887 405887 3279553 13597459 8411411 31675037 47695097 58566323 36807191 48150253 65638747 50175809 11595503 9443117 29974949 40140797 68219653 87852553 7620967 656099 5903273
9979 53
5166529 5166529 5166529 5166529 5166529 5166529 5166529 5166529 5166529 5166529 5166529 5166529 5166529 5166529 5166529 5166529 5166529 5166529 5166529 5166529 5166529 5166529 5166529 5166529 5166529 5166529 5166529 5166529 20154691 70058167 23884723 7367051 19269359 3882337 4645351 2147647 347537 26027 5729 3242951 50395651 42739157 16346483 863293 620209 10172291 1392593 584893 5026517 1400111 1770607 20016209 88469587
10000 100
2140613 339923 10729981 34683461 8397941 13446689 7291873 230731 767731 29289581 17693939 19507639 24476779 28891637 17774 1714 2222201 1319837 2564851 6132463 5650531 6625561 11560127 8886797 10828487 67942093 67942093 67942093 67942093 67942093 67942093 67942093 67942093 67942093 67942093 67942093 67942093 67942093 67942093 67942093 67942093 67942093 67942093 67942093 67942093 67942093 67942093 67942093 67942093 67942093 67942093 67942093 67942093 67942093 67942093 67942093 67942093 67942093 67942093 67942093 67942093 67942093 67942093 67942093 67942093 67942093 67942093 67942093 67942093 67942093 67942093 67942093 67942093 67942093 67942093 67942093 67942093 67942093 67942093 67942093 67942093 67942093 67942093 67942093 67942093 67942093 67942093 67942093 67942093 67942093 67942093 67942093 67942093 67942093 67942093 67942093 67942093 67942093 67942093 67942093
9998 100
79248971 1680223 1594067 77351881 77562673 75390247 36359083 39536297 86786767 31253707 11937853 27400283 27906701 32031059 29441801 14237837 39536297 71228459 360631 439403 87403801 79812413 65504401 13021081 334309 1511581 1388813 35657 209017 209017 1511581 2125421 2125421 65381633 50009749 34445161 58531537 1964681 1828751 436301 362699 2399987 1324549 15208889 646351 1542301 74839943 12709001 12709001 77351881 1734979 839023 1179743 2762521 3101603 1131107 18719639 1600717 3101603 76961641 32866703 7227523 8585123 18399583 13227769 12987727 30485627 75185359 413929 400487 84979933 14430931 261907 1589723 31364093 30428491 73476583 14633231 15753251 54481927 45291073 11166499 12743729 67963619 2137609 2432891 45206101 26491609 26491609 44382581 405281 413929 32031059 13227769 13227769 1131107 329971 192041 56291 61267
9979 100
154963 1033649 26124299 53497253 55078193 30847049 3782711 1301917 10616803 30847049 2061061 122767 225317 7496981 6268607 3206641 204467 247517 26906909 27147587 59381159 13911823 14040253 95920411 58854713 1454917 9881 58507 5275619 19361189 26116919 47191981 387983 379537 56384387 1467931 185329 7277047 51563887 53612711 43852423 19116073 26124299 36771367 32895613 9225157 8310937 26749141 47858567 32470751 2842993 4822399 26896319 21389243 26116919 19361189 13667809 15568067 22945739 26803631 3782711 3238259 17732521 22053007 22053007 21000257 21389243 2757827 2865851 18768427 18768427 2749969 3869207 4822399 591361 4822399 61700369 36374783 20144953 223409 223409 33189859 29900719 1438337 122767 1549043 2377171 3916513 53497253 39145831 182737 387983 49557731 51055513 51055513 26116919 30375817 56384387 45535183 43203577
10000 60
72247523 45286639 16799267 26319571 30844181 28878709 10255019 11484133 9872953 6718373 21824053 31992607 205367 98279 3644869 1217231 215477 1130537 43941203 416699 62693 4316987 38520431 63906569 14121251 15134513 75568249 75568249 75568249 75568249 75568249 75568249 75568249 75568249 75568249 75568249 75568249 75568249 75568249 75568249 75568249 75568249 75568249 75568249 75568249 75568249 75568249 75568249 75568249 75568249 75568249 75568249 75568249 75568249 75568249 75568249 75568249 75568249 75568249 75568249
9995 79
12752041 12752041 12752041 12752041 12752041 12752041 12752041 12752041 12752041 12752041 12752041 12752041 12752041 12752041 12752041 12752041 12752041 12752041 12752041 12752041 12752041 12752041 12752041 12752041 12752041 12752041 12752041 12752041 12752041 12752041 12752041 12752041 12752041 12752041 12752041 12752041 12752041 12752041 12752041 12752041 12752041 12752041 12752041 12752041 12752041 12752041 12752041 12752041 12752041 12752041 12752041 12752041 12752041 12752041 24214951 318707 267383 31192787 40996391 6377881 8010523 1680989 75001 1005181 8091827 11916809 5642201 10177681 2109463 2259737 22727083 16621697 49795189 11498869 4048183 993613 1776391 41798543 9635573
9811 100
25654957 6376729 6686087 49884073 28642777 10533491 22557179 23334769 11589811 31117993 76425649 84393301 34362157 5417473 5186023 24222727 22997537 28715809 30227641 12136067 31154899 74821771 10559909 10494191 28464523 11926513 2735041 5351233 558451 252089 10533491 11094661 13407029 4639207 1654949 13926901 7408759 2542763 24208313 64855793 64855793 33721553 6658217 12612049 31117993 31469093 28600933 3883447 4090337 1972907 5061701 30275353 31469093 49144129 18099383 5093443 5186023 11800471 277369 285427 31154899 681217 433157 18099383 28642777 6568489 444359 4149503 61337713 40599683 21893041 45793373 70534909 50946283 40639681 56265463 11910779 10786271 50953387 6996533 1415371 1352569 10423969 51528287 6686087 10423969 30106717 5182937 905741 3479149 35129329 3479149 835301 6658217 15716761 11793449 25303777 11120401 9145361 468233
10000 100
59519489 54960239 7476907 1770607 20260283 89548369 14752817 1180163 6844037 6844037 250567 2258413 66803993 66843157 34401253 20554081 21019087 46588273 49915361 54199657 66981391 39170843 32959081 7365703 6465037 20554081 24796241 4601803 250567 109561 1705643 21019087 24796241 57525577 10570171 9026477 73060321 7476907 1061041 971231 2084021 5894173 19164091 54413129 41477017 2258413 516029 45211 259579 36511129 1350149 3203749 49875887 5755901 10098797 36878239 22520159 44615201 9026477 10965589 21018197 12291481 39170843 8753909 12595211 40043543 3087803 5168039 5645929 8004533 15089561 6359161 39937489 89421203 46021187 46021187 62314459 61072673 24642103 79837 264857 73803773 10367923 37207 32393 10201561 3023023 1827451 15199313 16735487 36954241 4601803 6913681 62350991 66843157 94767089 55334843 55334843 91592377 92652233
500 100
4 4 4 4 4 4 4 4 4 4 4 4 4 4 4 4 4 4 4 4 4 4 4 4 4 4 4 4 4 4 4 4 4 4 4 4 4 4 4 4 4 4 4 4 4 4 4 4 4 4 4 4 4 4 4 4 106 901 1003 2183 3737 9797 485 415 6059 1679 1541 871 923 5609 2291 1247 129 141 1927 287 427 1891 341 979 1691 38 4 4 4 4 4 4 4 4 4 4 4 4 4 4 4 4 4 4
9959 100
10169851 10169851 10169851 10169851 10169851 10169851 10169851 10169851 10169851 10169851 10169851 10169851 10169851 10169851 10169851 10169851 10169851 10169851 10169851 10169851 10169851 10169851 10169851 10169851 10169851 10169851 10169851 10169851 10169851 10169851 10169851 10169851 10169851 10169851 10169851 10169851 10169851 10169851 10169851 10169851 10169851 10169851 10169851 10169851 10169851 10169851 10169851 10169851 10169851 10169851 4532161 26017763 1467569 85013 3817703 30222917 5807471 978553 6411287 69670457 44909983 45328211 33005659 22603487 1190251 196019 902059 6040591 61730983 128999 64597 44924729 89243711 424453 258301 10169851 10169851 10169851 10169851 10169851 10169851 10169851 10169851 10169851 10169851 10169851 10169851 10169851 10169851 10169851 10169851 10169851 10169851 10169851 10169851 10169851 10169851 10169851 10169851 10169851
10000 100
54302161 54302161 54302161 54302161 54302161 54302161 54302161 54302161 54302161 54302161 54302161 54302161 54302161 54302161 54302161 54302161 54302161 54302161 42939163 52437173 40324519 29256449 49666103 15617171 15682867 20678773 18951707 22340191 4113199 11424407 10786271 9727481 17113013 16427893 38127137 33297269 46230199 61877131 64908653 57020323 20146603 11887493 4969781 7877461 54302161 54302161 54302161 54302161 54302161 54302161 54302161 54302161 54302161 54302161 54302161 54302161 54302161 54302161 54302161 54302161 54302161 54302161 54302161 54302161 54302161 54302161 54302161 54302161 54302161 54302161 54302161 54302161 54302161 54302161 54302161 54302161 54302161 54302161 54302161 54302161 54302161 54302161 54302161 54302161 54302161 54302161 54302161 54302161 54302161 54302161 54302161 54302161 54302161 54302161 54302161 54302161 54302161 54302161 54302161 54302161
9914 25
12833923 17871769 77299949 44962997 14114239 24153023 7924537 5750183 381677 344101 19907089 28270819 46055239 13205453 17808641 131801 159749 65562869 56520677 9664493 4410521 32470751 1150573 1086383 9644759
10000 100
48427681 48427681 48427681 48427681 48427681 48427681 48427681 48427681 48427681 48427681 48427681 48427681 48427681 48427681 48427681 48427681 48427681 48427681 48427681 48427681 48427681 48427681 48427681 48427681 48427681 48427681 48427681 48427681 48427681 48427681 48427681 48427681 48427681 48427681 48427681 48427681 48427681 48427681 48427681 48427681 48427681 48427681 48427681 48427681 48427681 48427681 48427681 48427681 48427681 48427681 48427681 48427681 48427681 48427681 48427681 48427681 48427681 48427681 48427681 48427681 48427681 48427681 48427681 48427681 48427681 48427681 48427681 48427681 48427681 48427681 48427681 48427681 48427681 48427681 48427681 19506077 19814407 23744771 5236681 419371 1270487 44542613 30735629 29210417 77287949 61887271 45050029 40304617 54366607 49472681 12334573 1682467 4605863 48815213 81353057 31310381 29164721 14595817 704491 3411607
9195 25
20704711 18397331 7700411 9508441 67168711 68406259 77287949 70601551 4718323 4061819 47934889 29385833 14387377 16588573 37898251 16312141 2551931 3311449 15470383 24335369 5301649 11118229 67760263 38526133 23312503
10000 62
35129329 35129329 35129329 35129329 35129329 35129329 35129329 35129329 44802193 44348653 11716399 7766333 28183583 39880241 37315843 5689259 5294929 4625963 6605063 88947581 17876381 4159867 9691043 15369817 26051093 49420561 7387859 2637223 19985167 47641981 6604363 1582307 7677641 32296223 35129329 35129329 35129329 35129329 35129329 35129329 35129329 35129329 35129329 35129329 35129329 35129329 35129329 35129329 35129329 35129329 35129329 35129329 35129329 35129329 35129329 35129329 35129329 35129329 35129329 35129329 35129329 35129329
1000 63
413 35 485 6499 737 869 237 219 7373 4747 2867 2623 3053 142 82 1189 2581 2047 1909 4399 1643 403 221 323 703 2183 3481 3481 3481 3481 3481 3481 3481 3481 3481 3481 3481 3481 3481 3481 3481 3481 3481 3481 3481 3481 3481 3481 3481 3481 3481 3481 3481 3481 3481 3481 3481 3481 3481 3481 3481 3481 3481
9881 97
699607 7071931 6342001 31830949 41566781 10058549 4647659 36948661 23954657 13965911 16686359 9726349 18084457 58221047 75521623 48987229 13067477 5221081 163087 445241 34170679 321491 346271 42826093 4210369 47891 6889 6889 6889 6889 6889 6889 6889 6889 6889 6889 6889 6889 6889 6889 6889 6889 6889 6889 6889 6889 6889 6889 6889 6889 6889 6889 6889 6889 6889 6889 6889 6889 6889 6889 6889 6889 6889 6889 6889 6889 6889 6889 6889 6889 6889 6889 6889 6889 6889 6889 6889 6889 6889 6889 6889 6889 6889 6889 6889 6889 6889 6889 6889 6889 6889 6889 6889 6889 6889 6889 6889
9949 100
74003 14674967 40511777 10029361 445421 1514347 265549 2479 102577 9003811 19166179 140137 27563 981371 6878783 166241 63677 363131 14137 571309 366661 65833 981371 135251 14137 657739 56320129 25776341 20187049 20187049 2349839 5134291 70456609 55643281 16366583 12414791 12414791 18000497 28659247 1838467 4664269 14674967 2634851 8783347 18696883 1658831 3946277 16366583 90773 308611 4600457 3760747 1237937 193909 589079 2154401 19718987 8982377 8982377 27874117 2484773 5083037 89968783 54310819 28801103 35231893 308611 398051 30168563 5608739 15931297 342509 363229 5369899 3138139 25776341 15100973 225187 2479 63677 3633031 20723687 4996853 3653093 6595663 502693 2598797 318317 225187 26057833 45486851 50027909 72709729 28659247 24121897 69753263 31674221 120583 286861 519451
9979 100
4157521 4157521 4157521 4157521 4157521 4157521 4157521 4157521 4157521 4157521 4157521 4157521 4157521 4157521 4157521 4157521 4157521 4157521 4157521 4157521 4157521 4157521 4157521 4157521 4157521 4157521 4157521 4157521 4157521 4157521 4157521 4157521 4157521 4157521 4157521 4157521 4157521 4157521 4157521 4157521 4157521 4157521 4157521 4157521 4157521 4157521 4157521 4157521 4157521 4157521 4157521 4157521 4157521 4157521 4157521 4157521 4157521 4157521 4157521 4157521 4157521 4157521 4157521 4157521 4157521 4157521 4157521 4157521 4157521 4157521 4157521 4157521 4157521 4157521 4157521 17957473 361087 30299 4168699 37800341 59230139 48428881 35958677 61357487 39050773 40178563 57781333 26568961 33168077 50850719 67043747 88617181 11033453 673357 2963099 29701411 37596931 59607901 79549643 35588239
10000 100
9138529 9138529 9138529 9138529 9138529 9138529 9138529 9138529 9138529 24489323 4755287 2793533 14072363 3232001 7680511 7849159 168667 939371 23658463 29819323 69526147 73516297 37815251 59293 99073 50900659 11107177 1065983 5902969 64251193 51860041 58965989 29137909 3331411 2741861 9138529 9138529 9138529 9138529 9138529 9138529 9138529 9138529 9138529 9138529 9138529 9138529 9138529 9138529 9138529 9138529 9138529 9138529 9138529 9138529 9138529 9138529 9138529 9138529 9138529 9138529 9138529 9138529 9138529 9138529 9138529 9138529 9138529 9138529 9138529 9138529 9138529 9138529 9138529 9138529 9138529 9138529 9138529 9138529 9138529 9138529 9138529 9138529 9138529 9138529 9138529 9138529 9138529 9138529 9138529 9138529 9138529 9138529 9138529 9138529 9138529 9138529 9138529 9138529 9138529
10000 97
9056821 9056821 9056821 9056821 9056821 9056821 9056821 9056821 9056821 9056821 9056821 9056821 9056821 9056821 9056821 9056821 9056821 9056821 9056821 9056821 9056821 9056821 9056821 9056821 9056821 9056821 9056821 9056821 9056821 9056821 9056821 941077 9671111 38082983 4455713 9517957 21021307 13792997 877787 12403 529379 3866477 5677103 54793391 128087 63043 14765767 27058901 35919473 19186133 13895257 17955593 29604713 6925129 4617023 55501057 9056821 9056821 9056821 9056821 9056821 9056821 9056821 9056821 9056821 9056821 9056821 9056821 9056821 9056821 9056821 9056821 9056821 9056821 9056821 9056821 9056821 9056821 9056821 9056821 9056821 9056821 9056821 9056821 9056821 9056821 9056821 9056821 9056821 9056821 9056821 9056821 9056821 9056821 9056821 9056821 9056821
9570 100
23663603 23663603 23663603 23663603 23663603 23663603 23663603 23663603 23663603 23663603 23663603 23663603 23663603 23663603 23663603 23663603 23663603 23663603 23663603 23663603 23663603 23663603 23663603 23663603 23663603 23663603 23663603 23663603 23663603 23663603 23663603 23663603 23663603 23663603 23663603 23663603 23663603 23663603 23663603 23663603 23663603 23663603 23663603 23663603 23663603 23663603 23663603 23663603 23663603 23663603 23663603 23663603 23663603 23663603 23663603 23663603 23663603 23663603 23663603 23663603 23663603 23663603 23663603 23663603 23663603 23663603 23663603 23663603 23663603 23663603 23663603 23663603 23663603 23663603 23663603 21937997 47762347 2950243 3790181 54519181 25044067 15982529 1013011 1236671 20320087 12193439 27576797 10216823 11626669 19960751 17486629 49020407 26457349 4628243 8083793 2925493 3560693 67419973 5991049 7279001
9969 100
18581023 18581023 18581023 18581023 18581023 18581023 18581023 18581023 18581023 18581023 18581023 18581023 18581023 18581023 18581023 18581023 18581023 18581023 18581023 18581023 18581023 18581023 18581023 18581023 18581023 18581023 18581023 18581023 18581023 18581023 18581023 18581023 18581023 18581023 18581023 18581023 18581023 18581023 18581023 18581023 18581023 18581023 18581023 18581023 18581023 18581023 18581023 18581023 18581023 18581023 18581023 18581023 18581023 18581023 18581023 18581023 18581023 18581023 18581023 18581023 18581023 18581023 18581023 18581023 18581023 18581023 18581023 18581023 18581023 18581023 18581023 18581023 18581023 18581023 18581023 7196221 5770969 24513317 5715397 2893673 5063053 13953421 9826217 689863 5626547 47513987 3218671 2871863 2596409 2952709 21307073 18339289 48526967 93584251 87941657 1196423 484307 29638849 13572781 7112293
9980 95
2012761 2517839 19713569 22735309 7056979 15938863 52053403 273019 267689 29138927 6957817 8529289 18048829 22957741 68803633 25281059 5249521 10731031 47832277 50357953 25220249 39079241 77672443 38266909 2113103 1206697 5755201 5755201 5755201 5755201 5755201 5755201 5755201 5755201 5755201 5755201 5755201 5755201 5755201 5755201 5755201 5755201 5755201 5755201 5755201 5755201 5755201 5755201 5755201 5755201 5755201 5755201 5755201 5755201 5755201 5755201 5755201 5755201 5755201 5755201 5755201 5755201 5755201 5755201 5755201 5755201 5755201 5755201 5755201 5755201 5755201 5755201 5755201 5755201 5755201 5755201 5755201 5755201 5755201 5755201 5755201 5755201 5755201 5755201 5755201 5755201 5755201 5755201 5755201 5755201 5755201 5755201 5755201 5755201 5755201
9891 100
421261 421261 421261 421261 421261 421261 421261 421261 421261 421261 421261 421261 421261 421261 421261 421261 421261 421261 421261 421261 421261 421261 421261 421261 421261 421261 421261 421261 421261 421261 421261 421261 421261 421261 421261 421261 421261 421261 421261 421261 421261 421261 421261 421261 421261 421261 421261 421261 421261 421261 421261 421261 421261 421261 421261 421261 421261 421261 421261 421261 421261 421261 421261 421261 421261 421261 421261 421261 421261 421261 421261 421261 421261 421261 421261 3863053 716753 7900913 23721743 3689827 686531 6225229 50371417 52912163 35469521 43652857 77958337 5786357 2576501 29287163 4290383 440837 3932987 12657829 13967843 4952603 3908777 43178987 88904597 441377
10000 100
35343619 50924669 58949503 28044427 14899751 3552229 969949 780097 2296703 5048447 10382921 64898783 31344113 19392991 33898229 31720879 17902589 18913757 4077959 7431469 75757789 43747673 14688379 23135039 35832077 19571401 23785129 23785129 23785129 23785129 23785129 23785129 23785129 23785129 23785129 23785129 23785129 23785129 23785129 23785129 23785129 23785129 23785129 23785129 23785129 23785129 23785129 23785129 23785129 23785129 23785129 23785129 23785129 23785129 23785129 23785129 23785129 23785129 23785129 23785129 23785129 23785129 23785129 23785129 23785129 23785129 23785129 23785129 23785129 23785129 23785129 23785129 23785129 23785129 23785129 23785129 23785129 23785129 23785129 23785129 23785129 23785129 23785129 23785129 23785129 23785129 23785129 23785129 23785129 23785129 23785129 23785129 23785129 23785129 23785129 23785129 23785129 23785129 23785129 23785129
10000 100
4622483 304891 1362593 18468623 18468623 20658409 18374177 2626243 9398663 72607441 80617181 4815649 4898107 28869 16251 45443213 6451141 2058613 5105039 1466483 6451141 4219667 3284087 13404037 1229747 2403787 26722567 51387503 65756557 8631773 4065169 2018539 3881651 3927953 3511591 3470197 3349477 43476611 15545549 5669161 15545549 45043571 614011 182717 15005377 48670631 55862351 64737913 65756557 16249547 970663 1527 19587 44573483 4089373 5104079 71482669 28296097 6432311 1142293 460631 7275509 61770869 43476611 12698713 1142293 1426219 211909 90157 7404017 50424791 47596201 58786379 28741333 2593837 6451141 8498057 6915751 18275879 7166329 7166329 22457353 5025011 4089373 3474943 1527 3309 5974951 3179779 5001827 5104079 4622483 3881651 1197643 4540567 12450803 19587 19977 3988741 1142293
9955 79
32593763 35250071 64787267 84613421 6898343 612413 4441319 7210543 1200733 6625037 22790941 16478983 2554463 3438079 21057409 226561 186091 3048223 3090091 16662047 20963953 1962341 2772401 36617419 66202867 51549943 36445369 36445369 36445369 36445369 36445369 36445369 36445369 36445369 36445369 36445369 36445369 36445369 36445369 36445369 36445369 36445369 36445369 36445369 36445369 36445369 36445369 36445369 36445369 36445369 36445369 36445369 36445369 36445369 36445369 36445369 36445369 36445369 36445369 36445369 36445369 36445369 36445369 36445369 36445369 36445369 36445369 36445369 36445369 36445369 36445369 36445369 36445369 36445369 36445369 36445369 36445369 36445369 36445369
1000 95
2759 2759 2759 2759 2759 2759 2759 2759 2759 2759 2759 2759 2759 2759 2759 2759 2759 2759 2759 2759 2759 2759 2759 2759 2759 2759 2759 2759 2759 2759 2759 2759 2759 2759 2759 2759 2759 2759 2759 2759 2759 2759 2759 2759 2759 2759 2759 2759 2759 2759 2759 2759 2759 2759 2759 2759 2759 2759 2759 2759 2759 2759 2759 2759 2759 2759 2759 2759 2759 2759 6497 949 39 21 287 3403 2407 1073 1961 3127 5723 4559 2021 989 115 505 1111 187 323 1349 142 134 5293 4819 1891
10000 53
31618129 31618129 31618129 500447 614011 19337897 23884363 76441891 49905673 239209 382141 115531 2327 9487 193079 7515509 8414977 24502553 3129647 2234569 31296833 39921887 24953231 1610033 1754057 38345773 38530981 21954221 24724331 31618129 31618129 31618129 31618129 31618129 31618129 31618129 31618129 31618129 31618129 31618129 31618129 31618129 31618129 31618129 31618129 31618129 31618129 31618129 31618129 31618129 31618129 31618129 31618129
103 31
217 1891 4819 2291 2987 3811 1739 2491 4717 445 65 1079 8383 5353 901 187 649 1003 697 3239 7663 291 123 779 1007 3551 1943 2117 1679 989 3053
10000 25
3292937 175597 18779 50429 375469 1651121 2102 3722 2376497 611683 489059 2328901 3150061 829981 421301 76409 38477 291931 730241 959821 1664197 3057407 4267589 4729181 5335543
