99
1 7
1 1
2 920
50 120
50 120
1 32
7 4
73 97479
183 168
183 168
183 168
183 168
183 168
183 168
183 168
183 168
183 168
183 168
183 168
183 168
183 168
183 168
183 168
183 168
183 168
183 168
183 168
183 168
183 168
183 168
183 168
183 168
183 168
183 168
183 168
183 168
183 168
183 168
183 168
183 168
183 168
183 168
183 168
183 168
183 168
183 168
183 168
183 168
183 168
183 168
183 168
183 168
183 168
183 168
183 168
183 168
183 168
183 168
183 168
183 168
183 168
183 168
183 168
183 168
183 168
183 168
183 168
183 168
183 168
183 168
183 168
183 168
183 168
183 168
183 168
183 168
183 168
183 168
183 168
183 168
183 168
45 10599
30 87
30 87
30 87
30 87
30 87
30 87
30 87
30 87
30 87
30 87
30 87
30 87
30 87
30 87
30 87
30 87
30 87
30 87
30 87
30 87
30 87
30 87
30 87
30 87
30 87
30 87
30 87
30 87
30 87
30 87
30 87
30 87
30 87
30 87
30 87
30 87
30 87
30 87
30 87
30 87
30 87
30 87
30 87
30 87
30 87
76 78322
225 48
225 48
225 48
225 48
225 48
225 48
225 48
225 48
225 48
225 48
225 48
225 48
225 48
225 48
225 48
225 48
225 48
225 48
225 48
225 48
225 48
225 48
225 48
225 48
225 48
225 48
225 48
225 48
225 48
225 48
225 48
225 48
225 48
225 48
225 48
225 48
225 48
225 48
225 48
225 48
225 48
225 48
225 48
225 48
225 48
225 48
225 48
225 48
225 48
225 48
225 48
225 48
225 48
225 48
225 48
225 48
225 48
225 48
225 48
225 48
225 48
225 48
225 48
225 48
225 48
225 48
225 48
225 48
225 48
225 48
225 48
225 48
225 48
225 48
225 48
225 48
10 12500
250 250
250 250
250 250
250 250
250 250
250 250
250 250
250 250
250 250
250 250
19 13846
130 99
130 99
130 99
130 99
130 99
130 99
130 99
130 99
130 99
130 99
130 99
130 99
130 99
130 99
130 99
130 99
130 99
130 99
130 99
9 8202
70 202
70 202
70 202
70 202
70 202
70 202
70 202
70 202
70 202
30 21661
138 213
138 213
138 213
138 213
138 213
138 213
138 213
138 213
138 213
138 213
138 213
138 213
138 213
138 213
138 213
138 213
138 213
138 213
138 213
138 213
138 213
138 213
138 213
138 213
138 213
138 213
138 213
138 213
138 213
138 213
49 32849
93 154
93 154
93 154
93 154
93 154
93 154
93 154
93 154
93 154
93 154
93 154
93 154
93 154
93 154
93 154
93 154
93 154
93 154
93 154
93 154
93 154
93 154
93 154
93 154
93 154
93 154
93 154
93 154
93 154
93 154
93 154
93 154
93 154
93 154
93 154
93 154
93 154
93 154
93 154
93 154
93 154
93 154
93 154
93 154
93 154
93 154
93 154
93 154
93 154
67 38282
236 27
236 27
236 27
236 27
236 27
236 27
236 27
236 27
236 27
236 27
236 27
236 27
236 27
236 27
236 27
236 27
236 27
236 27
236 27
236 27
236 27
236 27
236 27
236 27
236 27
236 27
236 27
236 27
236 27
236 27
236 27
236 27
236 27
236 27
236 27
236 27
236 27
236 27
236 27
236 27
236 27
236 27
236 27
236 27
236 27
236 27
236 27
236 27
236 27
236 27
236 27
236 27
236 27
236 27
236 27
236 27
236 27
236 27
236 27
236 27
236 27
236 27
236 27
236 27
236 27
236 27
236 27
16 12266
90 205
90 205
90 205
90 205
90 205
90 205
90 205
90 205
90 205
90 205
90 205
90 205
90 205
90 205
90 205
90 205
100 125000
250 250
250 250
250 250
250 250
250 250
250 250
250 250
250 250
250 250
250 250
250 250
250 250
250 250
250 250
250 250
250 250
250 250
250 250
250 250
250 250
250 250
250 250
250 250
250 250
250 250
250 250
250 250
250 250
250 250
250 250
250 250
250 250
250 250
250 250
250 250
250 250
250 250
250 250
250 250
250 250
250 250
250 250
250 250
250 250
250 250
250 250
250 250
250 250
250 250
250 250
250 250
250 250
250 250
250 250
250 250
250 250
250 250
250 250
250 250
250 250
250 250
250 250
250 250
250 250
250 250
250 250
250 250
250 250
250 250
250 250
250 250
250 250
250 250
250 250
250 250
250 250
250 250
250 250
250 250
250 250
250 250
250 250
250 250
250 250
250 250
250 250
250 250
250 250
250 250
250 250
250 250
250 250
250 250
250 250
250 250
250 250
250 250
250 250
250 250
250 250
10 40
1 1
1 1
1 1
1 1
1 1
1 1
1 1
1 1
1 1
1 1
100 400
1 1
1 1
1 1
1 1
1 1
1 1
1 1
1 1
1 1
1 1
1 1
1 1
1 1
1 1
1 1
1 1
1 1
1 1
1 1
1 1
1 1
1 1
1 1
1 1
1 1
1 1
1 1
1 1
1 1
1 1
1 1
1 1
1 1
1 1
1 1
1 1
1 1
1 1
1 1
1 1
1 1
1 1
1 1
1 1
1 1
1 1
1 1
1 1
1 1
1 1
1 1
1 1
1 1
1 1
1 1
1 1
1 1
1 1
1 1
1 1
1 1
1 1
1 1
1 1
1 1
1 1
1 1
1 1
1 1
1 1
1 1
1 1
1 1
1 1
1 1
1 1
1 1
1 1
1 1
1 1
1 1
1 1
1 1
1 1
1 1
1 1
1 1
1 1
1 1
1 1
1 1
1 1
1 1
1 1
1 1
1 1
1 1
1 1
1 1
1 1
100 150000
250 250
250 250
250 250
250 250
250 250
250 250
250 250
250 250
250 250
250 250
250 250
250 250
250 250
250 250
250 250
250 250
250 250
250 250
250 250
250 250
250 250
250 250
250 250
250 250
250 250
250 250
250 250
250 250
250 250
250 250
250 250
250 250
250 250
250 250
250 250
250 250
250 250
250 250
250 250
250 250
250 250
250 250
250 250
250 250
250 250
250 250
250 250
250 250
250 250
250 250
250 250
250 250
250 250
250 250
250 250
250 250
250 250
250 250
250 250
250 250
250 250
250 250
250 250
250 250
250 250
250 250
250 250
250 250
250 250
250 250
250 250
250 250
250 250
250 250
250 250
250 250
250 250
250 250
250 250
250 250
250 250
250 250
250 250
250 250
250 250
250 250
250 250
250 250
250 250
250 250
250 250
250 250
250 250
250 250
250 250
250 250
250 250
250 250
250 250
250 250
39 35016
235 83
235 83
235 83
235 83
235 83
235 83
235 83
235 83
235 83
235 83
235 83
235 83
235 83
235 83
235 83
235 83
235 83
235 83
235 83
235 83
235 83
235 83
235 83
235 83
235 83
235 83
235 83
235 83
235 83
235 83
235 83
235 83
235 83
235 83
235 83
235 83
235 83
235 83
235 83
1 1250
250 250
17 14893
103 243
103 243
103 243
103 243
103 243
103 243
103 243
103 243
103 243
103 243
103 243
103 243
103 243
103 243
103 243
103 243
103 243
44 27683
23 152
23 152
23 152
23 152
23 152
23 152
23 152
23 152
23 152
23 152
23 152
23 152
23 152
23 152
23 152
23 152
23 152
23 152
23 152
23 152
23 152
23 152
23 152
23 152
23 152
23 152
23 152
23 152
23 152
23 152
23 152
23 152
23 152
23 152
23 152
23 152
23 152
23 152
23 152
23 152
23 152
23 152
23 152
23 152
16 1627
14 19
14 19
14 19
14 19
14 19
14 19
14 19
14 19
14 19
14 19
14 19
14 19
14 19
14 19
14 19
14 19
100 100000000
3 4
3 4
3 4
3 4
3 4
3 4
3 4
3 4
3 4
3 4
3 4
3 4
3 4
3 4
3 4
3 4
3 4
3 4
3 4
3 4
3 4
3 4
3 4
3 4
3 4
3 4
3 4
3 4
3 4
3 4
3 4
3 4
3 4
3 4
3 4
3 4
3 4
3 4
3 4
3 4
3 4
3 4
3 4
3 4
3 4
3 4
3 4
3 4
3 4
3 4
3 4
3 4
3 4
3 4
3 4
3 4
3 4
3 4
3 4
3 4
3 4
3 4
3 4
3 4
3 4
3 4
3 4
3 4
3 4
3 4
3 4
3 4
3 4
3 4
3 4
3 4
3 4
3 4
3 4
3 4
3 4
3 4
3 4
3 4
3 4
3 4
3 4
3 4
3 4
3 4
3 4
3 4
3 4
3 4
3 4
3 4
3 4
3 4
3 4
3 4
100 100000000
250 250
250 250
250 250
250 250
250 250
250 250
250 250
250 250
250 250
250 250
250 250
250 250
250 250
250 250
250 250
250 250
250 250
250 250
250 250
250 250
250 250
250 250
250 250
250 250
250 250
250 250
250 250
250 250
250 250
250 250
250 250
250 250
250 250
250 250
250 250
250 250
250 250
250 250
250 250
250 250
250 250
250 250
250 250
250 250
250 250
250 250
250 250
250 250
250 250
250 250
250 250
250 250
250 250
250 250
250 250
250 250
250 250
250 250
250 250
250 250
250 250
250 250
250 250
250 250
250 250
250 250
250 250
250 250
250 250
250 250
250 250
250 250
250 250
250 250
250 250
250 250
250 250
250 250
250 250
250 250
250 250
250 250
250 250
250 250
250 250
250 250
250 250
250 250
250 250
250 250
250 250
250 250
250 250
250 250
250 250
250 250
250 250
250 250
250 250
250 250
43 27205
182 18
182 18
182 18
182 18
182 18
182 18
182 18
182 18
182 18
182 18
182 18
182 18
182 18
182 18
182 18
182 18
182 18
182 18
182 18
182 18
182 18
182 18
182 18
182 18
182 18
182 18
182 18
182 18
182 18
182 18
182 18
182 18
182 18
182 18
182 18
182 18
182 18
182 18
182 18
182 18
182 18
182 18
182 18
6 4744
66 230
66 230
66 230
66 230
66 230
66 230
49 34450
67 144
67 144
67 144
67 144
67 144
67 144
67 144
67 144
67 144
67 144
67 144
67 144
67 144
67 144
67 144
67 144
67 144
67 144
67 144
67 144
67 144
67 144
67 144
67 144
67 144
67 144
67 144
67 144
67 144
67 144
67 144
67 144
67 144
67 144
67 144
67 144
67 144
67 144
67 144
67 144
67 144
67 144
67 144
67 144
67 144
67 144
67 144
67 144
67 144
20 6244
97 7
97 7
97 7
97 7
97 7
97 7
97 7
97 7
97 7
97 7
97 7
97 7
97 7
97 7
97 7
97 7
97 7
97 7
97 7
97 7
62 27078
173 2
173 2
173 2
173 2
173 2
173 2
173 2
173 2
173 2
173 2
173 2
173 2
173 2
173 2
173 2
173 2
173 2
173 2
173 2
173 2
173 2
173 2
173 2
173 2
173 2
173 2
173 2
173 2
173 2
173 2
173 2
173 2
173 2
173 2
173 2
173 2
173 2
173 2
173 2
173 2
173 2
173 2
173 2
173 2
173 2
173 2
173 2
173 2
173 2
173 2
173 2
173 2
173 2
173 2
173 2
173 2
173 2
173 2
173 2
173 2
173 2
173 2
9 13929
213 181
213 181
213 181
213 181
213 181
213 181
213 181
213 181
213 181
34 30183
207 80
207 80
207 80
207 80
207 80
207 80
207 80
207 80
207 80
207 80
207 80
207 80
207 80
207 80
207 80
207 80
207 80
207 80
207 80
207 80
207 80
207 80
207 80
207 80
207 80
207 80
207 80
207 80
207 80
207 80
207 80
207 80
207 80
207 80
31 25986
188 161
188 161
188 161
188 161
188 161
188 161
188 161
188 161
188 161
188 161
188 161
188 161
188 161
188 161
188 161
188 161
188 161
188 161
188 161
188 161
188 161
188 161
188 161
188 161
188 161
188 161
188 161
188 161
188 161
188 161
188 161
100 100000000
161 240
161 240
161 240
161 240
161 240
161 240
161 240
161 240
161 240
161 240
161 240
161 240
161 240
161 240
161 240
161 240
161 240
161 240
161 240
161 240
161 240
161 240
161 240
161 240
161 240
161 240
161 240
161 240
161 240
161 240
161 240
161 240
161 240
161 240
161 240
161 240
161 240
161 240
161 240
161 240
161 240
161 240
161 240
161 240
161 240
161 240
161 240
161 240
161 240
161 240
161 240
161 240
161 240
161 240
161 240
161 240
161 240
161 240
161 240
161 240
161 240
161 240
161 240
161 240
161 240
161 240
161 240
161 240
161 240
161 240
161 240
161 240
161 240
161 240
161 240
161 240
161 240
161 240
161 240
161 240
161 240
161 240
161 240
161 240
161 240
161 240
161 240
161 240
161 240
161 240
161 240
161 240
161 240
161 240
161 240
161 240
161 240
161 240
161 240
161 240
52 9511
21 33
21 33
21 33
21 33
21 33
21 33
21 33
21 33
21 33
21 33
21 33
21 33
21 33
21 33
21 33
21 33
21 33
21 33
21 33
21 33
21 33
21 33
21 33
21 33
21 33
21 33
21 33
21 33
21 33
21 33
21 33
21 33
21 33
21 33
21 33
21 33
21 33
21 33
21 33
21 33
21 33
21 33
21 33
21 33
21 33
21 33
21 33
21 33
21 33
21 33
21 33
21 33
81 77055
193 100
193 100
193 100
193 100
193 100
193 100
193 100
193 100
193 100
193 100
193 100
193 100
193 100
193 100
193 100
193 100
193 100
193 100
193 100
193 100
193 100
193 100
193 100
193 100
193 100
193 100
193 100
193 100
193 100
193 100
193 100
193 100
193 100
193 100
193 100
193 100
193 100
193 100
193 100
193 100
193 100
193 100
193 100
193 100
193 100
193 100
193 100
193 100
193 100
193 100
193 100
193 100
193 100
193 100
193 100
193 100
193 100
193 100
193 100
193 100
193 100
193 100
193 100
193 100
193 100
193 100
193 100
193 100
193 100
193 100
193 100
193 100
193 100
193 100
193 100
193 100
193 100
193 100
193 100
193 100
193 100
35 7596
20 75
20 75
20 75
20 75
20 75
20 75
20 75
20 75
20 75
20 75
20 75
20 75
20 75
20 75
20 75
20 75
20 75
20 75
20 75
20 75
20 75
20 75
20 75
20 75
20 75
20 75
20 75
20 75
20 75
20 75
20 75
20 75
20 75
20 75
20 75
10 240
3 4
3 4
3 4
3 4
3 4
3 4
3 4
3 4
3 4
3 4
14 12999
200 86
200 86
200 86
200 86
200 86
200 86
200 86
200 86
200 86
200 86
200 86
200 86
200 86
200 86
100 500
1 1
1 1
1 1
1 1
1 1
1 1
1 1
1 1
1 1
1 1
1 1
1 1
1 1
1 1
1 1
1 1
1 1
1 1
1 1
1 1
1 1
1 1
1 1
1 1
1 1
1 1
1 1
1 1
1 1
1 1
1 1
1 1
1 1
1 1
1 1
1 1
1 1
1 1
1 1
1 1
1 1
1 1
1 1
1 1
1 1
1 1
1 1
1 1
1 1
1 1
1 1
1 1
1 1
1 1
1 1
1 1
1 1
1 1
1 1
1 1
1 1
1 1
1 1
1 1
1 1
1 1
1 1
1 1
1 1
1 1
1 1
1 1
1 1
1 1
1 1
1 1
1 1
1 1
1 1
1 1
1 1
1 1
1 1
1 1
1 1
1 1
1 1
1 1
1 1
1 1
1 1
1 1
1 1
1 1
1 1
1 1
1 1
1 1
1 1
1 1
91 104757
225 223
225 223
225 223
225 223
225 223
225 223
225 223
225 223
225 223
225 223
225 223
225 223
225 223
225 223
225 223
225 223
225 223
225 223
225 223
225 223
225 223
225 223
225 223
225 223
225 223
225 223
225 223
225 223
225 223
225 223
225 223
225 223
225 223
225 223
225 223
225 223
225 223
225 223
225 223
225 223
225 223
225 223
225 223
225 223
225 223
225 223
225 223
225 223
225 223
225 223
225 223
225 223
225 223
225 223
225 223
225 223
225 223
225 223
225 223
225 223
225 223
225 223
225 223
225 223
225 223
225 223
225 223
225 223
225 223
225 223
225 223
225 223
225 223
225 223
225 223
225 223
225 223
225 223
225 223
225 223
225 223
225 223
225 223
225 223
225 223
225 223
225 223
225 223
225 223
225 223
225 223
14 4023
61 81
61 81
61 81
61 81
61 81
61 81
61 81
61 81
61 81
61 81
61 81
61 81
61 81
61 81
2 39
3 4
3 4
32 19231
90 125
90 125
90 125
90 125
90 125
90 125
90 125
90 125
90 125
90 125
90 125
90 125
90 125
90 125
90 125
90 125
90 125
90 125
90 125
90 125
90 125
90 125
90 125
90 125
90 125
90 125
90 125
90 125
90 125
90 125
90 125
90 125
46 55872
238 115
238 115
238 115
238 115
238 115
238 115
238 115
238 115
238 115
238 115
238 115
238 115
238 115
238 115
238 115
238 115
238 115
238 115
238 115
238 115
238 115
238 115
238 115
238 115
238 115
238 115
238 115
238 115
238 115
238 115
238 115
238 115
238 115
238 115
238 115
238 115
238 115
238 115
238 115
238 115
238 115
238 115
238 115
238 115
238 115
238 115
4 2257
120 109
120 109
120 109
120 109
15 11609
166 168
166 168
166 168
166 168
166 168
166 168
166 168
166 168
166 168
166 168
166 168
166 168
166 168
166 168
166 168
78 74455
179 183
179 183
179 183
179 183
179 183
179 183
179 183
179 183
179 183
179 183
179 183
179 183
179 183
179 183
179 183
179 183
179 183
179 183
179 183
179 183
179 183
179 183
179 183
179 183
179 183
179 183
179 183
179 183
179 183
179 183
179 183
179 183
179 183
179 183
179 183
179 183
179 183
179 183
179 183
179 183
179 183
179 183
179 183
179 183
179 183
179 183
179 183
179 183
179 183
179 183
179 183
179 183
179 183
179 183
179 183
179 183
179 183
179 183
179 183
179 183
179 183
179 183
179 183
179 183
179 183
179 183
179 183
179 183
179 183
179 183
179 183
179 183
179 183
179 183
179 183
179 183
179 183
179 183
98 55786
10 215
10 215
10 215
10 215
10 215
10 215
10 215
10 215
10 215
10 215
10 215
10 215
10 215
10 215
10 215
10 215
10 215
10 215
10 215
10 215
10 215
10 215
10 215
10 215
10 215
10 215
10 215
10 215
10 215
10 215
10 215
10 215
10 215
10 215
10 215
10 215
10 215
10 215
10 215
10 215
10 215
10 215
10 215
10 215
10 215
10 215
10 215
10 215
10 215
10 215
10 215
10 215
10 215
10 215
10 215
10 215
10 215
10 215
10 215
10 215
10 215
10 215
10 215
10 215
10 215
10 215
10 215
10 215
10 215
10 215
10 215
10 215
10 215
10 215
10 215
10 215
10 215
10 215
10 215
10 215
10 215
10 215
10 215
10 215
10 215
10 215
10 215
10 215
10 215
10 215
10 215
10 215
10 215
10 215
10 215
10 215
10 215
10 215
1 80
10 20
1 100000000
250 250
93 21219
32 33
32 33
32 33
32 33
32 33
32 33
32 33
32 33
32 33
32 33
32 33
32 33
32 33
32 33
32 33
32 33
32 33
32 33
32 33
32 33
32 33
32 33
32 33
32 33
32 33
32 33
32 33
32 33
32 33
32 33
32 33
32 33
32 33
32 33
32 33
32 33
32 33
32 33
32 33
32 33
32 33
32 33
32 33
32 33
32 33
32 33
32 33
32 33
32 33
32 33
32 33
32 33
32 33
32 33
32 33
32 33
32 33
32 33
32 33
32 33
32 33
32 33
32 33
32 33
32 33
32 33
32 33
32 33
32 33
32 33
32 33
32 33
32 33
32 33
32 33
32 33
32 33
32 33
32 33
32 33
32 33
32 33
32 33
32 33
32 33
32 33
32 33
32 33
32 33
32 33
32 33
32 33
32 33
1 100000000
161 240
10 10000
250 250
250 250
250 250
250 250
250 250
250 250
250 250
250 250
250 250
250 250
10 60
1 1
1 1
1 1
1 1
1 1
1 1
1 1
1 1
1 1
1 1
53 26202
69 131
69 131
69 131
69 131
69 131
69 131
69 131
69 131
69 131
69 131
69 131
69 131
69 131
69 131
69 131
69 131
69 131
69 131
69 131
69 131
69 131
69 131
69 131
69 131
69 131
69 131
69 131
69 131
69 131
69 131
69 131
69 131
69 131
69 131
69 131
69 131
69 131
69 131
69 131
69 131
69 131
69 131
69 131
69 131
69 131
69 131
69 131
69 131
69 131
69 131
69 131
69 131
69 131
1 1000
250 250
1 5
1 1
15 4592
73 7
73 7
73 7
73 7
73 7
73 7
73 7
73 7
73 7
73 7
73 7
73 7
73 7
73 7
73 7
46 31864
38 187
38 187
38 187
38 187
38 187
38 187
38 187
38 187
38 187
38 187
38 187
38 187
38 187
38 187
38 187
38 187
38 187
38 187
38 187
38 187
38 187
38 187
38 187
38 187
38 187
38 187
38 187
38 187
38 187
38 187
38 187
38 187
38 187
38 187
38 187
38 187
38 187
38 187
38 187
38 187
38 187
38 187
38 187
38 187
38 187
38 187
10 100000000
161 240
161 240
161 240
161 240
161 240
161 240
161 240
161 240
161 240
161 240
76 35583
20 108
20 108
20 108
20 108
20 108
20 108
20 108
20 108
20 108
20 108
20 108
20 108
20 108
20 108
20 108
20 108
20 108
20 108
20 108
20 108
20 108
20 108
20 108
20 108
20 108
20 108
20 108
20 108
20 108
20 108
20 108
20 108
20 108
20 108
20 108
20 108
20 108
20 108
20 108
20 108
20 108
20 108
20 108
20 108
20 108
20 108
20 108
20 108
20 108
20 108
20 108
20 108
20 108
20 108
20 108
20 108
20 108
20 108
20 108
20 108
20 108
20 108
20 108
20 108
20 108
20 108
20 108
20 108
20 108
20 108
20 108
20 108
20 108
20 108
20 108
20 108
52 20486
54 72
54 72
54 72
54 72
54 72
54 72
54 72
54 72
54 72
54 72
54 72
54 72
54 72
54 72
54 72
54 72
54 72
54 72
54 72
54 72
54 72
54 72
54 72
54 72
54 72
54 72
54 72
54 72
54 72
54 72
54 72
54 72
54 72
54 72
54 72
54 72
54 72
54 72
54 72
54 72
54 72
54 72
54 72
54 72
54 72
54 72
54 72
54 72
54 72
54 72
54 72
54 72
1 4
1 1
30 27014
169 105
169 105
169 105
169 105
169 105
169 105
169 105
169 105
169 105
169 105
169 105
169 105
169 105
169 105
169 105
169 105
169 105
169 105
169 105
169 105
169 105
169 105
169 105
169 105
169 105
169 105
169 105
169 105
169 105
169 105
10 100000000
1 1
1 1
1 1
1 1
1 1
1 1
1 1
1 1
1 1
1 1
1 1500
250 250
68 117405
192 250
192 250
192 250
192 250
192 250
192 250
192 250
192 250
192 250
192 250
192 250
192 250
192 250
192 250
192 250
192 250
192 250
192 250
192 250
192 250
192 250
192 250
192 250
192 250
192 250
192 250
192 250
192 250
192 250
192 250
192 250
192 250
192 250
192 250
192 250
192 250
192 250
192 250
192 250
192 250
192 250
192 250
192 250
192 250
192 250
192 250
192 250
192 250
192 250
192 250
192 250
192 250
192 250
192 250
192 250
192 250
192 250
192 250
192 250
192 250
192 250
192 250
192 250
192 250
192 250
192 250
192 250
192 250
20 25788
217 113
217 113
217 113
217 113
217 113
217 113
217 113
217 113
217 113
217 113
217 113
217 113
217 113
217 113
217 113
217 113
217 113
217 113
217 113
217 113
45 69615
241 174
241 174
241 174
241 174
241 174
241 174
241 174
241 174
241 174
241 174
241 174
241 174
241 174
241 174
241 174
241 174
241 174
241 174
241 174
241 174
241 174
241 174
241 174
241 174
241 174
241 174
241 174
241 174
241 174
241 174
241 174
241 174
241 174
241 174
241 174
241 174
241 174
241 174
241 174
241 174
241 174
241 174
241 174
241 174
241 174
46 31455
175 21
175 21
175 21
175 21
175 21
175 21
175 21
175 21
175 21
175 21
175 21
175 21
175 21
175 21
175 21
175 21
175 21
175 21
175 21
175 21
175 21
175 21
175 21
175 21
175 21
175 21
175 21
175 21
175 21
175 21
175 21
175 21
175 21
175 21
175 21
175 21
175 21
175 21
175 21
175 21
175 21
175 21
175 21
175 21
175 21
175 21
6 5822
94 214
94 214
94 214
94 214
94 214
94 214
94 74895
181 77
181 77
181 77
181 77
181 77
181 77
181 77
181 77
181 77
181 77
181 77
181 77
181 77
181 77
181 77
181 77
181 77
181 77
181 77
181 77
181 77
181 77
181 77
181 77
181 77
181 77
181 77
181 77
181 77
181 77
181 77
181 77
181 77
181 77
181 77
181 77
181 77
181 77
181 77
181 77
181 77
181 77
181 77
181 77
181 77
181 77
181 77
181 77
181 77
181 77
181 77
181 77
181 77
181 77
181 77
181 77
181 77
181 77
181 77
181 77
181 77
181 77
181 77
181 77
181 77
181 77
181 77
181 77
181 77
181 77
181 77
181 77
181 77
181 77
181 77
181 77
181 77
181 77
181 77
181 77
181 77
181 77
181 77
181 77
181 77
181 77
181 77
181 77
181 77
181 77
181 77
181 77
181 77
181 77
100 100000
250 250
250 250
250 250
250 250
250 250
250 250
250 250
250 250
250 250
250 250
250 250
250 250
250 250
250 250
250 250
250 250
250 250
250 250
250 250
250 250
250 250
250 250
250 250
250 250
250 250
250 250
250 250
250 250
250 250
250 250
250 250
250 250
250 250
250 250
250 250
250 250
250 250
250 250
250 250
250 250
250 250
250 250
250 250
250 250
250 250
250 250
250 250
250 250
250 250
250 250
250 250
250 250
250 250
250 250
250 250
250 250
250 250
250 250
250 250
250 250
250 250
250 250
250 250
250 250
250 250
250 250
250 250
250 250
250 250
250 250
250 250
250 250
250 250
250 250
250 250
250 250
250 250
250 250
250 250
250 250
250 250
250 250
250 250
250 250
250 250
250 250
250 250
250 250
250 250
250 250
250 250
250 250
250 250
250 250
250 250
250 250
250 250
250 250
250 250
250 250
5 5006
191 74
191 74
191 74
191 74
191 74
27 25152
186 115
186 115
186 115
186 115
186 115
186 115
186 115
186 115
186 115
186 115
186 115
186 115
186 115
186 115
186 115
186 115
186 115
186 115
186 115
186 115
186 115
186 115
186 115
186 115
186 115
186 115
186 115
100 100000000
1 1
1 1
1 1
1 1
1 1
1 1
1 1
1 1
1 1
1 1
1 1
1 1
1 1
1 1
1 1
1 1
1 1
1 1
1 1
1 1
1 1
1 1
1 1
1 1
1 1
1 1
1 1
1 1
1 1
1 1
1 1
1 1
1 1
1 1
1 1
1 1
1 1
1 1
1 1
1 1
1 1
1 1
1 1
1 1
1 1
1 1
1 1
1 1
1 1
1 1
1 1
1 1
1 1
1 1
1 1
1 1
1 1
1 1
1 1
1 1
1 1
1 1
1 1
1 1
1 1
1 1
1 1
1 1
1 1
1 1
1 1
1 1
1 1
1 1
1 1
1 1
1 1
1 1
1 1
1 1
1 1
1 1
1 1
1 1
1 1
1 1
1 1
1 1
1 1
1 1
1 1
1 1
1 1
1 1
1 1
1 1
1 1
1 1
1 1
1 1
10 50
1 1
1 1
1 1
1 1
1 1
1 1
1 1
1 1
1 1
1 1
42 45493
19 242
19 242
19 242
19 242
19 242
19 242
19 242
19 242
19 242
19 242
19 242
19 242
19 242
19 242
19 242
19 242
19 242
19 242
19 242
19 242
19 242
19 242
19 242
19 242
19 242
19 242
19 242
19 242
19 242
19 242
19 242
19 242
19 242
19 242
19 242
19 242
19 242
19 242
19 242
19 242
19 242
19 242
100 600
1 1
1 1
1 1
1 1
1 1
1 1
1 1
1 1
1 1
1 1
1 1
1 1
1 1
1 1
1 1
1 1
1 1
1 1
1 1
1 1
1 1
1 1
1 1
1 1
1 1
1 1
1 1
1 1
1 1
1 1
1 1
1 1
1 1
1 1
1 1
1 1
1 1
1 1
1 1
1 1
1 1
1 1
1 1
1 1
1 1
1 1
1 1
1 1
1 1
1 1
1 1
1 1
1 1
1 1
1 1
1 1
1 1
1 1
1 1
1 1
1 1
1 1
1 1
1 1
1 1
1 1
1 1
1 1
1 1
1 1
1 1
1 1
1 1
1 1
1 1
1 1
1 1
1 1
1 1
1 1
1 1
1 1
1 1
1 1
1 1
1 1
1 1
1 1
1 1
1 1
1 1
1 1
1 1
1 1
1 1
1 1
1 1
1 1
1 1
1 1
36 18073
14 189
14 189
14 189
14 189
14 189
14 189
14 189
14 189
14 189
14 189
14 189
14 189
14 189
14 189
14 189
14 189
14 189
14 189
14 189
14 189
14 189
14 189
14 189
14 189
14 189
14 189
14 189
14 189
14 189
14 189
14 189
14 189
14 189
14 189
14 189
14 189
1 6
1 1
30 29818
192 102
192 102
192 102
192 102
192 102
192 102
192 102
192 102
192 102
192 102
192 102
192 102
192 102
192 102
192 102
192 102
192 102
192 102
192 102
192 102
192 102
192 102
192 102
192 102
192 102
192 102
192 102
192 102
192 102
192 102
65 109189
173 248
173 248
173 248
173 248
173 248
173 248
173 248
173 248
173 248
173 248
173 248
173 248
173 248
173 248
173 248
173 248
173 248
173 248
173 248
173 248
173 248
173 248
173 248
173 248
173 248
173 248
173 248
173 248
173 248
173 248
173 248
173 248
173 248
173 248
173 248
173 248
173 248
173 248
173 248
173 248
173 248
173 248
173 248
173 248
173 248
173 248
173 248
173 248
173 248
173 248
173 248
173 248
173 248
173 248
173 248
173 248
173 248
173 248
173 248
173 248
173 248
173 248
173 248
173 248
173 248
14 9281
194 126
194 126
194 126
194 126
194 126
194 126
194 126
194 126
194 126
194 126
194 126
194 126
194 126
194 126
1 80
20 10
2 29
3 4
3 4
19 24089
115 242
115 242
115 242
115 242
115 242
115 242
115 242
115 242
115 242
115 242
115 242
115 242
115 242
115 242
115 242
115 242
115 242
115 242
115 242
93 129122
227 192
227 192
227 192
227 192
227 192
227 192
227 192
227 192
227 192
227 192
227 192
227 192
227 192
227 192
227 192
227 192
227 192
227 192
227 192
227 192
227 192
227 192
227 192
227 192
227 192
227 192
227 192
227 192
227 192
227 192
227 192
227 192
227 192
227 192
227 192
227 192
227 192
227 192
227 192
227 192
227 192
227 192
227 192
227 192
227 192
227 192
227 192
227 192
227 192
227 192
227 192
227 192
227 192
227 192
227 192
227 192
227 192
227 192
227 192
227 192
227 192
227 192
227 192
227 192
227 192
227 192
227 192
227 192
227 192
227 192
227 192
227 192
227 192
227 192
227 192
227 192
227 192
227 192
227 192
227 192
227 192
227 192
227 192
227 192
227 192
227 192
227 192
227 192
227 192
227 192
227 192
227 192
227 192
10 15000
250 250
250 250
250 250
250 250
250 250
250 250
250 250
250 250
250 250
250 250
10 100000000
250 250
250 250
250 250
250 250
250 250
250 250
250 250
250 250
250 250
250 250
72 68389
196 79
196 79
196 79
196 79
196 79
196 79
196 79
196 79
196 79
196 79
196 79
196 79
196 79
196 79
196 79
196 79
196 79
196 79
196 79
196 79
196 79
196 79
196 79
196 79
196 79
196 79
196 79
196 79
196 79
196 79
196 79
196 79
196 79
196 79
196 79
196 79
196 79
196 79
196 79
196 79
196 79
196 79
196 79
196 79
196 79
196 79
196 79
196 79
196 79
196 79
196 79
196 79
196 79
196 79
196 79
196 79
196 79
196 79
196 79
196 79
196 79
196 79
196 79
196 79
196 79
196 79
196 79
196 79
196 79
196 79
196 79
196 79
84 82195
248 231
248 231
248 231
248 231
248 231
248 231
248 231
248 231
248 231
248 231
248 231
248 231
248 231
248 231
248 231
248 231
248 231
248 231
248 231
248 231
248 231
248 231
248 231
248 231
248 231
248 231
248 231
248 231
248 231
248 231
248 231
248 231
248 231
248 231
248 231
248 231
248 231
248 231
248 231
248 231
248 231
248 231
248 231
248 231
248 231
248 231
248 231
248 231
248 231
248 231
248 231
248 231
248 231
248 231
248 231
248 231
248 231
248 231
248 231
248 231
248 231
248 231
248 231
248 231
248 231
248 231
248 231
248 231
248 231
248 231
248 231
248 231
248 231
248 231
248 231
248 231
248 231
248 231
248 231
248 231
248 231
248 231
248 231
248 231
58 74914
108 218
108 218
108 218
108 218
108 218
108 218
108 218
108 218
108 218
108 218
108 218
108 218
108 218
108 218
108 218
108 218
108 218
108 218
108 218
108 218
108 218
108 218
108 218
108 218
108 218
108 218
108 218
108 218
108 218
108 218
108 218
108 218
108 218
108 218
108 218
108 218
108 218
108 218
108 218
108 218
108 218
108 218
108 218
108 218
108 218
108 218
108 218
108 218
108 218
108 218
108 218
108 218
108 218
108 218
108 218
108 218
108 218
108 218
69 79020
204 82
204 82
204 82
204 82
204 82
204 82
204 82
204 82
204 82
204 82
204 82
204 82
204 82
204 82
204 82
204 82
204 82
204 82
204 82
204 82
204 82
204 82
204 82
204 82
204 82
204 82
204 82
204 82
204 82
204 82
204 82
204 82
204 82
204 82
204 82
204 82
204 82
204 82
204 82
204 82
204 82
204 82
204 82
204 82
204 82
204 82
204 82
204 82
204 82
204 82
204 82
204 82
204 82
204 82
204 82
204 82
204 82
204 82
204 82
204 82
204 82
204 82
204 82
204 82
204 82
204 82
204 82
204 82
204 82
26 24602
170 201
170 201
170 201
170 201
170 201
170 201
170 201
170 201
170 201
170 201
170 201
170 201
170 201
170 201
170 201
170 201
170 201
170 201
170 201
170 201
170 201
170 201
170 201
170 201
170 201
170 201
1 24
3 4
80 62027
109 132
109 132
109 132
109 132
109 132
109 132
109 132
109 132
109 132
109 132
109 132
109 132
109 132
109 132
109 132
109 132
109 132
109 132
109 132
109 132
109 132
109 132
109 132
109 132
109 132
109 132
109 132
109 132
109 132
109 132
109 132
109 132
109 132
109 132
109 132
109 132
109 132
109 132
109 132
109 132
109 132
109 132
109 132
109 132
109 132
109 132
109 132
109 132
109 132
109 132
109 132
109 132
109 132
109 132
109 132
109 132
109 132
109 132
109 132
109 132
109 132
109 132
109 132
109 132
109 132
109 132
109 132
109 132
109 132
109 132
109 132
109 132
109 132
109 132
109 132
109 132
109 132
109 132
109 132
109 132
62 40183
50 137
50 137
50 137
50 137
50 137
50 137
50 137
50 137
50 137
50 137
50 137
50 137
50 137
50 137
50 137
50 137
50 137
50 137
50 137
50 137
50 137
50 137
50 137
50 137
50 137
50 137
50 137
50 137
50 137
50 137
50 137
50 137
50 137
50 137
50 137
50 137
50 137
50 137
50 137
50 137
50 137
50 137
50 137
50 137
50 137
50 137
50 137
50 137
50 137
50 137
50 137
50 137
50 137
50 137
50 137
50 137
50 137
50 137
50 137
50 137
50 137
50 137
45 34134
235 111
235 111
235 111
235 111
235 111
235 111
235 111
235 111
235 111
235 111
235 111
235 111
235 111
235 111
235 111
235 111
235 111
235 111
235 111
235 111
235 111
235 111
235 111
235 111
235 111
235 111
235 111
235 111
235 111
235 111
235 111
235 111
235 111
235 111
235 111
235 111
235 111
235 111
235 111
235 111
235 111
235 111
235 111
235 111
235 111
