Case #1:
0.5
0.5
0.5
Case #2:
0.645833333333
0.368055555556
0.604166666667
0.395833333333
Case #3:
0.402777777778
0.739583333333
0.486111111111
0.458333333333
0.270833333333
0.333333333333
0.458333333333
0.763888888889
0.493055555556
0.520833333333
Case #4:
0.475141723356
0.517294973545
0.51085600907
0.475628306878
0.546570294785
0.513066893424
0.437142857143
0.505328798186
Case #5:
0.581157407407
0.61462962963
0.448645833333
0.431018518519
0.518101851852
0.41625
0.472986111111
Case #6:
0.411458333333
0.496527777778
0.286458333333
0.607638888889
0.640046296296
0.381944444444
Case #7:
0.402777777778
0.589791666667
0.416666666667
0.442847222222
0.514236111111
0.439236111111
0.765972222222
Case #8:
0.5375
0.478125
0.495833333333
0.478125
0.397916666667
0.702083333333
Case #9:
0.0
0.1875
0.25
0.5
0.75
0.8125
1.0
Case #10:
0.516666666667
0.4625
0.516319444444
0.543055555556
0.41875
0.615277777778
0.521990740741
0.308333333333
Case #11:
0.354166666667
0.395833333333
0.631944444444
0.604166666667
Case #12:
0.625
0.597222222222
0.569444444444
0.541666666667
0.513888888889
0.486111111111
0.458333333333
0.430555555556
0.402777777778
0.375
Case #13:
0.354166666667
0.416666666667
0.395833333333
0.666666666667
0.680555555556
0.291666666667
0.6875
0.416666666667
0.520833333333
Case #14:
0.345052083333
0.422743055556
0.575694444444
0.547743055556
0.458333333333
0.532552083333
0.458333333333
0.576388888889
0.458333333333
0.625
Case #15:
0.625
0.375
0.5
Case #16:
0.625
0.375
0.5
Case #17:
0.5
0.791666666667
0.5
0.5625
0.4375
0.208333333333
Case #18:
0.5
0.5
0.5
0.5
0.5
0.5
0.5
0.5
0.5
Case #19:
0.557707388511
0.382809744268
0.378058862434
0.588744803477
0.421472663139
0.492514644747
0.521355820106
0.507809744268
0.541125755858
0.588844009826
Case #20:
0.458333333333
0.402777777778
0.375
0.513888888889
0.597222222222
0.486111111111
0.430555555556
0.625
0.569444444444
0.541666666667
