100
1000 700
1 1 1 1000
999 1 1 1000
868238 873094
175212 1 946155217 409436
809287 1 1 809288
854112 678623
130672 1 1 789040
845767 1 1 845768
814744 420144
420003 1 1 803202
800344 1 1 800345
864316 383539
632857 1 1 703161
615175 55 522100274 984097
877988 440499
469030 1 1 839327
469558 1 1 469559
1 395
18 246 615815 60
73 228 14618 195
1000 982
621 2 7 997
899 1 1 900
984733 507047
833883 1 1 918714
477116 1 1 477117
1000000 556101
278420 1 263718186 464861
207263 69 729917695 560700
704 381
610 173 693509044 967
639 130 371505459 953
995449 755400
147984 1 1 909209
901171 1 1 901172
995597 781363
172202 1 1 960047
673 645 59636899 2544
875938 426815
790337 1 1 874497
810681 1 1 810682
980734 491511
867619 1 1 963044
878718 1 1 878719
973999 813089
284238 1 79969454 473801
857023 1 1 857024
883798 726757
154656 1 1 870909
871013 1 1 871014
844507 677089
131503 1 1 793964
818086 1 1 818087
813175 772816
296701 1 972848019 572021
800476 1 1 800477
6 5
10 1 3 17
5 2 7 19
937849 542084
471549 1 1 932763
862329 1 1 862330
164551 91645
207054 251 804807105 289502
224411 676 758301326 254990
978062 774403
146517 1 1 907582
859327 1 1 859328
908850 165584
217627 1 642153819 402280
430967 1 1 430968
965965 275370
223655 1 555665423 544831
476414 1 1 476415
923206 300516
154358 1 1 814059
476061 856 340569870 915545
906452 776565
165284 1 1 876318
808444 1 1 808445
931024 789185
154155 1 1 914031
832075 1 1 832076
829152 422909
733928 1 1 812818
919362 1 1 919363
913052 313885
130273 1 1 809466
857224 279 406844972 875019
803207 854697
233492 1 287209564 496757
420057 1 1 420058
823504 684393
336505 1 860731372 590411
78525 1 1 78526
1000000 890505
326069 1 160525302 598243
352556 174 239769258 653571
1000000 850509
888888 2 7 987553
899999 1 899999 900000
820873 65796
304007 1 325663046 546873
991797 1 1 991798
956465 824664
8870 227 946674606 26687
466465 179 790874197 625426
1000000 800000
999999 1 999999 1000000
999999 1 1 1000000
846339 862474
274498 1 112076336 540593
827979 1 1 827980
1000000 800000
1 1 1 1000000
999999 1 1 1000000
988230 435169
447758 1 1 842200
496476 1 1 496477
920436 458401
819914 1 1 910567
810663 1 1 810664
889642 745756
167373 1 1 857419
807254 1 1 807255
995093 18151
284588 1 781073285 492852
81823 1 1 81824
840765 558885
299707 1 729209164 536731
816588 1 1 816589
830888 354442
265615 1 213133317 471730
814233 1 1 814234
999150 545954
562347 1 1 960184
517945 1 1 517946
888577 759152
273868 1 236413087 491816
179906 1 2 179908
875407 49744
258506 1 753716907 459908
809403 1 1 809404
985383 423609
435487 1 1 821132
496659 1 1 496660
969283 962304
219790 1 832024607 530816
108558 1 1 108559
907274 530198
272295 1 916375773 464138
873895 1 1 873896
921351 448908
760293 1 1 840742
421499 1 1 421500
10604 466151
29093 128 805578226 227075
388391 27 140548438 715139
922666 758372
156339 1 1 910909
899816 1 1 899817
789704 515954
38737 189 244524304 500876
687118 221 557035690 752030
887348 527926
452324 1 1 881672
826515 1 1 826516
1000000 987525
888888 2 7 987553
899999 1 1 900000
1 442995
221936 1 604613187 505021
744134 680 519844007 821931
931375 79047
330243 1 992794965 551036
467528 1 1 467529
153 316
246 793 665342333 558
110 937 683957056 168
355634 165624
160675 811 826156335 635610
368262 131 992173840 463695
980072 422794
298851 1 551255998 509389
4166 184 62395987 57909
357692 931576
127747 312 474471814 188991
663468 596 762631866 767436
1000 999
1 1 1 1000
999 1 1 1000
824444 889305
215839 1 482301745 517224
105631 1 1 105632
964441 837326
158994 1 1 914830
860592 1 1 860593
98463 540120
326120 952 56168888 513748
324432 63 82918046 436888
714659 239899
85003 153 586464471 365671
296718 840 95253059 301955
991958 515936
845863 1 1 939796
883394 1 1 883395
118106 273633
292651 1 731489699 540376
308095 790 781670708 920553
803009 410987
411463 1 1 707336
403312 1 1 403313
924401 423859
827425 1 1 912614
377777 837 256585673 884619
769049 288221
221505 311 369441914 369020
302058 631 936252989 553714
10 13
28 931 601463 36
231 539 556432 258
1000000 15894
296026 1 996734661 577846
257504 769 321961706 771275
79968 732452
370187 374 983542522 869778
247696 968 284147130 367219
1 220175
314782 1 85916975 580006
111422 774 829926001 163376
891026 638320
155667 1 1 805486
815239 1 1 815240
990735 679805
308128 1 111622385 531478
93788 1 1 93789
877977 484562
4839 768 758228967 514102
7715 582 677495059 710847
883235 408099
419838 1 1 712381
451453 1 1 451454
964876 836629
95437 554 846084764 110121
670582 876 626375379 791929
964913 562362
492398 1 1 956043
859655 1 1 859656
915689 11179
284352 1 442770785 579676
81316 1 1 81317
805736 424915
721038 1 1 799852
456082 1 1 456083
744141 831088
231305 382 865874094 369523
111697 809 738939313 334657
946373 1377
270697 1 489360507 567301
86700 1 1 86701
863120 737876
146944 1 1 826666
831093 1 1 831094
817008 641691
194932 1 891001066 478563
430305 1 1 430306
812531 48730
28617 214 994351729 590629
309594 939 698940118 933236
873336 754381
162645 1 1 856025
831484 1 1 831485
959432 745099
493656 637 107390652 551413
578350 303 737515506 963216
1 91396
227548 1 144517831 409115
427113 245 428325448 930336
892732 480073
440549 1 1 867249
976433 1 1 976434
807144 107088
320818 1 472789530 554087
988873 1 1 988874
999847 506491
827143 1 1 914551
533746 1 1 533747
935966 456318
846399 1 1 933617
869009 1 1 869010
586709 302802
48934 427 243308450 225055
471281 943 286628287 675855
945491 794310
157082 1 1 914147
850985 1 1 850986
1000 999
999 1 999 1000
999 1 1 1000
