30
1
1
2
2 1
3
1 2 3
5
1 2 3 4 5
5
5 2 3 4 1
241
-971 998 -963 -957 986 -941 -931 -917 -901 -901 -881 -871 -859 -825 -809 -793 -757 -671 -663 -637 -621 -611 -609 -589 962 954 -575 -569 -529 -497 938 -425 -423 -399 936 -385 -385 928 -385 918 -385 -349 -321 890 -243 886 884 -209 -205 -201 -199 -157 -143 -125 872 -119 862 846 -119 -91 -77 -65 836 828 -49 802 -43 -9 -9 37 41 65 79 792 736 95 734 101 109 147 734 151 157 187 217 698 245 253 269 684 283 315 329 678 343 383 385 385 405 431 431 445 676 676 650 638 461 620 467 596 588 483 485 509 568 511 548 535 577 609 534 611 524 516 653 655 665 665 494 665 669 707 478 717 731 735 747 763 472 470 791 793 809 827 456 847 454 853 855 869 428 422 883 909 921 420 947 370 957 963 975 979 356 995 352 350 342 338 334 330 286 264 242 242 234 206 198 182 154 152 150 144 124 118 104 102 58 56 0 -6 -8 -14 -44 -70 -78 -98 -128 -168 -182 -218 -258 -262 -278 -290 -308 -334 -350 -384 -404 -458 -478 -490 -494 -504 -518 -530 -532 -574 -596 -598 -606 -616 -616 -638 -676 -682 -718 -728 -750 -770 -772 -786 -842 -858 -860 -896 -920 -934 -992 -994 -998
222
924 -943 912 910 -901 -887 862 858 854 -879 -877 -835 -803 -793 -741 -741 844 840 -741 826 -697 794 -667 -567 792 778 774 -553 -553 -541 -539 -511 744 738 734 734 -509 -489 -485 -481 -469 -467 690 -441 -385 -369 676 662 616 610 586 564 560 -355 -337 -291 -289 520 504 -287 494 -255 490 -209 476 -169 476 456 -113 434 -107 430 -99 416 414 352 -87 -77 342 -63 -39 -29 -11 -9 7 336 11 11 316 310 27 49 61 308 93 99 284 121 187 128 221 243 126 249 251 263 275 289 297 305 351 122 363 371 385 385 385 399 401 104 401 423 441 100 449 68 455 473 481 497 66 48 517 525 26 539 547 567 585 631 641 649 0 649 -26 663 -32 -38 -44 689 695 707 735 -44 765 791 821 -64 -74 -92 -96 857 913 929 -112 931 945 977 979 -122 -124 -166 -180 -202 -220 -220 -242 -244 -254 -256 -270 -270 -286 -308 -312 -334 -334 -354 -364 -380 -394 -416 -492 -554 -588 -598 -622 -640 -652 -662 -674 -678 -698 -700 -708 -716 -728 -748 -794 -794 -812 -854 -858 -858 -884 -894 -910 -926 -938 -960 -970 -990
27
-819 -773 -481 770 -407 -279 -237 59 143 179 351 558 510 350 391 395 627 24 6 0 723 907 -18 -96 -316 -434 -594
554
-983 -979 1000 992 -959 -953 -949 -941 990 -935 -935 988 -925 974 -917 -917 -903 -897 -875 -873 -869 -833 -833 -809 954 -805 936 -791 -773 926 -769 924 -741 -737 -735 -727 922 916 -727 896 896 -715 -693 -693 -667 -665 890 -645 860 -645 858 854 854 850 -641 -641 -639 -637 850 -629 848 836 -629 832 -617 822 -611 818 -611 -611 -609 -601 810 808 806 -599 806 790 784 -593 780 -583 -581 -559 -541 -539 -537 -535 776 -525 -525 -511 764 760 -495 -491 -487 758 -483 754 728 -483 702 -481 -481 -481 702 -475 -467 -461 -459 -451 -447 -445 -413 700 -399 -385 700 -381 -379 -373 700 -363 698 -335 -333 -331 -325 -325 -321 -319 -319 -303 -301 -299 698 -299 686 682 676 672 670 -299 -297 -273 -263 -261 -237 -217 662 -205 658 658 -195 -185 -175 -163 652 -153 -149 632 -147 -125 630 -121 626 -121 -111 616 -99 -99 -97 -91 616 602 596 -91 -55 584 -43 -37 -21 572 570 560 -15 550 546 538 -13 13 13 13 532 13 15 528 21 25 526 512 510 39 65 71 77 506 504 81 85 494 91 93 482 478 105 105 474 470 107 119 468 143 159 169 468 175 181 187 189 203 203 209 211 213 225 233 239 245 462 440 247 440 253 265 267 267 273 422 273 418 273 279 305 319 327 406 329 349 404 349 355 396 357 357 363 392 369 375 375 388 378 389 395 376 397 364 429 431 354 433 441 443 338 332 326 324 445 449 451 322 314 451 467 308 308 469 304 469 481 505 509 519 519 525 533 300 545 547 553 565 290 569 591 591 595 288 609 286 611 619 625 258 250 246 627 244 230 631 633 222 663 220 671 210 679 208 208 679 679 208 681 186 697 697 182 182 699 707 707 170 160 709 709 154 154 723 731 733 733 140 735 737 134 737 737 743 751 112 773 779 781 108 106 787 102 100 793 795 805 94 829 835 88 853 857 88 861 875 897 899 899 82 78 903 70 909 64 64 913 62 923 60 931 931 937 941 951 951 965 969 52 989 997 36 26 14 10 10 0 0 0 0 -16 -36 -36 -44 -46 -64 -66 -70 -72 -78 -78 -84 -90 -90 -104 -110 -134 -142 -154 -154 -160 -164 -164 -170 -172 -172 -178 -182 -182 -188 -194 -196 -196 -200 -202 -208 -212 -230 -234 -240 -242 -242 -264 -264 -278 -296 -310 -314 -350 -360 -364 -372 -388 -390 -390 -394 -398 -434 -436 -440 -462 -464 -484 -498 -498 -504 -506 -506 -516 -520 -526 -526 -532 -540 -546 -556 -560 -572 -580 -602 -602 -614 -616 -618 -638 -654 -658 -658 -660 -666 -668 -672 -682 -686 -686 -692 -704 -712 -714 -714 -728 -732 -736 -744 -754 -780 -782 -798 -810 -814 -816 -820 -830 -842 -842 -854 -854 -858 -882 -884 -894 -908 -924 -934 -968 -980 -982 -982 -988 -1000
615
-985 -977 -975 -975 -939 994 -933 -931 988 966 -931 -915 -893 942 -875 938 -871 -869 -861 -861 930 -853 -847 -847 -837 -831 -825 -825 -823 930 -819 -819 -815 -815 924 -811 -805 -789 -787 -781 -779 910 910 910 -779 -777 910 -773 -771 -743 -729 -729 904 -721 -721 -715 -707 -697 892 -691 -689 876 -679 -671 -665 -651 -651 -639 -637 872 868 854 -633 -611 -609 -603 -587 -587 -583 838 -581 -561 836 -559 -537 836 834 -531 832 -529 -523 828 820 -515 -497 -493 -493 -487 -481 -469 -469 -455 -451 -439 -437 -435 -429 -415 820 -413 -413 -409 -405 814 -403 798 -403 792 -397 -387 -385 784 -385 -385 -381 -377 -373 -371 -367 -363 782 -357 -355 -355 -353 -347 -329 -327 -327 780 -325 -325 778 -313 -311 772 -293 -291 754 -279 -275 -273 -271 752 748 -261 -239 -235 746 738 -235 -233 -225 -213 -211 -203 -195 728 -193 -191 726 -191 718 706 -189 696 -183 -175 -175 -169 -147 674 -145 -143 -133 674 -133 -125 -125 656 650 650 -117 -115 -105 -101 -91 -89 -77 644 -77 -77 -73 -65 -63 -23 -21 -21 -17 -11 -5 -3 -1 638 11 11 11 630 21 33 35 628 49 51 63 624 65 67 83 91 95 101 622 105 109 616 117 608 129 604 139 594 594 139 147 149 151 594 153 161 161 169 173 187 203 590 205 215 217 239 588 574 243 245 253 574 273 281 281 299 301 309 313 355 355 359 359 572 365 572 375 572 570 566 379 385 403 554 550 409 550 427 429 548 546 429 530 429 439 510 441 510 441 441 443 447 453 455 455 463 496 469 473 484 473 475 481 483 487 474 472 497 468 499 468 501 464 507 462 460 507 434 420 406 396 511 521 529 531 539 541 549 396 394 390 388 378 559 378 561 368 561 366 569 344 340 585 595 595 326 597 312 607 308 609 629 300 294 280 631 639 641 238 238 647 651 228 226 657 220 218 667 687 202 691 693 202 695 182 174 156 713 723 733 146 735 737 130 126 741 112 753 761 767 775 777 783 803 112 104 811 819 98 829 833 843 849 86 861 869 74 72 50 38 875 879 28 909 917 26 923 923 931 14 0 931 937 0 939 0 943 0 -8 -14 -14 -28 -38 -50 949 967 -54 979 979 979 -56 981 983 -60 -62 -68 991 993 997 -68 -70 -98 -98 -100 -104 -104 -108 -110 -110 -114 -126 -132 -142 -152 -154 -156 -158 -174 -182 -184 -196 -202 -210 -212 -216 -222 -234 -236 -242 -256 -272 -280 -280 -282 -282 -284 -286 -296 -304 -306 -310 -314 -326 -328 -330 -344 -346 -350 -350 -364 -364 -364 -370 -374 -388 -392 -402 -414 -416 -420 -420 -440 -446 -446 -462 -466 -474 -474 -486 -488 -500 -504 -504 -512 -518 -526 -536 -546 -558 -564 -576 -592 -596 -596 -598 -604 -608 -630 -638 -650 -658 -658 -660 -672 -672 -674 -676 -676 -686 -700 -704 -714 -716 -722 -726 -742 -754 -770 -780 -790 -792 -792 -798 -798 -798 -806 -806 -810 -814 -826 -828 -836 -836 -842 -850 -856 -858 -858 -880 -884 -896 -896 -896 -900 -904 -918 -920 -924 -938 -944 -946 -948 -958 -962 -962 -962 -976 -976 -986 -988 -1000
846
-997 -997 1000 -995 -987 -975 990 -971 986 -971 980 980 -967 -957 960 958 952 -949 946 -945 -935 -935 -925 -923 -923 946 944 942 -921 -919 -919 940 -909 926 -875 924 -875 -875 -871 -869 -869 -857 924 922 -847 914 910 -847 896 -831 -825 -825 896 888 -825 -819 -805 -805 886 -805 884 -803 -803 -801 -799 882 -799 870 870 -793 -791 -783 -777 -767 868 864 -765 -763 -763 -763 -761 -757 -755 -749 -717 -715 860 -707 -705 -699 -693 856 -691 854 -689 854 848 844 844 -687 -683 -679 840 -655 -651 -645 -641 -639 836 826 -625 -623 -621 824 816 -607 -605 -601 -601 -597 -591 814 -565 -559 -553 -549 814 -539 -539 -539 -533 -533 -531 -527 810 -521 -521 -515 -515 -513 -511 -501 808 -501 -501 798 -499 -495 798 -491 792 776 -491 -487 -487 774 -469 -461 -459 -457 770 770 764 -455 -455 -453 -451 764 758 -449 756 -427 752 746 -425 742 -425 -407 736 -403 -403 -401 -395 -395 -395 -389 -387 734 734 -385 -385 730 -381 -375 714 714 -371 714 -371 -371 -357 708 706 -357 696 -355 -353 -347 -345 -339 -337 -337 -329 688 -325 686 682 682 -323 -321 682 676 -321 -319 -317 676 662 -315 -313 -309 -299 -299 -285 -279 654 -275 -273 -263 654 -257 646 -255 -247 -237 -235 644 -221 -221 -221 642 624 -219 624 -207 -201 616 -195 -189 -187 -185 -169 -167 -165 -151 -147 616 -141 -137 616 -135 -123 616 -123 -117 -99 -99 612 -97 -97 -97 -95 606 -91 602 596 578 -89 -85 -73 -49 574 -47 -43 -35 572 572 -31 -21 572 572 -19 -7 -3 9 9 11 558 550 546 13 15 534 33 534 37 47 530 49 49 51 55 528 526 57 61 522 514 514 71 508 77 506 77 81 85 93 93 99 99 101 105 105 113 117 117 131 131 494 133 490 484 145 482 157 476 163 163 165 167 476 175 177 179 472 183 185 187 187 462 187 452 195 452 440 440 199 209 221 223 227 231 438 436 231 233 239 432 426 247 420 247 247 267 269 420 418 271 273 416 275 408 404 398 279 299 301 303 309 319 321 325 327 396 343 343 361 363 394 363 369 388 371 375 386 377 377 381 385 384 384 389 391 397 401 407 413 415 429 429 380 435 380 441 441 374 451 451 372 455 459 471 473 481 370 487 364 364 491 507 517 533 360 535 539 360 539 539 354 539 543 551 352 559 348 559 342 559 561 561 340 565 567 567 581 583 583 597 324 605 611 615 312 617 312 308 621 623 627 629 306 637 637 304 645 300 300 659 298 681 681 683 683 286 286 278 683 693 693 693 274 264 693 260 705 707 260 715 248 242 717 721 238 723 232 725 228 725 729 224 731 735 737 739 747 749 749 765 771 224 777 777 779 216 781 781 214 785 803 805 819 210 819 208 819 204 825 200 192 186 184 178 176 825 172 833 168 843 845 857 859 861 861 168 162 869 869 883 897 901 901 903 160 911 919 923 925 156 931 935 935 945 947 154 128 120 947 947 951 955 957 118 963 116 965 969 971 987 987 989 993 114 108 98 92 88 78 78 72 72 64 54 44 36 26 26 14 0 0 0 0 0 0 -8 -14 -14 -14 -14 -16 -22 -24 -30 -34 -34 -40 -42 -44 -52 -62 -74 -76 -78 -88 -98 -110 -112 -112 -112 -112 -124 -128 -128 -134 -144 -154 -154 -158 -174 -176 -198 -202 -208 -210 -214 -228 -236 -238 -238 -242 -250 -250 -252 -258 -262 -266 -276 -278 -278 -280 -290 -294 -306 -308 -308 -310 -314 -322 -322 -326 -326 -328 -330 -330 -336 -336 -338 -342 -350 -352 -356 -360 -364 -366 -368 -370 -382 -386 -388 -396 -420 -424 -426 -428 -430 -432 -434 -434 -436 -450 -460 -482 -492 -504 -506 -512 -512 -520 -522 -522 -522 -530 -532 -546 -546 -550 -570 -572 -580 -594 -602 -616 -618 -620 -624 -630 -648 -650 -650 -676 -686 -692 -694 -698 -708 -710 -712 -726 -736 -736 -740 -744 -746 -758 -760 -760 -762 -768 -768 -770 -770 -774 -776 -782 -784 -784 -794 -800 -810 -814 -818 -820 -822 -826 -828 -832 -836 -836 -836 -858 -868 -872 -874 -880 -880 -880 -880 -882 -888 -890 -896 -902 -902 -914 -916 -916 -924 -924 -924 -928 -932 -936 -936 -938 -952 -954 -962 -966 -966 -970 -974 -976 -982 -984 -986 -988 -990 -990
302
990 -991 -959 -941 -925 -919 -853 -837 -819 -807 -789 -769 -739 -733 990 988 -729 -715 -715 -709 -693 964 -677 -671 956 952 -657 946 -649 936 924 916 -609 -605 -577 916 -573 910 -559 908 886 -539 860 -539 -517 858 -497 854 -497 -495 -489 -487 852 836 832 -473 -467 -465 -387 -365 -357 -287 -241 -231 -227 820 814 -217 -181 786 772 770 766 754 748 718 700 -181 676 662 -177 660 -175 -147 610 -129 -123 -121 -95 598 -91 598 -91 560 -45 -45 -33 -33 542 -23 -7 530 526 -7 506 488 476 11 27 39 65 67 73 474 462 77 91 105 143 147 203 209 233 237 245 462 267 448 283 297 309 343 351 357 365 407 411 423 420 402 429 455 471 485 511 396 537 539 545 366 364 364 551 561 362 589 354 611 627 637 354 637 647 653 693 348 701 322 715 719 310 719 721 729 294 737 753 755 755 767 797 819 819 294 833 855 865 867 871 290 875 895 899 903 236 913 935 949 224 949 957 973 995 210 999 208 204 186 168 164 156 154 124 112 112 84 82 44 42 42 28 0 0 0 -52 -56 -82 -90 -92 -98 -106 -112 -120 -128 -130 -144 -168 -212 -212 -236 -238 -260 -264 -266 -286 -300 -304 -314 -328 -330 -332 -338 -352 -374 -376 -392 -402 -416 -418 -456 -458 -458 -464 -494 -496 -518 -518 -542 -570 -586 -594 -608 -616 -638 -650 -672 -684 -696 -716 -724 -728 -752 -754 -762 -770 -770 -778 -782 -836 -836 -850 -878 -884 -904 -906 -910 -924 -926 -936 -946 -952 -980
462
-987 -983 -983 -971 978 -965 -957 -947 -941 -937 -929 -911 -903 954 -899 946 -891 -889 -889 -879 -867 -857 -845 938 908 -813 -787 -769 -759 -757 -751 874 -745 -741 -725 -723 858 858 -721 -711 -693 822 -693 -671 -665 -661 -653 -623 814 -621 -619 -615 -605 806 798 -601 778 -581 -575 766 -569 -553 762 -545 742 -539 -519 738 -519 -513 -509 -501 -473 -461 -459 -443 728 -437 -433 726 716 -431 708 -427 -417 -405 -397 -383 704 686 -371 -369 -325 -323 -319 682 668 666 -307 -301 -289 652 624 -289 -287 -273 616 616 608 606 604 -273 -273 594 -251 -241 -225 572 -221 566 -203 -203 -187 -179 -179 -159 562 560 -147 -145 -141 -133 -129 554 -121 554 -97 -95 -81 -47 -39 -21 21 51 546 53 65 73 79 546 97 99 107 544 536 119 141 145 528 147 153 153 522 163 520 514 165 165 508 506 502 498 169 183 199 201 203 492 217 229 231 237 253 271 271 271 273 315 490 484 317 319 331 333 351 470 462 462 371 389 454 399 441 442 443 440 451 453 432 430 420 420 416 469 541 416 553 559 416 392 571 571 583 374 609 609 611 643 647 651 651 673 685 691 374 693 693 370 697 703 713 715 719 360 731 342 731 739 739 745 340 336 747 312 759 761 771 773 300 296 264 793 795 262 799 819 260 825 833 242 839 240 843 240 226 224 847 847 855 863 865 871 220 210 174 164 871 875 162 154 154 881 883 903 911 144 142 913 917 919 923 925 939 112 110 945 110 98 88 949 86 76 971 991 991 991 74 42 38 36 28 22 12 12 4 0 0 0 0 0 -2 -4 -8 -12 -20 -34 -60 -70 -72 -76 -78 -80 -84 -86 -98 -100 -102 -112 -112 -132 -132 -132 -132 -140 -144 -158 -168 -186 -206 -208 -242 -248 -254 -264 -278 -288 -294 -304 -308 -308 -322 -334 -336 -336 -338 -344 -364 -374 -406 -414 -424 -426 -448 -462 -462 -464 -474 -482 -488 -494 -508 -522 -528 -546 -546 -556 -574 -574 -576 -586 -594 -608 -612 -622 -626 -638 -656 -656 -660 -672 -676 -676 -682 -698 -700 -712 -718 -726 -726 -728 -734 -736 -740 -746 -746 -754 -764 -766 -776 -778 -792 -792 -792 -794 -796 -798 -798 -804 -814 -826 -830 -852 -854 -854 -854 -858 -874 -892 -896 -904 -906 -908 -910 -918 -924 -924 -946 -958 -968 -974 -998 -1000
32
-841 982 862 -363 129 253 550 357 609 763 392 388 376 771 340 879 915 298 86 66 16 0 -6 -16 -148 -672 -686 -688 -712 -720 -762 -952
68
-989 -939 -777 954 -761 798 -749 762 -693 -607 -385 742 -369 -305 734 -295 -253 -169 606 490 -147 -113 -77 -61 53 71 75 189 231 399 495 402 372 537 593 360 320 120 609 613 671 0 721 771 913 -6 917 919 -220 941 -220 -222 -352 -378 -422 -448 -462 -518 -596 -668 -668 -700 -738 -778 -826 -870 -902 -908
1000
-990 551 700 411 -440 65 148 175 -634 -693 264 -891 -968 -376 -415 -357 -561 13 423 676 757 32 0 -19 871 458 -731 -532 777 -247 350 -563 -21 -456 261 -587 -100 286 871 544 252 -441 -619 -686 364 703 -195 616 -141 807 741 -543 143 -279 -227 830 772 542 765 693 845 985 319 -385 -160 -7 287 -21 440 -933 -380 511 -871 -715 522 161 -773 -367 34 749 -231 48 -301 -326 217 979 0 287 -738 969 871 -819 759 171 256 311 8 -47 130 448 765 -408 -367 475 251 -635 358 -567 -810 -195 -518 -815 685 581 251 875 -843 -695 -645 581 273 517 -598 -439 -167 -121 -247 26 550 856 561 -711 447 -705 572 518 3 840 -495 -689 -143 -132 204 294 737 883 -836 -676 -477 -347 207 -967 -683 549 -867 832 -749 483 -623 -773 846 389 -406 -413 -121 999 -35 618 357 -573 -427 236 -746 -65 -511 951 -897 -658 567 280 -355 562 366 -959 847 -286 -607 22 -553 -490 -451 -589 -169 95 645 423 -896 435 -876 598 210 640 822 -615 -693 -883 -153 42 3 137 -979 -103 794 -434 -331 966 -622 -768 98 666 -835 -893 -96 176 -98 359 420 -123 741 582 -499 -476 126 -985 371 -107 -27 24 743 269 -163 -329 561 723 172 644 -27 720 693 -217 485 -563 267 -462 191 729 987 -892 -3 552 -75 968 -907 373 -123 -421 -11 529 -975 988 651 -490 950 -139 737 -667 231 561 273 -106 -375 -753 812 288 -469 -339 720 -823 -239 434 781 879 893 -262 441 -167 246 217 -868 -417 -843 869 -615 -643 -933 -939 -869 836 280 -935 -810 -919 683 -613 -415 367 -515 -329 86 -741 91 404 170 -357 -141 629 -320 272 127 760 913 143 37 -749 597 -428 -385 -788 343 -57 7 339 -810 -218 -595 259 603 -739 287 -931 741 937 184 -142 845 -357 622 867 544 -91 -385 575 -210 861 -965 167 469 -623 977 470 -441 945 410 967 -159 521 603 -237 359 935 679 -663 -807 318 917 81 -889 542 818 518 -850 -585 716 3 -629 -495 -351 -617 -616 889 289 -952 -596 -775 952 -677 -884 -938 -339 -670 35 940 113 -794 223 143 -971 -778 -933 -833 455 -545 -873 -37 -743 -847 -618 -727 79 -225 -674 0 -203 299 263 927 -26 -917 553 946 511 707 -777 -103 -375 77 71 -11 -78 -819 -308 394 595 359 847 273 -438 622 -911 -378 561 395 884 381 -503 -546 365 776 -356 -151 303 -637 462 -587 -585 -32 -441 -157 -279 517 -810 21 282 -112 -459 562 -498 736 857 -418 378 160 -515 -275 -390 861 -228 -523 -546 121 -750 -731 737 -59 -845 -565 -906 559 -407 887 -313 -686 472 -585 -47 -5 600 -611 -827 -186 -13 854 -822 376 -778 606 -231 -127 803 -982 771 -455 203 -855 193 -671 311 -133 -130 -833 868 825 273 -521 -743 363 567 -767 572 165 7 581 -984 -758 -760 143 -91 -145 -843 341 -811 69 -385 819 -381 -388 409 448 781 -707 145 -393 -845 636 -609 -357 854 -955 371 -195 -777 -637 847 489 225 81 706 623 678 -441 767 -519 561 286 -700 367 951 -924 -595 602 -540 -471 -362 -484 91 -763 345 421 87 -209 751 -837 -727 -925 -229 -759 793 -348 -597 -322 -694 -447 611 -847 -570 -619 -601 129 210 -985 -627 -385 -562 -636 748 -857 -708 461 -155 478 -929 440 -67 962 693 273 -350 721 229 83 -611 -533 -214 -388 986 -42 -889 -127 411 -717 -847 108 -994 -749 -767 616 -563 -7 273 858 495 -352 -873 464 319 -112 558 -630 392 551 -143 732 572 980 -341 568 -381 475 575 -563 -905 928 -759 196 63 313 975 -520 476 405 67 -351 -257 -827 610 -291 -691 -696 -81 467 -476 -558 -693 -1 -809 897 16 363 983 161 645 814 -154 529 575 347 308 -517 570 -353 333 330 -33 -781 -855 171 501 602 697 819 715 294 795 105 -985 -121 -199 -978 78 -627 175 949 -30 910 -229 -564 -847 723 -995 533 -7 819 247 507 286 797 -85 259 499 -315 -844 -823 -902 -772 798 -858 -784 -784 -226 98 442 -14 -858 -638 590 850 -218 -334 -670 286 594 -154 -126 -918 896 -180 -56 -192 598 -106 -830 -604 462 758 -354 390 90 -154 44 -440 -812 -926 -406 -810 390 804 294 -744 -614 -592 -482 644 690 -714 -332 196 886 -924 812 -200 -498 -726 424 660 364 -258 202 -298 -440 -40 -616 -614 176 308 -196 -462 -348 970 234 -898 -64 470 -292 936 -564 -504 -728 -396 -472 -164 374 -286 -532 572 -78 262 46 400 -350 428 304 544 772 -712 -748 -298 -152 122 688 -676 -700 -616 -858 -408 -834 76 658 578 -950 -886 -462 602 -920 -318 400 130 -624 -462 -880 -550 0 -366 -658 204 276 752 -260 -546 -964 54 -850 -834 -128 -564 -364 118 -318 -42 -48 -644 202 164 924 442 450 182 450 670 -900 260 44 946 -266 432 532 572 -686 876 868 816 580 310 134 -644 -910 -358 830 688 266 -280 294 -546 -676 462 478 890 54 410 994 -504 -912 -412 -450 -536 -82 -936 -160 -442 -614 10 388 720 240 -186 902 78 -814 916 -924 -128 338 -244 -648 294 200 -374 -654 438 244 644 -308 28 732 948 518 770 80 260 932 848
1000
-875 -925 386 -888 209 224 -269 81 -432 22 641 357 176 -970 944 -863 -229 -721 -854 5 949 417 97 263 962 499 702 271 -403 -680 -49 -260 -489 744 945 -833 -663 -924 287 -44 531 -777 -244 -99 -238 898 -937 643 82 -663 -792 -623 639 91 840 -174 -542 -567 675 715 -488 -191 -646 -93 -559 -231 -598 -898 517 -364 31 -695 585 -659 -501 -3 -271 -212 719 93 -800 -74 226 -855 -242 -719 -225 14 435 423 439 -156 778 803 -326 451 -695 -788 -429 -191 -502 751 -390 100 562 -484 -655 798 303 112 227 -351 777 539 65 -174 -327 133 576 -793 738 582 570 -949 550 0 110 667 -902 -341 777 663 642 735 462 -341 634 335 686 -446 749 -724 19 126 732 -803 849 163 -379 95 661 26 -259 572 208 -392 887 -617 65 -639 59 -427 -812 823 424 245 777 590 485 -816 146 51 -603 935 868 833 843 783 -699 693 -523 -546 -417 -533 419 -124 -588 498 679 629 -400 -91 -413 429 -404 496 183 -449 544 -819 -451 763 -10 -560 -248 -567 386 -827 963 -119 719 413 -539 -646 505 123 -36 151 -329 -386 -754 -169 -646 -336 -639 -723 -38 -247 807 33 -33 -421 -728 768 810 635 392 0 -561 -420 -493 -385 -51 -789 414 -429 -117 -157 462 673 -623 -247 -779 297 602 -91 638 -263 -175 -161 -584 -883 627 853 567 -987 -661 883 475 -147 464 -799 -197 445 303 -247 753 -97 -171 924 759 -795 -814 -793 -66 -568 381 502 537 -833 619 -273 -952 -463 -379 305 69 -203 117 143 -79 -308 337 546 35 -772 -588 -799 -329 -847 851 -282 581 329 135 -968 187 -351 -323 -875 9 -624 -403 -667 -828 856 245 -455 554 60 275 -385 -507 -478 -363 559 -71 -441 147 -792 -394 -694 406 584 -429 761 -458 -792 -385 828 497 13 133 -811 -851 -841 -234 870 6 -861 -572 380 530 -847 -980 196 -747 838 -863 485 -875 -121 583 -477 -1 -246 745 -695 314 -133 -692 121 -39 667 -909 77 -425 858 -380 193 -777 -385 847 980 -987 -844 -403 385 -187 -921 681 115 -510 319 89 -685 -482 60 -238 -737 101 265 374 -224 39 273 -283 247 291 -219 -698 -581 585 -571 507 875 714 -244 -563 -511 -997 651 -437 -485 -725 -545 804 -941 -324 -871 -72 509 399 643 163 371 -950 635 -444 0 -463 -299 -581 -507 -411 -455 925 -364 -305 143 -199 -211 77 -450 -13 714 11 -146 463 -779 623 -756 672 537 365 -798 930 -1 933 273 605 -395 385 653 815 -217 -592 666 -517 -559 -455 706 -165 -205 486 455 -819 -420 274 -233 931 -840 -133 -579 -924 -679 103 -126 -943 -7 13 -273 805 897 -797 60 685 -836 -637 -749 -396 -682 -909 -952 -17 91 0 146 -595 -999 -769 -164 715 237 318 539 707 173 10 234 -46 682 -527 819 559 -631 -609 614 -52 987 440 920 -922 690 -29 3 -715 105 -701 -496 175 305 -786 -170 -542 423 254 104 -122 -599 -572 87 -301 -827 -924 587 218 -209 4 0 -327 825 717 615 323 -337 -715 -925 -606 -377 232 205 -221 67 351 255 -983 469 141 -201 273 -189 -21 503 -777 -556 -526 -359 -681 -507 -130 -599 155 -3 948 413 635 725 -451 595 561 111 349 -455 -628 -371 -679 803 226 -231 -790 89 937 374 875 -770 -881 -577 -660 -271 -294 -497 289 911 -923 -893 -413 237 -628 -433 -97 163 594 -683 595 396 -709 -729 -113 -317 -89 -346 -238 -351 877 -447 -599 20 -925 416 -272 -379 75 9 363 -364 705 -442 515 0 -125 462 -385 34 671 43 95 -517 -280 -647 728 -695 517 803 301 -56 97 -430 954 -347 -437 -809 -182 -76 -225 -585 459 651 7 -412 797 949 557 -162 275 273 792 -435 -408 231 -154 -533 -770 5 370 -331 805 -522 -205 154 -525 -987 -434 745 -99 364 748 506 -610 -704 -858 476 898 -396 770 62 634 196 -964 712 -482 406 -968 -112 -74 -1000 248 726 -598 916 644 -920 1000 914 -788 466 904 614 930 -756 374 -80 -726 -334 496 78 -842 -640 206 -578 -520 -298 98 -308 638 440 854 36 -44 -792 -952 -948 884 114 -938 464 -52 -598 -14 508 222 -730 -942 -778 -754 598 960 488 -624 68 -662 972 -742 -432 -768 -560 130 -686 -936 -46 938 -16 436 -196 -604 370 700 586 124 242 -880 268 -488 758 976 -628 -464 -916 -696 -824 318 -842 590 532 642 -54 56 -140 528 -202 258 -628 422 452 348 -862 -612 818 52 -858 808 678 388 -322 18 -880 994 504 -828 -520 -860 0 -612 74 -688 -438 756 284 -458 -420 -84 406 -448 -32 894 -744 -556 -352 440 -724 -304 794 58 132 -416 792 528 906 648 938 -644 556 -54 434 840 -14 780 38 -990 458 -266 -990 -796 -966 -140 588 54 70 442 -270 514 112 -884 354 174 154 416 -662 610 354 -96 -644 442 -224 -200 422 884 -884 878 -986 -826 982 820 -566 -512 -268 -306 286 -432 -792 304 282 -526 -908 760 -126 -576 -518 -712 -592 -670 924 860 -866 -126 840 -92 -922 -264 14 790 880 -750 -114 566 148 620 -756 260 -776 0 952 182 958 -858 -284 462 -322 294 -750 454 78 206 450 674 388 -234 -296 908 -192
1000
-371 301 91 65 -119 389 -66 -952 -599 77 683 -661 -999 809 455 -219 163 -220 -924 203 -875 693 110 855 155 -769 -157 382 585 -675 832 187 337 -35 -591 11 -779 -286 -671 -623 -733 993 183 -319 409 815 55 -814 789 -503 5 133 -39 -314 45 -340 651 -346 385 933 -646 824 -885 780 760 897 -287 637 -812 462 -586 126 143 -107 -726 -553 -917 268 917 609 -659 -630 872 -636 -975 -413 71 -76 -470 -259 871 519 -863 -767 -171 -778 351 948 -826 989 255 -374 607 432 -918 553 143 442 538 -531 -657 -112 709 149 -645 41 211 783 -91 548 780 21 178 623 319 -642 -941 -307 957 -760 870 -347 -449 429 385 943 903 -455 -708 -441 -299 -686 -736 567 -767 35 -297 924 -993 296 -720 306 812 -793 974 -312 -994 146 -737 -566 -997 66 -349 519 0 -731 -444 -595 260 286 253 329 413 459 -64 -153 588 -262 182 718 -221 -210 66 494 377 451 242 -435 163 -749 -663 -265 749 -983 -273 -787 917 553 -407 -210 -351 -371 473 597 583 432 -885 653 579 452 920 88 -807 -247 -497 -91 467 -533 260 -317 821 440 443 -3 243 773 -879 392 295 267 275 -485 183 -856 -749 -559 702 247 -935 413 -287 658 33 -733 340 -911 541 392 -756 -722 -935 845 668 730 331 914 215 -109 -735 772 -758 -839 -825 955 -847 -959 -572 -147 -715 -768 -259 -659 -273 -793 229 -833 -371 621 -249 -82 98 262 17 803 718 -387 -359 715 -279 -468 589 -667 244 999 196 -913 812 403 98 877 575 -879 -82 648 784 -637 469 612 663 315 447 214 731 -204 -203 -847 264 -520 -194 -844 -913 817 309 603 -326 338 -882 -39 -389 858 476 -483 -657 -211 -343 907 -603 506 897 576 -803 -411 819 0 -471 -635 -994 519 -763 587 -27 -932 847 583 -728 593 -666 598 783 -215 -959 645 926 -305 957 -43 -489 -59 595 803 273 -693 -469 124 -585 -748 -377 -874 791 -337 354 -583 -643 689 357 497 236 981 973 252 -803 -127 594 645 441 721 523 333 -82 819 -407 369 0 -865 -65 525 985 -939 -791 -605 -638 655 761 847 576 -616 -423 -375 -784 191 609 603 -201 731 497 -871 -364 -168 -121 -333 325 -684 619 -886 391 159 -60 65 -664 -805 781 821 336 374 -721 -487 169 925 -61 561 469 714 -308 -197 -809 -158 -823 257 245 -711 -707 -535 817 -517 -195 329 -175 -419 694 17 -13 481 -429 -637 -396 208 -42 966 909 -273 -185 -63 -945 -647 -393 -49 260 -174 990 427 -539 -209 47 -130 -631 779 464 441 725 887 -924 -141 -955 -796 703 -707 -21 84 553 -61 455 257 -843 -909 -441 -565 838 -862 0 -309 497 856 -322 -481 -501 598 -130 999 -710 927 -980 409 88 -945 554 -842 -798 606 -157 -41 541 -725 954 936 769 -918 643 98 52 -631 -445 -901 -177 -551 273 103 -512 -217 -517 5 -819 331 -433 365 -169 -945 -672 -234 -516 343 -659 -865 104 210 -599 -599 -175 -250 -561 287 165 -555 -650 683 -621 -15 -269 883 770 715 105 -141 -202 297 -511 928 806 -334 917 14 -333 693 -624 282 377 763 -682 271 -559 -412 -517 265 -389 403 -521 295 259 183 -371 -147 -682 131 871 257 345 963 715 574 -539 232 469 964 819 -195 899 -39 -820 229 297 533 500 -170 -519 -964 -491 -769 -174 33 420 262 705 -869 -562 774 5 669 -122 876 983 930 754 -441 -803 -273 -157 -780 143 168 -557 -606 517 538 -897 69 898 121 -847 880 -540 -963 -549 -878 71 -461 927 -56 941 281 -649 832 849 973 -941 -447 -975 459 95 -392 759 157 169 -247 357 28 -43 163 123 143 679 442 -235 -845 0 -291 -80 409 81 39 -339 -945 468 91 -782 -511 160 -945 -823 334 -371 392 -474 726 948 534 962 -448 -22 -282 -718 902 442 -262 -224 988 -400 -94 -636 634 -326 384 -516 242 -292 950 720 804 -100 208 84 -672 412 -418 -838 318 490 -896 -360 364 -946 700 354 -746 -332 -470 94 -546 -160 712 806 70 200 -588 584 416 -880 -286 -82 28 736 34 -924 550 46 676 -934 -446 -66 546 308 92 -840 354 322 -198 -814 4 104 606 1000 -376 -938 468 914 530 772 -506 -566 964 -148 896 926 22 -816 536 -102 0 834 378 -236 -852 220 -930 0 -778 -322 20 44 -338 742 -190 172 36 -170 -68 912 -252 -886 584 -560 746 866 -982 622 -308 -408 766 -980 -212 502 -996 856 -796 716 -384 -476 -356 -274 526 630 58 848 -80 792 128 220 760 242 -560 -980 -138 494 -892 -932 -958 480 704 -66 -762 52 -420 -832 -778 714 -884 -648 780 108 -54 4 -70 608 -594 390 354 -728 -140 156 -514 370 374 330 -166 -538 -992 574 812 976 -294 532 -644 -988 -704 -490 552 -276 -338 760 -668 -142 -208 440 -252 882 -310 792 -670 -336 144 -394 -236 -936 -128 -704 -616 -910 -868 644 598 868 -832 588 -950 -390 368 -194 -308 -168 950 -588 376 -144 580 448 -522 858 962 630 12 610 -764 646 448 98 598 220 -694 390 -950 132 960 690 -314 104 -594 546 248 324 -792 100 32 -182 462 -6 616 280 728 -414 18 -650 -266
761
235 -559 609 -948 378 771 440 640 -984 -320 986 -267 857 -442 -598 -288 843 189 201 -238 -120 551 763 -928 855 19 737 -455 330 247 889 572 363 -428 -753 331 -879 -539 -393 -911 -331 127 -455 -542 663 -333 709 -95 -551 -994 -453 546 31 889 -8 -589 -993 253 -4 281 947 -677 -111 822 559 -61 -847 -737 347 847 -504 665 21 -861 117 -247 -9 -761 -980 273 -207 733 607 -165 -423 9 -308 930 339 -493 -928 -419 138 505 -154 -231 -948 303 935 -798 -398 -605 -529 275 -465 -423 -949 378 176 -396 -347 -367 -923 357 0 -132 -560 236 -679 -427 -387 -484 -12 631 691 593 6 427 232 -873 777 -764 -225 -259 -789 791 62 -434 14 -377 813 -143 -668 -553 665 -385 -723 -544 143 -427 263 -598 527 -168 -659 -322 790 127 -633 476 378 -933 -357 110 468 -416 -455 171 -608 -249 -273 479 945 -749 -469 -191 632 -874 -103 -709 420 581 18 0 455 346 -399 -725 -517 -796 221 397 -427 377 -506 707 -243 -399 -255 900 939 747 631 -565 -354 -83 -319 501 849 347 551 -130 -756 -373 614 859 583 325 737 336 835 -807 -107 -398 -93 -569 -105 -108 -62 -495 9 197 -677 673 562 -595 825 302 -84 -913 -637 -553 -7 271 870 -495 559 973 253 -399 287 638 -959 -750 -669 369 107 -771 676 13 -525 -77 -511 -268 -14 2 -658 -597 -271 -472 625 -26 189 -945 819 -596 932 526 375 -715 111 178 826 -385 228 -394 737 -187 895 689 -497 595 614 280 182 -533 -869 917 -780 -903 -475 -52 305 889 0 -479 336 845 -113 -546 -242 -733 217 -91 -232 321 679 -595 -95 -403 -635 271 -737 843 728 748 -44 -546 -533 -647 334 56 484 -585 -755 946 836 685 -112 -35 347 -353 -631 -684 441 739 -224 477 -807 385 357 -143 -973 483 530 -239 69 24 829 83 -231 -114 -239 599 428 -643 820 -843 -329 273 154 -412 -597 -845 -455 682 -735 -149 -195 586 -307 -239 689 -414 0 686 -202 -23 -189 387 735 427 958 247 665 -393 -875 -455 900 560 793 938 399 -783 -83 -857 806 -40 693 -539 -693 -623 608 -550 569 312 -737 -847 286 -674 -734 -403 763 507 -259 -187 637 -342 -840 798 -367 503 -298 455 40 -539 -98 -39 1 -197 627 -693 40 963 781 890 154 35 -887 335 -771 -127 -601 -873 -700 427 -781 145 458 -247 -903 -308 271 -421 -273 -43 -339 938 -102 759 -301 -297 -147 320 -853 -605 620 147 602 208 -891 625 297 -814 -175 -527 -83 -455 673 -637 -350 -549 -468 890 127 -196 -158 -854 560 -285 967 481 937 -406 973 -109 -188 445 -923 169 0 -636 966 -526 -479 -433 -35 20 -135 -929 -585 455 -491 -542 693 -261 -824 -182 -527 456 -165 844 309 -455 -737 818 559 -671 647 -59 861 -303 -389 473 461 -389 -84 -475 835 667 210 694 583 -651 -357 451 987 479 851 330 216 -711 897 17 74 174 588 455 -266 -617 -40 664 -874 75 252 918 -364 -490 256 560 290 578 880 -614 924 -438 -434 -386 -466 724 440 314 -182 -158 956 -290 -690 -474 466 -936 954 592 834 918 -560 528 462 476 -362 -410 432 218 866 -414 662 278 -778 -154 606 -348 678 -742 -208 -700 462 -178 896 -684 -212 -676 -584 150 228 846 -980 54 -116 716 376 620 -244 -392 -968 -326 538 -462 246 -606 494 844 542 646 740 692 -156 -68 948 120 220 -126 -584 652 -702 700 -858 312 -122 314 -868 -800 -928 -350 -440 -890 740 -580 752 -376 -352 -26 4 -924 -330 -792 -434 -404 -518 -148 -654 -846 -372 514 -484 -964 -280 536 448 104 -414 346 518 -446 52 754 -344 316 606 -64 56 144 -276 -758 -340 854 364 -802 262 264 -28 -704 218 418 -114 266 110 406 856 -534 68 -162 -900 112 880 -182 6 894 -136 858 -972 -26 598 -490 -916 988 -888 -450 -772 -970 -650 -322 -742 604 834 434 188 -962 -278 -288 -852 -34 -928
958
807 209 0 8 -269 -329 575 557 371 287 -827 -559 991 94 -721 -792 349 497 -596 -242 -485 -195 247 163 652 -344 -486 -651 561 273 -187 627 -141 453 -419 -619 -507 402 495 711 65 -41 -469 565 -670 55 -837 745 -11 -169 974 -65 923 187 217 -72 855 743 -220 -245 807 481 280 -843 205 763 -462 650 -369 73 -1 -448 325 -378 -229 -941 -907 -893 -434 -657 -826 427 -62 614 55 -642 -637 -285 -767 973 -449 371 -721 -993 -375 -163 -329 -163 -202 -832 196 314 52 -155 401 714 -651 731 -295 574 514 161 748 -812 -965 -475 775 147 0 -889 826 969 -425 -473 263 -637 -421 -770 623 961 -865 -447 231 247 -667 -648 441 -455 178 -429 843 -273 -924 985 99 36 -881 -794 -911 -129 -154 208 -924 221 273 -559 989 -26 -231 418 -961 -702 288 -365 205 -825 -601 134 -699 541 -182 718 -747 -12 -83 585 35 19 767 531 -404 -308 283 875 344 263 -513 468 894 -598 -98 -385 698 -911 710 791 -679 714 495 66 -480 189 523 343 -971 598 94 53 924 -814 237 955 807 28 -975 105 609 -553 -508 -601 -242 -26 152 637 166 -127 858 71 -809 498 976 -560 -744 -116 912 111 -226 429 181 201 52 569 451 -384 -138 -418 368 -143 808 653 -917 -847 -581 -119 -811 -651 253 -652 -39 173 -239 290 938 300 -108 -355 -569 792 215 -179 -344 -205 -204 -888 693 123 -896 -687 -28 907 750 194 -772 385 -187 155 307 -857 -199 -237 247 -443 -749 -13 -481 267 447 926 104 78 -641 -489 -670 209 -71 970 -567 -35 997 -399 617 938 55 -975 -506 -195 84 -244 -493 -743 -959 -5 653 286 -391 675 672 -509 156 -382 616 -549 -581 973 990 213 369 -815 -143 -336 -422 -609 801 -286 591 226 -539 -671 8 -83 -341 736 -803 -84 231 335 315 607 -807 889 575 21 730 987 -860 -264 611 -385 846 -946 -945 794 986 845 825 -727 -74 -807 747 543 -913 -889 -264 429 -676 847 364 598 523 107 -203 121 -935 592 -121 22 -55 -514 77 725 -961 -987 -13 -143 -21 -153 459 995 141 140 536 525 -306 -915 -453 972 391 273 -114 -826 756 191 -429 -487 819 723 -749 -759 -744 578 -815 -211 -186 -969 531 -760 -497 95 429 594 -819 -908 850 991 -301 -231 -979 -63 -419 948 -251 -835 -761 -577 63 72 451 625 -455 560 973 -22 377 -115 295 234 507 955 920 -735 831 -697 -269 649 -131 70 733 816 217 121 900 377 -776 -102 833 637 -725 645 -131 -843 67 391 53 -764 -165 490 -952 195 346 954 -523 861 -572 -652 637 849 -715 66 -150 -780 -153 -462 215 -144 -542 568 143 -817 988 -702 39 -755 737 925 -211 -949 227 -301 -981 455 539 247 631 637 -861 791 396 -117 595 -299 826 -436 791 -751 -505 -187 157 -435 -848 247 -629 -689 -360 490 521 815 -117 -279 -39 858 -430 -127 -278 -63 583 234 674 -191 -583 758 624 -692 -336 217 -22 -799 -361 407 -671 -925 -19 473 -5 890 894 792 126 -791 880 -440 -989 -929 592 91 -107 -129 116 807 742 961 -705 -750 -174 87 -149 0 770 -659 -206 -650 -227 86 910 665 -791 169 -845 -3 679 406 -637 -652 -725 798 -79 -804 -281 -799 335 -154 -779 847 -351 876 -182 -253 -707 825 273 -375 497 -135 214 763 274 57 -2 -45 -6 -410 -297 -759 -273 -429 661 441 -521 -468 562 -175 -855 -448 -154 734 -598 -483 105 -255 55 117 891 98 543 -587 805 502 938 -858 689 -183 320 253 671 223 -715 214 560 717 -924 841 819 -962 840 -80 -903 527 -899 175 -505 -271 -470 73 378 -715 693 963 858 159 -126 277 -767 286 994 -987 484 -442 561 -418 -491 -561 -215 251 187 -66 511 -987 313 982 770 -326 956 30 -536 -672 -622 -480 910 -156 146 -590 308 492 458 0 548 -708 -192 -730 506 364 -906 -446 -456 -88 -844 -554 -488 -480 -144 -420 -256 -160 114 248 222 162 910 -302 168 -896 -664 352 -374 -560 110 -182 -350 10 -832 -56 700 116 378 788 -38 78 360 980 110 -420 -144 208 -182 -638 718 512 -188 -866 914 -910 -152 -806 202 406 714 574 806 66 -6 -168 688 856 26 274 -664 -198 -630 882 -936 858 924 -814 -90 376 154 -378 -828 314 -130 742 -718 750 398 240 -126 -482 -382 716 -172 664 -318 570 682 266 -238 -702 -750 924 -116 540 -780 208 490 358 770 322 154 836 -678 446 -984 382 -770 -1000 -202 22 -782 158 -946 -324 -286 880 -794 166 -808 84 -260 -374 390 -728 -498 528 -34 -214 556 -656 -858 -638 -144 118 742 -724 -44 506 -230 -918 588 172 -116 882 -182 702 352 902 242 956 702 602 -640 754 228 -382 446 750 -158 -502 572 644 472 260 -338 960 -974 506 -562 -678 50 -364 -462 858 908 720 -870 -752 -616 -910 -882 -736 -168 -644 -926 614 514 966 -192 288 -826 120 -992 -644 612 -998 486 -728 966 606 -384 -444
530
572 -756 96 -253 -385 -922 -599 -33 -447 871 291 -338 -774 -237 -235 592 528 629 -497 -668 -798 -592 385 -877 -361 -593 -959 130 -759 -320 627 78 -649 869 637 819 -350 605 -970 670 -455 -7 -257 -22 -260 -659 541 -286 -283 -583 -85 -91 -42 -752 697 -683 718 -99 -319 -35 -304 -196 -351 581 599 -848 875 441 -653 5 617 629 29 -619 -704 -985 -923 -127 399 -263 -39 -630 -403 616 -231 -739 364 -819 91 -508 272 -117 662 -561 -847 -416 -30 597 -494 29 593 769 -203 -417 578 949 142 297 475 -808 -646 -189 -759 463 21 285 987 500 -599 423 539 91 405 -45 -451 907 -438 64 -546 -46 919 515 357 656 979 272 325 328 -98 331 -187 713 974 507 475 975 -107 -1 -451 -165 -737 535 -474 -152 -121 913 -561 -627 209 956 -429 173 -343 645 765 -809 -472 -887 297 152 -506 382 946 517 442 -961 -160 373 -146 -118 85 621 -364 -621 795 210 -320 455 -455 387 66 -975 -773 245 -129 973 894 286 803 587 139 -139 289 700 5 -661 587 455 -793 267 297 127 497 -31 501 -416 841 357 -682 463 473 143 63 234 -637 -334 -197 -781 -645 766 337 -649 451 994 -585 382 218 911 265 280 819 -641 -390 497 929 -187 315 905 550 273 91 -829 775 551 -315 -543 -705 429 403 402 701 -307 -521 504 -183 -943 2 -454 583 -605 335 630 -740 589 -34 -222 143 -222 963 -679 360 -282 107 -429 170 579 -829 513 893 297 -667 340 120 509 910 581 858 908 805 -588 418 430 -41 -339 -473 -608 -99 151 -19 -440 -994 273 129 -79 630 -889 887 541 217 525 647 -755 399 787 535 138 888 0 -11 -136 410 143 -19 -594 390 769 831 953 491 312 -627 33 -455 319 729 -686 792 191 -255 70 267 878 -721 692 -848 641 -722 -28 -656 -230 497 -222 -737 743 -550 -219 -282 -122 559 36 -753 322 -287 525 -273 693 -495 679 884 -496 -237 -64 -905 -643 -275 -341 -325 -553 307 -257 -683 -144 -968 -902 -952 644 806 -240 694 448 858 -800 112 -568 -832 660 -66 634 -374 -784 68 -736 694 -768 -520 956 -668 182 88 896 638 -402 840 52 228 764 -924 -728 574 -242 -906 640 -914 394 910 322 -364 -708 -848 -136 -282 -40 -198 -764 -834 -654 476 -302 -196 -774 -910 988 342 -992 630 -220 638 -572 368 -350 -510 630 402 550 40 -282 450 476 -728 -450 276 808 896 -822 520 -770 176 -486 -546 -852 618 -410 840 364 622 70 328 528 -364 1000 868 704 -422 -140 -216 238 -88 614 638 -234 -168 -126 998 770 -878 968 452 886 920 850 -46 720 -58 -138 -776 784 490 -470 358 394 -424 -842 198 -188 -602 -596 -812 -644 -584 106
228
-351 83 -689 -429 -751 -559 -940 -949 -192 318 588 -17 -583 165 427 572 -820 173 539 353 -165 -690 -385 398 817 714 16 104 209 -210 978 -343 -452 863 55 417 0 392 602 -6 960 -2 755 917 -967 890 536 -168 -626 -707 672 -724 368 -33 207 227 -875 391 -931 650 -972 822 -972 970 -580 558 616 423 602 -269 322 -441 -186 -171 339 -38 791 -336 -326 -231 497 231 298 454 657 -749 -964 595 428 917 997 -713 825 -1000 903 287 889 988 -777 -637 -701 465 880 -267 9 77 367 722 -133 -147 -228 968 428 -687 535 919 -143 859 -441 -195 -949 77 726 -849 -156 -335 427 751 -749 -51 -351 817 425 -704 -205 105 -881 208 856 -741 -273 591 287 -771 15 141 -20 -761 842 -547 -381 925 -557 32 79 -491 -947 -116 -203 -33 -726 751 -299 533 935 671 24 253 -961 751 -396 224 -498 -140 364 -508 588 544 452 1000 630 -938 12 628 430 -494 -906 220 224 436 -784 390 -418 0 894 -104 -62 -554 -936 -570 -636 270 -814 -414 -728 -858 -382 -816 572 -988 256 992 182 -280 -902 728 -806 902 -98 14 438 -676 336 726 242 364 -780 638
97
-117 52 883 -377 -297 369 -453 -341 871 -21 -931 957 -923 348 -887 -361 458 -392 517 -399 -791 -661 -427 152 -539 689 -646 407 -327 235 611 -334 -455 63 -429 -923 -273 703 442 -869 520 -539 539 410 333 619 -164 244 247 -103 -549 427 671 -726 -526 -771 -85 -88 295 512 -205 317 -858 891 943 -521 640 -243 837 -655 848 -33 -644 -497 -367 158 82 352 -812 552 936 -140 132 792 -236 82 934 -208 322 812 -910 -78 -38 -248 22 254 -606
354
595 832 -113 96 -728 -641 -830 -611 -328 226 -451 987 55 -331 137 985 347 -206 55 281 801 43 973 -765 539 875 -273 413 -429 -209 301 518 127 741 -77 -994 909 -969 77 -525 -817 291 392 423 -695 90 -398 44 -793 -429 -559 303 644 700 286 843 -804 -142 918 -719 987 -435 -561 -502 -798 781 765 35 -794 -154 439 929 -207 755 332 33 -84 -287 -173 -401 -740 177 -13 93 926 -415 546 -287 359 140 -231 -824 718 -392 -6 -749 265 159 -383 209 114 -345 966 -947 -649 -973 750 -871 -989 913 513 -219 209 860 -344 -962 840 -929 -945 -931 -749 -595 135 -212 -133 -858 -939 -674 759 -134 -606 611 821 -367 191 553 -181 -889 949 -1 -71 -962 -653 932 957 -638 -796 899 -582 119 851 783 -412 -668 817 -157 909 554 -29 913 -845 -618 533 298 489 -157 234 669 262 545 -631 13 -572 -105 965 -602 -858 283 564 -429 -151 339 -177 -482 874 612 -284 -977 -134 -660 -875 -971 -512 -370 -973 579 -56 338 -301 -924 -313 273 -71 653 519 739 249 909 133 341 15 484 560 559 -625 -266 -343 -935 229 421 226 -619 884 916 -553 769 715 -721 -581 630 -903 -62 299 -264 -697 -395 -452 -957 71 7 217 301 489 335 -429 749 191 65 -239 -260 231 291 -520 618 -553 -979 40 -308 -364 659 987 -918 -468 331 182 -909 -229 -693 -203 63 -749 -959 308 253 56 -585 -13 221 -285 -363 -817 176 0 444 -882 -206 -242 -280 -836 -714 86 70 916 -648 -658 -402 -230 832 -138 990 140 36 -324 452 -910 650 292 -168 -84 92 752 -602 746 -910 -958 386 0 -858 792 476 -628 924 830 -994 -434 -348 -702 796 490 604 858 -886 750 -496 -910 -336 -902 0 -150 528 522 344 -552 126 -84 176 988 -610 -790 -474 -14 624 -408 546
209
672 -364 691 473 -171 666 -196 0 -159 -7 653 871 614 -330 -454 -815 -99 -114 -733 749 -509 930 684 840 336 223 -191 15 435 -241 858 -609 -874 832 273 243 712 -260 -301 -472 965 490 -275 -314 -549 -46 192 0 286 -315 117 427 -77 -821 686 -833 -735 81 -419 637 -845 874 -252 -977 -725 179 -201 -671 308 -847 911 -663 -223 -427 910 -44 574 -139 79 -675 154 -745 -540 -77 637 341 501 419 -490 623 -231 283 195 -689 508 -857 -605 -339 987 551 -299 -994 952 777 -7 -429 -65 989 129 204 -994 -265 -845 -406 -919 -769 -356 -41 858 -425 831 883 -931 391 714 -798 481 677 -77 629 159 611 621 28 -507 -387 374 351 110 -792 309 -325 334 -226 559 567 -91 810 -63 77 147 -993 719 -799 -591 -497 -157 -899 369 -39 609 64 29 -117 674 934 980 -880 -829 -35 880 686 -182 -310 476 624 -682 354 -996 930 784 -742 -710 650 902 -842 -650 564 -876 -292 -700 936 -210 -786 300 -116 26 -708 624 -798 674 44 650 -66 978 572 66 180 -286
985
973 -197 683 76 316 -649 -624 658 577 -208 -384 134 15 -434 958 128 98 -367 -894 -156 -961 276 -609 441 434 693 -956 -35 -734 -147 -11 -881 -881 -605 549 -573 -173 744 -875 -237 776 756 923 124 580 652 -631 -287 -947 287 937 -357 -451 917 659 231 -777 -977 836 -539 -518 767 887 -750 -195 -819 -241 -663 264 -934 -855 -455 7 897 891 -261 -234 755 -580 -421 931 -857 829 -254 -227 -469 780 -549 -455 -704 -462 -399 -638 591 -104 583 -451 497 -947 11 442 920 632 0 867 -595 -595 413 -169 806 -84 371 -400 -34 -19 -133 565 -737 -513 563 -303 489 111 965 -89 -626 772 308 -627 -521 605 -251 -666 263 778 -197 -679 91 -910 935 154 -796 -283 -273 -154 415 665 -133 -546 -576 -175 199 21 -338 472 -889 -459 -196 -127 126 384 116 936 -398 815 -214 -998 -465 -119 995 -833 -15 308 870 987 494 332 616 864 921 -339 -743 -187 543 343 344 -659 242 399 -462 -219 -559 -795 705 635 85 -854 -67 207 -153 495 517 -602 785 76 -231 -384 -158 -469 21 529 -455 -931 196 400 938 -66 -511 376 753 -22 -801 197 -305 847 -147 636 281 -307 -80 -132 679 60 553 -871 253 -139 315 325 363 -657 572 -585 -539 143 -649 96 19 983 103 -861 -814 -693 393 22 0 77 -266 -367 903 -793 -74 -837 945 428 -9 941 -189 816 529 -260 693 -594 -401 -854 609 -481 -535 -854 574 795 -826 616 62 143 237 -757 -175 -927 -611 -161 954 -728 817 884 -993 45 390 -572 378 -203 -616 -101 -98 755 -230 -343 707 -143 55 850 -247 63 966 -575 443 -853 -83 995 363 182 337 -483 -463 -308 -208 247 368 245 693 -55 -437 -901 682 568 139 -153 911 -371 -634 -43 916 797 -625 -187 -109 247 -336 67 525 -98 -487 21 341 11 869 35 -98 485 -475 459 -453 406 880 -319 -731 -914 -257 -454 -993 158 -722 249 598 302 713 -107 429 -294 -520 819 -29 578 -703 -371 -461 968 773 -434 602 355 7 741 -379 85 165 -929 179 601 427 -329 943 -55 889 -400 -921 -14 -215 693 991 775 -770 -638 147 -624 176 -572 -413 863 386 -275 -277 95 301 73 704 -206 639 -21 185 -354 6 -152 -733 -851 819 -417 -707 804 341 -381 181 -205 858 847 403 -825 -896 240 323 -472 676 947 -7 -545 37 895 159 163 -924 38 -738 -301 -410 -282 -54 819 847 -217 443 651 936 375 55 275 -913 131 -466 -841 663 3 -26 -456 683 154 850 -281 175 215 -533 879 -709 7 244 -759 290 224 -91 340 469 -532 771 -483 905 752 -385 203 -759 -240 -159 840 -805 917 837 725 0 995 -377 -977 819 -486 -501 427 407 -385 656 842 385 -640 -896 -753 452 -536 319 -637 -923 289 124 572 -108 714 657 -337 437 11 -385 963 -965 836 63 133 693 -822 809 -614 721 930 -769 781 681 -203 -180 -700 -65 403 -191 -133 502 25 745 325 483 -139 -347 739 998 245 715 565 475 385 165 -286 -921 -182 -913 -286 259 993 -829 55 -121 165 56 -553 568 266 -512 910 -202 993 -565 -451 945 29 585 209 -381 747 950 -677 -664 -223 -171 -553 491 905 -369 934 322 -325 791 -521 -201 -561 784 487 462 910 0 112 -640 -697 -348 -55 821 -803 -177 -210 527 846 319 308 -50 -982 443 540 -146 -759 975 615 -581 17 814 3 585 -130 595 -19 460 63 -780 665 -256 -447 -647 308 627 546 699 -113 430 -627 741 -836 264 686 -584 -294 -187 -573 -30 195 50 518 -875 867 224 -861 350 105 -518 -308 715 311 -161 -27 -312 -649 -582 -680 -837 -53 -757 -839 33 -653 637 385 631 -374 -67 -599 31 -536 -806 226 -597 869 759 907 -713 750 539 -791 477 -546 -723 85 199 692 -957 -943 -800 -883 -224 -732 203 413 -761 -855 -627 -355 -73 922 -363 -679 -133 -69 427 -886 720 -251 -458 364 -231 -505 973 573 143 278 752 -210 -904 455 -778 -12 519 742 269 202 287 -281 521 737 481 -60 212 182 -400 -254 -572 674 136 -286 564 704 954 -320 962 22 964 28 242 120 612 286 -286 870 -174 374 408 -686 -630 -252 -364 222 -748 -270 -910 -320 170 962 700 -56 -418 156 726 -728 -126 -14 -574 836 -836 754 280 -54 172 844 -456 -28 -580 722 -336 -698 854 308 106 -470 662 834 -346 -862 -182 238 92 352 786 304 -598 -682 -328 -742 882 -392 968 -98 -982 976 -594 -258 24 726 -780 -108 -370 -362 -950 -132 -682 474 768 812 632 946 670 -330 448 -138 -170 656 10 756 854 354 -334 78 572 -100 -418 -392 -882 936 -838 -644 -6 274 52 374 -642 70 0 292 878 -364 912 -474 252 512 728 0 -180 -364 -276 -322 0 858 670 598 -842 638 624 708 -542 352 450 -862 986 -572 10 42 -960 -892 -50 4 -126 -26 -616 832 326 634 -516 4 0 754 148 -646 716 -270 -836 -918 -582 216 700 -338 428 -390 62 -908 118 -638 -742 -198 -394 494 -426 694 -542 -638 544 538 -154 -782 436 570 -364 14 -504 242 66 584 -982 742 -910 616
574
-105 41 13 -689 -499 -640 557 554 889 825 550 -715 -973 763 -85 -224 149 -119 -609 945 -395 -105 -504 231 693 -329 -308 365 -809 -64 -559 -143 903 -119 -935 -685 -946 956 616 217 839 507 -917 470 -293 162 663 -111 956 385 -573 -917 198 -103 860 645 266 -455 392 -73 985 -993 523 -350 262 673 -367 644 -698 -385 -174 444 -89 -519 810 838 195 -819 -267 -85 203 -137 -415 789 -527 -203 -891 -475 340 371 -685 -689 119 456 -147 265 657 -205 -728 557 662 187 427 611 877 143 -455 245 -7 223 -792 836 965 122 805 494 169 591 124 -11 -907 -183 196 -177 121 336 -847 308 -169 584 701 -364 -874 703 -635 -637 710 -987 5 -110 -364 -158 -751 -440 -973 542 413 223 693 223 -496 -462 -108 -547 -5 928 -122 -517 -143 -286 -935 643 -256 722 385 433 931 693 -133 -223 128 -987 -355 -824 -397 -828 -360 796 -103 -377 557 237 644 260 -281 416 395 215 -329 726 542 11 236 -217 720 -581 -33 220 537 -55 472 219 280 -917 -749 -150 -53 77 706 -452 -169 -515 0 433 364 -629 573 65 -923 659 252 -523 -514 779 -772 683 358 -341 -75 -371 157 -220 -539 721 344 701 519 -71 -165 346 -977 -825 -551 337 -979 146 847 295 -91 -313 -649 175 482 902 483 -347 425 -418 133 995 201 91 -629 973 671 -559 -952 -135 455 -572 -616 -260 -344 -233 -170 -49 329 863 481 664 913 -759 -975 221 -493 703 971 195 -917 169 -1 949 -307 877 -117 -577 708 -595 997 -564 -955 223 -917 -51 923 898 -875 957 353 -655 437 -765 77 -319 -55 105 106 605 803 882 211 639 -65 -148 -484 231 -529 803 -469 517 -717 -171 -65 -279 709 620 443 -483 798 -572 -908 -331 522 21 -308 -231 943 602 -595 451 854 693 -832 -285 310 689 495 -995 -14 -591 -287 -55 -775 -979 -147 -261 -988 -723 597 -507 429 -561 952 58 106 -19 965 619 343 117 -238 -872 -739 286 -21 97 -185 269 653 868 77 295 -978 -441 481 756 755 -891 246 601 -120 -264 467 -396 -191 497 533 833 -242 429 882 -989 267 113 -535 377 -550 869 33 -83 287 -812 -433 295 792 -595 312 913 369 -574 227 330 -961 658 -425 987 -646 905 -663 544 -871 -323 -63 -329 924 -89 217 84 -777 0 -396 -170 -482 -670 304 -740 0 -738 -416 882 -4 -606 936 700 964 646 952 -802 -948 404 -256 -480 502 574 770 -990 -546 -714 924 708 -262 -520 906 182 536 108 -616 196 112 -276 -124 740 982 830 682 242 836 252 466 364 -42 390 476 -166 0 832 286 934 578 396 160 896 704 352 -542 702 -730 850 -312 -440 168 -782 918 42 978 -910 128 -84 -212 572 -72 -806 108 -182 -832 364 310 -60 398 42 -126 44 110 772 -390 94 884 664 -868 622 258 1000 810 530 -574 -580 562 0 260 788 -394 28 -628 -244 -394 -512 -584 -364 30 -286 -940 490 -862 554
105
-973 468 -749 -53 -193 359 -195 -275 -783 -461 52 159 531 542 -855 -572 154 541 -909 216 -273 23 480 -725 170 406 -946 869 -166 380 -849 854 821 461 519 669 -56 -364 684 693 -627 -305 455 859 194 123 143 695 379 178 -327 -225 331 -667 -533 -911 924 254 889 468 655 -177 231 140 -494 253 517 -651 754 832 557 -217 -377 -77 -872 71 -53 -781 121 350 -77 -738 -617 792 -442 -876 -460 -504 -400 816 -708 -50 -728 -378 -364 -658 494 968 42 616 194 824 902 -294 14
797
-923 720 -741 77 -949 413 143 917 425 -897 -996 77 -454 129 518 -334 209 -464 -924 529 731 826 -819 769 616 -895 199 65 -883 910 756 -198 537 -182 -643 -546 539 140 293 901 621 -883 -131 -430 -307 524 697 455 927 116 442 -871 -643 -311 116 -445 501 -533 154 -92 -737 -175 -670 975 657 350 -887 -530 -506 -360 -27 -411 640 -1 242 -58 637 -63 404 -183 -198 -411 -923 525 677 -419 247 -189 -98 -377 -473 -395 91 -165 -398 -839 -196 -925 351 721 911 -779 -569 -385 711 -511 -687 917 -602 421 370 -49 -555 -148 -654 54 447 169 -603 804 819 307 -563 -658 -660 -537 -401 -929 109 106 -90 53 747 398 -140 655 -569 -953 -918 -360 -622 690 -8 -607 129 339 -858 -55 -995 396 350 -219 813 -683 49 -561 545 -91 716 -579 -344 -419 -1 390 273 -724 693 -8 169 21 874 -583 524 -106 -647 -92 -533 -911 -602 -807 209 -358 -353 -924 429 -972 588 31 55 -809 546 -147 275 502 -159 816 -836 619 -341 -511 -435 181 -232 -138 193 723 394 -634 -797 -311 835 -597 -125 606 165 -832 73 37 -350 -425 959 -203 -550 947 -962 -853 -903 -468 -175 -643 693 434 -143 787 -761 377 721 379 -87 -476 -63 -644 -253 -271 812 549 -903 -819 -21 273 -743 -159 913 399 962 -694 -27 875 -297 -711 -175 550 -924 -86 -693 -159 -78 -979 573 434 847 -413 -944 -990 -652 244 198 663 -100 -679 112 936 -913 -424 -537 -539 507 -243 791 -968 949 169 -658 101 617 -891 687 -21 -403 -429 -815 391 749 -451 44 396 182 275 -826 -822 -43 673 -459 -830 -506 83 -407 883 -808 70 -955 -94 -763 -445 -546 393 674 131 -583 -91 -462 26 -517 -13 449 -220 995 -616 231 683 89 -393 -13 -115 411 -94 197 -445 -561 -792 721 -35 -765 -654 351 533 -630 -386 259 525 -896 -203 637 121 55 682 -83 -649 147 -783 546 -234 -419 -819 439 175 -434 -731 956 876 -436 -671 -702 849 497 -382 9 78 752 854 88 -135 -832 397 -683 -877 213 -115 -987 -646 252 -767 -371 -176 -873 -429 716 559 861 833 326 -66 -247 405 -182 34 -735 -263 431 469 646 -431 385 -731 -439 37 715 571 845 -65 -686 -455 693 421 707 583 -942 -446 293 -999 -441 -756 -447 363 -530 -132 349 -673 -869 -593 591 -380 -521 26 -387 -267 -68 671 123 803 973 -975 -840 -653 2 -197 -61 382 261 525 782 631 -379 984 -715 819 686 -317 438 981 176 -720 -512 819 -973 415 77 -973 77 -440 63 -819 -616 539 881 -941 692 -385 -473 -373 -369 -416 -973 37 649 -201 833 -59 891 831 -581 207 -997 53 -453 -735 -611 -105 204 -715 282 967 371 642 -521 -502 771 -793 184 -739 401 911 -595 -549 -795 959 283 -351 903 732 -83 -663 898 486 871 629 -682 -791 -774 151 -406 570 -543 715 291 -931 485 -337 251 -347 996 -106 715 -737 -177 99 -742 -693 -737 997 561 352 -844 444 143 -7 308 -915 -847 -468 66 258 462 -408 322 -590 -768 594 -414 -948 470 770 994 98 -18 -348 -744 -682 -694 -150 742 -656 -730 714 -702 210 418 804 -720 -742 -448 246 0 950 -72 -126 88 50 -584 -656 -678 -516 44 -648 688 242 -958 -836 -198 460 -700 -648 -404 352 -938 618 600 -266 624 22 512 782 -664 -560 -822 -140 -550 252 66 16 -482 -714 -568 736 118 -126 78 -480 546 -90 492 -938 -846 -982 276 0 -66 276 910 -274 -986 -394 154 610 74 222 -518 -756 360 -702 -860 -944 -772 -468 280 -154 512 -214 856 -754 382 156 -868 984 -812 -420 -478 762 -242 -588 -322 -168 498 526 264 -14 -616 528 -998 434 228 980 -316 242 -952 -294 -412 616 -182 966 -286 -998 584 952 624 -294 682 506 -602 910 -430 274 -756 -440 644 -704 250 46 -524 396 -618 872 -368 366 434 -64 -858 -328 716 -364 484 82 372 278 -968 -156 -780 -546 0 -988 836 -660 -4 714 -48 -442 26 62 -514 0 -56 310 -390 -926 616 430 -836 -276 -198 430 -792 -206 -914 -868 -862 716 -904 0 -518 -532 180 -170 832 68 126 648 998
455
538 -455 910 387 391 795 819 -891 -98 -651 728 -86 -99 -881 -727 981 -185 -834 849 -813 627 -497 901 377 616 210 -583 517 198 -532 -1 -716 -227 770 34 704 63 -351 659 910 92 -331 -697 669 111 690 -187 295 -169 427 -87 -966 -803 206 -693 473 182 -49 557 -693 -319 -798 153 513 429 605 391 -693 -679 -216 -403 507 -715 668 -606 -79 607 430 763 -413 378 -803 455 -475 -787 -562 255 -672 -235 -693 -433 406 440 -493 -362 -595 -476 -637 -250 207 827 1 -575 -870 964 55 -889 983 -481 923 -429 189 -234 -847 -663 777 -440 -726 -958 -708 39 -613 -145 -558 -253 493 491 -112 257 -555 -55 368 12 -901 -507 99 495 -209 -63 112 416 715 -735 -151 321 11 -101 530 -182 939 101 -606 640 560 -585 -517 -356 -97 752 494 -221 -651 -435 909 -659 368 -234 695 228 -550 -237 -755 -207 -362 -749 -607 -530 -481 308 -520 148 891 476 401 221 -669 854 425 413 -827 793 -127 -187 -657 -859 788 873 952 -663 -351 -530 286 681 -847 247 -978 780 -553 -723 -319 -397 755 -511 294 -325 755 -585 297 245 270 -553 -483 767 725 -721 975 845 546 -316 -805 -535 814 -727 886 -972 -693 471 892 -545 -986 155 423 967 -49 273 -471 -987 793 0 15 231 489 539 -791 -386 947 -175 663 473 -926 -558 171 -323 735 -826 987 780 480 263 -293 -85 98 -157 255 -381 -88 308 -312 -985 673 -180 911 553 737 -279 -35 -13 -972 587 -858 -864 -433 463 831 289 -509 230 882 -199 845 -819 -559 815 -792 803 759 -427 -647 461 959 87 -714 231 -655 -791 -637 -88 -427 -901 329 516 329 -889 -278 -60 671 -729 -756 261 315 753 397 416 945 275 736 -393 -532 895 -973 -239 -847 14 -300 -502 -77 840 -396 715 -312 -927 -390 143 -683 819 752 -880 -592 -154 420 404 -606 -66 170 -306 -658 456 906 -940 -234 -858 896 -946 -454 924 588 -534 132 764 -430 234 -34 402 912 -722 210 -84 -170 -808 -356 -806 92 174 524 964 872 -896 -226 138 -462 -368 28 858 898 -374 0 222 -476 -184 -434 194 858 -462 -774 -292 734 -78 854 -138 -192 526 -220 726 -618 -464 946 710 -56 -572 912 -24 -672 350 0 172 -612 440 -308 -594 -28 -816 -520 -666 688 -538 -530 0 -190 0 890 -72 400 -302 -914 542
