100
4 1 1 4 1 1 4 2 4 5
6 3 1 1 0 1 0 1 0 9
3 7 24 34 11 17 31 15 40 50
120 712 780 228 683 593 287 161 553 984
1000 240 0 1 0 1 0 1 0 1000
1000 411 336 1 0 500 0 1 1 1000
600 526 977 408 879 796 363 908 790 1000
100 6 788 339 672 620 955 487 765 1000
85 91 72 205 476 326 571 162 166 630
131 994 638 460 678 651 243 922 684 1000
460 553 919 224 233 492 370 912 821 922
1000 0 0 1 0 499 0 1 499 1000
100 793 129 347 0 494 0 787 521 1000
1000 104 534 688 184 694 130 439 73 874
1000 470 695 483 741 784 809 355 899 977
1000 425 820 142 613 660 201 119 486 901
600 33 788 490 413 775 229 478 781 1000
1000 515 222 788 349 52 538 825 117 976
103 846 187 839 0 150 0 155 775 1000
1000 115 407 493 46 360 770 666 491 919
1000 500 856 1 0 0 0 1 1 1000
23 436 834 552 930 707 342 975 768 1000
20 522 89 719 137 255 682 117 472 880
30 797 186 461 643 656 157 623 242 986
103 323 824 331 431 683 12 782 892 1000
5 5 246 380 0 739 0 635 712 1000
485 834 333 396 412 816 885 284 845 971
1000 580 410 862 233 820 300 446 254 929
1000 212 415 1 0 306 0 1 413 1000
503 37 359 630 0 332 0 141 18 1000
1000 582 654 35 776 511 108 890 406 897
20 307 766 243 0 340 0 349 654 1000
398 482 457 158 193 157 744 732 522 797
431 140 266 101 228 132 145 820 217 862
1000 309 962 1 0 936 0 1 151 1000
502 590 296 431 0 796 0 988 609 1000
1000 451 617 1 0 907 0 1 524 1000
102 378 786 567 607 704 457 697 645 808
1000 104 973 1 0 1 0 1 250 1000
1000 679 225 382 226 142 250 689 256 708
20 423 461 164 260 662 7 742 292 765
263 161 337 361 256 571 524 234 101 768
930 949 272 462 279 440 924 120 723 961
1000 790 693 61 0 848 0 629 563 1000
1000 213 447 433 506 129 43 329 427 717
1000 905 270 1 0 981 0 1 371 1000
1000 667 623 1 0 1 0 1 20 1000
1000 882 389 182 188 847 863 14 202 934
1000 656 481 1 0 13 0 1 836 1000
1000 34 153 270 268 693 842 548 783 959
336 814 745 591 125 687 78 255 207 833
1000 210 776 200 482 174 38 202 211 946
1000 84 740 171 823 355 595 19 763 863
1000 301 500 1 0 1 0 1 0 1000
1000 963 86 720 937 173 320 132 232 987
88 937 681 806 661 694 811 120 181 966
503 48 275 666 0 263 0 832 462 1000
1000 479 999 1 0 1 0 1 0 1000
114 181 391 99 781 237 29 731 753 980
1000 157 847 616 368 499 444 297 89 967
1000 144 153 53 235 708 529 296 737 913
1000 435 223 819 731 576 121 439 614 955
1000 0 884 1 0 0 0 1 1 1000
1000 23 342 30 704 70 197 305 18 897
255 449 98 56 574 743 515 134 222 1000
500 384 33 1 0 148 0 1 642 1000
330 946 934 582 838 101 142 806 61 995
1000 999 623 1 0 0 0 1 1 1000
336 254 236 533 403 308 175 496 146 667
1000 310 943 1 0 294 0 1 741 1000
1000 776 366 98 914 951 749 164 228 958
4 0 0 1 0 1 1 1 0 2
360 763 383 358 39 431 409 726 748 950
103 383 764 450 158 993 280 292 715 1000
1000 511 331 699 612 39 413 12 787 947
1000 264 116 1 0 20 0 1 1 1000
1000 0 0 1 0 11 0 1 11 1000
306 471 168 329 109 914 635 86 882 919
500 490 301 1 0 180 0 1 538 1000
103 865 532 994 0 174 0 13 650 1000
250 756 507 329 0 208 0 351 21 1000
1000 0 0 1 0 1 0 1 1 1000
1000 127 11 843 186 353 818 955 29 1000
1000 180 828 1 0 597 0 1 747 1000
1000 446 727 60 319 826 803 377 533 974
193 287 277 226 756 134 516 411 335 965
3 0 0 1 0 1 1 1 0 2
1000 522 649 479 390 440 367 105 162 917
1000 0 0 1 0 999 0 1 999 1000
1000 388 907 1 0 1 0 1 500 1000
1000 46 148 1 0 177 0 1 525 1000
108 41 819 917 680 637 240 725 258 972
1000 815 906 16 195 360 213 401 959 978
1000 34 247 776 639 206 700 104 653 983
204 345 544 638 631 721 526 145 595 927
600 369 817 806 341 124 293 106 560 1000
382 215 2 647 663 673 326 311 754 766
1000 157 548 860 568 761 31 610 438 908
120 821 420 159 485 303 665 512 407 900
1000 690 574 1 0 250 0 1 1 1000
