30
6
5 2 4 6 3 1
6
2 4 8 16 32 64
3
1 1 1
3
200000 200000 200000
200
12136 148839 189976 188642 121738 33066 134407 85702 92560 185776 140862 146800 36216 60558 129523 106973 113628 129590 190837 154921 159346 156494 117068 16919 91076 22818 147698 133219 162455 165476 185467 101730 165283 81761 5993 95449 154568 187045 104361 58593 177086 26682 91717 20774 108150 130097 181562 125028 111268 133917 37426 180249 136229 53294 2771 131436 76023 149708 161745 186917 115231 179405 30360 68729 65975 101630 190364 49491 6079 97378 155642 160931 36280 112692 42735 91013 130526 68401 28821 124683 76206 42475 81152 26611 131800 91779 102370 80945 96522 41088 104810 37633 161265 5029 160886 54183 29543 191667 198700 197858 13556 104851 199172 23398 24692 54049 12388 48700 140814 85395 192205 135391 142437 44103 132623 112231 26738 144060 36072 173929 31346 173667 18097 20301 194382 67516 101978 100476 90181 95105 65944 50658 98708 4906 28723 191224 30187 109147 163076 137177 42260 82146 17311 176536 77456 146445 178689 83503 85733 114470 153268 94428 199062 3158 4014 52872 21642 85123 138955 182513 178141 52715 98501 54221 14056 4404 17690 22672 21244 146612 40255 75627 175481 84897 188653 48807 27130 54886 171754 49192 151439 80981 137241 22068 171287 20307 46179 88366 103873 126781 68671 191608 131761 169293 56562 74909 100499 27021 60659 125576
200
144846 76055 72364 100865 195682 113766 198337 136249 139702 87683 33068 40481 159727 106709 11705 61015 87565 92404 117845 136129 140063 115312 147575 130318 159084 183303 154797 41179 140939 130855 93211 164314 83027 4890 197069 59185 170269 183137 151949 81376 109901 172587 158108 8172 71130 16251 50636 43913 63507 43439 99307 94890 59657 112026 93947 16010 14204 184995 68480 61639 189140 163443 123846 32829 158635 60823 195242 189723 66339 22091 117085 73232 180214 143396 19572 109085 127792 748 76530 60158 134477 17044 1129 1014 195034 11207 108573 94363 27322 126203 8503 92795 5996 81473 132123 198290 197741 43781 103012 117792 70218 148911 134916 43936 61623 63365 176535 93411 59528 157603 160480 77331 96423 182575 109062 4153 42531 74798 33915 127753 71970 151997 174325 165048 14942 8073 160243 156913 95200 169451 135782 60654 63798 191283 8 178967 184344 62400 196945 78259 3649 31464 49155 86787 136538 160235 62581 192715 97696 84995 15367 71824 192995 141671 622 114088 22419 26447 135137 97112 89820 10922 132884 85207 190694 72541 109063 14617 115852 134869 181449 162538 167715 40054 171396 15834 148721 39963 74142 73646 195085 101361 31637 28118 111747 10156 82262 49273 67624 128439 127275 120020 61321 156045 108547 139656 98866 3642 194454 161102
200
0 0 0 0 0 0 0 0 0 0 0 0 0 0 0 0 0 0 0 0 0 0 0 0 0 0 0 0 0 0 0 0 0 0 0 0 0 0 0 0 0 0 0 0 0 0 0 0 0 0 0 0 0 0 0 0 0 0 0 0 0 0 0 0 0 0 0 0 0 0 0 0 0 0 0 0 0 0 0 0 0 0 0 0 0 0 0 0 0 0 0 0 0 0 0 0 0 0 0 0 146528 172923 73264 88236 14896 148059 39043 102751 195000 191149 100846 1844 197137 1451 66889 19491 173397 39047 56410 135156 97714 110484 111240 170314 162444 71186 170583 90859 98671 91275 191867 113277 31756 44336 7193 193525 81301 139106 68568 181939 55167 153529 114542 188857 133893 63119 180872 53371 172799 23446 149259 71420 189858 41091 93755 73131 114041 86638 29522 36355 19309 162901 196787 159662 189180 152274 185784 169345 197401 6682 161902 92115 22821 82669 108154 173162 136394 152018 96614 166087 921 11330 171466 191727 46794 190061 122265 191030 136476 60857 60391 144754 119465 39313 78203 159191 111097 184250 20667 25330
200
130491 53614 114647 120388 37018 16626 122781 96383 15391 149539 133625 32487 46298 19671 44750 71434 15864 91294 105815 106171 58444 167519 106954 14030 99332 193485 87747 70029 81937 1292 52125 60843 17876 133395 161344 192453 31317 27699 182793 155267 89337 25436 89884 104092 16360 181202 139305 177484 41317 28884 19142 133769 144408 147193 78735 144111 118228 6386 102557 10315 4959 16418 152565 1910 53155 159013 195773 118791 189745 84906 145140 23917 145107 102206 10166 189892 118818 29307 143431 101607 8375 65645 97174 93288 197373 194155 9566 1790 115775 163410 14313 161166 56031 87539 140370 189460 32466 187489 98462 167466 190917 128504 117876 175554 121331 110515 173605 175091 187317 49276 28834 79895 55404 141689 25066 137399 176952 20175 165354 40707 199080 112984 162781 143947 23831 47011 186315 126348 1398 4921 107684 73050 156507 30049 177781 91200 61078 183852 128941 174196 24985 178098 121722 18233 37902 199194 87817 143929 194091 160026 13620 180176 41037 83994 101519 141937 28102 114092 186755 130423 121314 154498 92310 49085 160307 73313 139747 192786 148918 186469 65036 117830 35692 42468 2871 15159 21411 35731 54613 185108 123310 192415 189524 102728 181302 168182 193027 154646 67527 85812 131286 15830 58294 147473 30176 81494 7387 129704 119598 189256
200
200000 200000 200000 200000 200000 200000 200000 200000 200000 200000 200000 200000 200000 200000 200000 200000 200000 200000 200000 200000 200000 200000 200000 200000 200000 200000 200000 200000 200000 200000 200000 200000 200000 200000 200000 200000 200000 200000 200000 200000 200000 200000 200000 200000 200000 200000 200000 200000 200000 200000 200000 200000 200000 200000 200000 200000 200000 200000 200000 200000 200000 200000 200000 200000 200000 200000 200000 200000 200000 200000 200000 200000 200000 200000 200000 200000 200000 200000 200000 200000 200000 200000 200000 200000 200000 200000 200000 200000 200000 200000 200000 200000 200000 200000 200000 200000 200000 200000 200000 200000 200000 200000 200000 200000 200000 200000 200000 200000 200000 200000 200000 200000 200000 200000 200000 200000 200000 200000 200000 200000 200000 200000 200000 200000 200000 200000 200000 200000 200000 200000 200000 200000 200000 200000 200000 200000 200000 200000 200000 200000 200000 200000 200000 200000 200000 200000 200000 200000 200000 200000 200000 200000 200000 200000 200000 200000 200000 200000 200000 200000 200000 200000 200000 200000 200000 200000 200000 200000 200000 200000 200000 200000 200000 200000 200000 200000 200000 200000 200000 200000 200000 200000 200000 200000 200000 200000 200000 200000 200000 200000 200000 200000 200000 200000 200000 200000 200000 200000 200000 200000
200
1 1 1 1 1 1 1 1 1 1 1 1 1 1 1 1 1 1 1 1 1 1 1 1 1 1 1 1 1 1 1 1 1 1 1 1 1 1 1 1 1 1 1 1 1 1 1 1 1 1 1 1 1 1 1 1 1 1 1 1 1 1 1 1 1 1 1 1 1 1 1 1 1 1 1 1 1 1 1 1 1 1 1 1 1 1 1 1 1 1 1 1 1 1 1 1 1 1 1 1 1 1 1 1 1 1 1 1 1 1 1 1 1 1 1 1 1 1 1 1 1 1 1 1 1 1 1 1 1 1 1 1 1 1 1 1 1 1 1 1 1 1 1 1 1 1 1 1 1 1 1 1 1 1 1 1 1 1 1 1 1 1 1 1 1 1 1 1 1 1 1 1 1 1 1 1 1 1 1 1 1 1 1 1 1 1 1 1 1 1 1 1 1 1 1 1 1 1 1 1
200
51813 33633 62418 42723 15756 66357 111201 72417 3333 9393 99990 14241 21204 13764 25544 17484 6448 27156 45508 29636 1364 3844 40920 5828 42579 27639 51294 35109 12948 54531 91383 59511 2739 7719 82170 11703 13851 8991 16686 11421 4212 17739 29727 19359 891 2511 26730 3807 13338 8658 16068 10998 4056 17082 28626 18642 858 2418 25740 3666 24282 15762 29252 20022 7384 31098 52114 33938 1562 4402 46860 6674 12312 7992 14832 10152 3744 15768 26424 17208 792 2232 23760 3384 12996 8436 15656 10716 3952 16644 27892 18164 836 2356 25080 3572 21375 13875 25750 17625 6500 27375 45875 29875 1375 3875 41250 5875 61560 39960 74160 50760 18720 78840 132120 86040 3960 11160 118800 16920 49932 32412 60152 41172 15184 63948 107164 69788 3212 9052 96360 13724 23427 15207 28222 19317 7124 30003 50279 32743 1507 4247 45210 6439 303 124 249 81 78 142 72 76 125 360 292 137 171 111 206 141 52 219 367 239 11 31 330 47 171669 116767 148897 27595 21302 147839 82183 29787 67409 34468 19968 82698 184625 47331 166042 116625 110761 186439 195903 98140 164649 146322 95579 71617 23192 32306 83578 80141 70388 159712 25657 12544
200
0 0 0 0 1 0 0 1 1 0 1 0 1 1 1 0 0 0 0 0 1 1 1 1 0 0 1 0 0 0 1 0 0 1 0 1 1 0 1 1 1 0 1 0 0 1 1 1 0 0 0 1 0 1 1 1 0 0 1 0 0 1 0 0 0 0 0 0 1 1 1 0 1 0 0 1 1 0 0 1 1 1 0 1 0 1 1 1 1 0 1 0 1 1 1 0 1 0 0 1 1 0 0 0 1 1 0 0 1 0 1 1 0 0 1 1 0 0 1 1 1 0 1 0 1 0 1 0 0 0 1 0 1 1 1 0 1 1 1 1 0 0 1 1 0 1 1 0 1 0 1 1 1 1 0 1 0 0 1 0 0 0 0 1 0 0 1 1 0 0 1 1 0 1 1 1 0 1 1 0 1 1 0 1 1 1 1 1 1 0 0 1 1 0 0 0 1 1 0 1
200
121380 156240 99960 152040 156240 8400 18480 142800 35547 45756 29274 44526 45756 2460 5412 41820 10115 13020 8330 12670 13020 700 1540 11900 45084 58032 37128 56472 58032 3120 6864 53040 58378 75144 48076 73124 75144 4040 8888 68680 23409 30132 19278 29322 30132 1620 3564 27540 57222 73656 47124 71676 73656 3960 8712 67320 52887 68076 43554 66246 68076 3660 8052 62220 420 123 35 156 202 81 198 183 289 372 238 362 372 20 44 340 18464 41574 3887 123048 158900 6187 30229 56022 16114 147349 139882 3472 8974 87883 53072 46147 100841 43673 7451 130473 116306 153904 103536 181626 85343 81171 183060 127390 85161 121157 161844 58975 11974 165715 17674 52314 71059 6992 29538 23715 138451 129683 157064 123554 83430 116666 64672 70869 183228 94091 167489 88520 119396 154675 149267 108101 126110 198151 2913 11088 32593 127687 117964 138965 2413 140311 142986 123622 73921 90457 25302 7919 84087 153772 151768 171415 69394 11120 7430 71468 48112 1615 68664 45169 41332 42074 26995 166352 118955 39149 24218 84762 167769 107709 102526 26411 151730 59965 76897 163567 11254 93070 19502 100582 86360 20162 158783 52554 18827 68382 32187 184085 191447 183024 167784 119618 167968 147022 20592 176295
200
57216 0 53938 103704 126054 116518 22946 80758 39634 104896 10132 8256 0 7783 14964 18189 16813 3311 11653 5719 15136 1462 68928 0 64979 124932 151857 140369 27643 97289 47747 126368 12206 38208 0 36019 69252 84177 77809 15323 53929 26467 70048 6766 27840 0 26245 50460 61335 56695 11165 39295 19285 51040 4930 82752 0 78011 149988 182313 168521 33187 116801 57323 151712 14654 21888 0 20634 39672 48222 44574 8778 30894 15162 40128 3876 49344 0 46517 89436 108711 100487 19789 69647 34181 90464 8738 12480 0 11765 22620 27495 25415 5005 17615 8645 22880 2210 39168 0 36924 70992 86292 79764 15708 55284 27132 71808 6936 16896 0 15928 30624 37224 34408 6776 23848 11704 30976 2992 298 43 359 199 145 431 114 257 65 204 88 192 0 181 348 423 391 77 271 133 352 34 4019 127279 13777 47074 44587 138191 179233 140312 124389 95084 59996 137873 5783 16950 36880 26493 86122 14365 112812 179127 22157 151384 12749 98020 137499 47462 4581 42907 52313 12501 8321 118560 38535 13930 65706 184484 17042 47508 166025 80962 192337 25729 86946 116755 109256 152062 105719 173964 183924 86966 26560 147657 78576 71611 116231 57842 173327
200
36027 156103 147072 39122 64756 145213 24406 115459 50459 198398 80904 158282 1171 113865 47731 126183 104966 95794 99839 28160 112582 65824 64794 155129 84533 126611 188417 21050 123482 196187 115570 72962 7048 155719 140414 51890 98765 4600 116894 130886 26781 193850 83597 139795 195502 6411 147010 659 133021 24463 72498 145984 113124 148735 8960 37501 75947 198642 193917 190850 39008 119163 80425 181662 171430 142494 34530 156325 133641 70416 117032 48003 106251 164910 188912 56724 93533 72599 170661 53829 107693 5217 5162 103610 145255 83889 52574 150181 125100 40201 153811 110482 177437 120816 32160 97150 161318 46581 150632 15575 64480 184870 121274 18135 189924 89970 35413 78786 176669 184913 39728 112605 129365 56402 12166 108572 72990 79755 191645 109567 84262 177099 88624 133259 112111 19969 88703 142036 59201 74686 24058 32111 7662 139766 59205 534 13679 33281 74035 107607 121511 99378 33682 3515 76561 99733 132600 62806 29909 159374 154646 163036 36662 52506 18065 108146 160531 2 14227 161869 135324 9101 141367 51261 99906 71123 10495 190622 194718 164106 63519 160183 8146 3017 170410 154118 52448 153015 143294 92566 177539 78808 169253 177533 43739 43292 35792 106023 60282 174650 181555 25372 20510 108694 176279 150308 54356 53265 52510 133354
200
169458 62181 42471 35550 125848 122765 99458 44093 14730 48878 103175 149065 24012 33407 157154 28762 93280 47433 102284 50937 127017 410 18855 193135 29096 197846 160426 144403 137338 108736 63749 40895 16022 164448 127057 142641 180735 183170 73157 161071 38575 44837 191107 170086 61451 105601 176798 13283 103923 28700 148905 199743 194844 162466 83809 18311 43625 76697 147460 195552 80145 114854 160201 37893 192623 2010 10226 113521 99694 194429 24526 103260 99846 88907 156904 59731 180405 166260 54158 57042 36098 179674 112696 145753 67578 41267 127740 59146 81465 159478 152945 40042 192626 5241 17177 108635 159985 115545 15865 30402 31438 54510 10651 7324 164915 10267 25097 11425 100973 74466 108273 50968 55313 32927 110439 67978 19460 174320 98285 27942 165559 106629 32326 136993 72977 124482 108489 3815 12393 177476 77321 171562 124272 41716 58827 135812 17554 163726 136929 179479 178573 148301 142035 114429 47204 64559 56003 6465 183390 63453 35995 197673 11574 158376 166277 19013 121217 164050 124777 32452 97738 119859 144114 62276 62507 106588 84652 93350 128081 179769 163895 43558 160162 46253 85385 148680 87096 132653 188774 111633 33477 51014 169127 11832 182264 35563 124695 129103 129594 176092 123891 112596 7433 198407 24389 135710 187330 153075 96880 52631
200
34230 24675 42525 34545 2310 36120 39585 5775 42840 2310 59006 42535 73305 59549 3982 62264 68237 9955 73848 3982 117034 84365 145395 118111 7898 123496 135343 19745 146472 7898 30970 22325 38475 31255 2090 32680 35815 5225 38760 2090 128770 92825 159975 129955 8690 135880 148915 21725 161160 8690 55094 39715 68445 55601 3718 58136 63713 9295 68952 3718 12062 8695 14985 12173 814 12728 13949 2035 15096 814 97148 70030 120690 98042 6556 102512 112346 16390 121584 6556 26080 18800 32400 26320 1760 27520 30160 4400 32640 1760 26732 19270 33210 26978 1804 28208 30914 4510 33456 1804 105 181 359 95 395 169 37 298 80 82 326 235 405 329 22 344 377 55 408 22 121322 177662 196685 42942 58139 152733 199693 129773 28844 142597 2936 162808 21038 110079 57933 15800 24507 73773 7789 13139 73699 44721 89150 50204 195929 188357 64179 23641 183455 162820 125413 68114 78473 159876 189465 189752 178155 178884 197961 60235 20494 152197 38772 117571 138680 116088 85617 11422 30490 103414 126647 42565 89989 192615 99075 86348 58868 122107 67426 113430 146036 93992 72244 127614 55806 18599 92757 29134 40116 45382 122734 16858 50573 167173 39926 168971 13266 197249 60701 109360
200
191777 113216 182220 123749 23936 117296 22895 148570 199401 8978 8002 122241 171920 172101 93105 199800 57802 179603 146659 88058 94443 153726 73210 118923 14750 88412 164248 180159 97608 105723 151419 60253 74219 163255 53904 52938 146925 193600 169320 65046 154638 3851 19454 196143 62580 141421 10860 161064 199292 182289 35542 78651 74250 6070 71790 3268 47839 120513 38827 28976 144437 64550 199278 164895 131582 75332 37930 123513 159217 34014 126635 198257 11996 105431 90251 23330 79635 63672 91502 37547 34661 2677 111037 6215 135121 184827 165293 25073 150801 192627 7614 117208 159029 172010 130792 82669 121004 99596 160 188341 2624 34255 29423 131181 53127 173539 12100 91528 51576 20387 45815 138081 164824 87666 40373 114325 176226 20825 42875 183405 18251 42516 149167 27183 100872 128847 117245 79694 72835 30067 110656 91327 162576 146184 28016 72747 53528 32457 147916 32262 54762 107899 119377 136695 67728 62297 14322 125886 99724 168793 142904 50341 198135 5674 61236 44819 86368 48171 109641 186438 118461 186360 21588 111293 144367 183159 57566 100522 142045 45692 52986 96213 65861 37116 30790 167757 61150 107157 153525 156591 114775 136593 194350 5745 138376 60037 98277 177743 83795 186190 190584 173752 28846 37893 104247 12392 177837 118884 144869 79533
200
129360 179960 185680 116600 156200 21120 13200 84480 24640 89760 64680 89980 92840 58300 78100 10560 6600 42240 12320 44880 19992 27812 28696 18020 24140 3264 2040 13056 3808 13872 7938 11043 11394 7155 9585 1296 810 5184 1512 5508 26754 37219 38402 24115 32305 4368 2730 17472 5096 18564 25872 35992 37136 23320 31240 4224 2640 16896 4928 17952 55566 77301 79758 50085 67095 9072 5670 36288 10584 38556 87318 121473 125334 78705 105435 14256 8910 57024 16632 60588 104664 145604 150232 94340 126380 17088 10680 68352 19936 72624 82908 115338 119004 74730 100110 13536 8460 54144 15792 57528 440 220 68 27 91 88 189 297 356 282 294 409 422 265 355 48 30 192 56 204 61039 116896 168997 140975 10824 83860 69469 153059 166360 17072 163358 8308 143205 143490 128215 149783 37637 39928 102063 155160 124084 17543 392 186892 55809 37710 13352 41085 176741 98122 129238 42632 191260 155827 98693 123531 16839 166478 53899 141151 198115 154190 54828 101933 67748 39552 164169 196462 11308 40861 14583 46459 76660 123695 155640 87906 19027 25518 17181 25169 157063 52043 153695 182044 46506 179152 155858 162529 182170 126356 24997 119791 112910 119862 143251 96574 71349 17454 49111 173243
200
65537 65537 131073 131073 131073 65537 65537 131073 131073 131073 131073 131073 65537 131073 65537 131073 131073 65537 65537 131073 65537 65537 131073 65537 131073 65537 131073 131073 131073 131073 65537 65537 65537 131073 131073 131073 65537 131073 131073 65537 131073 65537 65537 65537 65537 65537 131073 131073 131073 65537 131073 131073 131073 65537 131073 65537 65537 131073 131073 65537 65537 131073 65537 131073 131073 131073 131073 131073 131073 131073 65537 131073 65537 65537 131073 65537 65537 131073 65537 65537 65537 65537 65537 131073 65537 131073 131073 65537 131073 131073 65537 65537 65537 65537 131073 131073 131073 131073 65537 131073 65537 131073 65537 65537 131073 131073 65537 131073 131073 65537 131073 65537 131073 65537 131073 65537 131073 65537 65537 131073 131073 65537 65537 131073 65537 131073 131073 131073 65537 65537 65537 131073 65537 65537 131073 131073 131073 65537 131073 65537 131073 65537 131073 65537 131073 65537 65537 131073 65537 65537 65537 131073 65537 65537 131073 131073 131073 65537 131073 131073 65537 65537 131073 131073 65537 65537 65537 131073 131073 131073 131073 65537 65537 131073 65537 131073 131073 65537 65537 131073 65537 131073 131073 65537 131073 131073 131073 131073 131073 65537 65537 131073 131073 131073 65537 131073 131073 65537 65537 131073
200
0 0 0 0 0 0 0 0 0 0 0 0 0 0 0 0 0 0 0 0 0 0 0 0 0 0 0 0 0 0 0 0 0 0 0 0 0 0 0 0 0 0 0 0 0 0 0 0 0 0 0 0 0 0 0 0 0 0 0 0 0 0 0 0 0 0 0 0 0 0 0 0 0 0 0 0 0 0 0 0 0 0 0 0 0 0 0 0 0 0 0 0 0 0 0 0 0 0 0 0 5548 56359 76452 29171 190659 125524 44443 97896 61029 120649 163872 63772 115700 81550 5525 151566 190886 71082 62432 172313 36818 112513 3296 174449 104818 149564 33394 176437 162596 104219 568 108448 19850 164604 84679 53870 1163 23507 128792 37657 105184 91879 49821 21693 54243 16973 11763 69927 192047 195472 32185 58476 158919 99221 83088 36136 25933 46539 11329 142918 39394 29367 9362 71790 180453 188239 167482 107928 95662 118091 25547 55017 68157 157987 92186 189502 35979 3355 104208 55916 153892 86108 149453 116848 172944 110250 152832 39394 170513 102685 53583 21897 145845 180444 137536 29087 70180 159658 125886 67114
200
0 0 0 0 0 0 0 0 0 0 0 0 0 0 0 0 0 0 0 0 0 0 0 0 0 0 0 0 0 0 0 0 0 0 0 0 0 0 0 0 0 0 0 0 0 0 0 0 0 0 0 0 0 0 0 0 0 0 0 0 0 0 0 0 0 0 0 0 0 0 0 0 0 0 0 0 0 0 0 0 0 0 0 0 0 0 0 0 0 0 0 0 0 0 0 0 0 0 0 0 0 0 0 0 0 0 0 0 0 0 0 0 0 0 0 0 0 0 0 0 0 0 0 0 0 0 0 0 0 0 0 0 0 0 0 0 0 0 0 0 0 0 0 0 0 0 0 0 0 0 0 0 0 0 0 0 0 0 0 0 0 0 0 0 0 0 0 0 0 0 0 0 0 0 0 0 0 0 0 0 0 0 0 0 0 0 0 0 0 0 0 0 0 0 0 0 0 0 0 0
200
12688 13780 21060 17940 7124 2236 1040 5408 676 14144 22672 20332 84912 92220 140940 120060 47676 14964 6960 36192 4524 94656 151728 136068 6832 7420 11340 9660 3836 1204 560 2912 364 7616 12208 10948 21228 23055 35235 30015 11919 3741 1740 9048 1131 23664 37932 34017 48800 53000 81000 69000 27400 8600 4000 20800 2600 54400 87200 78200 16104 17490 26730 22770 9042 2838 1320 6864 858 17952 28776 25806 8784 9540 14580 12420 4932 1548 720 3744 468 9792 15696 14076 26352 28620 43740 37260 14796 4644 2160 11232 1404 29376 47088 42228 18056 19610 29970 25530 10138 3182 1480 7696 962 20128 32264 28934 1952 2120 3240 2760 1096 344 160 832 104 2176 3488 3128 29280 31800 48600 41400 16440 5160 2400 12480 1560 32640 52320 46920 86132 93545 142965 121785 48361 15179 7060 36712 4589 96016 153908 138023 52 348 28 87 200 66 36 108 74 8 120 353 244 265 405 345 137 43 20 104 13 272 436 391 47018 45434 101908 57176 132838 19279 35302 43088 16932 67561 115430 350 182247 60710 136318 110223 109152 29891 102930 173493 57498 96036 90743 46785 84194 3967 197079 58666 159658 23684 158125 180586
200
152573 88452 955 109322 140383 129010 20280 114588 179047 24801 150419 46354 18848 107291 79714 126249 143161 35290 30864 107941 103049 110697 105070 60212 138530 165339 98246 191290 157116 52775 159498 30550 30677 39499 81769 80796 157276 118025 152402 99823 108230 131970 99992 180345 156560 58425 153508 129919 102092 2833 81291 123680 100710 183240 31054 189571 26113 125822 51817 120041 194316 118310 179966 37739 57363 184895 59636 88858 138418 30794 101302 3286 120362 109935 39937 170840 58732 72178 43064 199163 86328 19463 12033 183772 11363 184266 119287 176799 180351 151902 5114 25530 138436 68400 141233 69989 114510 123540 61017 139864 165482 176450 160781 27531 129900 32185 44026 149027 37107 89299 6983 36921 105933 127430 107021 87652 63454 35412 4740 162158 90082 44165 158683 182811 73909 87129 31972 132838 156117 31956 135430 81879 189222 139401 77944 17113 197898 112770 61940 179704 7516 33637 37047 167484 108798 50889 152431 76250 197788 135145 193147 130287 4540 41046 56526 134220 28293 21429 194878 163476 21851 139753 62262 67609 29966 95322 91041 196318 57281 15292 13677 29149 182210 72588 54455 162767 172838 71689 158922 10060 111191 179543 68697 34668 83826 21886 172765 59510 144561 23434 109597 105235 54171 102925 159018 140697 84662 150477 136704 134662
3
65537 65537 131073
200
16296 82644 53156 72944 25608 86912 62856 17430 88395 56855 78020 27390 92960 67230 16170 82005 52745 72380 25410 86240 62370 8064 40896 26304 36096 12672 43008 31104 17178 87117 56033 76892 26994 91616 66258 11844 60066 38634 53016 18612 63168 45684 3864 19596 12604 17296 6072 20608 14904 388 415 385 192 409 282 92 42 213 137 188 66 224 162 45878 72619 159306 54631 150405 80870 81446 64890 97714 148924 18378 117444 35304 197369 27719 37965 38997 65646 95562 133656 99617 100956 10511 64122 110363 118184 163272 9003 193380 161313 162183 141674 171218 80784 62281 137689 9949 193327 122426 87904 23033 44615 18251 136415 167014 40440 20148 171432 107807 193871 3599 22486 74865 15240 117029 19614 135303 105646 68108 167667 135178 188539 199042 567 183156 192966 183209 32963 175607 91410 148814 73081 20343 135218 68003 64795 53429 62512 73582 46214 28758 62258 5336 32560 123420 25584 48095 31380 94006 54718 104237 179151 77671 16086 141250 194809 98405 160222 6664 116129 191398 197138 93622 59767 171392 157288 120331 179359 104629 99106 53423 173211 109567 68171 76935 136144 53205 47306 191680 136398 122578 154605 112869 88974 46661 23670 121961 14147 99836 140096 172120 103082 160068 22976 154654 48399 1434
200
94594 38188 199716 25480 96259 135702 140915 126094 42403 111914 132399 146848 181117 117450 42557 71021 173935 195561 162589 73154 116351 183647 76700 109088 94252 70339 47006 174152 193165 25967 192096 95711 535 76069 96679 177388 121228 12266 55874 73447 135933 169436 168951 99222 37288 12710 72146 18575 119531 138473 31029 108812 5707 117424 95850 89021 119657 163916 23985 64746 157163 106077 81716 35039 62017 142929 146943 110755 182490 16064 147676 24634 29267 76607 12948 31509 183270 155283 64052 5266 125729 55172 81979 73138 98367 151275 102004 89663 66392 28697 129197 68557 2315 162968 165335 82420 53020 97150 171624 178342 50224 127820 23436 8083 160242 133407 60652 64835 59195 16457 129052 109043 38654 44264 56070 73007 179540 59650 107382 166689 185279 15765 81952 116398 97512 112477 144598 50368 128690 31112 131010 117663 171 121373 12822 145979 23496 61227 132104 152221 68641 187147 58798 79445 8040 169296 76755 129917 10560 112607 134115 159042 153286 60327 107049 55186 75369 111032 84066 12814 182415 99306 66814 75436 5865 151506 22609 59827 81287 9208 108755 72008 168820 94496 154673 112982 181890 180497 117139 78257 92259 159151 91507 168964 149303 148920 74679 66509 17417 52594 14568 147338 165391 145416 45967 78320 54993 109380 187630 93583
200
17726 145631 196658 128982 95853 37359 96438 1265 105314 86041 188623 96297 98145 19662 6027 63285 187102 4956 149462 179669 146088 195302 21058 70515 153127 112070 141582 13236 184515 128589 101819 131601 142428 8503 174217 138821 86136 67985 97430 34751 24448 102043 38005 5848 119953 76350 59618 17119 36539 113272 100610 142733 190142 155602 46518 104149 147823 157524 152341 56852 153218 44518 184907 7346 64565 158856 135794 60356 34366 125188 141921 116796 97869 192121 88388 142709 129321 112066 95691 68924 156203 149953 112762 48431 169839 175469 66501 169871 137534 89911 62068 109882 132165 103423 70898 176302 12263 117612 88786 64662 141671 47857 51486 79310 123678 136274 24327 109934 127470 126603 11659 166514 9526 132963 102393 119668 59866 6579 69290 196511 129849 10100 189786 147972 103253 24342 142715 89632 117237 10816 78991 180069 134369 131464 47436 179270 169649 95302 58497 195431 24133 190250 86241 189635 54393 121461 54748 173932 128446 155089 89986 106043 181705 27420 155086 38950 67826 193233 140754 38548 47826 18756 41034 93581 136800 125567 83343 190687 39044 191679 78069 153017 19706 2186 64512 169516 177903 95225 188462 116911 131500 58120 39128 39136 105140 184911 62165 158610 111075 147127 107111 4234 93027 116039 153579 52614 177397 79253 165969 20441
200
1 1 0 1 1 0 0 1 0 0 1 1 0 1 1 0 1 1 0 1 1 0 0 0 1 0 0 1 0 0 1 0 1 1 0 0 0 0 0 1 0 0 0 0 1 1 1 1 1 1 0 1 0 1 0 1 0 1 1 1 0 1 0 0 0 1 1 1 1 0 0 0 1 1 0 0 1 1 0 0 0 1 0 1 0 1 0 0 0 1 1 0 1 0 1 0 0 0 1 1 0 0 1 0 1 0 0 1 1 1 0 1 1 0 1 1 0 0 0 0 1 1 0 1 1 1 1 1 0 0 0 1 0 0 0 0 0 1 1 0 0 0 0 0 1 0 0 0 0 0 1 1 1 0 1 0 0 0 0 1 0 0 0 1 0 0 1 0 0 0 0 1 1 1 1 1 0 0 0 1 1 0 0 1 1 1 1 0 1 0 1 1 0 1 1 1 1 1 1 0
200
11408 13340 6992 7452 28244 2024 19780 10396 36432 38272 22632 19592 22910 12008 12798 48506 3476 33970 17854 62568 65728 38868 31868 37265 19532 20817 78899 5654 55255 29041 101772 106912 63222 4464 5220 2736 2916 11052 792 7740 4068 14256 14976 8856 38068 44515 23332 24867 94249 6754 66005 34691 121572 127712 75522 8804 10295 5396 5751 21797 1562 15265 8023 28116 29536 17466 41168 48140 25232 26892 101924 7304 71380 37516 131472 138112 81672 32736 38280 20064 21384 81048 5808 56760 29832 104544 109824 64944 25668 30015 15732 16767 63549 4554 44505 23391 81972 86112 50922 24180 28275 14820 15795 59865 4290 41925 22035 77220 81120 47970 41292 48285 25308 26973 102231 7326 71595 37629 131868 138528 81918 92 158 257 36 307 71 332 264 207 195 333 124 145 76 81 307 22 215 113 396 416 246 137975 115027 63820 36824 98351 197096 70480 160291 170799 111995 50658 18368 56753 67533 38156 11957 109984 108110 104396 112994 29788 136177 137706 80669 182103 98912 96275 173742 115052 59670 111786 132740 174516 6274 2743 55380 3327 16185 173645 93558 118462 68714 115416 87109 5737 9766 188884 117745 113631 129899 177322 2681 150746 164516 127604 167810 197078
