100
999999052 98
14813669 15850206 20186820 39271415 62169261 76438761 90938990 112101845 130066592 139756772 149489215 154381755 162265862 170786365 176729164 195738254 211704201 223589831 237993888 251302533 262077829 265977755 279025239 304574122 322833380 327292008 328808140 335637135 349949015 361820591 366365635 370084112 375425212 379108830 388181778 403217604 412333676 414699653 419125987 429621412 449376123 465171023 474247738 481773636 483251405 484809151 486298435 489127348 492549858 495431089 498131457 502007370 524076582 547471967 573887221 616420867 645828515 658943734 671463843 683705940 689298691 695118939 700691154 702961904 704857194 708904382 712337109 719512440 730638958 746036231 759295587 764984644 774442868 781719487 788873366 797616727 805490622 829020120 848112704 856360002 864277181 867466069 873807182 879201631 884775142 888985592 900716179 912797503 918631737 925528116 929274346 934304145 942732449 954217311 966700321 973202455 978127921 998624185
260 233 279 286 190 256 239 186 295 262 252 318 263 278 250 211 244 317 249 259 325 240 271 196 302 305 268 285 228 235 251 279 276 291 188 260 253 318 203 269 244 317 274 319 327 308 303 194 247 231 270 254 233 236 184 227 196 283 294 324 289 329 210 251 302 292 192 254 213 279 283 215 196 235 289 255 300 244 240 309 328 225 264 274 192 195 317 207 221 210 211 198 192 189 260 238 221 324
1000000000 96
668927 5376745 13551574 19767504 24577539 34498345 53305267 62266508 63427808 72841996 89456715 95208786 105363327 110343450 110908104 114950651 116155276 148284234 150639422 222624046 231032053 239468367 259692091 267470143 300180991 314905858 327642264 345853004 346676667 359093999 384489720 388836811 400017410 400968626 401182187 405491813 412270454 422131572 435029947 454265662 461621133 466780059 485271619 486106424 489264291 489342634 489377492 489935129 507692676 517861278 528552201 528577932 542598334 545220176 551783303 557241824 563407869 569640654 574192590 584633807 589552872 589841187 608618322 618938397 629298902 631125381 631700589 632950182 633401161 645518110 654645130 662701234 670987296 671441850 680620624 683242242 692596993 695297140 735513729 755176666 768286547 781500284 820382597 824255778 874859224 902258720 905669786 912073638 918105665 959969036 967954526 968763797 971616266 981220782 987037011 998681686
328 301 235 280 246 211 274 209 316 276 279 318 298 204 327 202 233 260 238 300 294 213 217 297 302 218 195 190 251 286 330 264 243 211 254 304 201 228 202 234 237 196 219 278 221 327 208 223 321 322 316 298 264 259 330 250 299 324 323 287 245 290 315 229 273 226 263 329 218 213 262 272 206 238 214 211 233 298 248 202 215 269 276 318 310 195 244 219 295 301 246 253 305 299 226 290
999999966 42
4107963 27917486 51727009 75536532 99346055 123155578 146965101 170774624 194584147 218393670 242203193 266012716 289822239 313631762 337441285 361250808 385060331 408869854 432679377 456488900 480298423 504107946 527917469 551726992 575536515 599346038 623155561 646965084 670774607 694584130 718393653 742203176 766012699 789822222 813631745 837441268 861250791 885060314 908869837 932679360 956488883 980298406
272 252 193 259 286 283 294 279 319 297 264 279 188 302 211 298 222 288 286 220 275 328 276 245 203 213 298 209 207 260 317 197 274 246 324 231 320 225 184 301 316 249
999998986 75
7864738 32980173 65517362 79860735 87313619 94916718 102563775 121191062 141723022 153253873 167768804 179059965 195725058 215705391 220773882 223085026 226156156 233138221 244553490 252726930 262709989 287470939 289542759 295408528 303794579 312453754 324480674 332591134 336596784 348275203 358126034 374593095 394070192 402187583 406745151 449111115 491735635 497036776 501454927 505394978 510936604 514341308 523245761 529528002 542201081 556836239 564497855 574961950 585133912 612661264 619375777 620603773 624414100 639887810 654910540 683417224 691406015 712090520 735225588 744127643 751969243 761822986 773875125 788897265 801097170 874216583 888800352 915783410 933776306 966717787 983177845 988463761 989026362 989277799 991694714
303 234 195 253 209 323 216 208 328 263 226 282 264 327 246 206 292 195 253 285 324 310 302 190 264 283 232 280 196 226 236 190 191 314 226 252 294 204 227 277 271 252 302 292 203 258 295 231 197 225 191 241 325 246 329 326 222 241 294 185 318 286 208 323 188 276 304 185 217 237 243 205 320 287 214
999999964 41
12484203 36874446 61264689 85654932 110045175 134435418 158825662 183215905 207606148 231996391 256386634 280776877 305167120 329557363 353947606 378337849 402728092 427118335 451508578 475898821 500289064 524679307 549069550 573459793 597850036 622240279 646630522 671020765 695411008 719801251 744191494 768581737 792971980 817362223 841752466 866142709 890532952 914923195 939313438 963703681 988093924
258 203 283 231 250 320 285 304 301 288 278 250 255 328 291 277 254 245 205 262 199 283 224 307 216 234 252 296 256 316 232 269 229 244 316 313 218 214 227 321 288
999999963 41
16697976 41088219 65478462 89868705 114258948 138649191 163039434 187429677 211819920 236210163 260600406 284990649 309380892 333771135 358161378 382551621 406941864 431332107 455722350 480112593 504502836 528893079 553283322 577673565 602063808 626454051 650844294 675234537 699624780 724015023 748405266 772795509 797185752 821575995 845966238 870356481 894746724 919136967 943527210 967917453 992307696
312 288 196 225 220 268 285 274 260 242 222 243 212 207 239 278 219 317 256 209 223 201 328 191 265 258 218 184 320 281 193 315 216 323 329 304 293 238 184 217 289
867 19
96 119 172 198 217 240 245 303 371 439 468 533 538 548 591 679 764 813 866
231 298 189 222 269 207 244 214 218 244 189 195 185 254 206 273 272 302 291
999999981 29
1961392 36444150 70926908 105409666 139892424 174375182 208857940 243340698 277823456 312306214 346788972 381271730 415754487 450237245 484720003 519202761 553685519 588168277 622651035 657133793 691616551 726099309 760582067 795064825 829547583 864030341 898513099 932995857 967478615
313 214 256 317 255 275 198 290 309 194 227 282 262 231 205 322 236 237 221 234 311 298 192 263 256 186 255 209 297
4768 95
28 97 168 239 246 314 382 473 562 651 701 790 835 898 996 1001 1041 1102 1190 1274 1298 1349 1381 1440 1478 1534 1543 1585 1683 1722 1729 1761 1825 1849 1869 1945 1978 2014 2027 2104 2131 2196 2201 2214 2224 2275 2332 2420 2486 2534 2598 2662 2675 2757 2798 2873 2883 2898 2924 3018 3031 3130 3140 3182 3249 3263 3292 3341 3374 3454 3502 3532 3570 3653 3739 3795 3862 3905 3928 3951 4000 4046 4130 4182 4244 4265 4326 4420 4477 4511 4557 4605 4668 4714 4747
194 253 291 298 229 241 224 307 188 196 204 199 309 257 236 291 330 266 198 238 327 207 312 305 309 240 234 229 193 328 202 187 297 193 317 330 187 309 249 301 278 227 297 208 294 238 252 301 239 211 310 267 302 275 243 263 250 234 220 260 304 243 216 275 246 266 290 236 269 273 312 237 271 315 229 257 311 271 319 189 218 250 251 199 287 320 249 214 215 237 220 319 314 272 295
999999372 51
26422861 55279355 66090825 78790987 99239621 119680823 124518616 137571255 168843059 174002622 206383697 275860487 284972750 290219902 303825725 305232845 310276294 328040974 337773782 339046830 353538925 371920604 402651748 408604826 411369117 417536743 438805157 451506473 476769457 493291788 497671198 525579130 549107296 574502958 582232763 593807590 610138035 625507245 628036094 635655042 660177930 744940669 793221260 808718196 844946236 884639433 924222332 940913093 960448997 989932726 995664952
294 248 190 289 297 325 251 252 212 211 288 236 194 262 230 188 261 292 204 191 258 185 235 241 200 236 215 325 262 207 220 187 203 190 206 292 288 204 328 330 208 185 227 243 301 248 259 303 209 311 257
1000000000 97
9493021 9593978 40324160 40780249 50170555 77897658 81858554 86262090 100633456 119506987 144158660 146100669 160857094 171482962 172319826 192801425 194291052 206052351 208557990 215199755 225261433 230001345 235800183 240118011 250062116 261848533 266733325 270224154 272843715 283845748 289782575 301315237 304282634 324030103 327632531 336691297 341227092 353743633 354415030 360077936 366978008 371668395 373362404 381952914 383569997 387378628 394280360 395742285 403634039 426267098 439935153 451670724 484639446 485774528 487484149 492312897 508050853 511727680 514788357 535553763 546265704 551540218 564693382 566027962 588023580 589103357 592890411 643047371 655982928 668514007 669237293 689677375 700686221 756034783 767636622 769730569 787669310 798553091 814942097 824424250 848423076 852976159 870411257 878085136 888525054 891038336 924873192 958614047 959474181 966558089 974905606 976878769 977800451 977810147 987487081 996189981 998330728
310 240 186 216 329 252 286 247 313 283 207 287 232 219 290 254 185 245 327 274 327 248 262 237 199 194 214 230 228 201 272 205 252 221 211 292 236 330 273 195 311 260 294 194 325 244 201 203 235 254 276 330 313 241 188 224 286 208 277 196 242 324 259 208 245 278 271 211 314 231 214 298 251 304 313 197 308 188 261 273 198 210 200 222 281 240 251 278 193 281 305 191 256 250 274 199 248
1000000000 100
5877266 7098077 14252197 23039985 23887788 25966443 36937759 37232251 37585544 52962374 86305293 99642015 103399142 125706515 143011651 159684377 163925120 174762110 180960695 190207502 191153641 197373087 205114993 213746788 223348880 251201873 277405393 280900282 284331278 289840646 296818890 300778329 304535684 306509443 311403780 312638387 315234381 319907607 327453990 334143818 335172935 339159961 364127168 393354479 401059908 401632846 420206912 437012109 439206815 449924338 451723890 462552430 486242940 504300338 504862338 518171812 519064460 543011776 547101566 549979465 553509934 557806663 558463652 570788978 602101154 622204471 636686458 642818414 653299125 682470743 709764721 718822809 727725125 730319774 730362580 751410470 753440123 757501151 763661463 765399856 773614400 774963762 777370473 797085435 809740150 833435970 850260343 857817520 875401215 877126516 877203605 895318372 901267374 930510075 931467136 934549754 972205815 985247572 990237499 993770396
189 261 222 218 234 328 253 229 284 277 270 283 235 237 193 224 243 288 189 215 261 229 213 254 313 325 208 315 241 235 255 268 315 284 323 185 222 193 233 184 275 201 208 327 218 307 269 300 248 264 326 294 269 264 224 198 285 244 330 308 192 321 221 316 205 215 274 207 257 195 201 313 285 330 254 252 315 265 245 228 268 306 231 319 263 276 294 256 275 206 215 202 325 201 323 276 280 191 283 251
1138 18
15 62 110 128 143 242 313 404 423 508 578 670 769 865 935 976 1044 1093
188 201 187 300 206 305 263 212 194 192 311 273 285 216 223 280 197 200
4942 98
11 21 112 192 240 321 372 378 435 461 525 570 581 610 695 736 794 829 863 938 1036 1064 1160 1213 1230 1267 1309 1378 1416 1469 1500 1535 1547 1640 1718 1775 1870 1960 1975 2008 2059 2066 2117 2122 2195 2210 2272 2335 2421 2447 2532 2551 2648 2747 2793 2798 2878 2916 2964 3042 3057 3125 3171 3254 3290 3308 3350 3370 3465 3535 3606 3677 3704 3755 3807 3822 3894 3920 3934 3967 3997 4092 4106 4194 4257 4306 4341 4352 4381 4399 4455 4482 4487 4586 4644 4736 4791 4890
184 229 305 292 288 323 218 283 266 244 296 217 295 294 207 230 225 326 199 258 259 196 219 272 299 191 260 254 328 217 192 209 210 295 270 235 245 263 223 220 326 300 269 251 217 198 222 305 299 190 209 255 290 268 269 259 281 291 323 242 272 247 201 228 238 328 247 318 250 312 298 223 310 213 254 291 327 310 231 268 303 291 245 271 277 276 220 263 324 230 312 266 184 300 324 319 236 312
563 10
44 109 132 229 258 287 352 402 447 543
224 278 247 262 203 305 196 323 199 227
999999216 92
1742002 17943575 33182667 47358683 60093398 65071547 70534809 73553014 76434418 79021945 99073235 119148966 124458207 132797402 140271769 150148661 170139252 188689104 205368202 225033752 235002603 237969795 240799598 245678536 254085984 259762522 261792093 267505718 271463851 272384575 273751577 282125624 295988569 306486139 314972554 323716015 341862801 360382348 376379927 395632984 411662133 429031688 439523445 457261285 481365066 509473686 531440324 542311837 561398678 575323606 582582106 590392861 599359156 604269620 608993964 617461038 625201167 635785646 651954263 661596089 668147430 689872617 734630790 763647389 770402339 777773824 783239946 789675150 793252720 798599682 806848049 820601357 832112726 835524094 839887437 844768670 847012366 848792439 862067620 880513597 891412343 909495801 924836924 930482113 934967764 935815938 950342695 969747472 978062345 982296696 987612995 994788815
191 248 209 321 274 281 268 225 199 184 266 319 245 244 303 298 262 330 218 299 208 287 313 289 272 250 308 262 187 315 312 294 260 282 215 197 284 312 293 220 241 262 325 218 240 307 300 317 214 236 297 214 226 304 193 260 239 272 192 252 246 251 219 295 271 229 304 216 231 250 254 263 303 260 241 200 319 230 297 263 199 243 315 248 240 307 270 220 277 242 267 279
999999925 85
6592685 18357390 30122095 41886800 53651505 65416210 77180915 88945620 100710325 112475030 124239735 136004440 147769145 159533850 171298555 183063260 194827965 206592670 218357375 230122080 241886785 253651490 265416195 277180900 288945605 300710310 312475015 324239720 336004425 347769130 359533835 371298540 383063245 394827950 406592655 418357360 430122065 441886770 453651475 465416180 477180885 488945590 500710295 512475000 524239705 536004410 547769115 559533820 571298525 583063230 594827935 606592640 618357345 630122050 641886755 653651460 665416165 677180870 688945575 700710280 712474985 724239690 736004395 747769100 759533805 771298510 783063215 794827920 806592625 818357330 830122035 841886740 853651445 865416150 877180855 888945560 900710265 912474970 924239675 936004380 947769085 959533790 971298495 983063200 994827905
222 211 237 318 260 269 273 258 268 277 205 239 250 218 271 285 187 316 230 258 190 200 238 237 220 292 271 239 304 235 204 251 252 236 269 281 217 186 191 279 314 310 323 191 305 225 320 309 216 195 292 261 204 261 214 220 225 194 217 208 296 316 229 309 285 199 194 290 278 261 298 268 239 316 238 301 321 189 200 319 230 209 236 242 233
999999975 34
10688293 40100057 69511821 98923585 128335349 157747113 187158877 216570641 245982405 275394169 304805933 334217697 363629461 393041225 422452989 451864752 481276516 510688280 540100044 569511808 598923572 628335336 657747100 687158864 716570628 745982392 775394156 804805920 834217684 863629448 893041212 922452976 951864740 981276504
222 323 266 284 199 283 215 299 186 252 298 225 257 256 192 265 250 193 242 232 228 271 279 330 240 323 237 274 321 214 201 243 188 302
1000000000 2
112545940 612545941
236 214
809 8
13 140 216 324 406 543 637 744
209 186 316 290 202 283 273 195
1000000000 95
524437 22890475 25387551 27086798 32660887 41271040 41875126 46355979 78953533 85118336 93051327 98994373 143823597 166750940 186297677 187518694 189782395 190591782 196729153 198178589 202681199 240598591 244280097 248926407 273183483 287250189 287612867 292062387 292287571 301445237 307517683 311943288 315280383 340949338 343724791 349886913 397257368 401367396 403245528 423503031 430919420 447804211 447893196 450394762 459615235 482665412 496498676 496843221 497829409 499182765 519962605 540123980 561160748 570597089 573982492 593380551 594001175 601120950 610424313 619914031 621864018 622573672 625432412 625658315 642333664 643156909 649699276 650068524 659717673 690571000 704350022 722139162 724050612 748127666 752237036 764004020 765776002 790689776 803928084 806730519 808331042 810026442 827763529 839257721 859273489 862011786 865381849 867506569 867587307 895027914 933136115 953810579 970103219 976080838 992482978
195 329 203 319 290 284 218 315 194 223 232 250 324 263 316 230 193 317 245 248 259 299 211 206 234 270 305 312 201 209 279 318 197 260 239 191 319 213 250 200 282 265 273 241 214 328 199 260 326 220 312 236 261 299 253 211 188 204 289 302 255 283 210 305 229 281 291 283 287 284 223 299 275 208 194 223 195 254 305 238 191 293 272 218 281 187 286 219 318 290 259 248 241 222 250
999999034 89
61680 8868920 17108905 24291510 35412001 45347672 49294148 71421584 91300819 92639363 97967230 103879462 110741819 119750304 128288671 129223891 141342976 153476177 155466441 158373735 168394510 177167576 178252894 180897487 183740175 185971869 191665381 201478292 209177062 215345041 221374081 223448957 224111173 228847379 233713512 242589367 251601428 253436126 256514293 264295049 309629803 324623195 331165131 341284594 375246088 387952500 389816703 410489390 439303176 449134901 460772306 493599321 529966139 542453461 556237233 576186338 590029912 593704355 600371753 609575211 615291709 618716562 622648827 625892617 632261820 648521707 681819396 707108499 719841529 761377819 795275081 801464733 810247121 816080214 831273750 843651664 855171207 862561129 867594156 885858737 902067015 921603646 943484284 960378998 977134527 982209418 989527042 993979692 994801303
198 223 231 184 228 263 206 252 289 314 293 219 204 188 277 258 192 265 275 280 241 279 269 295 260 278 260 276 258 226 297 322 320 323 216 272 255 194 202 228 307 264 212 264 195 254 223 321 213 208 193 227 215 234 194 319 201 198 209 187 203 246 275 250 234 199 287 297 225 203 253 272 294 311 257 228 313 213 188 286 198 194 210 323 240 289 257 193 302
999999977 34
14448242 43860006 73271770 102683534 132095298 161507062 190918826 220330590 249742354 279154118 308565882 337977646 367389410 396801174 426212938 455624702 485036466 514448230 543859994 573271758 602683522 632095286 661507050 690918814 720330578 749742342 779154106 808565870 837977634 867389398 896801162 926212927 955624691 985036455
276 274 243 188 240 244 257 266 287 296 326 294 271 198 199 314 273 199 258 282 239 241 222 320 260 317 301 255 245 286 308 300 227 212
999999926 85
10034037 21798743 33563448 45328153 57092858 68857563 80622268 92386973 104151678 115916383 127681088 139445793 151210498 162975203 174739908 186504613 198269318 210034023 221798728 233563433 245328138 257092843 268857548 280622253 292386958 304151663 315916368 327681073 339445778 351210483 362975188 374739893 386504598 398269303 410034008 421798713 433563418 445328123 457092828 468857533 480622238 492386943 504151648 515916353 527681058 539445763 551210468 562975173 574739878 586504583 598269288 610033993 621798698 633563403 645328108 657092813 668857518 680622223 692386928 704151633 715916338 727681043 739445748 751210453 762975158 774739863 786504568 798269273 810033978 821798683 833563388 845328093 857092798 868857503 880622208 892386913 904151618 915916323 927681028 939445733 951210438 962975143 974739848 986504553 998269258
305 230 248 327 241 282 255 246 264 233 314 265 313 236 260 315 228 189 316 281 244 287 298 275 286 327 228 209 313 328 200 194 204 232 279 304 230 237 298 234 203 272 216 262 207 229 201 220 227 195 302 285 206 276 299 274 302 214 246 318 268 246 302 273 206 250 251 218 258 238 191 212 317 208 304 242 298 224 288 244 274 221 258 274 312
999999120 95
6094317 17898972 30472076 35211366 39556896 43675055 53990891 68698124 74661678 80723441 86666053 93645003 103194762 107036714 107831276 112726349 121346881 126163673 127100051 140753370 159376794 165369544 168757807 174577979 191119894 210710415 223185107 232433495 242063371 257682994 279997482 302493337 319119228 328543381 330422270 330876470 333821468 339642681 343377336 352049827 367003004 376519894 379676075 381352844 385327666 390153971 402221290 419976458 429121755 443119859 457561246 464636280 476839464 485629564 495881385 510326496 523466214 535470956 543333841 550926258 556548773 564119801 578247675 597373668 612470171 622054315 632992736 645036655 659170531 675929859 686365440 689305334 696935396 712836168 725953713 741275967 759490700 770405144 777998078 780332249 802371909 833980475 844484873 856141125 868164531 892596890 917503648 930431723 942908076 944326733 945677700 957741416 970594098 974172308 989379731
205 211 210 266 263 185 300 282 262 199 236 326 314 299 300 254 223 253 213 322 302 308 273 265 308 251 235 301 256 270 284 184 198 302 317 280 190 304 211 262 233 317 289 189 193 228 211 231 306 288 294 242 214 324 282 270 301 269 321 283 292 206 323 298 206 275 231 184 304 311 258 222 186 273 313 287 197 322 199 269 203 223 257 327 212 317 239 271 277 303 188 228 271 270 298
999998332 53
27312581 48660625 65542376 79095096 162324407 182233883 187763831 210085346 221835023 230589299 253568100 287758896 302535011 310835163 315366183 326213955 342392713 360711876 386482866 412312587 416926113 423496887 438334578 460639104 461754527 493793501 508705985 513094962 524652167 544309656 562100533 597012515 623379804 635360071 642757987 667939185 677007058 680473961 685510400 716753723 740421163 792231469 820150003 826986852 829243131 838951998 851550358 870174257 903703465 926924365 939691219 955325070 985660210
314 302 185 207 219 330 261 254 258 317 219 300 213 228 309 307 326 313 199 246 221 270 211 295 257 212 187 293 202 303 251 236 240 184 240 278 277 276 297 321 282 206 194 308 207 233 281 214 258 242 301 296 237
1000000000 2
85500793 585500793
288 201
999998724 89
500245 14909889 22811903 28517696 34408511 40668476 48822397 56385723 61407665 62252287 63822328 72536883 83486003 88019659 89716622 90990529 95449915 110719596 119523914 141198876 165869073 176454911 185945628 189442369 195582510 206196241 223960211 241523224 255260474 262852757 264903340 289214817 303564930 306124855 314043262 364620735 399690934 417356267 422539911 423694682 432196052 443824396 456357834 468697720 477879176 502924216 518534233 532516425 544261397 563925856 574844121 582007570 590236022 592617851 592925748 627141552 673233304 692183494 716924852 739445651 744276593 749217087 753507736 754374145 755780437 758475868 762793609 778948254 798578058 815334736 829308967 832671373 838616759 845141375 848144559 851353091 855215627 857906582 859347146 871108950 881889060 899202486 927238339 930822742 935817560 939994691 947117897 972229243 991514833
263 238 184 328 190 281 295 232 230 228 278 306 316 237 327 299 227 259 291 226 194 318 236 305 312 316 196 267 264 235 264 299 287 327 329 323 209 226 292 234 256 185 326 217 238 284 281 214 265 251 286 248 226 255 212 252 298 301 300 227 318 261 289 261 306 325 318 271 245 312 311 291 283 328 314 205 274 264 256 248 191 265 229 329 307 197 243 192 256
1000000000 99
6840174 22963999 35410231 54482020 55557960 58327266 64139118 66720436 67460593 75411344 77071879 78148150 82205237 95313290 108600369 142917112 144033793 164118616 174944705 178392503 191711330 204788798 209603797 227409821 234869144 238499616 258527045 276960867 287846373 289127203 294410750 303968625 312171052 314375386 324814878 364491752 417322785 428965345 443821201 450548804 460360407 461880569 491655546 492679539 497189772 497696951 505837206 513196681 519254731 523857795 533684239 534070245 540793585 562414435 572197027 584563588 595456398 607904139 608380501 611989304 623022148 640545603 646879856 653320115 667716711 677527649 681418355 706783357 732077624 740425910 744622204 748080065 755459291 760649581 760882187 772068132 780274137 788833156 791267833 799624363 808935525 812172596 819823683 850467248 852864775 852966776 873454311 880486617 884836016 905490464 933227900 940924839 943297967 967772845 969974750 979850297 981679334 989499879 991615415
259 247 314 227 316 225 254 232 289 209 295 203 276 329 286 297 225 312 258 205 291 276 257 268 213 234 250 329 210 294 215 282 329 209 270 229 291 234 237 196 226 238 304 216 239 198 223 293 203 194 286 198 284 288 265 326 225 251 202 311 258 289 211 272 220 221 230 318 200 318 304 249 188 189 197 206 262 207 231 255 201 254 194 299 209 231 236 216 327 302 191 256 280 209 315 206 254 291 233
999999148 42
28233655 34632873 43941880 85851973 112809543 130810410 139461017 164585685 167765656 185581017 217461161 226889775 267106646 274214848 299079675 399520396 408784760 458664774 468936026 484574416 492855679 504292222 565478574 652977461 670296871 674793823 713676286 748107372 754872368 764618146 776538995 785010024 794025629 809247591 839000044 857785654 864331979 869713213 878021884 895155172 898425808 983871408
302 279 222 193 292 207 265 231 284 330 269 204 265 290 257 254 316 314 217 327 239 266 308 283 239 317 256 229 295 252 319 307 321 255 228 188 276 236 294 324 197 243
4608 99
28 66 113 150 233 244 249 317 323 349 364 424 480 526 609 622 670 725 822 919 1009 1020 1072 1108 1165 1235 1253 1321 1346 1431 1484 1510 1545 1637 1643 1660 1693 1750 1792 1831 1860 1947 1973 2030 2113 2181 2278 2287 2292 2314 2371 2381 2474 2551 2582 2626 2682 2756 2798 2815 2839 2901 2952 2963 2977 3056 3139 3147 3204 3271 3301 3327 3372 3448 3498 3508 3528 3540 3582 3595 3637 3695 3708 3771 3864 3898 3907 3924 3973 4046 4067 4128 4222 4273 4371 4400 4492 4535 4540
222 329 322 248 309 215 308 248 210 246 277 290 278 248 297 228 249 223 229 194 259 185 306 322 210 298 263 191 203 267 306 251 187 226 243 199 308 231 302 218 215 267 272 323 301 198 286 223 194 330 184 304 315 247 242 264 188 249 213 307 259 238 282 242 306 260 215 234 260 236 315 188 184 293 291 253 237 292 240 281 201 329 330 197 254 208 252 241 249 254 217 224 226 270 259 299 308 301 267
100 100
0 1 2 3 4 5 6 7 8 9 10 11 12 13 14 15 16 17 18 19 20 21 22 23 24 25 26 27 28 29 30 31 32 33 34 35 36 37 38 39 40 41 42 43 44 45 46 47 48 49 50 51 52 53 54 55 56 57 58 59 60 61 62 63 64 65 66 67 68 69 70 71 72 73 74 75 76 77 78 79 80 81 82 83 84 85 86 87 88 89 90 91 92 93 94 95 96 97 98 99
198 267 206 251 239 266 326 255 326 185 245 244 189 222 303 309 192 283 186 298 295 245 225 263 288 206 271 324 303 286 273 239 325 316 185 272 314 234 229 214 284 255 276 275 217 229 268 252 262 328 286 243 189 280 234 322 325 272 261 197 188 327 243 255 256 291 184 244 287 307 276 311 238 301 292 287 237 213 219 260 231 223 286 203 232 212 293 273 223 191 197 199 274 217 305 302 228 240 221 191
999999967 42
22648250 46457773 70267296 94076819 117886342 141695865 165505388 189314911 213124434 236933957 260743480 284553003 308362526 332172049 355981572 379791095 403600618 427410141 451219664 475029187 498838710 522648233 546457756 570267279 594076802 617886325 641695848 665505371 689314894 713124417 736933940 760743463 784552986 808362509 832172032 855981555 879791079 903600602 927410125 951219648 975029171 998838694
255 279 228 322 261 287 328 264 290 204 215 237 208 263 325 194 285 283 322 203 233 217 249 274 254 212 317 243 189 252 289 187 306 294 233 266 292 220 203 200 228 319
1000000000 2
156519246 156519247
238 313
999999924 85
11718966 23483671 35248376 47013081 58777786 70542491 82307196 94071901 105836606 117601311 129366016 141130721 152895426 164660131 176424836 188189541 199954246 211718951 223483656 235248360 247013065 258777770 270542475 282307180 294071885 305836590 317601295 329366000 341130705 352895410 364660115 376424820 388189525 399954230 411718935 423483640 435248345 447013050 458777755 470542460 482307165 494071870 505836575 517601280 529365985 541130690 552895395 564660100 576424805 588189510 599954215 611718920 623483625 635248330 647013035 658777740 670542445 682307150 694071855 705836560 717601265 729365970 741130675 752895380 764660085 776424790 788189495 799954200 811718905 823483610 835248315 847013020 858777725 870542430 882307135 894071840 905836545 917601250 929365955 941130660 952895365 964660070 976424775 988189480 999954185
286 240 189 186 286 289 210 320 251 188 314 254 261 272 315 243 242 299 283 326 213 189 313 236 262 264 282 257 223 192 255 238 205 202 227 330 216 229 195 309 204 285 217 197 264 313 247 318 231 264 215 185 319 308 266 286 305 300 189 215 197 263 290 264 297 228 210 206 313 256 246 301 210 279 301 281 308 290 257 260 215 303 186 198 302
999999982 29
26241395 60724153 95206911 129689669 164172427 198655185 233137943 267620701 302103459 336586217 371068975 405551733 440034491 474517249 509000007 543482765 577965523 612448281 646931039 681413797 715896555 750379313 784862071 819344829 853827587 888310345 922793103 957275861 991758619
288 210 289 313 205 216 223 266 255 215 204 244 322 285 324 302 313 191 247 261 323 187 188 228 284 231 187 313 316
999998432 94
3964784 20854909 35837070 38695681 39736042 41232233 56901683 72519548 78792921 92017023 112274326 126667883 132693494 141003655 148229209 152115643 157049890 166946858 189390496 214779591 228577992 238657443 247080558 264144055 279341115 282541635 292426587 306094541 320836534 332977447 356094672 382093652 387719445 388700489 391574566 398939958 408121467 414674183 440514466 465327255 472120667 479055516 489482239 503501802 517157963 528371972 532967649 540054664 546150998 553432786 574706782 602895692 619068068 621836213 624089886 638701177 654502120 661011382 665226703 676583166 696974568 717138147 731146470 735245324 735529353 737823252 744021807 756279281 772120167 780709632 784613597 788162247 792889432 799895414 810770276 820409562 822943124 832319560 843798615 847324137 850132477 856272646 860896879 866417491 879193394 887413248 889775534 895779561 917781242 946727237 966438876 976163983 977431995 988578640
225 274 305 277 218 215 254 193 325 252 321 250 248 285 276 280 281 240 267 224 203 271 210 267 301 246 255 185 314 233 241 279 249 302 298 237 315 242 294 202 219 202 324 232 327 292 282 269 228 326 280 196 205 329 210 276 212 267 203 274 191 197 278 301 318 186 273 242 321 296 224 308 314 300 313 265 212 274 192 227 184 266 325 250 304 225 272 266 298 270 289 324 302 288
461 6
1 44 140 197 291 362
267 210 221 216 284 186
5468 100
13 46 94 186 216 306 317 375 421 493 543 557 647 682 732 820 857 906 962 982 1048 1094 1154 1175 1255 1352 1402 1455 1536 1553 1593 1610 1695 1738 1810 1901 1929 1957 1997 2070 2147 2187 2209 2224 2262 2331 2403 2459 2490 2581 2634 2725 2823 2919 3015 3112 3150 3239 3314 3385 3469 3558 3625 3640 3647 3726 3794 3852 3862 3908 3999 4058 4148 4212 4262 4274 4368 4416 4433 4460 4500 4548 4587 4648 4712 4790 4826 4854 4921 4958 5055 5137 5197 5238 5251 5328 5366 5424 5441 5452
274 224 279 234 282 318 211 223 234 275 290 309 277 308 204 290 294 187 211 186 325 273 270 259 318 243 195 259 245 185 234 212 192 241 277 196 286 238 328 310 260 229 289 259 261 282 246 196 301 245 290 215 311 239 208 285 213 311 292 267 230 198 186 207 323 188 253 265 291 216 191 210 305 230 272 236 205 194 231 211 221 280 321 325 197 264 309 253 230 203 197 258 266 243 246 199 260 312 296 317
999999916 85
10619756 22247662 33875568 45503474 57131380 68759286 80387192 92015098 103643004 115270910 126898816 138526722 150154628 161782534 173410440 185038346 196666252 208294158 219922064 231549970 243177876 254805782 266433688 278061594 289689500 301317406 312945312 324573218 336201124 347829030 359456936 371084842 382712748 394340654 405968560 417596466 429224372 440852278 452480184 464108090 475735996 487363902 498991808 510619714 522247620 533875526 545503432 557131338 568759244 580387150 592015056 603642962 615270868 626898774 650154586 661782492 673410398 685038304 696666210 708294116 719922022 731549928 743177834 754805740 766433646 778061552 789689458 801317364 812945270 824573176 836201082 847828988 859456894 871084800 882712706 894340612 905968518 917596424 929224330 940852236 952480142 964108048 975735954 987363860 998991766
223 209 250 246 285 228 278 256 330 292 320 241 232 258 215 228 208 244 184 321 203 199 185 265 223 259 215 320 318 304 250 220 239 304 196 221 278 199 254 222 307 261 300 294 248 283 217 326 281 313 221 197 194 216 323 281 249 232 324 221 228 268 300 282 224 242 287 309 201 296 267 218 305 228 249 268 205 264 210 193 307 201 288 282 288
4925 98
18 77 168 238 267 307 370 425 477 523 592 602 644 655 735 810 863 904 961 968 1010 1089 1095 1125 1176 1197 1272 1282 1310 1383 1396 1460 1554 1645 1678 1730 1757 1801 1896 1972 2001 2064 2131 2142 2194 2250 2331 2371 2459 2464 2470 2508 2602 2663 2681 2758 2850 2863 2880 2927 2982 3007 3013 3044 3077 3175 3221 3295 3365 3413 3482 3576 3648 3736 3777 3820 3865 3927 3989 4058 4063 4087 4092 4146 4230 4304 4403 4436 4521 4543 4589 4637 4701 4715 4742 4834 4859 4902
228 220 255 210 242 294 273 297 295 229 220 184 245 210 288 218 228 305 293 231 283 223 185 274 195 272 317 192 275 203 264 261 198 294 321 235 281 324 219 227 201 191 305 283 238 291 286 206 283 320 314 214 262 250 275 215 313 256 240 241 186 229 216 307 310 253 240 196 317 266 254 239 184 279 326 220 259 300 297 298 285 282 246 262 243 295 308 286 225 291 261 259 270 302 309 259 253 296
999999838 93
10696642 16091696 18055099 27472898 39039425 45900553 54780135 75774362 84653444 103011639 119504623 134712548 146777053 148666184 203516975 223207152 229590681 245005085 262445952 272196446 277122996 280368985 281941615 284624440 298589623 310760912 317214338 325730256 333906022 345460264 355572233 362331902 367837838 384947576 408328799 419180669 422250145 429333119 438797474 444451420 447961717 452444428 459365201 464452115 466496589 470837484 480258339 491789794 498395781 514572229 537369735 545083727 558197073 565002016 582087795 596376524 603343433 614134709 622556798 630169009 643291578 655922359 664106040 668808199 671134313 680340220 690974418 695460875 719413511 744554285 747867370 749166057 755408138 761860029 763357878 772664844 785872039 798869744 811283216 834372890 854497886 861948589 869705518 889012798 903275128 907659157 912995466 934356451 942812108 952193148 969162259 984625207 998144276
204 194 316 250 246 296 325 198 252 247 294 324 236 240 257 191 281 258 250 282 285 265 235 280 240 281 232 240 197 286 276 315 295 211 193 247 311 221 237 320 308 250 282 262 314 215 277 243 288 297 318 239 290 226 306 205 327 292 323 245 281 293 254 236 316 255 261 275 274 303 265 319 274 197 299 313 306 229 286 223 304 298 214 281 238 185 226 210 221 253 270 214 319
999999962 41
658912 25049155 49439398 73829641 98219884 122610127 147000370 171390613 195780856 220171099 244561342 268951585 293341828 317732071 342122314 366512557 390902800 415293043 439683286 464073529 488463772 512854015 537244258 561634501 586024744 610414987 634805229 659195472 683585715 707975958 732366201 756756444 781146687 805536930 829927173 854317416 878707659 903097902 927488145 951878388 976268631
236 198 294 317 249 220 221 227 276 248 234 200 323 187 191 208 328 224 260 236 294 276 299 210 255 313 190 217 292 192 305 314 231 228 260 243 184 289 323 324 208
5116 95
0 79 121 167 201 222 239 289 311 340 430 499 563 583 598 661 753 800 887 949 987 1075 1084 1160 1173 1196 1269 1354 1436 1492 1582 1667 1728 1784 1810 1848 1928 1939 1946 2001 2033 2074 2083 2155 2198 2282 2355 2396 2477 2506 2594 2634 2696 2768 2819 2877 2903 2979 3017 3089 3105 3140 3187 3226 3306 3404 3503 3592 3605 3699 3767 3844 3935 3979 4065 4148 4166 4223 4271 4338 4427 4514 4550 4580 4609 4627 4648 4658 4746 4807 4829 4864 4936 5002 5101
233 272 255 207 236 222 316 293 211 322 206 273 254 280 194 221 265 266 281 294 280 279 208 241 292 290 209 280 230 303 242 209 223 292 322 194 200 229 212 326 309 327 261 327 319 254 264 241 265 226 313 329 261 223 312 265 190 297 238 255 236 232 310 223 294 220 304 238 201 298 289 247 248 219 213 228 310 257 329 218 223 197 307 241 201 214 276 225 242 317 207 234 256 196 295
999999432 91
32484650 45979182 55472371 65568082 82278422 94129522 99936790 105829438 119311807 136197368 148383429 157284968 160923155 171821971 183232976 195183440 205196684 207843897 213821850 220914793 224730272 230323503 237471588 257548674 276646447 282668354 287568642 297888552 320870427 341085430 352519603 358300645 361137339 373802928 391511060 398212821 404108599 429638704 458258449 474448686 483730645 488237803 495694604 502074906 514203089 525822364 535654604 558218595 572590495 581982714 595517430 613091015 630033723 641703063 659501830 670519126 678605390 686831031 689305939 693687947 701868734 717105353 728166775 735739176 743519485 750338775 758417485 761668414 764029434 767266371 770323814 777282675 787944949 800916630 816210671 825102485 829297082 841512378 850724429 850812452 857672202 864893766 872011263 880499490 882608878 885285405 890080702 894033715 920608262 946553236 985780215
306 256 210 240 297 277 265 260 286 274 261 323 263 207 216 227 281 244 260 207 209 323 188 289 323 316 308 299 187 255 273 189 201 210 281 200 285 291 319 189 282 200 309 210 193 249 216 232 323 204 308 245 201 328 313 228 263 261 251 186 299 217 250 199 294 274 196 311 230 195 186 223 298 194 287 321 271 283 248 240 330 249 318 248 229 259 268 270 314 255 323
449 13
9 25 108 133 214 223 246 262 341 346 370 379 447
201 330 231 251 307 223 289 214 273 284 194 309 246
999999362 51
37467033 46519753 65762828 76967830 77756135 84521002 105631368 112702392 131169415 142714347 147989970 170260788 177164071 187411272 217677416 220268995 243457994 287827570 292954250 322296829 336941421 351127671 371052004 380147433 409754659 415538090 418560199 459303276 463661494 481907499 507993026 508553909 510592849 516177950 526077794 544513239 584093577 602573227 613463924 627358599 633962586 691846718 714840804 759497779 814915264 817368367 821927981 827974991 836906110 893238552 924109420
210 318 290 225 220 253 268 286 285 254 310 285 266 200 191 283 245 318 202 247 296 215 211 318 215 197 302 210 191 272 276 288 243 249 245 286 209 320 264 269 305 286 277 312 217 265 273 326 312 221 195
1000000000 95
1650854 22069197 25047038 31872845 35469862 60881137 85307823 87196301 100365731 101568556 103523759 131037553 138832820 140507589 150311116 163847528 177255801 181464700 199995105 213324621 230116237 239697994 243177649 258160877 261826693 273699649 288202890 306667503 313453507 320012628 324009111 325667364 328409602 331417288 348427882 362693148 366243181 375429994 383251234 407697715 410839778 417155181 427426632 429549095 431401215 436340594 437321201 442192241 454443209 458972433 463543046 473411511 481680560 498620044 526620093 529111973 549824542 550960325 554470034 556382372 563407438 565708360 589145697 595179401 602402107 607578712 629406874 637066218 639229866 644756079 677690985 693933638 694707493 703813536 714080640 741365400 749035427 766750015 790476212 798995414 816931778 818112054 820078317 821629956 829257335 831900401 867945785 877880544 900392196 908707258 935469363 937381237 941970256 985069111 994333331
191 319 266 276 299 207 240 220 273 242 304 226 235 218 327 233 253 257 250 282 234 237 240 272 198 298 238 318 190 195 197 229 220 211 324 259 282 321 326 280 329 326 208 216 205 191 257 254 252 327 193 212 328 323 320 188 280 297 294 324 288 203 330 230 232 242 302 193 309 200 292 308 305 327 194 321 235 307 191 323 253 305 236 267 243 213 220 276 301 229 263 217 192 205 266
5290 100
51 140 196 239 284 314 334 406 446 486 549 642 675 719 741 780 839 859 936 989 1076 1106 1148 1167 1174 1271 1285 1347 1436 1443 1524 1538 1616 1688 1693 1755 1761 1841 1933 1991 2038 2044 2089 2111 2184 2237 2327 2421 2461 2545 2572 2639 2679 2736 2768 2806 2861 2951 2971 3026 3037 3066 3148 3158 3257 3350 3431 3524 3547 3618 3706 3728 3749 3820 3907 3964 4039 4094 4137 4202 4273 4345 4402 4463 4541 4609 4673 4722 4752 4781 4812 4898 4937 4986 5017 5081 5134 5154 5252 5263
208 286 216 318 253 212 307 280 192 306 281 282 218 204 252 247 208 252 251 206 325 327 281 308 230 211 276 271 244 271 261 312 271 250 215 274 327 288 194 263 275 204 325 284 278 324 230 280 192 299 322 316 258 310 203 278 230 280 270 313 265 247 297 201 316 205 288 246 283 309 291 266 267 246 236 327 291 222 264 318 213 194 316 251 186 209 323 280 184 304 305 329 269 240 265 238 199 258 239 293
376864080 100
1515309 4921379 12148693 15969937 23160430 26529679 33646506 37394084 44792700 48443738 53046695 53998614 58887229 62823925 68920939 71081257 75393802 77546029 82051010 84403764 90102521 93448524 101094953 105395379 112199864 114703923 117672458 118136934 122414451 126227492 131757020 133473507 137547697 139905400 143703018 145142933 147562855 148542862 153622091 157721313 163058851 164297167 168479443 171423403 177473802 180580241 184792326 185897972 191281935 195560252 202030384 204222199 208866859 211319704 216481204 219189859 223965681 226032848 232411523 236723031 245595546 250156553 255786634 256855708 260225309 262525836 269699594 274572825 280027473 280608890 284642125 288093943 295853035 300160309 306848101 309228619 312425046 313240955 317940810 321824756 328722323 331735944 337323597 339897629 342784538 343097415 344738293 346066294 348856820 350319345 351809011 351836152 354203062 356542831 360119582 361356564 365263142 367932738 372059329 373516324
288 325 314 308 271 247 310 284 285 199 242 315 311 313 247 221 223 220 316 230 316 298 260 241 305 246 228 194 228 238 224 275 253 308 200 191 208 289 207 205 285 210 259 243 270 305 265 298 326 187 329 223 293 189 318 239 194 228 256 258 292 280 301 287 251 289 268 291 283 246 190 323 287 213 191 261 307 299 218 259 278 277 188 317 199 291 203 269 240 220 280 300 281 252 290 228 193 185 285 301
999998652 96
1071530 6124252 15345560 29397823 47110224 58338737 61288806 81161184 105858782 125456169 140808141 144957668 146289850 146767277 156046737 168793296 179315498 188854902 199164276 213497172 224515182 238658073 250857848 259146861 267406953 269942910 286023057 304991755 310190844 314538034 318368657 319872473 320353510 323180257 327725613 335804429 345103631 350007315 358663855 372740352 381475748 385367682 393584094 402142054 404978730 413605106 423789419 439620445 471755149 491344505 500916063 509199031 516596890 531011022 542052354 547164010 548951757 555965481 568335018 593050016 616213907 623752517 630512747 644298909 661233996 675179345 692627510 715310969 741283447 755939067 764961459 777192537 783586694 796868176 809175723 817046949 824050165 832781785 841412996 844227475 851922457 858641541 865169673 870390707 883237344 904058115 912713173 914475724 921021563 932810207 953518080 971093664 975297131 980509835 988707830 995311184
319 253 250 200 297 218 309 302 310 246 311 264 324 266 216 211 252 209 301 232 222 269 282 319 221 209 213 243 280 194 235 282 265 303 225 207 302 329 194 225 288 303 295 284 184 234 220 205 209 277 272 300 328 222 215 273 214 273 229 248 256 218 234 265 326 207 254 228 330 291 189 202 302 255 288 224 277 310 290 267 187 219 280 210 312 253 317 320 185 234 207 206 224 204 298 203
999998142 50
2467104 22955818 57956821 66733998 73205968 80407018 84974463 92010003 115431158 139423968 152633289 170706614 182705113 231526259 240775136 246453111 255839261 271863166 293051577 307364125 338168733 360616283 364974416 374142985 401175242 424551604 455519523 464974527 469790632 476392204 483595602 486623052 514438010 525031785 562603778 622652537 684303087 705712500 718446513 724232360 747528340 792298124 814745389 842125237 923363633 937541800 941247238 945754583 976702521 991794179
212 210 283 259 322 235 327 202 323 238 319 313 238 193 302 200 236 303 227 236 258 220 234 194 270 290 234 212 233 258 233 312 251 186 202 194 267 206 202 314 327 263 241 260 232 273 326 266 211 326
999998582 90
12852093 21461516 27355381 33169197 76451742 125895194 138937341 143438796 152337704 165209593 179769006 184214007 194958026 208870498 221512536 231684655 235495993 238876747 243527565 252595299 259774422 263839944 268677224 280208979 294227664 305182237 316183840 323477274 327082929 342150339 363096939 378651137 387782933 392730377 398957781 403673550 406514124 407761801 410332547 420785726 431584521 435676207 441103056 454221557 464422605 475212472 501914069 513422617 524297359 530413375 539110863 551356824 563597877 578979683 598180636 606691554 615799952 629414215 642905213 653857567 668463221 674998159 681952308 701570159 726222628 752602360 774986606 780870659 785489239 790321987 793794207 800561725 814847126 827347874 845563854 869638594 881697303 885445875 889697511 892671784 895235975 903773928 915918403 924531250 931583254 938386261 943916554 949462294 970069974 998153345
202 329 328 322 278 194 254 238 310 218 287 282 296 320 267 200 282 237 245 216 248 237 226 245 195 230 217 266 263 241 198 269 248 285 213 220 277 217 297 306 237 286 298 243 315 249 204 300 189 328 194 267 191 245 328 243 190 234 200 254 213 330 206 207 273 274 245 302 242 291 290 296 263 293 229 206 197 245 187 280 204 209 260 289 251 298 290 230 232 306
1000000000 98
19861784 44907658 52490752 54471795 55548274 57681284 74266552 97692851 147845422 149400272 154427622 158767549 163836567 180120448 180152701 180625246 185319000 220621417 236116784 290547787 308296385 319452575 337201920 366750844 371051377 374471901 382428669 383901528 385725631 401249081 407479996 412338078 425792226 436197979 438943630 445401009 451700800 469065660 472306576 476981681 506400617 508761197 512466166 519501763 536486662 537816160 542974427 556110055 557041819 568320890 570413731 577075748 592114027 598840452 602227585 608015280 611009767 623435443 642013947 645510515 646467158 654642136 658620647 659894523 675790288 684950796 701439057 703420423 710037779 721271463 741849287 747822999 759707722 772535092 778490944 781614349 792865569 800804906 805800058 807881613 808820675 812304381 816080266 830056344 835270591 845908289 847842918 852823264 856728520 893784742 915750254 932146837 954428456 962109830 962622232 965684775 989774239 997707711
278 224 223 298 301 305 313 207 233 275 315 301 231 224 311 251 232 305 282 322 218 249 245 293 273 284 328 191 319 325 216 191 212 294 239 286 202 326 297 201 195 301 235 223 189 288 247 306 308 329 247 289 312 208 230 249 219 232 200 206 236 242 282 310 234 256 322 279 330 211 307 199 328 192 257 206 300 224 273 330 301 286 283 293 321 243 261 213 229 281 256 271 309 292 250 291 293 238
999999966 41
10037711 33847234 57656757 81466280 105275803 129085326 152894849 176704372 200513895 224323418 248132941 271942464 295751987 319561510 343371033 367180556 390990079 414799602 438609125 462418648 486228171 510037694 533847217 557656740 581466263 605275786 629085309 652894832 676704355 700513878 748132924 771942447 795751970 819561493 843371016 867180539 890990062 914799585 938609108 962418631 986228154
223 246 281 322 318 252 271 199 187 292 319 329 232 215 300 296 264 196 282 315 261 237 240 285 283 246 325 210 321 208 326 286 263 235 276 323 194 297 192 257 268
999999748 81
834312 6929755 16309914 29748992 36125763 47669850 63929395 76340655 85443924 93709976 99321104 123216668 147650447 151312715 164231431 175103525 202153999 222482823 227924719 231919001 238492740 246103366 248688477 262708723 283211726 315359884 341770326 348974592 357850815 362879375 376630561 383036675 387890310 392731707 404258425 415418069 417540720 428677726 448515775 459756903 478003706 490454268 495565843 507202576 515939783 519003663 549278631 561626516 597062647 615601061 632233229 644020740 654600639 726753109 741510771 751137228 754279675 765013007 779885465 785507959 795620751 806138649 812022410 814312446 841218334 869011960 872885615 876340356 879987146 882109776 885845610 911019749 928428965 931842146 936158470 949949506 963179329 970825845 978774734 986139852 991350546
237 195 190 292 205 311 197 297 291 318 221 270 300 267 241 213 232 238 199 305 255 318 309 327 245 227 198 220 329 261 235 199 244 253 246 240 208 193 310 216 300 186 283 316 246 192 220 291 304 204 301 211 247 184 256 210 195 247 317 293 314 283 300 273 315 296 277 228 186 248 298 195 303 256 315 238 234 274 190 241 255
766 18
27 124 161 240 247 291 375 405 448 495 566 603 649 690 699 727 736 756
281 268 272 212 235 190 188 189 233 285 254 231 251 226 309 265 184 223
999999959 42
22174375 45430188 68686001 91941814 115197627 138453440 161709253 184965066 208220879 231476692 254732505 277988318 301244131 324499944 347755757 371011570 394267383 417523196 440779009 464034822 487290635 510546448 533802261 557058074 580313887 603569700 626825513 650081326 673337139 696592952 719848765 743104578 766360391 789616204 812872017 836127830 859383643 882639456 929151082 952406895 975662708 998918521
255 193 195 285 248 221 301 297 227 228 243 242 229 286 260 253 232 272 267 268 206 280 186 198 247 287 277 303 213 265 247 246 239 231 322 211 236 270 228 239 272 294
999998610 49
6923404 10793122 15879978 26829916 47279189 60575046 64220973 68342613 69514525 81303164 112265102 146994271 169308837 190450568 268693824 282747289 314205236 317527345 331539091 334270322 381131287 398811795 443771610 455495909 468466868 470716353 471730438 482528504 499476089 510547645 520289621 581357459 596881848 632563789 666270548 680040384 704872831 731995419 774898690 811907129 825310018 827994042 834383488 878500801 887824693 902970986 959300113 968492972 998644504
286 297 302 230 184 325 186 318 232 288 293 245 211 299 307 298 271 251 295 317 231 193 285 213 296 276 200 300 261 327 292 227 213 228 222 215 242 308 220 248 233 325 184 251 235 209 266 234 184
999998958 45
57132159 99981328 106836159 120013064 127258514 154399858 187269808 205583347 222875608 249869664 284707911 298935377 357032554 375772279 383555321 394739589 401295250 407475900 425126078 476570464 480992471 511776830 521169159 538675941 551900013 578081269 619226777 633419141 654202033 671783831 690364593 716741876 722933782 723757933 775110451 789580127 824399942 859530701 905671978 950353628 964344784 972921956 974865587 978293796 981835008
268 295 302 202 297 246 230 308 282 254 312 286 224 239 255 191 216 251 258 245 315 219 262 254 284 233 319 220 262 272 290 319 226 283 217 291 326 282 223 242 224 200 288 301 315
1000000000 99
1087364 10015516 25980496 75704630 76484456 98193367 99523903 116611315 122531503 122655916 123191182 125890815 126501298 141955051 147461427 149932444 156768404 167712703 176125336 179568422 185855227 187804859 199401937 204005511 204562856 231620191 233128711 235867691 242756561 242854143 251427473 251603338 285942490 309730368 330386272 335942688 347229891 358439271 398439110 435722641 445698532 465053276 466260838 471471910 471646586 474233378 504596491 509499103 545862170 546499217 556412202 560839734 563088846 566897802 595307924 597213880 624075514 626637049 628830586 642432702 683825474 700510250 707920263 712163674 712298397 735112006 748592150 766648804 783170347 784706135 793060582 806698852 810318108 811857457 821472051 821601206 833686513 834078220 837699038 853114005 859570048 880291993 883612286 893595893 899986745 904934235 911553511 952587393 955747563 956385121 964919154 973165543 979828357 984753924 989235482 990827056 991226295 998763501 998987551
211 294 190 220 228 200 298 325 308 266 246 315 288 218 257 293 273 197 191 220 307 303 311 279 194 275 220 250 298 280 323 270 326 269 316 253 219 260 298 269 271 267 269 285 289 298 210 298 187 323 214 250 201 294 272 236 214 252 222 206 327 247 268 195 293 232 186 246 252 260 193 305 299 304 283 255 186 286 248 253 236 268 296 321 262 297 284 311 244 262 282 308 224 235 287 247 302 293 236
999998722 85
25780653 28821598 32008280 36840275 43007954 52801727 60702845 65442913 79122540 99657413 107010482 117854305 125481204 136011017 142881907 151306992 159752318 162024622 165415926 168168348 171009540 177213977 183644156 187166402 189681890 200931596 223527440 239638496 244399088 246747667 276913042 308388100 340899574 372352152 396720930 412603584 454876343 472894438 482370861 494821757 503084954 510002282 512755281 515418779 518742354 521815416 534882074 544608546 553602422 562887514 588573416 594229568 602374227 610954548 621130800 645664889 666065146 680142799 685336769 695665619 729318905 730215468 743621400 757426763 768396408 781399822 785321814 786659260 789353369 792032254 795415906 801425750 817230763 834740120 844336379 849623551 861278062 897199956 922716262 937358065 952442640 962316553 975053581 980197863 984030537
316 208 306 210 306 289 206 265 270 304 278 191 293 225 296 231 243 329 280 319 267 215 206 259 308 273 278 262 203 249 284 250 269 274 255 300 195 214 287 297 230 299 330 319 207 237 309 303 225 210 202 219 197 215 223 316 263 206 193 217 274 252 245 185 205 196 218 311 201 248 241 214 293 262 226 277 187 188 319 202 291 318 252 321 204
999999156 98
9078345 16978733 30398160 38390876 46997301 53704375 59109214 68900737 74156297 87078285 101508354 105877955 124606211 143954820 148573391 153677435 168942333 188570850 196736395 197631122 198992469 205686309 214300995 217982529 223938364 232305083 251280470 267561972 273092053 289792758 305894425 311916456 317044498 323290965 329729340 337025792 347395798 366578622 380613789 386868920 394554927 435763070 474931052 486109608 498304451 500498757 502844413 510335372 524390598 534276086 537774622 541420433 545767970 549150942 549918430 553088341 556318036 559444969 562910779 564091198 573919021 587555738 596430427 602754856 609021038 618455496 625896120 632956822 640542868 643883548 646875325 650333081 653053141 666791343 678842990 683887657 694050828 700719868 704343158 712140598 723268084 735061827 769851880 801357361 817617421 832241427 834003554 836442193 840963028 853790659 868033052 880106864 911275460 940609373 948921477 964911914 984857255 999915190
241 291 292 330 288 327 249 274 312 290 304 306 327 316 323 196 291 296 194 310 296 294 260 268 258 302 322 303 324 277 200 221 235 231 222 252 240 200 324 280 187 200 296 319 230 217 197 237 253 268 245 319 262 192 286 270 193 233 318 216 243 282 190 236 227 311 325 237 219 253 279 205 214 292 256 221 269 266 208 185 304 279 255 256 237 219 189 203 270 262 220 193 232 276 189 304 293 289
999998022 51
9566721 38847822 45543772 53831442 90425138 94857195 103822464 118052375 129626074 147318676 154841282 171582347 174681067 200282642 220529054 236577271 241698062 254115921 337620757 357712500 357889571 382695868 399063079 434825760 445993457 457522667 489308936 535878324 561265134 573803086 605385227 622043496 635134834 651550377 675838713 679556348 681005804 683809730 710376446 780889057 802707474 806371960 809566311 813246288 820265611 836994076 857630145 863593129 875784559 877295527 968681357
221 239 313 221 199 326 277 207 247 320 252 283 302 239 278 256 207 218 206 309 226 253 228 238 184 195 196 213 300 311 310 212 259 286 259 322 214 274 214 222 227 216 326 218 246 312 286 297 211 205 317
999999990 29
28614532 61947865 95281198 128614531 161947864 195281197 228614530 261947863 295281196 328614529 361947862 395281195 428614528 461947861 495281194 528614527 561947860 595281193 628614526 661947859 728614525 761947858 795281191 828614524 861947857 895281190 928614523 961947856 995281189
233 326 307 217 317 288 311 268 244 273 276 258 238 322 224 195 251 312 297 194 277 257 228 273 243 268 205 296 252
886 13
65 142 230 289 377 435 479 528 620 656 737 821 885
203 189 231 268 315 194 249 252 230 248 326 194 218
328262766 99
3353858 11778000 15612422 19623679 24103044 24571152 25533809 27255990 28015514 30848396 35730306 37779334 42249179 48877173 51035322 52595241 59090851 64026542 68527612 74482068 75935454 80494190 87228771 89404616 89641802 93030429 96181870 100847556 109529776 113546310 114336639 117606172 120085376 123113199 129762277 133383532 136682773 143094128 146206242 148924182 154824528 158006934 160122862 163013904 163789018 167943734 176737054 181375658 181814768 183540476 184827074 189017843 193321419 193434226 197972674 206575170 210639218 212069638 214663208 215826358 215837977 218967404 222085212 222828654 223688769 223805442 227276668 233825714 236903534 237742252 241535489 244490008 244493280 247697722 250898892 252701024 256832544 259161932 260935766 266009141 269308682 272501283 278397147 281100410 282578395 287427995 290799610 294888046 299339471 299702460 301701860 307655527 311609794 313775174 317448840 318957126 322492147 326527036 327026904
263 296 270 234 308 280 330 194 286 328 207 243 237 236 293 196 256 223 222 274 324 201 205 203 278 232 241 307 294 253 215 296 258 200 242 196 244 310 327 270 304 197 285 224 260 243 313 257 189 258 293 216 256 277 281 301 296 313 255 276 213 309 314 297 258 312 221 218 283 203 227 329 249 329 255 218 310 287 262 316 313 194 212 284 314 274 308 264 322 302 301 311 283 318 278 215 210 259 290
999999536 88
13213234 15989976 25215522 39300994 47997949 54325121 70164217 83591803 93006340 119968996 142999640 146033429 147735676 148484290 153226824 166068159 177615222 187332284 203511010 214236297 215345279 218638341 222215028 246536135 260665638 271939155 276517285 281706207 297161111 319069143 330961081 343841909 354182435 356904860 360215997 378027732 397464591 405026418 408346095 422777568 450212617 466168719 470061357 480978517 486762222 491624311 505285116 515893275 533787213 554752544 579958569 584127793 586565607 592758835 605551747 615957409 620290301 625049368 629576428 637559945 644753996 646153351 653159775 670355419 682947244 693706478 704615775 730511304 736560593 756393155 775948613 795027289 819958319 825354894 835841438 845388846 853115448 865670584 879286894 892492079 900789617 902969868 905870332 923947793 977373044 986854605 992334693 995137636
255 273 205 300 250 234 282 248 298 214 196 256 193 247 316 267 256 328 221 189 227 194 310 285 205 289 226 321 315 300 263 325 217 283 304 329 231 192 210 283 190 263 246 236 249 294 197 308 264 255 199 299 250 191 309 251 281 194 281 249 244 324 215 208 301 323 316 328 326 265 320 193 305 222 236 325 330 309 284 291 301 262 280 279 218 297 324 319
999999976 34
2737780 32149544 61561308 90973072 120384836 149796600 179208364 208620128 238031892 267443656 296855420 326267184 355678948 385090712 414502476 443914240 473326004 502737768 532149532 561561296 590973060 620384824 649796588 679208352 708620116 738031880 767443644 796855408 826267172 855678936 885090700 914502464 943914228 973325992
263 276 317 290 223 232 298 190 300 298 321 307 213 317 259 214 184 319 300 207 281 234 235 237 326 187 320 270 190 229 228 326 272 189
722956437 98
3608622 8526693 18362835 23280906 33117048 38035119 47871261 52789332 62625474 67543545 77379687 82297758 92133900 97051971 106888113 111806184 121642326 126560397 136396539 141314610 151150752 156068823 165904965 170823036 180659178 185577249 195413391 200331462 210167604 215085675 224921817 229839888 239676030 244594101 254430243 259348314 269184456 274102527 283938669 288856740 298692882 303610953 313447095 318365166 328201308 333119379 342955521 347873592 357709734 362627805 372463947 377382018 387218160 392136231 401972373 406890444 416726586 421644657 431480799 436398870 446235012 451153083 460989225 465907296 475743438 480661509 490497651 495415722 505251864 510169935 520006077 524924148 534760290 539678361 549514503 554432574 564268716 569186787 579022929 583941000 593777142 598695213 608531355 613449426 623285568 628203639 638039781 642957852 652793994 657712065 667548207 672466278 682302420 687220491 697056633 701974704 711810846 716728917
260 217 219 316 287 241 270 259 204 304 291 190 253 250 262 301 294 224 216 266 308 288 211 310 237 260 327 193 186 310 304 247 269 275 219 229 231 248 293 229 208 284 231 193 289 188 290 212 242 236 245 315 223 245 266 277 309 249 218 206 260 288 282 235 212 225 190 274 203 274 201 277 260 288 218 274 184 290 308 207 324 289 240 225 235 214 319 316 301 330 212 314 315 320 285 205 272 283
1000000000 98
7219147 9823504 32270360 64994370 69862439 86270126 90347632 95906519 98631112 106724081 109879098 110097336 127474306 128603158 156480629 161385884 195710234 207819522 210983892 221476018 229184630 242337554 245535450 259182713 260173954 273281108 296796004 297214385 298223345 302134880 302596040 340848681 353838046 357491237 362236402 385611247 407423299 409193982 410263549 416472977 428185148 446745762 451035528 463463108 483477248 483552135 490281780 495249356 499252674 511078111 519293929 520361546 535332174 550791119 554000190 562967184 577247481 616546407 616785352 636779623 675679750 677822150 683030825 683177129 684050171 687175487 693920138 696421507 700584281 702583323 707162451 732098912 755480125 756980635 762314638 774866178 779043549 798318003 799119924 806182977 806449929 809878932 826457616 843225802 856203648 856995586 860358632 892471192 921601203 927320357 935268941 947132988 948312868 966939915 967559240 979586387 985083418 993237160
295 223 296 203 252 189 232 254 330 305 200 225 317 241 200 223 233 264 257 299 261 201 219 211 286 199 301 199 252 258 330 234 217 191 217 214 192 302 237 216 229 305 307 238 320 296 291 255 223 268 320 253 309 201 269 326 240 200 248 330 310 267 233 185 243 233 299 226 219 274 330 237 256 222 233 255 262 197 299 193 220 221 330 263 258 304 301 287 243 238 263 228 222 326 297 203 264 215
501 11
67 79 131 149 203 259 296 334 400 491 500
200 262 320 196 245 330 277 186 208 327 213
988 8
82 246 426 518 650 734 850 925
310 200 266 225 228 291 192 218
999999452 85
4656721 16965982 28258867 39269126 50662170 56976743 63733592 69277118 89178050 95629213 106185877 121512708 149949002 167549940 184905439 186963333 195064056 204016475 223651013 242169276 250131526 271064578 282034202 289403387 292441693 293933924 300409749 309486422 318625748 328292876 334556169 339872532 345335249 350845569 355216721 363256667 376440309 396356003 407027717 410052514 423340291 440731089 460262616 475062236 477170402 489390073 501487299 507093299 514774369 526206302 555166803 581634878 634139068 660963139 671323919 680993106 688160984 698214687 717348208 728600809 734078711 750309282 768101158 776549103 780825318 787174026 798077235 810575401 824396217 834225109 835831070 836366851 839263121 842705224 849765972 857236017 862356184 881258738 913461342 937893866 948520026 953635844 957353636 963231418 986202268
267 259 311 299 280 276 284 283 229 234 298 257 188 191 310 251 193 313 235 204 298 299 209 290 253 240 328 269 291 289 237 306 282 251 193 243 201 251 219 285 278 275 270 319 314 259 271 233 241 257 310 243 327 315 289 286 301 309 234 243 270 239 326 215 259 261 228 245 256 290 226 207 232 226 243 294 262 222 305 207 227 286 278 287 254
999999082 82
3084438 14831361 33272301 47996275 64494343 75201320 77088229 80181098 87089292 100498136 109341855 111615014 124067716 145446303 157684470 161465808 165162458 186190905 210430017 234344896 249608207 263394679 269158765 273293825 280983791 288862026 296671040 302995081 307508068 312309641 322497006 332603385 339264516 365939296 379001699 384033850 388107331 389979381 397570257 420968534 457362095 519025825 529266834 545942701 569254550 589617625 602031206 607208548 609179326 616782963 628149738 642847387 653720701 654857549 659444433 668288990 675470204 678478809 703924254 729079220 732023433 734357859 737093299 746843577 756023670 760712972 772069732 780705863 786165155 790254137 793758663 813561175 830717545 831705258 839738103 861228253 889582915 917550691 947151006 951306849 991986138 999787537
196 210 277 198 309 314 241 287 184 296 185 200 240 237 303 281 193 281 320 191 243 303 228 264 242 228 294 199 201 195 324 295 289 210 268 313 226 248 325 207 304 225 328 192 224 226 307 293 318 282 207 213 243 185 261 308 328 308 191 263 275 327 190 197 243 216 193 266 271 200 312 235 237 267 239 269 190 256 209 284 297 211
150 100
0 2 3 5 6 8 9 11 12 14 15 17 18 20 21 23 24 26 27 29 30 32 33 35 36 38 39 41 42 44 45 47 48 50 51 53 54 56 57 59 60 62 63 65 66 68 69 71 72 74 75 77 78 80 81 83 84 86 87 89 90 92 93 95 96 98 99 101 102 104 105 107 108 110 111 113 114 116 117 119 120 122 123 125 126 128 129 131 132 134 135 137 138 140 141 143 144 146 147 149
280 304 235 323 267 300 199 302 201 229 221 329 261 304 329 310 239 201 239 290 210 252 284 317 323 271 269 187 300 232 324 327 291 312 232 278 301 255 272 269 235 247 200 221 237 284 283 302 296 262 223 273 238 251 194 296 191 329 330 248 271 237 253 184 281 296 198 277 211 218 246 214 258 273 276 286 296 267 252 264 251 260 209 295 279 230 308 198 308 310 193 274 233 205 266 329 207 317 192 242
621 10
34 124 172 268 290 353 427 511 546 617
294 224 298 295 242 272 255 298 186 316
1000000000 97
16105197 21680608 44923193 58841582 59814608 67787276 76227306 78941961 84471622 90399880 93783038 113133017 118490083 119442772 133329129 150447707 163249564 163736892 164119616 174027458 174843048 211218595 234437569 236269466 254805031 257922707 263174936 270200994 280975181 290486773 295672303 312148939 313788653 314446720 318309143 322634397 328395340 328434524 331649326 331972663 337292175 343543025 351356435 394882106 432889179 491054652 518965523 536358054 544565716 553494418 557307769 559581129 566297188 570509507 571157391 572037207 575788150 582678715 583108089 591652611 610391921 616217242 617707782 636059468 638501562 650452682 665901184 671312551 671938003 672055667 693632639 700938274 707262121 715110406 728731036 743428723 762452515 773952237 776766109 780796631 802399607 812484203 827983180 833384830 845845881 852836276 862913759 872237164 909690390 912221489 952670597 958709075 965721566 973149820 981297572 990254745 999701541
320 195 275 294 262 330 316 220 202 276 196 299 270 301 198 228 310 234 318 222 283 296 317 284 268 236 299 241 187 295 271 319 294 184 261 239 295 253 270 262 229 205 313 284 257 222 264 273 258 315 245 255 253 237 198 195 308 305 294 228 193 260 221 249 235 251 307 200 227 277 213 258 261 205 271 254 314 286 232 249 232 292 236 243 283 327 323 288 249 324 318 307 290 267 196 266 301
999999980 34
2950314 31521742 60093170 88664598 117236026 145807454 174378882 202950310 231521738 260093166 288664594 345807450 374378878 402950306 431521734 460093162 488664590 517236018 545807446 574378874 602950302 631521730 660093158 688664586 717236014 745807442 774378870 802950298 831521726 860093154 888664582 917236010 945807438 974378866
262 320 209 205 297 206 209 184 210 246 274 327 264 286 312 292 185 192 307 313 192 242 274 222 323 319 303 329 312 252 299 188 289 283
999999424 49
8192684 36239725 70160461 80621943 94059179 100470644 105676721 142424062 209935456 282391262 312203794 330261503 367432542 374147059 399666131 429108779 439950963 446998545 463677553 496603101 514151075 531338741 536620890 542473352 546938255 566794727 577043658 596021873 618389085 647652783 658427742 678197424 682952045 694103339 713697093 727996960 753100185 768241051 789059625 802535117 806233008 820181614 829449966 832348275 892498037 931727993 956045714 957992501 960832912
287 193 273 300 257 262 229 213 185 296 291 218 286 296 224 272 259 221 287 213 301 214 301 329 265 209 279 208 268 221 228 199 189 260 301 236 307 262 305 268 237 279 258 232 191 242 201 312 238
1000000000 95
5574440 22306542 31000061 32431794 84375920 92487133 94891664 98374853 102751006 103292387 109667280 115978376 142083671 153028198 155065920 165050203 195644099 211154141 216054737 258758074 262386351 280246650 282028152 302927683 310010745 311895884 328878973 337522426 341022030 344018033 344926237 351080354 356652715 394611473 399302117 409249072 410393712 455711311 463194398 465957567 479082174 509405908 515081151 516774120 518597743 531236012 534219099 537827674 544983758 549284641 554019862 567291313 573416499 600301911 610225169 619535700 622223218 623255655 623915338 637190770 644661629 649855014 653237700 658098741 669458270 677834114 680549915 690115762 693776094 701131435 706734300 736889249 742640638 774025575 782095915 818744359 823964994 826082535 839176874 883868003 893769609 900699823 919222155 920977905 921409401 933102715 940902537 946029212 951208061 952458528 961732961 963075700 988572134 991682706 992456073
292 201 189 313 280 249 243 197 286 321 204 289 306 279 194 321 203 210 204 312 220 325 308 268 225 276 280 226 202 292 275 305 311 304 215 319 279 232 233 330 288 263 293 296 264 263 225 293 222 314 275 320 186 272 260 214 306 199 318 223 205 326 306 327 203 259 292 272 314 305 236 313 282 224 287 306 309 250 230 219 288 195 234 244 197 208 245 323 285 229 295 289 300 308 237
1000000000 100
3432373 12376843 15436504 41593180 57074466 65394168 71039765 71769562 75047116 79230275 92330873 105757975 111748698 121490746 131798464 134993809 135830133 159788890 167670185 202191928 204689735 220796998 223502468 225026200 229865149 249780949 254282499 273257293 275415684 284077050 285889561 300096091 301009244 301411702 303481164 313350858 315535190 333953681 335768463 342528224 345891600 351148255 377008752 378791496 384170771 385965015 405081762 420137865 424788957 449973454 467515932 480000771 488118503 492655671 501062569 515880994 520154491 521634629 524809995 526043240 531395071 552316893 556560753 566257735 572884673 583617700 593538712 599179242 608833094 624924999 635194369 649893718 652772847 653173413 657287035 674913512 680252240 684286724 696557939 702158042 702668033 706010561 710292133 732642025 741031209 816450640 834277345 839771429 840051628 846461821 862317591 863816972 871070191 894491103 896302000 915387820 938488753 953092256 971899645 974705213
212 278 224 261 311 326 302 289 245 288 252 264 236 275 279 319 227 238 210 322 311 295 275 217 221 254 251 248 299 204 208 317 322 265 290 250 279 268 230 261 222 314 320 282 215 275 272 192 196 217 309 268 209 218 304 238 187 302 264 192 240 201 311 327 317 319 251 210 228 237 270 277 213 207 185 254 281 282 281 321 237 324 193 212 226 263 291 321 248 230 248 220 305 242 234 254 218 294 209 213
822 15
44 97 119 155 199 263 331 404 449 538 560 637 655 691 769
297 201 260 206 242 213 266 305 327 239 280 256 220 318 320
4931 95
73 123 157 227 285 295 361 396 461 492 549 604 668 699 791 799 858 888 937 1031 1110 1200 1263 1301 1332 1412 1448 1522 1554 1564 1631 1663 1694 1753 1797 1829 1918 1989 2055 2062 2095 2146 2231 2271 2343 2399 2432 2450 2455 2467 2499 2551 2571 2642 2654 2749 2811 2839 2878 2967 3063 3114 3208 3244 3280 3300 3352 3436 3453 3472 3513 3603 3630 3712 3807 3905 3981 4029 4065 4143 4152 4199 4258 4336 4420 4477 4548 4583 4609 4657 4694 4719 4769 4834 4915
257 295 299 230 274 253 190 196 254 292 201 218 294 270 196 258 307 279 216 304 261 311 324 202 271 292 263 277 247 241 223 281 233 265 300 275 231 248 207 186 323 190 307 318 194 231 223 227 277 284 205 266 275 326 290 220 329 198 188 330 282 301 265 218 221 312 267 193 218 284 266 325 217 242 303 286 300 314 289 249 323 189 322 223 285 293 305 325 250 263 253 261 300 237 314
98 16
2 8 12 17 20 26 34 43 48 51 57 64 74 86 93 97
275 257 213 294 229 210 266 326 303 256 194 231 199 289 231 200
999999983 29
31804937 66287695 100770453 135253211 169735969 204218727 238701485 273184243 307667001 342149759 376632517 411115275 445598033 480080791 514563549 549046307 583529065 618011823 652494581 686977339 721460097 755942855 790425613 824908371 859391129 893873887 928356646 962839404 997322162
210 246 266 315 244 243 293 267 219 193 323 233 307 223 312 291 259 326 304 294 258 313 232 286 274 289 259 296 323
1000000000 100
25871234 31024325 34890942 55964700 58606019 62896253 67783058 68443571 80645984 90836304 95636793 108920293 109222512 111604598 116607914 138325904 155538782 184158594 194136536 202821496 221587728 226467654 229658912 237069771 238253170 239330701 251585812 256311639 259693410 274929240 281951764 298550436 299659147 308560945 309857960 328548721 335470087 335555941 343620661 369766648 379430714 381749809 399776617 403159675 412702714 416993558 428977098 432580063 442931300 460641297 466341805 468080115 480490415 484043980 491010841 492008228 497754817 500777770 507885290 526362367 536850846 545411522 584456593 586202422 594476813 594597134 613490954 621705173 640970105 659119458 661220867 661226683 674669040 678496779 695442754 705808024 729941711 737071562 744064000 752860526 755438357 762024414 766319954 777572212 780435896 818676579 820266404 824976149 839146335 856314630 881598014 886466285 906948183 907559024 923484842 940951070 944158030 967618897 982921142 997239456
195 231 302 275 190 246 250 278 306 272 299 221 330 198 268 213 192 237 266 291 292 286 272 267 328 313 222 288 191 294 243 221 202 240 313 214 275 272 220 302 271 208 209 300 196 326 188 300 237 205 319 192 264 242 285 258 246 299 196 309 210 214 254 267 199 230 194 199 198 290 236 290 249 241 192 277 194 261 211 184 278 259 256 313 294 275 260 286 282 240 282 250 319 284 190 202 216 257 316 220
999998244 98
11910591 23966570 28953619 34202447 39868151 43457857 53947472 63724098 89816927 122003222 134963369 146454272 157877328 172651927 182898673 186879028 193073872 200415326 216236508 228861080 236801737 247847805 253068844 259402124 268180325 277566496 297786439 315075822 325910552 347607577 368958372 384690955 392295964 401926396 420633214 430902626 433714474 438425440 442934862 447040660 449622240 455562493 462965819 471157011 489587702 503053573 504655745 507356482 518061482 530163184 557643492 585995688 595362521 609409713 623847111 630125654 642989706 655354333 668223386 681911436 687534486 691984079 694567113 699657465 706720022 712474311 720855171 729031377 731758958 734289872 738546601 755600892 770848510 776634380 782955965 784940866 789044263 797961099 816811049 831932429 834448360 839067629 857504309 873934296 876479497 879200595 882232197 898674038 917459595 922256319 929064221 943944024 953158933 961266052 969324505 969872691 978991598 995181263
278 271 237 187 212 221 257 226 197 217 321 253 220 235 272 261 197 302 277 327 255 245 328 246 308 280 319 318 188 248 252 219 199 233 270 236 218 324 273 213 317 233 199 222 230 264 315 215 326 219 292 321 306 299 293 325 299 237 272 190 223 284 287 211 277 298 329 223 326 226 203 268 273 203 240 258 282 261 300 218 313 307 199 218 304 314 193 253 320 283 202 195 253 324 309 308 193 268
1000000000 96
2051505 18059357 35944312 37275994 42021474 55639000 65671971 67214041 67453963 106437794 118141806 132169253 139519203 176945902 187183443 208418117 217334934 220461381 225201346 234876586 248393414 251059407 256010239 297371708 299462126 316629111 326131659 328134987 334896325 348462763 379817737 389751143 390891144 391856955 398741871 399979551 406802958 411978078 411983860 416173545 424525007 425281090 428782523 449344224 455358579 461592861 465637053 479094471 486554346 501709871 504945500 506079712 514313981 532190126 538469867 544548026 546964270 556989201 566833882 573231030 576350203 579707526 582473059 582780972 605184215 631335317 640749736 647966992 666142833 683408829 700225726 705417680 733303567 739626054 757628178 780570248 795634550 798575594 799981163 825130001 837252989 838056797 838480136 854152888 863217755 867832935 870216366 896247336 897008491 903922349 913757123 923082356 942313777 962969371 980475679 997202050
201 262 221 305 206 226 327 279 282 289 250 302 288 238 255 230 214 265 308 271 270 222 229 237 302 297 201 274 326 280 329 207 315 194 284 243 194 209 227 185 189 313 231 265 286 240 193 231 222 194 319 196 330 280 263 316 196 292 189 326 283 189 234 308 247 214 247 283 294 248 193 267 303 302 212 250 329 284 220 317 279 299 201 200 327 282 228 281 298 250 199 301 215 229 228 280
999998456 45
2677534 24562557 25583655 57542469 90272848 96130390 104226574 135048339 154351802 167781464 200396425 203130782 221242398 238917277 255186396 272420149 308891588 314572143 333552163 342183182 364984067 388014842 415255540 425602559 447166036 459410205 504189801 526308443 558811291 575646760 591449842 619354285 762364163 816769806 853436609 855113846 871962981 892547460 904092723 912814572 927866819 928307969 940417513 955392936 981443713
202 268 241 233 187 189 266 275 307 199 287 188 225 186 300 235 190 206 223 241 250 267 311 217 284 253 266 257 276 273 214 326 320 328 211 241 197 252 317 282 268 307 241 330 249
999998938 99
22513434 26116478 34128181 44160869 52597316 62146565 68161188 71658582 77974553 96964934 119703610 137914825 146885957 149090534 157139696 169965006 193617862 213810270 222252224 227694811 228781253 231867736 234876465 236852349 240272262 246271038 250731752 259851023 272180460 278742572 282966731 295897506 319498672 333154028 340758442 356085948 366336559 368402669 370617483 380155313 390918027 394178916 397066072 400838504 414920265 443926748 465935830 478216589 489697379 499014030 508130606 514707205 525707577 543731964 554241600 557557051 560307919 561938661 569360601 576590498 578988486 584015981 593081207 605053721 624148281 644631736 658720190 666464154 675696617 684073616 698440358 720311501 730558462 735736413 745752442 757798216 763710298 777732886 792022281 793943448 794932162 795938881 801860922 826129024 847716446 855008381 861294401 868473986 877523416 881552011 885939904 895687318 903242927 905228835 906163601 910060120 922196604 931208437 975344506
238 321 308 251 272 194 300 218 269 219 315 245 274 281 293 268 317 217 229 240 248 328 309 188 199 200 257 266 299 325 330 287 184 326 240 261 328 324 328 203 235 201 254 308 296 201 190 291 266 246 199 217 293 259 229 264 277 302 239 222 188 226 231 300 301 296 225 248 312 226 330 328 295 270 196 185 257 201 222 215 238 232 325 326 225 292 271 231 211 274 315 230 197 279 324 241 203 301 237
1000000000 100
11453428 15401398 16624062 20366326 25247226 26001759 47986675 65812875 79478485 82103048 96484970 99750267 114032255 118490674 148173663 150111787 157680335 188592569 204156992 210779517 222440769 242473947 247114678 262634554 263598799 284508834 288286318 294009691 298540972 311270835 332508244 344713534 348897571 370526512 385527028 404020240 405306613 407281105 408385930 422977796 425510074 430325795 445393258 452576525 465499642 467313844 470966907 478030668 483764050 496320654 503977501 511326630 514658614 518640625 533721867 549422047 564130920 574643513 595437969 596246264 597140319 598641208 633550576 645668618 647118485 647846699 648492198 671699742 674628234 679568850 707082919 720393064 722648797 722781586 731198565 759073130 767513956 801048101 807013224 811376947 812004445 813327789 821985555 829244156 835594113 840403561 855326261 855573617 859587401 882616918 912548738 920652720 928854470 935263124 947578770 951725407 961900302 968790426 976878562 989238937
236 321 254 222 314 284 319 200 311 236 220 309 224 251 221 322 211 311 205 330 264 274 305 225 243 275 243 285 315 187 234 230 257 259 242 278 262 290 184 231 262 285 260 265 328 327 209 261 241 260 327 201 214 323 238 221 303 212 282 326 233 218 238 256 291 244 220 206 293 316 313 184 222 212 311 263 233 257 300 301 219 249 271 217 276 199 203 262 195 237 308 198 288 313 258 299 297 254 291 307
1000000000 97
7059606 7091033 21846589 24785074 30304440 40896881 56853690 103024129 113996507 122996953 127521409 139223085 147588876 160678799 169627862 172705629 182948354 191702279 195046903 227741771 246914390 246979197 248415919 288653751 289621912 312027000 312679759 313053295 320786878 337809787 353899675 379239906 391010176 405314655 412511600 438738796 439082803 444232196 455584197 455962202 464481550 473602730 476623572 481049562 481553517 495085874 496426184 505046718 513351918 519435858 536544434 552592267 573740263 593161187 610019267 613128040 617356243 617450948 618297356 628264819 640055286 651073562 660433190 664524026 665599121 675175628 683960237 693626482 693830603 719354154 741963686 746180939 781709237 800985354 806873629 818975562 822666710 822940083 827167574 858212804 860728133 886637671 901472938 904728088 906672337 929122461 938255406 940729366 943792498 944879550 954383588 954731487 957417047 960418034 964735329 978147052 988714372
301 327 280 287 269 226 240 287 234 203 268 204 259 228 320 245 196 270 305 246 315 234 239 237 263 299 250 302 264 251 250 206 279 317 264 301 271 263 233 256 246 197 243 212 271 296 279 299 210 230 262 199 324 311 287 303 322 319 236 313 328 193 186 292 279 196 298 240 261 299 322 261 235 209 317 195 199 184 247 271 226 323 236 270 308 321 186 188 265 252 324 262 225 294 287 254 282
871530750 100
3718855 15339265 21149470 32769880 38580085 50200495 56010700 67631110 73441315 85061725 90871930 102492340 108302545 119922955 125733160 137353570 143163775 154784185 160594390 172214800 178025005 189645415 195455620 207076030 212886235 224506645 230316850 241937260 247747465 259367875 265178080 276798490 282608695 294229105 300039310 311659720 317469925 329090335 334900540 346520950 352331155 363951565 369761770 381382180 387192385 398812795 404623000 416243410 422053615 433674025 439484230 451104640 456914845 468535255 474345460 485965870 491776075 503396485 509206690 520827100 526637305 538257715 544067920 555688330 561498535 573118945 578929150 590549560 596359765 607980175 613790380 625410790 631220995 642841405 648651610 660272020 666082225 677702635 683512840 695133250 700943455 712563865 718374070 729994480 735804685 747425095 753235300 764855710 770665915 782286325 788096530 799716940 805527145 817147555 822957760 834578170 840388375 852008785 857818990 869439400
226 261 245 235 245 200 186 277 279 287 272 271 260 237 239 190 309 327 306 244 209 201 276 270 305 209 239 272 322 305 296 225 215 199 205 279 308 263 228 321 271 243 226 278 264 282 319 282 306 304 244 296 302 297 219 227 234 281 237 215 236 267 245 220 214 241 206 295 278 303 298 323 189 193 289 303 309 230 278 256 227 314 256 195 276 195 187 206 257 298 274 243 226 250 266 210 254 209 202 245
5279 97
31 86 129 186 229 289 366 429 465 517 604 662 717 723 741 798 886 952 1039 1057 1127 1135 1216 1262 1358 1381 1424 1521 1561 1626 1648 1655 1734 1777 1838 1907 1954 2052 2114 2212 2301 2383 2469 2495 2512 2523 2549 2634 2732 2766 2818 2845 2860 2938 3021 3109 3169 3268 3312 3372 3398 3437 3499 3578 3588 3635 3692 3722 3805 3838 3883 3910 3950 3991 4009 4040 4106 4146 4243 4313 4376 4450 4494 4572 4585 4596 4693 4725 4781 4876 4969 5013 5035 5084 5120 5202 5211
187 196 326 204 226 218 235 230 324 207 214 210 241 198 207 211 218 267 266 255 243 296 195 280 278 325 200 314 254 259 208 299 267 329 278 295 218 322 233 222 265 278 317 272 228 278 249 263 269 185 322 189 299 211 322 243 301 308 324 308 265 240 304 221 186 184 253 204 301 193 215 199 272 268 186 258 253 231 225 259 221 307 276 262 208 280 318 211 295 277 303 188 302 227 296 308 280
1000000000 99
950624 13155697 16646607 25255051 32118860 32333964 38253627 42873846 52415608 60803592 79039136 86914984 101600262 110116708 112890945 139811852 158056236 170282616 177108288 178015655 181407655 227556579 252997183 253916347 258953274 261742791 265391839 269809601 270559620 277127916 278650363 305540849 311707759 316434013 343832064 376867062 395512659 405549547 409341448 422258690 437097320 438302774 453108314 454533471 456415393 465975436 508423798 513578908 519871151 523138579 525372069 537721765 541747064 547528679 547931251 573165120 576719174 589264623 593832042 604703592 636735533 637305255 638921039 648458414 657731798 662142419 665346337 677276563 720296100 724435052 724795212 737829504 749222859 762626048 763563320 785943342 790674435 796973730 805515759 809675513 813801456 827843312 854693606 864979215 865872430 881414442 888905941 895248669 903343188 918037708 927667165 927689729 931811446 943135194 957629948 957743053 973927448 979175531 989458454
242 260 185 319 298 228 273 203 328 303 245 224 198 330 278 227 301 255 221 222 328 218 260 187 315 286 275 317 311 237 270 211 228 318 244 197 233 212 235 234 196 266 217 304 302 259 312 247 292 219 252 207 315 231 198 196 264 291 224 290 228 311 302 323 214 197 295 221 314 276 207 263 237 251 244 265 262 300 234 202 284 234 248 326 272 326 195 202 310 316 225 298 195 249 277 258 269 254 265
727 12
49 136 154 183 244 300 344 435 524 548 645 704
186 238 321 301 254 305 260 282 201 264 208 215
4931 96
21 104 136 166 242 311 391 455 502 587 613 701 728 759 851 891 978 1070 1097 1111 1192 1257 1355 1398 1490 1578 1671 1757 1766 1822 1885 1905 1993 2036 2086 2097 2127 2206 2214 2249 2325 2371 2410 2419 2477 2549 2621 2656 2752 2809 2837 2862 2869 2922 3007 3083 3162 3260 3312 3345 3398 3492 3532 3588 3637 3711 3720 3771 3800 3873 3955 4029 4037 4046 4054 4075 4131 4140 4189 4245 4338 4405 4411 4431 4493 4590 4661 4739 4760 4812 4826 4837 4854 4889 4907 4912
307 330 238 242 325 221 272 242 315 296 238 214 265 272 262 206 256 218 204 232 319 330 228 230 268 190 194 191 230 321 243 278 277 282 198 186 208 308 262 261 295 197 325 235 251 286 288 255 190 317 211 216 324 214 266 264 284 314 268 209 195 329 330 277 319 234 259 190 214 224 215 261 238 264 305 201 205 276 314 256 292 298 288 265 310 282 265 217 322 187 184 195 269 239 279 256
999999965 42
22942768 46752291 70561814 94371337 118180860 141990383 165799906 189609429 213418952 237228475 261037998 284847521 308657044 332466567 356276089 380085612 403895135 427704658 451514181 475323704 499133227 522942750 546752273 570561796 594371319 618180842 641990365 665799888 689609411 713418934 737228457 761037980 784847503 808657026 832466549 856276072 880085595 903895118 927704641 951514164 975323687 999133210
294 185 316 271 270 207 190 292 294 279 210 188 251 284 218 315 208 319 293 262 270 274 226 189 195 320 221 200 222 289 219 254 242 305 207 234 263 270 324 302 324 321
999999574 94
32909851 52859408 62589542 71691478 80976478 92312839 100493422 117158758 153857818 176812906 182171244 194715098 205693847 210214573 214065537 224434204 247041823 266009080 270220717 275603794 284779104 300943903 324374332 340644313 355963375 369618511 375172229 378829475 387315783 395026278 398604034 404197625 417549658 431845088 438404875 442471623 444798448 446469689 450635126 454236709 461105594 469081053 470601490 480161247 493311900 499195954 502588881 507110369 514951056 520359487 527270773 534371673 537976661 546357702 552188550 554969181 558295931 563230653 568305789 570144862 571103921 573681885 580483198 591429402 599882101 608873874 617957246 622508769 646523038 690247170 717153063 742151484 765396578 768197415 769407435 772741149 775858176 776803549 779372265 792246616 808608704 818781507 827810954 841380078 858976252 870758777 875040618 880479986 891939573 913284224 934254494 944728481 964340976 998950348
298 201 289 292 315 186 261 310 286 288 255 234 276 328 286 273 190 281 184 251 256 219 269 238 197 259 273 250 315 246 271 201 278 220 308 305 274 289 296 300 257 213 273 215 210 323 326 239 225 265 295 303 206 256 223 272 190 192 278 266 286 328 216 213 302 274 286 185 227 215 291 268 266 223 253 197 187 205 214 191 264 230 326 245 227 198 234 312 190 218 197 275 213 239
