100
2 1 1
1 1 1
7 14 1
1 1 1000000
1 1 1000000
1 1 1000000
1 1 1000000
1 1 1000000
1 1 1000000
1 1 1000000
1 6 1
1 6 1
1 6 1
1 6 1
1 6 1
1 6 1
1 6 1
1000 15 1
1 1000 1000000
1 1000 1000000
1 1000 1000000
1 1000 1000000
1 1000 1000000
1 1000 1000000
1 1000 1000000
1 1000 1000000
1 1000 1000000
1 1000 1000000
1 1000 1000000
1 1000 1000000
1 1000 1000000
1 1000 1000000
1 1000 1000000
1000 15 1
1 1 1000000
1 1 1000000
1 1 1000000
1 1 1000000
1 1 1000000
1 1 1000000
1 1 1000000
1 1 1000000
1 1 1000000
1 1 1000000
1 1 1000000
1 1 1000000
1 1 1000000
1 1 1000000
1 1 1000000
544 15 1
1 544 412140
1 544 526502
1 544 148639
1 544 156747
1 544 186510
1 544 210156
1 544 452842
1 544 870339
1 544 63696
1 544 624453
1 544 523466
1 544 562423
1 544 5819
1 544 307493
1 544 950399
1000 15 1
1 172 79006
1 312 274136
1 432 699517
1 642 817834
1 337 298944
1 569 372917
1 6 532694
1 647 795842
1 16 581520
1 480 603941
1 106 440565
1 405 36485
1 891 30131
1 777 59956
1 891 381160
1000 15 1
1 743 957093
1 176 581974
1 21 863141
1 75 544808
1 770 836321
1 76 285961
1 853 48432
1 358 885053
1 360 11393
1 108 354876
1 341 795058
1 812 237748
1 45 624921
1 146 376338
1 593 65128
1000 15 1
1 143 217115
1 527 946594
1 603 982852
1 141 363270
1 205 789019
1 731 246592
1 174 556316
1 57 957229
1 598 314488
1 561 340462
1 93 935173
1 35 508814
1 89 439034
1 978 992382
1 396 239007
1000 15 1
1 806 136746
1 172 313137
1 635 55866
1 298 296861
1 111 386684
1 463 457083
1 659 113947
1 369 641246
1 201 880217
1 275 778465
1 780 814157
1 59 309070
1 698 32687
1 600 625465
1 983 859799
1000 15 1
1 167 560571
1 818 160781
1 924 701646
1 386 211026
1 361 50979
1 436 271893
1 461 93805
1 552 500469
1 717 440354
1 789 1400
1 395 720621
1 497 402972
1 355 874730
1 560 445277
1 91 368514
1000 15 1
1 944 479171
1 451 40008
1 284 786875
1 441 991117
1 993 821248
1 372 110074
1 665 975655
1 427 173189
1 943 666969
1 234 999158
1 583 989295
1 55 386933
1 190 112357
1 463 594815
1 717 336158
1000 15 1
1 310 952796
1 115 441808
1 360 742563
1 849 208255
1 452 262045
1 949 899279
1 730 972624
1 678 375524
1 344 443170
1 110 711199
1 114 388568
1 447 456142
1 160 891362
1 475 837805
1 521 609287
1000 15 1
1 135 403052
1 324 707203
1 860 388870
1 451 250891
1 300 579710
1 956 473091
1 664 285119
1 75 253038
1 80 187786
1 574 961615
1 954 375713
1 331 632335
1 733 198015
1 252 162284
1 406 926019
1000 15 1
1 696 434644
1 22 858308
1 847 182624
1 577 301821
1 980 763038
1 533 492504
1 953 411361
1 247 294397
1 597 213026
1 700 592531
1 894 890965
1 356 492978
1 320 381583
1 35 542403
1 83 497270
1000 15 1
1 797 892023
1 993 684779
1 489 446607
1 852 966911
1 212 277526
1 842 989889
1 29 856508
1 308 25178
1 321 232106
1 191 60899
1 112 713028
1 273 627828
1 439 133479
1 472 239847
1 191 657383
1000 15 1
1 859 831478
1 790 704580
1 606 592839
1 219 860589
1 920 621087
1 956 254524
1 878 79557
1 499 729659
1 413 299301
1 490 706179
1 241 507551
1 361 824288
1 526 718310
1 646 591014
1 138 139307
1000 15 1
1 966 565991
1 149 239389
1 868 231808
1 994 63696
1 232 618863
1 160 137518
1 679 923669
1 90 285817
1 761 794379
1 735 332611
1 945 587843
1 111 601985
1 929 110480
1 742 17828
1 191 636888
1000 15 1
1 496 440538
1 896 859630
1 213 811377
1 425 421713
1 55 34066
1 796 789944
1 276 715180
1 705 421451
1 144 103445
1 515 313886
1 806 517535
1 265 49118
1 567 719987
1 204 726975
1 480 777861
1000 15 1
1 840 302862
1 151 321439
1 93 912365
1 937 90972
1 683 472845
1 47 243229
1 641 637930
1 74 873117
1 110 779706
1 700 467484
1 776 271756
1 600 210434
1 77 563073
1 653 547624
1 787 316108
1000 15 1
1 481 872913
1 483 599115
1 600 96566
1 689 306948
1 542 68502
1 910 970770
1 396 295088
1 734 635232
1 230 869978
1 662 28471
1 123 150466
1 821 829210
1 286 476575
1 594 504780
1 139 993563
1000 15 1
1 922 60547
1 254 704595
1 694 733778
1 625 369301
1 983 713688
1 173 897881
1 264 705266
1 308 512982
1 555 408199
1 914 185516
1 272 648023
1 390 30311
1 940 516330
1 527 109590
1 379 798929
1000 15 1
1 666 550056
1 49 661630
1 99 86732
1 272 106890
1 549 357656
1 334 296301
1 456 808744
1 482 599138
1 1 751022
1 424 501840
1 61 744325
1 944 608797
1 673 428581
1 929 704432
1 182 302839
1000 15 1
1 569 648063
1 775 796870
1 586 84605
1 115 738618
1 813 827529
1 509 826562
1 30 477326
1 936 521895
1 886 133429
1 104 540845
1 908 625249
1 670 187157
1 682 266514
1 658 380178
1 809 934753
1000 15 1
1 152 343701
1 509 951988
1 31 486973
1 805 181425
1 214 455141
1 342 144125
1 382 212408
1 134 659114
1 512 404795
1 206 524140
1 807 25140
1 271 147734
1 994 989467
1 525 996041
1 124 270287
1000 15 1
1 705 427046
1 677 712312
1 664 561252
1 721 180386
1 157 868491
1 102 972086
1 510 502465
1 476 329776
1 494 24527
1 957 150955
1 816 686007
1 411 86562
1 388 732353
1 418 428740
1 767 472219
1000 15 1
1 21 264405
1 426 694900
1 891 263616
1 272 70284
1 89 113375
1 734 201305
1 878 424555
1 245 135667
1 859 246000
1 405 686327
1 857 101547
1 442 519455
1 344 958211
1 847 282854
1 503 135121
1000 15 1
1 553 866701
1 886 568678
1 486 964689
1 407 543815
1 201 989658
1 24 558238
1 233 810369
1 122 315063
1 847 458063
1 900 100108
1 902 284444
1 689 286395
1 260 8722
1 964 317704
1 52 34281
1000 15 1
1 718 762703
1 932 359826
1 160 789529
1 605 279426
1 962 511844
1 997 407088
1 9 551202
1 901 576740
1 138 163631
1 654 142906
1 510 587561
1 442 249164
1 137 786511
1 725 52400
1 435 927067
1000 15 1
1 851 272262
1 69 379974
1 680 550172
1 107 726802
1 915 201984
1 823 665127
1 357 602699
1 393 945219
1 224 124458
1 9 642947
1 89 808556
1 506 607359
1 20 279184
1 982 459611
1 22 450768
1000 15 1
1 566 156433
1 91 162883
1 899 181238
1 476 309824
1 583 696658
1 198 882655
1 273 304271
1 831 308457
1 102 866897
1 94 729069
1 342 231448
1 887 956564
1 1000 848537
1 426 475229
1 830 400003
1000 15 1
1 509 772606
1 460 770297
1 817 991542
1 713 681478
1 964 792508
1 69 409939
1 208 437327
1 271 406103
1 717 418454
1 104 842327
1 941 92006
1 154 107741
1 567 709997
1 901 434013
1 819 490617
1000 15 1
1 811 114816
1 611 411071
1 731 265460
1 627 769316
1 957 409313
1 866 895904
1 209 459577
1 593 239476
1 781 564791
1 318 581615
1 242 502995
1 238 180493
1 374 463322
1 849 856187
1 941 282142
1000 15 1
1 983 47951
1 859 877319
1 409 968180
1 906 642614
1 710 459234
1 130 604651
1 859 111734
1 247 270547
1 859 10108
1 372 537827
1 387 426668
1 92 548710
1 464 326044
1 505 401089
1 620 699221
1000 15 1
1 501 226604
1 167 995590
1 248 127979
1 19 930254
1 585 15608
1 922 692216
1 352 39307
1 665 237139
1 922 95721
1 345 629673
1 513 997622
1 927 451164
1 718 406735
1 289 208892
1 317 62685
1000 15 1
1 463 368956
1 733 487352
1 780 727914
1 817 768709
1 862 972168
1 656 615494
1 514 903488
1 445 82844
1 712 37069
1 251 995166
1 355 667956
1 729 983472
1 480 186826
1 7 526665
1 944 481571
1000 15 1
1 31 316483
1 25 747449
1 731 976692
1 353 765776
1 708 66192
1 643 509187
1 713 42522
1 695 430759
1 488 173783
1 511 190059
1 600 381820
1 86 182725
1 504 713795
1 778 232633
1 740 787763
1000 15 1
1 767 222630
1 37 322882
1 679 301833
1 626 709734
1 490 960780
1 714 646722
1 479 344682
1 750 563912
1 850 877509
1 850 687794
1 311 549509
1 518 354555
1 62 588166
1 324 708486
1 258 396623
1000 15 1
1 122 549769
1 633 58305
1 48 664936
1 599 299383
1 347 982734
1 51 949103
1 517 121733
1 449 586294
1 395 900512
1 658 237224
1 849 476596
1 978 120684
1 432 948351
1 608 273788
1 643 775588
1000 15 1
1 909 137126
1 195 339189
1 704 192774
1 94 205208
1 684 627951
1 954 195256
1 391 765223
1 11 322618
1 890 476213
1 585 657619
1 196 195715
1 925 310880
1 556 735772
1 22 465218
1 768 263119
1000 15 1
1 830 102222
1 567 911270
1 120 586587
1 743 997190
1 41 611319
1 861 465610
1 289 898180
1 441 472299
1 367 594722
1 443 821391
1 489 528712
1 302 371162
1 270 264740
1 968 846756
1 774 19255
1000 15 1
1 313 707236
1 806 996643
1 178 393329
1 31 359014
1 240 602677
1 145 722320
1 997 824625
1 377 189684
1 797 170101
1 992 59989
1 452 116668
1 319 457591
1 174 13387
1 32 675728
1 827 125385
1000 15 1
1 39 586146
1 861 654080
1 605 498071
1 942 13118
1 148 656025
1 868 60509
1 258 101953
1 691 824270
1 202 571728
1 105 214413
1 92 212618
1 136 504454
1 587 398542
1 151 553379
1 813 731052
1000 15 1
1 268 162311
1 162 273858
1 597 683603
1 312 71620
1 499 844121
1 252 990858
1 307 224134
1 241 548308
1 593 931969
1 557 721966
1 288 502704
1 229 264978
1 330 185614
1 839 305806
1 768 783097
1000 15 1
1 972 28730
1 301 491473
1 419 931120
1 869 144256
1 522 61969
1 595 724480
1 653 268117
1 602 185125
1 614 482002
1 748 668246
1 232 98370
1 358 79334
1 530 530953
1 838 534865
1 497 967603
1000 15 1
1 410 6461
1 305 89395
1 807 962442
1 139 914133
1 447 127203
1 521 81813
1 697 887582
1 145 95725
1 723 736098
1 721 591247
1 513 51581
1 83 762967
1 266 795211
1 594 948900
1 726 119608
1000 15 1
1 51 949636
1 147 717289
1 42 328286
1 467 987047
1 48 8947
1 818 71576
1 281 437775
1 948 162359
1 493 837482
1 643 589488
1 607 552675
1 876 936759
1 145 399548
1 709 125351
1 885 100894
1000 15 1
1 996 565023
1 720 119173
1 932 631858
1 25 538518
1 783 150271
1 456 305445
1 645 871142
1 891 608722
1 190 996152
1 720 970632
1 69 901048
1 420 507687
1 141 570564
1 653 606683
1 462 245467
1000 15 1
1 699 964106
1 933 325238
1 179 212376
1 76 107074
1 274 925709
1 963 947793
1 907 841065
1 774 337698
1 657 79161
1 738 150904
1 37 648638
1 947 27739
1 383 145877
1 628 222249
1 306 603353
1000 15 1
1 579 407820
1 758 954603
1 313 861719
1 563 16474
1 525 747952
1 883 813126
1 3 542332
1 823 423467
1 6 117552
1 189 526009
1 250 108477
1 85 58820
1 961 977533
1 293 794737
1 416 180709
1000 15 1
1 57 714718
1 147 46811
1 903 941364
1 540 478390
1 128 275131
1 790 461007
1 180 16771
1 280 769599
1 748 584344
1 552 764294
1 853 513515
1 110 729355
1 688 145457
1 799 629541
1 391 514991
1000 15 1
1 304 148868
1 75 107848
1 748 192377
1 988 157192
1 873 4137
1 683 349403
1 189 828104
1 742 345401
1 206 527319
1 597 690089
1 35 957064
1 322 518424
1 560 938679
1 675 773111
1 724 8717
1000 15 1
1 966 356286
1 461 727049
1 627 251000
1 321 831667
1 923 566437
1 755 285128
1 606 532990
1 858 814830
1 465 44633
1 324 134524
1 145 508350
1 182 497915
1 207 386570
1 195 256690
1 263 699613
1000 15 1
1 996 916740
1 980 732769
1 367 441254
1 741 195245
1 975 955916
1 10 985859
1 335 97464
1 196 282093
1 489 552516
1 852 812364
1 853 454374
1 457 959509
1 159 221712
1 968 406572
1 343 909856
1000 15 1
1 573 944455
1 316 904521
1 864 117245
1 358 949461
1 469 365714
1 434 147632
1 97 814648
1 799 946071
1 929 846877
1 34 809654
1 115 413413
1 866 682092
1 484 830583
1 57 857484
1 234 950474
1000 15 1
1 683 304332
1 724 597428
1 391 796099
1 922 103348
1 30 514854
1 648 555544
1 512 759605
1 109 645609
1 499 748376
1 220 388098
1 804 981176
1 25 658546
1 89 72279
1 592 901223
1 446 940468
230 1 1
1 46 241440
121 11 1
1 4 995571
1 11 436270
1 74 114712
1 5 837378
1 29 45714
1 4 52359
1 103 144877
1 8 75426
1 111 503671
1 64 84206
1 45 450359
920 3 1
1 163 217944
1 860 321472
1 397 668795
193 8 1
1 105 50955
1 38 505533
1 9 584184
1 31 43138
1 179 861509
1 177 631129
1 19 475674
1 82 147558
364 4 1
1 290 273211
1 148 407308
1 178 744762
1 214 176554
140 3 1
1 46 477903
1 70 504876
1 45 551920
817 1 1
1 659 811069
857 7 1
1 590 49758
1 525 439605
1 192 91277
1 716 202242
1 735 539138
1 16 112455
1 66 585256
677 8 1
1 568 676020
1 674 2837
1 654 916217
1 595 457138
1 248 101736
1 231 324038
1 212 367980
1 98 311350
164 10 1
1 40 156931
1 45 521283
1 64 80446
1 160 492118
1 6 580754
1 162 468202
1 141 786589
1 148 523247
1 44 866218
1 56 384748
267 4 1
1 183 613008
1 151 444958
1 32 609924
1 134 700612
516 13 1
1 399 242045
1 241 235561
1 415 212244
1 196 82962
1 93 183279
1 271 905137
1 26 769354
1 65 912333
1 313 888477
1 111 290752
1 516 648987
1 368 14687
1 55 550499
80 2 1
1 4 65713
1 18 445835
980 15 1
1 116 917451
1 615 340635
1 784 947504
1 873 894589
1 296 102494
1 190 587968
1 569 428169
1 150 517168
1 209 450030
1 486 431821
1 599 337198
1 716 470048
1 626 279085
1 455 145699
1 223 613788
254 13 1
1 215 66344
1 78 546907
1 239 275447
1 89 452454
1 113 410068
1 212 532216
1 212 45861
1 194 92339
1 5 615359
1 8 151175
1 21 736884
1 5 44880
1 68 230779
220 1 1
1 128 769669
909 7 1
1 832 637072
1 551 809374
1 55 828732
1 238 355365
1 135 118600
1 590 785470
1 380 583442
355 14 1
1 298 442687
1 275 746476
1 224 990942
1 20 162996
1 210 694956
1 250 715068
1 132 452374
1 15 420518
1 270 857235
1 20 37160
1 86 8081
1 81 206700
1 48 831918
1 70 121114
839 9 1
1 111 758797
1 323 817991
1 391 97533
1 363 100834
1 221 94156
1 136 920598
1 768 839078
1 705 735252
1 740 685796
99 13 1
1 33 964310
1 57 145586
1 20 430388
1 41 779028
1 87 172462
1 30 786583
1 2 636515
1 24 222978
1 89 701692
1 48 300041
1 3 84771
1 14 430693
1 56 895805
758 1 1
1 522 237359
216 4 1
1 9 592912
1 16 328596
1 19 237585
1 88 961868
436 9 1
1 332 528696
1 401 434913
1 322 392955
1 254 289269
1 210 983554
1 67 61646
1 87 423768
1 347 629895
1 399 944205
795 2 1
1 342 126215
1 243 584591
706 1 1
1 246 765439
87 13 1
1 63 717584
1 66 188225
1 45 775947
1 8 1964
1 25 188588
1 18 883874
1 57 213205
1 68 493558
1 8 832549
1 62 990762
1 24 509763
1 18 821000
1 5 204348
234 6 1
1 183 439617
1 30 85922
1 184 260265
1 213 232575
1 183 812801
1 148 125011
565 9 1
1 273 356812
1 139 866379
1 383 278807
1 103 175483
1 92 169689
1 455 653031
1 217 249338
1 179 117103
1 464 533945
71 12 1
1 61 583947
1 10 106535
1 30 148964
1 13 99860
1 66 236701
1 42 553910
1 70 490794
1 52 477988
1 9 161561
1 29 352008
1 10 62732
1 9 778633
198 7 1
1 17 243348
1 4 269278
1 108 592035
1 153 307437
1 10 232433
1 121 973956
1 47 227216
287 10 1
1 51 215482
1 97 577260
1 262 303612
1 159 545867
1 148 867630
1 138 453802
1 121 19842
1 85 798440
1 227 903101
1 60 352865
84 11 1
1 63 590055
1 37 743618
1 28 171242
1 58 50535
1 22 885680
1 47 690004
1 27 184158
1 83 352468
1 72 560084
1 8 283820
1 17 59799
541 8 1
1 81 681012
1 219 910686
1 261 868873
1 162 559037
1 473 31377
1 150 16644
1 470 467879
1 186 577191
30 1 1
1 18 568263
887 1 1
1 730 638142
986 8 1
1 985 127428
1 669 704709
1 210 559676
1 724 905756
1 210 355174
1 965 813101
1 574 918407
1 538 471352
236 14 1
1 31 960661
1 1 380417
1 210 606254
1 66 367304
1 200 844917
1 44 63567
1 22 597772
1 37 544165
1 139 479340
1 142 819738
1 77 785963
1 97 175232
1 169 734854
1 216 80336
125 3 1
1 9 157578
1 98 320323
1 79 275914
367 8 1
1 188 448403
1 53 646109
1 5 814994
1 152 265152
1 315 891881
1 235 117206
1 295 667164
1 119 296035
646 9 1
1 143 280405
1 580 298308
1 539 926570
1 265 582101
1 364 723126
1 416 155593
1 381 857
1 42 730035
1 198 660645
344 15 1
1 137 40213
1 133 649710
1 194 670702
1 264 301696
1 95 376919
1 145 64084
1 171 334137
1 11 757674
1 103 406514
1 188 360110
1 163 773513
1 313 902654
1 135 461384
1 158 844980
1 257 373470
88 4 1
1 65 827111
1 21 391677
1 49 938330
1 64 380350
505 15 1
1 501 681373
1 222 165372
1 404 533647
1 155 437910
1 298 680775
1 292 738014
1 402 916687
1 104 704829
1 236 821725
1 13 985530
1 430 915858
1 206 549610
1 400 40869
1 42 253232
1 161 217238
475 5 1
1 224 80067
1 440 342468
1 450 817371
1 78 793328
1 464 948797
112 9 1
1 101 717115
1 62 639084
1 43 300849
1 10 5648
1 110 56050
1 53 136637
1 5 464063
1 46 660739
1 111 218949
