Case #1:
0 0 2 4
0 0 4 8
0 2 16 32
0 0 4 16
Case #2:
0 2 2 4
0 0 4 8
0 0 16 32
0 0 4 16
Case #3:
0 0 0 0
0 0 0 0
0 0 0 0
0 0 0 0
Case #4:
0 0 0 0 0 0 0 0 0 0 0 0 0 0 0 0 0 0 0 0
0 0 0 0 0 0 0 0 0 0 0 0 0 0 0 0 0 0 0 0
0 0 0 0 0 0 0 0 0 0 0 0 0 0 0 0 0 0 0 0
0 0 0 0 0 0 0 0 0 0 0 0 0 0 0 0 0 0 0 0
0 0 0 0 0 0 0 0 0 0 0 0 0 0 0 0 0 0 0 0
0 0 0 0 0 0 0 0 0 0 0 0 0 0 0 0 0 0 0 0
0 0 0 0 0 0 0 0 0 0 0 0 0 0 0 0 0 0 0 0
0 0 0 0 0 0 0 0 0 0 0 0 0 0 0 0 0 0 0 0
0 0 0 0 0 0 0 0 0 0 0 0 0 0 0 0 0 0 0 0
0 0 0 0 0 0 0 0 0 0 0 0 0 0 0 0 0 0 0 0
4 4 4 4 4 4 4 4 4 4 4 4 4 4 4 4 4 4 4 4
4 4 4 4 4 4 4 4 4 4 4 4 4 4 4 4 4 4 4 4
4 4 4 4 4 4 4 4 4 4 4 4 4 4 4 4 4 4 4 4
4 4 4 4 4 4 4 4 4 4 4 4 4 4 4 4 4 4 4 4
4 4 4 4 4 4 4 4 4 4 4 4 4 4 4 4 4 4 4 4
4 4 4 4 4 4 4 4 4 4 4 4 4 4 4 4 4 4 4 4
4 4 4 4 4 4 4 4 4 4 4 4 4 4 4 4 4 4 4 4
4 4 4 4 4 4 4 4 4 4 4 4 4 4 4 4 4 4 4 4
4 4 4 4 4 4 4 4 4 4 4 4 4 4 4 4 4 4 4 4
4 4 4 4 4 4 4 4 4 4 4 4 4 4 4 4 4 4 4 4
Case #5:
4 4 4 4 4 4 4 4 4 4 0 0 0 0 0 0 0 0 0 0
4 4 4 4 4 4 4 4 4 4 0 0 0 0 0 0 0 0 0 0
4 4 4 4 4 4 4 4 4 4 0 0 0 0 0 0 0 0 0 0
4 4 4 4 4 4 4 4 4 4 0 0 0 0 0 0 0 0 0 0
4 4 4 4 4 4 4 4 4 4 0 0 0 0 0 0 0 0 0 0
4 4 4 4 4 4 4 4 4 4 0 0 0 0 0 0 0 0 0 0
4 4 4 4 4 4 4 4 4 4 0 0 0 0 0 0 0 0 0 0
4 4 4 4 4 4 4 4 4 4 0 0 0 0 0 0 0 0 0 0
4 4 4 4 4 4 4 4 4 4 0 0 0 0 0 0 0 0 0 0
4 4 4 4 4 4 4 4 4 4 0 0 0 0 0 0 0 0 0 0
4 4 4 4 4 4 4 4 4 4 0 0 0 0 0 0 0 0 0 0
4 4 4 4 4 4 4 4 4 4 0 0 0 0 0 0 0 0 0 0
4 4 4 4 4 4 4 4 4 4 0 0 0 0 0 0 0 0 0 0
4 4 4 4 4 4 4 4 4 4 0 0 0 0 0 0 0 0 0 0
4 4 4 4 4 4 4 4 4 4 0 0 0 0 0 0 0 0 0 0
4 4 4 4 4 4 4 4 4 4 0 0 0 0 0 0 0 0 0 0
4 4 4 4 4 4 4 4 4 4 0 0 0 0 0 0 0 0 0 0
4 4 4 4 4 4 4 4 4 4 0 0 0 0 0 0 0 0 0 0
4 4 4 4 4 4 4 4 4 4 0 0 0 0 0 0 0 0 0 0
4 4 4 4 4 4 4 4 4 4 0 0 0 0 0 0 0 0 0 0
Case #6:
0 0 0 0 0 0 0 0 0 0 4 4 4 4 4 4 4 4 4 4
0 0 0 0 0 0 0 0 0 0 4 4 4 4 4 4 4 4 4 4
0 0 0 0 0 0 0 0 0 0 4 4 4 4 4 4 4 4 4 4
0 0 0 0 0 0 0 0 0 0 4 4 4 4 4 4 4 4 4 4
0 0 0 0 0 0 0 0 0 0 4 4 4 4 4 4 4 4 4 4
0 0 0 0 0 0 0 0 0 0 4 4 4 4 4 4 4 4 4 4
0 0 0 0 0 0 0 0 0 0 4 4 4 4 4 4 4 4 4 4
0 0 0 0 0 0 0 0 0 0 4 4 4 4 4 4 4 4 4 4
0 0 0 0 0 0 0 0 0 0 4 4 4 4 4 4 4 4 4 4
0 0 0 0 0 0 0 0 0 0 4 4 4 4 4 4 4 4 4 4
0 0 0 0 0 0 0 0 0 0 4 4 4 4 4 4 4 4 4 4
0 0 0 0 0 0 0 0 0 0 4 4 4 4 4 4 4 4 4 4
0 0 0 0 0 0 0 0 0 0 4 4 4 4 4 4 4 4 4 4
0 0 0 0 0 0 0 0 0 0 4 4 4 4 4 4 4 4 4 4
0 0 0 0 0 0 0 0 0 0 4 4 4 4 4 4 4 4 4 4
0 0 0 0 0 0 0 0 0 0 4 4 4 4 4 4 4 4 4 4
0 0 0 0 0 0 0 0 0 0 4 4 4 4 4 4 4 4 4 4
0 0 0 0 0 0 0 0 0 0 4 4 4 4 4 4 4 4 4 4
0 0 0 0 0 0 0 0 0 0 4 4 4 4 4 4 4 4 4 4
0 0 0 0 0 0 0 0 0 0 4 4 4 4 4 4 4 4 4 4
Case #7:
4 4 4 4 4 4 4 4 4 4 4 4 4 4 4 4 4 4 4 4
4 4 4 4 4 4 4 4 4 4 4 4 4 4 4 4 4 4 4 4
4 4 4 4 4 4 4 4 4 4 4 4 4 4 4 4 4 4 4 4
4 4 4 4 4 4 4 4 4 4 4 4 4 4 4 4 4 4 4 4
4 4 4 4 4 4 4 4 4 4 4 4 4 4 4 4 4 4 4 4
4 4 4 4 4 4 4 4 4 4 4 4 4 4 4 4 4 4 4 4
4 4 4 4 4 4 4 4 4 4 4 4 4 4 4 4 4 4 4 4
4 4 4 4 4 4 4 4 4 4 4 4 4 4 4 4 4 4 4 4
4 4 4 4 4 4 4 4 4 4 4 4 4 4 4 4 4 4 4 4
4 4 4 4 4 4 4 4 4 4 4 4 4 4 4 4 4 4 4 4
0 0 0 0 0 0 0 0 0 0 0 0 0 0 0 0 0 0 0 0
0 0 0 0 0 0 0 0 0 0 0 0 0 0 0 0 0 0 0 0
0 0 0 0 0 0 0 0 0 0 0 0 0 0 0 0 0 0 0 0
0 0 0 0 0 0 0 0 0 0 0 0 0 0 0 0 0 0 0 0
0 0 0 0 0 0 0 0 0 0 0 0 0 0 0 0 0 0 0 0
0 0 0 0 0 0 0 0 0 0 0 0 0 0 0 0 0 0 0 0
0 0 0 0 0 0 0 0 0 0 0 0 0 0 0 0 0 0 0 0
0 0 0 0 0 0 0 0 0 0 0 0 0 0 0 0 0 0 0 0
0 0 0 0 0 0 0 0 0 0 0 0 0 0 0 0 0 0 0 0
0 0 0 0 0 0 0 0 0 0 0 0 0 0 0 0 0 0 0 0
Case #8:
4 8 16 32 64 128 256 512 1024 2048 0 0 0 0 0 0 0 0 0 0
4 8 16 32 64 128 256 512 1024 2048 0 0 0 0 0 0 0 0 0 0
4 8 16 32 64 128 256 512 1024 2048 0 0 0 0 0 0 0 0 0 0
4 8 16 32 64 128 256 512 1024 2048 0 0 0 0 0 0 0 0 0 0
4 8 16 32 64 128 256 512 1024 2048 0 0 0 0 0 0 0 0 0 0
4 8 16 32 64 128 256 512 1024 2048 0 0 0 0 0 0 0 0 0 0
4 8 16 32 64 128 256 512 1024 2048 0 0 0 0 0 0 0 0 0 0
4 8 16 32 64 128 256 512 1024 2048 0 0 0 0 0 0 0 0 0 0
4 8 16 32 64 128 256 512 1024 2048 0 0 0 0 0 0 0 0 0 0
4 8 16 32 64 128 256 512 1024 2048 0 0 0 0 0 0 0 0 0 0
4 8 16 32 64 128 256 512 1024 2048 0 0 0 0 0 0 0 0 0 0
4 8 16 32 64 128 256 512 1024 2048 0 0 0 0 0 0 0 0 0 0
4 8 16 32 64 128 256 512 1024 2048 0 0 0 0 0 0 0 0 0 0
4 8 16 32 64 128 256 512 1024 2048 0 0 0 0 0 0 0 0 0 0
4 8 16 32 64 128 256 512 1024 2048 0 0 0 0 0 0 0 0 0 0
4 8 16 32 64 128 256 512 1024 2048 0 0 0 0 0 0 0 0 0 0
4 8 16 32 64 128 256 512 1024 2048 0 0 0 0 0 0 0 0 0 0
4 8 16 32 64 128 256 512 1024 2048 0 0 0 0 0 0 0 0 0 0
4 8 16 32 64 128 256 512 1024 2048 0 0 0 0 0 0 0 0 0 0
4 8 16 32 64 128 256 512 1024 2048 0 0 0 0 0 0 0 0 0 0
Case #9:
0 0 0 0 0 0 0 0 0 0 0 0 0 0 0 0 0 0 0 0
0 0 0 0 0 0 0 0 0 0 0 0 0 0 0 0 0 0 0 0
0 0 0 0 0 0 0 0 0 0 0 0 0 0 0 0 0 0 0 0
0 0 0 0 0 0 0 0 0 0 0 0 0 0 0 0 0 0 0 0
0 0 0 0 0 0 0 0 0 0 0 0 0 0 0 0 0 0 0 0
0 0 0 0 0 0 0 0 0 0 0 0 0 0 0 0 0 0 0 0
0 0 0 0 0 0 0 0 0 0 0 0 0 0 0 0 0 0 0 0
0 0 0 0 0 0 0 0 0 0 0 0 0 0 0 0 0 0 0 0
0 0 0 0 0 0 0 0 0 0 0 0 0 0 0 0 0 0 0 0
0 0 0 0 0 0 0 0 0 0 0 0 0 0 0 0 0 0 0 0
2048 2048 2048 2048 2048 2048 2048 2048 2048 2048 2048 2048 2048 2048 2048 2048 2048 2048 2048 2048
2048 2048 2048 2048 2048 2048 2048 2048 2048 2048 2048 2048 2048 2048 2048 2048 2048 2048 2048 2048
2048 2048 2048 2048 2048 2048 2048 2048 2048 2048 2048 2048 2048 2048 2048 2048 2048 2048 2048 2048
2048 2048 2048 2048 2048 2048 2048 2048 2048 2048 2048 2048 2048 2048 2048 2048 2048 2048 2048 2048
2048 2048 2048 2048 2048 2048 2048 2048 2048 2048 2048 2048 2048 2048 2048 2048 2048 2048 2048 2048
2048 2048 2048 2048 2048 2048 2048 2048 2048 2048 2048 2048 2048 2048 2048 2048 2048 2048 2048 2048
2048 2048 2048 2048 2048 2048 2048 2048 2048 2048 2048 2048 2048 2048 2048 2048 2048 2048 2048 2048
2048 2048 2048 2048 2048 2048 2048 2048 2048 2048 2048 2048 2048 2048 2048 2048 2048 2048 2048 2048
2048 2048 2048 2048 2048 2048 2048 2048 2048 2048 2048 2048 2048 2048 2048 2048 2048 2048 2048 2048
2048 2048 2048 2048 2048 2048 2048 2048 2048 2048 2048 2048 2048 2048 2048 2048 2048 2048 2048 2048
Case #10:
2048 2048 2048 2048 2048 2048 2048 2048 2048 2048 0 0 0 0 0 0 0 0 0 0
2048 2048 2048 2048 2048 2048 2048 2048 2048 2048 0 0 0 0 0 0 0 0 0 0
2048 2048 2048 2048 2048 2048 2048 2048 2048 2048 0 0 0 0 0 0 0 0 0 0
2048 2048 2048 2048 2048 2048 2048 2048 2048 2048 0 0 0 0 0 0 0 0 0 0
2048 2048 2048 2048 2048 2048 2048 2048 2048 2048 0 0 0 0 0 0 0 0 0 0
2048 2048 2048 2048 2048 2048 2048 2048 2048 2048 0 0 0 0 0 0 0 0 0 0
2048 2048 2048 2048 2048 2048 2048 2048 2048 2048 0 0 0 0 0 0 0 0 0 0
2048 2048 2048 2048 2048 2048 2048 2048 2048 2048 0 0 0 0 0 0 0 0 0 0
2048 2048 2048 2048 2048 2048 2048 2048 2048 2048 0 0 0 0 0 0 0 0 0 0
2048 2048 2048 2048 2048 2048 2048 2048 2048 2048 0 0 0 0 0 0 0 0 0 0
2048 2048 2048 2048 2048 2048 2048 2048 2048 2048 0 0 0 0 0 0 0 0 0 0
2048 2048 2048 2048 2048 2048 2048 2048 2048 2048 0 0 0 0 0 0 0 0 0 0
2048 2048 2048 2048 2048 2048 2048 2048 2048 2048 0 0 0 0 0 0 0 0 0 0
2048 2048 2048 2048 2048 2048 2048 2048 2048 2048 0 0 0 0 0 0 0 0 0 0
2048 2048 2048 2048 2048 2048 2048 2048 2048 2048 0 0 0 0 0 0 0 0 0 0
2048 2048 2048 2048 2048 2048 2048 2048 2048 2048 0 0 0 0 0 0 0 0 0 0
2048 2048 2048 2048 2048 2048 2048 2048 2048 2048 0 0 0 0 0 0 0 0 0 0
2048 2048 2048 2048 2048 2048 2048 2048 2048 2048 0 0 0 0 0 0 0 0 0 0
2048 2048 2048 2048 2048 2048 2048 2048 2048 2048 0 0 0 0 0 0 0 0 0 0
2048 2048 2048 2048 2048 2048 2048 2048 2048 2048 0 0 0 0 0 0 0 0 0 0
Case #11:
0 0 0 0 0 0 0 0 0 0 2048 2048 2048 2048 2048 2048 2048 2048 2048 2048
0 0 0 0 0 0 0 0 0 0 2048 2048 2048 2048 2048 2048 2048 2048 2048 2048
0 0 0 0 0 0 0 0 0 0 2048 2048 2048 2048 2048 2048 2048 2048 2048 2048
0 0 0 0 0 0 0 0 0 0 2048 2048 2048 2048 2048 2048 2048 2048 2048 2048
0 0 0 0 0 0 0 0 0 0 2048 2048 2048 2048 2048 2048 2048 2048 2048 2048
0 0 0 0 0 0 0 0 0 0 2048 2048 2048 2048 2048 2048 2048 2048 2048 2048
0 0 0 0 0 0 0 0 0 0 2048 2048 2048 2048 2048 2048 2048 2048 2048 2048
0 0 0 0 0 0 0 0 0 0 2048 2048 2048 2048 2048 2048 2048 2048 2048 2048
0 0 0 0 0 0 0 0 0 0 2048 2048 2048 2048 2048 2048 2048 2048 2048 2048
0 0 0 0 0 0 0 0 0 0 2048 2048 2048 2048 2048 2048 2048 2048 2048 2048
0 0 0 0 0 0 0 0 0 0 2048 2048 2048 2048 2048 2048 2048 2048 2048 2048
0 0 0 0 0 0 0 0 0 0 2048 2048 2048 2048 2048 2048 2048 2048 2048 2048
0 0 0 0 0 0 0 0 0 0 2048 2048 2048 2048 2048 2048 2048 2048 2048 2048
0 0 0 0 0 0 0 0 0 0 2048 2048 2048 2048 2048 2048 2048 2048 2048 2048
0 0 0 0 0 0 0 0 0 0 2048 2048 2048 2048 2048 2048 2048 2048 2048 2048
0 0 0 0 0 0 0 0 0 0 2048 2048 2048 2048 2048 2048 2048 2048 2048 2048
0 0 0 0 0 0 0 0 0 0 2048 2048 2048 2048 2048 2048 2048 2048 2048 2048
0 0 0 0 0 0 0 0 0 0 2048 2048 2048 2048 2048 2048 2048 2048 2048 2048
0 0 0 0 0 0 0 0 0 0 2048 2048 2048 2048 2048 2048 2048 2048 2048 2048
0 0 0 0 0 0 0 0 0 0 2048 2048 2048 2048 2048 2048 2048 2048 2048 2048
Case #12:
2048 2048 2048 2048 2048 2048 2048 2048 2048 2048 2048 2048 2048 2048 2048 2048 2048 2048 2048 2048
2048 2048 2048 2048 2048 2048 2048 2048 2048 2048 2048 2048 2048 2048 2048 2048 2048 2048 2048 2048
2048 2048 2048 2048 2048 2048 2048 2048 2048 2048 2048 2048 2048 2048 2048 2048 2048 2048 2048 2048
2048 2048 2048 2048 2048 2048 2048 2048 2048 2048 2048 2048 2048 2048 2048 2048 2048 2048 2048 2048
2048 2048 2048 2048 2048 2048 2048 2048 2048 2048 2048 2048 2048 2048 2048 2048 2048 2048 2048 2048
2048 2048 2048 2048 2048 2048 2048 2048 2048 2048 2048 2048 2048 2048 2048 2048 2048 2048 2048 2048
2048 2048 2048 2048 2048 2048 2048 2048 2048 2048 2048 2048 2048 2048 2048 2048 2048 2048 2048 2048
2048 2048 2048 2048 2048 2048 2048 2048 2048 2048 2048 2048 2048 2048 2048 2048 2048 2048 2048 2048
2048 2048 2048 2048 2048 2048 2048 2048 2048 2048 2048 2048 2048 2048 2048 2048 2048 2048 2048 2048
2048 2048 2048 2048 2048 2048 2048 2048 2048 2048 2048 2048 2048 2048 2048 2048 2048 2048 2048 2048
0 0 0 0 0 0 0 0 0 0 0 0 0 0 0 0 0 0 0 0
0 0 0 0 0 0 0 0 0 0 0 0 0 0 0 0 0 0 0 0
0 0 0 0 0 0 0 0 0 0 0 0 0 0 0 0 0 0 0 0
0 0 0 0 0 0 0 0 0 0 0 0 0 0 0 0 0 0 0 0
0 0 0 0 0 0 0 0 0 0 0 0 0 0 0 0 0 0 0 0
0 0 0 0 0 0 0 0 0 0 0 0 0 0 0 0 0 0 0 0
0 0 0 0 0 0 0 0 0 0 0 0 0 0 0 0 0 0 0 0
0 0 0 0 0 0 0 0 0 0 0 0 0 0 0 0 0 0 0 0
0 0 0 0 0 0 0 0 0 0 0 0 0 0 0 0 0 0 0 0
0 0 0 0 0 0 0 0 0 0 0 0 0 0 0 0 0 0 0 0
Case #13:
2 8 512 4 4 1024 128 64 8 512 256 2 4 32 8 4 8 4 64 64
256 4 2 2 128 16 4 2 64 8 4 128 2 64 1024 2 64 8 4 1024
8 128 512 64 4 2 8 8 16 4 2 16 0 512 2 256 4 2 256 4
4 32 32 16 16 128 16 1024 4 4 4 8 0 64 32 2 8 256 4 2
64 4 2 4 0 0 4 4 128 0 0 4 0 1024 0 128 64 512 0 1024
4 8 4 16 0 0 8 256 4 0 0 8 0 0 0 64 2 4 0 8
64 4 2 256 0 0 0 32 4 0 0 0 0 0 0 128 128 4 0 0
0 0 0 0 0 0 0 0 0 0 0 0 0 0 0 4 0 0 0 0
0 0 0 0 0 0 0 0 0 0 0 0 0 0 0 256 0 0 0 0
0 0 0 0 0 0 0 0 0 0 0 0 0 0 0 0 0 0 0 0
0 0 0 0 0 0 0 0 0 0 0 0 0 0 0 0 0 0 0 0
0 0 0 0 0 0 0 0 0 0 0 0 0 0 0 0 0 0 0 0
0 0 0 0 0 0 0 0 0 0 0 0 0 0 0 0 0 0 0 0
0 0 0 0 0 0 0 0 0 0 0 0 0 0 0 0 0 0 0 0
0 0 0 0 0 0 0 0 0 0 0 0 0 0 0 0 0 0 0 0
0 0 0 0 0 0 0 0 0 0 0 0 0 0 0 0 0 0 0 0
0 0 0 0 0 0 0 0 0 0 0 0 0 0 0 0 0 0 0 0
0 0 0 0 0 0 0 0 0 0 0 0 0 0 0 0 0 0 0 0
0 0 0 0 0 0 0 0 0 0 0 0 0 0 0 0 0 0 0 0
0 0 0 0 0 0 0 0 0 0 0 0 0 0 0 0 0 0 0 0
Case #14:
0 0 0 0 0 0 0 0 0 0 0 0 16 32 4 2 8 8 2 4
0 0 0 0 0 0 0 0 0 0 0 0 0 0 0 32 8 2 16 2
0 0 0 0 0 0 0 0 0 0 0 0 0 0 0 4 2 512 2 64
0 0 0 0 0 0 0 0 0 0 0 0 0 0 0 0 0 4 2 4
0 0 0 0 0 0 0 0 0 0 0 0 0 2 4 256 2 512 2 4
0 0 0 0 0 0 0 0 0 0 0 0 0 0 0 256 4 512 32 16
0 0 0 0 0 0 0 0 0 0 0 0 0 0 0 0 8 2 32 4
0 0 0 0 0 0 0 0 0 0 0 0 0 0 0 1024 256 32 2 16
0 0 0 0 0 0 0 0 0 0 0 0 0 0 0 256 2 64 2 8
0 0 0 0 0 0 0 0 0 0 0 0 0 0 0 0 0 2048 8 2
0 0 0 0 0 0 0 0 0 0 0 0 0 0 0 16 256 2 64 8
0 0 0 0 0 0 0 0 0 0 0 0 0 8 8 2 4 16 2 4
0 0 0 0 0 0 0 0 0 0 0 0 0 0 8 32 64 1024 4 4
0 0 0 0 0 0 0 0 0 0 0 0 8 128 16 2 4 1024 2 16
0 0 0 0 0 0 0 0 0 0 0 0 0 0 0 0 0 2 128 2
0 0 0 0 0 0 0 0 0 0 0 0 0 0 0 0 32 2 4 64
0 0 0 0 0 0 0 0 0 0 0 0 0 0 0 2 16 64 4 16
0 0 0 0 0 0 0 0 0 0 0 0 0 0 0 4 4 2 8 512
0 0 0 0 0 0 0 0 0 0 0 0 0 0 0 0 2 4 32 2
0 0 0 0 0 0 0 0 0 0 0 0 0 0 0 0 0 4 256 8
Case #15:
0 0 0 0 0 0 0 0 0 0 0 0 0 2 8 16 512 4 8 2
0 0 0 0 0 0 0 0 0 0 0 0 0 0 0 4 64 512 16 2
0 0 0 0 0 0 0 0 0 0 0 0 0 0 0 0 32 2 256 32
0 0 0 0 0 0 0 0 0 0 0 0 0 8 32 8 2 512 32 2
0 0 0 0 0 0 0 0 0 0 0 0 0 0 4 2 4 1024 4 128
0 0 0 0 0 0 0 0 0 0 0 0 0 256 16 4 256 64 4 4
0 0 0 0 0 0 0 0 0 0 0 0 0 0 0 64 4 2 1024 256
0 0 0 0 0 0 0 0 0 0 0 0 0 2 32 2 256 2 4 2
0 0 0 0 0 0 0 0 0 0 0 0 0 64 512 2 128 8 32 512
0 0 0 0 0 0 0 0 0 0 0 0 0 0 0 0 0 0 8 4
0 0 0 0 0 0 0 0 0 0 0 0 0 16 256 128 2 4 2 64
0 0 0 0 0 0 0 0 0 0 0 0 0 0 0 128 4 256 8 2
0 0 0 0 0 0 0 0 0 0 0 0 0 0 0 32 8 2 256 1024
0 0 0 0 0 0 0 0 0 0 0 0 0 0 0 0 2 1024 16 2
0 0 0 0 0 0 0 0 0 0 0 0 0 0 0 0 2 4 1024 2
0 0 0 0 0 0 0 0 0 0 0 0 0 0 0 4 16 256 2 16
0 0 0 0 0 0 0 0 0 0 0 0 0 256 1024 4 4 4 512 128
0 0 0 0 0 0 0 0 0 0 0 0 0 0 0 0 256 4 16 4
0 0 0 0 0 0 0 0 0 0 0 0 0 0 0 32 2 4 128 2
0 0 0 0 0 0 0 0 0 0 0 0 0 0 64 1024 64 256 2 4
Case #16:
0 0 0 0 0 0 0 0 0 0 0 0 0 0 0 0 0 0 0 0
0 0 0 0 0 0 0 0 0 0 0 0 0 0 0 0 0 0 0 0
0 0 0 0 0 0 0 0 0 0 0 0 0 0 0 0 0 0 0 0
0 0 0 0 0 0 0 0 0 0 0 0 0 0 0 0 0 0 0 0
0 0 0 0 0 0 0 0 0 0 0 0 0 0 0 0 0 0 0 0
0 0 0 0 0 0 0 0 0 0 0 0 0 0 0 0 0 0 0 0
0 0 0 0 0 0 0 0 0 0 0 0 0 0 0 0 0 0 0 0
0 0 0 0 0 0 0 0 0 0 0 0 0 0 0 0 0 0 0 0
0 0 0 0 0 0 0 0 0 0 0 0 0 0 0 0 0 0 0 0
0 0 0 0 0 0 0 0 0 0 0 0 0 0 0 0 0 0 0 0
0 0 0 0 0 0 0 0 0 0 0 0 0 0 0 0 0 0 0 0
0 0 0 0 0 0 0 0 0 0 0 0 0 0 0 0 0 0 0 0
0 0 0 0 0 0 8 0 0 0 0 0 0 2 0 0 4 0 0 0
0 0 2 0 0 0 2 0 0 0 0 0 0 4 0 0 64 128 0 0
0 0 4 128 0 0 4 0 0 0 2 0 64 8 0 0 128 32 0 1024
0 32 2 1024 0 0 16 0 0 0 256 0 4 4 4 0 2 64 64 16
0 256 8 4 2 0 8 0 0 0 1024 0 16 16 256 4 16 16 4 64
0 8 2 4 32 2 32 4 4 0 8 8 4 32 1024 2 256 2 32 8
0 4 4 2 1024 4 2 8 8 64 64 128 2 256 4 4 4 8 8 128
4 32 8 64 4 4 16 2 1024 4 1024 32 1024 128 2 32 32 2 512 4
Case #17:
0 0 0 0 0 0 0 0 0 0 0 0 0 0 0 0 0 0 0 0
0 0 0 0 0 0 0 0 0 0 0 0 0 0 0 0 0 0 0 0
0 0 0 0 0 0 0 0 0 0 0 0 0 0 0 0 0 0 0 0
0 0 0 0 0 0 0 0 0 0 0 0 0 0 0 0 0 0 0 0
0 0 0 0 0 0 0 0 0 0 0 0 0 0 0 0 0 0 0 0
0 0 0 0 0 0 0 0 0 0 0 0 0 0 0 0 0 0 0 0
0 0 0 0 0 0 0 0 0 0 0 0 0 0 0 0 0 0 0 0
0 0 0 0 0 0 0 0 0 0 0 0 0 0 0 0 0 0 0 0
0 0 0 0 0 0 0 0 0 0 0 0 0 0 0 0 0 0 0 0
0 0 0 0 0 0 0 0 0 0 0 0 0 0 0 0 0 0 0 0
0 0 0 0 0 0 0 0 0 0 0 0 0 0 0 0 0 0 0 0
0 0 0 0 0 0 0 0 0 0 0 0 0 0 0 0 0 0 0 0
0 0 0 0 0 0 0 0 0 0 0 0 0 0 0 0 0 0 0 0
4 0 0 0 0 0 512 16 8 2 0 0 0 0 0 128 0 1024 0 0
16 2 0 0 0 0 256 256 2 512 4 0 64 4 0 64 0 16 0 0
2 32 1024 2 1024 1024 4 2 8 2 512 256 16 4 0 32 128 4 0 0
128 512 32 8 4 8 4 4 4 1024 4 2 512 8 0 256 2 128 1024 4
256 2 64 2 8 8 32 256 8 16 256 8 4 256 0 8 1024 16 8 512
32 16 8 64 128 2 2 64 8 2 8 4 1024 64 256 256 256 256 4 4
2 32 2 4 512 4 512 16 512 64 32 256 2 4 64 1024 4 1024 128 256
Case #18:
4 4 4 256 4 8 0 0 0 0 0 0 0 0 0 0 0 0 0 0
8 2 64 2 4 64 0 0 0 0 0 0 0 0 0 0 0 0 0 0
16 2 1024 4 0 0 0 0 0 0 0 0 0 0 0 0 0 0 0 0
8 0 0 0 0 0 0 0 0 0 0 0 0 0 0 0 0 0 0 0
8 8 4 16 0 0 0 0 0 0 0 0 0 0 0 0 0 0 0 0
4 32 4 4 0 0 0 0 0 0 0 0 0 0 0 0 0 0 0 0
4 256 32 64 4 0 0 0 0 0 0 0 0 0 0 0 0 0 0 0
2 0 0 0 0 0 0 0 0 0 0 0 0 0 0 0 0 0 0 0
4 4 8 512 128 0 0 0 0 0 0 0 0 0 0 0 0 0 0 0
1024 2 4 256 2 0 0 0 0 0 0 0 0 0 0 0 0 0 0 0
512 4 4 2 0 0 0 0 0 0 0 0 0 0 0 0 0 0 0 0
256 128 16 2 4 1024 256 0 0 0 0 0 0 0 0 0 0 0 0 0
4 16 128 8 0 0 0 0 0 0 0 0 0 0 0 0 0 0 0 0
16 2 64 4 2 128 0 0 0 0 0 0 0 0 0 0 0 0 0 0
256 4 256 8 2 0 0 0 0 0 0 0 0 0 0 0 0 0 0 0
64 8 512 2 16 256 0 0 0 0 0 0 0 0 0 0 0 0 0 0
8 16 2 8 4 256 2 64 0 0 0 0 0 0 0 0 0 0 0 0
2 32 2 4 0 0 0 0 0 0 0 0 0 0 0 0 0 0 0 0
8 256 64 2 1024 2 0 0 0 0 0 0 0 0 0 0 0 0 0 0
2 4 1024 0 0 0 0 0 0 0 0 0 0 0 0 0 0 0 0 0
Case #19:
256 2 8 0 0 0 0 0 0 0 0 0 0 0 0 0 0 0 0 0
128 128 4 128 512 64 0 0 0 0 0 0 0 0 0 0 0 0 0 0
512 2 4 4 8 0 0 0 0 0 0 0 0 0 0 0 0 0 0 0
32 4 8 128 64 2 8 0 0 0 0 0 0 0 0 0 0 0 0 0
2 16 4 4 256 0 0 0 0 0 0 0 0 0 0 0 0 0 0 0
4 512 1024 32 8 64 2 8 128 8 8 0 0 0 0 0 0 0 0 0
16 4 256 512 4 2 1024 8 4 0 0 0 0 0 0 0 0 0 0 0
8 4 4 32 8 2 0 0 0 0 0 0 0 0 0 0 0 0 0 0
2 8 4 64 4 0 0 0 0 0 0 0 0 0 0 0 0 0 0 0
16 2 128 4 0 0 0 0 0 0 0 0 0 0 0 0 0 0 0 0
4 512 8 256 0 0 0 0 0 0 0 0 0 0 0 0 0 0 0 0
4 1024 16 2 512 0 0 0 0 0 0 0 0 0 0 0 0 0 0 0
4 4 4 512 0 0 0 0 0 0 0 0 0 0 0 0 0 0 0 0
64 8 1024 32 8 1024 0 0 0 0 0 0 0 0 0 0 0 0 0 0
2 512 4 8 8 0 0 0 0 0 0 0 0 0 0 0 0 0 0 0
1024 16 256 4 32 1024 0 0 0 0 0 0 0 0 0 0 0 0 0 0
512 4 64 256 4 0 0 0 0 0 0 0 0 0 0 0 0 0 0 0
4 2 32 512 0 0 0 0 0 0 0 0 0 0 0 0 0 0 0 0
2 32 256 64 2 64 2 0 0 0 0 0 0 0 0 0 0 0 0 0
4 1024 2 128 8 2 512 2 0 0 0 0 0 0 0 0 0 0 0 0
Case #20:
2 256 16 0 0 0 0 0 0 0 0 0 0 0 0 0 0 0 0 0
4 4 256 4 0 0 0 0 0 0 0 0 0 0 0 0 0 0 0 0
2 16 2 128 2 0 0 0 0 0 0 0 0 0 0 0 0 0 0 0
2 8 8 1024 0 0 0 0 0 0 0 0 0 0 0 0 0 0 0 0
512 2 8 0 0 0 0 0 0 0 0 0 0 0 0 0 0 0 0 0
128 32 512 2 16 4 0 0 0 0 0 0 0 0 0 0 0 0 0 0
4 512 2 512 32 16 2 4 16 0 0 0 0 0 0 0 0 0 0 0
8 4 0 0 0 0 0 0 0 0 0 0 0 0 0 0 0 0 0 0
2 4 128 1024 128 0 0 0 0 0 0 0 0 0 0 0 0 0 0 0
2 32 2 4 512 8 0 0 0 0 0 0 0 0 0 0 0 0 0 0
1024 16 4 1024 0 0 0 0 0 0 0 0 0 0 0 0 0 0 0 0
64 4 512 2 128 64 1024 0 0 0 0 0 0 0 0 0 0 0 0 0
1024 16 256 2 8 128 4 128 512 0 0 0 0 0 0 0 0 0 0 0
2 256 512 1024 0 0 0 0 0 0 0 0 0 0 0 0 0 0 0 0
32 8 64 256 0 0 0 0 0 0 0 0 0 0 0 0 0 0 0 0
8 16 2 256 32 16 4 2 0 0 0 0 0 0 0 0 0 0 0 0
32 2 128 4 0 0 0 0 0 0 0 0 0 0 0 0 0 0 0 0
4 64 4 512 2 0 0 0 0 0 0 0 0 0 0 0 0 0 0 0
64 4 128 8 64 4 8 0 0 0 0 0 0 0 0 0 0 0 0 0
2 128 256 1024 64 16 0 0 0 0 0 0 0 0 0 0 0 0 0 0
Case #21:
0 0 0 0 0 0 0 0 0 0 0 0 0 0 0 0 0 4 256 2
0 0 0 0 0 0 0 0 0 0 0 0 0 0 0 0 0 0 4 8
0 0 0 0 0 0 0 0 0 0 0 0 0 0 0 0 0 4 8 2
0 0 0 0 0 0 0 0 0 0 0 0 0 0 0 2 16 256 4 1024
0 0 0 0 0 0 0 0 0 0 0 0 0 0 0 512 2 512 4 2
0 0 0 0 0 0 0 0 0 0 0 0 0 4 2 4 64 1024 128 32
0 0 0 0 0 0 0 0 0 0 0 0 0 0 0 0 8 16 8 256
0 0 0 0 0 0 0 0 0 0 0 0 0 0 0 0 128 1024 4 8
0 0 0 0 0 0 0 0 0 0 0 0 0 0 0 0 512 2 4 8
0 0 0 0 0 0 0 0 0 0 0 0 0 0 0 512 32 256 4 8
0 0 0 0 0 0 0 0 0 0 0 0 4 2 128 512 4 2 4 16
0 0 0 0 0 0 0 0 0 0 0 0 0 0 0 0 64 128 4 16
0 0 0 0 0 0 0 0 0 0 0 0 0 0 0 0 0 1024 2 512
0 0 0 0 0 0 0 0 0 0 0 0 0 0 0 128 64 2 4 4
0 0 0 0 0 0 0 0 0 0 0 0 0 0 0 512 4 2 512 8
0 0 0 0 0 0 0 0 0 0 0 0 0 0 0 0 2 16 2 128
0 0 0 0 0 0 0 0 0 0 0 0 0 0 0 0 0 4 4 32
0 0 0 0 0 0 0 0 0 0 0 0 0 16 32 4 1024 16 2 4
0 0 0 0 0 0 0 0 0 0 0 0 0 0 4 64 1024 2 256 2
0 0 0 0 0 0 0 0 0 0 0 0 0 0 0 2 32 128 128 256
Case #22:
0 0 0 0 0 0 0 0 0 0 0 0 0 0 0 0 0 0 0 0
0 0 0 0 0 0 0 0 0 0 0 0 0 0 0 0 0 0 0 0
0 0 0 0 0 0 0 0 0 0 0 0 0 0 0 0 0 0 0 0
0 0 0 0 0 0 0 0 0 0 0 0 0 0 0 0 0 0 0 0
0 0 0 0 0 0 0 0 0 0 0 0 0 0 0 0 0 0 0 0
0 0 0 0 0 0 0 0 0 0 0 0 0 0 0 0 0 0 0 0
0 0 0 0 0 0 0 0 0 0 0 0 0 0 0 0 0 0 0 0
0 0 0 0 0 0 0 0 0 0 0 0 0 0 0 0 0 0 0 0
0 0 0 0 0 0 0 0 0 0 4 0 0 0 0 0 0 0 0 0
0 0 0 0 0 0 0 0 0 0 32 0 0 0 0 0 0 0 0 0
0 0 0 0 0 0 0 0 0 0 128 0 0 0 0 0 0 0 0 0
0 0 0 0 0 0 0 0 0 0 512 0 0 0 0 0 0 0 0 0
0 0 0 0 0 0 0 0 0 0 16 0 0 0 0 0 0 0 0 0
0 0 0 0 0 64 16 0 0 0 128 0 2 0 0 0 0 0 4 0
0 8 0 0 0 256 32 0 0 0 2 0 4 0 4 256 0 2 8 2048
0 128 0 2 0 4 8 2048 0 0 128 2 2 1024 256 8 128 4 128 16
0 8 4 1024 1024 1024 64 4 0 0 2 128 4 256 512 4 16 8 2 4
0 4 8 2 4 32 32 16 32 2 4 1024 64 2 4 128 256 4 128 16
0 2 8 16 64 4 8 2 4 4 2 16 32 4 2 256 8 16 2 8
8 16 256 2 1024 8 64 128 2 128 8 4 4 4 32 2 4 256 64 4
Case #23:
0 0 0 0 0 0 0 0 0 0 0 0 0 0 0 0 0 0 0 0
0 0 0 0 0 0 0 0 0 0 0 0 0 0 0 0 0 0 0 0
0 0 0 0 0 0 0 0 0 0 0 0 0 0 0 0 0 0 0 0
0 0 0 0 0 0 0 0 0 0 0 0 0 0 0 0 0 0 0 0
0 0 0 0 0 0 0 0 0 0 0 0 0 0 0 0 0 0 0 0
0 0 0 0 0 0 0 0 0 0 0 0 0 0 0 0 0 0 0 0
0 0 0 0 0 0 0 0 0 0 0 0 0 0 0 0 0 0 0 0
0 0 0 0 0 0 0 0 0 0 0 0 0 0 0 0 0 0 0 0
0 0 0 0 0 0 0 0 0 0 0 0 0 0 0 0 0 0 0 0
0 0 0 0 0 0 0 0 0 0 0 0 0 0 0 0 0 0 0 0
0 0 0 0 0 0 0 0 0 0 0 0 0 0 0 0 0 0 0 0
0 0 0 0 0 0 0 0 0 0 0 0 0 0 0 0 0 0 0 0
0 0 0 0 0 0 0 0 0 0 0 128 0 4 0 0 0 0 0 0
0 0 0 0 0 0 0 0 0 0 0 2 0 1024 0 0 0 0 0 0
0 0 0 4 0 0 0 128 0 256 0 4 1024 4 0 0 0 0 0 0
0 8 0 4 0 4 0 32 0 32 2048 64 64 64 8 4 0 0 4 4
4 2 2 16 8 8 4 2 4 4 4 4 64 8 4 32 0 0 512 128
512 64 16 256 256 128 2 32 2 2 1024 2 8 1024 4 2 0 8 64 32
1024 4 2 2 4 4 8 128 32 16 4 1024 512 4 8 32 512 8 32 64
4 128 4 1024 2 4 2 32 4 2 32 2 16 2 2 64 16 1024 2 2
Case #24:
2 256 2 512 2 8 16 8 0 0 0 0 0 0 0 0 0 0 0 0
4 128 128 512 0 0 0 0 0 0 0 0 0 0 0 0 0 0 0 0
2048 128 32 1024 64 1024 0 0 0 0 0 0 0 0 0 0 0 0 0 0
32 8 4 4 0 0 0 0 0 0 0 0 0 0 0 0 0 0 0 0
128 32 4 2 32 16 0 0 0 0 0 0 0 0 0 0 0 0 0 0
1024 2 64 2 4 0 0 0 0 0 0 0 0 0 0 0 0 0 0 0
4 2 4 2 16 2 4 2 0 0 0 0 0 0 0 0 0 0 0 0
8 2 1024 4 2 1024 2 0 0 0 0 0 0 0 0 0 0 0 0 0
2 512 2 1024 128 8 0 0 0 0 0 0 0 0 0 0 0 0 0 0
32 1024 2 512 4 128 0 0 0 0 0 0 0 0 0 0 0 0 0 0
8 4 2 0 0 0 0 0 0 0 0 0 0 0 0 0 0 0 0 0
8 4 128 0 0 0 0 0 0 0 0 0 0 0 0 0 0 0 0 0
8 4 32 16 256 16 0 0 0 0 0 0 0 0 0 0 0 0 0 0
2 256 128 64 0 0 0 0 0 0 0 0 0 0 0 0 0 0 0 0
4 2 8 0 0 0 0 0 0 0 0 0 0 0 0 0 0 0 0 0
2 128 512 4 0 0 0 0 0 0 0 0 0 0 0 0 0 0 0 0
1024 8 128 8 128 4 8 2 0 0 0 0 0 0 0 0 0 0 0 0
2 512 64 128 0 0 0 0 0 0 0 0 0 0 0 0 0 0 0 0
8 4 128 64 8 128 0 0 0 0 0 0 0 0 0 0 0 0 0 0
8 128 2 1024 2 8 4 0 0 0 0 0 0 0 0 0 0 0 0 0
Case #25:
16 4 2 8 128 2 0 0 0 0 0 0 0 0 0 0 0 0 0 0
1024 8 8 4 128 2 4 0 0 0 0 0 0 0 0 0 0 0 0 0
256 1024 16 32 64 0 0 0 0 0 0 0 0 0 0 0 0 0 0 0
64 256 4 2 32 0 0 0 0 0 0 0 0 0 0 0 0 0 0 0
64 8 256 8 0 0 0 0 0 0 0 0 0 0 0 0 0 0 0 0
4 256 4 2 4 0 0 0 0 0 0 0 0 0 0 0 0 0 0 0
128 64 4 128 0 0 0 0 0 0 0 0 0 0 0 0 0 0 0 0
4 16 0 0 0 0 0 0 0 0 0 0 0 0 0 0 0 0 0 0
2 128 4 2 0 0 0 0 0 0 0 0 0 0 0 0 0 0 0 0
4 16 512 64 0 0 0 0 0 0 0 0 0 0 0 0 0 0 0 0
32 8 4 512 32 2 0 0 0 0 0 0 0 0 0 0 0 0 0 0
4 8 4 1024 0 0 0 0 0 0 0 0 0 0 0 0 0 0 0 0
2048 64 4 16 4 0 0 0 0 0 0 0 0 0 0 0 0 0 0 0
8 256 32 4 64 0 0 0 0 0 0 0 0 0 0 0 0 0 0 0
64 512 256 2 16 64 4 0 0 0 0 0 0 0 0 0 0 0 0 0
4 2 512 4 512 32 2 8 4 0 0 0 0 0 0 0 0 0 0 0
1024 4 4 0 0 0 0 0 0 0 0 0 0 0 0 0 0 0 0 0
4 2 128 0 0 0 0 0 0 0 0 0 0 0 0 0 0 0 0 0
2 32 8 8 4 1024 64 0 0 0 0 0 0 0 0 0 0 0 0 0
512 4 4 128 4 0 0 0 0 0 0 0 0 0 0 0 0 0 0 0
Case #26:
0 0 0 0 0 0 0 0 0 0 0 0 0 0 0 0 0 128 4 2
0 0 0 0 0 0 0 0 0 0 0 0 0 0 2 8 256 8 4 128
0 0 0 0 0 0 0 0 0 0 0 0 0 0 0 256 4 2 4 32
0 0 0 0 0 0 0 0 0 0 0 0 0 0 0 4 128 2 64 512
0 0 0 0 0 0 0 0 0 0 0 0 0 0 0 64 4 64 8 16
0 0 0 0 0 0 0 0 0 0 0 0 0 0 8 2 16 4 16 2
0 0 0 0 0 0 0 0 0 0 0 0 0 0 2 128 2 256 4 8
0 0 0 0 0 0 0 0 0 0 0 0 0 0 0 16 4 128 4 512
0 0 0 0 0 0 0 0 0 0 0 0 0 0 512 4 8 32 256 4
0 0 0 0 0 0 0 0 0 0 0 0 0 0 0 2 4 8 2 64
0 0 0 0 0 0 0 0 0 0 0 0 0 0 0 0 4 1024 4 2
0 0 0 0 0 0 0 0 0 0 0 0 0 0 8 2 256 4 32 4
0 0 0 0 0 0 0 0 0 0 0 0 0 0 32 2 128 8 32 8
0 0 0 0 0 0 0 0 0 0 0 0 0 0 0 0 0 4 4 256
0 0 0 0 0 0 0 0 0 0 0 0 0 0 0 2 8 4 32 128
0 0 0 0 0 0 0 0 0 0 2 4 2 256 64 8 2 8 512 4
0 0 0 0 0 0 0 0 0 0 0 2 32 2 1024 256 32 4 32 16
0 0 0 0 0 0 0 0 0 0 0 0 0 64 2 256 1024 16 4 4
0 0 0 0 0 0 0 0 0 0 0 0 1024 8 32 1024 4 2 4 2
0 0 0 0 0 0 0 0 0 0 0 0 0 0 0 0 2 32 128 2
Case #27:
0 0 0 0 0 0 0 0 0 0 0 0 0 0 0 0 256 4 64 128
0 0 0 0 0 0 0 0 0 0 0 2 4 2 512 16 512 32 256 32
0 0 0 0 0 0 0 0 0 0 0 0 0 0 0 0 0 4 2 1024
0 0 0 0 0 0 0 0 0 0 0 0 0 0 0 0 4 16 128 4
0 0 0 0 0 0 0 0 0 0 0 0 0 4 256 2 32 64 2 1024
0 0 0 0 0 0 0 0 0 0 0 0 0 0 0 16 128 256 32 2
0 0 0 0 0 0 0 0 0 0 0 0 0 0 0 0 1024 32 8 2
0 0 0 0 0 0 0 0 0 0 0 0 0 0 0 0 4 64 256 2
0 0 0 0 0 0 0 0 0 0 0 0 0 0 4 128 4 8 2 4
0 0 0 0 0 0 0 0 0 0 0 0 0 0 0 2 16 256 16 128
0 0 0 0 0 0 0 0 0 0 0 0 2 64 4 2 256 4 2 2048
0 0 0 0 0 0 0 0 0 0 0 0 0 0 0 0 512 1024 4 8
0 0 0 0 0 0 0 0 0 0 0 0 0 0 0 8 2 256 128 1024
0 0 0 0 0 0 0 0 0 0 0 0 0 0 0 512 64 4 16 4
0 0 0 0 0 0 0 0 0 0 0 0 0 0 0 0 0 2 4 8
0 0 0 0 0 0 0 0 0 0 0 0 0 0 2 64 16 1024 2 4
0 0 0 0 0 0 0 0 0 0 0 1024 128 4 8 512 2 4 1024 32
0 0 0 0 0 0 0 0 0 0 0 0 0 0 0 0 2 64 4 2
0 0 0 0 0 0 0 0 0 0 0 0 0 0 16 2 4 16 2 512
0 0 0 0 0 0 0 0 0 0 0 0 0 0 8 2 4 1024 4 2
Case #28:
0 0 0 0 0 0 0 0 0 0 0 0 0 0 0 0 0 0 0 512
0 0 0 0 0 0 0 0 0 0 0 0 0 0 0 256 4 512 16 2
0 0 0 0 0 0 0 0 0 0 0 0 0 0 0 8 64 32 2 16
0 0 0 0 0 0 0 0 0 0 0 0 0 0 0 0 0 0 4 4
0 0 0 0 0 0 0 0 0 0 0 0 0 4 128 8 2 8 4 256
0 0 0 0 0 0 0 0 0 0 0 0 0 0 0 8 2 1024 4 64
0 0 0 0 0 0 0 0 0 0 0 0 0 0 4 8 2 2048 2 4
0 0 0 0 0 0 0 0 0 0 0 0 0 0 4 64 1024 4 16 2
0 0 0 0 0 0 0 0 0 0 0 0 0 0 0 0 0 8 4 512
0 0 0 0 0 0 0 0 0 0 0 0 0 64 4 512 8 4 16 2
0 0 0 0 0 0 0 0 0 0 0 0 0 4 16 2 8 128 4 64
0 0 0 0 0 0 0 0 0 0 0 0 0 0 0 4 4 32 4 2
0 0 0 0 0 0 0 0 0 0 0 0 0 0 4 64 1024 256 512 2
0 0 0 0 0 0 0 0 0 0 0 0 0 0 0 1024 64 4 32 4
0 0 0 0 0 0 0 0 0 0 0 0 0 0 128 4 64 4 32 16
0 0 0 0 0 0 0 0 0 0 0 0 32 1024 128 2 32 64 16 4
0 0 0 0 0 0 0 0 0 0 0 0 0 0 0 8 4 2 256 1024
0 0 0 0 0 0 0 0 0 0 0 0 4 2 4 16 64 4 4 2
0 0 0 0 0 0 0 0 0 0 0 0 0 0 0 0 4 16 2 16
0 0 0 0 0 0 0 0 0 0 0 0 0 2 4 32 16 4 256 4
Case #29:
1024 2 1024 32 4 128 64 0 0 0 0 0 0 0 0 0 0 0 0 0
4 4 0 0 0 0 0 0 0 0 0 0 0 0 0 0 0 0 0 0
2 8 32 8 0 0 0 0 0 0 0 0 0 0 0 0 0 0 0 0
512 8 512 256 128 2 0 0 0 0 0 0 0 0 0 0 0 0 0 0
4 256 128 2 4 0 0 0 0 0 0 0 0 0 0 0 0 0 0 0
256 2 32 128 0 0 0 0 0 0 0 0 0 0 0 0 0 0 0 0
2 32 4 0 0 0 0 0 0 0 0 0 0 0 0 0 0 0 0 0
8 0 0 0 0 0 0 0 0 0 0 0 0 0 0 0 0 0 0 0
128 2 32 1024 2 0 0 0 0 0 0 0 0 0 0 0 0 0 0 0
128 32 256 0 0 0 0 0 0 0 0 0 0 0 0 0 0 0 0 0
4 16 8 4 0 0 0 0 0 0 0 0 0 0 0 0 0 0 0 0
128 8 4 0 0 0 0 0 0 0 0 0 0 0 0 0 0 0 0 0
4 512 0 0 0 0 0 0 0 0 0 0 0 0 0 0 0 0 0 0
8 2 2048 0 0 0 0 0 0 0 0 0 0 0 0 0 0 0 0 0
32 128 8 4 2 0 0 0 0 0 0 0 0 0 0 0 0 0 0 0
1024 2 32 1024 2 0 0 0 0 0 0 0 0 0 0 0 0 0 0 0
8 2 4 4 2 0 0 0 0 0 0 0 0 0 0 0 0 0 0 0
256 128 4 2 16 2 1024 0 0 0 0 0 0 0 0 0 0 0 0 0
2 4 32 0 0 0 0 0 0 0 0 0 0 0 0 0 0 0 0 0
4 16 512 4 8 4 0 0 0 0 0 0 0 0 0 0 0 0 0 0
Case #30:
4 2 64 512 2 4 4 8 0 4 128 4 4 8 2 4 64 16 2 64
1024 4 8 4 4 32 2 16 0 2 2 4 512 256 2048 64 4 2 128 512
2 512 8 16 256 256 16 128 0 4 32 512 16 512 4 2 2 4 512 2
8 2 32 256 128 2 2 8 0 4 2 2 256 256 4 4 0 256 8 4
64 0 0 2 4 16 32 64 0 0 1024 4 0 512 0 4 0 4 128 1024
0 0 0 0 0 0 8 128 0 0 64 128 0 0 0 0 0 0 4 2
0 0 0 0 0 0 16 0 0 0 4 0 0 0 0 0 0 0 0 0
0 0 0 0 0 0 4 0 0 0 1024 0 0 0 0 0 0 0 0 0
0 0 0 0 0 0 0 0 0 0 64 0 0 0 0 0 0 0 0 0
0 0 0 0 0 0 0 0 0 0 2 0 0 0 0 0 0 0 0 0
0 0 0 0 0 0 0 0 0 0 0 0 0 0 0 0 0 0 0 0
0 0 0 0 0 0 0 0 0 0 0 0 0 0 0 0 0 0 0 0
0 0 0 0 0 0 0 0 0 0 0 0 0 0 0 0 0 0 0 0
0 0 0 0 0 0 0 0 0 0 0 0 0 0 0 0 0 0 0 0
0 0 0 0 0 0 0 0 0 0 0 0 0 0 0 0 0 0 0 0
0 0 0 0 0 0 0 0 0 0 0 0 0 0 0 0 0 0 0 0
0 0 0 0 0 0 0 0 0 0 0 0 0 0 0 0 0 0 0 0
0 0 0 0 0 0 0 0 0 0 0 0 0 0 0 0 0 0 0 0
0 0 0 0 0 0 0 0 0 0 0 0 0 0 0 0 0 0 0 0
0 0 0 0 0 0 0 0 0 0 0 0 0 0 0 0 0 0 0 0
Case #31:
0 0 0 0 0 0 0 0 0 0 0 0 0 0 0 0 0 0 0 0
0 0 0 0 0 0 0 0 0 0 0 0 0 0 0 0 0 0 0 0
0 0 0 0 0 0 0 0 0 0 0 0 0 0 0 0 0 0 0 0
0 0 0 0 0 0 0 0 0 0 0 0 0 0 0 0 0 0 0 0
0 0 0 0 0 0 0 0 0 0 0 0 0 0 0 0 0 0 0 0
0 0 0 0 0 0 0 0 0 0 0 0 0 0 0 0 0 0 0 0
0 0 0 0 0 0 0 0 0 0 0 0 0 0 0 0 0 0 0 0
0 0 0 0 0 0 0 0 0 0 0 0 0 0 0 0 0 0 0 0
0 0 0 0 0 0 0 0 0 0 0 0 0 0 0 0 0 0 0 0
0 0 0 0 0 0 0 0 0 0 0 0 0 0 0 0 0 0 0 0
0 0 2 0 0 0 0 0 0 0 0 0 0 0 0 0 0 0 0 0
0 0 4 0 0 0 0 0 0 0 0 0 0 0 0 0 0 0 0 0
0 2 512 0 0 0 0 0 0 2 0 0 0 0 0 0 0 0 0 0
0 256 32 0 0 0 0 0 0 128 0 0 0 0 0 0 0 2 0 0
0 1024 64 128 0 0 0 2 0 4 0 256 0 0 0 0 32 64 0 4
512 64 4 2 2 1024 2 2048 16 128 0 512 0 0 4 8 2 8 0 8
128 512 256 8 4 4 512 16 4 4 0 8 0 0 128 4 8 8 0 128
4 2 512 2 1024 8 1024 4 2 8 8 128 2 2 512 8 512 32 0 8
512 16 64 4 8 8 512 32 128 64 64 2 4 32 512 512 1024 2 2 4
16 16 2 4 16 4 4 2 4 256 1024 256 8 8 8 2 16 64 4 512
Case #32:
0 0 0 0 0 0 0 0 0 0 0 0 0 0 16 128 4 2 4 64
0 0 0 0 0 0 0 0 0 0 0 0 0 0 0 2 8 1024 16 512
0 0 0 0 0 0 0 0 0 0 0 0 0 0 4 32 64 4 512 16
0 0 0 0 0 0 0 0 0 0 0 0 0 0 0 2 16 32 1024 4
0 0 0 0 0 0 0 0 0 0 0 0 0 0 0 256 16 128 4 16
0 0 0 0 0 0 0 0 0 0 0 0 0 0 0 2 512 8 16 32
0 0 0 0 0 0 0 0 0 0 0 0 0 2 1024 8 2 64 8 2
0 0 0 0 0 0 0 0 0 0 0 32 1024 4 256 512 4 512 2 8
0 0 0 0 0 0 0 0 0 0 0 0 0 0 1024 256 16 4 16 8
0 0 0 0 0 0 0 0 0 0 0 0 0 0 0 2 64 4 8 128
0 0 0 0 0 0 0 0 0 0 0 0 0 0 0 0 32 4 64 512
0 0 0 0 0 0 0 0 0 0 0 0 0 0 0 0 0 4 8 8
0 0 0 0 0 0 0 0 0 0 0 0 0 0 0 0 0 256 4 8
0 0 0 0 0 0 0 0 0 0 0 256 4 2 32 128 4 1024 32 256
0 0 0 0 0 0 0 0 0 0 0 0 0 0 0 4 1024 4 4 256
0 0 0 0 0 0 0 0 0 0 0 0 0 0 0 0 0 0 0 8
0 0 0 0 0 0 0 0 0 0 0 0 0 0 0 0 1024 128 2 512
0 0 0 0 0 0 0 0 0 0 0 0 8 2 8 4 64 4 1024 2
0 0 0 0 0 0 0 0 0 0 0 0 0 0 0 4 128 4 4 16
0 0 0 0 0 0 0 0 0 0 0 0 0 0 4 4 32 4 512 4
Case #33:
0 0 0 0 0 0 0 0 0 0 0 0 0 0 0 0 256 128 8 2
0 0 0 0 0 0 0 0 0 0 0 0 0 0 0 0 0 128 4 32
0 0 0 0 0 0 0 0 0 0 0 0 0 8 256 2 64 16 4 512
0 0 0 0 0 0 0 0 0 0 0 0 0 0 2 4 2 4 32 8
0 0 0 0 0 0 0 0 0 0 0 0 8 128 1024 4 256 64 256 2
0 0 0 0 0 0 0 0 0 0 0 0 0 2 16 4 2 4 4 2
0 0 0 0 0 0 0 0 0 0 0 0 0 4 8 32 4 2 256 128
0 0 0 0 0 0 0 0 0 0 0 0 0 0 0 2 32 512 256 2
0 0 0 0 0 0 0 0 0 0 0 0 0 0 2 128 2 4 512 256
0 0 0 0 0 0 0 0 0 0 0 0 0 0 2 1024 128 4 4 128
0 0 0 0 0 0 0 0 0 0 0 0 0 0 0 0 0 512 128 2
0 0 0 0 0 0 0 0 0 0 0 0 0 0 2 4 2 16 4 128
0 0 0 0 0 0 0 0 0 0 0 0 0 0 0 0 4 128 4 4
0 0 0 0 0 0 0 0 0 0 0 0 0 0 0 0 32 16 512 1024
0 0 0 0 0 0 0 0 0 0 0 0 0 0 0 4 4 64 512 2
0 0 0 0 0 0 0 0 0 0 0 0 0 0 0 0 2 256 512 256
0 0 0 0 0 0 0 0 0 0 0 0 0 0 0 0 0 16 4 512
0 0 0 0 0 0 0 0 0 0 8 4 2 512 256 2 8 2 1024 2
0 0 0 0 0 0 0 0 0 0 0 0 0 2 4 16 4 32 4 32
0 0 0 0 0 0 0 0 0 0 0 0 0 0 0 0 1024 16 2 4
Case #34:
0 0 0 0 0 0 0 0 0 0 0 0 0 0 0 0 0 0 0 0
0 0 0 0 0 0 0 0 0 0 0 0 0 0 0 0 0 0 0 0
0 0 0 0 0 0 0 0 0 0 0 0 0 0 0 0 0 0 0 0
0 0 0 0 0 0 0 0 0 0 0 0 0 0 0 0 0 0 0 0
0 0 0 0 0 0 0 0 0 0 0 0 0 0 0 0 0 0 0 0
0 0 0 0 0 0 0 0 0 0 0 0 0 0 0 0 0 0 0 0
0 0 0 0 0 0 0 0 0 0 0 0 0 0 0 0 0 0 0 0
0 0 0 0 0 0 0 0 0 0 0 0 0 0 0 0 0 0 0 0
0 0 0 0 0 0 0 0 0 0 0 0 0 0 0 0 0 0 0 0
0 0 0 0 0 0 0 0 0 0 0 0 0 0 0 0 0 0 0 0
0 0 0 0 0 0 0 0 0 0 0 0 0 0 0 0 0 0 0 0
0 0 0 0 0 0 0 0 0 0 0 0 0 0 0 0 0 0 0 0
0 0 0 4 0 0 0 4 16 0 512 0 4 0 0 0 0 0 0 0
0 0 8 128 0 0 0 16 2 0 2 0 128 0 0 0 0 0 0 0
0 0 64 2 0 0 0 32 32 0 4 0 2 0 0 0 0 0 0 0
0 8 4 128 0 0 8 64 4 0 512 0 64 2 0 0 0 0 2 32
0 2 8 8 0 32 2 1024 2 2 4 4 2 32 0 8 8 0 8 1024
8 4 128 4 8 2 32 4 4 64 16 32 4 8 2 1024 8 2 1024 256
32 32 16 8 1024 4 64 1024 8 4 8 1024 128 512 4 2 512 32 64 32
2 4 4 1024 2 128 4 2 2 4 512 64 256 16 8 4 128 1024 2 512
Case #35:
0 0 0 0 0 0 0 0 0 0 0 0 0 0 0 2 4 8 4 16
0 0 0 0 0 0 0 0 0 0 0 0 0 0 0 4 4 4 4 8
0 0 0 0 0 0 0 0 0 0 0 0 0 0 0 0 4 2 8 2
0 0 0 0 0 0 0 0 0 0 0 0 0 0 0 0 2 8 2 8
0 0 0 0 0 0 0 0 0 0 0 0 0 0 0 0 0 2 128 4
0 0 0 0 0 0 0 0 0 0 0 0 0 0 8 256 2 4 1024 8
0 0 0 0 0 0 0 0 0 0 0 0 0 0 0 0 0 2 4 128
0 0 0 0 0 0 0 0 0 0 0 0 0 0 0 0 4 8 4 4
0 0 0 0 0 0 0 0 0 0 0 0 0 2 4 8 256 8 2 256
0 0 0 0 0 0 0 0 0 0 0 0 0 0 0 0 2 256 1024 2
0 0 0 0 0 0 0 0 0 0 0 0 0 0 0 0 0 4 8 8
0 0 0 0 0 0 0 0 0 0 0 0 0 0 2 4 8 2 32 4
0 0 0 0 0 0 0 0 0 0 0 0 0 0 0 0 0 2 4 4
0 0 0 0 0 0 0 0 0 0 0 0 0 0 2 4 2 8 8 512
0 0 0 0 0 0 0 0 0 0 0 0 2 4 2 4 8 2 64 4
0 0 0 0 0 0 0 0 0 0 0 0 0 0 0 256 4 8 2 4
0 0 0 0 0 0 0 0 0 0 0 0 2 4 32 2 16 2 4 32
0 0 0 0 0 0 0 0 0 0 0 0 0 0 2 4 1024 4 4 4
0 0 0 0 0 0 0 0 0 0 0 0 0 0 0 0 0 4 4 2
0 0 0 0 0 0 0 0 0 0 0 0 0 0 8 2 4 2 512 4
Case #36:
0 0 0 0 0 0 0 0 0 0 0 0 0 0 0 0 0 0 0 0
0 0 0 0 0 0 0 0 0 0 0 0 0 0 0 0 0 0 0 0
0 0 0 0 0 0 0 0 0 0 0 0 0 0 0 0 0 0 0 0
0 0 0 0 0 0 0 0 0 0 0 0 0 0 0 0 0 0 0 0
0 0 0 0 0 0 0 0 0 0 0 0 0 0 0 0 0 0 0 0
0 0 0 0 0 0 0 0 0 0 0 0 0 0 0 0 0 0 0 0
0 0 0 0 0 0 0 0 0 0 0 0 0 0 0 0 0 0 0 0
0 0 0 0 0 0 0 0 0 0 0 0 0 0 0 0 0 0 0 0
0 0 0 0 0 0 0 0 0 0 0 0 0 0 0 0 0 0 0 0
0 0 0 0 0 0 0 0 0 0 0 0 0 0 0 0 0 0 0 0
0 0 0 0 0 0 0 0 0 0 0 0 0 0 0 0 0 0 0 0
2 0 0 0 0 0 0 0 0 0 0 0 0 0 0 0 0 0 0 0
256 0 0 0 0 512 0 0 0 0 0 0 0 0 0 0 0 0 0 0
2 0 0 0 0 4 4 4 0 0 0 0 0 0 4 0 4 0 0 0
64 0 8 0 0 2 2 2 4 0 0 4 0 0 4 0 2 16 0 0
32 0 8 8 8 4 4 4 4 0 4 2 0 0 4 0 4 1024 0 2
2 0 2 4 4 32 2 8 4 4 2 32 2 2 16 0 2 2 4 256
4 8 4 256 4 2 8 1024 16 8 4 4 512 4 2 0 8 4 2 4
2 4 4 4 4 4 128 4 2 1024 2 4 256 128 4 2 2 2 8 4
32 16 2 16 128 2 4 8 4 64 4 16 4 2 8 4 8 4 4 8
Case #37:
2 32 4 2 8 0 0 0 0 0 0 0 0 0 0 0 0 0 0 0
8 8 2 4 0 0 0 0 0 0 0 0 0 0 0 0 0 0 0 0
8 8 4 0 0 0 0 0 0 0 0 0 0 0 0 0 0 0 0 0
16 32 16 0 0 0 0 0 0 0 0 0 0 0 0 0 0 0 0 0
4 2 16 2 4 0 0 0 0 0 0 0 0 0 0 0 0 0 0 0
8 2 8 4 0 0 0 0 0 0 0 0 0 0 0 0 0 0 0 0
512 4 4 2 4 0 0 0 0 0 0 0 0 0 0 0 0 0 0 0
2 8 16 0 0 0 0 0 0 0 0 0 0 0 0 0 0 0 0 0
2 32 8 4 0 0 0 0 0 0 0 0 0 0 0 0 0 0 0 0
4 512 4 2 16 4 0 0 0 0 0 0 0 0 0 0 0 0 0 0
2 4 4 0 0 0 0 0 0 0 0 0 0 0 0 0 0 0 0 0
4 2 64 4 2 512 0 0 0 0 0 0 0 0 0 0 0 0 0 0
8 2 16 1024 0 0 0 0 0 0 0 0 0 0 0 0 0 0 0 0
2 8 1024 4 0 0 0 0 0 0 0 0 0 0 0 0 0 0 0 0
2 8 16 0 0 0 0 0 0 0 0 0 0 0 0 0 0 0 0 0
128 2 8 2 0 0 0 0 0 0 0 0 0 0 0 0 0 0 0 0
8 4 2 4 2 4 0 0 0 0 0 0 0 0 0 0 0 0 0 0
4 0 0 0 0 0 0 0 0 0 0 0 0 0 0 0 0 0 0 0
4 2 0 0 0 0 0 0 0 0 0 0 0 0 0 0 0 0 0 0
4 4 0 0 0 0 0 0 0 0 0 0 0 0 0 0 0 0 0 0
Case #38:
0 0 0 0 0 0 0 0 0 0 0 0 0 0 0 0 0 0 0 0
0 0 0 0 0 0 0 0 0 0 0 0 0 0 0 0 0 0 0 0
0 0 0 0 0 0 0 0 0 0 0 0 0 0 0 0 0 0 0 0
0 0 0 0 0 0 0 0 0 0 0 0 0 0 0 0 0 0 0 0
0 0 0 0 0 0 0 0 0 0 0 0 0 0 0 0 0 0 0 0
0 0 0 0 0 0 0 0 0 0 0 0 0 0 0 0 0 0 0 0
0 0 0 0 0 0 0 0 0 0 0 0 0 0 0 0 0 0 0 0
0 0 0 0 0 0 0 0 0 0 0 0 0 0 0 0 0 0 0 0
0 0 0 0 0 0 0 0 0 0 0 0 0 0 0 0 0 0 0 0
0 0 0 0 0 0 0 0 0 0 0 0 0 0 0 0 0 0 0 0
0 0 0 0 0 0 0 0 0 0 0 0 0 0 0 0 0 0 0 0
0 0 4 0 0 0 0 32 0 0 0 0 0 0 0 0 0 0 0 0
0 0 4 0 0 0 0 4 0 0 0 0 0 0 0 0 0 0 0 0
0 0 2 0 0 0 0 4 0 0 0 0 0 0 0 0 0 0 0 0
0 0 4 4 0 8 0 4 0 2 0 0 0 0 0 0 0 0 0 0
0 0 4 4 0 4 0 2 0 4 0 0 0 0 0 4 0 0 0 2
4 0 512 128 64 2 0 4 512 8 0 0 0 2 4 4 0 0 0 4
8 0 128 512 4 4 0 1024 8 2 4 4 2 4 2 64 0 0 4 2
2 4 512 4 8 4 0 2 2 4 4 4 4 4 4 32 4 2 2 4
4 8 4 2 2 2 4 4 1024 2 4 512 4 4 2 2 4 4 8 2
Case #39:
2 256 2 8 8 64 4 2 4 4 4 16 4 2 8 4 8 2 2 4
4 16 8 4 4 16 2 8 2 4 2 256 2 4 2 8 32 16 512 0
4 2 4 4 64 0 4 4 8 2 8 4 0 2 8 4 4 4 4 0
0 0 2 2 8 0 0 256 4 1024 4 8 0 4 0 2 2 0 4 0
0 0 0 4 4 0 0 0 256 2 0 4 0 4 0 4 0 0 0 0
0 0 0 0 0 0 0 0 4 0 0 0 0 0 0 2 0 0 0 0
0 0 0 0 0 0 0 0 0 0 0 0 0 0 0 0 0 0 0 0
0 0 0 0 0 0 0 0 0 0 0 0 0 0 0 0 0 0 0 0
0 0 0 0 0 0 0 0 0 0 0 0 0 0 0 0 0 0 0 0
0 0 0 0 0 0 0 0 0 0 0 0 0 0 0 0 0 0 0 0
0 0 0 0 0 0 0 0 0 0 0 0 0 0 0 0 0 0 0 0
0 0 0 0 0 0 0 0 0 0 0 0 0 0 0 0 0 0 0 0
0 0 0 0 0 0 0 0 0 0 0 0 0 0 0 0 0 0 0 0
0 0 0 0 0 0 0 0 0 0 0 0 0 0 0 0 0 0 0 0
0 0 0 0 0 0 0 0 0 0 0 0 0 0 0 0 0 0 0 0
0 0 0 0 0 0 0 0 0 0 0 0 0 0 0 0 0 0 0 0
0 0 0 0 0 0 0 0 0 0 0 0 0 0 0 0 0 0 0 0
0 0 0 0 0 0 0 0 0 0 0 0 0 0 0 0 0 0 0 0
0 0 0 0 0 0 0 0 0 0 0 0 0 0 0 0 0 0 0 0
0 0 0 0 0 0 0 0 0 0 0 0 0 0 0 0 0 0 0 0
Case #40:
2 8 256 4 4 32 4 2 4 64 2 2 8 8 2 32 4 4 2 4
4 8 4 4 32 4 512 8 32 2 8 4 4 2 4 4 4 4 4 2
2 2 256 0 8 8 4 512 4 512 0 128 64 4 64 2 4 8 2 4
8 4 0 0 0 2 16 64 2 8 0 4 4 4 1024 4 4 2 2048 32
0 2 0 0 0 0 0 2 4 2 0 0 0 8 32 2 128 0 2 4
0 0 0 0 0 0 0 1024 0 0 0 0 0 0 2 0 0 0 0 0
0 0 0 0 0 0 0 0 0 0 0 0 0 0 0 0 0 0 0 0
0 0 0 0 0 0 0 0 0 0 0 0 0 0 0 0 0 0 0 0
0 0 0 0 0 0 0 0 0 0 0 0 0 0 0 0 0 0 0 0
0 0 0 0 0 0 0 0 0 0 0 0 0 0 0 0 0 0 0 0
0 0 0 0 0 0 0 0 0 0 0 0 0 0 0 0 0 0 0 0
0 0 0 0 0 0 0 0 0 0 0 0 0 0 0 0 0 0 0 0
0 0 0 0 0 0 0 0 0 0 0 0 0 0 0 0 0 0 0 0
0 0 0 0 0 0 0 0 0 0 0 0 0 0 0 0 0 0 0 0
0 0 0 0 0 0 0 0 0 0 0 0 0 0 0 0 0 0 0 0
0 0 0 0 0 0 0 0 0 0 0 0 0 0 0 0 0 0 0 0
0 0 0 0 0 0 0 0 0 0 0 0 0 0 0 0 0 0 0 0
0 0 0 0 0 0 0 0 0 0 0 0 0 0 0 0 0 0 0 0
0 0 0 0 0 0 0 0 0 0 0 0 0 0 0 0 0 0 0 0
0 0 0 0 0 0 0 0 0 0 0 0 0 0 0 0 0 0 0 0
Case #41:
0 0 0 0 0 0 0 0 0 0 0 0 0 0 0 0 0 0 0 0
0 0 0 0 0 0 0 0 0 0 0 0 0 0 0 0 0 0 0 0
0 0 0 0 0 0 0 0 0 0 0 0 0 0 0 0 0 0 0 0
0 0 0 0 0 0 0 0 0 0 0 0 0 0 0 0 0 0 0 0
0 0 0 0 0 0 0 0 0 0 0 0 0 0 0 0 0 0 0 0
0 0 0 0 0 0 0 0 0 0 0 0 0 0 0 0 0 0 0 0
0 0 0 0 0 0 0 0 0 0 0 0 0 0 0 0 0 0 0 0
0 0 0 0 0 0 0 0 0 0 0 0 0 0 0 0 0 0 0 0
0 0 0 0 0 0 0 0 0 0 0 0 0 0 0 0 0 0 0 0
0 0 0 0 0 0 0 0 0 0 0 0 0 0 0 0 0 0 0 0
0 0 0 0 0 0 0 0 0 0 0 0 0 0 0 0 0 0 0 0
0 0 0 0 0 0 2 0 0 0 0 0 0 0 0 0 0 0 0 0
0 0 0 0 0 0 256 0 0 0 0 0 0 0 0 0 0 0 0 0
0 0 0 0 0 0 2 0 0 0 0 0 0 0 0 0 0 0 0 0
0 0 0 0 0 0 512 0 0 4 0 0 0 0 0 0 0 8 0 4
0 0 0 0 0 0 32 8 0 4 4 2 4 0 4 2 0 8 2 2
4 2 0 0 8 2 2 2 4 4 4 8 16 4 128 4 0 2 4 4
2 512 8 4 2 4 256 4 4 2 4 32 4 8 2 4 2 4 8 2
4 8 256 1024 32 4 4 8 4 4 4 4 2 8 8 4 16 2 2 4
2 2 8 4 4 2 2 4 2 2 2 4 4 4 2 2 2 4 4 512
Case #42:
0 0 0 0 0 0 0 0 0 0 0 0 0 0 0 0 0 0 0 0
0 0 0 0 0 0 0 0 0 0 0 0 0 0 0 0 0 0 0 0
0 0 0 0 0 0 0 0 0 0 0 0 0 0 0 0 0 0 0 0
0 0 0 0 0 0 0 0 0 0 0 0 0 0 0 0 0 0 0 0
0 0 0 0 0 0 0 0 0 0 0 0 0 0 0 0 0 0 0 0
0 0 0 0 0 0 0 0 0 0 0 0 0 0 0 0 0 0 0 0
0 0 0 0 0 0 0 0 0 0 0 0 0 0 0 0 0 0 0 0
0 0 0 0 0 0 0 0 0 0 0 0 0 0 0 0 0 0 0 0
0 0 0 0 0 0 0 0 0 0 0 0 0 0 0 0 0 0 0 0
0 0 0 0 0 0 0 0 0 0 0 0 0 0 0 0 0 0 0 0
0 0 0 0 0 0 0 0 0 0 0 0 0 0 0 0 0 0 0 0
0 0 0 0 0 0 0 0 0 0 0 0 0 0 0 0 0 0 0 0
0 0 0 4 0 0 0 0 0 0 0 0 0 0 0 0 0 0 2 0
0 0 0 512 0 0 0 0 0 0 0 0 0 0 0 0 0 0 4 2
128 8 0 32 0 0 0 0 0 2 4 0 0 0 2 2 0 0 8 4
256 4 8 256 0 0 4 16 0 4 512 0 0 0 8 1024 0 4 2 4
4 128 8 4 0 2 2 8 2 4 4 0 0 4 4 4 2 4 4 2
2 4 2 2 4 4 4 2 4 16 32 4 1024 2 8 2 4 4 64 8
4 2 64 1024 1024 8 4 4 8 4 2 4 64 512 8 4 4 2 2 2
4 4 2 2 4 2 512 4 8 2 8 4 2 4 2 2 2 4 16 4
Case #43:
0 0 0 0 0 0 0 0 0 0 0 0 0 0 0 0 0 0 0 0
0 0 0 0 0 0 0 0 0 0 0 0 0 0 0 0 0 0 0 0
0 0 0 0 0 0 0 0 0 0 0 0 0 0 0 0 0 0 0 0
0 0 0 0 0 0 0 0 0 0 0 0 0 0 0 0 0 0 0 0
0 0 0 0 0 0 0 0 0 0 0 0 0 0 0 0 0 0 0 0
0 0 0 0 0 0 0 0 0 0 0 0 0 0 0 0 0 0 0 0
0 0 0 0 0 0 0 0 0 0 0 0 0 0 0 0 0 0 0 0
0 0 0 0 0 0 0 0 0 0 0 0 0 0 0 0 0 0 0 0
0 0 0 0 0 0 0 0 0 0 0 0 0 0 0 0 0 0 0 0
0 0 0 0 0 0 0 0 0 0 0 0 0 0 0 0 0 0 0 0
0 0 0 0 0 0 0 0 0 0 0 0 0 0 0 0 0 0 0 0
0 0 0 0 0 0 0 0 0 0 0 0 0 0 0 0 0 0 0 0
0 0 0 0 0 0 0 0 0 0 0 0 0 0 0 0 0 0 0 0
0 0 0 0 0 0 0 0 0 0 32 0 0 0 0 0 0 0 0 0
0 0 0 0 0 0 0 0 0 0 4 2 0 0 4 0 8 0 0 0
2 1024 0 2 4 0 0 2 0 0 8 512 0 0 2 4 512 0 2 2
4 8 0 4 4 8 2 512 4 0 128 4 0 0 32 2 4 0 512 4
4 2 4 2 256 2 4 8 4 0 4 2 4 0 4 8 2 0 8 512
4 32 8 128 2 32 1024 2 4 0 128 4 8 0 4 4 4 4 64 4
4 2 8 2 8 4 2 16 32 4 4 2 2 4 4 256 64 256 4 8
Case #44:
0 0 0 0 0 0 0 0 0 0 0 0 0 0 2 16 2 4 64 4
0 0 0 0 0 0 0 0 0 0 0 0 0 0 0 0 0 4 2 4
0 0 0 0 0 0 0 0 0 0 0 0 0 0 0 0 0 0 0 4
0 0 0 0 0 0 0 0 0 0 0 0 0 0 0 8 2 4 128 4
0 0 0 0 0 0 0 0 0 0 0 0 0 0 0 0 4 8 2 4
0 0 0 0 0 0 0 0 0 0 0 0 0 0 4 4 64 4 4 2
0 0 0 0 0 0 0 0 0 0 0 0 0 0 0 0 0 4 4 8
0 0 0 0 0 0 0 0 0 0 0 0 0 0 0 2 4 8 16 2
0 0 0 0 0 0 0 0 0 0 0 0 0 0 0 0 4 4 4 8
0 0 0 0 0 0 0 0 0 0 512 4 8 8 2 4 32 4 2 4
0 0 0 0 0 0 0 0 0 0 0 0 0 0 0 0 0 0 0 4
0 0 0 0 0 0 0 0 0 0 0 0 0 0 0 0 4 512 4 4
0 0 0 0 0 0 0 0 0 0 0 0 0 0 0 0 0 64 2 4
0 0 0 0 0 0 0 0 0 0 0 0 0 0 0 512 2 4 8 8
0 0 0 0 0 0 0 0 0 0 0 0 0 0 0 0 0 0 32 2
0 0 0 0 0 0 0 0 0 0 0 0 0 0 0 4 2 1024 2 256
0 0 0 0 0 0 0 0 0 0 0 0 0 0 0 0 8 8 2 4
0 0 0 0 0 0 0 0 0 0 0 0 0 0 0 0 0 0 4 4
0 0 0 0 0 0 0 0 0 0 0 0 0 0 0 0 4 4 8 4
0 0 0 0 0 0 0 0 0 0 0 0 0 0 4 2 256 4 2 4
Case #45:
0 0 0 0 0 0 0 0 0 0 0 0 0 0 0 0 0 0 0 0
0 0 0 0 0 0 0 0 0 0 0 0 0 0 0 0 0 0 0 0
0 0 0 0 0 0 0 0 0 0 0 0 0 0 0 0 0 0 0 0
0 0 0 0 0 0 0 0 0 0 0 0 0 0 0 0 0 0 0 0
0 0 0 0 0 0 0 0 0 0 0 0 0 0 0 0 0 0 0 0
0 0 0 0 0 0 0 0 0 0 0 0 0 0 0 0 0 0 0 0
0 0 0 0 0 0 0 0 0 0 0 0 0 0 0 0 0 0 0 0
0 0 0 0 0 0 0 0 0 0 0 0 0 0 0 0 0 0 0 0
0 0 0 0 0 0 0 0 0 0 0 0 0 0 0 0 0 0 0 0
0 0 0 0 0 0 0 0 0 0 0 0 0 0 0 0 0 0 0 0
0 0 0 0 0 0 0 0 0 0 0 0 0 0 0 0 0 0 0 0
0 4 0 0 0 0 0 0 0 0 0 0 0 0 0 0 0 0 0 0
0 8 0 0 0 0 0 0 0 0 0 0 0 0 0 0 0 0 0 0
4 2 0 2 0 0 2 0 0 0 0 0 2 0 0 0 0 0 0 0
4 4 2 4 1024 0 4 0 0 0 0 0 8 0 0 0 2 0 4 0
4 4 4 4 4 0 1024 2 4 4 0 0 32 0 0 2 64 2 2 0
2 2 4 4 2 4 2 4 1024 2 0 32 2 4 4 4 4 8 1024 0
4 512 2 16 4 4 8 4 2 32 0 2 4 2 2 32 2 32 4 0
1024 2 4 2 4 2 2 1024 4 2 8 4 2 4 128 2 4 512 4 2
4 8 4 4 4 32 4 4 8 4 16 4 4 16 4 4 64 2 128 4
Case #46:
0 0 0 0 0 0 0 0 0 0 0 0 0 0 4 16 4 2 4 2
0 0 0 0 0 0 0 0 0 0 0 0 0 0 0 0 0 0 0 4
0 0 0 0 0 0 0 0 0 0 0 0 0 0 4 8 2 4 128 2
0 0 0 0 0 0 0 0 0 0 0 0 0 0 0 0 2 8 2 4
0 0 0 0 0 0 0 0 0 0 0 0 0 0 0 0 2 1024 256 4
0 0 0 0 0 0 0 0 0 0 0 0 2 8 2 4 16 2 16 8
0 0 0 0 0 0 0 0 0 0 0 0 0 2 8 4 4 512 4 2
0 0 0 0 0 0 0 0 0 0 0 0 0 0 0 0 4 4 128 32
0 0 0 0 0 0 0 0 0 0 0 0 0 0 0 8 2 8 2 4
0 0 0 0 0 0 0 0 0 0 0 0 0 0 0 0 4 8 64 4
0 0 0 0 0 0 0 0 0 0 0 0 0 0 0 0 4 128 2 8
0 0 0 0 0 0 0 0 0 0 0 0 2 8 2 4 2 4 2 16
0 0 0 0 0 0 0 0 0 0 0 0 0 1024 4 2 4 16 64 2
0 0 0 0 0 0 0 0 0 0 0 0 0 0 0 0 0 2 4 2
0 0 0 0 0 0 0 0 0 0 0 0 0 4 8 8 2 8 64 4
0 0 0 0 0 0 0 0 0 0 0 0 0 0 0 4 4 4 8 2
0 0 0 0 0 0 0 0 0 0 0 0 0 0 0 4 2 4 4 2
0 0 0 0 0 0 0 0 0 0 0 0 2 8 2 256 4 1024 4 2
0 0 0 0 0 0 0 0 0 0 0 0 4 32 1024 2 4 512 128 1024
0 0 0 0 0 0 0 0 0 0 0 0 0 0 0 0 8 1024 2 4
Case #47:
2 8 4 2 512 0 0 0 0 0 0 0 0 0 0 0 0 0 0 0
4 2 0 0 0 0 0 0 0 0 0 0 0 0 0 0 0 0 0 0
256 4 2 4 64 4 0 0 0 0 0 0 0 0 0 0 0 0 0 0
2 4 128 2 0 0 0 0 0 0 0 0 0 0 0 0 0 0 0 0
4 8 4 2 8 4 4 0 0 0 0 0 0 0 0 0 0 0 0 0
512 2 1024 0 0 0 0 0 0 0 0 0 0 0 0 0 0 0 0 0
4 8 128 16 4 0 0 0 0 0 0 0 0 0 0 0 0 0 0 0
4 4 16 512 64 0 0 0 0 0 0 0 0 0 0 0 0 0 0 0
4 4 128 2 64 4 2 4 0 0 0 0 0 0 0 0 0 0 0 0
8 2 8 2 1024 0 0 0 0 0 0 0 0 0 0 0 0 0 0 0
2 4 2 4 2 4 4 4 0 0 0 0 0 0 0 0 0 0 0 0
2 512 2 32 4 2 64 0 0 0 0 0 0 0 0 0 0 0 0 0
256 4 2 8 8 2 16 2 4 0 0 0 0 0 0 0 0 0 0 0
2 256 8 2 4 0 0 0 0 0 0 0 0 0 0 0 0 0 0 0
256 4 8 512 0 0 0 0 0 0 0 0 0 0 0 0 0 0 0 0
512 8 4 4 8 0 0 0 0 0 0 0 0 0 0 0 0 0 0 0
2 16 2 8 512 0 0 0 0 0 0 0 0 0 0 0 0 0 0 0
8 1024 2 4 0 0 0 0 0 0 0 0 0 0 0 0 0 0 0 0
4 32 1024 8 1024 2 0 0 0 0 0 0 0 0 0 0 0 0 0 0
4 4 4 2 0 0 0 0 0 0 0 0 0 0 0 0 0 0 0 0
Case #48:
4 16 2 4 32 4 2 8 4 0 0 0 0 0 0 0 0 0 0 0
2 4 16 2 4 0 0 0 0 0 0 0 0 0 0 0 0 0 0 0
8 2 0 0 0 0 0 0 0 0 0 0 0 0 0 0 0 0 0 0
8 4 0 0 0 0 0 0 0 0 0 0 0 0 0 0 0 0 0 0
4 64 4 0 0 0 0 0 0 0 0 0 0 0 0 0 0 0 0 0
4 4 4 2 4 64 0 0 0 0 0 0 0 0 0 0 0 0 0 0
4 2 8 0 0 0 0 0 0 0 0 0 0 0 0 0 0 0 0 0
4 2 0 0 0 0 0 0 0 0 0 0 0 0 0 0 0 0 0 0
2 512 4 4 0 0 0 0 0 0 0 0 0 0 0 0 0 0 0 0
2 4 2 8 2 0 0 0 0 0 0 0 0 0 0 0 0 0 0 0
2 1024 2 64 4 128 512 0 0 0 0 0 0 0 0 0 0 0 0 0
2 4 4 0 0 0 0 0 0 0 0 0 0 0 0 0 0 0 0 0
4 2 4 0 0 0 0 0 0 0 0 0 0 0 0 0 0 0 0 0
4 8 4 4 0 0 0 0 0 0 0 0 0 0 0 0 0 0 0 0
2 64 2 8 0 0 0 0 0 0 0 0 0 0 0 0 0 0 0 0
2 8 4 4 8 0 0 0 0 0 0 0 0 0 0 0 0 0 0 0
2 4 2 8 0 0 0 0 0 0 0 0 0 0 0 0 0 0 0 0
4 8 0 0 0 0 0 0 0 0 0 0 0 0 0 0 0 0 0 0
4 2 4 4 2 8 4 0 0 0 0 0 0 0 0 0 0 0 0 0
32 2 8 4 2 4 2 0 0 0 0 0 0 0 0 0 0 0 0 0
Case #49:
0 0 0 0 0 0 0 0 0 0 0 0 0 4 4 16 4 2 1024 4
0 0 0 0 0 0 0 0 0 0 0 0 0 0 0 0 4 8 4 4
0 0 0 0 0 0 0 0 0 0 0 0 0 0 0 4 2 4 4 4
0 0 0 0 0 0 0 0 0 0 0 0 0 0 0 8 2 4 4 8
0 0 0 0 0 0 0 0 0 0 0 0 0 0 0 0 4 4 32 2
0 0 0 0 0 0 0 0 0 0 0 0 0 0 0 1024 4 4 4 4
0 0 0 0 0 0 0 0 0 0 0 0 0 0 2 4 8 4 2 4
0 0 0 0 0 0 0 0 0 0 0 0 0 0 0 1024 2 4 2 4
0 0 0 0 0 0 0 0 0 0 0 0 0 0 0 0 0 4 4 8
0 0 0 0 0 0 0 0 0 0 0 0 0 0 2 4 8 4 128 4
0 0 0 0 0 0 0 0 0 0 0 0 2 4 64 256 4 8 2 4
0 0 0 0 0 0 0 0 0 0 0 0 0 0 0 0 2 4 8 2
0 0 0 0 0 0 0 0 0 0 0 0 0 0 8 2 4 16 4 4
0 0 0 0 0 0 0 0 0 0 0 0 0 0 0 4 8 2 4 8
0 0 0 0 0 0 0 0 0 0 0 0 0 0 0 0 0 0 4 4
0 0 0 0 0 0 0 0 0 0 0 0 0 0 0 0 4 8 2 4
0 0 0 0 0 0 0 0 0 0 0 0 0 0 0 4 512 2 8 2
0 0 0 0 0 0 0 0 0 0 0 0 0 0 0 0 8 256 128 8
0 0 0 0 0 0 0 0 0 0 0 0 0 0 0 0 0 0 4 4
0 0 0 0 0 0 0 0 0 0 0 0 0 0 32 4 8 2 4 4
Case #50:
0 0 0 0 0 0 0 0 0 0 0 0 0 0 4 2 128 2 8 2
0 0 0 0 0 0 0 0 0 0 0 0 0 0 0 8 512 2 4 4
0 0 0 0 0 0 0 0 0 0 0 0 0 32 4 32 4 2 4 32
0 0 0 0 0 0 0 0 0 0 2 4 32 2 4 512 4 2 32 4
0 0 0 0 0 0 0 0 0 0 0 0 0 4 2 256 8 8 2 4
0 0 0 0 0 0 0 0 0 0 0 0 0 0 4 2 8 1024 4 1024
0 0 0 0 0 0 0 0 0 0 0 0 0 0 0 0 0 0 2 16
0 0 0 0 0 0 0 0 0 0 0 0 0 0 0 0 128 8 2 256
0 0 0 0 0 0 0 0 0 0 0 0 0 0 0 0 2 4 8 2
0 0 0 0 0 0 0 0 0 0 0 0 0 0 0 0 0 0 4 4
0 0 0 0 0 0 0 0 0 0 0 0 0 0 0 4 4 64 2 4
0 0 0 0 0 0 0 0 0 0 0 0 0 0 2 512 2 512 4 4
0 0 0 0 0 0 0 0 0 0 0 0 0 0 0 4 32 4 2 1024
0 0 0 0 0 0 0 0 0 0 0 0 0 0 0 8 2 4 4 4
0 0 0 0 0 0 0 0 0 0 0 0 0 0 0 256 2 4 2 256
0 0 0 0 0 0 0 0 0 0 0 0 0 0 0 0 0 2 8 2
0 0 0 0 0 0 0 0 0 0 0 0 0 0 0 8 8 2 4 2
0 0 0 0 0 0 0 0 0 0 0 0 2 4 2 16 2 4 8 32
0 0 0 0 0 0 0 0 0 0 0 0 0 0 2 512 8 4 8 8
0 0 0 0 0 0 0 0 0 0 0 0 0 2 8 2 8 32 2 4
Case #51:
0 0 0 0 0 0 0 0 0 0 0 0 0 0 0 0 0 0 0 0
0 0 0 0 0 0 0 0 0 0 0 0 0 0 0 0 0 0 0 0
0 0 0 0 0 0 0 0 0 0 0 0 0 0 0 0 0 0 0 0
0 0 0 0 0 0 0 0 0 0 0 0 0 0 0 0 0 0 0 0
0 0 0 0 0 0 0 0 0 0 0 0 0 0 0 0 0 0 0 0
0 0 0 0 0 0 0 0 0 0 0 0 0 0 0 0 0 0 0 0
0 0 0 0 0 0 0 0 0 0 0 0 0 0 0 0 0 0 0 0
0 0 0 0 0 0 0 0 0 0 0 0 0 0 0 0 0 0 0 0
0 0 0 0 0 0 0 0 0 0 0 0 0 0 0 0 0 0 0 0
0 0 0 0 0 0 0 0 0 0 0 0 0 0 0 0 0 0 0 0
0 0 0 0 0 0 0 0 0 0 0 0 0 0 0 0 0 0 0 0
0 4 0 0 0 0 0 0 0 0 0 0 0 0 0 0 0 0 0 0
512 4 0 0 0 0 0 0 0 0 32 0 0 0 0 0 0 0 0 0
2 4 0 0 0 0 0 0 0 0 2 0 0 0 0 0 2 0 0 0
4 2 0 8 0 4 0 0 0 0 4 4 0 0 0 0 16 0 512 0
8 4 0 16 0 2 0 0 0 0 256 2 0 0 0 0 2 0 4 2
8 16 0 4 2 4 0 2 4 0 2 4 0 0 0 0 4 2 2 4
2 32 4 4 8 2 0 16 4 0 64 16 128 0 0 0 4 8 4 2
256 4 8 4 2 4 2 512 4 8 8 8 4 0 16 2 8 2 2 4
4 16 64 4 4 2 8 4 4 2 1024 1024 8 8 8 8 2 512 4 8
Case #52:
256 4 1024 4 4 4 0 0 0 0 0 0 0 0 0 0 0 0 0 0
4 2 8 4 0 0 0 0 0 0 0 0 0 0 0 0 0 0 0 0
4 2 256 512 2 8 4 2 0 0 0 0 0 0 0 0 0 0 0 0
2 8 32 4 4 0 0 0 0 0 0 0 0 0 0 0 0 0 0 0
8 4 2 4 2 0 0 0 0 0 0 0 0 0 0 0 0 0 0 0
4 512 4 4 0 0 0 0 0 0 0 0 0 0 0 0 0 0 0 0
8 8 4 0 0 0 0 0 0 0 0 0 0 0 0 0 0 0 0 0
4 2 0 0 0 0 0 0 0 0 0 0 0 0 0 0 0 0 0 0
64 4 8 2 0 0 0 0 0 0 0 0 0 0 0 0 0 0 0 0
4 256 2 8 4 0 0 0 0 0 0 0 0 0 0 0 0 0 0 0
8 4 2 4 0 0 0 0 0 0 0 0 0 0 0 0 0 0 0 0
16 2 8 64 0 0 0 0 0 0 0 0 0 0 0 0 0 0 0 0
4 2 8 2 0 0 0 0 0 0 0 0 0 0 0 0 0 0 0 0
4 0 0 0 0 0 0 0 0 0 0 0 0 0 0 0 0 0 0 0
2 4 0 0 0 0 0 0 0 0 0 0 0 0 0 0 0 0 0 0
4 256 8 2 8 0 0 0 0 0 0 0 0 0 0 0 0 0 0 0
4 64 4 0 0 0 0 0 0 0 0 0 0 0 0 0 0 0 0 0
4 4 4 8 4 0 0 0 0 0 0 0 0 0 0 0 0 0 0 0
8 128 256 8 4 128 4 0 0 0 0 0 0 0 0 0 0 0 0 0
8 4 4 4 4 0 0 0 0 0 0 0 0 0 0 0 0 0 0 0
Case #53:
0 0 0 0 0 0 0 0 0 0 0 0 0 0 0 0 0 0 0 0
0 0 0 0 0 0 0 0 0 0 0 0 0 0 0 0 0 0 0 0
0 0 0 0 0 0 0 0 0 0 0 0 0 0 0 0 0 0 0 0
0 0 0 0 0 0 0 0 0 0 0 0 0 0 0 0 0 0 0 0
0 0 0 0 0 0 0 0 0 0 0 0 0 0 0 0 0 0 0 0
0 0 0 0 0 0 0 0 0 0 0 0 0 0 0 0 0 0 0 0
0 0 0 0 0 0 0 0 0 0 0 0 0 0 0 0 0 0 0 0
0 0 0 0 0 0 0 0 0 0 0 0 0 0 0 0 0 0 0 0
0 0 0 0 0 0 0 0 0 0 0 0 0 0 0 0 0 0 0 0
0 0 0 0 0 0 0 0 0 0 0 0 0 0 0 0 0 0 0 0
0 0 0 0 0 0 0 0 0 0 0 0 0 0 0 0 0 0 0 0
0 0 0 0 0 0 0 0 0 0 0 0 0 0 0 0 0 0 0 0
4 0 0 0 0 0 0 0 0 0 0 0 0 0 0 0 0 0 2 0
32 2 0 0 0 0 0 0 0 0 0 0 0 0 0 2 0 0 4 0
2 8 0 4 8 0 0 0 2 0 0 0 0 0 0 4 0 0 2 8
256 2 0 4 2 0 0 0 512 0 2 0 0 0 4 4 4 2 4 2
16 256 0 4 4 0 0 64 2 0 8 4 8 4 4 256 512 64 16 4
1024 4 128 2 4 2 8 4 128 64 64 2 32 1024 4 8 2 2 32 4
4 1024 1024 4 2 4 2 128 32 8 8 8 4 8 2 8 4 4 2 2
2 2 4 2 4 4 8 2 2 4 4 64 4 8 4 4 8 4 4 8
Case #54:
0 0 0 0 0 0 0 0 0 0 0 0 0 0 0 0 0 0 0 0
0 0 0 0 0 0 0 0 0 0 0 0 0 0 0 0 0 0 0 0
0 0 0 0 0 0 0 0 0 0 0 0 0 0 0 0 0 0 0 0
0 0 0 0 0 0 0 0 0 0 0 0 0 0 0 0 0 0 0 0
0 0 0 0 0 0 0 0 0 0 0 0 0 0 0 0 0 0 0 0
0 0 0 0 0 0 0 0 0 0 0 0 0 0 0 0 0 0 0 0
0 0 0 0 0 0 0 0 0 0 0 0 0 0 0 0 0 0 0 0
0 0 0 0 0 0 0 0 0 0 0 0 0 0 0 0 0 0 0 0
0 0 0 0 0 0 0 0 0 0 0 0 0 0 0 0 0 0 0 0
0 0 0 0 0 0 0 0 0 0 0 0 0 0 0 0 0 0 0 0
0 0 0 0 0 0 0 0 0 0 0 0 0 0 0 0 0 0 0 0
0 0 0 0 0 0 0 0 0 0 0 0 0 0 0 0 0 0 0 0
0 0 0 0 0 0 0 0 0 0 0 0 0 0 0 0 0 0 0 0
0 0 0 0 0 0 0 0 0 0 0 0 4 0 0 0 0 4 0 0
4 0 0 2 0 0 0 0 0 0 0 0 2 0 0 0 8 2 2 0
2 0 0 4 0 0 0 8 0 0 0 0 32 0 0 0 2 4 4 0
32 2 256 2 8 0 2 2 4 0 0 0 2 4 0 0 8 64 8 0
16 64 128 8 8 2 4 64 2 128 0 8 128 2 0 2 4 8 8 4
8 2 4 4 64 32 32 256 4 32 4 2 4 4 8 16 4 256 2 4
2 4 2 2 4 2 8 16 2 2 32 4 2 1024 2 8 2 4 4 4
Case #55:
64 16 4 2 4 2 0 0 0 0 0 0 0 0 0 0 0 0 0 0
2 8 4 2 0 0 0 0 0 0 0 0 0 0 0 0 0 0 0 0
2 128 8 2 4 0 0 0 0 0 0 0 0 0 0 0 0 0 0 0
8 4 32 4 0 0 0 0 0 0 0 0 0 0 0 0 0 0 0 0
2 16 32 8 8 4 2 0 0 0 0 0 0 0 0 0 0 0 0 0
2 4 4 2 0 0 0 0 0 0 0 0 0 0 0 0 0 0 0 0
4 4 2 0 0 0 0 0 0 0 0 0 0 0 0 0 0 0 0 0
2 4 4 2 8 1024 2 4 0 0 0 0 0 0 0 0 0 0 0 0
4 128 2 4 2 4 0 0 0 0 0 0 0 0 0 0 0 0 0 0
2 4 2 4 2 4 0 0 0 0 0 0 0 0 0 0 0 0 0 0
32 4 2 0 0 0 0 0 0 0 0 0 0 0 0 0 0 0 0 0
512 8 256 8 8 0 0 0 0 0 0 0 0 0 0 0 0 0 0 0
4 1024 2 4 128 4 0 0 0 0 0 0 0 0 0 0 0 0 0 0
8 4 4 8 2 256 0 0 0 0 0 0 0 0 0 0 0 0 0 0
4 32 8 512 2 0 0 0 0 0 0 0 0 0 0 0 0 0 0 0
4 4 4 2 0 0 0 0 0 0 0 0 0 0 0 0 0 0 0 0
64 2 8 0 0 0 0 0 0 0 0 0 0 0 0 0 0 0 0 0
2 8 4 8 16 4 128 0 0 0 0 0 0 0 0 0 0 0 0 0
64 4 8 2 0 0 0 0 0 0 0 0 0 0 0 0 0 0 0 0
8 2 8 4 512 2 4 2 0 0 0 0 0 0 0 0 0 0 0 0
Case #56:
4 512 4 4 0 0 0 0 0 0 0 0 0 0 0 0 0 0 0 0
8 8 8 2 0 0 0 0 0 0 0 0 0 0 0 0 0 0 0 0
4 512 4 4 2 4 2 0 0 0 0 0 0 0 0 0 0 0 0 0
8 4 16 4 1024 2 0 0 0 0 0 0 0 0 0 0 0 0 0 0
4 8 2 0 0 0 0 0 0 0 0 0 0 0 0 0 0 0 0 0
4 2 0 0 0 0 0 0 0 0 0 0 0 0 0 0 0 0 0 0
32 4 8 4 2 8 4 1024 0 0 0 0 0 0 0 0 0 0 0 0
8 4 4 1024 0 0 0 0 0 0 0 0 0 0 0 0 0 0 0 0
4 1024 32 64 0 0 0 0 0 0 0 0 0 0 0 0 0 0 0 0
32 512 2 64 4 0 0 0 0 0 0 0 0 0 0 0 0 0 0 0
4 2 4 2 64 8 2 0 0 0 0 0 0 0 0 0 0 0 0 0
128 4 4 0 0 0 0 0 0 0 0 0 0 0 0 0 0 0 0 0
4 4 2 0 0 0 0 0 0 0 0 0 0 0 0 0 0 0 0 0
4 128 4 2 8 4 2 0 0 0 0 0 0 0 0 0 0 0 0 0
16 4 2 4 2 4 2 512 0 0 0 0 0 0 0 0 0 0 0 0
4 2 8 0 0 0 0 0 0 0 0 0 0 0 0 0 0 0 0 0
2 4 2 256 32 512 0 0 0 0 0 0 0 0 0 0 0 0 0 0
4 4 4 16 2 4 0 0 0 0 0 0 0 0 0 0 0 0 0 0
4 128 2 1024 2 2048 4 0 0 0 0 0 0 0 0 0 0 0 0 0
4 2 0 0 0 0 0 0 0 0 0 0 0 0 0 0 0 0 0 0
Case #57:
4 512 1024 4 512 32 64 8 1024 4 1024 256 16 4 0 0 0 0 0 0
1024 4 128 2 4 2 8 256 128 2 512 32 2 16 32 4 0 0 0 0
64 2 16 64 128 4 8 2 8 4 128 2 64 512 4 0 0 0 0 0
4 512 4 4 1024 2 8 4 64 0 0 0 0 0 0 0 0 0 0 0
4 2 4 64 8 2 128 2 64 1024 4 32 4 1024 2 0 0 0 0 0
32 2 32 8 2 4 128 2 8 64 4 0 0 0 0 0 0 0 0 0
16 64 128 512 256 8 4 2 1024 4 128 0 0 0 0 0 0 0 0 0
8 16 1024 2 128 64 32 512 2 8 8 1024 4 0 0 0 0 0 0 0
256 4 8 512 4 4 1024 2 128 32 512 4 1024 16 32 16 0 0 0 0
4 2 512 1024 512 16 8 4 256 128 512 2 16 4 0 0 0 0 0 0
2 256 2 4 64 1024 32 128 2 4 8 4 2 512 128 0 0 0 0 0
8 4 2 16 2 512 4 1024 16 2 128 4 8 2 1024 512 4 16 256 0
1024 8 2 32 64 2 256 1024 64 0 0 0 0 0 0 0 0 0 0 0
4 1024 256 512 4 256 128 32 64 4 4 64 2 128 0 0 0 0 0 0
4 2 32 4 32 4 8 64 2 256 16 2 8 2 8 0 0 0 0 0
512 8 32 4 256 4 2 256 2 16 1024 4 128 1024 2 0 0 0 0 0
16 8 4 32 1024 2 4 64 512 4 128 0 0 0 0 0 0 0 0 0
4 2 4 128 4 16 32 4 512 64 2 256 2 0 0 0 0 0 0 0
64 8 2 32 8 2 16 8 4 16 128 512 0 0 0 0 0 0 0 0
256 2 128 64 512 32 4 2 8 16 4 8 2 0 0 0 0 0 0 0
Case #58:
0 0 0 0 16 2 8 4 2 4 1024 4 64 2 32 2 128 8 512 4
0 0 0 0 0 0 0 0 0 256 2 4 256 1024 16 8 128 2 64 1024
0 0 0 0 32 2 32 4 8 16 4 4 2 4 256 2 256 128 256 4
0 0 0 0 0 0 0 0 0 4 8 256 4 1024 4 1024 2 256 2 1024
0 0 0 0 0 4 16 1024 4 128 4 32 8 1024 16 4 256 128 1024 4
0 0 0 0 0 0 0 0 0 0 8 8 2 4 512 8 4 16 8 2048
0 0 0 0 0 32 4 64 1024 2 4 128 64 4 64 16 1024 64 16 512
0 0 0 0 0 256 4 128 4 8 1024 8 2 64 512 4 2 512 256 128
0 0 0 0 2 2048 2 8 4 2 16 2 128 4 64 2 4 16 4 512
0 0 0 0 0 16 8 1024 256 2 128 4 16 4 512 4 512 512 4 2
0 0 0 0 0 0 0 64 8 256 1024 64 8 2 64 8 2 32 2 4
0 0 0 0 0 8 512 2048 4 2 1024 256 512 32 2 4 2 32 64 4
0 0 4 2 512 32 2 128 2 16 4 128 16 2 1024 2 4 64 4 64
0 0 0 0 0 0 8 8 16 8 128 4 512 2 4 32 128 2 512 1024
0 0 0 0 0 0 256 4 256 2 512 4 8 8 4 512 2 4 4 1024
0 0 0 256 4 8 4 2 256 2 8 1024 128 8 128 2 32 128 1024 2
0 0 0 0 0 0 0 0 2 4 2 512 8 64 4 8 1024 32 128 2
0 0 0 0 0 0 0 0 64 256 2 4 64 4 2 4 2048 64 4 32
0 0 0 0 0 4 16 128 2 64 4 8 2 32 2 16 8 8 16 4
0 0 0 0 0 0 0 0 8 16 64 2 1024 2 512 2 16 2 4 4
Case #59:
64 128 2 4 2 1024 2 256 2 8 2 4 0 0 0 0 0 0 0 0
512 4 2 8 4 64 2 1024 32 8 128 4 16 0 0 0 0 0 0 0
8 2 8 256 64 8 128 2 32 256 64 32 2 0 0 0 0 0 0 0
4 16 64 1024 2 4 8 128 64 2 128 4 4 256 0 0 0 0 0 0
2 128 2 32 1024 16 8 4 2 4 1024 4 8 2 512 0 0 0 0 0
4 2 256 1024 4 2 4 4 4 16 4 0 0 0 0 0 0 0 0 0
8 8 1024 4 2048 2 32 1024 8 64 2 128 4 0 0 0 0 0 0 0
8 4 32 2 128 512 64 1024 16 8 2 128 0 0 0 0 0 0 0 0
2 16 8 2 8 2 4 128 16 4 1024 16 4 64 4 2 0 0 0 0
256 4 8 2 4 16 4 128 1024 4 2 1024 2 8 0 0 0 0 0 0
64 4 128 2 4 32 512 2 16 128 8 64 16 4 2 32 512 0 0 0
4 8 256 64 32 4 8 512 32 4 2 0 0 0 0 0 0 0 0 0
2 4 128 256 2048 512 4 64 1024 64 8 2 16 256 0 0 0 0 0 0
1024 64 8 1024 8 8 4 512 4 4 16 8 0 0 0 0 0 0 0 0
4 64 1024 4 4 2 4 8 4 512 16 4 0 0 0 0 0 0 0 0
2 16 4 32 1024 128 32 8 256 512 8 2 64 1024 8 4 0 0 0 0
1024 128 2 64 2 4 2 256 4 4 8 256 8 0 0 0 0 0 0 0
64 256 8 32 4 2 16 4 8 2 1024 16 8 2 4 0 0 0 0 0
8 4 4 4 512 16 4 128 512 8 2 32 0 0 0 0 0 0 0 0
4 256 2 4 2 8 2 128 16 128 16 1024 8 2 512 0 0 0 0 0
Case #60:
0 0 0 0 0 0 0 0 0 0 0 0 0 0 0 0 0 0 0 0
0 0 0 0 0 0 0 0 0 0 0 0 0 0 0 0 0 0 0 0
0 4 0 0 0 0 0 0 0 0 0 0 0 0 0 0 0 0 0 0
0 8 32 0 0 0 0 0 8 0 0 0 0 0 0 0 0 0 0 0
0 4 512 0 0 0 2 0 2 0 0 256 32 0 0 0 0 0 0 0
0 2 128 256 0 2 4 256 256 0 256 2 2 0 0 8 16 0 0 0
0 8 32 2 0 1024 8 8 32 0 32 32 32 2 0 128 2 0 0 0
0 4 4 8 0 128 4 32 8 4 256 4 16 256 2 512 64 0 0 0
512 2 128 4 256 2 16 8 128 512 2 2 4 2 32 128 4 0 0 64
8 4 2 2 4 4 2 2 32 4 256 16 2 256 128 4 2 0 4 256
2 64 4 1024 64 32 4 128 256 512 8 2 4 64 256 512 256 0 4 4
16 8 8 256 4 16 8 2 4 128 256 128 32 8 2 4 4 4 4 2
2 2 2 128 8 64 256 16 1024 8 4 32 2 4 256 1024 128 16 1024 1024
4 512 128 8 256 512 32 8 256 4 512 4 64 512 8 4 4 8 2 4
1024 16 2 2 4 4 8 4 2 16 16 2 512 2 128 64 64 1024 128 4
128 8 4 4 2 32 16 4 4 4 4 32 32 4 32 128 32 8 32 128
4 4 128 8 8 4 2 128 128 16 64 4 512 4 64 8 1024 8 128 8
8 2 4 16 16 1024 4 2 32 2 1024 32 64 8 4 512 4 16 8 64
1024 256 2 32 2 128 512 8 4 512 8 4 128 128 4 4 1024 64 64 4
2048 8 16 4 4 16 4 2 8 2 4 8 512 2 512 4 4 2 1024 512
Case #61:
128 512 4 8 32 4 2 4 32 512 1024 4 128 0 0 0 0 0 0 0
16 4 1024 512 64 4 2 4 4 2 1024 8 8 8 8 0 0 0 0 0
4 128 2 8 4 2 1024 4 128 32 512 32 64 2 8 0 0 0 0 0
4 256 2 8 64 8 128 2 4 256 2 8 4 2 512 4 0 0 0 0
8 4 128 4 2 8 32 4 256 2 1024 4 0 0 0 0 0 0 0 0
256 8 2 64 4 2 8 2 1024 32 8 2 0 0 0 0 0 0 0 0
2 4 8 1024 64 16 256 16 32 64 1024 4 0 0 0 0 0 0 0 0
2 32 8 256 4 1024 2 4 64 2 4 16 2 8 128 4 0 0 0 0
32 4 32 16 128 4 512 4 2 4 4 256 4 1024 32 0 0 0 0 0
2 128 2 1024 512 64 8 2 8 4 8 1024 256 128 16 256 16 0 0 0
64 128 8 8 4 8 128 4 4 2 512 16 2 4 0 0 0 0 0 0
256 4 16 4 128 16 256 16 1024 2 16 4 512 8 64 0 0 0 0 0
128 64 4 512 4 1024 2 1024 2 128 4 128 4 0 0 0 0 0 0 0
4 2 4 2 4 4 4 8 512 4 16 0 0 0 0 0 0 0 0 0
2 4 512 128 128 256 8 512 4 2048 32 1024 4 0 0 0 0 0 0 0
16 512 128 2 16 4 2 4 4 16 8 128 4 512 1024 256 32 0 0 0
256 4 2 32 4 64 128 256 8 256 4 32 2 32 0 0 0 0 0 0
128 4 8 4 128 8 128 8 128 2 128 4 0 0 0 0 0 0 0 0
8 128 2 4 128 4 4 256 16 512 4 8 4 0 0 0 0 0 0 0
2 4 8 32 2 8 4 8 16 4 256 2048 8 512 8 0 0 0 0 0
Case #62:
0 0 0 0 0 0 0 0 0 0 0 0 0 0 0 0 0 0 0 0
0 0 0 0 0 0 0 0 0 0 0 0 0 0 0 0 0 0 0 0
0 0 0 0 0 0 0 0 0 0 0 0 0 0 0 0 512 0 0 0
0 0 0 0 0 0 0 0 0 0 0 0 0 0 0 128 1024 0 0 0
4 0 0 512 0 0 8 0 0 0 0 0 16 2 2 32 128 0 0 0
128 0 16 4 4 0 2 4 0 0 0 0 4 256 128 512 1024 0 0 0
16 0 256 512 4 0 4 64 1024 0 2 0 256 1024 4 1024 4 0 0 0
2 512 8 4 64 0 32 2 4 0 32 256 1024 64 32 512 128 2 0 0
8 4 2 128 4 32 8 256 16 2 4 2 2 8 2 8 8 256 1024 2
512 32 4 4 1024 512 4 4 32 4 32 32 256 4 32 4 32 8 64 256
128 128 64 2 4 2 32 4 16 2 2 8 8 128 2 1024 64 32 2 64
64 4 1024 4 16 4 4 128 32 128 4 2 8 2 256 32 128 512 4 128
8 8 2 512 4 2 32 256 4 32 2 64 32 16 4 8 64 128 2 1024
8 16 64 2 2 32 4 4 4 256 512 2048 1024 1024 1024 2 2 4 32 4
2 2 2 256 4 4 1024 2 512 8 4 2 32 8 4 4 1024 64 4 16
1024 128 1024 16 2 128 32 1024 4 64 8 128 8 4 8 8 512 16 512 4
4 2 4 2 256 4 64 4 64 2 2 8 1024 4 1024 256 2 4 2 64
64 8 2 256 512 256 4 4 4 4 32 16 512 128 256 4 8 2 256 2
4 1024 8 1024 16 8 2 128 1024 16 4 512 2 4 64 512 2 4 4 64
1024 64 4 4 32 256 4 512 2 8 256 128 512 64 2 8 4 2 8 32
Case #63:
2 16 128 4 32 4 2 4 4 1024 0 0 0 0 0 0 0 0 0 0
512 32 256 32 2 1024 256 8 4 4 8 4 64 128 0 0 0 0 0 0
64 2 32 2 8 128 2 4 2 512 4 0 0 0 0 0 0 0 0 0
1024 4 4 4 2 4 8 2 1024 128 8 4 0 0 0 0 0 0 0 0
8 4 4 16 2 512 32 4 256 4 64 4 4 0 0 0 0 0 0 0
4 16 8 512 4 8 8 4 32 4 4 128 2 32 0 0 0 0 0 0
64 2 16 4 32 1024 128 64 64 512 2 8 32 2 0 0 0 0 0 0
64 2 4 8 256 64 128 4 4 2 4 64 4 1024 0 0 0 0 0 0
4 128 32 2 4 32 4 4 64 2 1024 0 0 0 0 0 0 0 0 0
4 8 8 8 2 16 256 2 32 256 2 0 0 0 0 0 0 0 0 0
64 4 256 2 8 4 16 512 16 2 256 8 1024 256 0 0 0 0 0 0
512 128 256 2 1024 32 2 1024 2 512 32 128 2 0 0 0 0 0 0 0
4 512 2 128 32 64 512 1024 4 2 8 2 32 16 0 0 0 0 0 0
8 4 16 128 64 64 2 8 4 256 0 0 0 0 0 0 0 0 0 0
128 2 32 256 8 8 2 8 256 32 4 2 64 8 8 0 0 0 0 0
16 512 8 16 2 32 128 4 2 8 2 512 128 4 2 128 16 0 0 0
64 32 2 128 32 4 4 4 512 32 0 0 0 0 0 0 0 0 0 0
4 128 512 4 256 8 2 32 4 1024 4 256 128 64 8 2 8 64 512 0
2 16 8 4 256 1024 8 4 16 4 16 8 2 256 128 16 0 0 0 0
4 2 32 4 128 16 128 4 256 1024 32 64 256 4 256 4 0 0 0 0
Case #64:
0 0 0 4 1024 128 512 4 32 16 1024 512 16 2 4 4 1024 2 4 8
0 0 0 0 0 512 2 512 4 32 2 64 64 2 8 16 8 2 8 512
0 0 0 0 0 0 0 2 32 64 8 2 8 64 16 4 1024 2 4 4
0 0 0 0 0 0 0 0 8 8 8 2 4 32 128 1024 2 16 2 16
0 0 0 256 512 128 2 512 256 8 4 2 64 4 8 512 256 2 256 4
0 0 0 0 0 16 2 8 8 64 16 8 1024 2 32 4 2 4 2 4
0 1024 64 128 512 2 512 8 16 4 128 2 128 8 16 256 4 8 4 64
0 0 0 0 0 4 16 4 2 8 32 32 2 8 4 2 4 2 32 1024
0 0 0 0 1024 256 2 512 64 16 4 8 128 16 1024 4 4 64 2 4
0 0 0 0 0 0 0 0 8 1024 16 128 2 32 2 512 4 128 1024 4
0 0 0 0 0 0 0 16 2 128 2 128 8 512 8 512 64 256 4 256
0 0 0 0 0 0 1024 256 4 128 2 4 2 64 4 32 4 128 4 128
0 0 0 0 0 0 0 8 2 4 8 4 512 4 128 256 128 8 1024 64
0 0 0 0 0 0 512 1024 64 2 64 1024 4 2 64 16 64 8 64 8
0 0 0 0 0 0 0 0 4 4 4 32 2 8 4 128 2 1024 128 4
0 0 0 0 0 0 0 0 0 4 8 16 128 8 4 64 256 1024 2 4
0 0 0 0 0 0 0 4 2 128 8 2 1024 4 8 8 16 2 256 64
0 0 0 0 0 0 0 4 1024 32 2 64 32 128 8 128 16 8 512 2
0 0 0 0 0 0 0 0 0 2 256 64 512 1024 8 64 32 128 1024 4
0 0 0 0 0 0 256 4 4 16 2 4 64 8 2 16 64 128 8 64
Case #65:
8 2 8 4 2 128 4 2 16 2 4 8 256 128 0 0 0 0 0 0
2 512 8 256 8 256 2 32 1024 128 2 4 2 4 2 0 0 0 0 0
4 16 2 16 2 256 1024 4 16 16 16 512 256 2 0 0 0 0 0 0
32 128 4 4 4 512 64 4 16 256 4 256 4 1024 0 0 0 0 0 0
4 4 4 128 4 2 512 4 128 32 2 64 4 64 0 0 0 0 0 0
64 4 4 4 4 64 1024 8 2 64 4 2 0 0 0 0 0 0 0 0
512 8 2 4 128 4 64 32 4 256 2 4 4 4 0 0 0 0 0 0
64 2 16 4 2 32 2 16 4 8 256 4 512 2 32 512 0 0 0 0
2 16 2 512 64 8 2 1024 4 64 2 32 256 4 2 256 0 0 0 0
4 16 4 1024 16 4 16 512 8 16 4 8 2 16 64 0 0 0 0 0
2 16 128 512 4 16 4 4 512 4 2 32 256 2048 0 0 0 0 0 0
4 16 2 512 2 4 64 2 8 1024 512 16 512 1024 2 64 2 0 0 0
2 8 1024 512 4 2 8 256 4 8 4 64 2 4 32 8 256 0 0 0
64 128 1024 64 4 64 256 2 8 4 1024 4 8 4 1024 8 4 0 0 0
8 512 4 2 4 512 256 2 1024 256 8 2 8 4 512 16 256 2 0 0
1024 128 8 8 2 32 256 8 1024 2 16 4 128 64 0 0 0 0 0 0
8 128 4 256 1024 4 32 1024 4 64 4 64 2 0 0 0 0 0 0 0
1024 256 4 4 64 1024 4 256 4 512 4 1024 4 64 1024 512 0 0 0 0
1024 4 128 2 1024 8 4 32 512 128 512 256 128 4 0 0 0 0 0 0
512 4 32 256 512 32 4 4 2 512 2 16 2 16 4 2 0 0 0 0
Case #66:
0 0 0 0 0 0 0 0 0 0 0 0 0 0 0 0 0 0 0 0
0 0 0 0 0 0 0 0 0 0 0 0 0 0 0 0 0 0 0 0
0 0 0 0 0 0 0 0 0 0 0 0 0 0 0 0 0 0 0 0
0 0 0 0 0 0 2 0 0 0 0 0 0 0 0 0 0 0 0 0
0 0 0 0 0 0 1024 0 0 64 0 0 0 0 0 0 0 2 0 0
0 0 0 0 0 0 2 0 2 8 0 4 0 0 0 0 0 16 0 0
2 0 0 2 0 0 4 0 4 64 0 512 0 0 0 0 0 64 0 0
16 0 0 8 0 0 256 0 512 8 0 2 1024 8 8 4 0 2 0 1024
32 0 0 2 128 4 4 0 256 8 0 128 2 2 128 2048 8 128 0 2
256 0 8 256 4 64 1024 0 128 16 2 64 4 16 512 4 2 4 8 8
4 0 64 4 2 8 32 8 1024 512 16 4 256 8 4 16 256 8 256 2
256 8 8 16 8 8 4 4 8 1024 512 16 32 8 2 2 8 4 8 256
4 64 16 64 4 1024 256 32 128 4 16 2 2 128 32 32 8 16 256 2
8 4 128 256 32 64 16 1024 32 2 16 32 4 4 8 16 4 4 16 256
256 512 4 8 128 128 2 16 2 256 512 64 32 8 2 8 8 512 8 64
64 8 2 64 2 4 16 2 4 1024 2 2 4 512 4 2 4 2048 256 16
4 64 16 2 128 1024 32 32 8 4 128 32 16 4 256 4 2 4 2 8
4 8 32 512 32 64 512 4 4 1024 1024 64 512 4 256 8 64 256 4 128
2 8 2 128 16 32 1024 32 4 512 8 2 4 8 1024 64 4 64 8 4
1024 256 4 8 128 256 2 8 4 4 128 64 4 128 4 8 4 2 256 8
Case #67:
8 2 16 512 256 2 4 2 512 4 16 2 128 2 128 512 128 8 0 0
16 2 128 4 2 128 8 4 1024 4 32 4 256 32 16 0 0 0 0 0
4 512 32 2 16 4 8 2 512 4 2 512 128 0 0 0 0 0 0 0
128 2 4 4 512 128 8 128 2 2048 4 2 0 0 0 0 0 0 0 0
4 64 32 8 128 2 64 4 256 2 32 1024 512 0 0 0 0 0 0 0
16 4 2 8 1024 4 2 512 4 512 4 32 2 512 8 0 0 0 0 0
8 4 128 32 2 16 32 256 8 8 4 2 4 0 0 0 0 0 0 0
2 4 4 2 256 16 4 64 512 64 2 4 16 32 2 0 0 0 0 0
4 2 8 32 8 4 512 2 4 256 2 64 4 512 4 0 0 0 0 0
8 512 4 16 4 2 4 1024 128 2 4 4 256 0 0 0 0 0 0 0
32 8 2 512 4 128 1024 128 2 4 4 4 128 0 0 0 0 0 0 0
32 4 2 8 4 512 1024 16 512 1024 4 64 2 1024 64 0 0 0 0 0
16 8 2 512 2 256 512 2 16 8 2 8 512 256 1024 8 0 0 0 0
256 2 32 4 4 512 2 256 2 128 16 512 2 128 1024 256 512 0 0 0
64 16 256 2 512 128 16 64 64 128 64 4 2 512 64 128 0 0 0 0
64 8 256 8 512 128 4 2 256 32 2 32 256 2 8 0 0 0 0 0
8 4 4 8 128 4 2 64 4 2 32 1024 4 0 0 0 0 0 0 0
256 64 2 128 1024 4 2 1024 2 128 4 2 512 2 8 0 0 0 0 0
4 1024 16 8 256 4 4 2 64 2 16 2 32 4 0 0 0 0 0 0
2 4 128 4 16 2 4 128 4 8 16 512 4 2 4 0 0 0 0 0
Case #68:
0 0 0 0 0 0 0 2 2048 2 1024 128 16 4 64 2 128 16 2 64
0 0 0 0 0 0 0 128 64 4 256 1024 32 8 2 4 16 4 4 16
0 0 0 0 2 4 8 4 8 16 64 16 64 4 4 256 16 2 8 32
0 0 0 0 0 32 8 32 2 4 8 4 4 256 4 16 128 32 2 256
0 0 0 0 0 0 0 0 8 2 16 32 128 4 32 4 128 32 4 8
0 0 0 0 0 1024 2 8 32 1024 4 512 2 256 8 2 1024 64 2 64
0 0 0 0 2 4 256 2 16 32 1024 4 32 1024 128 2 128 512 1024 4
0 0 0 0 0 0 0 0 0 32 128 512 32 8 16 4 4 2 512 2
0 0 0 0 0 0 0 0 4 1024 4 2 4 8 32 8 4 4 2 1024
0 0 0 0 0 0 0 4 8 1024 512 2 512 1024 1024 2 128 64 32 128
0 0 0 0 4 4 64 32 4 64 4 256 4 32 8 256 8 8 256 2
0 0 0 0 0 256 4 32 2048 32 128 16 512 2 64 2 4 1024 8 4
0 0 0 2 16 128 1024 2 256 64 8 8 128 32 256 16 1024 512 2 16
0 0 0 0 64 4 8 2 4 8 256 128 64 512 2 128 1024 256 2 8
0 0 256 4 1024 2 4 1024 16 128 8 4 1024 2 4 8 2 4 1024 2
0 0 0 0 256 2 4 2 512 1024 2 8 2 128 16 2 128 2 1024 16
0 0 0 0 0 0 4 8 16 32 512 4 512 2 256 4 4 2 128 2
0 0 0 0 0 16 2 4 4 32 2 4 32 4 2 16 256 4 128 2
0 0 0 0 16 4 4 1024 2 256 4 256 2 4 2 1024 4 4 512 128
0 0 0 0 16 1024 2 4 16 2 512 128 2 256 32 32 2 4 4 512
Case #69:
32 32 2 4 4 64 64 8 32 2 512 2 16 16 128 256 16 256 8 4
4 4 1024 512 1024 4 8 128 128 32 4 512 128 4 1024 4 64 4 2 8
16 16 4 256 2 64 512 32 16 1024 64 32 256 32 2 512 512 2 32 4
128 256 2 8 8 2 4 8 64 4 2 8 512 2 512 4 8 4 4 4
2 512 4 4 256 1024 128 64 8 32 512 4 128 32 2 4 512 2 2 4
32 64 128 128 4 256 2 8 32 2 8 4 16 16 8 4 64 1024 512 64
1024 2 4 512 4 2 128 2 4 32 64 2 8 2 2 2 8 2 64 4
2 4 512 4 64 1024 64 256 512 4 8 8 4 4 512 8 2 32 256 1024
4 32 16 64 256 16 512 4 4 64 512 512 64 512 4 512 4 8 16 256
2 2 2 512 1024 8 4 128 1024 4 8 2 8 2 32 32 2 256 2 8
32 256 16 32 2 4 512 1024 2 4 0 128 0 256 128 4 4 8 128 2
4 4 512 0 1024 4 16 64 64 1024 0 8 0 2 4 32 1024 2 256 0
4 2 4 0 2 64 2 1024 1024 8 0 4 0 16 1024 2048 2 0 64 0
4 0 1024 0 4 16 0 2 64 0 0 0 0 32 0 2 32 0 4 0
256 0 128 0 128 0 0 128 16 0 0 0 0 0 0 0 1024 0 32 0
4 0 2 0 0 0 0 2 0 0 0 0 0 0 0 0 0 0 0 0
0 0 8 0 0 0 0 0 0 0 0 0 0 0 0 0 0 0 0 0
0 0 0 0 0 0 0 0 0 0 0 0 0 0 0 0 0 0 0 0
0 0 0 0 0 0 0 0 0 0 0 0 0 0 0 0 0 0 0 0
0 0 0 0 0 0 0 0 0 0 0 0 0 0 0 0 0 0 0 0
Case #70:
0 0 0 0 0 0 0 0 0 0 0 0 0 0 0 0 0 0 0 0
0 0 0 0 0 0 0 0 0 0 0 0 0 0 0 0 0 0 0 0
0 0 0 0 0 0 0 256 0 0 0 0 0 0 0 0 0 0 0 0
0 0 0 0 2 0 0 16 0 0 0 2 0 0 0 0 0 0 0 0
0 0 0 0 16 0 0 64 0 0 0 512 0 0 0 0 0 0 0 64
0 0 0 64 2 0 32 2 0 2 0 2 0 4 0 0 0 0 0 2
256 64 32 4 64 0 4 4 2 4 4 64 0 1024 0 0 0 0 2 64
2048 4 4 256 1024 128 256 512 4 8 64 32 2 4 0 4 4 0 64 4
2048 128 2 2 256 2 4 16 32 2 2 128 256 64 0 256 128 128 512 2
8 2 8 128 512 4 512 128 2 256 4 4 64 1024 0 4 8 4 8 16
2 8 4 4 32 128 256 8 8 4 2 256 32 128 32 8 2 64 16 2
128 4 2 2 512 2 8 2 64 2 64 2 2 4 4 32 4 512 2 256
16 64 8 64 4 1024 2 4 1024 512 4 256 4 4 8 2 16 2 16 1024
1024 2 8 8 64 128 128 512 2 8 2 64 4 512 128 4 128 4 1024 2
4 16 2 1024 4 32 2 128 8 256 512 4 32 2 32 512 4 2 1024 4
64 512 32 2 256 4 4 64 8 4 2 64 1024 512 4 128 4 16 4 4
4 4 4 64 2 4 64 2 256 16 16 2 512 4 2 8 8 2 8 2048
512 4 2 4 4 16 1024 128 128 2 32 32 4 4 256 4 8 8 2 512
1024 16 32 256 2 4 512 4 2 8 2 2 2 16 4 256 512 4 1024 256
4 32 64 32 32 1024 4 4 16 2 16 512 512 64 16 4 64 16 4 4
Case #71:
1024 8 256 2 16 2 64 2 4 8 8 32 8 32 4 64 0 0 0 0
64 32 64 128 4 2 8 4 2 4 512 16 512 2 128 2 4 0 0 0
2 8 8 16 1024 64 4 2 128 32 4 512 8 8 8 0 0 0 0 0
32 4 32 256 1024 256 8 8 2 4 32 64 8 2 0 0 0 0 0 0
4 512 2 512 4 32 8 128 256 2 16 128 2 0 0 0 0 0 0 0
4 4 4 2 8 4 32 64 8 128 64 256 4 512 0 0 0 0 0 0
2 32 8 128 4 16 4 32 8 4 64 4 32 2 0 0 0 0 0 0
64 2 64 128 4 32 2 64 256 16 2 16 2 4 1024 32 8 64 2 0
4 2 4 64 512 2 64 64 2 64 32 8 0 0 0 0 0 0 0 0
4 8 512 256 512 32 128 64 4 512 256 64 0 0 0 0 0 0 0 0
128 4 1024 2 512 32 64 2 16 1024 64 4 512 2 0 0 0 0 0 0
128 64 2 256 2 256 16 128 4 32 4 0 0 0 0 0 0 0 0 0
2 1024 128 256 8 512 64 1024 1024 16 64 32 4 32 16 0 0 0 0 0
256 8 512 64 8 1024 512 64 512 1024 64 4 2 8 1024 16 0 0 0 0
32 2 4 512 8 64 32 2 128 8 2 4 2 1024 64 0 0 0 0 0
512 32 512 16 2 32 8 512 32 2 4 256 4 1024 2 0 0 0 0 0
4 64 8 128 4 8 512 8 2 256 8 8 2 0 0 0 0 0 0 0
128 4 2 32 512 8 2 512 1024 32 2 2048 8 8 0 0 0 0 0 0
2 1024 2 16 512 16 32 128 32 8 1024 16 0 0 0 0 0 0 0 0
4 16 2 32 8 2 4 2 64 4 2 0 0 0 0 0 0 0 0 0
Case #72:
128 64 2 2 4 256 1024 256 512 4 4 4 1024 1024 4 4 64 32 4 2
16 256 8 256 256 64 512 2 4 4 64 4 4 4 4 4 4 512 2 1024
256 2 4 512 4 8 4 8 2 8 2 2 8 64 512 8 2 4 16 2
64 8 2 16 512 4 128 4 64 4 64 128 4 4 4 2 4 128 2 1024
128 4 16 8 16 128 4 8 16 1024 8 32 1024 16 64 32 2 2 128 512
8 4 64 64 64 2 32 4 8 32 4 16 4 64 32 2 1024 64 4 32
4 8 8 4 32 256 2 1024 4 128 256 4 8 2 4 1024 4 2 2 8
8 2 8 128 2 8 1024 32 256 2 2 2 128 4 4 64 512 1024 32 4
0 128 4 1024 1024 4 64 4 8 1024 8 8 2 32 8 256 128 64 8 2
0 2 256 2 16 64 8 8 4 256 4 4 8 4 64 4 8 128 32 128
0 0 0 32 128 32 4 512 64 4 64 128 256 32 8 64 1024 4 2 4
0 0 0 4 4 4 64 64 64 8 512 1024 2 2 16 2 16 2 4 256
0 0 0 32 0 16 2 8 128 0 4 0 8 8 4 4 2 64 2 2
0 0 0 512 0 8 1024 256 2048 0 8 0 1024 32 0 2 128 8 4 128
0 0 0 128 0 0 8 2 4 0 2 0 0 4 0 0 8 0 0 4
0 0 0 0 0 0 0 16 0 0 0 0 0 0 0 0 16 0 0 32
0 0 0 0 0 0 0 0 0 0 0 0 0 0 0 0 4 0 0 0
0 0 0 0 0 0 0 0 0 0 0 0 0 0 0 0 256 0 0 0
0 0 0 0 0 0 0 0 0 0 0 0 0 0 0 0 0 0 0 0
0 0 0 0 0 0 0 0 0 0 0 0 0 0 0 0 0 0 0 0
Case #73:
128 64 64 128 512 2 2 256 2 32 16 4 1024 8 16 16 2 4 2 4
64 2 2 256 128 256 4 16 4 8 8 128 2 2 1024 32 1024 4 1024 2
2 8 8 4 4 4 2 2 8 4 8 4 4 16 64 512 2 2 4 4
1024 2 256 128 128 2 16 1024 16 32 2 256 32 512 1024 16 64 2048 2 8
512 1024 2 2 2 512 4 2 4 4 4 2 512 4 256 2 2 8 4 8
256 4 32 4 8 8 32 8 1024 2 8 8 4 2 8 512 4 8 64 256
128 16 1024 2 8 4 4 32 4 4 4 8 512 4 8 2 256 512 16 4
16 8 16 1024 4 128 256 2 512 256 1024 2 4 32 256 4 4 1024 1024 4
2 2 8 4 1024 2 512 4 2 2 8 4 16 4 16 2 2 4 4 2
8 32 8 2 2 4 4 512 256 128 256 2 2 4 8 1024 4 2 2 8
4 4 2 1024 32 128 0 4 1024 16 4 8 16 4 2 4 256 1024 4 16
2 2 8 4 16 4 0 64 4 128 2 4 256 8 32 16 8 2 1024 0
8 0 2 4 0 16 0 4 4 8 0 0 2 4 1024 4 128 512 16 0
64 0 0 1024 0 64 0 128 0 128 0 0 0 2 4 2 1024 0 4 0
0 0 0 16 0 256 0 512 0 32 0 0 0 256 256 512 16 0 16 0
0 0 0 64 0 0 0 0 0 256 0 0 0 32 0 0 2 0 1024 0
0 0 0 0 0 0 0 0 0 0 0 0 0 0 0 0 0 0 32 0
0 0 0 0 0 0 0 0 0 0 0 0 0 0 0 0 0 0 0 0
0 0 0 0 0 0 0 0 0 0 0 0 0 0 0 0 0 0 0 0
0 0 0 0 0 0 0 0 0 0 0 0 0 0 0 0 0 0 0 0
Case #74:
2 16 4 4 4 32 8 8 8 2 8 64 2 4 64 8 2 4 4 2
16 4 128 4 256 4 32 128 4 4 64 2 256 512 4 4 8 8 128 256
2 4 8 256 128 2 1024 2048 4 1024 256 8 4 2 4 128 512 4 256 512
4 4 2 4 64 16 256 4 32 32 4 1024 2 4 256 256 128 2 64 128
2 256 8 128 32 4 4 32 4 8 1024 4 512 4 4 8 4 512 4 4
64 2 256 16 4 1024 2 2 128 512 512 64 128 8 512 32 4 2 256 64
2 64 32 4 1024 4 8 128 2 4 2 4 4 4 4 16 256 1024 8 4
1024 1024 64 2 8 2 4 4 8 1024 1024 64 64 32 128 2 4 16 256 2
32 4 32 64 1024 256 2 1024 512 4 32 2 256 4 1024 32 32 4 2 1024
8 1024 128 2 4 512 128 2 8 2 2 4 512 512 32 8 256 2 128 2
16 16 32 4 2 1024 2 4 64 8 8 16 4 4 2 16 2 16 16 1024
256 8 2 8 256 512 4 8 64 0 2 32 2 128 4 8 4 4 4 2
4 4 4 4 1024 256 64 128 0 0 8 4 4 32 32 1024 8 2 8 4
2 8 16 2 64 128 0 2 0 0 512 128 4 64 0 512 0 8 0 4
256 4 128 0 128 32 0 16 0 0 8 4 2 4 0 32 0 1024 0 8
64 0 4 0 8 1024 0 0 0 0 0 2 1024 2 0 0 0 0 0 2
8 0 0 0 2 0 0 0 0 0 0 0 64 0 0 0 0 0 0 0
32 0 0 0 4 0 0 0 0 0 0 0 0 0 0 0 0 0 0 0
0 0 0 0 0 0 0 0 0 0 0 0 0 0 0 0 0 0 0 0
0 0 0 0 0 0 0 0 0 0 0 0 0 0 0 0 0 0 0 0
Case #75:
4 32 128 4 2 128 4 2 8 256 4 64 2 1024 2 4 2 8 2 64
256 8 4 256 256 16 32 4 2 16 32 4 32 2 4 8 32 16 512 32
16 2 16 32 2 2 4 8 8 64 1024 4 4 4 1024 32 128 1024 8 4
64 512 8 4 32 1024 64 4 2 128 4 64 16 2 256 2 8 2 8 512
16 1024 256 128 16 256 4 128 64 1024 2 16 2 1024 512 512 32 16 4 4
4 2 2 64 2 2 2 512 4 2 8 16 4 4 128 8 2 128 2 64
32 128 4 256 32 128 32 2 16 512 2 256 2 2 32 2 8 1024 256 4
256 512 2 4 8 16 2 1024 2 2 8 4 4 256 8 64 64 32 32 4
2 1024 1024 4 4 4 256 2 32 1024 2 16 2 64 128 4 32 8 4 4
1024 512 4 1024 8 512 2 4 2 32 32 8 4 1024 1024 2 4 4 2 256
0 128 8 2 2 128 4 1024 256 16 2 64 32 512 256 4 0 4 512 4
0 8 1024 16 4 2 4 4 1024 8 8 4 8 32 256 256 0 0 2 4
0 1024 256 128 16 64 32 1024 128 2 512 512 4 2 2 4 0 0 32 0
0 2 4 0 0 4 512 2 0 4 64 4 0 8 4 2 0 0 2 0
0 1024 0 0 0 128 2 1024 0 0 2 128 0 0 8 32 0 0 0 0
0 0 0 0 0 2 0 4 0 0 0 0 0 0 0 4 0 0 0 0
0 0 0 0 0 128 0 0 0 0 0 0 0 0 0 0 0 0 0 0
0 0 0 0 0 4 0 0 0 0 0 0 0 0 0 0 0 0 0 0
0 0 0 0 0 0 0 0 0 0 0 0 0 0 0 0 0 0 0 0
0 0 0 0 0 0 0 0 0 0 0 0 0 0 0 0 0 0 0 0
Case #76:
8 32 512 16 1024 512 8 4 4 32 64 8 256 2 0 0 0 0 0 0
64 4 1024 4 64 32 256 4 8 16 4 2 1024 2 0 0 0 0 0 0
8 128 32 64 1024 32 128 2 512 128 32 4 1024 8 512 8 4 0 0 0
4 32 512 2 4 8 2 512 16 4 2 256 4 64 0 0 0 0 0 0
8 4 128 1024 64 256 8 2 4 64 4 128 2 0 0 0 0 0 0 0
2 4 2 128 4 4 8 2048 2 256 0 0 0 0 0 0 0 0 0 0
1024 128 4 128 8 4 2 512 64 2 8 128 8 2 4 0 0 0 0 0
4 8 8 4 128 4 2 256 4 64 8 2048 256 16 2 0 0 0 0 0
4 2 4 2 128 2 4 2 16 2 32 2 4 2 128 2 256 2 0 0
16 1024 2 8 1024 2 8 2 32 16 4 16 256 0 0 0 0 0 0 0
512 256 2 4 2 4 512 2 128 64 4 2 4 128 2 4 0 0 0 0
128 4 64 256 2 16 512 1024 2 1024 4 2 8 2 0 0 0 0 0 0
2 16 1024 4 4 2 8 4 16 64 2 16 4 2 512 64 2 0 0 0
2 128 1024 4 32 256 2 32 2 8 4 8 2 128 32 128 0 0 0 0
4 64 512 128 4 4 2 1024 4 16 8 4 1024 0 0 0 0 0 0 0
2 512 8 2 8 8 8 32 64 8 2 0 0 0 0 0 0 0 0 0
8 2 8 4 128 4 512 256 4 128 2 256 64 0 0 0 0 0 0 0
2 8 2 128 2 32 1024 2 1024 4 4 8 4 4 1024 0 0 0 0 0
4 2 512 2 128 256 8 2 64 32 4 1024 0 0 0 0 0 0 0 0
4 4 256 2 4 64 4 8 64 4 4 256 2 32 0 0 0 0 0 0
Case #77:
4 8 2 4 2 1024 32 8 128 128 128 1024 2 1024 4 2 2 8 128 8
128 128 32 8 32 16 4 4 64 2 4 256 256 512 16 64 4 4 2 1024
512 1024 8 2 4 2 16 4 2 4 32 64 2 4 32 128 64 16 8 2
1024 16 256 1024 8 4 2 32 128 4 4 4 128 16 16 4 4 8 64 4
256 256 1024 2 64 64 8 256 512 2 4 4 2 4 4 128 256 256 8 4
8 4 32 32 4 4 2 2 2 4 4 2 4 128 64 32 512 64 4 16
4 8 1024 8 32 2 32 4 8 8 128 16 2 4 512 64 256 2 256 128
2 64 16 4 4 128 1024 512 32 4 16 4 4 8 8 32 8 8 8 4
4 32 4 2 128 32 32 2 2 128 1024 8 4 2 1024 4 4 4 2 128
512 128 8 4 2 4 128 8 8 4 64 4 2 32 256 1024 4 256 128 8
2 4 16 2 4 2 1024 2 64 4 2 4 16 8 8 4 2 32 256 2
4 64 2 4 2 32 8 0 4 128 512 1024 4 256 32 8 1024 8 128 4
8 512 32 64 32 2 2 0 0 16 0 4 64 64 2 4 16 16 32 0
2048 4 0 128 0 512 64 0 0 512 0 512 256 512 128 256 1024 0 256 0
0 32 0 256 0 2 64 0 0 4 0 4 2 0 0 8 0 0 4 0
0 0 0 4 0 4 512 0 0 0 0 256 4 0 0 16 0 0 128 0
0 0 0 2 0 0 0 0 0 0 0 0 2 0 0 1024 0 0 0 0
0 0 0 0 0 0 0 0 0 0 0 0 0 0 0 0 0 0 0 0
0 0 0 0 0 0 0 0 0 0 0 0 0 0 0 0 0 0 0 0
0 0 0 0 0 0 0 0 0 0 0 0 0 0 0 0 0 0 0 0
Case #78:
0 0 0 0 0 2 32 16 4 8 256 1024 4 32 256 8 32 4 2 8
0 0 0 0 0 0 512 64 32 128 4 128 4 4 1024 128 4 1024 4 2
0 0 0 0 0 512 32 2 1024 4 2 8 32 2 4 512 16 4 2 512
0 0 0 0 4 4 128 32 128 64 4 16 4 2 4 2 8 4 8 1024
0 0 0 0 0 16 2 4 256 16 2 32 4 512 64 2 8 1024 8 64
0 0 0 0 0 1024 2 512 4 2 256 128 64 1024 2 4 2 128 2 4
0 0 0 0 0 0 4 8 2 32 8 8 128 4 8 16 2 4 64 16
0 0 0 0 0 0 0 4 16 4 128 512 2 16 2 1024 2 8 512 4
0 0 0 0 0 0 0 0 0 0 0 4 8 32 8 2 8 2 8 4
0 0 0 0 0 64 4 64 128 128 4 16 64 2 32 2 64 4 64 512
0 0 0 0 0 0 0 0 0 0 8 256 512 1024 256 4 256 32 4 64
0 0 0 0 0 0 0 0 0 2 32 4 4 8 512 64 1024 4 16 2
0 0 0 0 0 0 0 0 512 32 4 4 4 4 8 256 512 4 1024 32
0 0 0 0 0 4 512 4 2 32 4 2 256 4 16 4 32 128 256 16
0 0 0 0 0 0 4 64 16 8 32 64 4 256 64 2 1024 512 4 2
0 0 0 0 0 4 32 2 256 8 128 2 16 4 256 512 64 16 256 2
0 0 0 0 0 0 128 2 4 8 2 4 512 4 16 8 128 512 2 64
0 0 0 0 0 0 8 64 4 4 512 4 512 2 4 8 16 64 1024 512
0 0 0 0 512 4 32 4 16 4 256 4 4 8 4 64 2 4 256 2
0 0 0 0 0 0 8 16 2 8 1024 128 512 8 512 2 4 1024 4 512
Case #79:
4 4 2 8 4 8 4 1024 8 4 32 32 2 16 4 8 2 4 4 4
4 2 8 4 32 2 512 4 4 4 4 2 8 128 2 8 4 4 64 1024
4 8 1024 4 4 4 4 8 4 2 2 8 8 2 8 4 4 8 2 16
2 8 8 2 8 32 2 1024 16 8 4 4 8 8 4 256 4 8 128 4
512 8 4 4 4 4 8 4 8 256 4 8 8 4 2 2 8 4 8 256
256 8 2 4 2 8 4 128 4 4 4 4 8 4 64 4 4 32 8 2
4 4 512 512 16 4 8 4 128 64 4 8 2 2 512 2 4 2 4 8
256 2 2 2 4 2 4 128 4 4 8 2 4 4 2 8 2 4 4 2
4 32 8 8 4 4 4 2 2 2 8 4 2 2 4 64 4 2 2 4
1024 2 1024 8 1024 64 4 4 8 4 2 16 4 4 0 256 4 4 16 16
512 4 8 2 2 256 2 512 2 4 256 2 0 32 0 4 32 4 128 64
8 128 4 0 0 4 8 4 4 4 2 64 0 64 0 1024 4 4 4 2
8 0 2 0 0 128 0 8 0 0 0 4 0 4 0 4 8 2 2 32
32 0 0 0 0 4 0 0 0 0 0 0 0 2 0 2 0 0 0 8
2 0 0 0 0 0 0 0 0 0 0 0 0 0 0 4 0 0 0 4
4 0 0 0 0 0 0 0 0 0 0 0 0 0 0 0 0 0 0 2
0 0 0 0 0 0 0 0 0 0 0 0 0 0 0 0 0 0 0 0
0 0 0 0 0 0 0 0 0 0 0 0 0 0 0 0 0 0 0 0
0 0 0 0 0 0 0 0 0 0 0 0 0 0 0 0 0 0 0 0
0 0 0 0 0 0 0 0 0 0 0 0 0 0 0 0 0 0 0 0
Case #80:
128 8 8 256 4 2 128 8 4 4 8 4 2 0 0 0 0 0 0 0
2 4 32 256 8 2 32 2 8 4 2 4 4 0 0 0 0 0 0 0
2 128 2 8 2 512 2 128 4 4 32 4 1024 4 4 0 0 0 0 0
512 4 4 8 2 128 1024 4 2 8 4 2 8 2 0 0 0 0 0 0
8 4 8 2 4 4 4 4 4 2 4 0 0 0 0 0 0 0 0 0
4 4 4 4 4 2 16 2 32 2 4 4 0 0 0 0 0 0 0 0
4 2 8 4 512 4 2 16 8 64 2 4 2 4 2 0 0 0 0 0
4 128 256 4 2 4 2 4 4 4 32 8 2 4 2 16 0 0 0 0
4 256 2 4 64 4 2 256 2 16 256 2 4 2 32 4 1024 4 0 0
2 4 8 2 4 2 8 1024 8 8 4 64 4 2 0 0 0 0 0 0
2 128 4 4 8 2 4 2 1024 32 512 8 4 2 4 0 0 0 0 0
4 2 4 512 64 4 4 2 32 4 2 8 2 4 0 0 0 0 0 0
2 32 4 2 256 4 1024 4 4 8 32 4 1024 4 4 0 0 0 0 0
4 16 8 4 128 8 4 4 2 512 8 8 0 0 0 0 0 0 0 0
4 4 256 4 8 4 4 4 4 4 8 4 0 0 0 0 0 0 0 0
16 4 2 4 2 4 4 4 2 4 512 4 128 1024 0 0 0 0 0 0
8 2 8 4 2 8 256 4 16 8 2 0 0 0 0 0 0 0 0 0
4 2 4 2 16 128 2 8 32 4 2 4 2 0 0 0 0 0 0 0
2 64 4 4 16 2 32 4 2 64 8 4 0 0 0 0 0 0 0 0
4 2 4 2 1024 8 4 512 8 2 64 4 0 0 0 0 0 0 0 0
Case #81:
0 0 0 0 0 0 0 8 2 512 8 2 4 32 8 4 8 1024 2 4
0 0 0 0 0 0 0 2 4 8 2 8 32 4 1024 4 16 2 4 2
0 0 0 0 2 16 2 64 2 512 2 4 2 1024 256 8 32 256 4 2
0 0 0 0 0 0 0 0 0 0 0 32 4 2 8 2 4 64 8 4
0 0 0 0 0 0 0 4 64 8 64 16 4 2 16 4 2 4 4 4
0 0 0 0 0 0 0 2 8 8 4 4 4 4 64 128 4 2 4 2
0 0 0 0 0 0 0 0 8 2 4 2 16 8 2 4 16 8 8 4
0 0 0 0 0 0 0 512 4 2 512 2 4 4 4 4 64 4 4 4
0 0 0 0 0 256 8 2 4 256 4 2 1024 2 4 2 8 4 256 1024
0 0 0 0 0 0 0 0 0 0 4 64 2 32 2 8 32 4 4 4
0 0 0 0 0 0 64 4 4 64 4 8 2 4 2 64 8 128 8 2
0 0 0 0 0 0 0 2 4 2 4 8 256 2 4 8 2 64 4 2
0 0 0 0 0 4 4 4 2 8 2 4 2 4 4 2 8 2 4 8
0 0 0 0 0 0 4 2 128 2 16 512 4 32 4 2 4 4 16 8
0 0 0 0 0 0 0 4 256 2 4 2 4 8 4 2 32 2 16 2
0 0 0 0 0 0 0 0 0 0 0 4 8 4 4 4 512 4 2 4
0 0 0 0 0 0 0 4 64 8 1024 2 4 4 4 512 8 128 2 4
0 0 0 0 0 0 0 4 16 256 2 4 64 1024 8 1024 8 1024 4 128
0 0 0 0 0 0 0 64 2 4 2 4 4 2 512 2 512 64 4 8
0 0 0 0 0 4 2 4 2 256 8 4 1024 4 2 4 2 4 2 4
Case #82:
0 0 0 0 0 0 0 8 512 4 2 8 8 2 64 2 512 128 4 8
0 0 0 0 0 0 0 0 0 0 0 512 2 4 4 16 8 2 4 4
0 0 0 0 0 0 4 64 2 128 8 512 4 256 4 1024 2 4 2 4
0 0 0 0 8 256 16 2 512 2 4 2 4 2 16 128 8 2 16 2
0 0 0 0 0 0 0 0 512 4 8 256 2 4 2 4 4 1024 8 2
0 0 0 0 0 2 4 2 1024 512 64 4 2 4 16 4 8 8 128 2
0 0 0 0 0 0 0 0 2 4 4 2 4 64 128 4 8 4 4 8
0 0 0 0 0 16 4 2 4 2 256 2 4 4 4 2 256 32 4 8
0 0 0 0 0 0 0 8 8 8 4 2 16 2 8 4 4 4 4 32
0 0 0 0 0 0 0 0 8 8 2 4 2 4 16 4 2 8 8 64
0 0 0 0 0 0 2 4 2 4 2 4 8 2 16 2 128 8 2 4
0 0 0 0 0 2 4 64 4 2 4 16 4 8 4 2 4 2 4 64
0 0 0 0 0 2 4 64 128 8 2 4 4 8 2 8 2 512 2 4
0 0 0 0 0 0 0 0 0 0 8 8 4 128 32 1024 64 2 4 8
0 0 0 0 0 0 0 0 0 4 2 4 256 4 2 4 4 4 4 4
0 0 0 0 0 4 4 1024 64 4 8 2 256 2 256 2 4 2 4 4
0 0 0 8 4 2 8 2 4 2 4 4 2 32 4 2 128 4 2 4
0 0 0 0 0 0 0 0 0 0 0 0 8 8 2 32 4 4 8 8
0 0 0 0 0 0 0 0 0 4 2 8 4 4 32 4 4 8 2 32
0 0 0 0 0 0 0 0 4 256 2 32 2 64 4 1024 2 8 128 4
Case #83:
0 0 0 0 0 0 0 2 4 4 8 1024 4 8 4 4 2 4 4 64
0 0 0 0 0 0 0 0 2 16 8 2 8 4 8 32 2 512 4 256
0 0 0 0 0 0 2 4 2 1024 16 8 4 4 1024 2 4 512 4 8
0 0 0 0 0 0 0 0 0 4 4 4 8 2 512 2 32 4 128 2
0 0 0 0 0 0 2 4 32 2 8 2 1024 4 8 2 4 2 512 4
0 0 0 0 0 0 0 2 4 4 2 32 4 16 256 2 8 4 256 2
0 0 0 0 0 0 0 0 0 8 4 4 512 2 4 4 8 2 4 4
0 0 0 0 0 0 0 8 4 8 16 256 512 4 4 4 4 1024 128 4
0 0 0 0 0 2 8 2 4 8 8 2 512 8 2 8 2 1024 2 8
0 0 0 0 0 0 2 4 512 2 32 4 512 4 256 2 4 8 2 4
0 0 0 0 0 0 0 0 4 8 2 8 4 4 32 2 8 8 4 8
0 0 0 0 0 0 0 512 4 4 512 4 64 2 8 8 2 4 128 4
0 0 0 0 0 0 0 0 256 8 2 8 2 4 2 4 8 4 8 4
0 0 0 0 0 0 0 0 0 0 0 32 4 16 8 8 4 8 4 4
0 0 0 0 0 0 0 64 8 4 4 4 2 4 64 4 2 4 1024 8
0 0 0 0 0 0 0 0 2 4 2 4 128 4 4 4 4 4 32 8
0 0 0 0 0 0 0 0 0 4 8 2 4 4 4 4 4 512 2 4
0 0 0 0 0 0 0 0 0 0 4 256 4 2 8 8 2 64 4 8
0 0 0 0 0 0 0 0 2 8 8 8 8 2 8 2 8 128 2 4
0 0 0 0 0 0 0 32 2 8 16 4 8 8 2 4 4 4 512 4
Case #84:
0 0 0 0 0 0 0 0 0 0 2 8 1024 8 4 4 4 4 2 4
0 0 0 0 0 0 0 0 0 4 64 8 8 2 4 2 4 8 16 4
0 0 0 0 0 0 0 0 0 0 0 4 8 2 4 2 4 8 4 4
0 0 0 0 0 0 4 128 1024 256 2 8 32 4 128 2 64 4 256 2
0 0 0 0 0 0 0 0 0 8 32 1024 2 4 8 16 8 8 16 4
0 0 0 0 0 0 4 4 512 2 8 8 2 8 2 4 32 2 128 4
0 0 0 0 0 0 0 8 4 4 128 8 2 64 256 4 256 4 2 4
0 0 0 0 0 0 0 0 0 0 0 64 2 4 8 2 8 1024 2 4
0 0 0 0 0 0 0 2 4 8 8 8 512 4 16 4 8 512 4 256
0 0 0 0 0 512 2 4 2 4 512 2 4 8 2 1024 2 4 32 2
0 0 0 0 0 0 0 0 2 4 2 4 8 2 8 8 2 4 4 2
0 0 0 0 0 0 0 0 0 0 0 4 4 8 2 128 8 2 16 16
0 0 0 0 0 2 4 4 64 8 2 4 32 512 4 8 64 2 4 2
0 0 0 0 0 4 4 4 2 4 2 4 2 4 8 16 4 16 2 4
0 0 0 0 0 0 0 0 0 0 0 4 2 4 4 4 8 4 2 8
0 0 0 0 0 0 0 0 4 2 8 2 4 8 2 4 512 8 2 512
0 0 0 0 0 0 0 4 2 8 2 4 4 8 2 4 4 4 4 2
0 0 0 0 0 0 0 4 8 2 4 8 2 4 128 4 2 4 32 8
0 0 0 0 0 0 0 2 16 256 4 64 2 64 16 2 4 8 2 8
0 0 0 0 0 0 0 0 4 64 32 4 4 512 4 2 4 512 4 2
Case #85:
32 4 8 4 128 4 2 16 8 2 4 4 4 256 4 2 8 1024 4 4
64 2 64 64 4 4 1024 64 2 4 2 2 4 4 2 32 8 8 16 2
4 4 4 8 4 4 8 4 32 4 4 512 4 2 8 8 8 8 2 256
128 64 8 4 4 64 2 2 2 4 256 2 2 4 2 4 2 64 8 2
8 4 16 4 256 2 512 32 512 16 8 8 4 4 8 2 32 4 2 16
4 8 2 2 4 4 4 2 2 4 4 4 16 4 4 4 128 1024 16 8
4 2 1024 8 16 4 4 8 8 8 2 2 4 4 4 4 4 2 4 2
64 16 4 2 64 4 4 4 4 4 4 8 4 4 4 4 1024 8 4 1024
512 4 8 8 4 2 4 4 64 4 128 4 4 4 32 4 4 2 8 4
4 512 8 4 128 32 8 4 4 32 8 4 2048 4 0 4 8 32 2 4
2 2 256 0 4 4 0 2 16 4 512 0 2 0 0 0 4 4 1024 4
0 4 8 0 4 0 0 4 4 0 4 0 4 0 0 0 0 0 4 4
0 2 0 0 4 0 0 2 0 0 2 0 2 0 0 0 0 0 8 0
0 0 0 0 4 0 0 0 0 0 0 0 0 0 0 0 0 0 4 0
0 0 0 0 0 0 0 0 0 0 0 0 0 0 0 0 0 0 0 0
0 0 0 0 0 0 0 0 0 0 0 0 0 0 0 0 0 0 0 0
0 0 0 0 0 0 0 0 0 0 0 0 0 0 0 0 0 0 0 0
0 0 0 0 0 0 0 0 0 0 0 0 0 0 0 0 0 0 0 0
0 0 0 0 0 0 0 0 0 0 0 0 0 0 0 0 0 0 0 0
0 0 0 0 0 0 0 0 0 0 0 0 0 0 0 0 0 0 0 0
Case #86:
0 0 0 0 0 0 0 0 0 0 0 4 8 4 4 256 4 4 8 4
0 0 0 0 0 0 2 512 64 4 4 2 4 2 4 8 16 4 512 4
0 0 0 0 0 0 0 0 0 0 0 0 0 2 4 64 4 64 4 4
0 0 0 0 0 0 0 4 2 4 2 4 1024 32 8 16 2 16 2 8
0 0 0 0 0 0 0 0 4 2 16 4 2 4 32 8 2 4 4 8
0 0 0 0 0 0 4 2 4 2 512 32 512 1024 4 4 256 4 512 4
0 0 0 0 0 0 512 2 4 8 4 4 32 4 2 4 2 4 2 256
0 0 0 0 0 0 0 4 2 4 2 1024 4 2 4 8 256 4 4 4
0 0 0 0 0 4 256 1024 2 32 2 4 8 512 4 512 4 4 8 4
0 0 0 0 0 0 0 0 0 0 0 2 4 8 4 8 4 16 2 4
0 0 0 0 0 0 0 4 256 4 256 4 8 1024 32 4 4 4 256 4
0 0 0 0 0 0 0 0 2 512 8 4 4 4 2 128 8 256 2 8
0 0 0 0 0 0 0 256 4 4 4 8 2 8 2 4 8 4 2 4
0 0 0 0 0 0 0 0 0 0 0 8 128 4 4 4 8 2 4 2
0 0 0 0 0 0 64 4 8 8 4 2 4 2 4 128 16 8 4 64
0 0 0 0 0 0 0 4 8 4 64 4 2 4 8 8 2 8 4 2
0 0 0 0 0 0 4 8 2 8 4 16 64 4 256 8 256 4 2 512
0 0 0 0 0 0 0 0 0 2 4 8 2 8 4 8 8 8 2 8
0 0 0 0 0 0 0 0 0 4 2 4 2 4 4 4 4 4 64 4
0 0 0 0 0 0 0 4 1024 4 4 256 4 256 8 2 4 32 2 4
Case #87:
4 2 4 64 2 8 4 2 1024 4 2 0 0 0 0 0 0 0 0 0
8 8 4 8 64 8 2 1024 2 32 2 4 0 0 0 0 0 0 0 0
4 2 4 16 8 4 4 1024 4 128 2 0 0 0 0 0 0 0 0 0
2 4 4 128 4 1024 512 2 256 64 2 256 8 4 0 0 0 0 0 0
2 8 2 4 4 2 4 512 4 4 4 2 0 0 0 0 0 0 0 0
4 4 8 8 4 2 4 4 64 4 2 4 1024 2 0 0 0 0 0 0
4 2 4 4 2 4 2 4 4 4 256 4 0 0 0 0 0 0 0 0
2 4 256 2 8 32 4 4 32 4 32 0 0 0 0 0 0 0 0 0
16 8 4 4 2 128 2 4 64 4 512 2 16 4 0 0 0 0 0 0
4 2 8 4 2 4 1024 16 4 2 8 64 2 8 4 0 0 0 0 0
256 2 4 2 8 1024 4 2 8 2 8 4 0 0 0 0 0 0 0 0
4 4 512 256 4 32 2 8 2 8 512 2 1024 2 4 0 0 0 0 0
4 4 4 2 4 4 2 128 8 4 2 0 0 0 0 0 0 0 0 0
4 64 16 2 4 32 2 8 8 4 1024 2 8 2 0 0 0 0 0 0
8 8 2 16 512 4 16 8 4 0 0 0 0 0 0 0 0 0 0 0
4 512 4 4 4 2 4 4 4 2 4 0 0 0 0 0 0 0 0 0
8 4 4 8 8 4 8 2 8 2 4 0 0 0 0 0 0 0 0 0
4 4 2 4 2 256 2 8 4 2 256 4 2 0 0 0 0 0 0 0
2 8 4 64 512 4 2 16 8 8 8 4 2 0 0 0 0 0 0 0
8 4 4 2 4 8 4 32 4 4 2 8 4 0 0 0 0 0 0 0
Case #88:
0 0 0 0 0 0 0 0 0 0 0 0 0 0 0 0 0 0 0 0
0 0 0 0 0 0 0 0 0 0 0 0 0 0 0 0 0 0 0 0
0 0 0 0 0 0 0 0 0 0 0 0 0 0 0 0 0 0 0 0
0 0 0 0 0 0 0 0 0 0 0 0 0 0 0 0 0 0 0 0
0 0 0 0 0 0 0 0 0 0 0 64 0 0 0 0 0 0 0 0
0 0 0 0 0 0 0 0 0 2 8 4 0 0 0 0 0 0 0 0
0 4 0 0 0 0 0 0 0 4 2 1024 0 0 2 0 0 0 0 4
0 2 8 0 0 4 0 0 0 512 4 256 8 0 8 0 2 0 2 16
0 256 64 8 4 64 0 0 2 2 4 16 2 4 2 2 4 0 4 4
0 16 4 16 4 4 8 0 8 128 2 4 4 128 4 8 2 4 8 2
0 2 4 8 8 128 8 0 8 4 64 8 4 4 64 2 16 8 2 8
8 64 64 2 4 2 8 0 16 2 2 8 4 4 16 8 4 2 4 8
4 2 8 4 4 16 2 0 4 128 4 4 8 2 64 512 4 512 2 2
4 8 4 2 8 2 128 8 2 2 64 4 2 4 4 1024 8 16 8 4
8 16 8 4 256 8 4 4 32 4 2 512 4 4 2 8 1024 2 8 1024
8 64 512 8 2 2 2 8 2 2 256 4 256 32 32 16 256 4 8 128
4 2 2 16 8 4 8 16 8 4 128 32 2 4 4 2 64 64 2 32
2 4 4 2 4 2 2 8 8 8 2 4 4 4 2 4 2 4 8 8
32 4 8 16 2 4 4 8 8 4 4 2 1024 2 8 2 8 4 2 8
4 256 2 2 1024 2 2 2 64 4 2 4 4 4 64 256 2 8 4 2
Case #89:
0 0 0 0 0 0 0 0 0 0 0 0 0 0 0 0 0 0 0 0
0 0 0 0 0 0 0 0 0 0 0 0 0 0 0 0 0 0 0 0
0 0 0 0 0 0 0 0 0 0 0 0 0 0 0 0 0 0 0 0
0 0 0 0 0 0 0 0 0 0 0 0 0 0 0 0 0 0 0 0
0 0 0 0 0 2 0 0 0 0 0 0 0 0 0 0 0 0 0 0
0 0 0 0 0 128 0 0 0 0 0 0 0 0 0 0 0 0 0 0
0 0 0 0 32 4 8 2 0 0 0 0 0 0 0 0 0 0 0 0
32 0 0 0 2 2 2 4 0 0 8 0 0 4 2 0 0 0 0 0
4 0 0 0 4 4 1024 64 0 2 2 0 0 2 4 0 0 8 0 0
2 2 0 2 512 2 4 2 0 8 4 0 0 4 4 4 32 4 0 8
4 1024 0 16 4 4 8 4 512 2 8 0 0 8 4 16 4 4 4 256
2 8 8 4 2 32 8 2 256 4 128 2 4 1024 16 8 4 4 512 4
4 4 4 4 128 4 4 4 2 8 4 4 4 4 8 2 4 4 2 4
2 1024 256 8 2 2 2 4 4 16 128 8 8 8 2 8 2 4 8 8
4 4 16 256 128 512 16 8 2 4 4 4 2 2 8 2 4 8 2 64
4 4 2 4 2 32 4 8 32 1024 4 256 8 4 2 64 8 2 8 4
4 4 8 4 512 2 2 2 4 512 8 2 4 16 8 2 4 256 8 2
4 4 4 4 4 32 8 256 4 4 2 64 4 4 16 4 8 2 8 512
128 4 4 4 2 2 8 8 256 4 8 2 4 2 512 2 16 4 8 2
4 1024 4 4 4 4 256 128 4 4 64 8 4 4 4 4 2 2 2 4
Case #90:
16 4 2 8 8 4 32 4 4 16 0 0 0 0 0 0 0 0 0 0
2 8 2 4 4 4 4 512 4 4 128 8 4 2 4 0 0 0 0 0
8 8 4 2 4 512 4 2 4 2 4 2 8 0 0 0 0 0 0 0
128 16 8 2 4 512 4 4 2 1024 128 256 4 4 1024 2 0 0 0 0
2 4 2 4 2 4 64 4 4 4 4 4 4 512 2 0 0 0 0 0
8 512 4 2 4 2 256 512 4 256 4 2 0 0 0 0 0 0 0 0
4 2 64 2 4 2 64 2 32 1024 4 8 2 0 0 0 0 0 0 0
64 512 4 4 1024 64 8 2 32 2 1024 4 2 4 0 0 0 0 0 0
4 256 2 64 2 4 2 4 2 64 8 2 4 2 0 0 0 0 0 0
8 512 4 2 32 4 4 4 8 16 2 8 8 0 0 0 0 0 0 0
4 64 8 8 4 4 256 4 4 4 4 2 0 0 0 0 0 0 0 0
4 8 8 256 2 4 2 4 4 2 4 0 0 0 0 0 0 0 0 0
32 4 2 4 32 4 4 4 4 2 256 2 128 2 0 0 0 0 0 0
4 128 4 2 8 2 32 2 8 256 4 2 4 2 4 2 0 0 0 0
8 2 8 2 8 512 4 2 32 8 2 8 8 0 0 0 0 0 0 0
32 8 64 1024 2 8 8 128 4 4 128 4 2 4 32 0 0 0 0 0
4 2 4 2 8 8 8 2 64 2 0 0 0 0 0 0 0 0 0 0
4 4 4 1024 4 4 4 4 4 16 4 0 0 0 0 0 0 0 0 0
4 4 2 64 8 2 8 8 2 0 0 0 0 0 0 0 0 0 0 0
4 32 4 2 8 2 8 4 32 4 16 0 0 0 0 0 0 0 0 0
Case #91:
4 16 2 4 4 4 1024 4 8 8 2 16 4 0 0 0 0 0 0 0
4 4 4 2 4 2 8 4 2 32 2 0 0 0 0 0 0 0 0 0
8 4 4 2 4 64 256 8 2 4 1024 8 0 0 0 0 0 0 0 0
4 8 8 4 512 4 4 32 2 4 64 8 4 0 0 0 0 0 0 0
4 64 4 2 8 256 512 2 4 2 8 4 2 4 2 0 0 0 0 0
2 4 2 256 2 4 4 4 2 8 4 4 0 0 0 0 0 0 0 0
4 1024 2 4 4 4 2 4 4 4 2 8 4 2 0 0 0 0 0 0
1024 2 4 64 2 8 16 4 2 8 4 4 0 0 0 0 0 0 0 0
4 8 8 4 2 8 4 512 0 0 0 0 0 0 0 0 0 0 0 0
4 4 32 4 2 512 2 4 2 1024 2 512 8 4 2 4 0 0 0 0
8 2 8 512 4 16 8 4 2 8 8 4 0 0 0 0 0 0 0 0
8 8 2 4 16 4 2 4 4 16 4 8 0 0 0 0 0 0 0 0
4 2 4 2 256 2 4 2 8 4 2 4 4 8 4 2 0 0 0 0
4 4 4 128 2 4 64 8 8 8 2 0 0 0 0 0 0 0 0 0
2 4 4 2 8 4 4 16 4 2 8 2 4 4 0 0 0 0 0 0
4 2 4 2 8 2 4 16 4 1024 512 2 0 0 0 0 0 0 0 0
2 8 4 4 16 4 4 2 8 2 4 32 256 8 0 0 0 0 0 0
8 8 8 2 32 16 2 8 8 32 64 256 0 0 0 0 0 0 0 0
4 4 2 1024 4 4 32 4 2 8 16 4 0 0 0 0 0 0 0 0
4 2 16 4 2 1024 8 16 4 4 8 2 4 2 4 0 0 0 0 0
Case #92:
4 8 8 64 4 4 4 8 4 4 256 4 8 4 8 4 8 2 256 2
4 2 4 8 128 4 8 2 512 4 4 4 2 4 2 2 8 4 2 4
512 128 64 2 8 2 2 1024 4 4 512 16 1024 1024 256 8 512 2 256 2
32 8 8 8 4 128 8 8 2 4 4 8 4 128 8 2 4 16 2 8
4 4 2 4 2 2 64 2 8 4 32 2 32 4 8 512 8 8 1024 8
2 32 4 4 8 4 8 16 8 256 8 8 4 1024 2 8 4 4 16 4
4 8 4 8 4 2 8 2 32 64 2 2 4 8 32 4 4 4 4 4
4 4 128 8 128 4 8 128 2 8 4 8 256 8 4 4 4 2 8 64
8 64 16 2 8 4 0 8 4 512 2 2 4 4 64 4 512 8 4 2
8 4 4 4 32 2 0 2 64 8 4 4 8 4 8 2 2 512 256 8
0 8 4 256 2 4 0 64 2 4 4 2 8 4 8 64 4 0 2 4
0 1024 4 2 8 0 0 0 4 128 4 0 2 4 0 256 2 0 8 2
0 2 4 4 0 0 0 0 4 4 0 0 8 0 0 4 8 0 4 4
0 4 2 0 0 0 0 0 8 0 0 0 2 0 0 0 2 0 0 256
0 4 0 0 0 0 0 0 32 0 0 0 0 0 0 0 0 0 0 0
0 0 0 0 0 0 0 0 0 0 0 0 0 0 0 0 0 0 0 0
0 0 0 0 0 0 0 0 0 0 0 0 0 0 0 0 0 0 0 0
0 0 0 0 0 0 0 0 0 0 0 0 0 0 0 0 0 0 0 0
0 0 0 0 0 0 0 0 0 0 0 0 0 0 0 0 0 0 0 0
0 0 0 0 0 0 0 0 0 0 0 0 0 0 0 0 0 0 0 0
Case #93:
8 4 256 8 8 1024 4 8 8 4 4 64 128 2 4 64 2 2 4 512
4 2 32 4 4 4 4 8 4 4 2 2 2 8 2 2 128 4 4 8
64 4 2 1024 2 4 4 2 4 4 4 4 32 4 8 8 8 4 2 8
8 4 4 16 32 2 4 4 128 4 2 2 256 64 8 4 1024 16 256 256
4 2 512 4 4 256 4 2 4 2 128 512 8 4 2 4 16 4 4 4
8 1024 256 2 4 2 1024 4 8 8 4 4 4 512 4 2 1024 256 32 2
2 2 8 128 4 4 2 4 2 2 4 2 8 8 4 4 2 2 16 4
8 4 128 2 32 2 8 2 4 512 32 8 16 16 128 2 4 8 1024 32
4 2 64 4 2 8 4 4 2 8 4 128 4 8 4 4 512 4 8 2
8 8 8 2 1024 2 2 2 8 2 4 2 2 2 8 2 4 4 4 4
0 8 2 64 4 64 0 1024 4 8 0 512 8 0 0 32 4 8 2 32
0 8 8 4 128 8 0 2 4 4 0 4 0 0 0 2 128 0 16 2
0 0 4 2 4 0 0 1024 0 0 0 2 0 0 0 0 2 0 32 64
0 0 0 0 128 0 0 4 0 0 0 8 0 0 0 0 8 0 0 4
0 0 0 0 0 0 0 0 0 0 0 2 0 0 0 0 4 0 0 2
0 0 0 0 0 0 0 0 0 0 0 0 0 0 0 0 2 0 0 0
0 0 0 0 0 0 0 0 0 0 0 0 0 0 0 0 0 0 0 0
0 0 0 0 0 0 0 0 0 0 0 0 0 0 0 0 0 0 0 0
0 0 0 0 0 0 0 0 0 0 0 0 0 0 0 0 0 0 0 0
0 0 0 0 0 0 0 0 0 0 0 0 0 0 0 0 0 0 0 0
Case #94:
256 4 4 4 2 4 2 4 4 4 2 8 0 0 0 0 0 0 0 0
512 4 2 4 2 32 512 1024 2 8 4 4 4 1024 4 0 0 0 0 0
8 2 8 4 16 2 4 2 32 4 4 2 512 4 16 4 0 0 0 0
8 4 4 4 32 4 2 8 4 1024 4 8 64 0 0 0 0 0 0 0
2 8 4 32 2 8 2 4 4 32 4 0 0 0 0 0 0 0 0 0
4 32 4 2 4 1024 4 2 64 4 2 4 4 2 0 0 0 0 0 0
4 2 512 8 8 4 8 2 8 0 0 0 0 0 0 0 0 0 0 0
4 4 2 4 64 4 4 4 4 256 4 4 0 0 0 0 0 0 0 0
4 64 4 2 8 4 1024 4 4 8 4 8 2 1024 8 2 4 2 0 0
4 64 8 2 8 256 4 64 4 2 512 2 8 2 0 0 0 0 0 0
4 4 4 2 8 2 4 1024 4 4 512 2 32 0 0 0 0 0 0 0
4 4 128 16 4 8 2 8 8 512 0 0 0 0 0 0 0 0 0 0
64 8 8 64 1024 4 8 2 4 2 8 0 0 0 0 0 0 0 0 0
8 2 4 4 4 32 4 2 8 4 128 4 2 0 0 0 0 0 0 0
2 4 2 512 8 4 2 8 2 4 4 8 4 2 4 0 0 0 0 0
8 4 8 4 4 32 16 1024 2 4 256 4 0 0 0 0 0 0 0 0
4 2 4 2 4 64 4 4 2 4 512 4 64 4 2 0 0 0 0 0
8 8 2 8 64 2 4 32 4 4 0 0 0 0 0 0 0 0 0 0
256 8 2 4 2 4 2 8 8 64 4 8 2 0 0 0 0 0 0 0
128 4 256 4 2 8 4 256 4 4 4 4 0 0 0 0 0 0 0 0
Case #95:
0 0 0 0 0 0 0 0 4 8 4 4 1024 4 4 4 4 4 64 4
0 0 0 0 0 0 0 0 0 0 2 256 4 4 8 1024 2 4 4 8
0 0 0 0 0 0 2 4 2 4 256 4 4 4 2 4 2 4 2 256
0 0 0 0 0 0 0 0 2 32 8 2 4 2 4 2 4 2 128 512
0 0 0 0 0 0 0 0 0 8 2 32 512 4 1024 8 8 8 2 512
0 0 0 0 0 0 2 8 4 4 1024 4 256 4 2 8 2 256 1024 4
0 0 0 0 0 64 4 16 32 2 8 8 4 4 128 2 128 4 1024 32
0 0 0 0 0 0 0 0 0 4 4 8 4 4 8 16 2 4 256 4
0 0 0 0 0 0 4 64 256 32 8 32 2 256 4 256 4 2 128 4
0 0 0 0 0 0 0 0 0 4 2 4 8 256 4 32 4 8 4 8
0 0 0 0 0 0 0 4 2 128 4 32 4 2 1024 2 4 256 4 4
0 0 0 0 0 0 0 0 0 128 4 4 4 4 8 2 1024 2 4 16
0 0 0 0 0 0 0 0 8 8 2 8 128 4 4 4 32 2 64 8
0 0 0 0 4 8 2 4 64 4 4 16 4 2 64 4 2 256 4 256
0 0 0 0 0 0 4 32 4 8 4 4 2 8 32 8 2 16 2 64
0 0 0 0 0 0 0 0 0 0 4 4 2 4 2 16 2 4 4 4
0 0 0 0 0 256 2 4 2 4 512 2 32 4 2 512 4 1024 4 128
0 0 0 0 0 0 0 4 4 1024 2 512 4 8 4 8 2 512 256 2
0 0 0 0 0 4 2 4 32 4 8 256 2 4 512 2 4 4 4 4
0 0 0 0 0 0 0 0 0 0 8 2 4 512 2 4 2 4 4 2
Case #96:
0 0 0 0 0 0 0 0 0 0 0 0 0 0 0 0 0 0 0 0
0 0 0 0 0 0 0 0 0 0 0 0 0 0 0 0 0 0 0 0
0 0 0 0 0 0 0 0 0 0 0 0 0 0 0 0 0 0 0 0
2 0 0 0 0 0 0 0 0 0 0 0 0 0 0 0 0 0 0 0
4 0 0 0 0 0 0 0 0 0 0 0 0 0 0 0 0 0 0 0
4 0 4 0 0 0 0 0 0 0 0 0 0 0 0 2 0 4 64 0
512 0 4 4 0 0 0 0 0 0 0 0 0 0 0 64 0 2 4 0
8 8 128 8 0 0 4 0 0 0 0 4 0 0 0 4 0 8 2 0
2 4 512 2 4 0 1024 512 0 2 0 2 0 0 4 4 0 2 4 64
128 4 2 4 4 4 4 8 512 4 8 4 2 4 2 2 0 4 2 16
2 4 4 2 4 8 4 2 4 2 2 16 8 1024 32 4 32 2 128 2
4 512 2 16 8 4 512 4 8 32 8 4 128 4 2 512 2 4 2 256
16 8 16 2 2 4 4 2 2 4 8 64 4 2 4 4 4 1024 4 2
4 128 2 32 4 2 8 4 4 256 8 8 32 8 512 32 8 2 4 8
2 512 8 4 128 4 8 4 128 4 2 2 4 512 2 2 512 4 32 2
1024 4 4 4 2 4 2 4 4 4 512 256 1024 2 4 256 2 4 4 4
256 4 2 32 128 4 8 2 8 4 4 512 4 1024 2 2 64 4 16 4
4 16 8 4 4 4 2 8 4 8 4 8 8 16 4 4 4 32 4 2
2 4 8 4 64 2 16 4 4 4 4 4 2 2 8 32 1024 4 4 256
4 16 2 2 4 4 2 8 2 32 4 4 512 8 32 4 4 2 4 4
Case #97:
0 0 0 0 0 0 0 0 0 0 0 0 0 0 0 0 0 0 0 0
0 0 0 0 0 0 0 0 0 0 0 0 0 0 0 0 0 0 0 0
0 0 0 0 0 0 0 0 0 0 0 0 0 0 0 0 0 0 0 0
0 0 0 0 0 0 0 0 0 0 4 0 0 0 0 0 0 0 0 0
0 0 0 0 0 0 0 0 0 0 64 0 0 0 0 0 0 0 0 0
0 0 0 0 0 0 0 0 0 0 32 0 0 0 4 0 16 128 0 0
0 0 16 0 0 0 2 1024 0 0 4 0 0 16 2 0 4 2 0 0
0 0 512 0 0 2 32 4 0 0 4 0 0 8 4 0 2 4 0 0
0 2 2 0 0 4 2 2 0 0 4 8 0 256 2 0 4 8 128 0
0 4 64 0 128 8 4 512 0 256 16 2 8 2 256 4 16 2 4 2
8 4 512 0 4 1024 2 8 4 512 2 4 2 4 2 8 512 4 8 4
4 128 8 2 2 4 4 32 32 4 64 4 64 2 4 2 4 2 4 8
4 8 2 4 1024 2 1024 1024 8 2 128 2 2 4 4 4 8 32 256 8
4 128 4 4 8 4 4 256 4 256 32 8 4 4 4 8 32 4 4 8
4 8 4 8 32 64 4 4 4 4 512 1024 8 8 8 16 4 2 8 4
2 128 256 4 64 2 8 4 4 4 8 8 2 2 2 2 2 4 4 4
4 2 4 4 2 4 4 2 8 128 2 8 4 4 128 8 4 2 32 4
2 8 32 32 1024 4 2 4 8 2 8 32 4 2 4 8 4 4 2 512
4 2 1024 8 16 2 8 8 2 4 4 4 4 4 512 1024 4 16 512 4
4 4 64 32 2 4 2 128 4 8 16 32 8 8 4 2 8 8 4 2
Case #98:
4 4 4 4 4 4 2 16 4 8 16 8 4 8 2 4 4 2 128 8
4 4 4 4 2 32 8 4 4 8 4 256 2 2 32 2 4 4 4 2
8 4 16 4 8 4 4 128 2 4 4 1024 8 4 64 32 256 4 8 512
2 2 4 4 1024 4 2 4 4 4 4 128 2 4 4 4 64 4 2 4
8 8 16 2 2 4 8 2 4 4 2 2 4 8 8 4 4 4 4 2
4 4 4 4 8 4 2 4 512 4 1024 4 512 4 2 32 4 8 512 8
4 2 4 512 2 4 512 512 4 4 4 4 4 2 16 16 4 4 4 4
4 64 2 2 128 256 1024 2 4 2 512 64 2 8 2 128 512 2 4 512
4 8 4 4 4 4 4 8 2 1024 1024 8 32 8 4 64 4 8 4 4
2 8 4 2 8 2 0 4 8 2 2 4 4 32 256 2 2 4 2 4
4 4 8 4 0 8 0 32 32 16 1024 0 256 32 64 8 0 2 128 0
2 0 512 0 0 4 0 8 2 2 4 0 1024 2 4 4 0 4 2 0
0 0 8 0 0 0 0 8 256 4 0 0 8 4 16 512 0 0 256 0
0 0 2 0 0 0 0 2 0 0 0 0 2 0 4 0 0 0 0 0
0 0 0 0 0 0 0 0 0 0 0 0 4 0 4 0 0 0 0 0
0 0 0 0 0 0 0 0 0 0 0 0 0 0 1024 0 0 0 0 0
0 0 0 0 0 0 0 0 0 0 0 0 0 0 0 0 0 0 0 0
0 0 0 0 0 0 0 0 0 0 0 0 0 0 0 0 0 0 0 0
0 0 0 0 0 0 0 0 0 0 0 0 0 0 0 0 0 0 0 0
0 0 0 0 0 0 0 0 0 0 0 0 0 0 0 0 0 0 0 0
Case #99:
8 2 4 8 2 2 8 4 4 4 4 2 8 4 8 8 4 2 4 4
2 8 16 2 1024 8 4 4 8 2 4 4 4 2 4 4 1024 8 128 4
8 8 2 4 512 4 16 2 4 8 1024 4 256 8 16 8 2 4 8 4
4 2 8 2 32 4 8 32 4 256 2 4 512 4 4 8 4 8 64 4
512 128 4 1024 8 1024 4 4 2 8 4 512 4 4 2 4 2 1024 8 8
8 4 4 8 2 4 16 2 8 4 512 32 4 4 128 2 4 2 4 32
2 2 4 8 8 2 2 64 4 16 64 2 32 4 4 8 4 4 8 512
4 1024 1024 1024 4 8 8 4 8 8 8 8 8 2 4 64 2 2 4 32
64 2 4 4 512 2 4 8 2 256 2 4 4 128 128 4 8 4 4 4
128 4 2 8 4 512 4 8 8 8 4 16 4 1024 4 4 2 32 4 512
4 2 0 4 2 16 4 4 1024 4 32 512 2 8 256 0 4 4 0 2
2 4 0 2 4 8 0 0 2 2 4 2 1024 0 2 0 512 4 0 8
0 256 0 0 1024 0 0 0 0 4 0 512 4 0 4 0 2 2 0 0
0 2 0 0 0 0 0 0 0 0 0 4 2 0 2 0 4 0 0 0
0 0 0 0 0 0 0 0 0 0 0 0 0 0 0 0 1024 0 0 0
0 0 0 0 0 0 0 0 0 0 0 0 0 0 0 0 0 0 0 0
0 0 0 0 0 0 0 0 0 0 0 0 0 0 0 0 0 0 0 0
0 0 0 0 0 0 0 0 0 0 0 0 0 0 0 0 0 0 0 0
0 0 0 0 0 0 0 0 0 0 0 0 0 0 0 0 0 0 0 0
0 0 0 0 0 0 0 0 0 0 0 0 0 0 0 0 0 0 0 0
Case #100:
0 0 0 0 0 4 2 1024 4 8 512 2 4 8 2 4 8 256 2 8
0 0 0 0 0 0 0 4 8 2 4 4 2 4 2 4 1024 64 2 256
0 0 0 0 0 0 4 8 8 2 8 8 2 4 64 8 2 4 2 4
0 0 0 0 0 0 64 4 512 2 4 4 256 2 4 64 16 4 8 1024
0 0 0 0 0 0 0 0 0 4 256 4 4 8 256 2 4 8 8 4
0 0 0 0 0 0 0 0 0 0 8 8 4 4 8 8 2 8 64 4
0 0 0 0 0 0 2 8 128 2 4 8 8 2 1024 4 8 2 8 4
0 0 0 0 0 0 0 4 4 4 32 4 4 8 32 4 2 4 512 2
0 0 0 0 0 0 0 512 2 4 4 1024 4 4 64 128 4 256 2 4
0 0 0 0 0 256 2 4 8 4 2 32 2 4 8 8 2 4 8 2
0 0 0 0 0 0 0 0 0 2 128 8 4 4 512 2 8 8 4 4
0 0 0 0 0 0 0 2 4 2 512 1024 2 4 8 2 4 2 4 4
0 0 0 0 0 0 0 0 256 8 2 8 2 512 4 2 4 2 8 4
0 0 0 0 0 4 64 2 4 2 4 2 512 2 4 32 4 64 4 2
0 0 0 0 0 0 0 4 1024 4 4 512 64 4 2 8 2 512 32 32
0 0 0 0 0 0 0 0 0 2 32 8 16 4 8 4 8 4 4 2
0 0 0 0 0 0 0 4 2 8 8 16 4 2 8 2 4 2 512 8
0 0 0 0 0 0 0 0 0 2 4 8 2048 4 32 4 4 128 2 4
0 0 0 0 0 32 2 4 2 4 2 4 2 1024 2 16 4 2 4 4
0 0 0 0 0 0 0 0 0 4 2 512 4 2 4 4 4 32 8 64
