Case #1:
 -1
 -1
 -1
 -1
 42
 9
 -1
 -1
 -1
 10
Case #2:
 -1
 1654
 1120
 -1
 -1
 1443
 -1
 3316
 1735
 2428
Case #3:
 2153
 -1
 -1
 -1
 1424
 2637
 -1
 -1
 -1
 -1
Case #4:
 1232
 2167
 -1
 -1
 1593
 1430
 -1
 -1
 1296
 -1
Case #5:
 7
Case #6:
 -1
 1908
 2279
 1450
 2058
 2531
 -1
 1130
 2166
 973
Case #7:
 1053
 1263
 -1
 -1
 1214
 2104
 2087
 -1
 1793
 1181
Case #8:
 825
 468
 409
 1276
 799
 643
 777
 818
 896
 738
Case #9:
 1151
 2466
 763
 1229
 1638
 1763
 1221
 1984
 -1
 1358
Case #10:
 1565
 1958
 1747
 -1
 1141
 1133
 1320
 1266
 240
 899
Case #11:
 478
 -1
 1228
 -1
 -1
 873
 944
 -1
 1519
 -1
Case #12:
 -1
 -1
 -1
 2613
 1670
 390
 1586
 1496
 875
 -1
Case #13:
 1343
 2723
 795
 1657
 -1
 -1
 1012
 -1
 964
 -1
Case #14:
 -1
 -1
 -1
 -1
 -1
 -1
 -1
 -1
 18
 -1
Case #15:
 -1
 1694
 1035
 528
 871
 858
 579
 2225
 -1
 -1
Case #16:
 -1
 -1
 -1
 -1
 -1
 -1
 19
 -1
 -1
 -1
Case #17:
 1481
 -1
 2213
 1361
 461
 3152
 -1
 -1
 -1
 -1
Case #18:
 -1
 1652
 -1
 1514
 -1
 1743
 1995
 626
 -1
 1617
Case #19:
 -1
 1138
 -1
 -1
 746
 1323
 1184
 1512
 764
 -1
Case #20:
 906
 907
 1760
 -1
 -1
 1141
 839
 1743
 -1
 -1
Case #21:
 1080
 512
 1112
 1273
 290
 956
 828
 1674
 728
 1059
Case #22:
 -1
 -1
 -1
 -1
 -1
 28
 -1
 -1
 -1
 -1
Case #23:
 447
 1638
 2136
 2712
 -1
 951
 1515
 1272
 2022
 863
Case #24:
 9401
 1022
 2644
 11557
 26566
 9268
 25198
 13091
 5249
 12302
Case #25:
 1365
 1384
 1295
 2232
 920
 -1
 -1
 2211
 -1
 1187
Case #26:
 456
 2167
 1719
 1038
 2849
 -1
 1243
 2240
 1626
 -1
Case #27:
 -1
 1481
 1231
 2928
 -1
 715
 1456
 2550
 1737
 979
Case #28:
 1404
 982
 787
 2393
 3753
 709
 1428
 2906
 1945
 1260
Case #29:
 6692
 7216
 2257
 26373
 3339
 5376
 5164
 12532
 17611
 702
Case #30:
 1023
 -1
 1773
 1921
 2089
 378
 1319
 1309
 1126
 -1
Case #31:
 383
 239
 1266
 666
 525
 84
 627
 796
 600
 1009
Case #32:
 10322
 22683
 874
 5068
 21913
 5987
 31535
 18980
 14938
 30930
Case #33:
 2486
 2788
 336
 758
 1993
 1005
 829
 707
 542
 839
Case #34:
 -1
 933
 -1
 1972
 428
 -1
 -1
 1046
 1468
 1696
Case #35:
 1898
 921
 699
 1585
 3246
 -1
 -1
 835
 1066
 1027
Case #36:
 -1
 1288
 -1
 2163
 2599
 3031
 3554
 2879
 2386
 -1
Case #37:
 508
 -1
 1792
 -1
 247
 1261
 -1
 819
 1244
 -1
Case #38:
 5
Case #39:
 -1
 -1
 -1
 1080
 1915
 -1
 1630
 -1
 -1
 450
Case #40:
 407
 9660
 6641
 10586
 194
 30846
 3108
 16067
 5887
 804
Case #41:
 -1
 -1
 -1
 1043
 -1
 -1
 402
 -1
 -1
 -1
Case #42:
 1551
 377
 159
 1230
 -1
 1859
 895
 1380
 841
 1426
Case #43:
 1887
 -1
 1544
 894
 1541
 -1
 453
 1809
 317
 1918
Case #44:
 2033
 630
 -1
 2549
 -1
 356
 -1
 1281
 1055
 994
Case #45:
 -1
 851
 -1
 -1
 1280
 -1
 -1
 899
 -1
 1564
Case #46:
 3
Case #47:
 -1
 -1
 -1
 -1
 -1
 -1
 -1
 -1
 -1
 -1
Case #48:
 -1
 -1
 1208
 -1
 -1
 373
 724
 -1
 1723
 -1
Case #49:
 -1
 980
 -1
 1119
 1187
 468
 891
 -1
 1566
 590
Case #50:
 737
 180
 437
 663
 299
 749
 409
 384
 52
 263
Case #51:
 -1
 944
 -1
 1301
 -1
 1435
 -1
 -1
 1502
 -1
Case #52:
 2931
 950
 1813
 1769
 1949
 1071
 1038
 -1
 1794
 -1
Case #53:
 2987
 -1
 1488
 1542
 930
 -1
 -1
 1123
 689
 1470
Case #54:
 498
 2114
 187
 -1
 1697
 947
 1595
 -1
 1308
 2016
Case #55:
 1552
 2599
 2372
 -1
 1298
 -1
 1045
 -1
 868
 -1
Case #56:
 1593
 -1
 -1
 2116
 1149
 2213
 1878
 1691
 -1
 1256
Case #57:
 -1
 2535
 1291
 536
 -1
 -1
 -1
 -1
 -1
 1703
Case #58:
 -1
 -1
 879
 -1
 -1
 1758
 1559
 -1
 -1
 942
Case #59:
 1511
 -1
 1354
 846
 1802
 -1
 1524
 -1
 2158
 2116
Case #60:
 -1
 1627
 2036
 -1
 1164
 -1
 939
 -1
 2236
 -1
Case #61:
 852
 1196
 -1
 -1
 912
 -1
 -1
 836
 -1
 787
Case #62:
 -1
 1548
 1696
 -1
 600
 -1
 1528
 460
 2459
 -1
Case #63:
 4
Case #64:
 4
Case #65:
 2021
 -1
 2240
 -1
 878
 3056
 -1
 2509
 -1
 1210
Case #66:
 193
 670
 96
 846
 78
 940
 835
 908
 628
 943
Case #67:
 1187
 705
 1196
 579
 1107
 -1
 1774
 2681
 1361
 -1
Case #68:
 3440
 1384
 1430
 1729
 -1
 422
 -1
 -1
 748
 1066
Case #69:
 39891
 21084
 21470
 5485
 14538
 7026
 25131
 34919
 3408
 5628
Case #70:
 -1
 -1
 1686
 1373
 -1
 966
 1541
 3248
 222
 158
