100
20
1
123
000100001
010000001
0100000
100100000
10000000
010001000
1210
000100100
001000001
211111000
111000000
000010010
010000000
655111
100000000
201
0103
000110000
100010000
001100000
14100010
000001100
001000100
14131584
001000010
10000
11
010100000
421100000
100000010
000100010
55023
000001010
11111
321110000
011000000
100
14125601
1111
110000000
00021102
100000001
01000
000000011
100001000
000000110
010000
100000
1622311
000001001
02100
1100000
111111
01
010
030
101000000
100000100
11111111
041400
111111111
001010000
10
85881070
0100
03100220
20201
422100000
11000000
222110000
1320010
331110000
303
001001000
010000010
000010001
11000
000500
000010100
000011000
010010000
1111111
20003
110000
1000
112
000101000
101
1000000
110
322100000
000000101
111
13744537
1100
010000100
01000000
