100
1
1
2
1 1
2
1 4
2
1 5
2
1 7
2
1 8
2
1 12
2
1 13
2
1 17
2
1 20
1
2
2
2 1
2
2 3
1
3
1
4
2
4 23
1
5
2
6 1
2
6 4
2
6 6
2
6 23
2
6 24
1
7
1
8
2
8 8
1
9
2
9 5
2
9 23
1
10
2
10 16
2
10 20
2
10 22
1
11
1
12
2
12 1
2
12 16
1
13
2
13 9
1
14
2
14 1
2
14 19
1
15
2
15 1
2
15 20
2
15 22
1
16
2
16 1
2
16 15
2
16 21
1
17
2
17 1
2
17 4
2
17 21
2
17 24
1
18
2
18 22
1
19
2
19 7
2
19 12
2
19 17
2
19 21
1
20
2
20 1
2
20 7
2
20 20
2
20 21
2
20 23
2
20 24
2
20 25
1
21
2
21 3
2
21 12
2
21 22
2
21 23
2
21 24
2
21 25
1
22
2
22 2
2
22 24
2
22 25
1
23
2
23 1
2
23 16
2
23 20
2
23 22
2
23 24
1
24
2
24 1
2
24 6
2
24 15
2
24 16
2
24 21
2
24 22
2
24 23
2
24 24
1
25
2
25 19
2
25 20
2
25 24
2
25 25
