100
9
3 2 9 1 8 4 7 6 5
10
4736 4736 4736 4736 4736 76912 76912 76912 51528 51528
9
8 2 65369 5 3 9 7 4 1
8
63074 33835 38902 98360 33835 98360 52382 52382
9
6 2 1 9 3 4 8 5 7
10
8339 57118 90567 57118 8339 90567 90567 57118 8339 90567
9
5 3 21070 6 7 9 2 4 1
9
8 1 4 3 9 5 28790 2 6
9
10 9 8 7 6 5 4 3 2
9
5 6 7 8 4 2 1 3 9
9
4 5 8 42269 6 3 1 9 2
9
9 6 5 53842 1 8 3 2 4
10
39881 39881 44243 44243 65550 65550 26180 26180 82471 66689
9
9 2 5 7 3 31296 8 4 1
10
56672 53672 12752 70200 15363 53672 56672 70338 70200 15363
9
4 2 5 6 3 86654 1 9 7
9
6 2 85745 7 8 3 1 4 5
10
10699 24040 28592 95264 82933 97312 82933 39764 54746 28592
10
1342 1342 1342 17488 17488 17488 17488 17488 73368 73368
9
1 7 5 2 3 9 8 4 83993
10
20703 20703 20703 20703 20703 2049 19514 19514 19514 19514
9
32978 5 6 2 3 9 1 4 7
9
17064 8 9 4 2 6 7 3 5
10
57381 82153 15523 57381 77027 82153 15523 63375 15523 63375
10
75331 91759 75331 10389 32865 75331 52164 61732 73703 75331
9
2 4 6 9 3 1 5 8 7
9
65756 7 1 6 8 5 2 3 9
9
3 33055 9 8 1 4 2 7 6
10
49144 72113 72113 72113 72113 37839 37839 61181 13236 12543
9
1 2 3 4 5 6 7 8 9
9
2 74154 3 4 8 7 9 5 6
9
5 8124 7 8 9 1 4 3 2
9
6 1 8 4 3 48586 5 2 9
10
71285 71285 71285 71285 71285 11813 11813 97582 97582 97582
9
7 3 6 8 65373 2 4 5 1
9
6 2 1 3 9 7 8 40245 4
9
3 7 4 1 2 8 35512 9 6
9
1 2 3 4 5 6 7 8 1
10
54218 44348 31112 48742 44348 820 28618 98436 28618 31112
5
32482 39860 12734 32482 70718
9
2 4 8 1 3 9 7 19099 5
9
1 7 2 8 42880 9 3 5 6
9
8 2 5 4 6 1 42587 3 7
9
1 9 4 2 5 3 8 7 6
5
73605 63226 53007 31931 53007
10
48687 54075 98565 27331 77370 70243 68712 77370 68712 58394
10
33497 62572 89165 62572 92366 89165 54754 62572 62572 89165
9
8 1 7 6 9 5 3 74101 2
10
70229 36477 97844 7413 96222 36477 97844 70229 96222 70229
9
4 5 20973 6 2 7 9 8 1
6
62030 62030 89938 19941 89938 12172
9
2 8 6 9 3 5 7 4 1
9
7 6 4 3 1 2 5 52795 9
10
9110 80106 80106 8026 8026 12105 12105 30107 48488 56484
10
17188 69378 14740 69378 69378 16515 16515 16515 14740 43167
9
6 5 9 2 7 3 4 1 6182
2
1 1
9
3 7 4 2 9 5 55146 1 6
10
85235 34854 34854 53871 53871 85235 53871 53871 85235 53871
9
65002 1 4 2 3 6 8 5 7
10
20075 64247 53706 42083 23981 20075 69400 23981 44338 44338
9
5 6 7 3 82609 4 1 8 9
10
84990 22671 84990 81611 81611 81611 84990 81611 84990 22671
10
51587 51587 51587 51587 51587 71337 71337 71337 90068 90068
9
6 3 5 1 31680 2 9 8 7
9
9479 7 3 8 5 9 4 6 1
10
80459 4497 71114 80459 4497 26399 79966 26399 79966 4497
9
7 6 8 1 2 5 4 3 9
9
3 1 9 5 32165 6 7 8 2
10
75197 75197 49776 49776 49776 27574 18063 64494 64494 71896
9
3 8 41170 9 1 4 2 5 6
9
8 4 1 9 5 3 2 6 62556
9
1 2 5 9 4 8 25571 3 7
9
5 8 3 9 7 1 83074 6 4
10
7867 7867 92269 92269 92269 92269 87016 87016 87016 87016
9
5 3 9 7 2 6 8 1 4
9
1 8 2 7 9 5 43461 6 4
9
8 9 1 6 7 3 2 4 5
10
20508 84269 94112 84269 20508 84269 84269 20508 94112 84269
10
56686 56686 56686 56686 22311 22311 22311 22311 73283 73283
10
63900 63900 63900 63900 49002 49002 49002 54819 54819 54819
9
9 5 6 3 2 7 8 46841 4
9
6 8812 8 4 9 1 2 7 5
9
9 4 1 3 6 26932 2 5 8
10
47022 47022 47022 33023 33023 33023 38280 38280 38280 38280
9
4591 1 7 4 8 3 5 9 2
9
4 2 9 7 1 5 6 32038 8
7
100000 100000 100000 100000 100000 100000 100000
9
5 94407 6 3 8 9 2 7 1
10
53992 59024 53992 53992 84914 59024 53992 53992 59024 59024
10
79507 56073 79507 89409 30018 18029 97166 74961 24870 18029
1
93797
9
2 1 7 9 8 6 4 3 5
9
65206 3 6 8 9 4 1 5 2
9
6 8 2 3 1 5 54689 7 9
9
1 9 2 5 56190 3 4 7 8
9
5 7 9 96846 6 3 4 8 1
10
26211 26211 26211 26211 26211 26211 74344 74344 74344 7850
10
48943 48943 48943 48943 24231 36703 36703 66548 43704 43704
9
1 3 9 5 4 7 12892 8 2
