20
10 10 0
6 3 5
1 1
5 1
0 0
4 0
2 0
5 10 7
3 7
3 3
1 0
1 1
0 4
2 2
4 0
9 2 4
8 1
7 0
3 1
2 0
4 9 5
1 8
1 3
1 1
1 0
1 6
9 3 1
4 1
6 6 4
5 5
1 2
0 2
1 4
5 7 5
3 0
2 2
0 6
4 3
1 4
7 10 9
5 6
0 7
2 7
2 0
5 1
4 9
0 0
1 2
3 1
8 5 7
6 4
7 1
5 2
4 0
2 4
0 0
6 1
6 4 8
3 0
2 0
3 2
5 3
5 0
4 0
2 2
1 2
9 1 0
3 10 3
1 9
1 6
2 4
6 6 10
0 0
4 4
5 0
1 1
0 5
4 1
2 0
5 4
5 1
2 5
3 9 8
1 5
1 1
1 3
1 2
1 6
2 8
0 6
2 2
5 8 0
5 7 8
1 6
2 1
1 3
2 0
0 4
3 1
3 4
0 1
8 9 2
5 1
6 4
1 8 7
0 5
0 2
0 3
0 6
0 1
0 7
0 0
10 10 7
0 5
4 1
3 2
7 0
5 5
8 5
2 1
