100
815342 815344
378887 765785
8 188843
88 102
573 560624
325 173636
106 174687
266676 816882
58187 403348
606835 636001
181581 181587
803 304387
2 3
867851 867856
615 277253
15 874108
1000 301503
730 702887
251 382717
223 748841
432042 642777
130 231244
16 26
433373 433376
722 251788
500 468247
874 787121
662 703834
254527 254534
886 863868
545 680747
776 551015
601 344458
721 375862
721 748137
485 432671
616 678428
448651 448661
33051 33056
576615 576620
675706 766504
127 217340
357817 357826
77776 77777
514 450347
733 716444
75507 510756
271 128130
714242 714250
302727 750733
146 817658
1 2
152 481542
704802 704810
23 344074
875154 875156
725 162237
53102 762545
31601 31603
206 733325
143336 702638
727 151255
376 243012
436 842171
572141 603725
273 167243
113333 456538
550434 674061
42 271864
152321 152322
411 314661
562 334450
760 723378
87472 87477
386284 386285
624661 767344
438 523824
105883 666638
86075 510812
1 1000000
534 471325
806 122804
860 101384
673 475642
325 827431
672 766151
112737 112742
777763 777765
802054 802057
20414 78487
314 422788
72310 582006
81563 457414
110 872620
34 802256
521 826764
518132 518136
681 834146
52252 806163
355 131621
