100
4
1 1 1 1
1
1
9
2093 2081 505 195 880 1036 1969 751 2129
96
2093 2081 505 195 880 1036 1969 751 2129 2093 2081 505 195 880 1036 1969 751 2129 2093 2081 505 195 880 1036 1969 751 2129 2093 2081 505 195 880 1036 1969 751 2129 2093 2081 505 195 880 1036 1969 751 2129 2093 2081 505 195 880 1036 1969 751 2129 2093 2081 505 195 880 1036 1969 751 2129 2093 2081 505 195 880 1036 1969 751 2129 2093 2081 505 195 880 1036 1969 751 2129 2093 2081 505 195 880 1036 1969 751 2129 2093 2081 505 195 880 1036
92
2466 1505 1017 1381 2218 245 191 2455 1880 1869 478 1170 161 640 206 412 332 1981 454 1924 311 1905 2074 1781 2070 515 547 289 1600 790 1599 2029 1536 1993 1419 1762 684 304 1155 718 1464 1112 1620 1792 1331 1104 2243 813 2056 1862 301 226 2443 341 1494 2474 2153 1727 2265 264 657 1773 1021 489 680 1248 34 1258 673 1732 853 620 907 1807 2150 2159 1343 596 67 1391 785 380 98 2409 890 720 1431 994 1451 237 894 1186
94
332 1089 1981 98 2455 1762 853 1112 1494 1505 67 1905 547 237 191 1104 907 813 657 1391 2409 2056 1993 1258 311 1807 1924 1600 2466 2070 684 341 1727 245 2243 206 1431 1869 1017 1248 2074 454 1620 489 2153 1155 1792 34 631 790 1536 1880 478 994 161 890 1464 596 264 2159 785 1331 1781 894 673 2443 412 515 2265 680 1186 301 720 2150 1419 226 380 1170 289 1343 1451 2474 1599 718 1381 2029 1862 1732 640 304 620 1773 1021 2218
16
4 2 4 1 2 3 1 2 1 3 1 1 1 2 2 3
33
4 2 3 2 2 1 3 1 1 2 1 4 2 3 4 4 1 4 4 3 4 2 1 2 2 3 3 4 3 2 2 1 1
1
2017
49
386 1814 2149 2017 342 824 2499 353 1344 853 574 1848 1113 50 2390 2101 1135 1810 717 1292 130 1343 953 1412 2061 2212 1546 1310 1837 960 1454 1536 1671 1540 1931 2080 305 899 492 321 876 22 2036 1529 914 898 1083 1498 144
82
2284 1421 1014 250 1284 1618 2045 591 970 1233 399 471 2115 1236 513 219 1701 119 1854 884 2032 63 780 2111 2069 1891 1203 2229 1418 2059 481 465 2167 36 2422 1037 2045 2232 2496 1350 2157 1427 869 741 466 1137 1902 1993 1144 1035 1233 1318 2096 1526 2314 300 1055 443 1755 1865 1154 1580 1788 808 2113 408 835 2216 1942 33 2109 803 194 1473 2073 2087 566 1450 843 1011 140 2223
89
1318 140 869 1854 399 2496 2115 2232 1350 2096 2113 2422 219 808 2167 1035 1318 2087 1580 884 2032 591 1154 119 1011 741 63 1788 1418 1473 513 1618 471 2073 1233 1755 300 194 1865 2109 36 1284 835 481 2059 1942 465 443 2229 2223 970 1993 63 2157 2284 443 1055 803 843 1236 250 33 1450 566 1618 1902 2045 869 408 2069 1891 2111 1144 1318 1701 1427 1014 1203 2216 2314 466 1421 2096 2059 1137 1701 1037 1526 780
100
1 1 1 2 1 1 1 1 1 1 1 2 2 2 2 2 1 1 2 2 1 2 2 2 2 1 1 1 2 2 1 2 2 2 1 1 2 1 1 2 1 1 2 2 2 2 1 2 1 2 1 2 2 2 1 1 2 2 2 1 2 1 2 2 1 1 1 2 2 2 1 2 1 2 1 1 2 2 1 2 1 2 1 2 1 1 2 1 1 2 2 2 2 2 1 1 1 2 1 1
100
1 2 2 1 2 1 1 1 2 2 1 2 2 1 2 2 1 2 2 2 2 2 2 2 2 2 1 2 2 1 1 1 1 1 2 2 2 1 2 2 2 2 2 2 1 1 1 2 1 1 2 1 2 2 2 2 1 1 2 2 2 2 1 2 1 1 2 2 2 1 2 1 2 2 1 1 2 1 1 1 2 1 2 2 2 2 1 1 1 2 1 2 2 2 1 1 2 2 1 1
7
1913 502 1014 1400 628 2465 568
98
568 1014 628 2465 502 1014 502 1400 1400 502 1014 1400 502 2465 628 568 568 1400 1913 1400 1913 502 568 568 1913 1913 2465 1913 1400 1014 502 1400 1014 568 502 1400 1913 502 568 1400 568 628 1913 1014 502 2465 2465 2465 1014 1014 502 1014 568 1913 1913 502 1400 568 568 1400 1014 568 628 502 1014 1014 628 628 568 1014 502 568 502 628 2465 1913 568 502 502 502 2465 568 628 502 568 1014 1913 1913 1400 1014 1400 502 1400 1014 1400 568 502 568
100
1 2 3 4 1 2 3 4 1 2 3 4 1 2 3 4 1 2 3 4 1 2 3 4 1 2 3 4 1 2 3 4 1 2 3 4 1 2 3 4 1 2 3 4 1 2 3 4 1 2 3 4 1 2 3 4 1 2 3 4 1 2 3 4 1 2 3 4 1 2 3 4 1 2 3 4 1 2 3 4 1 2 3 4 1 2 3 4 1 2 3 4 1 2 3 4 1 2 3 4
100
2 3 4 1 2 3 4 1 2 3 4 1 2 3 4 1 2 3 4 1 2 3 4 1 2 3 4 1 2 3 4 1 2 3 4 1 2 3 4 1 2 3 4 1 2 3 4 1 2 3 4 1 2 3 4 1 2 3 4 1 2 3 4 1 2 3 4 1 2 3 4 1 2 3 4 1 2 3 4 1 2 3 4 1 2 3 4 1 2 3 4 1 2 3 4 1 2 3 4 1
100
1 2 3 4 1 2 3 4 1 2 3 4 1 2 3 4 1 2 3 4 1 2 3 4 1 2 3 4 1 2 3 4 1 2 3 4 1 2 3 4 1 2 3 4 1 2 3 4 1 2 3 4 1 2 3 4 1 2 3 4 1 2 3 4 1 2 3 4 1 2 3 4 1 2 3 4 1 2 3 4 1 2 3 4 1 2 3 4 1 2 3 4 1 2 3 4 1 2 3 4
100
4 1 2 3 4 1 2 3 4 1 2 3 4 1 2 3 4 1 2 3 4 1 2 3 4 1 2 3 4 1 2 3 4 1 2 3 4 1 2 3 4 1 2 3 4 1 2 3 4 1 2 3 4 1 2 3 4 1 2 3 4 1 2 3 4 1 2 3 4 1 2 3 4 1 2 3 4 1 2 3 4 1 2 3 4 1 2 3 4 1 2 3 4 1 2 3 4 1 2 3
65
7 14 7 6 8 6 13 3 9 11 8 7 10 9 12 7 12 13 3 10 1 7 4 14 10 3 10 5 7 12 1 6 4 13 9 11 9 2 2 11 4 1 1 4 4 4 5 9 1 14 13 4 4 9 3 7 10 7 11 7 10 10 1 11 3
14
9 1 14 11 13 4 5 7 3 8 10 6 2 12
100
1067 1393 1007 411 2313 1067 2430 1985 448 1412 1286 840 2094 554 1545 2494 1165 356 146 348 736 1631 467 219 1653 91 266 1511 1500 109 1950 458 74 527 67 207 377 1106 1091 303 1327 664 1110 318 355 2001 549 281 550 1967 1023 751 833 2336 1846 677 717 637 2243 2233 1403 262 1813 1174 1507 2130 378 1544 2138 1015 2432 1523 1243 1331 1897 1352 2431 936 748 960 113 74 65 1519 1936 1312 2490 1250 1125 2138 441 2188 1161 2101 2284 753 1672 215 467 2339
100
2130 67 677 2313 1672 1165 2431 1007 262 2494 266 1352 554 1250 303 527 936 1519 219 2138 1936 448 549 441 1015 1393 1500 664 348 2430 2001 1286 411 753 2339 281 377 215 1023 2432 1106 378 1831 1312 960 356 1985 318 1523 109 146 355 1174 717 2243 1950 751 2101 1327 1897 2188 776 1091 2233 1403 458 467 1684 1545 74 550 91 840 1125 1846 1412 736 1511 1813 2490 1331 65 1067 1243 1161 207 1653 1110 1631 113 2094 2336 1544 637 2284 1967 1507 833 699 748
20
2381 1777 1275 621 346 129 2291 421 2337 1838 1862 1303 885 300 1763 987 1097 2229 947 937
46
1870 688 1097 1730 468 879 2480 1591 1777 421 947 1984 1932 1236 2082 1275 621 167 300 922 1171 1365 129 830 2097 2291 1838 346 904 511 885 1669 2229 230 1862 2381 387 2121 2143 1906 987 1763 937 2337 1303 165
30
1 1 5 7 7 5 3 5 5 4 3 1 3 4 1 3 4 2 3 7 4 3 4 7 6 7 7 4 6 7
7
3 6 7 4 2 5 1
10
369 1265 1799 159 1223 412 535 1448 486 1061
100
369 1799 1061 535 159 1061 159 369 1448 412 369 1265 535 369 535 1265 1265 159 486 1799 369 1265 1448 1223 535 1061 159 1223 1061 369 1265 1799 1223 1799 1061 1265 1448 1265 412 159 535 535 486 369 1223 159 159 369 1061 1223 412 159 486 159 369 486 535 1799 1223 1061 1061 486 412 1448 486 1223 535 369 1223 535 412 159 369 1265 369 1223 1061 412 1265 1061 535 1799 1223 486 369 159 1223 1799 486 535 159 1448 412 159 369 1223 1223 486 1448 369
94
1138 2247 485 374 658 1637 890 708 28 754 1356 1231 1587 1685 2333 652 1236 2417 611 415 1089 1019 60 2237 1104 2225 2342 2305 2031 1115 161 2472 71 306 1072 784 885 193 1758 1441 330 990 531 2423 315 1731 459 1258 1020 1703 2258 1754 1260 184 572 2062 1426 1051 2490 2209 2487 536 2257 442 1339 1545 1856 1089 2495 465 1563 360 124 943 140 2104 1707 934 1578 191 89 1103 2256 376 109 2428 2493 1838 2071 1250 1773 1203 2288 746
99
943 1339 2423 376 2258 784 161 1426 1236 1587 754 306 1578 374 2247 442 1754 572 1356 2417 536 575 1373 2495 109 193 2257 1838 360 1758 459 1856 124 2031 1089 2256 2472 2104 140 1260 1773 1707 1138 2305 1104 191 206 611 1637 1731 694 1703 71 330 1051 2209 1545 2237 2225 1103 315 1441 746 439 89 1258 2493 2490 60 885 1020 415 1019 2487 1563 184 658 890 1203 990 485 2428 708 1231 2071 1072 465 1685 2062 2342 1216 2288 531 934 2333 1115 1250 28 652
100
1 2 3 1 2 3 1 2 3 1 2 3 1 2 3 1 2 3 1 2 3 1 2 3 1 2 3 1 2 3 1 2 3 1 2 3 1 2 3 1 2 3 1 2 3 1 2 3 1 2 3 1 2 3 1 2 3 1 2 3 1 2 3 1 2 3 1 2 3 1 2 3 1 2 3 1 2 3 1 2 3 1 2 3 1 2 3 1 2 3 1 2 3 1 2 3 1 2 3 1
100
3 3 3 3 3 3 3 3 3 3 3 3 3 3 3 3 3 3 3 3 3 3 3 3 3 3 3 3 3 3 3 3 3 3 2 2 2 2 2 2 2 2 2 2 2 2 2 2 2 2 2 2 2 2 2 2 2 2 2 2 2 2 2 2 2 2 2 1 1 1 1 1 1 1 1 1 1 1 1 1 1 1 1 1 1 1 1 1 1 1 1 1 1 1 1 1 1 1 1 1
100
2 1 2 1 2 1 2 1 2 1 1 1 1 2 2 2 1 2 2 2 2 1 1 2 1 2 1 1 2 1 1 1 1 1 1 1 2 1 2 2 1 1 2 1 2 2 2 2 1 2 1 1 1 1 1 1 2 2 1 2 2 2 2 1 1 1 1 1 1 1 2 1 1 2 1 1 2 2 1 1 1 2 2 1 1 1 2 1 2 1 1 1 1 1 2 2 2 2 1 1
100
2 1 2 1 2 1 2 2 1 2 1 2 1 1 2 1 2 2 1 2 2 1 1 1 1 2 1 2 1 2 1 2 2 2 2 1 1 1 2 2 2 2 1 2 2 2 2 1 2 2 1 2 2 1 2 2 2 1 2 1 2 1 1 1 1 2 2 2 1 1 2 1 1 2 1 2 1 1 2 1 2 2 2 2 2 1 1 1 1 1 2 1 2 2 1 1 1 1 1 2
100
529 718 1500 886 711 1757 1325 176 1302 661 105 1298 1596 1771 1973 1991 660 2045 1709 459 1970 1582 1087 395 1628 990 2004 2168 872 351 1386 335 636 2067 1646 1627 768 1282 913 2023 1839 1675 1573 1224 2082 147 1959 1303 2334 353 497 1408 599 2187 841 2495 1228 1054 551 1488 589 1761 471 1165 1753 1084 1529 161 2346 876 1673 938 563 2131 325 2243 1630 126 1422 1162 936 1872 1114 1978 1426 342 1274 2192 2066 1155 1095 2042 677 813 283 2058 758 1290 1109 1003
100
1165 938 342 876 1155 1646 563 1596 471 768 161 2023 1109 886 1386 1228 2042 936 841 1573 325 2058 1426 990 758 1084 2004 2045 1529 353 1302 2192 2067 1991 529 1959 1973 1488 126 1087 2131 1224 660 1003 395 599 1422 1290 2495 872 459 1757 497 2346 1114 1978 283 1761 636 1274 677 711 176 335 913 813 2334 2066 147 1095 589 1753 1628 1970 2082 1298 1162 1282 1771 1582 2187 1630 1054 1709 661 1839 1673 551 351 2243 1325 1408 1675 718 2168 1500 105 1872 1627 1303
100
2057 2466 1626 416 290 2194 1505 631 1598 348 1054 410 1884 2113 1637 2340 1633 856 1660 2282 2155 83 548 2060 127 2450 1962 1758 998 470 2189 221 1493 134 832 2414 2160 566 1614 451 1734 2214 199 103 1658 1751 73 256 641 1711 1559 1347 5 1320 193 396 1200 2397 351 803 201 1099 1699 755 1510 2035 1078 1930 547 2307 1059 2242 54 1613 1319 2113 429 1485 348 1236 259 215 743 1362 2388 124 674 556 1690 2311 1792 1843 1032 2321 756 1487 692 2497 2380 2346
100
1614 743 396 1078 1505 692 1493 193 1200 566 2214 2160 127 1613 1843 1054 756 54 201 641 1758 410 1598 124 134 2189 348 2321 290 832 1543 2346 1792 2035 351 1485 674 1660 2466 103 1962 256 998 2497 755 1487 631 1319 2307 215 2311 1099 470 2113 1884 199 556 1347 1930 2060 1751 429 2155 2057 1559 1637 73 1510 1734 451 2414 1711 2282 548 2397 1032 2450 1633 416 1962 221 1658 2380 803 1059 2242 259 2194 1626 1362 547 5 2388 1236 2340 83 1320 856 1699 1690
7
1891 2051 951 1217 1491 198 588
86
1491 198 198 198 588 588 1891 1491 2051 1491 198 1491 1217 2051 1217 198 1891 1491 198 2051 198 1217 1217 1217 951 1491 588 951 588 198 1491 198 1217 951 951 2051 2051 198 1891 951 1491 951 1217 2051 2051 198 198 2051 588 1217 198 1891 588 198 1891 588 1217 2051 198 1891 198 1491 951 588 1891 588 1217 1891 1217 1217 951 2051 588 1491 1891 198 951 2051 198 1217 1891 1491 198 2051 951 2051
95
6 5 2 19 16 20 10 20 10 3 5 4 8 9 16 3 19 2 6 5 10 13 3 11 20 19 5 3 12 4 8 2 20 7 11 11 1 13 14 17 5 4 14 3 5 14 3 16 5 10 17 19 8 20 19 10 4 11 4 19 15 5 16 15 18 1 4 11 14 4 14 5 3 14 5 19 17 14 18 12 5 5 14 8 13 12 16 7 20 4 15 4 12 1 7
20
7 4 20 11 9 8 14 12 15 10 18 17 1 6 19 16 13 3 2 5
100
1 2 3 4 1 2 3 4 1 2 3 4 1 2 3 4 1 2 3 4 1 2 3 4 1 2 3 4 1 2 3 4 1 2 3 4 1 2 3 4 1 2 3 4 1 2 3 4 1 2 3 4 1 2 3 4 1 2 3 4 1 2 3 4 1 2 3 4 1 2 3 4 1 2 3 4 1 2 3 4 1 2 3 4 1 2 3 4 1 2 3 4 1 2 3 4 1 2 3 4
100
1 1 1 1 1 1 1 1 1 1 1 1 1 1 1 1 1 1 1 1 1 1 1 1 1 2 2 2 2 2 2 2 2 2 2 2 2 2 2 2 2 2 2 2 2 2 2 2 2 2 3 3 3 3 3 3 3 3 3 3 3 3 3 3 3 3 3 3 3 3 3 3 3 3 3 4 4 4 4 4 4 4 4 4 4 4 4 4 4 4 4 4 4 4 4 4 4 4 4 4
100
1 2 3 4 1 2 3 4 1 2 3 4 1 2 3 4 1 2 3 4 1 2 3 4 1 2 3 4 1 2 3 4 1 2 3 4 1 2 3 4 1 2 3 4 1 2 3 4 1 2 3 4 1 2 3 4 1 2 3 4 1 2 3 4 1 2 3 4 1 2 3 4 1 2 3 4 1 2 3 4 1 2 3 4 1 2 3 4 1 2 3 4 1 2 3 4 1 2 3 4
100
4 4 4 4 4 4 4 4 4 4 4 4 4 4 4 4 4 4 4 4 4 4 4 4 4 3 3 3 3 3 3 3 3 3 3 3 3 3 3 3 3 3 3 3 3 3 3 3 3 3 2 2 2 2 2 2 2 2 2 2 2 2 2 2 2 2 2 2 2 2 2 2 2 2 2 1 1 1 1 1 1 1 1 1 1 1 1 1 1 1 1 1 1 1 1 1 1 1 1 1
77
15 2 1 10 14 9 7 9 10 10 13 1 4 10 6 14 3 9 8 16 1 12 2 12 8 11 5 3 11 9 13 3 11 2 16 13 10 2 3 5 4 3 16 9 2 3 11 9 11 10 13 4 4 11 7 4 10 16 16 1 15 4 11 11 3 1 11 13 11 16 10 8 2 14 6 5 6
16
3 7 8 10 15 6 11 13 2 4 5 14 12 9 1 16
100
3 2 1 1 2 2 1 2 3 2 2 2 3 2 3 3 1 2 1 1 2 3 2 3 2 1 3 1 3 1 3 2 2 2 1 3 2 1 3 2 3 2 2 2 2 1 2 3 1 2 3 1 1 2 2 2 2 1 2 2 2 1 1 3 3 2 2 3 3 2 2 1 2 2 1 3 1 2 3 3 3 2 2 1 3 3 1 1 1 2 2 1 3 1 3 2 3 3 2 1
100
3 3 1 1 2 2 1 2 1 2 1 3 3 1 1 1 1 1 3 2 2 2 1 3 2 2 1 3 1 2 1 3 3 3 2 1 1 2 3 3 1 3 3 2 3 1 3 1 2 3 1 2 2 2 3 2 2 1 1 2 2 3 2 2 1 3 3 1 1 2 3 1 3 2 1 2 3 1 2 1 3 1 3 2 1 1 3 2 2 2 3 2 3 2 3 1 3 3 2 1
100
2 1 2 2 1 2 3 2 2 2 3 2 3 2 1 3 3 3 1 1 3 1 2 1 3 1 2 3 2 2 1 1 3 2 2 1 3 1 2 2 2 2 1 3 2 3 1 1 1 3 2 2 2 2 3 1 1 1 1 2 2 2 2 2 1 3 3 1 2 3 2 2 1 3 3 2 1 2 3 3 3 3 3 3 3 2 2 1 3 1 3 3 1 2 2 1 1 3 2 3
100
2 2 2 2 1 3 1 3 3 1 2 3 3 3 3 3 2 2 1 1 2 2 1 3 2 2 1 1 2 2 2 2 3 1 2 1 2 3 3 3 3 1 1 2 2 1 1 2 2 1 1 3 2 2 3 3 2 3 2 3 1 1 3 1 1 3 1 3 2 3 2 2 1 1 1 3 1 2 2 3 1 3 2 3 1 2 3 3 2 2 3 3 1 1 2 2 1 2 2 2
30
1364 829 815 507 975 241 485 606 660 432 1523 856 20 332 150 576 2014 524 1640 2017 489 1102 208 922 356 1011 2470 1287 1581 2475
30
829 922 332 489 20 150 432 241 1102 356 524 576 2017 1011 1287 1523 660 1581 507 1640 485 975 208 2470 815 856 1364 606 2475 2014
79
632 1549 611 1544 1644 2229 2438 330 1253 2473 536 915 583 1559 1024 1502 457 291 1794 309 1483 134 2330 190 176 1094 583 1507 862 1105 391 124 745 710 337 1201 1190 65 1534 422 2335 1212 567 2330 1795 1871 447 2410 140 2320 1654 1035 1966 895 1437 1781 767 2052 1235 854 188 2005 1515 644 1658 1505 681 98 2497 1909 1605 1610 478 1229 1059 2401 2390 813 361
90
895 567 2320 2473 2438 1024 611 710 767 1094 1229 1253 1792 2330 478 583 745 566 1966 330 915 176 1201 2390 1795 1544 190 291 813 1644 1610 1505 391 2052 2225 1483 2335 124 1507 1091 1105 457 1674 1437 98 447 422 1059 2229 1871 65 1654 1658 140 188 1640 1239 632 1515 2410 337 536 862 2497 1502 905 1035 1909 854 1605 134 652 309 1534 1212 1235 2005 2298 681 1559 1794 1781 1190 1549 2401 1388 1952 644 361 1843
100
1 2 3 4 5 1 2 3 4 5 1 2 3 4 5 1 2 3 4 5 1 2 3 4 5 1 2 3 4 5 1 2 3 4 5 1 2 3 4 5 1 2 3 4 5 1 2 3 4 5 1 2 3 4 5 1 2 3 4 5 1 2 3 4 5 1 2 3 4 5 1 2 3 4 5 1 2 3 4 5 1 2 3 4 5 1 2 3 4 5 1 2 3 4 5 1 2 3 4 5
100
1 1 1 1 1 1 1 1 1 1 1 1 1 1 1 1 1 1 1 1 2 2 2 2 2 2 2 2 2 2 2 2 2 2 2 2 2 2 2 2 3 3 3 3 3 3 3 3 3 3 3 3 3 3 3 3 3 3 3 3 4 4 4 4 4 4 4 4 4 4 4 4 4 4 4 4 4 4 4 4 5 5 5 5 5 5 5 5 5 5 5 5 5 5 5 5 5 5 5 5
6
170 96 1964 405 839 2014
66
839 2014 839 170 96 96 170 1964 405 170 170 1964 405 170 96 170 839 96 405 839 170 2014 170 96 405 839 839 839 839 405 170 839 1964 170 839 839 1964 170 2014 1964 405 96 96 839 2014 839 839 1964 2014 96 170 2014 2014 2014 170 170 2014 2014 2014 405 170 1964 2014 405 170 405
100
1384 1922 1972 454 1840 466 277 1859 1501 1220 24 1153 1840 236 499 2068 1581 1172 755 2001 1531 605 627 1171 2010 1998 413 590 448 541 187 488 1284 2203 1789 1234 1332 1220 757 637 2227 512 806 2164 1735 1773 1012 695 2078 499 994 1548 2160 2095 1826 1099 1981 225 1256 322 317 2070 2460 123 2279 1113 436 431 952 1663 273 84 1125 2070 867 1286 2476 558 472 1946 618 1455 587 2101 1093 1394 103 560 621 1271 2025 5 644 511 1313 148 2404 1219 215 2208
100
867 317 2460 1548 225 273 1394 560 1286 541 2164 1172 448 2095 187 637 2160 1922 148 755 511 558 1859 1171 1946 5 413 215 1384 2101 994 1256 454 605 621 2404 637 1455 590 2025 236 512 1981 1332 1219 1234 413 2001 123 2227 1271 806 472 627 757 2208 103 1501 488 1663 587 322 1125 1284 695 436 2070 1581 618 84 431 1220 2068 1113 1972 2203 1826 2078 1789 1153 2010 24 1998 1981 2476 1531 1773 952 1840 277 1313 1099 644 466 1093 2279 499 1735 695 1012
100
1 2 1 2 1 2 1 2 1 2 1 2 1 2 1 2 1 2 1 2 1 2 1 2 1 2 1 2 1 2 1 2 1 2 1 2 1 2 1 2 1 2 1 2 1 2 1 2 1 2 1 2 1 2 1 2 1 2 1 2 1 2 1 2 1 2 1 2 1 2 1 2 1 2 1 2 1 2 1 2 1 2 1 2 1 2 1 2 1 2 1 2 1 2 1 2 1 2 1 2
100
1 2 1 2 1 2 1 2 1 2 1 2 1 2 1 2 1 2 1 2 1 2 1 2 1 2 1 2 1 2 1 2 1 2 1 2 1 2 1 2 1 2 1 2 1 2 1 2 1 2 1 2 1 2 1 2 1 2 1 2 1 2 1 2 1 2 1 2 1 2 1 2 1 2 1 2 1 2 1 2 1 2 1 2 1 2 1 2 1 2 1 2 1 2 1 2 1 2 1 2
1
1
100
1135 895 174 1888 2221 1460 407 498 343 475 1933 1607 622 423 1689 1640 2345 1528 1457 1475 171 213 2061 948 733 875 1930 1435 1353 177 350 273 1485 11 1457 574 2102 181 193 2460 688 1850 1123 1777 503 2174 1322 1973 1936 1546 2021 2264 1341 1302 2490 1618 1774 1735 1234 1792 864 99 1774 1801 507 391 1601 1137 1187 2026 2142 1118 582 92 615 2107 528 1862 168 427 2157 2363 1 799 449 89 390 129 2491 2366 926 2436 1867 430 2142 72 951 1556 130 819
100
1 2 3 1 2 3 1 2 3 1 2 3 1 2 3 1 2 3 1 2 3 1 2 3 1 2 3 1 2 3 1 2 3 1 2 3 1 2 3 1 2 3 1 2 3 1 2 3 1 2 3 1 2 3 1 2 3 1 2 3 1 2 3 1 2 3 1 2 3 1 2 3 1 2 3 1 2 3 1 2 3 1 2 3 1 2 3 1 2 3 1 2 3 1 2 3 1 2 3 1
100
1 2 3 1 2 3 1 2 3 1 2 3 1 2 3 1 2 3 1 2 3 1 2 3 1 2 3 1 2 3 1 2 3 1 2 3 1 2 3 1 2 3 1 2 3 1 2 3 1 2 3 1 2 3 1 2 3 1 2 3 1 2 3 1 2 3 1 2 3 1 2 3 1 2 3 1 2 3 1 2 3 1 2 3 1 2 3 1 2 3 1 2 3 1 2 3 1 2 3 1
61
3 3 3 3 5 13 6 12 3 8 9 5 5 5 7 11 9 2 8 4 1 13 10 5 10 11 2 12 13 11 7 12 6 9 9 1 13 1 13 3 12 4 13 12 9 8 8 3 9 13 3 2 9 7 3 9 5 1 5 9 11
13
1 2 7 12 9 13 10 3 11 8 5 4 6
100
1 2 3 1 2 3 1 2 3 1 2 3 1 2 3 1 2 3 1 2 3 1 2 3 1 2 3 1 2 3 1 2 3 1 2 3 1 2 3 1 2 3 1 2 3 1 2 3 1 2 3 1 2 3 1 2 3 1 2 3 1 2 3 1 2 3 1 2 3 1 2 3 1 2 3 1 2 3 1 2 3 1 2 3 1 2 3 1 2 3 1 2 3 1 2 3 1 2 3 1
100
3 1 1 2 3 1 2 3 1 2 3 1 2 3 1 2 3 1 2 3 1 2 3 1 2 3 1 2 3 1 2 3 1 2 3 1 2 3 1 2 3 1 2 3 1 2 3 1 2 3 1 2 3 1 2 3 1 2 3 1 2 3 1 2 3 1 2 3 1 2 3 1 2 3 1 2 3 1 2 3 1 2 3 1 2 3 1 2 3 1 2 3 1 2 3 1 2 3 1 2
100
1 2 3 4 1 2 3 4 1 2 3 4 1 2 3 4 1 2 3 4 1 2 3 4 1 2 3 4 1 2 3 4 1 2 3 4 1 2 3 4 1 2 3 4 1 2 3 4 1 2 3 4 1 2 3 4 1 2 3 4 1 2 3 4 1 2 3 4 1 2 3 4 1 2 3 4 1 2 3 4 1 2 3 4 1 2 3 4 1 2 3 4 1 2 3 4 1 2 3 4
100
3 4 1 2 3 4 1 2 3 4 1 2 3 4 1 2 3 4 1 2 3 4 1 2 3 4 1 2 3 4 1 2 3 4 1 2 3 4 1 2 3 4 1 2 3 4 1 2 3 4 1 2 3 4 1 2 3 4 1 2 3 4 1 2 3 4 1 2 3 4 1 2 3 4 1 2 3 4 1 2 3 4 1 2 3 4 1 2 3 4 1 2 3 4 1 2 3 4 1 2
100
3 3 2 3 3 3 1 1 2 2 3 2 1 2 2 3 1 1 2 2 3 2 3 3 1 1 3 1 1 1 3 3 2 2 2 1 1 1 2 1 2 3 1 2 2 3 2 1 1 2 2 2 1 3 3 1 2 1 1 1 2 2 1 2 2 3 1 3 1 1 1 3 3 3 3 2 1 1 1 3 2 3 1 1 2 2 1 1 3 2 3 1 1 3 1 2 3 1 2 2
100
3 2 3 2 3 3 3 2 2 1 1 2 1 2 1 3 3 1 3 1 2 1 3 1 1 3 1 1 2 2 2 3 1 2 1 2 1 1 2 1 1 2 3 1 2 1 2 1 1 3 3 2 1 1 1 3 1 3 1 1 2 3 3 1 1 2 1 3 1 3 2 3 1 1 2 2 2 2 3 2 3 2 2 2 1 1 2 2 1 1 3 2 2 2 3 2 3 1 2 3
60
13 5 10 4 8 9 3 2 11 10 10 5 7 10 6 11 3 10 11 12 8 11 13 8 9 5 6 2 9 9 1 13 11 1 8 4 5 7 13 12 1 5 6 5 2 6 7 11 10 9 4 6 7 11 8 3 3 3 7 7
13
1 6 4 13 7 3 10 2 11 9 5 12 8
100
1 2 3 1 2 3 1 2 3 1 2 3 1 2 3 1 2 3 1 2 3 1 2 3 1 2 3 1 2 3 1 2 3 1 2 3 1 2 3 1 2 3 1 2 3 1 2 3 1 2 3 1 2 3 1 2 3 1 2 3 1 2 3 1 2 3 1 2 3 1 2 3 1 2 3 1 2 3 1 2 3 1 2 3 1 2 3 1 2 3 1 2 3 1 2 3 1 2 3 1
100
1 1 1 1 1 1 1 1 1 1 1 1 1 1 1 1 1 1 1 1 1 1 1 1 1 1 1 1 1 1 1 1 1 2 2 2 2 2 2 2 2 2 2 2 2 2 2 2 2 2 2 2 2 2 2 2 2 2 2 2 2 2 2 2 2 2 3 3 3 3 3 3 3 3 3 3 3 3 3 3 3 3 3 3 3 3 3 3 3 3 3 3 3 3 3 3 3 3 3 3
82
13 7 8 3 8 9 5 9 8 15 11 14 15 3 3 2 5 17 4 11 7 1 4 3 14 11 4 8 12 17 12 2 6 1 15 13 2 8 10 8 2 8 5 1 6 12 16 5 1 3 10 10 14 13 4 7 9 3 4 7 11 6 16 8 17 9 1 17 10 16 17 8 10 1 11 5 16 17 7 9 16 10
61
15 13 11 5 12 1 8 9 2 15 12 12 4 3 8 13 10 4 8 3 3 2 16 5 4 11 8 5 14 7 12 5 7 16 6 12 12 15 1 16 14 6 2 11 15 7 6 5 5 10 4 7 13 12 17 15 16 3 3 17 5
100
3 1 3 1 1 3 2 3 3 1 3 2 1 2 2 3 1 1 1 1 2 1 3 2 1 1 3 2 3 3 2 1 2 1 3 3 2 1 1 3 2 1 2 3 2 2 2 3 3 1 1 1 1 1 2 1 1 2 1 3 1 1 2 2 2 2 1 3 3 3 2 2 1 1 2 2 1 3 3 2 1 3 3 2 1 1 2 1 3 3 3 1 2 1 2 1 1 1 1 2
100
2 3 2 2 3 3 3 2 1 3 1 3 1 3 2 1 2 3 1 1 1 3 2 2 3 1 3 2 1 1 1 2 2 3 2 3 2 3 3 2 2 2 1 3 2 3 1 3 1 1 1 3 1 3 2 3 1 2 2 3 3 2 3 2 3 2 1 2 2 2 2 1 2 3 1 2 2 3 3 2 1 2 1 2 1 3 3 2 1 2 1 3 2 1 2 3 1 2 2 2
100
1 2 3 4 5 1 2 3 4 5 1 2 3 4 5 1 2 3 4 5 1 2 3 4 5 1 2 3 4 5 1 2 3 4 5 1 2 3 4 5 1 2 3 4 5 1 2 3 4 5 1 2 3 4 5 1 2 3 4 5 1 2 3 4 5 1 2 3 4 5 1 2 3 4 5 1 2 3 4 5 1 2 3 4 5 1 2 3 4 5 1 2 3 4 5 1 2 3 4 5
100
5 5 5 5 5 5 5 5 5 5 5 5 5 5 5 5 5 5 5 5 4 4 4 4 4 4 4 4 4 4 4 4 4 4 4 4 4 4 4 4 3 3 3 3 3 3 3 3 3 3 3 3 3 3 3 3 3 3 3 3 2 2 2 2 2 2 2 2 2 2 2 2 2 2 2 2 2 2 2 2 1 1 1 1 1 1 1 1 1 1 1 1 1 1 1 1 1 1 1 1
84
1164 1516 1344 133 2027 181 80 1778 87 389 1341 145 1419 1830 2105 2415 76 1354 460 2278 923 934 66 2500 2364 1482 2255 1907 1380 875 1787 1732 1037 1461 1919 1764 1634 407 625 215 142 2309 1426 852 1503 1082 639 961 565 545 2211 1722 2223 1696 508 671 687 189 2176 1186 240 245 966 1354 1611 1651 2052 253 103 775 211 2360 568 2354 1347 2302 267 431 1155 700 515 1945 2448 1306
89
1206 267 80 1722 407 852 1164 2309 2211 87 875 508 1251 775 2027 2354 565 1764 1778 1037 66 700 687 1354 2255 2448 1380 2302 76 431 211 639 2052 1482 103 377 625 934 253 1651 189 181 1718 142 2223 1516 1907 240 1503 1461 1347 515 545 966 1696 2278 568 256 2360 245 961 1344 1634 145 1919 923 1945 2364 671 1306 1341 1082 1426 133 1787 1186 2105 1830 2176 1419 2068 1732 2500 2415 215 1155 460 1611 389
100
1 1 1 2 2 1 1 1 2 2 2 2 1 2 2 2 1 1 2 2 2 1 2 1 2 1 2 1 1 2 1 1 2 1 2 1 1 1 1 1 1 1 1 1 2 1 1 2 2 1 2 1 2 2 1 2 1 2 2 2 2 2 1 2 2 2 2 1 1 1 1 2 2 2 2 1 2 1 1 2 1 1 2 2 1 2 1 1 2 2 2 1 1 2 2 2 2 1 2 1
100
2 2 2 1 2 1 1 1 1 1 2 2 2 1 1 2 2 2 1 2 1 1 1 2 1 2 1 1 2 2 2 2 1 1 1 1 2 2 2 1 1 1 1 1 2 2 2 1 1 2 2 2 2 1 2 1 1 1 1 2 2 1 1 1 1 1 2 2 1 1 1 1 1 1 2 2 2 1 1 1 1 2 1 2 1 2 2 1 2 1 1 2 1 1 1 1 1 1 2 1
12
3 3 2 2 3 1 1 3 1 1 1 3
3
2 3 1
82
2369 1868 968 2271 2102 1287 96 2026 1870 946 2307 2167 1695 17 439 605 571 665 563 987 1167 384 502 2014 1317 1362 462 467 1477 1136 989 357 1231 2279 1271 1945 2373 162 524 302 260 2136 867 1571 467 1584 1045 1576 1886 546 496 1393 2316 356 1883 2152 746 641 2455 2421 1056 618 1385 1160 1673 1718 1054 998 837 1146 2380 1278 2104 1157 1871 1837 421 1880 924 2193 1966 2201
87
924 571 2373 524 1571 1870 1136 2421 1880 987 1883 998 2102 605 162 260 1271 462 1287 2152 2014 2279 96 1231 1673 561 2136 1886 17 1393 1278 546 1056 2307 1160 618 968 1385 2104 1871 989 1519 384 1146 439 1167 1576 867 2271 1477 2201 302 467 1045 946 563 496 356 1157 1945 665 2455 2167 1756 2141 746 120 837 2316 2026 2380 502 1362 2369 1837 1584 1868 1718 641 357 1317 421 91 1966 1695 2193 1054
100
1 2 2 1 1 2 2 1 1 1 2 1 1 2 2 1 3 1 2 3 2 1 1 1 1 2 1 1 3 1 1 2 2 3 2 1 1 2 2 1 3 1 1 2 2 2 1 1 2 3 3 2 1 2 3 3 2 3 2 2 1 1 1 3 1 2 2 1 3 1 1 2 3 2 1 1 1 2 1 3 1 2 2 2 3 3 1 3 2 2 3 1 1 2 2 3 3 3 1 2
100
3 3 1 1 1 3 3 1 2 3 1 1 1 1 1 1 1 1 3 3 1 2 3 1 2 2 1 2 1 1 2 2 1 1 3 1 1 1 1 2 3 2 1 3 1 1 3 3 3 2 3 1 1 1 2 1 3 1 3 3 3 2 1 1 3 2 2 3 2 1 1 2 3 2 3 2 3 1 3 3 3 2 3 3 2 1 1 3 3 2 1 3 1 2 2 3 1 2 1 3
65
676 198 2129 2049 158 276 1370 2095 127 2249 2193 1002 132 1366 1470 1575 595 2448 76 933 1740 284 2092 1309 476 1308 587 14 2127 250 182 832 1499 2342 57 918 1609 369 1505 951 1794 2332 1666 186 1222 1145 148 1918 47 890 798 741 435 1343 41 1191 66 2057 2013 1524 2414 1815 1382 1824 1342
83
1666 1575 918 66 1222 2264 2332 2448 2013 2129 2049 301 182 2092 1499 435 1124 284 2249 14 1609 1191 1740 1309 951 369 798 2057 1815 89 41 1794 47 158 1505 1524 676 132 2397 2414 1342 250 356 1470 1002 148 1343 276 2481 1370 1308 1162 890 1366 2095 2342 1866 826 1824 186 768 595 2253 440 57 476 2242 127 76 180 1382 2127 2090 1918 1145 832 587 741 933 2193 2045 198 1521
34
246 1020 490 113 1347 1674 1983 689 1391 1345 1866 1983 2285 2269 78 776 2282 1643 1064 831 1184 1072 302 2368 133 2431 928 1480 698 2457 853 1911 1854 51
66
1810 776 1020 581 1204 1643 789 1754 1347 1630 1983 1064 1480 2494 996 1854 246 113 812 211 1868 928 1072 270 2368 1784 133 1391 1197 495 2060 1866 703 1891 698 241 302 490 689 853 1438 2326 2484 2282 688 1345 2457 1114 2285 2431 965 1976 1131 2045 831 51 2203 1650 2269 636 1595 1290 1184 78 1911 1674
61
2240 1029 2294 773 770 2226 2441 1905 1381 753 735 2163 738 46 174 1638 248 1701 1894 2329 620 755 1566 1661 2197 1833 1227 189 1750 841 2402 287 1190 397 1531 1096 2030 1096 1452 2331 675 1793 221 501 1142 1647 2232 876 2066 1891 310 1617 2048 675 1960 1881 2079 547 1273 1331 1168
92
1227 2232 227 1683 1400 2048 755 547 1331 753 1227 1661 1701 1273 2441 77 1905 1617 2331 1891 1029 1881 770 1096 885 1531 643 1833 1190 1191 1958 315 2226 1948 2066 310 189 591 2294 2197 1793 1960 287 1142 675 1303 193 1566 1168 46 1065 2007 638 2028 620 1987 1540 1750 1647 1322 1688 501 174 102 738 1452 1603 1411 1248 2054 977 2402 2329 2030 876 2180 324 1638 221 397 841 2119 1381 735 773 2240 1348 248 2079 1894 1409 2163
100
1 2 3 4 5 6 1 2 3 4 5 6 1 2 3 4 5 6 1 2 3 4 5 6 1 2 3 4 5 6 1 2 3 4 5 6 1 2 3 4 5 6 1 2 3 4 5 6 1 2 3 4 5 6 1 2 3 4 5 6 1 2 3 4 5 6 1 2 3 4 5 6 1 2 3 4 5 6 1 2 3 4 5 6 1 2 3 4 5 6 1 2 3 4 5 6 1 2 3 4
100
6 6 6 6 6 6 6 6 6 6 6 6 6 6 6 6 6 6 6 6 5 5 5 5 5 5 5 5 5 5 5 5 5 5 5 5 4 4 4 4 4 4 4 4 4 4 4 4 4 4 4 4 3 3 3 3 3 3 3 3 3 3 3 3 3 3 3 3 2 2 2 2 2 2 2 2 2 2 2 2 2 2 2 2 1 1 1 1 1 1 1 1 1 1 1 1 1 1 1 1
32
4 4 3 4 4 2 3 6 7 4 7 3 3 2 1 7 4 1 5 6 4 4 1 6 1 1 6 3 5 6 2 7
51
7 3 6 5 2 6 7 7 2 3 5 6 7 3 7 1 1 5 5 6 2 3 1 3 2 3 1 7 7 2 4 4 5 2 7 4 4 1 1 2 4 6 2 3 7 5 3 2 3 4 7
30
279 553 2500 2100 393 1867 265 1941 1979 484 1239 1546 1782 895 1742 120 1157 513 1073 631 367 2458 1309 2212 894 2006 206 1948 1775 1529
99
1073 1742 1782 1941 1742 484 265 1239 895 120 553 1867 1867 1157 1948 1775 2100 1309 1309 1782 2006 484 553 265 279 1742 1782 553 265 2458 393 2500 2458 120 2458 1941 393 1157 1775 2006 279 1073 894 1546 279 1157 393 1948 513 2500 120 393 1948 120 1546 1309 1529 393 1309 1941 2212 484 1979 895 1073 206 895 367 1239 1948 1073 1309 1867 1948 2100 553 1742 279 2212 1782 1979 553 1073 513 1867 1742 1239 1309 1309 120 393 631 206 894 1775 553 631 206 2100
1
615
56
615 615 615 615 615 615 615 615 615 615 615 615 615 615 615 615 615 615 615 615 615 615 615 615 615 615 615 615 615 615 615 615 615 615 615 615 615 615 615 615 615 615 615 615 615 615 615 615 615 615 615 615 615 615 615 615
13
2 3 3 2 1 3 3 1 2 1 3 2 3
17
1 2 2 3 2 3 1 1 2 3 2 3 2 3 2 3 2
100
1 2 1 2 1 2 1 2 1 2 1 2 1 2 1 2 1 2 1 2 1 2 1 2 1 2 1 2 1 2 1 2 1 2 1 2 1 2 1 2 1 2 1 2 1 2 1 2 1 2 1 2 1 2 1 2 1 2 1 2 1 2 1 2 1 2 1 2 1 2 1 2 1 2 1 2 1 2 1 2 1 2 1 2 1 2 1 2 1 2 1 2 1 2 1 2 1 2 1 2
100
2 1 2 1 2 1 2 1 2 1 2 1 2 1 2 1 2 1 2 1 2 1 2 1 2 1 2 1 2 1 2 1 2 1 2 1 2 1 2 1 2 1 2 1 2 1 2 1 2 1 2 1 2 1 2 1 2 1 2 1 2 1 2 1 2 1 2 1 2 1 2 1 2 1 2 1 2 1 2 1 2 1 2 1 2 1 2 1 2 1 2 1 2 1 2 1 2 1 2 1
77
1863 156 2365 2188 100 355 2426 2076 781 491 283 1475 2025 1410 1750 436 777 205 1241 1046 2272 64 221 2421 2082 553 2079 1810 568 1216 184 977 1694 3 715 1110 2004 2042 1047 1445 969 981 21 1061 458 638 142 446 1282 1260 231 543 1859 1110 132 1360 1092 456 1227 527 1575 2467 208 772 2092 2479 1223 1427 1994 772 1453 593 1515 735 1416 1172 697
95
77 969 132 1416 1061 487 1932 553 436 1190 184 458 1479 1810 1223 156 197 977 568 2042 100 2082 1694 2092 1172 491 981 2243 1029 2479 1427 2365 2114 205 1994 1092 697 1453 2004 593 221 227 735 573 781 142 1110 1193 1046 1445 1859 638 2079 772 2076 2272 1227 777 2188 312 1410 2025 1837 235 1428 231 1241 1863 64 186 3 208 1216 1475 715 1536 1047 283 1260 1750 355 456 1575 1675 1515 446 2426 2467 21 1360 1282 1032 2421 543 527
40
1168 2019 1911 1383 1567 1679 2302 47 198 276 982 1505 2270 2041 1433 2448 2088 132 2111 1477 1429 1344 105 2178 1659 2046 332 482 1865 2252 2116 321 356 1988 2245 718 1753 1187 167 2358
67
2019 2245 630 1477 1383 2068 482 276 2270 1988 1567 1659 2448 2204 1429 1433 766 1926 2302 132 1837 2358 250 2380 809 1911 753 1505 1633 2134 105 321 982 1049 2088 2466 1865 1344 1941 332 1168 2116 167 1753 1548 1893 1187 198 1508 100 47 613 2046 2252 332 102 1363 718 2178 1932 1679 1417 532 356 1274 2111 2041
100
86 88 37 46 20 98 40 12 24 19 25 60 99 82 26 29 84 55 23 9 90 33 79 69 61 54 76 38 13 18 67 27 77 50 6 72 35 83 89 73 4 42 41 70 21 96 91 74 47 93 1 66 75 62 94 17 97 16 30 52 5 49 34 78 36 11 14 45 22 3 7 59 63 80 10 85 65 2 57 39 64 87 48 43 81 28 100 71 58 8 32 68 31 53 95 51 15 44 56 92
100
43 73 13 70 100 55 64 91 34 38 97 19 51 12 76 58 86 16 4 8 17 92 23 85 74 22 56 77 95 49 20 46 61 48 96 82 11 71 36 60 53 59 78 39 18 66 31 14 52 99 27 15 44 41 9 3 87 67 35 21 28 32 30 10 33 47 54 45 72 62 89 93 65 5 7 75 50 81 80 84 68 24 98 88 57 90 42 29 37 79 94 40 63 69 1 83 6 25 26 2
75
243 1694 502 319 404 2464 1746 1799 2345 2457 1795 885 1655 537 946 1496 1351 863 2385 2153 1078 225 2347 909 1885 1438 1939 413 1906 1343 1494 1509 1096 216 653 875 1416 1611 2154 677 729 1263 823 1520 1541 404 421 430 757 1983 1561 1768 864 99 1188 1900 626 2377 1033 1016 1977 2384 733 2393 1761 9 2440 1945 1771 1325 2025 636 1881 1976 94
87
1033 243 1945 1939 1096 729 567 1275 1900 421 1885 224 2025 1078 946 1612 1611 1976 636 2377 319 1881 2207 1496 1654 333 523 537 1983 1746 1541 1768 2393 1494 2153 502 2440 1343 225 197 1761 863 2384 1509 1188 677 99 1416 1694 1561 404 1016 216 132 1520 1906 1263 430 653 626 864 2385 909 733 1438 1655 413 1351 875 1977 2154 2464 2345 885 757 1325 664 1799 1795 2347 1771 2492 823 2457 94 991 9
86
1581 666 347 608 2292 1542 2183 354 2136 164 255 445 2037 63 615 407 1313 769 1351 943 2006 1743 95 1773 2363 1142 1823 20 1899 173 490 1446 2490 1142 2126 1318 13 1835 1052 1410 2130 2429 1390 2459 295 2358 908 2213 823 1248 1399 1892 23 1315 1275 1293 1653 2132 1124 414 702 521 1642 268 1328 1826 470 1582 989 103 2227 1459 2157 332 1771 657 1548 2245 424 408 1190 2115 1587 2400 1371 796
94
268 2400 332 20 908 2037 2245 1313 1771 1548 2292 2157 103 1587 1190 1835 164 1142 1823 234 1899 1351 2429 1248 2490 295 521 2136 1582 943 226 615 1581 1826 13 796 63 2132 702 1315 411 1446 2115 354 1328 255 347 666 2358 1371 2363 1052 948 95 424 769 23 1459 414 823 470 1399 445 2006 622 989 1410 408 1542 365 1743 657 1642 2183 2459 1653 2227 1124 403 1293 1390 1275 2126 1318 608 2213 982 490 2329 407 2130 1773 173 1892
48
1245 1643 590 119 213 6 473 1953 904 1518 2208 903 550 569 2224 1892 1813 1204 2344 233 1546 868 1971 571 1388 2179 1282 2138 616 881 1146 128 833 109 2205 2199 526 2279 740 1738 1703 1957 275 1773 999 2235 102 2440
80
2224 904 473 1953 6 1892 2440 1953 233 119 1703 571 1518 128 2279 904 1204 1703 275 2235 1146 128 2199 550 2440 616 102 571 2138 1738 881 526 1971 571 2208 1773 1643 1957 2235 616 109 233 213 1813 1892 2344 1245 102 1518 571 999 1388 903 2138 569 590 1957 550 2205 740 1282 2224 616 1146 473 1738 2235 1546 833 1971 833 2179 1773 1813 740 102 275 2199 590 868
100
1255 2056 1951 543 2251 797 1530 1187 965 877 1085 399 660 278 1395 1579 441 2164 16 1439 1898 343 1848 868 261 1186 2048 1284 1955 490 221 237 1681 2396 709 1935 891 151 662 716 1398 939 678 2071 2216 2470 928 2305 1919 1420 1330 1113 1642 788 1790 1374 1027 1209 350 1631 1380 409 2258 403 1281 770 210 1847 1897 1254 690 1368 30 1751 2096 1000 1184 1894 1556 1115 718 2217 919 2238 1265 507 2009 2492 2470 2143 2277 1464 465 1553 1207 1437 1950 1232 2152 1781
100
1232 2056 2216 2217 2492 1395 718 1437 939 1330 1027 965 2277 2238 1254 2071 30 1579 507 1207 716 1898 1380 1398 1368 1186 678 1284 2251 1464 1113 490 1751 2305 2009 261 210 409 1897 278 2152 1000 770 2096 2470 797 788 1265 709 1553 660 1631 1187 2396 877 891 1681 543 1919 1209 1218 221 237 1950 350 1374 16 2143 1951 662 441 868 1781 1255 2258 1955 465 399 343 1085 1530 2164 1420 1847 690 1894 1184 1790 1115 2048 151 919 928 403 1439 1935 1848 1556 1642 1281
4
1508 794 1517 1128
50
1664 354 1430 1214 366 779 1313 1255 739 677 1059 1470 1128 1446 1587 726 670 1707 1425 635 1517 1758 794 655 30 1917 168 200 1171 1731 342 2294 794 2378 1838 2221 2462 1208 2213 403 1266 1033 1508 2453 260 796 944 1872 2217 290
100
1 2 1 2 1 2 1 2 1 2 1 2 1 2 1 2 1 2 1 2 1 2 1 2 1 2 1 2 1 2 1 2 1 2 1 2 1 2 1 2 1 2 1 2 1 2 1 2 1 2 1 2 1 2 1 2 1 2 1 2 1 2 1 2 1 2 1 2 1 2 1 2 1 2 1 2 1 2 1 2 1 2 1 2 1 2 1 2 1 2 1 2 1 2 1 2 1 2 1 2
100
2 2 2 2 2 2 2 2 2 2 2 2 2 2 2 2 2 2 2 2 2 2 2 2 2 2 2 2 2 2 2 2 2 2 2 2 2 2 2 2 2 2 2 2 2 2 2 2 2 2 1 1 1 1 1 1 1 1 1 1 1 1 1 1 1 1 1 1 1 1 1 1 1 1 1 1 1 1 1 1 1 1 1 1 1 1 1 1 1 1 1 1 1 1 1 1 1 1 1 1
9
1423 925 1658 992 695 2104 926 450 2330
77
1423 925 1658 992 695 2104 926 450 2330 1423 925 1658 992 695 2104 926 450 2330 1423 925 1658 992 695 2104 926 450 2330 1423 925 1658 992 695 2104 926 450 2330 1423 925 1658 992 695 2104 926 450 2330 1423 925 1658 992 695 2104 926 450 2330 1423 925 1658 992 695 2104 926 450 2330 1423 925 1658 992 695 2104 926 450 2330 1423 925 1658 992 695
82
9 12 2 8 9 9 8 13 7 17 7 13 1 13 5 2 9 8 6 12 2 6 2 7 11 7 17 17 15 3 14 7 5 5 15 9 3 4 11 1 11 4 2 1 2 17 8 5 1 10 17 1 15 15 15 14 9 13 15 12 14 16 3 13 16 10 11 10 8 13 15 4 13 8 11 10 8 17 1 1 3 4
17
13 6 12 15 9 17 3 4 8 2 16 10 14 1 7 11 5
51
7 11 1 10 11 4 8 7 8 6 1 11 10 6 1 7 3 5 3 2 9 2 6 3 4 8 4 7 8 9 4 5 8 1 6 7 2 3 10 6 2 4 2 6 2 10 1 11 3 5 11
90
10 3 6 11 3 2 2 10 3 11 9 1 7 10 1 11 6 9 6 7 10 5 4 3 10 9 6 3 3 7 10 6 9 4 1 11 3 6 11 4 2 3 11 8 7 3 8 9 11 6 7 10 6 1 9 11 5 10 8 5 3 5 9 6 1 11 6 11 8 1 2 10 2 9 6 11 11 7 11 8 3 3 2 2 7 11 6 4 8 10
100
1 2 1 2 1 2 1 2 1 2 1 2 1 2 1 2 1 2 1 2 1 2 1 2 1 2 1 2 1 2 1 2 1 2 1 2 1 2 1 2 1 2 1 2 1 2 1 2 1 2 1 2 1 2 1 2 1 2 1 2 1 2 1 2 1 2 1 2 1 2 1 2 1 2 1 2 1 2 1 2 1 2 1 2 1 2 1 2 1 2 1 2 1 2 1 2 1 2 1 2
100
1 1 1 1 1 1 1 1 1 1 1 1 1 1 1 1 1 1 1 1 1 1 1 1 1 1 1 1 1 1 1 1 1 1 1 1 1 1 1 1 1 1 1 1 1 1 1 1 1 1 2 2 2 2 2 2 2 2 2 2 2 2 2 2 2 2 2 2 2 2 2 2 2 2 2 2 2 2 2 2 2 2 2 2 2 2 2 2 2 2 2 2 2 2 2 2 2 2 2 2
100
1 2 3 4 5 6 1 2 3 4 5 6 1 2 3 4 5 6 1 2 3 4 5 6 1 2 3 4 5 6 1 2 3 4 5 6 1 2 3 4 5 6 1 2 3 4 5 6 1 2 3 4 5 6 1 2 3 4 5 6 1 2 3 4 5 6 1 2 3 4 5 6 1 2 3 4 5 6 1 2 3 4 5 6 1 2 3 4 5 6 1 2 3 4 5 6 1 2 3 4
100
1 1 1 1 1 1 1 1 1 1 1 1 1 1 1 1 2 2 2 2 2 2 2 2 2 2 2 2 2 2 2 2 3 3 3 3 3 3 3 3 3 3 3 3 3 3 3 3 4 4 4 4 4 4 4 4 4 4 4 4 4 4 4 4 5 5 5 5 5 5 5 5 5 5 5 5 5 5 5 5 6 6 6 6 6 6 6 6 6 6 6 6 6 6 6 6 6 6 6 6
100
1239 1618 1947 1598 1271 2143 640 1440 1102 1723 2231 10 1792 343 1732 1299 223 985 1391 1507 2461 2311 2084 252 861 1771 1342 759 296 1291 164 672 2359 1407 1025 833 1960 1647 2293 809 348 2334 626 1408 756 659 258 2055 1134 750 2379 977 1533 1040 1392 934 736 1357 2488 1279 1150 2342 1522 893 1980 1933 1287 1315 2368 385 592 681 2288 1359 1962 957 414 1297 955 1216 1169 534 1088 1670 2337 1223 2486 1336 433 355 974 1189 107 2071 1896 1819 1934 1738 1916 2043
100
985 414 1933 672 809 385 2084 1189 955 2337 348 1732 750 1507 1150 2379 592 10 1102 1598 681 1618 2334 2231 957 2293 1239 1271 1342 1357 2486 2071 1947 1819 1025 1792 1670 2342 2288 2488 977 1291 1336 756 258 974 893 1723 1896 1287 1134 343 759 1440 1407 1738 534 626 1980 1223 2461 1391 2368 2311 659 833 1960 1169 2055 1771 736 1216 1962 1040 1533 296 1088 107 1297 861 433 1392 223 640 1359 1647 164 1916 2359 252 1522 934 355 1408 1299 1315 2043 2143 1279 1934
100
131 726 2490 1783 2113 901 1298 2478 1594 2314 1396 2183 2049 365 1366 1834 765 262 1795 2318 1678 918 1260 534 682 937 2366 2170 1383 1145 1493 36 1818 862 822 229 383 2196 972 101 940 836 2059 1973 1662 639 1985 14 1910 1856 187 1237 2235 58 1632 999 750 1667 898 176 1529 1168 2204 288 205 1006 2146 1989 1739 899 1633 1849 2193 215 1266 1684 1374 1878 20 2404 200 1601 664 2357 1241 620 2149 2194 2429 2391 1763 2448 269 1802 1191 12 1629 616 1181 2215
100
2149 1878 1818 2170 36 1145 1739 1989 1241 822 2146 2448 58 1910 999 2357 1684 1374 2059 2049 1973 836 1678 2183 534 2429 2404 1298 205 262 1396 2193 131 918 940 1985 365 1667 899 1594 620 1168 1834 269 682 616 2204 765 1629 176 1802 1633 2391 2194 2235 1191 20 901 726 1493 639 1181 288 215 2318 1662 187 1849 1632 1601 898 1366 862 2366 1383 200 937 1006 2478 2490 972 229 1260 1266 1856 1237 1529 101 14 750 12 2314 1783 1795 2196 1763 2215 383 664 2113
64
7 13 11 3 10 12 5 10 2 3 11 6 5 6 2 5 1 6 6 10 6 3 4 3 10 6 10 7 7 3 12 4 8 1 11 8 11 10 13 1 1 7 9 1 12 6 10 11 11 8 7 11 2 5 13 10 5 7 5 13 6 4 5 7
52
6 11 2 9 13 8 5 5 4 11 12 9 6 2 1 9 10 3 5 12 6 2 1 13 8 7 7 8 7 7 2 3 2 10 4 5 10 2 5 8 11 2 2 13 10 9 8 6 5 6 4 7
53
744 2422 595 255 989 342 706 1383 1714 184 1779 496 2469 2063 1938 1623 272 2297 2105 1571 2309 1381 1767 172 572 979 1547 949 1000 1503 143 535 1222 2003 2116 1466 1569 1299 690 1925 1911 1768 22 2270 1493 1809 981 558 2328 1320 727 2220 1984
76
2309 2270 981 690 172 867 298 2105 572 469 1299 535 1569 2100 2063 272 255 783 342 1623 558 2297 2469 143 595 1641 22 1878 540 1381 1779 164 1605 1664 744 979 1383 1382 1971 1677 1571 949 989 1885 1493 1925 2440 2328 1466 1938 159 1320 1809 1428 1526 184 2220 1984 727 1207 1547 1000 1503 971 1911 706 1767 2422 2068 2116 496 2003 1125 1768 1222 1714
19
2 1 2 3 3 3 2 4 4 4 4 1 1 1 4 4 4 3 4
69
1 2 2 3 1 4 1 1 3 2 1 2 1 4 1 2 4 4 1 3 2 3 3 1 4 4 1 1 3 4 4 4 2 2 2 1 1 4 2 3 2 2 4 4 1 3 1 4 4 4 2 1 1 1 4 1 2 2 4 1 2 2 3 4 4 4 1 1 4
100
925 410 2006 669 920 282 1484 2238 783 1625 2104 1446 1369 1061 1965 699 722 145 576 541 1435 459 1237 1932 673 794 1600 1642 2339 1575 2470 1868 454 1234 1977 2091 1337 32 540 1765 843 2136 503 2275 2399 2263 1730 104 1151 2212 2011 1361 2253 2366 1528 1084 2264 1055 1748 2351 1199 459 2453 252 2152 1316 1770 1128 1214 1016 389 1024 1417 2494 1093 2398 2176 292 530 1445 336 134 810 2137 1652 2446 1613 204 1733 1778 87 725 35 1381 2251 2129 117 181 1140 547
100
1625 2137 2011 2104 459 1652 1361 90 794 336 2152 1214 673 1337 2253 117 503 810 547 920 1369 1484 2129 2470 2263 1445 2006 2339 1061 292 1932 2251 2275 2238 2453 87 410 1024 1868 1977 783 181 1642 1575 1151 1613 1435 576 1778 1730 32 1237 2366 1733 1748 2399 1770 1528 282 1381 2494 1084 669 1093 204 1316 725 2446 530 1199 1965 1765 104 252 722 1417 2351 1055 1600 389 2264 1234 1446 2091 540 1128 134 2212 145 35 454 1140 541 2176 843 2398 699 925 1016 2136
71
10 2 3 2 14 7 7 12 1 15 7 5 9 6 5 9 11 3 11 11 7 4 4 4 12 3 9 9 9 15 9 9 15 10 2 3 12 8 2 7 3 4 10 13 4 7 4 11 7 2 13 1 1 13 6 14 11 3 2 13 7 5 2 9 13 9 12 13 3 3 4
56
3 6 6 5 8 14 10 1 3 4 7 1 13 11 6 9 2 14 9 10 14 9 12 8 6 14 8 15 3 9 6 13 8 4 5 8 12 3 13 13 2 2 6 7 15 10 14 5 5 9 5 14 10 4 10 15
84
1790 2246 428 2232 398 1709 1904 1101 642 2053 1583 1985 443 788 302 736 1918 1602 134 219 1106 189 941 2376 595 2128 381 1394 172 344 760 877 972 483 1855 452 107 1786 49 1505 1619 225 668 2313 1139 831 326 971 994 2097 1284 906 226 2332 1672 2057 835 1270 1100 224 831 2284 1954 2327 711 970 569 2446 2409 1074 1440 2498 1295 2107 838 949 998 132 1510 2019 2000 1601 283 258
84
428 2313 452 1954 107 2498 994 1602 1709 1510 1790 2409 1284 2000 1440 1270 1295 531 302 1101 443 736 1583 2107 1786 2057 2376 595 941 189 971 711 226 2327 1074 970 1855 838 172 132 1139 1918 398 949 2019 1985 998 1394 1672 344 1106 224 2246 1601 760 831 326 283 258 381 219 2128 2232 2332 906 1100 668 2446 1619 134 877 642 835 483 225 569 972 2097 2284 1505 788 49 2053 1904
100
750 1664 992 1986 2135 897 680 1676 971 779 908 573 1800 1107 2398 1040 2253 576 511 629 1613 2049 1299 1149 712 913 846 1738 404 405 273 557 892 1400 2490 222 2385 1618 1365 1636 569 956 899 1462 276 2211 2285 1617 40 1251 1489 132 1512 1160 2012 316 1862 1320 1475 1704 521 2277 791 177 1137 2115 656 172 42 1867 1853 2447 2381 11 2324 34 443 1042 2243 425 5 1536 342 1080 109 2332 1618 620 2216 1049 845 2211 481 1189 1903 2321 1673 17 2332 172
100
404 1475 1867 629 1160 1189 481 511 1107 712 1040 11 2243 557 573 1137 779 342 1049 1149 2490 2381 17 1862 1400 177 273 2332 897 1080 425 109 908 1676 316 1613 845 2049 2321 1636 1365 2447 1320 2115 521 2385 569 1800 1853 913 846 34 620 557 425 1704 1673 1536 680 1462 1664 992 1299 2135 2324 892 2285 656 2398 40 276 956 405 1512 222 172 750 971 42 1489 2253 1617 1738 1251 2277 5 1618 791 1042 1986 779 899 132 576 443 1903 2211 2216 2012 569
33
6 4 2 5 7 5 1 6 3 7 6 2 4 5 5 5 5 6 5 3 4 4 7 4 7 3 3 2 7 5 2 6 1
45
1 3 2 4 4 2 6 3 5 4 1 4 5 4 5 5 2 5 4 4 1 7 3 6 1 1 4 7 6 5 6 2 3 3 1 1 7 7 5 3 4 1 3 6 3
73
401 2052 202 2173 1456 646 1193 1321 2214 1315 98 6 1275 2197 1816 153 2170 1593 680 126 1305 2122 1188 230 420 1345 1537 800 2337 459 946 2332 160 1572 123 547 1658 1202 1774 100 2285 999 1230 1577 193 1264 933 905 2159 533 721 34 1584 384 857 553 1502 711 590 1829 1060 207 1763 607 1819 1982 600 1717 1894 1228 782 1823 941
73
1823 1717 401 2332 202 933 1584 1321 1593 711 160 1275 2122 999 857 230 1816 782 946 193 1345 1829 126 607 941 6 680 34 1193 98 384 905 2214 1774 553 100 1577 590 2170 1537 207 547 1982 153 600 420 1502 2052 1315 1763 2159 1188 459 1894 1228 721 800 2337 1819 2285 1572 1060 1202 1264 533 1305 1658 123 2197 1456 646 1230 2173
8
461 706 1660 126 447 2479 1958 1917
16
461 706 1660 126 447 2479 1958 1917 461 706 1660 126 447 2479 1958 1917
1
1
1
1
85
12 3 2 3 14 6 4 16 5 6 17 9 2 7 1 1 3 6 13 6 10 5 10 18 17 12 18 11 12 15 8 16 1 14 7 9 11 17 14 16 5 18 9 14 17 15 5 1 12 8 16 13 3 3 15 7 8 5 18 17 8 15 14 16 1 15 16 8 16 18 17 5 4 14 7 11 15 15 18 3 14 9 10 6 4
72
14 18 13 2 14 10 4 18 15 12 17 9 13 2 9 6 6 16 12 3 8 17 3 4 7 11 1 13 1 7 4 15 17 18 2 10 8 6 7 4 3 10 9 3 3 17 6 7 13 13 18 17 5 5 1 17 1 5 9 11 3 5 8 10 7 12 3 4 16 5 7 15
98
1943 1128 1167 341 1277 490 2443 958 731 2356 1434 1174 1161 884 438 725 912 66 1072 2458 1449 862 1109 2142 1745 44 1473 2065 2 908 2469 1773 993 281 1648 2467 1818 1319 418 1274 273 531 31 1089 1325 1045 1136 2411 928 2072 2089 1002 394 2009 2131 2488 1917 272 1128 954 1221 1763 1873 1865 1033 2158 1705 41 1212 1081 752 142 140 1776 405 618 1782 976 2111 2376 1441 51 654 47 2149 2444 1158 979 640 1387 2255 1458 1170 37 1724 368 646 1488
100
1081 531 1025 281 1072 41 1221 47 912 1818 752 908 1170 1488 1089 37 31 654 1128 1174 2356 2089 1865 341 418 2255 490 2488 1109 1773 1776 273 1473 438 1449 1873 2009 2467 51 44 676 1458 1745 1943 731 1319 2458 2469 928 2 2142 1782 1161 958 725 272 862 1724 1387 1648 1917 1158 1434 140 66 1167 394 640 1277 979 1033 2443 2149 1212 1325 1136 993 1441 2411 1705 954 2072 1763 646 2158 2131 884 368 1045 2065 2444 976 405 618 1779 142 1274 2376 1002 2111
65
963 364 1666 2050 225 1918 2170 1036 1909 1810 1787 931 342 633 185 392 2127 1955 2160 649 1820 761 64 1236 2040 1098 1597 248 446 1818 2203 286 2062 2299 2368 610 966 192 2037 1502 2348 1018 856 488 2209 1123 186 1857 1085 324 2013 997 1649 2110 1183 1092 724 865 165 2168 252 2391 1166 276 1529
84
963 1955 2037 252 2050 1857 1092 1666 2299 1857 2203 248 165 276 324 1955 1818 392 1529 1820 225 633 1666 2040 966 2170 1597 186 1502 488 1810 1909 1649 649 1183 186 2391 2368 364 1098 1597 1597 1036 2110 64 248 724 2209 1123 1018 2050 2013 1787 192 761 1810 1236 286 185 1166 610 2110 1918 963 185 1183 1909 997 865 2168 2127 2160 186 1502 2348 931 856 2391 2062 1085 392 342 364 446
100
1 1 3 3 1 1 1 2 1 1 3 1 3 1 2 3 3 1 1 2 1 3 2 2 2 3 3 1 3 1 1 3 3 1 3 1 2 1 2 1 1 3 2 2 2 1 3 3 2 2 3 1 3 3 1 2 3 2 3 3 3 1 3 1 1 3 1 1 2 1 1 1 3 2 1 1 3 3 2 1 2 3 2 1 3 2 2 2 3 2 3 3 2 2 2 2 2 1 2 1
100
3 3 3 2 1 1 2 1 3 3 2 3 1 1 2 3 3 3 1 2 2 3 1 2 3 1 3 1 2 3 3 2 2 2 1 2 3 2 3 3 2 3 2 2 1 2 2 1 3 3 2 1 2 2 1 2 2 2 2 3 2 1 2 2 3 1 1 1 1 2 1 2 2 2 3 1 2 1 1 1 2 1 2 2 1 3 2 1 2 2 1 1 3 2 3 3 3 3 2 3
100
2245 775 604 196 248 581 590 1080 2207 1104 1092 729 672 951 793 274 1180 1727 1711 1301 38 2215 1061 2194 753 461 285 958 778 1345 2310 1465 1079 1327 716 1576 2442 1618 684 1888 298 1931 2123 583 1317 605 928 1637 1651 245 461 1351 1790 782 2355 870 1188 744 399 197 347 717 1123 2499 1022 699 512 1239 1089 10 493 1759 13 929 685 2450 556 1419 253 1092 2057 1571 1764 1122 2020 615 1250 1743 2190 1460 1345 1379 127 2378 2193 261 38 282 23 194
100
1711 1317 778 2194 1419 2207 1651 2057 1743 38 1618 512 1465 928 493 1327 13 717 461 248 1571 1888 951 197 1727 672 782 744 2020 729 1022 1123 253 716 929 1637 615 10 1727 10 2355 1345 2245 1089 1759 581 285 1460 2123 605 684 1122 2499 583 2442 793 282 1239 1080 1379 261 2310 870 1079 347 1180 1351 699 194 298 1104 1250 1764 2378 245 556 1188 23 2193 604 717 958 399 274 699 1790 685 1301 1931 590 1576 196 2190 1061 127 1092 2215 2450 753 775
32
730 2058 605 2009 2283 489 1341 1674 2020 1430 2308 1667 2156 286 106 177 2058 298 2197 903 1423 1843 392 456 417 900 2217 8 2193 1821 584 1753
95
562 2197 588 616 1843 1674 1367 2058 2283 1193 1247 1976 1533 106 671 778 456 614 298 68 1897 951 1121 392 1825 2079 903 1423 1156 1667 286 417 1219 1365 1821 2439 489 2212 2387 964 1965 690 8 365 107 1753 699 1065 900 2143 1277 2293 229 2193 333 1215 2138 158 730 1729 2308 1341 123 1430 605 2222 711 462 995 550 1279 177 584 1893 648 2020 329 260 415 1176 846 79 261 2156 682 397 2395 2334 444 1641 1259 2009 2348 2133 2217
100
1 1 1 1 1 1 1 1 1 1 1 1 1 1 1 1 1 1 1 1 1 1 1 1 1 1 1 1 1 1 1 1 1 1 1 1 1 1 1 1 1 1 1 1 1 1 1 1 1 1 1 1 1 1 1 1 1 1 1 1 1 1 1 1 1 1 1 1 1 1 1 1 1 1 1 1 1 1 1 1 1 1 1 1 1 1 1 1 1 1 1 1 1 1 1 1 1 1 1 1
100
2347 1854 158 730 2066 82 1134 1056 773 173 1849 1585 2183 1717 703 14 1030 995 384 430 1373 300 601 1640 354 96 1979 1912 39 1982 1620 2070 2124 1201 2110 1185 664 2287 584 1159 762 2332 936 1816 2447 2360 2339 1152 1541 1813 1 11 1220 1010 1634 872 864 15 1098 504 1723 1304 1826 991 1766 1179 1989 2495 2074 1988 1843 2131 2180 1754 2080 807 597 1304 2268 1214 1063 640 354 349 2153 2470 240 1788 594 146 1274 1765 1066 1091 759 2033 1818 952 1729 82
8
1778 1991 197 256 282 1947 1083 477
26
1778 1991 197 256 282 1947 1083 477 1778 1991 197 256 282 1947 1083 477 1778 1991 197 256 282 1947 1083 477 1778 1991
100
1 2 3 4 1 2 3 4 1 2 3 4 1 2 3 4 1 2 3 4 1 2 3 4 1 2 3 4 1 2 3 4 1 2 3 4 1 2 3 4 1 2 3 4 1 2 3 4 1 2 3 4 1 2 3 4 1 2 3 4 1 2 3 4 1 2 3 4 1 2 3 4 1 2 3 4 1 2 3 4 1 2 3 4 1 2 3 4 1 2 3 4 1 2 3 4 1 2 3 4
100
1 2 3 4 1 2 3 4 1 2 3 4 1 2 3 4 1 2 3 4 1 2 3 4 1 2 3 4 1 2 3 4 1 2 3 4 1 2 3 4 1 2 3 4 1 2 3 4 1 2 3 4 1 2 3 4 1 2 3 4 1 2 3 4 1 2 3 4 1 2 3 4 1 2 3 4 1 2 3 4 1 2 3 4 1 2 3 4 1 2 3 4 1 2 3 4 1 2 3 4
57
1703 1739 1769 2222 1048 430 1663 1308 1460 909 1086 1698 2343 1775 1880 1394 208 2040 2212 2419 444 1781 1178 1110 956 885 1293 935 2440 1099 281 1928 2037 378 1259 1498 2202 1987 1497 120 96 1896 2341 714 2422 1591 911 2048 2153 1264 1101 2388 1956 245 448 1473 690
76
714 1293 1591 237 1101 909 1703 1880 762 33 1925 2212 2202 1110 689 2343 1178 1666 1632 2040 1264 1394 909 1161 1498 2440 1086 870 1099 1094 2222 430 407 935 1308 120 208 1775 1259 448 911 1896 1928 2153 690 2419 96 1769 378 2422 2335 1663 2388 290 1739 1015 2363 2037 245 1048 96 1781 281 444 1473 116 885 1956 956 2341 1246 1460 1698 1987 1497 2048
100
1 2 1 2 1 2 1 2 1 2 1 2 1 2 1 2 1 2 1 2 1 2 1 2 1 2 1 2 1 2 1 2 1 2 1 2 1 2 1 2 1 2 1 2 1 2 1 2 1 2 1 2 1 2 1 2 1 2 1 2 1 2 1 2 1 2 1 2 1 2 1 2 1 2 1 2 1 2 1 2 1 2 1 2 1 2 1 2 1 2 1 2 1 2 1 2 1 2 1 2
100
1 3 4 5 6 7 8 9 10 11 12 13 14 15 16 17 18 19 20 21 22 23 24 25 26 27 28 29 30 31 32 33 34 35 36 37 38 39 40 41 42 43 44 45 46 47 48 49 50 51 52 53 54 55 56 57 58 59 60 61 62 63 64 65 66 67 68 69 70 71 72 73 74 75 76 77 78 79 80 81 82 83 84 85 86 87 88 89 90 91 92 93 94 95 96 97 98 99 100 2
1
1350
66
1350 1350 1350 1350 1350 1350 1350 1350 1350 1350 1350 1350 1350 1350 1350 1350 1350 1350 1350 1350 1350 1350 1350 1350 1350 1350 1350 1350 1350 1350 1350 1350 1350 1350 1350 1350 1350 1350 1350 1350 1350 1350 1350 1350 1350 1350 1350 1350 1350 1350 1350 1350 1350 1350 1350 1350 1350 1350 1350 1350 1350 1350 1350 1350 1350 1350
100
2 3 3 3 1 2 3 2 1 3 1 1 3 2 2 2 3 2 3 1 2 3 3 1 2 2 2 1 2 2 3 3 3 3 1 3 1 3 2 1 1 3 3 1 3 1 3 3 2 1 3 3 1 1 3 1 2 1 2 1 3 3 1 3 1 3 3 1 3 3 2 3 1 3 2 3 2 3 3 3 1 3 3 1 2 1 3 1 3 2 2 2 1 1 3 3 1 2 1 1
100
3 1 3 2 3 1 1 2 2 1 2 2 1 1 1 2 3 1 3 2 1 2 1 3 2 3 3 3 2 2 2 3 2 1 3 1 2 1 3 2 1 3 3 2 2 2 1 1 1 1 2 1 2 2 2 3 2 1 3 1 1 3 2 3 1 2 3 1 2 1 1 2 1 3 3 3 2 1 3 1 1 1 2 1 2 3 1 2 2 2 2 1 3 3 2 2 3 2 3 3
51
9 3 4 6 9 11 1 10 3 10 8 10 6 5 3 1 3 9 2 1 7 5 2 2 6 4 8 10 11 8 6 11 2 10 11 3 9 3 7 11 3 4 3 5 10 5 4 11 7 6 1
11
8 11 2 4 5 7 3 9 1 10 6
100
1 2 3 1 2 3 1 2 3 1 2 3 1 2 3 1 2 3 1 2 3 1 2 3 1 2 3 1 2 3 1 2 3 1 2 3 1 2 3 1 2 3 1 2 3 1 2 3 1 2 3 1 2 3 1 2 3 1 2 3 1 2 3 1 2 3 1 2 3 1 2 3 1 2 3 1 2 3 1 2 3 1 2 3 1 2 3 1 2 3 1 2 3 1 2 3 1 2 3 1
100
1 1 2 3 1 2 3 1 2 3 1 2 3 1 2 3 1 2 3 1 2 3 1 2 3 1 2 3 1 2 3 1 2 3 1 2 3 1 2 3 1 2 3 1 2 3 1 2 3 1 2 3 1 2 3 1 2 3 1 2 3 1 2 3 1 2 3 1 2 3 1 2 3 1 2 3 1 2 3 1 2 3 1 2 3 1 2 3 1 2 3 1 2 3 1 2 3 1 2 3
