20
28
0 -296203321911394 -669869184126344 878407950821263 -835889965067355 421301173991167 -801344314893054 403607682072382 227003460040564 154808607155152 767043420856216 -346030550495039 -992039850227156 -785288091280455 -466542633673897 -216447853885253 -183726687442679 443056439241543 655555325237629 -55068387266785 270577133316652 954002423835751 -118785057941605 -764977128683834 -562343806290732 -827537482486695 752211878145554 -959881937754474
16804381377370010
30
0 538441033722711 466758056660222 -554174420047453 336918387366221 -187474358759029 568022505493815 -484922124701801 362135358817433 -514358702412550 813519028002070 -741243386973920 -528881510841568 -286757047440410 -463018433389243 -611750628337002 -956118671241671 506488846569118 858602431506732 971107705726876 635963601344600 762279887255560 224737404652970 356642342048798 999360079068970 -538007584625738 -830856909720888 -893250760912622 903658217379973 -124001064605804
1209444541931506
30
0 -525329584550351 451177975818410 535546106858956 -303194489067411 478461750859394 893709940626527 345633010691557 827088185482248 -800242280285473 -560022297621271 513942227773739 930981800720368 -79395333930947 -229463174332109 533466622750481 346248990684666 -744071467119856 527014500899305 971564596548112 -411678263171189 241571169973507 -738521445947286 -179164468213793 18616696726251 37184985676718 99883490648743 -298859093091733 -515972414004301 912570777572685
13032281145308020
28
0 293773279026024 -813857543228788 748451334397862 -468316794369448 160151494420257 430449428837489 -12558625118902 -207180277300658 -636046570098386 364993779564365 285324714910928 447107178380885 -836385193561505 -407150135141270 -724913514604396 670256150133788 408603317059226 544018422887341 -396693035623638 360684675972989 736867359153553 -615773029034716 -616890595565279 -457813324327989 96804476674993 -165402827419945 738861788358146
17070915961711755
28
0 259328498 922476088 -756162349 -222179727 645400626 -886536428 -219082339 -268792781 -51263987 193973356 38995617 536209717 -586744938 768009589 494685446 -522212114 -897077198 -626175270 99509424 -544963699 758093803 -297987572 396305108 -590183988 125314465 689849485 15322679
893251441
28
0 788915 501837 152192 977678 -355193 -458876 -382256 -355966 -946101 -626359 428526 -643828 646774 -602658 61716 555327 -75869 -396961 -944584 -127723 -642609 244844 -697617 277308 515816 -432962 113749
2532348
28
0 -696636 -962494 -513992 977859 -745046 872758 838265 272320 79240 601056 671633 919827 -715336 476809 -718317 580455 884282 990467 -572819 -656934 -828614 -307272 -482582 -901411 37859 -701916 425604
18456731
20
0 300000000000000 100000000000000 -700000000000000 -900000000000000 -400000000000000 900000000000000 700000000000000 200000000000000 -300000000000000 -800000000000000 -600000000000000 -200000000000000 1000000000000000 800000000000000 -500000000000000 -100000000000000 400000000000000 600000000000000 500000000000000
19881035341808836
20
0 999999999999313 999999999999192 -999999999999404 -999999999999376 999999999999014 -999999999999771 -999999999999538 -999999999999465 999999999999596 -999999999999902 999999999999063 999999999999018 -999999999999124 -999999999999327 999999999999930 999999999999389 -999999999999335 999999999999544 999999999999334
91075702686087638
28
0 135176216440931 -951594633857959 -444731036046625 -629421800047375 -811708246756913 -798358653296213 85269651502883 720050414810512 767593434169585 442846448477832 519224588854718 -294405535543958 794349652594424 612517115624354 -24057946200682 -507452526161840 284945823780839 -210073497308323 257026339105911 806971276320057 -132941567147584 -659260048649744 404453268466109 -577954276359333 -815085591204406 -219200716324462 150304512208887
1978817602272314
30
0 226231393 -6432999 770514203 644528649 -273416684 -700465773 -884313530 -338477008 470190042 172457859 251558715 -262577553 39921185 -630425046 739808388 24745706 426872903 -862421827 -300934062 52350008 -837383243 -643139967 316966114 672436594 503729416 -816649637 -354728847 -976268132 511523650
9244607753
29
0 716472 870721 170553 124689 -114541 266303 -365848 631812 811190 -273437 -195388 846920 105968 -420740 524680 230038 982616 -940725 -587652 -283679 -401261 -525830 -380153 -564054 -565992 290059 268453 -838909
20372687
29
0 -333901026002040 154088842214467 -20767471638574 -462972232499625 -919628517208545 923751693110180 203404118374351 -838121426076900 -119024806994468 -15215703786351 801136774336012 -117995728408803 -407718256086362 -42157987292705 359170701332655 233807752786227 820280334699456 611431610461468 -940934993905066 -794176664618688 -110939162787771 -800748180081168 -612402602740406 -176455140351885 -152573654784228 -362607578353810 988887408651565 -784778546518062
2708228443834648
30
0 -5589572 -795691932 -171365651 859899650 -123328498 527369639 612149051 254973242 112204106 -239633917 -91646438 287448304 483228402 410412140 -48571678 -743599028 -314232836 -619798214 -751016529 997447929 -800938010 892811544 -648552090 876737045 853262501 830554622 543894775 588137296 -858784503
18962948633
29
0 823952354721993 -68023800313906 -23102335466249 -487785128441439 -449893436095819 -996739249961294 -442778986318375 296363268194577 -999691060444760 833668234873190 765447251475763 -297988511272842 -694360777097714 147990600642561 -77727804692772 -558167111663064 937047433794470 871842400936909 363617879879562 -291270685319182 -156612179345600 160391319460627 -545218843033000 -556543356524352 190115913982095 20069667420562 -443029673330415 647449233144255
19100688506045080
30
0 999999999999354 999999999999556 999999999999979 -999999999999768 -999999999999370 999999999999694 999999999999539 -999999999999328 999999999999850 999999999999235 999999999999389 -999999999999303 999999999999566 -999999999999517 999999999999843 999999999999713 -999999999999241 999999999999405 -999999999999479 -999999999999102 -999999999999507 -999999999999385 -999999999999223 999999999999897 -999999999999520 999999999999173 999999999999513 -999999999999786 -999999999999639
99991963311616038
30
0 -209147651505565 372961427987395 727894794233826 657592577369398 697201320186060 947972259045836 -90783486513169 -575844169395254 992488220182539 -544506675577747 780392904729889 -795737084175876 -197337054275338 -50054058849603 -784855966253485 881917083370352 528530875540285 617096268460684 -833935091706452 -763964322996220 -806602790747286 -808018563810410 172660558748793 -832395194219728 -55965158007199 -106103941709201 844301131182822 49362362392885 121915816692722
14557499454547979
30
0 -933333333333324 -399999999999996 -466666666666662 933333333333324 999999999999990 266666666666664 -66666666666666 533333333333328 -666666666666660 66666666666666 -133333333333332 199999999999998 133333333333332 599999999999994 466666666666662 666666666666660 733333333333326 -533333333333328 866666666666658 -866666666666658 399999999999996 -199999999999998 -733333333333326 799999999999992 -333333333333330 -799999999999992 -266666666666664 -599999999999994 333333333333330
11473758636882884
30
0 481104524288243 -490914438179583 -356016645275368 339587286711619 -802266105997716 277081068316271 -896646060910961 83656838114669 969023925335350 25841814046792 451188676930927 -205407905612281 642702186236274 719565422603483 -350108937396442 79959544174756 -735556836820756 -609974011262224 -640683703721860 241066974499057 -895700747611813 279664051250554 493470147567894 708445226596694 -501627114027283 410290717576549 -496617987163058 40657850970291 -426995328059843
20224491480014855
29
0 957078147684131 -155055807597224 582970652134768 837290395792475 263924030262123 643743903846208 308094142244079 873238724191905 496781022116285 648288424431621 -455986840895159 -808755889561951 -394740589939854 -437613101693330 -231681403840852 -185139893489678 -76452924503172 600953304265390 -656276351040129 242940207968435 -115913500882953 676920668058578 653720391727491 807429318187487 -876771615672470 608110305299793 767379827311428 -462693850211127
9117014841050090
