50
83906688722385 97
66420 87377 3434 51902 76927 31394 336 12250 45361 85252 45002 25489 80680 60797 87630 65365 71127 28633 18151 11450 61585 95532 37216 99650 3114 28510 19997 35846 27862 23775 4184 45965 34653 23305 85567 99916 68354 17304 49121 73208 43191 4428 98785 25621 96888 82635 54412 30844 33406 31646 16700 31164 20851 43828 17318 75810 79020 73589 57714 40891 67943 24066 31172 60458 95397 12631 36303 22917 11589 28143 95663 61436 24317 39983 73869 34893 39217 14777 2976 10025 29969 5369 47855 12785 98120 30277 48249 31049 15354 11032 91675 15369 76364 34297 22876 62188 76255
12345679726300000 98
24260 1756 84084 94293 75560 65496 17241 58438 13299 562 15965 63169 92014 399 22766 46830 36239 68862 45620 60976 66732 62542 58090 12742 29817 37395 49000 27748 60164 89261 42447 28524 23486 95494 98632 81599 72674 82141 81233 84393 100000 23599 30591 49174 97105 56565 76340 74038 78365 46718 5902 39387 46335 20918 21735 20683 26999 78901 25532 7693 54181 37953 32011 61412 21560 14291 64917 22979 95788 57501 2055 7074 96817 38328 23571 34210 94444 36203 86734 23868 1541 94255 15856 39863 97059 44754 30416 96781 75870 4642 95726 89622 82180 40933 81796 68960 51065 12202
1000000000000000000 1
1
1000004356695 100
45768 49585 29391 31063 34389 22516 23991 100000 41164 38271 28595 29676 23459 3076 21946 18767 37692 39474 25904 16289 31003 164 9890 40501 44263 7337 13471 48990 27933 3315 14263 40439 19897 14700 22781 21938 33026 41717 17490 15520 1786 45618 12565 9461 45942 29922 3935 30700 41 44632 30043 36274 48857 8220 28974 26851 24746 39495 15613 33377 22180 41818 28168 17502 40178 26668 16334 44591 17960 41534 23562 17259 21627 34202 30266 9598 11951 40523 47014 12973 7834 7535 28931 29929 30356 35245 23147 7278 8534 27245 9190 11286 24107 29981 47083 14633 15210 44658 9919 38258
2488145091780030 63
5460 37440 7380 36600 23640 56880 5940 37500 14460 10800 2580 10620 4620 22560 31800 12780 32940 16140 31560 44460 55500 39960 42000 21360 33000 22740 56760 16920 29940 25020 20460 23460 9540 17940 10860 34020 33480 26400 16320 16260 9120 48900 60000 15660 1500 20700 17580 47280 51600 20640 32040 17460 14400 7500 57000 20340 1200 17100 23700 57180 53100 22680 19740
19147396172249 24
34436 3804 12066 34255 84301 53951 96642 88324 93343 51320 60750 14929 48912 20812 39601 59124 8664 70379 77093 39025 61539 28709 29241 78857
28924833598327 57
13575 24905 83951 59697 45798 36961 60276 22659 62781 71219 70518 99236 10643 39083 94020 85988 60351 60995 14226 36585 69007 17989 48673 46859 93525 1468 80403 32046 85816 10976 22313 64458 85097 61741 99565 97438 15629 18372 98007 86700 29522 74681 8365 30672 71161 88289 51071 60048 67429 52994 25844 5256 54237 96271 32115 94033 51304
2127883067756185 2
20600 34320
3738471558574050 39
61992 56700 24885 28476 58716 22617 3969 46746 14301 52101 22365 10080 50274 17640 41013 57078 38304 9954 52290 252 61362 53676 19341 40824 19782 22995 57582 21420 39690 36288 56385 17514 42588 38556 47439 60795 32886 41139 20790
1026007084677 1
10257
1000010562115244 100
99998 68 655 179 343 100 99875 99902 492 99983 21 99860 495 99926 99980 193 99956 53 169 389 583 99971 650 99962 797 854 99953 476 199 99854 93 99908 99932 99863 99890 99938 481 43 99911 57 938 99872 99905 99977 332 99884 755 486 99950 904 350 99959 99989 162 99851 99878 90 863 99869 252 99917 99881 99947 99923 644 47 99866 261 99944 99896 99893 45 682 466 99992 36 616 99899 99986 187 55 658 398 99974 99929 99887 99935 385 97 99965 931 776 99914 99857 99941 612 99968 99995 198 99920
1000007010100008 100
18043 25117 3679 24526 7477 21697 10102 10120 20761 1 10213 835 99997 6505 4855 18226 12151 10042 21193 9991 14224 1534 7462 20080 29152 23419 24892 11821 23269 20560 7348 14431 22246 5263 12436 20740 2122 2266 9400 8449 28921 18109 6169 6304 7762 6790 6238 3388 16597 100000 15631 17140 5140 8962 337 16552 8173 20809 20881 16078 21115 23656 130 14872 26245 6877 7378 6649 22135 2 14404 280 16579 3 28435 9352 21226 6889 7402 25183 1915 28165 16288 18127 4519 17320 27760 21865 14830 27205 26194 1276 22252 26911 17932 18880 4834 24052 28576 16753
6838994766375 99
4972 20415 12173 61716 48063 71820 46127 79599 5931 76947 77870 38120 66170 21997 50626 82661 94851 30464 57473 41313 92357 72518 89032 86763 69773 17759 75276 46128 96014 89503 74885 86476 24447 23290 23841 21790 26478 20989 80278 78638 63088 14647 20551 11397 79731 26651 80462 14559 97627 66148 76057 18923 57416 89294 17228 4910 45847 2160 30770 13062 20083 58350 13424 64576 89650 89337 76597 29756 83494 52145 74213 73152 47424 37883 29077 65687 2305 10427 89759 14632 52627 69827 693 35475 15277 68096 95343 46529 97495 62899 7176 50568 56683 20579 31049 19931 38368 96537 24863
1499219100249333 5
2592 22560 21648 23952 21696
39942860723217 89
8547 88245 63360 67593 27924 97140 2779 59663 55965 25921 15878 55680 21 83322 45455 17866 59893 57514 60332 57177 99120 26461 31679 33848 56888 3425 68508 68852 24060 29967 74977 43004 64760 97001 25489 31474 49539 14853 64699 86573 18382 61588 67270 82206 94521 34929 52390 39332 78220 67388 95215 99097 89104 96946 74605 13217 66800 66464 3621 68886 5334 33348 60962 11476 57222 32337 20717 1631 3310 99439 91873 39395 70008 29238 61387 14242 60439 68600 26212 78442 68706 75121 34159 51552 55704 13349 26870 13970 27304
5677800010535040 2
56778 1116
54231048276121 66
70057 87658 9206 74629 97385 46753 88109 63418 90814 79413 93262 86124 52976 56489 71293 51780 47140 44621 6572 47484 80765 80293 65985 60355 30291 74988 43584 57322 87651 65381 14023 19701 98953 73470 97325 42436 15313 34096 68873 34624 24892 34342 68607 33659 4171 20938 15667 86678 19294 75825 40530 36637 72294 74472 31480 63068 34284 78786 23305 47426 38950 18992 74692 56392 84892 96497
48819906759677 78
79394 33309 2687 97495 3671 10645 23394 32716 38375 76209 46205 40244 62140 98089 1339 26025 23596 93921 72367 80529 2818 73386 59474 91761 90493 93564 2836 32428 76458 4650 32406 60971 39719 54774 17107 26789 95133 46548 20560 48913 50479 4013 85723 44429 65691 24592 30729 53291 81839 34703 73182 89409 41182 4706 79838 44367 45369 5947 94685 10498 89789 58478 65763 7647 65766 92269 11321 47169 8730 31667 15839 97231 76670 68547 99342 19540 46583 89431
1000065694884 100
9659 3512 21344 42442 24558 4812 11878 34432 6636 25601 11077 20850 49250 41529 1811 15490 22316 7706 38767 45485 14449 4871 30525 30550 44862 47886 12504 14168 11238 40108 5065 32818 1489 27533 47178 1675 36222 40028 37764 4356 46934 36335 30545 38887 1577 26140 4270 6340 45709 38240 13032 39699 23346 27419 21583 23106 47519 35631 7574 38806 5768 31774 5135 32605 27816 7536 693 20058 46033 15261 21461 46014 31930 48555 5913 33616 22005 33710 20148 22110 26639 22103 100000 28062 15190 13531 30687 27019 7813 38409 14756 8997 12467 9550 7482 21966 22974 9133 2162 14881
618623153400009 100
9090 1155 9345 8760 8880 4845 6720 3660 4860 1140 12825 8910 5550 13440 10560 2925 10770 1260 1605 8415 8565 75 930 8670 6045 750 5355 11370 9645 11160 13845 12360 13485 3630 11685 5790 165 14190 435 9765 10335 7905 9555 13410 13755 2580 4245 7440 15000 3390 540 2655 4950 4710 960 13215 5370 5700 8865 14175 14460 5220 8490 10500 8145 1980 60 4440 10245 14340 1320 12120 7050 1275 4215 4695 12435 7995 4425 4065 5475 10455 3120 12405 9450 11520 4305 14025 12675 8715 7335 5685 1530 2595 3765 1395 6555 3330 4470 14070
39290169308260 15
99595 11318 85532 97686 53117 28200 86614 18731 60310 18827 10569 30111 99690 55269 25929
93965288726274 54
86068 57066 46414 36191 68372 59437 20886 167 77998 35880 44570 32618 10362 43516 25376 19834 47909 86903 97689 42542 56815 14370 43168 10363 19866 93057 95594 28175 51085 96152 56685 77793 69232 77081 25671 98191 95298 25601 7272 33450 603 6243 87276 54910 75298 80020 32661 56856 20023 77660 32351 47694 66144 42396
18513094769998 44
48774 92689 92844 77838 46635 88165 87405 95812 79622 41413 69708 31867 54466 76053 83457 57982 78682 35544 36375 8551 32372 97666 9429 3928 86125 25675 60896 72722 41712 32060 18014 49606 79649 1561 26961 96893 74975 45073 368 71024 47568 95826 63241 4461
26425168881251 64
19928 65147 89294 79724 33717 20418 71827 33950 51825 37204 96006 31328 24473 94373 70155 32177 57442 87503 68955 71977 88318 8150 32275 46602 25866 15092 77945 29595 5242 98858 74020 20434 62086 14730 62938 44917 14802 87504 17589 56928 61681 60422 99834 11496 87723 12957 52022 77689 7265 31894 11913 79231 50682 81277 44977 76705 37443 55722 75051 86948 5649 57690 24200 2102
46165230388045 92
68785 85290 23078 29940 39918 95822 77094 13844 86366 89806 18729 26702 57675 76557 63593 94583 98503 52175 89542 53796 87149 53025 33076 30798 1671 49652 6175 3997 87196 63412 44159 18391 75655 45882 10736 35916 74852 93732 10450 80067 70855 11931 9799 16687 92204 59104 81198 96921 69399 80256 10426 62259 8826 61422 44199 83386 59252 62576 74693 33827 66931 98505 19756 99827 24301 1604 95413 51374 96710 21325 95038 89829 37644 36238 46354 74651 96318 47868 67906 30844 76874 86430 61189 2577 77381 22308 2892 18502 47249 23650 32227 11409
1000013517738 100
33864 32934 49141 5171 24545 12829 26967 35001 13132 18343 37866 18573 23366 6253 31750 43930 17503 22725 12317 18033 7892 18500 44298 5128 22294 18101 18784 39345 10630 28445 29401 44686 23522 23448 43590 18838 20886 48974 47561 24561 12681 5053 18245 12041 18645 43327 26520 13352 13721 20170 47107 11892 27833 43745 28396 13765 27201 5404 40787 13206 20675 36266 21982 23686 41064 44499 32349 432 24998 6910 43897 4992 48563 100000 16059 23346 5971 48065 30984 10199 15830 34391 27577 44854 14090 36838 972 41102 44981 35709 46940 42325 29511 5948 19791 22584 47236 45951 1708 15328
2852005471310560 70
33408 39384 17280 47520 40536 21168 36288 24912 17784 33120 62928 62712 52632 2088 26496 1584 71640 45432 4392 67752 36720 20592 49032 25920 59688 58752 60696 27504 36072 17640 45360 5256 24552 2808 9072 61632 66384 57744 25704 30384 66960 70272 64080 29808 12888 8280 58392 54288 42264 63648 15336 70416 51552 25632 64440 24192 62064 40104 55296 60480 1800 65088 14616 33336 13752 4968 6984 33696 43848 42768
95210142665678 10
79097 584 23185 77182 27593 59876 68977 10760 50347 22134
1228459313891270 89
4536 6790 2394 12348 1162 2506 9184 322 7938 12320 980 11116 798 11004 9128 1540 12950 10668 9422 12362 5348 5250 6594 13566 3640 10010 546 5754 11214 12418 784 1176 1638 11718 308 3584 4872 11508 13174 8358 4970 126 7000 8582 4830 5488 6524 5544 9254 1680 7812 9464 6062 532 9226 10346 7644 714 13496 658 9478 10388 12768 11466 13076 12908 5684 11480 4690 13888 9674 4158 6972 9716 1918 4228 5852 6468 7308 742 11704 2016 7742 2058 12516 6608 8470 3360 3332
45168807102287 22
26278 37631 91007 6310 12200 53661 56734 22679 22674 82652 84583 32689 59805 77549 73567 21849 35933 43951 27496 4811 65558 51303
72171735971802 75
31665 42781 62616 19527 80549 69371 4840 21741 13026 68463 62019 47922 31053 88497 45625 81340 19371 17476 44091 91022 45850 36561 13899 11502 18988 98038 35828 54317 70677 87738 20227 83184 3715 74203 81534 55737 96860 87344 7465 21257 23784 66590 88564 95074 37057 36274 69553 32866 95427 55161 47314 42421 7993 11344 66556 59178 57360 59831 23771 9158 37734 55835 86360 16793 93731 85271 12505 40430 75801 95423 57868 76343 81164 94456 4306
1000023219600005 100
485 666 392 460 1 157 497 282 768 281 562 981 213 841 946 80 2 812 195 871 872 683 581 507 920 775 764 629 149 956 37 7 380 174 465 3 926 743 370 332 28 202 325 586 482 440 939 854 506 266 918 732 777 521 56 451 404 740 341 308 84 66 879 93 324 452 385 302 4 220 717 303 824 729 6 747 468 68 181 99999 519 25 128 52 731 100000 900 592 633 702 323 194 184 265 176 993 138 22 691 758
11853206127502 96
97356 32034 20442 86406 61729 10171 70445 8927 16138 58145 10906 88053 54407 72661 46782 85695 90933 27724 42681 30929 39933 17047 43033 17924 33697 49622 37206 33792 68493 89252 26351 33793 79756 14933 20596 33493 70894 82680 11109 941 61693 51930 45025 59411 47211 77897 83130 25352 72552 87268 6868 81855 39771 84233 9078 43480 80300 93183 95683 53354 54655 59105 51250 72101 63687 56572 74931 17673 14830 7399 33663 51818 26021 78447 4409 73652 22026 41997 93435 27538 3874 531 50317 25310 93464 64011 12082 63053 56704 85668 39733 62063 16680 37941 16176 58847
39151324985759 50
67094 45880 83612 42806 14202 84532 13971 17245 32129 43418 2784 84788 51148 69700 2626 81801 25278 50691 7674 26822 85214 55429 14926 65932 30937 20147 33614 41862 69227 10318 46896 92194 67665 1875 92522 7842 81576 3265 7656 56138 39172 96212 82653 24879 51421 32615 67617 54952 10436 61564
1000072638810001 100
337 99992 239 869 312 591 783 799 250 633 63 79 99994 74 965 818 887 11 298 8 793 859 823 641 779 765 934 370 673 850 882 436 690 76 281 566 237 117 161 787 99998 277 111 234 359 303 342 525 53 954 369 862 196 275 592 54 361 340 339 696 730 1000 104 514 805 611 99991 911 99996 265 971 657 23 99997 466 721 408 520 240 874 376 676 576 99993 58 99999 351 444 755 670 995 741 99995 236 133 579 168 398 100000 7
2751714565477045 45
13496 18760 13524 24724 22736 16156 7756 14588 18116 25340 21896 17864 19544 12824 22484 26516 24108 868 24248 10108 18704 27580 26040 27440 27748 10948 22596 18256 20608 9464 26320 4536 15652 20300 2884 16100 16744 4732 840 26964 13664 2464 7252 15904 4312
1000019665745 100
49839 26383 1955 41096 36872 37123 21028 39474 10083 19027 37526 32072 17369 29551 18359 20224 4302 45135 17992 45344 38929 23168 25409 32969 49763 23108 24377 27657 17795 7173 6159 1031 29627 39116 9050 37028 38907 4590 34762 41926 48571 21476 46369 4679 3140 11310 20954 8394 33440 15029 26346 34630 45179 24047 45639 39038 37644 28630 10435 29331 47091 11879 46262 17244 44424 26604 35591 18145 33412 29981 28687 42301 33383 22357 39242 7352 8859 45645 29333 43374 25860 30287 32709 29874 100000 16591 29319 22588 40614 9298 22996 22619 18551 8625 24992 14110 45966 12359 8301 42656
49529218532533 5
65043 45973 79976 17624 10088
4223965381810 23
9178 26809 63221 86015 96197 78947 92622 15223 99435 50060 1098 33500 60202 70835 75027 20329 25814 12562 22860 50800 14384 13344 12721
12345680002500000 98
69443 71358 14882 97210 17475 58251 816 69946 80942 91431 22155 95153 84138 68133 73228 18511 51135 55372 86936 76033 15631 83648 20899 17011 60561 71299 477 27740 21141 48308 70962 28626 29844 39324 92138 64501 92974 94846 52790 60277 91504 85627 36284 46369 86388 68746 12389 87815 70790 45057 24824 98940 70109 70250 54700 23141 2699 77185 21859 98887 40501 99112 78792 78767 13094 69891 36665 40425 69714 79316 44740 8331 100000 82796 9110 26578 16616 23934 1865 44643 39 65806 28401 96933 53417 29944 89256 96530 25475 39546 51159 58619 45425 97610 14414 9681 83622 87588
84453745752759 76
82093 45349 47095 70032 16743 22934 3529 59751 25323 5213 66828 63361 82796 56243 27441 6459 4427 19600 60507 89864 34843 56013 80359 85476 40668 61638 98736 14981 35995 82527 6339 48570 34783 21166 4339 88888 94465 57538 6668 16988 57830 87133 53359 38574 98897 97097 42506 92837 23114 91484 87707 37455 83147 13019 17108 90565 63337 90623 50741 97664 72009 93952 2761 95849 11820 16573 14807 94508 30785 73095 97799 70621 43448 43807 12471 80421
7054335041096 47
26354 84046 9090 9661 71453 82653 88537 55406 70592 22210 42801 74575 81536 27562 11014 39557 98249 82708 65607 45471 52012 80669 43947 12817 63298 88402 70464 47385 9429 36800 83706 77445 30787 76251 36328 69074 51688 98884 63760 47467 63782 89007 52895 69602 32487 97733 32768
61987710498629 65
4134 11322 5229 92006 59448 95400 3045 6586 97474 68283 6320 84835 32388 23801 11120 37434 8298 30706 53125 25017 35303 42631 6211 72236 5377 47098 79271 16732 32651 27586 29536 14357 4734 96227 26968 2430 24547 71995 88248 7095 36494 79747 90769 91405 43368 92260 66028 43146 85500 10905 74036 83444 33079 61633 61833 50856 36768 40462 74990 30042 63766 54192 70197 81201 9397
54129390154092 23
85188 80372 27761 926 88134 57985 85935 93066 69832 94172 57566 34278 87328 70855 56296 12249 50123 15689 81986 32995 58094 80415 26027
38685194717109 57
57570 63829 64657 98983 65954 14253 62552 43167 45433 7860 66322 49039 53477 2976 91447 46803 12771 29022 13985 20676 61140 7048 33662 12391 85607 26542 99022 71994 58383 96260 94738 51928 1931 32140 78822 23183 95410 35243 76588 708 31878 30396 13632 89899 15956 90260 10573 53938 62756 85354 45509 59979 22448 85291 69343 83517 9143
299982837900003 5
100000 5 2 99999 1
1000051160630 100
26254 3748 7813 100000 24988 17876 7587 49047 23838 35644 16165 3915 49727 40917 33960 30597 44 1702 7899 12024 47067 41862 46648 27063 26187 4339 15737 6651 23991 17691 31253 15586 16392 1597 41481 44938 49089 9696 14727 29607 25935 35590 11647 31592 19994 30189 28772 18832 22326 42482 33339 14224 9117 17823 33964 41667 44947 22731 13488 41891 21518 38239 10058 9616 34804 30767 47253 17046 44691 49584 26392 18280 9084 37615 8100 4542 34940 14623 27839 371 18037 1007 13322 563 31188 23034 35171 20815 32596 32935 23727 40746 20646 24706 31195 29720 34298 29109 30561 3589
6399769865542632 63
48240 48880 38000 66480 77040 18960 68720 79040 70000 64480 5040 480 2240 50160 52640 67680 76560 11760 6160 36720 32320 18800 65760 29440 42480 5520 1600 46160 80 11200 24880 30960 72160 72720 79440 28480 24720 33040 61440 800 19680 56960 6720 46240 76400 68000 49600 57920 53680 65120 160 33120 42960 38080 27600 62880 72080 35760 76160 14320 42160 6880 62240
22953037650933001 2
78812 78811
11411241434709 4
38156 49309 81936 55314
