100
5 3 10 5
0 2 5 6 7
1 1 1 1 4
5 3 10 5
0 2 3 5 7
2 1 1 1 4
5 3 10 5
0 2 3 4 7
2 1 1 1 4
1 0 1000000000 1
1
50
3 2 715869449 748
23776611 715818292 715845193
51 75 43
1 1 1000000000 1000
999899999
100
9 3 565626302 508
77568312 171055256 565580468 565581528 565584739 565593194 565598660 565606826 565607998
97 47 55 26 26 94 16 13 35
3 2 932826199 911
932770730 932803974 932811730
90 59 82
2 1 51102864 272
51097215 51101635
21 4
3 3 448663107 709
908534 448650011 448651765
11 4 67
6 2 856578526 267
856554280 856556306 856556479 856561141 856568120 856569324
91 84 82 65 38 35
9 1 361276066 754
361216167 361220460 361227660 361241624 361254570 361264552 361269079 361270400 361272021
65 68 64 37 25 28 3 26 3
9 1 487239765 388
487202053 487203810 487204076 487212145 487215015 487219435 487227184 487235871 487235959
98 92 92 71 64 53 32 10 9
10 3 429179162 795
429101154 429105452 429111804 429124572 429137279 429139512 429159395 429163727 429170162 429175822
66 94 50 62 20 92 48 15 1 4
1 1 1000000000 1000
999900000
100
8 3 47619214 800
47552554 47554173 47563008 47568311 47578144 47584439 47605966 47609587
91 90 41 85 85 82 22 8
4 3 984567970 52
984564062 984565230 984566206 984566519
75 53 34 28
4 1 787168949 809
787122839 787140001 787163623 787164562
57 36 6 6
6 3 271306893 897
271229834 271236055 271266659 271274772 271287693 271290552
92 38 30 73 36 24
10 3 595363535 51
124517707 595359010 595359408 595359541 595359999 595360120 595361303 595361571 595361721 595362215
84 98 11 75 56 50 39 47 13 22
2 1 710672909 261
710651730 710672597
87 94
5 3 481827666 651
22909000 481779392 481779692 481785996 481826809
100 75 74 65 2
2 2 446184222 504
446164232 446165637
65 39
10 1 332790955 986
5140342 332695940 332702011 332708777 332716895 332725418 332735613 332746219 332750964 332774554
24 9 86 61 51 5 49 96 20 26
5 1 874775650 529
96886150 874733491 874743144 874747509 874756376
17 19 47 76 30
2 2 234575591 651
234546988 234563154
100 91
7 3 25762694 978
1913977 25676118 25694442 25702277 25717396 25739323 25760432
100 89 69 61 46 23 3
9 2 998794127 774
998734526 998746324 998763805 998767209 998771587 998772679 998774792 998775135 998786616
78 61 39 34 30 27 24 24 9
6 1 712742187 445
712699472 712709429 712718244 712718587 712719795 712731061
11 8 24 39 31 59
9 1 161502417 498
161459252 161460246 161465450 161466322 161478914 161482080 161492545 161500836 161501299
91 97 80 80 82 61 31 92 50
2 1 697187650 329
697172570 697178246
46 93
7 1 283305527 502
8612743 283268959 283282126 283283588 283292213 283304393 283304634
42 29 44 11 98 53 1
3 1 147327501 889
147262588 147264307 147281677
74 72 51
5 3 709494224 759
8031349 709451255 709455473 709468871 709492073
84 54 86 69 1
5 3 443839788 715
443783904 443787289 443789782 443810275 443830935
78 73 69 42 12
6 3 736670323 355
736635060 736638480 736638512 736657579 736657820 736659208
100 49 81 63 84 46
3 3 203712019 316
203688794 203694298 203701270
94 9 37
5 2 59381789 624
59329714 59359370 59367163 59369559 59378712
98 82 48 77 1
7 2 243421318 79
243415632 243416514 243416974 243417501 243418702 243420005 243420469
95 63 77 54 91 73 7
6 2 393827154 544
393772898 393775034 393783787 393797775 393798927 393820305
100 11 83 57 42 54
10 3 795666422 99
795656941 795659245 795661218 795661941 795662676 795663230 795664065 795665073 795665438 795665983
100 60 23 8 87 83 76 53 1 5
2 2 27088009 538
27065538 27084792
42 6
10 3 552818396 8
552817753 552817843 552817990 552818023 552818100 552818164 552818279 552818310 552818330 552818378
90 60 67 41 6 16 8 3 3 52
3 2 505511926 197
505493575 505509054 505509917
94 5 8
6 2 778677497 683
778623521 778631259 778634466 778648857 778671127 778674191
80 67 63 42 10 5
10 2 870709264 194
73720815 297665565 870690707 870691063 870691550 870692847 870695845 870696338 870697095 870700400
9 39 14 99 24 55 24 59 8 45
3 2 376085697 390
376068767 376072034 376083712
50 47 51
5 2 270764998 167
270749115 270756051 270756750 270756852 270764117
97 90 55 41 55
2 2 172192547 344
172166847 172172448
75 59
9 1 839036750 603
838977555 838978875 838994219 839002175 839010619 839019791 839023268 839029404 839030202
98 95 70 57 43 28 22 12 10
4 2 746993930 33
746990696 746990873 746991878 746992028
100 23 76 99
9 3 354524750 591
354466524 354472447 354481478 354482227 354493995 354503540 354504499 354505814 354512711
99 68 99 84 5 97 48 23 27
7 1 388052995 736
387989884 387990393 388015360 388021640 388023845 388047448 388048434
100 97 88 4 25 80 51
9 2 267805837 466
267764480 267768339 267769539 267772434 267795111 267795910 267799546 267800316 267803155
88 80 77 72 23 21 13 11 5
6 2 918741332 325
70764166 918719768 918724890 918728707 918732575 918733729
6 78 85 75 62 8
6 2 921723046 652
123732004 921688951 921690495 921693724 921697866 921714060
13 84 33 83 46 68
7 1 426393802 354
426361717 426377681 426378692 426382699 426383780 426387721 426389573
99 48 71 45 25 20 57
3 2 882395055 353
882361043 882362546 882382931
99 96 76
8 1 52110849 631
52049582 52050717 52060463 52077614 52079647 52084488 52101000 52104160
98 100 82 37 65 94 75 95
5 3 147452716 547
3011906 147416492 147425419 147425618 147435928
72 60 100 28 20
2 2 1000000000 1000
1 999999999
100 1
2 1 530595923 609
530552463 530558593
72 62
3 1 763451271 725
763390797 763413351 763436771
89 37 6
2 1 595092469 779
595032032 595051577
96 81
5 1 561642128 322
561613137 561613295 561621944 561640178 561641768
94 92 13 2 1
6 2 167642880 122
167633089 167633287 167633489 167638167 167640417 167641996
86 100 98 81 63 34
9 1 457624220 653
457560457 457561845 457567586 457575437 457578544 457585136 457601576 457608749 457623448
55 98 74 33 60 37 43 15 1
9 3 841397455 201
841379912 841381135 841386447 841388373 841389782 841390220 841390289 841391793 841391924
20 28 30 72 5 34 17 23 23
9 3 902634521 727
19772467 181207627 902584963 902597731 902615075 902616235 902616578 902616636 902624616
28 26 67 80 21 21 15 12 5
10 2 617637969 23
84037452 617635996 617636066 617636471 617636539 617636824 617637270 617637343 617637492 617637697
100 86 82 66 63 49 31 28 21 12
8 1 508701336 671
508643152 508651665 508653614 508658913 508660587 508661732 508681704 508698760
87 74 72 63 60 59 29 3
4 2 642081593 530
642052013 642053587 642061309 642062272
55 53 39 36
5 2 725711744 841
725628747 725672134 725687609 725689578 725700754
100 2 25 54 45
3 3 976080883 896
975995926 976020646 976042987
95 68 43
7 2 499319733 564
180167825 250280400 341853383 499280784 499292305 499298149 499298443
9 40 64 86 100 29 69
5 2 922794610 898
922722558 922735321 922747595 922753329 922768776
81 69 51 35 71
10 2 293933195 94
4499483 18428883 293927248 293927331 293928313 293929993 293930530 293930738 293930893 293932061
94 17 74 93 32 24 27 24 35 59
7 3 970498658 616
241169552 970447869 970448674 970454420 970482274 970488299 970494834
12 31 44 69 26 11 51
3 2 709035944 206
709018742 709032090 709035627
90 89 62
8 3 443990710 682
443951392 443955419 443961299 443969328 443974927 443976373 443985202 443987042
50 61 55 61 92 56 80 80
6 3 733674728 679
733627162 733637525 733642509 733664335 733664412 733673494
38 56 4 9 47 1
5 1 672593583 399
672555645 672558488 672558535 672573585 672587908
71 86 97 11 42
5 1 978008791 885
977924875 977950909 977959086 977959628 977975623
99 86 98 64 78
3 3 47887517 456
47857056 47884034 47884671
73 40 65
3 2 990737528 361
990712633 990714178 990724313
69 65 37
5 3 100693822 868
100612406 100619220 100622226 100622275 100627362
94 86 83 83 77
9 3 550685380 713
550635633 550637725 550642030 550646168 550646441 550652837 550654895 550659164 550659547
86 85 65 90 59 95 89 83 91
7 2 503278439 459
503232745 503233428 503237472 503240250 503258186 503261699 503262795
100 99 21 95 31 28 19
4 3 720047385 487
720019221 720026510 720041242 720043535
100 45 92 95
5 2 547901217 240
73794113 547878002 547888094 547890236 547898565
66 99 88 93 5
5 1 817508576 797
817439097 817446215 817473293 817486806 817488014
88 78 44 27 26
3 1 292198257 113
79818076 162710325 183192851
52 25 37
7 2 427400007 911
427312203 427316395 427356479 427363021 427366781 427372424 427380518
5 8 18 28 29 14 60
6 1 959036280 704
958996535 958997308 959013071 959020998 959034974 959035130
57 83 52 54 16 84
2 2 559296215 378
559262818 559280943
88 41
5 3 781608418 377
781578544 781582810 781595456 781599696 781601800
92 70 57 10 74
4 2 329178365 240
329158879 329162076 329168662 329175316
82 68 40 13
5 1 761456741 562
185561314 761435382 761440549 761444994 761447729
100 39 28 20 16
5 1 392378086 838
50058007 392310417 392311677 392354748 392372399
28 88 71 14 30
4 1 87442742 861
7739702 8348114 87369795 87394277
25 42 87 3
