100
1
2
3
4
99996
99997
99998
99999
100000
46768
37824
77031
14992
75469
56824
23407
84430
13528
42342
73206
61145
37335
5629
24273
7880
54074
24186
8362
42598
13325
84762
19249
16515
51341
1508
13181
1257
68043
54374
9224
51011
46041
5967
78073
64789
99680
8224
42211
79930
21395
22670
55146
4248
17649
50603
53529
9161
47301
26906
15461
27695
66287
94136
76964
39097
49318
49550
61610
26162
71466
42576
59772
81984
89662
88497
8147
93974
93074
60747
9068
23276
19064
74745
39907
61473
74703
83869
64666
28614
9014
90266
86009
28370
54342
13560
35305
51346
68348
82994
71373
