6
10
15 15 24 62 41 57 36 74 23 36 22 39 6 13 2 11 30 58 23 42 
5
53
28
65
72
67

25
31 129 42 142 103 202 20 111 123 242 69 181 93 99 54 59 1 40 46 52 102 137 90 177 25 33 36 80 83 192 45 70 102 172 123 219 107 204 29 92 84 162 2 38 96 126 81 81 51 125 
25
13
242
32
37
83
146
126
148
193
234
121
144
112
133
38
126
178
190
53
179
39
59
76
55
202

50
1 500 500 500 160 351 21 30 107 119 118 184 84 308 204 382 60 210 8 220 84 281 86 220 89 96 245 433 202 340 119 312 180 380 208 374 149 215 235 440 141 346 183 334 38 254 248 386 249 310 47 194 42 104 209 280 55 133 209 414 3 220 90 166 193 241 229 429 61 262 245 266 30 39 109 197 27 171 249 481 26 164 165 189 192 367 239 359 204 343 229 336 139 386 118 296 188 409 147 298 
50
353
336
375
383
207
477
311
102
338
424
379
135
29
414
93
393
117
348
447
139
10
88
313
33
347
460
65
366
463
4
320
167
35
39
193
306
316
1
215
126
233
496
136
3
94
130
215
378
147
413

15
26 26 176 176 128 128 126 275 36 124 168 254 42 212 12 206 109 245 36 234 133 190 69 89 84 272 178 322 20 199 
8
26
30
2
375
276
61
366
128

20
113 274 163 337 32 183 82 291 54 237 104 318 124 158 174 279 188 199 238 299 150 276 200 338 52 228 102 314 197 223 247 311 131 273 181 336 11 162 61 281 
15
71
364
73
60
193
164
83
105
175
239
201
103
248
182
62

15
154 273 53 154 94 159 149 336 24 139 80 157 119 199 76 148 104 296 67 220 120 292 167 176 136 335 90 284 188 237 
8
154
279
196
9
341
396
312
363

