Case #1:
1 1
2 2
2 1
3 1
3 2
3 3
4 4
5 5
5 4
5 3
5 2
5 1
6 1
6 2
6 3
6 4
6 5
6 6
7 7
8 8
9 9
10 10
10 9
10 8
10 7
10 6
10 5
10 4
10 3
10 2
10 1
11 1
Case #2:
1 1
2 2
3 3
4 4
4 3
4 2
4 1
5 1
5 2
5 3
5 4
5 5
6 6
7 7
7 6
7 5
7 4
7 3
7 2
7 1
8 1
8 2
8 3
8 4
8 5
8 6
8 7
8 8
9 9
9 8
9 7
9 6
9 5
9 4
9 3
9 2
9 1
10 1
10 2
10 3
10 4
10 5
10 6
10 7
10 8
10 9
10 10
Case #3:
1 1
2 2
2 1
3 1
4 1
5 1
6 1
6 2
6 3
6 4
6 5
6 6
7 7
8 8
8 7
8 6
8 5
8 4
8 3
8 2
8 1
9 1
Case #4:
1 1
2 2
3 3
4 4
4 3
4 2
4 1
5 1
5 2
5 3
5 4
5 5
6 6
6 5
6 4
6 3
6 2
6 1
7 1
7 2
7 3
7 4
7 5
7 6
7 7
8 8
8 7
8 6
8 5
8 4
8 3
8 2
8 1
9 1
9 2
9 3
9 4
9 5
9 6
9 7
9 8
9 9
Case #5:
1 1
2 2
3 3
3 2
3 1
4 1
4 2
4 3
4 4
5 5
6 6
6 5
6 4
6 3
6 2
6 1
7 1
7 2
7 3
7 4
7 5
7 6
7 7
Case #6:
1 1
2 2
2 1
3 1
3 2
3 3
4 4
4 3
4 2
4 1
5 1
6 1
7 1
8 1
8 2
8 3
8 4
8 5
8 6
8 7
8 8
9 9
9 8
9 7
9 6
9 5
9 4
9 3
9 2
9 1
Case #7:
1 1
2 2
3 3
3 2
3 1
4 1
5 1
6 1
6 2
6 3
6 4
6 5
6 6
7 7
8 8
8 7
8 6
8 5
8 4
8 3
8 2
8 1
9 1
9 2
9 3
9 4
9 5
9 6
9 7
9 8
9 9
Case #8:
1 1
2 2
2 1
3 1
3 2
3 3
4 4
4 3
4 2
4 1
5 1
5 2
5 3
5 4
5 5
6 6
7 7
7 6
7 5
7 4
7 3
7 2
7 1
8 1
8 2
8 3
8 4
8 5
8 6
8 7
8 8
9 9
9 8
9 7
9 6
9 5
9 4
9 3
9 2
9 1
10 1
10 2
10 3
10 4
10 5
10 6
10 7
10 8
10 9
10 10
11 11
12 12
13 13
14 14
Case #9:
1 1
2 2
2 1
3 1
3 2
3 3
4 4
5 5
6 6
Case #10:
1 1
2 2
2 1
3 1
3 2
3 3
4 4
5 5
6 6
7 7
8 8
8 7
8 6
8 5
8 4
8 3
8 2
8 1
9 1
9 2
9 3
9 4
9 5
9 6
9 7
9 8
9 9
10 10
Case #11:
1 1
2 2
2 1
3 1
3 2
3 3
4 4
4 3
4 2
4 1
5 1
5 2
5 3
5 4
5 5
6 6
7 7
7 6
7 5
7 4
7 3
7 2
7 1
8 1
8 2
8 3
8 4
8 5
8 6
8 7
8 8
9 9
9 8
9 7
9 6
9 5
9 4
9 3
9 2
9 1
10 1
10 2
10 3
10 4
10 5
10 6
10 7
10 8
10 9
10 10
11 11
Case #12:
1 1
2 2
3 3
3 2
3 1
4 1
5 1
6 1
7 1
8 1
9 1
9 2
9 3
9 4
9 5
9 6
9 7
9 8
9 9
10 10
10 9
10 8
10 7
10 6
10 5
10 4
10 3
10 2
10 1
Case #13:
1 1
2 2
2 1
3 1
3 2
3 3
Case #14:
1 1
2 2
2 1
3 1
4 1
5 1
6 1
6 2
6 3
6 4
6 5
6 6
7 7
7 6
7 5
7 4
7 3
7 2
7 1
8 1
Case #15:
1 1
2 2
2 1
3 1
3 2
3 3
4 4
4 3
4 2
4 1
5 1
5 2
5 3
5 4
5 5
6 6
7 7
8 8
9 9
9 8
9 7
9 6
9 5
9 4
9 3
9 2
9 1
10 1
11 1
Case #16:
1 1
2 2
2 1
3 1
3 2
3 3
4 4
4 3
4 2
4 1
5 1
6 1
7 1
8 1
9 1
10 1
10 2
10 3
10 4
10 5
10 6
10 7
10 8
10 9
10 10
11 11
12 12
13 13
Case #17:
1 1
2 2
3 3
3 2
3 1
4 1
4 2
4 3
4 4
5 5
6 6
6 5
6 4
6 3
6 2
6 1
7 1
7 2
7 3
7 4
7 5
7 6
7 7
8 8
9 9
9 8
9 7
9 6
9 5
9 4
9 3
9 2
9 1
10 1
10 2
10 3
10 4
10 5
10 6
10 7
10 8
10 9
10 10
Case #18:
1 1
2 2
2 1
3 1
4 1
5 1
5 2
5 3
5 4
5 5
6 6
7 7
7 6
7 5
7 4
7 3
7 2
7 1
8 1
8 2
8 3
8 4
8 5
8 6
8 7
8 8
9 9
9 8
9 7
9 6
9 5
9 4
9 3
9 2
9 1
10 1
10 2
10 3
10 4
10 5
10 6
10 7
10 8
10 9
10 10
Case #19:
1 1
2 2
3 3
3 2
3 1
4 1
5 1
6 1
7 1
8 1
8 2
8 3
8 4
8 5
8 6
8 7
8 8
Case #20:
1 1
2 2
2 1
3 1
3 2
3 3
4 4
5 5
5 4
5 3
5 2
5 1
6 1
6 2
6 3
6 4
6 5
6 6
7 7
8 8
8 7
8 6
8 5
8 4
8 3
8 2
8 1
9 1
10 1
10 2
10 3
10 4
10 5
10 6
10 7
10 8
10 9
10 10
11 11
12 12
Case #21:
1 1
2 2
2 1
3 1
4 1
5 1
6 1
6 2
6 3
6 4
6 5
6 6
7 7
8 8
9 9
9 8
9 7
9 6
9 5
9 4
9 3
9 2
9 1
10 1
10 2
10 3
10 4
10 5
10 6
10 7
10 8
10 9
10 10
Case #22:
1 1
2 2
2 1
3 1
3 2
3 3
4 4
4 3
4 2
4 1
5 1
5 2
5 3
5 4
5 5
6 6
7 7
7 6
7 5
7 4
7 3
7 2
7 1
8 1
9 1
10 1
10 2
10 3
10 4
10 5
10 6
10 7
10 8
10 9
10 10
Case #23:
1 1
2 2
3 3
4 4
4 3
4 2
4 1
Case #24:
1 1
2 2
2 1
3 1
3 2
3 3
4 4
4 3
4 2
4 1
5 1
6 1
7 1
8 1
9 1
10 1
10 2
10 3
10 4
10 5
10 6
10 7
10 8
10 9
10 10
Case #25:
1 1
2 2
2 1
3 1
4 1
4 2
4 3
4 4
5 5
6 6
6 5
6 4
6 3
6 2
6 1
7 1
8 1
8 2
8 3
8 4
8 5
8 6
8 7
8 8
9 9
9 8
9 7
9 6
9 5
9 4
9 3
9 2
9 1
10 1
Case #26:
1 1
2 2
2 1
3 1
4 1
5 1
6 1
6 2
6 3
6 4
6 5
6 6
7 7
8 8
9 9
9 8
9 7
9 6
9 5
9 4
9 3
9 2
9 1
10 1
10 2
10 3
10 4
10 5
10 6
10 7
10 8
10 9
10 10
11 11
Case #27:
1 1
2 2
3 3
3 2
3 1
4 1
5 1
5 2
5 3
5 4
5 5
6 6
7 7
7 6
7 5
7 4
7 3
7 2
7 1
8 1
8 2
8 3
8 4
8 5
8 6
8 7
8 8
9 9
9 8
9 7
9 6
9 5
9 4
9 3
9 2
9 1
10 1
10 2
10 3
10 4
10 5
10 6
10 7
10 8
10 9
10 10
Case #28:
1 1
2 2
3 3
3 2
3 1
4 1
4 2
4 3
4 4
5 5
5 4
5 3
5 2
5 1
6 1
6 2
6 3
6 4
6 5
6 6
7 7
7 6
7 5
7 4
7 3
7 2
7 1
Case #29:
1 1
Case #30:
1 1
2 2
2 1
3 1
3 2
3 3
4 4
4 3
4 2
4 1
5 1
5 2
5 3
5 4
5 5
6 6
7 7
8 8
9 9
Case #31:
1 1
2 2
2 1
3 1
3 2
3 3
4 4
4 3
4 2
4 1
5 1
6 1
7 1
7 2
7 3
7 4
7 5
7 6
7 7
8 8
9 9
9 8
9 7
9 6
9 5
9 4
9 3
9 2
9 1
10 1
10 2
10 3
10 4
10 5
10 6
10 7
10 8
10 9
10 10
11 11
12 12
Case #32:
1 1
2 2
3 3
3 2
3 1
Case #33:
1 1
2 2
2 1
3 1
3 2
3 3
4 4
5 5
6 6
6 5
6 4
6 3
6 2
6 1
7 1
8 1
Case #34:
1 1
2 2
2 1
3 1
3 2
3 3
4 4
4 3
4 2
4 1
5 1
5 2
5 3
5 4
5 5
6 6
7 7
7 6
7 5
7 4
7 3
7 2
7 1
8 1
8 2
8 3
8 4
8 5
8 6
8 7
8 8
9 9
9 8
9 7
9 6
9 5
9 4
9 3
9 2
9 1
10 1
10 2
10 3
10 4
10 5
10 6
10 7
10 8
10 9
10 10
Case #35:
1 1
2 2
2 1
3 1
3 2
3 3
4 4
4 3
4 2
4 1
5 1
6 1
7 1
7 2
7 3
7 4
7 5
7 6
7 7
8 8
8 7
8 6
8 5
8 4
8 3
8 2
8 1
9 1
10 1
Case #36:
1 1
2 2
3 3
4 4
5 5
5 4
5 3
5 2
5 1
6 1
7 1
7 2
7 3
7 4
7 5
7 6
7 7
8 8
8 7
8 6
8 5
8 4
8 3
8 2
8 1
9 1
9 2
9 3
9 4
9 5
9 6
9 7
9 8
9 9
10 10
10 9
10 8
10 7
10 6
10 5
10 4
10 3
10 2
10 1
Case #37:
1 1
2 2
2 1
3 1
3 2
3 3
4 4
4 3
4 2
4 1
5 1
6 1
6 2
6 3
6 4
6 5
6 6
7 7
Case #38:
1 1
2 2
2 1
3 1
4 1
5 1
5 2
5 3
5 4
5 5
6 6
7 7
7 6
7 5
7 4
7 3
7 2
7 1
8 1
Case #39:
1 1
2 2
3 3
4 4
5 5
6 6
7 7
8 8
9 9
9 8
9 7
9 6
9 5
9 4
9 3
9 2
9 1
Case #40:
1 1
2 2
3 3
3 2
3 1
4 1
4 2
4 3
4 4
5 5
5 4
5 3
5 2
5 1
6 1
6 2
6 3
6 4
6 5
6 6
7 7
8 8
8 7
8 6
8 5
8 4
8 3
8 2
8 1
9 1
9 2
9 3
9 4
9 5
9 6
9 7
9 8
9 9
10 10
10 9
10 8
10 7
10 6
10 5
10 4
10 3
10 2
10 1
Case #41:
1 1
2 2
3 3
3 2
3 1
4 1
5 1
6 1
6 2
6 3
6 4
6 5
6 6
7 7
7 6
7 5
7 4
7 3
7 2
7 1
8 1
8 2
8 3
8 4
8 5
8 6
8 7
8 8
9 9
9 8
9 7
9 6
9 5
9 4
9 3
9 2
9 1
10 1
10 2
10 3
10 4
10 5
10 6
10 7
10 8
10 9
10 10
Case #42:
1 1
2 2
2 1
3 1
3 2
3 3
4 4
4 3
4 2
4 1
5 1
5 2
5 3
5 4
5 5
6 6
7 7
8 8
8 7
8 6
8 5
8 4
8 3
8 2
8 1
9 1
9 2
9 3
9 4
9 5
9 6
9 7
9 8
9 9
10 10
11 11
Case #43:
1 1
2 2
3 3
4 4
5 5
5 4
5 3
5 2
5 1
Case #44:
1 1
2 2
3 3
4 4
5 5
6 6
7 7
8 8
9 9
10 10
10 9
10 8
10 7
10 6
10 5
10 4
10 3
10 2
10 1
Case #45:
1 1
2 2
3 3
4 4
5 5
6 6
6 5
6 4
6 3
6 2
6 1
Case #46:
1 1
2 2
3 3
4 4
5 5
6 6
7 7
8 8
8 7
8 6
8 5
8 4
8 3
8 2
8 1
Case #47:
1 1
2 2
2 1
3 1
4 1
4 2
4 3
4 4
5 5
5 4
5 3
5 2
5 1
6 1
7 1
8 1
9 1
9 2
9 3
9 4
9 5
9 6
9 7
9 8
9 9
10 10
10 9
10 8
10 7
10 6
10 5
10 4
10 3
10 2
10 1
11 1
Case #48:
1 1
2 2
2 1
3 1
4 1
4 2
4 3
4 4
5 5
5 4
5 3
5 2
5 1
6 1
6 2
6 3
6 4
6 5
6 6
7 7
8 8
8 7
8 6
8 5
8 4
8 3
8 2
8 1
Case #49:
1 1
2 2
3 3
3 2
3 1
4 1
4 2
4 3
4 4
5 5
5 4
5 3
5 2
5 1
6 1
6 2
6 3
6 4
6 5
6 6
Case #50:
1 1
2 2
2 1
3 1
3 2
3 3
4 4
5 5
5 4
5 3
5 2
5 1
6 1
7 1
7 2
7 3
7 4
7 5
7 6
7 7
8 8
8 7
8 6
8 5
8 4
8 3
8 2
8 1
9 1
9 2
9 3
9 4
9 5
9 6
9 7
9 8
9 9
10 10
10 9
10 8
10 7
10 6
10 5
10 4
10 3
10 2
10 1
Case #51:
1 1
2 2
3 3
4 4
4 3
4 2
4 1
5 1
6 1
6 2
6 3
6 4
6 5
6 6
Case #52:
1 1
2 2
2 1
3 1
4 1
5 1
5 2
5 3
5 4
5 5
6 6
7 7
7 6
7 5
7 4
7 3
7 2
7 1
8 1
9 1
10 1
10 2
10 3
10 4
10 5
10 6
10 7
10 8
10 9
10 10
Case #53:
1 1
2 2
2 1
3 1
3 2
3 3
4 4
4 3
4 2
4 1
5 1
5 2
5 3
5 4
5 5
6 6
6 5
6 4
6 3
6 2
6 1
7 1
8 1
Case #54:
1 1
2 2
2 1
3 1
4 1
4 2
4 3
4 4
5 5
6 6
7 7
8 8
8 7
8 6
8 5
8 4
8 3
8 2
8 1
9 1
9 2
9 3
9 4
9 5
9 6
9 7
9 8
9 9
Case #55:
1 1
2 2
2 1
3 1
3 2
3 3
4 4
4 3
4 2
4 1
5 1
5 2
5 3
5 4
5 5
Case #56:
1 1
2 2
2 1
3 1
3 2
3 3
4 4
5 5
6 6
6 5
6 4
6 3
6 2
6 1
7 1
7 2
7 3
7 4
7 5
7 6
7 7
Case #57:
1 1
2 2
2 1
3 1
3 2
3 3
4 4
4 3
4 2
4 1
5 1
5 2
5 3
5 4
5 5
6 6
6 5
6 4
6 3
6 2
6 1
7 1
7 2
7 3
7 4
7 5
7 6
7 7
Case #58:
1 1
2 2
2 1
3 1
4 1
5 1
6 1
7 1
7 2
7 3
7 4
7 5
7 6
7 7
8 8
Case #59:
1 1
2 2
2 1
3 1
3 2
3 3
4 4
5 5
5 4
5 3
5 2
5 1
6 1
7 1
7 2
7 3
7 4
7 5
7 6
7 7
8 8
9 9
9 8
9 7
9 6
9 5
9 4
9 3
9 2
9 1
10 1
Case #60:
1 1
2 2
2 1
3 1
3 2
3 3
4 4
5 5
5 4
5 3
5 2
5 1
6 1
7 1
7 2
7 3
7 4
7 5
7 6
7 7
8 8
8 7
8 6
8 5
8 4
8 3
8 2
8 1
9 1
9 2
9 3
9 4
9 5
9 6
9 7
9 8
9 9
10 10
10 9
10 8
10 7
10 6
10 5
10 4
10 3
10 2
10 1
11 1
12 1
Case #61:
1 1
2 2
2 1
3 1
3 2
3 3
4 4
4 3
4 2
4 1
5 1
6 1
7 1
7 2
7 3
7 4
7 5
7 6
7 7
8 8
8 7
8 6
8 5
8 4
8 3
8 2
8 1
9 1
9 2
9 3
9 4
9 5
9 6
9 7
9 8
9 9
10 10
10 9
10 8
10 7
10 6
10 5
10 4
10 3
10 2
10 1
11 1
12 1
13 1
Case #62:
1 1
2 2
2 1
3 1
3 2
3 3
4 4
4 3
4 2
4 1
5 1
6 1
6 2
6 3
6 4
6 5
6 6
7 7
8 8
8 7
8 6
8 5
8 4
8 3
8 2
8 1
9 1
Case #63:
1 1
2 2
2 1
3 1
3 2
3 3
4 4
5 5
5 4
5 3
5 2
5 1
6 1
6 2
6 3
6 4
6 5
6 6
7 7
7 6
7 5
7 4
7 3
7 2
7 1
8 1
Case #64:
1 1
2 2
2 1
3 1
3 2
3 3
4 4
4 3
4 2
4 1
5 1
5 2
5 3
5 4
5 5
6 6
6 5
6 4
6 3
6 2
6 1
7 1
8 1
9 1
Case #65:
1 1
2 2
3 3
3 2
3 1
4 1
4 2
4 3
4 4
5 5
5 4
5 3
5 2
5 1
6 1
7 1
7 2
7 3
7 4
7 5
7 6
7 7
8 8
8 7
8 6
8 5
8 4
8 3
8 2
8 1
9 1
9 2
9 3
9 4
9 5
9 6
9 7
9 8
9 9
10 10
10 9
10 8
10 7
10 6
10 5
10 4
10 3
10 2
10 1
Case #66:
1 1
2 2
2 1
Case #67:
1 1
2 2
2 1
3 1
4 1
5 1
5 2
5 3
5 4
5 5
6 6
7 7
8 8
8 7
8 6
8 5
8 4
8 3
8 2
8 1
Case #68:
1 1
2 2
2 1
3 1
4 1
4 2
4 3
4 4
5 5
5 4
5 3
5 2
5 1
6 1
7 1
8 1
8 2
8 3
8 4
8 5
8 6
8 7
8 8
Case #69:
1 1
2 2
2 1
3 1
3 2
3 3
4 4
4 3
4 2
4 1
5 1
6 1
6 2
6 3
6 4
6 5
6 6
7 7
7 6
7 5
7 4
7 3
7 2
7 1
8 1
9 1
9 2
9 3
9 4
9 5
9 6
9 7
9 8
9 9
10 10
Case #70:
1 1
2 2
2 1
3 1
3 2
3 3
4 4
4 3
4 2
4 1
5 1
5 2
5 3
5 4
5 5
6 6
6 5
6 4
6 3
6 2
6 1
7 1
7 2
7 3
7 4
7 5
7 6
7 7
8 8
8 7
8 6
8 5
8 4
8 3
8 2
8 1
Case #71:
1 1
2 2
3 3
3 2
3 1
4 1
4 2
4 3
4 4
5 5
6 6
6 5
6 4
6 3
6 2
6 1
7 1
7 2
7 3
7 4
7 5
7 6
7 7
8 8
9 9
10 10
10 9
10 8
10 7
10 6
10 5
10 4
10 3
10 2
10 1
Case #72:
1 1
2 2
2 1
3 1
3 2
3 3
4 4
4 3
4 2
4 1
5 1
5 2
5 3
5 4
5 5
6 6
7 7
8 8
Case #73:
1 1
2 2
2 1
3 1
3 2
3 3
4 4
5 5
5 4
5 3
5 2
5 1
6 1
7 1
8 1
9 1
9 2
9 3
9 4
9 5
9 6
9 7
9 8
9 9
10 10
10 9
10 8
10 7
10 6
10 5
10 4
10 3
10 2
10 1
Case #74:
1 1
2 2
2 1
3 1
4 1
5 1
6 1
6 2
6 3
6 4
6 5
6 6
7 7
7 6
7 5
7 4
7 3
7 2
7 1
8 1
8 2
8 3
8 4
8 5
8 6
8 7
8 8
9 9
9 8
9 7
9 6
9 5
9 4
9 3
9 2
9 1
10 1
10 2
10 3
10 4
10 5
10 6
10 7
10 8
10 9
10 10
11 11
Case #75:
1 1
2 2
2 1
3 1
3 2
3 3
4 4
5 5
5 4
5 3
5 2
5 1
6 1
7 1
7 2
7 3
7 4
7 5
7 6
7 7
8 8
8 7
8 6
8 5
8 4
8 3
8 2
8 1
9 1
9 2
9 3
9 4
9 5
9 6
9 7
9 8
9 9
10 10
10 9
10 8
10 7
10 6
10 5
10 4
10 3
10 2
10 1
11 1
Case #76:
1 1
2 2
2 1
3 1
3 2
3 3
4 4
4 3
4 2
4 1
5 1
5 2
5 3
5 4
5 5
6 6
6 5
6 4
6 3
6 2
6 1
7 1
7 2
7 3
7 4
7 5
7 6
7 7
8 8
8 7
8 6
8 5
8 4
8 3
8 2
8 1
9 1
9 2
9 3
9 4
9 5
9 6
9 7
9 8
9 9
Case #77:
1 1
2 2
2 1
3 1
4 1
4 2
4 3
4 4
5 5
5 4
5 3
5 2
5 1
6 1
7 1
7 2
7 3
7 4
7 5
7 6
7 7
8 8
8 7
8 6
8 5
8 4
8 3
8 2
8 1
9 1
9 2
9 3
9 4
9 5
9 6
9 7
9 8
9 9
10 10
Case #78:
1 1
2 2
2 1
3 1
4 1
4 2
4 3
4 4
5 5
5 4
5 3
5 2
5 1
6 1
7 1
7 2
7 3
7 4
7 5
7 6
7 7
8 8
8 7
8 6
8 5
8 4
8 3
8 2
8 1
9 1
9 2
9 3
9 4
9 5
9 6
9 7
9 8
9 9
10 10
10 9
10 8
10 7
10 6
10 5
10 4
10 3
10 2
10 1
11 1
Case #79:
1 1
2 2
2 1
3 1
3 2
3 3
4 4
4 3
4 2
4 1
5 1
5 2
5 3
5 4
5 5
6 6
7 7
7 6
7 5
7 4
7 3
7 2
7 1
8 1
8 2
8 3
8 4
8 5
8 6
8 7
8 8
9 9
9 8
9 7
9 6
9 5
9 4
9 3
9 2
9 1
10 1
10 2
10 3
10 4
10 5
10 6
10 7
10 8
10 9
10 10
11 11
12 12
13 13
Case #80:
1 1
2 2
2 1
3 1
4 1
5 1
6 1
6 2
6 3
6 4
6 5
6 6
7 7
7 6
7 5
7 4
7 3
7 2
7 1
8 1
8 2
8 3
8 4
8 5
8 6
8 7
8 8
9 9
9 8
9 7
9 6
9 5
9 4
9 3
9 2
9 1
10 1
10 2
10 3
10 4
10 5
10 6
10 7
10 8
10 9
10 10
Case #81:
1 1
2 2
2 1
3 1
4 1
5 1
6 1
6 2
6 3
6 4
6 5
6 6
7 7
8 8
8 7
8 6
8 5
8 4
8 3
8 2
8 1
9 1
9 2
9 3
9 4
9 5
9 6
9 7
9 8
9 9
Case #82:
1 1
2 2
3 3
3 2
3 1
4 1
4 2
4 3
4 4
5 5
6 6
6 5
6 4
6 3
6 2
6 1
Case #83:
1 1
2 2
2 1
3 1
3 2
3 3
4 4
4 3
4 2
4 1
5 1
5 2
5 3
5 4
5 5
6 6
6 5
6 4
6 3
6 2
6 1
Case #84:
1 1
2 2
2 1
3 1
3 2
3 3
4 4
4 3
4 2
4 1
Case #85:
1 1
2 2
2 1
3 1
3 2
3 3
4 4
5 5
6 6
7 7
7 6
7 5
7 4
7 3
7 2
7 1
8 1
9 1
9 2
9 3
9 4
9 5
9 6
9 7
9 8
9 9
Case #86:
1 1
2 2
2 1
3 1
4 1
4 2
4 3
4 4
Case #87:
1 1
2 2
2 1
3 1
4 1
4 2
4 3
4 4
5 5
5 4
5 3
5 2
5 1
6 1
7 1
7 2
7 3
7 4
7 5
7 6
7 7
8 8
8 7
8 6
8 5
8 4
8 3
8 2
8 1
9 1
9 2
9 3
9 4
9 5
9 6
9 7
9 8
9 9
10 10
10 9
10 8
10 7
10 6
10 5
10 4
10 3
10 2
10 1
Case #88:
1 1
2 2
2 1
3 1
4 1
5 1
5 2
5 3
5 4
5 5
6 6
7 7
7 6
7 5
7 4
7 3
7 2
7 1
8 1
8 2
8 3
8 4
8 5
8 6
8 7
8 8
9 9
9 8
9 7
9 6
9 5
9 4
9 3
9 2
9 1
10 1
10 2
10 3
10 4
10 5
10 6
10 7
10 8
10 9
10 10
11 11
Case #89:
1 1
2 2
3 3
3 2
3 1
4 1
5 1
6 1
7 1
7 2
7 3
7 4
7 5
7 6
7 7
8 8
9 9
9 8
9 7
9 6
9 5
9 4
9 3
9 2
9 1
Case #90:
1 1
2 2
3 3
4 4
5 5
5 4
5 3
5 2
5 1
6 1
7 1
8 1
8 2
8 3
8 4
8 5
8 6
8 7
8 8
9 9
10 10
10 9
10 8
10 7
10 6
10 5
10 4
10 3
10 2
10 1
Case #91:
1 1
2 2
2 1
3 1
4 1
4 2
4 3
4 4
5 5
6 6
7 7
8 8
8 7
8 6
8 5
8 4
8 3
8 2
8 1
9 1
9 2
9 3
9 4
9 5
9 6
9 7
9 8
9 9
10 10
10 9
10 8
10 7
10 6
10 5
10 4
10 3
10 2
10 1
11 1
Case #92:
1 1
2 2
3 3
4 4
5 5
6 6
7 7
7 6
7 5
7 4
7 3
7 2
7 1
Case #93:
1 1
2 2
2 1
3 1
3 2
3 3
4 4
5 5
6 6
7 7
7 6
7 5
7 4
7 3
7 2
7 1
8 1
9 1
9 2
9 3
9 4
9 5
9 6
9 7
9 8
9 9
10 10
11 11
Case #94:
1 1
2 2
3 3
4 4
5 5
6 6
6 5
6 4
6 3
6 2
6 1
7 1
7 2
7 3
7 4
7 5
7 6
7 7
8 8
8 7
8 6
8 5
8 4
8 3
8 2
8 1
9 1
9 2
9 3
9 4
9 5
9 6
9 7
9 8
9 9
10 10
10 9
10 8
10 7
10 6
10 5
10 4
10 3
10 2
10 1
Case #95:
1 1
2 2
2 1
3 1
4 1
4 2
4 3
4 4
5 5
5 4
5 3
5 2
5 1
6 1
6 2
6 3
6 4
6 5
6 6
7 7
8 8
8 7
8 6
8 5
8 4
8 3
8 2
8 1
9 1
Case #96:
1 1
2 2
2 1
3 1
3 2
3 3
4 4
4 3
4 2
4 1
5 1
5 2
5 3
5 4
5 5
6 6
6 5
6 4
6 3
6 2
6 1
7 1
7 2
7 3
7 4
7 5
7 6
7 7
8 8
9 9
Case #97:
1 1
2 2
2 1
3 1
3 2
3 3
4 4
5 5
5 4
5 3
5 2
5 1
6 1
6 2
6 3
6 4
6 5
6 6
7 7
8 8
8 7
8 6
8 5
8 4
8 3
8 2
8 1
9 1
9 2
9 3
9 4
9 5
9 6
9 7
9 8
9 9
10 10
10 9
10 8
10 7
10 6
10 5
10 4
10 3
10 2
10 1
11 1
12 1
Case #98:
1 1
2 2
2 1
3 1
3 2
3 3
4 4
4 3
4 2
4 1
5 1
5 2
5 3
5 4
5 5
6 6
7 7
7 6
7 5
7 4
7 3
7 2
7 1
8 1
8 2
8 3
8 4
8 5
8 6
8 7
8 8
9 9
9 8
9 7
9 6
9 5
9 4
9 3
9 2
9 1
10 1
10 2
10 3
10 4
10 5
10 6
10 7
10 8
10 9
10 10
11 11
12 12
Case #99:
1 1
2 2
2 1
3 1
4 1
5 1
6 1
6 2
6 3
6 4
6 5
6 6
7 7
7 6
7 5
7 4
7 3
7 2
7 1
8 1
9 1
9 2
9 3
9 4
9 5
9 6
9 7
9 8
9 9
10 10
Case #100:
1 1
2 2
3 3
3 2
3 1
4 1
5 1
6 1
7 1
7 2
7 3
7 4
7 5
7 6
7 7
