100
2 3 2
1 1 1
2 1 2
3 2 3
1 5 1
87 6 87
57 6 57
78 9 78
3 18 3
2 20 2
1 3 1
100 1 100
10 18 10
77 5 77
1 91 1
4 3 4
67 2 67
15 5 15
1 47 1
39 10 39
2 2 2
38 5 38
53 4 53
99 2 99
3 1 3
3 4 3
8 5 8
11 2 11
22 6 22
68 3 68
39 2 39
2 17 2
3 15 3
3 12 3
45 6 45
11 8 11
43 10 43
15 1 15
10 5 10
53 7 53
100 4 100
15 15 15
61 6 61
28 5 28
28 6 28
82 2 82
4 26 4
84 7 84
10 13 10
9 13 9
11 16 11
1 100 1
3 3 3
100 5 100
49 2 49
2 44 2
100 2 100
33 5 33
4 29 4
96 7 96
29 6 29
19 8 19
2 59 2
32 11 32
5 10 5
2 42 2
14 7 14
39 5 39
1 22 1
78 6 78
4 1 4
80 8 80
50 8 50
3 24 3
55 3 55
1 4 1
27 11 27
10 12 10
2 4 2
5 15 5
66 8 66
1 37 1
4 6 4
4 2 4
3 37 3
2 38 2
68 8 68
24 5 24
100 9 100
38 2 38
1 2 1
78 4 78
60 8 60
8 3 8
4 4 4
78 1 78
7 15 7
100 3 100
58 10 58
33 10 33
