100
4
1 2
2 0
0 0
1 1
5
0 0
1 1
2 2
0 2
2 0
3
0 0
1 0
0 1
8
0 5
0 2
0 0
0 1
-8 0
6 1
0 4
0 3
10
-78 78
58 78
78 78
78 -11
78 -78
-4 78
-78 44
-78 72
-78 -20
-78 -78
6
78 78
-78 78
78 -78
78 -23
28 78
-78 -78
10
0 83
-90 75
-99 75
0 -91
-89 75
0 100
-100 75
0 -100
0 75
-80 75
9
0 0
0 2
6 3
0 1
0 4
-5 1
0 6
0 5
0 3
10
41 -43
-28 -2
-40 43
-1 -40
-11 35
-42 5
50 6
-13 -47
7 11
-28 -9
8
15 22
18 26
49 -50
38 46
45 -38
-5 -16
27 -10
9 -26
7
0 -2
2 -2
2 1
-1 -2
-2 -1
-2 0
-1 0
10
-3 1
-2 0
-1 2
-1 -2
0 -1
1 0
0 -2
2 2
0 2
2 0
8
1 0
2 0
2 2
5 0
0 0
6 -4
4 0
3 0
10
6 0
8 -2
5 0
2 0
4 0
2 1
7 0
1 0
0 0
3 0
10
75 -85
75 -84
75 0
97 0
75 -100
75 -83
100 0
-100 0
75 -78
75 -99
5
2 0
3 2
1 0
0 0
1 -1
5
0 100
99 -75
0 -75
100 -75
0 -100
7
0 -1
2 2
0 0
-2 -2
2 1
-1 -1
2 -1
4
100 -100
100 100
-100 -100
-100 100
6
1 4
0 2
0 1
0 0
-5 3
0 3
5
75 99
75 100
100 0
75 0
-100 0
9
65 -35
-65 17
-65 -60
65 -65
-44 65
-65 -65
25 65
65 65
-65 65
10
7 21
9 59
1 40
0 29
2 10
5 11
3 63
6 31
8 9
4 64
8
-2 -2
2 -3
2 1
1 0
-2 2
0 1
0 0
-1 -1
7
0 -94
99 75
0 -100
0 90
0 100
0 75
100 75
9
1 3
3 3
2 2
1 1
2 1
1 2
2 3
3 2
3 1
6
4 -1
-42 -36
-21 6
0 -5
-40 -30
40 -27
4
1 2
2 1
2 2
1 1
7
2 1
0 0
2 0
1 0
4 0
4 -5
3 0
8
-75 -100
-100 0
94 0
100 0
-75 -99
-86 0
-75 0
96 0
10
9 77
2 3
0 84
8 23
1 47
5 3
4 94
6 71
3 30
7 75
7
75 -99
100 0
-84 0
97 0
-100 0
75 -100
75 0
7
100 75
83 75
99 75
0 75
0 100
0 -100
0 84
10
43 12
-5 15
-27 38
-3 39
27 -22
-45 16
47 -27
15 -21
15 3
26 25
5
100 0
75 0
75 -100
75 -99
-100 0
5
0 100
0 -100
99 75
100 75
0 75
9
7 63
1 76
5 61
3 5
6 29
0 34
8 7
2 1
4 61
5
0 75
0 100
0 -100
-100 75
-99 75
5
0 1
0 2
2 2
0 0
-3 1
9
14 -60
60 -59
60 -29
-60 60
-60 -60
60 60
60 -60
-13 -60
60 2
10
8 18
9 41
2 13
7 5
1 36
0 5
6 55
5 12
4 43
3 34
6
-57 -67
67 67
-67 -67
67 -67
34 67
-67 67
3
40 26
36 -25
-18 -12
10
11 -46
50 -8
-1 -23
26 -4
-21 -12
-30 4
44 -49
-50 -29
-29 -3
-20 -14
6
100 0
-75 100
-75 0
-100 0
-75 99
-75 84
5
-39 30
37 34
-50 -22
-29 18
18 29
6
3 2
0 3
0 1
0 0
-4 4
0 2
9
1 1
1 3
3 1
3 3
2 3
3 2
2 2
1 2
2 1
4
1 2
2 2
1 1
2 1
5
0 75
0 -100
100 75
99 75
0 100
9
-3 0
0 3
0 6
0 1
0 0
0 5
0 4
4 3
0 2
5
-100 -75
-99 -75
0 -75
0 100
0 -100
7
0 100
99 75
100 75
0 -77
0 75
0 -79
0 -100
10
-2 4
0 7
0 3
0 1
0 0
0 4
0 5
4 5
0 2
0 6
4
1 1
2 2
1 2
2 1
4
2 1
1 2
2 2
1 1
6
1 0
3 0
2 0
1 3
0 0
2 -1
10
-32 39
17 6
-39 47
-13 9
-5 40
6 49
-3 -1
-33 35
-28 41
-26 -20
5
0 2
0 0
-4 2
0 1
1 1
6
75 -99
75 -89
100 0
-100 0
75 -100
75 0
5
0 -1
-2 -1
2 1
0 -2
-1 -2
6
9 11
41 -28
-10 49
28 -15
-42 -15
10 -5
7
1 48
39 38
44 -10
-31 -46
33 -8
23 26
11 -1
10
42 -1
22 -22
49 -3
4 40
-28 32
-50 -30
49 -39
33 8
-16 -21
-33 25
6
-32 -18
-33 38
-42 -29
44 -14
5 1
-4 -36
10
9 -28
-31 2
40 30
-50 31
-41 34
28 30
34 -43
-41 42
9 27
30 34
5
-100 0
-75 100
-75 99
-75 0
100 0
9
2 0
3 0
6 0
1 0
1 5
5 0
0 0
4 0
6 -11
6
0 0
0 3
0 2
0 1
-3 3
2 4
10
-100 -32
-87 -100
-100 -100
100 -100
-94 100
-51 100
-100 74
100 100
-100 100
100 68
6
0 49
5 2
4 46
2 20
1 53
3 37
6
-2 -1
2 -1
2 -2
0 0
-2 0
0 1
6
0 0
3 0
0 4
2 0
1 0
2 -6
9
6 0
4 0
0 -8
1 0
0 0
1 3
5 0
2 0
3 0
5
7 13
42 -35
-23 -3
19 -6
38 49
5
1 -7
1 2
1 0
0 0
2 0
7
-100 0
-84 0
-82 0
75 99
75 100
100 0
75 0
10
85 85
66 85
-85 19
-85 51
-85 85
85 -85
-85 -61
85 62
-85 5
-85 -85
7
0 4
0 2
0 0
0 3
3 0
0 1
-9 2
9
2 2
1 1
2 3
3 2
1 2
3 3
3 1
2 1
1 3
6
-2 0
1 -2
0 -2
-2 -2
1 -1
2 2
6
77 0
75 0
75 -99
-100 0
100 0
75 -100
5
50 -14
17 -42
9 -45
41 -12
-7 -48
10
32 12
-18 3
8 32
24 -19
-32 26
36 10
-28 -31
40 -35
0 19
-15 12
9
-43 43
29 -39
-33 25
-20 -17
8 -45
-37 14
44 -27
-19 47
13 -18
8
-99 75
-100 75
0 -100
0 91
0 75
0 96
0 -88
0 100
10
0 0
0 5
0 2
0 6
0 4
-5 8
1 6
0 3
0 7
0 1
10
99 75
97 75
0 -99
0 -81
0 -100
0 97
0 100
0 75
80 75
100 75
5
0 -100
100 -75
0 100
99 -75
0 -75
4
1 2
1 1
2 1
2 2
10
0 1
-3 0
0 -2
2 1
-3 2
0 -1
-1 2
-2 2
-1 -1
-2 -3
10
-75 100
-100 0
-75 77
-75 99
100 0
-75 94
-91 0
-75 85
-75 0
-93 0
10
5 0
3 0
4 0
6 0
6 -5
1 0
1 2
2 0
7 0
0 0
5
0 75
0 -100
99 75
100 75
0 100
10
0 1
5 0
8 0
1 2
9 2
7 2
4 2
3 0
2 0
6 2
7
-100 0
100 0
75 0
75 79
75 99
-92 0
75 100
5
100 0
-100 0
-75 0
-75 -99
-75 -100
5
-32 41
3 22
-43 -13
34 37
-8 18
8
2 -1
1 -3
2 2
-1 1
1 2
2 0
-3 0
-3 2
10
-99 -75
0 78
-100 -75
0 93
0 -75
0 -88
0 99
0 100
0 -79
0 -100
