120
10 15
1166050795 1281457620
12 21
7663156524149788303509246595 351139644429853843805356272853609934991565440945447082
2515024848625118355829800378122005827201073807 1544565565865009204033254520357121589038744464387990237902957871129055829497125046062952168867
9999999999999945 146275979509012264361750771168162901408370491619055442629958784277329478427808
1282943110 1906857746
10924615594749551642900 10924615594749551642901
635 1203448804623253815522355280452194639549103528031503741481636968523697717082885155
2286147669559315925295139559667416822 3244937308574480696938647532697541936887887886391457962357468396960844758037394422
79683181 535685906371823521870477545055121989601258530105284351205732464555437652637947468813935508977422
1223707021 1688955706
324 97934260700823447978168456380820745361353346802692638474324508574000138564364723906875407057
1423689922 1507646446
18761916781 18761916781
503362526741166802891443938279329656923972839344198208661147625263553 35458948675885025802439566129225970786556354058566585045365568707952292166593420852058857684985444
690313192 884160026721311440299808850381579186288872904248290370277416563483021009321746797724961702
751 581785557092790933602958111533122220877799178163624839652025360782781771680416970376463865411692
7872872167211216121127612782786 2600321214328487098701921704992262296617270727166922622994071291078907848234121230062
6 6183810467882149660441639548813831134191879315471638891968759232567076374427966339130
312245 47009243009956132742579625740227128054576461106573720
243685213282255048563202811410584045698 63735297873525543779074844512694969608318662137624534138
9 48886992005196611330300647226546354143655166847193125309153908563997354891777607941472507909755257
4327843294923487234 4327843294923487234
464557103863538686489525683 1883448922172817395471287633496676131925352655514153291156625282117209967323
562 4881304455785718351843924963674785015473241734760166688076354044557214530923302510278098723
999999999999997 475474154916681095070248257522440107814225016115715959906651925938819254975798582077167
1554991995727755166 96168707172977437678546915698
58206358140321558503840642790024055602626751018988284 440819032539209661457560478416980963997160082161306264221265053051560276396524655593935353051376632
5 8
762344637944075170390247042730116562946832239868009143048333544392597392 12672482473014519846509426510548727167335938509615265329981137129157800596366429965
1890406596116526109546382936276057308957598443073949788091 51052627806594408030880489289118523705488237807800901171099032086376036872
223031220 795585046
10000000 87642446681081552500729747621137093568126426594766969033797132051509331285056433349254745
4175436842072179089472459538570809542447644073172041308262331311377713497017624973 8765665189930625128873841431409396154692805775082964516939041341483788215260399815664768
685618280317764366401906621780338022842895762220080282846214240336 4452792315266814789093805949015372551902419142091552735109495083909874186625132972538
411636296595692636114 58681925056431052822536318798590368453178887135486309589781363522825013465052918684
9231138211 999999999999999999999999999999999999959
7 255979062183222815593046584700177866785993537720590096664136376352953662118890969961
5392206923507665659390459 834407791008143753538189799171764325006414600523467171997981835357341800197704437
90742701 1340765217
9789415572460 1000000000000000000000000000000000000000000000000000060
17130688195 16844802074949139196379776579741527928
6 77525031121767712543045764001689353058490766549913249015415795640146985183937841175196859428912228
7 9
97582251586678764016338160156588565106183361046787668515228573 8117019796364407778589470619279302222039729160749858777044636979107114
630999003506853993903787309399358605300999037 37787287705006366056738575563312002731621323952677453202988411832125209531938316253793983056
9026 41770641335704955845732559279632821085141811326003776942989054436636172473725627997511720847
617836668746647866638717 9831496666122701379291239376791976739321929731072216666941390
750216762511154146565641522840487510186559885291077532886072210472 399648635046014858656928368540861746647168045863829656858410640536847002
9 11
34004843651915634840042 858211797794767519483763164177213050312771461367384915767497797112858
7210 98399404916272738
10 11
7740135658234061510320812473621498611277222820092234237676069328119339273651 56971524204800762673728845113808598642124689580831154882737626700840242518022
327023158068807896645530894707541453 368895877576332906187567434601127208718665401611422170143505637550641409949030492632648
376102175002201267924 90871238312075128078111353924485463508551061593
3430839492543051204019192919104021503452949380344 336649911412578840271978178402165041140561204871879172048875214119946632
9055451783211765005552213006850367104403746133635300521041737965877340427 454628309265234586872057316876551145997823656328799541155678613750278685432562903826540
12 12
813283 491124998578147250990070953291632964356435241166177277482712097483141704240358185024963456
112233445566778877665544332211 112233445566778877665544332212
532953156027694701218521677274545472776125812107496720651359007 46820596783766909854314432689965667628419705507400470550791482676656998623441345890966738769502859
150360116 362882406
11150626284114198941205831888381411418388813850214989141148262605081 11403928175733105864923489135105455768897562802681295554667199846312314360546
689973 492403752634471076282882133042511074359732390429140558763289452850207380610882918965051581547924965
896 27303892286964016493692568819997629938457265979538817274175064828731679525214167961988395021605490
11 13
4034796 213341316104596694187028123792314660013823
99074466934649531523766567694263180548441828701156442 6000804089379117570308202378822143325753680794641691723171953389
9835608345725937551202034903399674364110883880114634769933094302021557395275438065384 426274252972636958579777034008141760485892077674621719412935959045306887385264728899962475160097815
13 17
84068219968043923452486824026478196927035953072969187462042868425432934086991286564 82489303918502761306448320443157597627040890309804072679575134402384460316720581930397925
3 28973649803946960085325700184907
6109313082342 61317714898852867960253503549982013017
746 38109838916431159886168165313084804989970736961879687593226525027625634817404503461330865537232
218494690598533885 83025847207371455613548423983737359846
996370 46357936569612089181940112275009836520406387588618713046474996079
20 20
20095926715967910082204 2721827529691188237826136270219101403358347557438533041019120726316287328811969257281272
7 544017230953766873346555050276670191016121609486831408116155712743056889161011994055068603276671
4 10
1277470927 1287731204
313127312321930217 313127312321930218
1614526636926 100000000000000000000000000000000000000000000000000000000000000000000000000000000000000000000014
11110878775633350289442251906013346 7334032685957468800273270485721177872062578
284623814 1850943872734009475843249883619607811228694296154740267375857849542884646275983579517254030936000
6917724 4751457164340234659925527734461458713429063208883796578243981046819372270712590161738762252476257
450 368906293258485118427294668109167189008336196808972891479292328046967992721414423804142281
20755770863393949014652120891684851450 6796847239387020339267206742358629423348498290928948433249268532476027629330207839327486977
451821123 65558977454522983610865675886031588585442196306888974633213836114282936247090778585150673979512130
99 8257984154726489270953245450191528338743338086906111557222254516349235579377289012369091537
99676629887678892667698 5781164260148567435139031462639107416054296924506147019362641309315347658410624611874
1 11
1031176209 1088115668
100000005 18761581822200556101472846582182150329411853800721080374144582090022985071573
79200450778259879320434651483262482440637674551705948626984233474009 738612385212271027903138722652777747777256227831309720172212583216903
439613204968818168262398597903458311858113854309795893262861818869402317030 527146705343485271843790797040733669351887346865269538729556721208333714448237853729893968560780
234676887905309021657604872560303303065278406756120903509788676458 554237450598021496460918389176461805542818245508164671983819064694120895054733229
2057795664497460537229777779227350647944665977503 5204015442268162932586650304585205828392831847051311178128778221025886380466
7358801181976 99999999999999999999999999999999999999999999999999999999999999999999999999996
7906 1239938077143346965697437637753287392499123660378037993658554972833073207773722647546824709398573
10 12
805 98818657939591326163733074643892683468463534669495070377952243621978936509168027724773791917489698
2481634237495778264865657063930570743169038527 8423271063614910919370163660146508057455736258441398526815129792727462157772738969922
9 13
769 1150238292099349995273734195396713757808027152043582066597249812417199912949376644052801
4008735278335306074353041840176696591218373803403130435741970530409552740 8860519308426896202906332910614622673726666273762264160192336092026986248039150683
910051550477983459954389774055150019 66746554091341686737786009663843419286917241321996794397483889323271064788810910509150890479
91327368659 1000000000000000000000000000000000000000000000000000000000000000000000000000000000000000
89535620 9571310043498586060615896431273450583510071831437618307962082347597140358451726487429337647
1 10000000000000000000000000000000000000000000000000000000000000000000000000000000000000000000000000000
64977709 40761156444213841075213274151143130445082433917214758395700126450606207470981715300350950164820
526526 551509956330921700360087099663538891806469474746773901802988252343425281248825412732114333270604968
9252612722 920108470046945657909527098261423655693799303080770835554472736011780071003523810895550119302104
1000000087 98905311799299293492011378855642434187276495515866289518493177330968616357809305155106967
2 9
3707 122737816077975492415032623403345818721348337098359074337607953435409543576477322239764644530
914304441780920404832711937115166598135433426678373 84765068110997909453980266169806475991734925735602991939866968605316499084777339559864041647420151
115 333112703641187421671812436261526059230716824588865147582229593198033215919598496
