12
3
1043 7759 528
2506 3610 381
4457 4728 179
3
3557 1864 808
1573 2847 3241
4098 1492 2250
2
10000 0 0
10000 0 0
3
1162 2542 3690
5059 1483 1301
4240 1264 3218
5
0 1250 0
3000 0 3000
1000 1000 1000
2000 1000 2000
1000 3000 200
10
5830 2463 1148
3897 3924 2147
4263 2268 619
1163 3859 4860
1402 6703 459
1179 3497 2705
764 7873 10
4959 3214 105
5130 3102 968
3616 4313 970
2
2482 6148 0
148 3761 3842
3
4886 2058 938
5126 3457 410
595 8261 669
3
10000 0 0
0 10000 0
0 0 10000
3
5000 0 0
0 2000 0
0 0 4000
3
1784 6754 1146
3458 2767 1669
1346 6603 135
3
1259 2576 3267
1549 1024 292
4518 1983 887
