100
1
19
23
900
10111
12
2000
20
91
2201
7
31
99001
1099
999999
11111
990001
11101
345678
2002
900001
900000
10000
11001
32
899999
11
999899
101000
100
199
8192
1000000
999900
22
11010
10
19
999
2101
890123
1998
1001
21
901
200
201
999000
10110
999901
11000
999989
1111
100000
999991
2200
1000
11100
10100
111
12000
1999
102
999001
10101
10010
2100
99000
2001
29
990000
10001
4
876543
100001
12001
99
9999
11110
654321
9
30
10999
90
101001
998999
10011
999990
2048
999998
11011
1101
1024
101
110
989999
1100
1110
2
432109
