Case #1: 1
1 1 1
Case #2: 4
1 1 1
1 1 2
1 2 2
1 2 3
Case #3: 2
1 1 1
1 1 2
Case #4: 2
1 1 1
1 2 2
Case #5: 4
1 1 1
1 1 2
1 2 2
1 2 1
Case #6: 27
1 1 1
1 1 2
1 1 3
1 2 2
1 2 3
1 2 1
1 3 3
1 3 1
1 3 2
2 1 2
2 1 3
2 1 1
2 2 3
2 2 1
2 2 2
2 3 1
2 3 2
2 3 3
3 1 3
3 1 1
3 1 2
3 2 1
3 2 2
3 2 3
3 3 2
3 3 3
3 3 1
Case #7: 3
1 1 1
1 1 2
1 1 3
Case #8: 4
1 1 1
1 1 2
1 2 2
1 2 1
Case #9: 12
1 1 1
1 1 2
1 1 3
1 2 2
1 2 3
1 2 1
2 1 2
2 1 3
2 1 1
2 2 3
2 2 1
2 2 2
Case #10: 8
1 1 1
1 1 2
1 2 2
1 2 1
2 1 2
2 1 1
2 2 1
2 2 2
Case #11: 8
1 1 1
1 1 2
1 2 2
1 2 3
2 1 2
2 1 3
2 2 3
2 2 1
Case #12: 1
1 1 1
Case #13: 6
1 1 1
1 1 2
1 1 3
1 2 2
1 2 3
1 2 1
Case #14: 27
1 1 1
1 1 2
1 1 3
1 2 2
1 2 3
1 2 1
1 3 3
1 3 1
1 3 2
2 1 2
2 1 3
2 1 1
2 2 3
2 2 1
2 2 2
2 3 1
2 3 2
2 3 3
3 1 3
3 1 1
3 1 2
3 2 1
3 2 2
3 2 3
3 3 2
3 3 3
3 3 1
Case #15: 8
1 1 1
1 1 2
1 2 2
1 2 1
2 1 2
2 1 1
2 2 1
2 2 2
Case #16: 3
1 1 1
1 1 2
1 1 3
Case #17: 6
1 1 1
1 1 2
1 1 3
1 2 2
1 2 3
1 2 1
Case #18: 1
1 1 1
Case #19: 18
1 1 1
1 1 2
1 1 3
1 2 2
1 2 3
1 2 1
1 3 3
1 3 1
1 3 2
2 1 2
2 1 3
2 1 1
2 2 3
2 2 1
2 2 2
2 3 1
2 3 2
2 3 3
Case #20: 2
1 1 1
1 1 2
Case #21: 8
1 1 1
1 1 2
1 2 2
1 2 1
2 1 2
2 1 1
2 2 1
2 2 2
Case #22: 6
1 1 1
1 1 2
1 1 3
1 2 2
1 2 3
1 2 1
Case #23: 27
1 1 1
1 1 2
1 1 3
1 2 2
1 2 3
1 2 1
1 3 3
1 3 1
1 3 2
2 1 2
2 1 3
2 1 1
2 2 3
2 2 1
2 2 2
2 3 1
2 3 2
2 3 3
3 1 3
3 1 1
3 1 2
3 2 1
3 2 2
3 2 3
3 3 2
3 3 3
3 3 1
Case #24: 18
1 1 1
1 1 2
1 2 2
1 2 3
1 3 3
1 3 1
2 1 2
2 1 3
2 2 3
2 2 1
2 3 1
2 3 2
3 1 3
3 1 1
3 2 1
3 2 2
3 3 2
3 3 3
Case #25: 2
1 1 1
1 1 2
Case #26: 12
1 1 1
1 1 2
1 2 2
1 2 3
1 3 3
1 3 1
2 1 2
2 1 3
2 2 3
2 2 1
2 3 1
2 3 2
Case #27: 6
1 1 1
1 2 2
1 3 3
2 1 2
2 2 3
2 3 1
Case #28: 9
1 1 1
1 2 2
1 3 3
2 1 2
2 2 3
2 3 1
3 1 3
3 2 1
3 3 2
Case #29: 4
1 1 1
1 1 2
1 2 2
1 2 1
Case #30: 6
1 1 1
1 1 2
1 1 3
1 2 2
1 2 3
1 2 1
Case #31: 8
1 1 1
1 1 2
1 2 2
1 2 1
2 1 2
2 1 1
2 2 1
2 2 2
Case #32: 1
1 1 1
Case #33: 3
1 1 1
1 1 2
1 1 3
Case #34: 12
1 1 1
1 1 2
1 1 3
1 2 2
1 2 3
1 2 1
2 1 2
2 1 3
2 1 1
2 2 3
2 2 1
2 2 2
Case #35: 2
1 1 1
1 1 2
Case #36: 3
1 1 1
1 1 2
1 1 3
Case #37: 4
1 1 1
1 2 2
2 1 2
2 2 3
Case #38: 9
1 1 1
1 1 2
1 1 3
1 2 2
1 2 3
1 2 1
1 3 3
1 3 1
1 3 2
Case #39: 12
1 1 1
1 1 2
1 1 3
1 2 2
1 2 3
1 2 1
2 1 2
2 1 3
2 1 1
2 2 3
2 2 1
2 2 2
Case #40: 9
1 1 1
1 1 2
1 1 3
1 2 2
1 2 3
1 2 1
1 3 3
1 3 1
1 3 2
Case #41: 2
1 1 1
1 1 2
Case #42: 12
1 1 1
1 1 2
1 1 3
1 2 2
1 2 3
1 2 1
2 1 2
2 1 3
2 1 1
2 2 3
2 2 1
2 2 2
Case #43: 2
1 1 1
1 1 2
Case #44: 18
1 1 1
1 1 2
1 1 3
1 2 2
1 2 3
1 2 1
1 3 3
1 3 1
1 3 2
2 1 2
2 1 3
2 1 1
2 2 3
2 2 1
2 2 2
2 3 1
2 3 2
2 3 3
Case #45: 1
1 1 1
Case #46: 1
1 1 1
Case #47: 8
1 1 1
1 1 2
1 2 2
1 2 1
2 1 2
2 1 1
2 2 1
2 2 2
Case #48: 27
1 1 1
1 1 2
1 1 3
1 2 2
1 2 3
1 2 1
1 3 3
1 3 1
1 3 2
2 1 2
2 1 3
2 1 1
2 2 3
2 2 1
2 2 2
2 3 1
2 3 2
2 3 3
3 1 3
3 1 1
3 1 2
3 2 1
3 2 2
3 2 3
3 3 2
3 3 3
3 3 1
Case #49: 2
1 1 1
1 1 2
Case #50: 1
1 1 1
Case #51: 1
1 1 1
Case #52: 6
1 1 1
1 1 2
1 1 3
1 2 2
1 2 3
1 2 1
Case #53: 8
1 1 1
1 1 2
1 2 2
1 2 1
2 1 2
2 1 1
2 2 1
2 2 2
Case #54: 18
1 1 1
1 1 2
1 1 3
1 2 2
1 2 3
1 2 1
1 3 3
1 3 1
1 3 2
2 1 2
2 1 3
2 1 1
2 2 3
2 2 1
2 2 2
2 3 1
2 3 2
2 3 3
Case #55: 4
1 1 1
1 2 2
2 1 2
2 2 1
Case #56: 18
1 1 1
1 1 2
1 1 3
1 2 2
1 2 3
1 2 1
1 3 3
1 3 1
1 3 2
2 1 2
2 1 3
2 1 1
2 2 3
2 2 1
2 2 2
2 3 1
2 3 2
2 3 3
Case #57: 9
1 1 1
1 1 2
1 1 3
1 2 2
1 2 3
1 2 1
1 3 3
1 3 1
1 3 2
Case #58: 9
1 1 1
1 1 2
1 1 3
1 2 2
1 2 3
1 2 1
1 3 3
1 3 1
1 3 2
Case #59: 27
1 1 1
1 1 2
1 1 3
1 2 2
1 2 3
1 2 1
1 3 3
1 3 1
1 3 2
2 1 2
2 1 3
2 1 1
2 2 3
2 2 1
2 2 2
2 3 1
2 3 2
2 3 3
3 1 3
3 1 1
3 1 2
3 2 1
3 2 2
3 2 3
3 3 2
3 3 3
3 3 1
Case #60: 1
1 1 1
Case #61: 18
1 1 1
1 1 2
1 1 3
1 2 2
1 2 3
1 2 1
1 3 3
1 3 1
1 3 2
2 1 2
2 1 3
2 1 1
2 2 3
2 2 1
2 2 2
2 3 1
2 3 2
2 3 3
Case #62: 3
1 1 1
1 2 2
1 3 3
Case #63: 6
1 1 1
1 1 2
1 2 2
1 2 3
1 3 3
1 3 1
Case #64: 3
1 1 1
1 1 2
1 1 3
Case #65: 3
1 1 1
1 1 2
1 1 3
Case #66: 27
1 1 1
1 1 2
1 1 3
1 2 2
1 2 3
1 2 1
1 3 3
1 3 1
1 3 2
2 1 2
2 1 3
2 1 1
2 2 3
2 2 1
2 2 2
2 3 1
2 3 2
2 3 3
3 1 3
3 1 1
3 1 2
3 2 1
3 2 2
3 2 3
3 3 2
3 3 3
3 3 1
Case #67: 27
1 1 1
1 1 2
1 1 3
1 2 2
1 2 3
1 2 1
1 3 3
1 3 1
1 3 2
2 1 2
2 1 3
2 1 1
2 2 3
2 2 1
2 2 2
2 3 1
2 3 2
2 3 3
3 1 3
3 1 1
3 1 2
3 2 1
3 2 2
3 2 3
3 3 2
3 3 3
3 3 1
Case #68: 1
1 1 1
Case #69: 1
1 1 1
Case #70: 18
1 1 1
1 1 2
1 1 3
1 2 2
1 2 3
1 2 1
1 3 3
1 3 1
1 3 2
2 1 2
2 1 3
2 1 1
2 2 3
2 2 1
2 2 2
2 3 1
2 3 2
2 3 3
Case #71: 4
1 1 1
1 1 2
1 2 2
1 2 1
Case #72: 2
1 1 1
1 1 2
Case #73: 4
1 1 1
1 1 2
1 2 2
1 2 1
Case #74: 6
1 1 1
1 1 2
1 1 3
1 2 2
1 2 3
1 2 1
Case #75: 9
1 1 1
1 1 2
1 1 3
1 2 2
1 2 3
1 2 1
1 3 3
1 3 1
1 3 2
Case #76: 8
1 1 1
1 1 2
1 2 2
1 2 1
2 1 2
2 1 1
2 2 1
2 2 2
Case #77: 18
1 1 1
1 1 2
1 1 3
1 2 2
1 2 3
1 2 1
1 3 3
1 3 1
1 3 2
2 1 2
2 1 3
2 1 1
2 2 3
2 2 1
2 2 2
2 3 1
2 3 2
2 3 3
Case #78: 12
1 1 1
1 1 2
1 1 3
1 2 2
1 2 3
1 2 1
2 1 2
2 1 3
2 1 1
2 2 3
2 2 1
2 2 2
Case #79: 3
1 1 1
1 1 2
1 1 3
Case #80: 8
1 1 1
1 1 2
1 2 2
1 2 1
2 1 2
2 1 1
2 2 1
2 2 2
Case #81: 6
1 1 1
1 1 2
1 1 3
1 2 2
1 2 3
1 2 1
Case #82: 4
1 1 1
1 1 2
1 2 2
1 2 1
Case #83: 4
1 1 1
1 1 2
1 2 2
1 2 1
Case #84: 2
1 1 1
1 2 2
Case #85: 9
1 1 1
1 1 2
1 1 3
1 2 2
1 2 3
1 2 1
1 3 3
1 3 1
1 3 2
Case #86: 6
1 1 1
1 1 2
1 1 3
1 2 2
1 2 3
1 2 1
Case #87: 9
1 1 1
1 1 2
1 1 3
1 2 2
1 2 3
1 2 1
1 3 3
1 3 1
1 3 2
Case #88: 3
1 1 1
1 1 2
1 1 3
Case #89: 12
1 1 1
1 1 2
1 1 3
1 2 2
1 2 3
1 2 1
2 1 2
2 1 3
2 1 1
2 2 3
2 2 1
2 2 2
Case #90: 2
1 1 1
1 1 2
Case #91: 8
1 1 1
1 1 2
1 2 2
1 2 1
2 1 2
2 1 1
2 2 1
2 2 2
Case #92: 27
1 1 1
1 1 2
1 1 3
1 2 2
1 2 3
1 2 1
1 3 3
1 3 1
1 3 2
2 1 2
2 1 3
2 1 1
2 2 3
2 2 1
2 2 2
2 3 1
2 3 2
2 3 3
3 1 3
3 1 1
3 1 2
3 2 1
3 2 2
3 2 3
3 3 2
3 3 3
3 3 1
Case #93: 12
1 1 1
1 1 2
1 1 3
1 2 2
1 2 3
1 2 1
2 1 2
2 1 3
2 1 1
2 2 3
2 2 1
2 2 2
Case #94: 9
1 1 1
1 1 2
1 1 3
1 2 2
1 2 3
1 2 1
1 3 3
1 3 1
1 3 2
Case #95: 1
1 1 1
Case #96: 2
1 1 1
1 1 2
Case #97: 18
1 1 1
1 1 2
1 1 3
1 2 2
1 2 3
1 2 1
1 3 3
1 3 1
1 3 2
2 1 2
2 1 3
2 1 1
2 2 3
2 2 1
2 2 2
2 3 1
2 3 2
2 3 3
Case #98: 4
1 1 1
1 1 2
1 2 2
1 2 1
Case #99: 4
1 1 1
1 1 2
1 2 2
1 2 1
Case #100: 12
1 1 1
1 1 2
1 1 3
1 2 2
1 2 3
1 2 1
2 1 2
2 1 3
2 1 1
2 2 3
2 2 1
2 2 2
