100
1 1 1 10
1 2 3 2
1 1 3 2
1 2 3 1
1 2 2 8
3 3 3 8
1 1 3 9
1 2 2 6
2 2 3 6
2 2 2 2
2 2 3 2
1 1 1 8
1 2 3 5
3 3 3 9
2 2 2 4
1 1 3 7
1 2 3 4
1 1 1 6
2 3 3 3
1 1 2 6
2 2 2 7
1 2 3 8
3 3 3 5
3 3 3 2
1 1 2 5
2 3 3 2
2 3 3 1
3 3 3 1
1 2 2 2
1 2 3 9
2 2 2 3
1 1 1 9
1 1 3 3
2 2 3 9
1 1 2 4
1 1 3 5
2 2 3 1
1 3 3 5
2 2 3 3
1 3 3 3
1 1 2 2
2 2 3 5
1 1 2 8
2 3 3 5
1 1 3 1
1 1 1 3
2 2 2 9
3 3 3 7
1 1 2 3
1 1 1 7
1 1 1 2
1 2 3 6
2 2 2 8
2 3 3 9
2 2 2 1
2 3 3 6
1 3 3 10
1 3 3 6
3 3 3 6
1 1 1 1
2 3 3 10
1 3 3 1
1 3 3 2
1 1 3 8
1 1 3 4
3 3 3 4
3 3 3 10
1 1 1 4
1 1 1 5
2 3 3 7
1 2 2 10
1 1 2 7
1 2 2 7
1 2 3 3
1 3 3 4
2 2 2 6
2 3 3 8
2 2 3 4
1 1 3 10
2 2 2 5
1 2 3 10
1 2 2 3
1 2 2 4
1 2 2 1
1 3 3 7
1 2 3 7
1 3 3 9
1 1 3 6
2 2 3 8
1 1 2 9
2 2 2 10
3 3 3 3
2 2 3 10
1 3 3 8
1 1 2 1
1 1 2 10
2 3 3 4
1 2 2 9
1 2 2 5
2 2 3 7
