100
8 1
3
20 3
3 6 14
1 1
1
2 2
1 2
3 3
1 2 3
4 4
1 2 3 4
5 5
1 2 3 4 5
2416 7
604 958 1300 1389 1405 1858 2335
2178 26
10 31 54 79 201 288 391 513 752 803 844 869 877 904 945 959 1062 1147 1155 1273 1492 1540 1785 2031 2096 2127
432 89
15 19 20 25 30 38 46 48 55 57 79 80 84 86 88 89 92 98 101 102 103 106 111 112 114 128 133 136 140 141 146 150 157 159 164 165 168 174 178 179 180 187 188 195 206 207 209 211 220 224 229 239 242 252 264 266 273 275 284 291 295 306 308 309 324 325 329 341 348 351 353 357 358 366 367 373 377 381 385 388 391 396 398 412 413 414 427 430 431
6561 28
276 402 649 769 1453 1731 1780 2129 2140 2150 2686 2920 2934 3236 3524 3537 3576 3610 4221 4290 4308 4451 4794 5536 5644 5874 6279 6507
4516 35
161 168 586 744 1102 1121 1193 1288 1297 1376 1591 1898 2196 2210 2219 2273 2308 2378 2426 2929 2973 3012 3015 3027 3261 3378 3495 3592 3683 3758 3763 4122 4223 4260 4376
249 56
7 8 13 16 18 20 21 23 41 42 49 56 62 64 65 75 79 82 93 96 98 99 102 108 111 116 121 122 130 143 147 157 158 160 166 169 170 173 175 185 187 191 193 195 196 212 213 214 223 224 229 231 232 238 244 245
1370 60
15 21 39 42 57 60 63 88 101 119 131 144 161 225 263 342 378 413 435 448 482 488 490 500 527 532 589 672 674 675 735 746 877 896 914 919 928 955 982 1023 1033 1105 1126 1136 1137 1167 1183 1186 1193 1195 1237 1247 1257 1264 1296 1332 1344 1348 1350 1355
9185 35
229 599 603 813 955 963 1299 1403 1696 1824 2282 2309 2599 3007 3565 3749 3844 4104 4567 4589 5196 5282 5403 5474 6006 6153 6730 6860 7051 7062 7152 7554 8462 8496 8759
5680 33
19 903 1527 1678 1746 1799 1804 1972 2146 2193 2357 2562 2936 2937 2949 3072 3343 3484 3674 3861 3893 3963 4061 4097 4104 4126 4388 4690 4938 5041 5081 5244 5562
1423 52
14 67 77 86 114 128 148 169 233 238 245 270 323 346 381 473 485 527 545 546 555 596 638 726 736 749 771 807 812 816 825 895 940 974 998 1027 1035 1084 1110 1122 1144 1149 1185 1195 1223 1255 1264 1321 1366 1377 1379 1389
865 67
17 18 38 60 72 108 115 122 143 146 148 151 255 269 270 281 303 310 343 358 363 372 376 381 388 407 409 410 420 431 433 434 437 443 445 449 452 459 460 472 478 489 497 517 525 526 538 541 549 562 573 605 636 637 643 658 664 697 707 717 720 805 807 837 841 847 854
6784 88
114 303 373 471 503 542 570 587 593 626 671 728 938 1075 1204 1249 1282 1362 1510 1539 1551 1597 1665 1699 1703 1943 1985 2114 2142 2249 2263 2276 2302 2341 2418 2457 2551 2560 2613 2818 2874 3192 3244 3350 3536 3541 3718 3900 4014 4052 4077 4259 4293 4405 4470 4555 4624 4676 4697 4705 4745 4989 5050 5172 5381 5382 5686 5691 5715 5724 5730 5750 5755 5803 5829 5838 5883 5950 5994 6020 6026 6201 6243 6399 6454 6488 6501 6626
5547 40
4 11 435 584 824 895 910 1063 1176 1512 1514 1522 1618 1764 2087 2136 2168 2360 2407 2621 2627 3250 3615 3839 3845 3847 3911 4214 4217 4259 4366 4585 4634 5015 5141 5172 5384 5402 5418 5433
3111 53
30 192 227 258 435 457 547 631 641 722 845 860 875 993 1044 1216 1286 1334 1345 1549 1551 1755 1797 1863 1942 1971 1987 1998 2089 2161 2236 2306 2387 2394 2429 2470 2502 2554 2592 2619 2632 2643 2673 2688 2729 2743 2783 2895 2940 2945 2950 3067 3081
3228 56
2 100 142 144 171 219 225 261 270 309 354 369 372 433 438 450 452 487 507 550 565 596 605 616 661 814 826 878 959 984 1146 1339 1390 1422 1455 1554 1594 1595 1666 1722 1742 1827 1886 1998 2036 2224 2389 2411 2771 2843 2846 2866 2931 3148 3150 3220
2486 33
1 5 81 126 242 328 351 368 468 511 715 786 816 960 1035 1262 1289 1308 1379 1404 1457 1477 1514 1600 1680 1925 1960 2006 2011 2171 2218 2327 2434
1409 70
11 34 40 60 67 84 110 132 162 239 336 394 420 426 448 452 477 481 553 560 568 580 594 624 634 642 669 704 708 711 736 739 833 843 867 870 873 895 902 925 934 952 954 957 974 982 984 996 1067 1068 1079 1094 1099 1108 1114 1163 1184 1188 1204 1243 1244 1268 1287 1316 1332 1333 1355 1372 1389 1393
2346 53
12 44 66 71 108 222 258 277 329 379 559 577 659 679 702 763 787 789 803 1045 1047 1083 1205 1233 1309 1334 1343 1364 1426 1447 1450 1497 1513 1597 1622 1824 1868 1871 1910 1951 1958 1969 1984 2034 2035 2042 2081 2189 2205 2225 2269 2301 2322
4544 35
295 470 480 541 556 588 686 691 724 762 972 1028 1035 1126 1405 1806 2054 2347 2475 2637 2741 2842 3068 3127 3210 3294 3297 3490 3594 3662 3714 3774 4073 4074 4405
7755 92
106 204 214 227 330 421 454 465 598 663 670 678 858 963 1134 1403 1513 1685 1741 1781 1788 1856 1899 1979 1992 1997 2045 2165 2248 2495 2540 2637 2669 2720 2748 3103 3131 3210 3282 3432 3852 3876 3918 3941 4059 4065 4164 4248 4272 4377 4424 4454 4532 4606 4643 4677 4872 5142 5213 5215 5296 5307 5318 5432 5537 5546 5621 5628 5984 6028 6146 6241 6327 6467 6482 6513 6565 6573 6600 6630 6639 6674 6675 6734 6895 6903 7343 7367 7554 7659 7673 7712
10000 100
248 555 600 671 746 802 865 1115 1131 1321 1329 1416 1673 1791 1833 1862 1870 1875 2026 2289 2546 2607 2621 2708 3087 3115 3218 3567 3585 3641 3685 3693 3739 3862 3887 3944 4041 4249 4348 4382 4402 4421 4429 4445 4592 4686 4929 5125 5295 5305 5309 5353 5468 5562 5608 5859 5878 6014 6066 6261 6314 6351 6362 6419 6488 6548 6551 6708 6760 6955 6967 7314 7360 7388 7441 7582 7636 7812 7830 7899 8043 8045 8228 8235 8452 8461 8485 8570 8639 8665 8733 8734 8896 8994 9047 9213 9365 9597 9759 9900
10000 100
78 162 195 350 364 661 859 1071 1321 1424 1460 1535 1770 1824 2119 2171 2308 2309 2330 2423 2472 2831 2898 3002 3321 3400 3535 3537 3571 3592 3765 3772 4009 4115 4135 4183 4329 4464 4523 4596 4621 4778 4863 5056 5154 5193 5306 5531 5608 5792 5834 6019 6141 6169 6229 6283 6353 6358 6459 6576 6686 6725 6774 6973 6992 7154 7225 7426 7451 7452 7501 7668 7753 7780 7856 7936 7946 8193 8288 8398 8448 8458 8464 8472 8477 8499 8580 8712 8720 8825 8828 8988 9321 9323 9357 9525 9569 9796 9895 9914
10000 100
92 206 292 429 466 562 569 757 802 887 907 1004 1065 1101 1131 1206 1219 1272 1307 1469 1620 1622 1807 2074 2112 2511 2585 2611 2719 2788 2854 3101 3292 3524 3552 3656 3776 3852 3999 4131 4139 4160 4247 4253 4256 4316 4622 4840 4891 4931 5161 5182 5253 5609 5635 5957 6018 6048 6076 6222 6282 6317 6329 6570 6639 6653 6776 6817 6914 7011 7075 7174 7333 7582 7829 7857 7910 7933 7971 7973 8001 8078 8391 8587 8683 8810 8819 8913 9039 9052 9138 9144 9200 9335 9597 9685 9724 9738 9903 9925
10000 100
62 73 240 421 671 795 830 917 994 1089 1285 1602 1701 1837 1898 1909 2006 2097 2114 2210 2281 2282 2591 2594 2685 2760 2802 2840 2904 2938 3108 3138 3271 3377 3481 3568 3740 3842 3980 4098 4311 4385 4394 4765 4874 4909 4914 4923 5102 5302 5368 5499 5504 5532 5546 5678 5720 5846 6135 6327 6500 6502 6638 6675 6765 6833 6981 7001 7124 7195 7248 7327 7415 7464 7517 7536 7602 7794 7987 8206 8226 8241 8538 8540 8624 8640 8713 8719 8782 8848 8946 9069 9202 9225 9286 9321 9353 9395 9598 9654
10000 100
84 236 256 312 375 501 604 717 824 848 924 1189 1245 1286 1563 1600 1628 1847 1885 1923 2196 2234 2351 2895 2931 2960 2994 3115 3125 3175 3358 3500 3513 3583 3625 3639 3790 3860 3879 3972 4133 4232 4243 4373 4384 4661 4688 4796 4840 4967 4989 5106 5116 5370 5442 5547 5591 5711 5743 5759 5791 6065 6152 6243 6279 6382 6443 6447 6576 6873 7116 7128 7203 7339 7619 7657 7789 8009 8081 8139 8294 8373 8566 8641 8673 8733 8890 9077 9115 9130 9223 9333 9348 9495 9519 9653 9710 9743 9744 9846
10000 100
103 145 168 278 323 356 407 630 770 1112 1203 1583 1606 1654 1734 1822 1995 2023 2044 2128 2349 2359 2549 2586 2658 2856 3056 3113 3184 3210 3299 3468 3494 4002 4067 4106 4194 4476 4696 4710 4869 5206 5348 5370 5410 5486 5487 5743 5809 5870 5932 5952 6131 6170 6184 6243 6361 6402 6410 6475 6510 6549 6617 6635 6666 6700 6932 6944 7055 7126 7179 7231 7245 7391 7430 7534 7613 7936 8173 8195 8217 8235 8354 8424 8590 8597 8668 8688 8709 8883 8926 8942 8951 9064 9093 9365 9501 9610 9822 9979
10000 100
25 154 443 544 599 629 632 691 945 1032 1186 1469 1528 1615 1709 1778 1780 1899 2044 2262 2361 2386 2428 2587 2891 2901 2972 3020 3056 3064 3107 3389 3450 3974 4035 4081 4209 4512 4520 4600 4646 4652 4844 4890 5066 5182 5199 5239 5245 5278 5330 5360 5447 5478 5483 5578 5604 5648 5659 5880 6326 6433 6469 6545 6610 6664 7016 7100 7129 7277 7331 7362 7496 7512 7529 7663 7727 7795 7820 7840 7969 8074 8085 8140 8202 8275 8580 8589 8678 8738 8879 8937 9323 9403 9409 9465 9674 9858 9902 9910
10000 100
82 194 386 413 583 652 757 885 984 1045 1284 1316 1616 1646 1814 1880 1894 2098 2107 2168 2224 2227 2313 2333 2754 2806 2858 2861 2875 2899 2904 3023 3090 3258 3291 3467 3495 3789 3942 4036 4226 4303 4379 4675 4682 4757 4839 4929 4936 4958 5074 5241 5287 5540 5586 5667 5722 5744 5866 6083 6129 6148 6317 6395 6405 6408 6429 6443 6587 6687 6738 6774 6785 6869 6978 7182 7375 7427 7449 7515 7524 7609 7655 8131 8314 8352 8419 8526 8560 8985 9027 9083 9106 9148 9340 9351 9364 9460 9539 9827
10000 100
95 630 686 765 846 968 1035 1078 1080 1179 1259 1320 1402 1500 1603 1627 1785 1799 2195 2212 2259 2261 2273 2374 2549 2660 2706 2789 2819 2840 2994 3082 3165 3305 3341 3521 3651 3711 3959 4054 4109 4125 4127 4268 4365 4467 4652 4939 4945 4955 5051 5059 5068 5285 5357 5397 5501 5594 5655 5699 5791 6044 6057 6114 6136 6387 6640 6666 6688 6730 6792 6835 7060 7273 7325 7360 7467 7500 7526 7928 7942 8064 8296 8385 8456 8578 8581 8780 8962 9081 9093 9192 9216 9254 9320 9671 9680 9742 9807 9867
10000 100
46 201 322 349 353 372 449 465 473 505 551 846 982 1290 1382 1393 1449 1458 1462 1471 1581 1649 1705 1865 1982 2046 2211 2769 2896 2998 3035 3492 3564 3645 3669 3713 3719 3971 4042 4060 4124 4218 4263 4286 4337 4371 4562 4619 4667 4819 4829 4952 4954 5016 5217 5447 5643 5824 5924 5930 5942 5983 5987 5990 6039 6097 6186 6419 6503 6687 7233 7254 7257 7311 7316 7364 7414 7441 7457 7582 7641 7678 7697 7761 7782 7868 7971 8029 8167 8171 8232 8316 8378 8653 8694 9206 9444 9705 9905 9944
10000 100
37 114 204 234 269 297 486 649 785 892 906 1008 1021 1064 1234 1271 1325 1416 1475 1533 1617 1952 1969 2211 2243 2367 2445 2460 2681 2746 2778 2799 2972 2975 3006 3017 3271 3302 3306 3467 3642 3675 3683 3727 4042 4212 4231 4491 4973 5127 5206 5352 5432 5619 5818 5911 5976 6025 6029 6145 6517 6847 6850 6857 7049 7205 7264 7323 7375 7382 7651 7694 7730 7775 7813 7854 7871 7997 8058 8110 8159 8253 8300 8364 8591 8737 8768 8798 9064 9153 9266 9267 9332 9343 9375 9531 9683 9713 9804 9922
10000 100
49 105 161 385 436 554 695 732 740 820 823 910 928 1304 1438 1595 1716 1800 1846 1967 2050 2125 2168 2286 2520 2531 2580 2937 2982 3144 3162 3278 3407 3428 3429 3806 3845 4002 4110 4203 4213 4215 4316 4321 4380 4432 4456 4523 4841 4877 4901 4942 4956 5025 5078 5432 5537 5572 5578 5591 5648 5918 5923 6136 6145 6249 6319 6365 6647 6654 6658 6881 7058 7144 7214 7292 7462 7477 7556 7664 7811 8122 8182 8511 8518 8565 8752 8866 9016 9111 9237 9276 9415 9597 9705 9756 9792 9811 9839 9873
10000 100
27 53 113 188 258 448 489 528 607 910 1052 1077 1096 1102 1171 1264 1492 1497 1581 1584 1617 1786 1838 2003 2042 2068 2252 2679 2791 2825 2939 3061 3234 3658 3685 3734 3772 3797 3907 4108 4242 4264 4272 4364 4375 4405 4464 4617 4694 5016 5076 5086 5118 5221 5376 5413 5422 5579 5835 6102 6106 6723 6838 7128 7247 7285 7368 7487 7531 7633 7750 7823 8347 8351 8559 8593 8653 8690 8820 8841 9000 9022 9026 9067 9105 9193 9246 9352 9489 9624 9632 9658 9661 9686 9707 9753 9766 9789 9815 9882
10000 100
70 94 153 163 166 183 191 287 311 662 712 913 1260 1327 1624 1973 2110 2157 2166 2329 2349 2666 2676 2831 2912 2913 2925 3002 3073 3246 3281 3528 3609 3644 3705 3800 3976 4030 4089 4314 4577 4780 4887 4911 4981 5061 5122 5143 5224 5287 5386 5570 5704 5979 6055 6150 6310 6349 6559 6583 6963 7024 7043 7171 7249 7282 7397 7401 7632 7649 7793 7969 7973 8152 8555 8588 8637 8705 8981 9006 9024 9165 9310 9350 9420 9429 9465 9545 9581 9585 9613 9736 9809 9817 9836 9919 9943 9951 9963 9982
10000 100
9 135 205 310 321 451 458 607 632 703 942 1088 1094 1225 1325 1373 1467 1482 1578 1858 2014 2192 2209 2273 2436 2539 2701 2773 2924 2955 3159 3165 3167 3190 3293 3532 3620 3705 4017 4018 4093 4196 4201 4262 4828 4981 5136 5226 5341 5371 5386 5611 5636 5784 5914 6118 6174 6178 6200 6216 6324 6463 6466 6512 6602 6617 6714 6779 6798 7051 7131 7237 7309 7485 7793 7820 7888 7953 8027 8078 8135 8315 8435 8690 8907 8922 9025 9045 9372 9411 9434 9513 9517 9649 9652 9750 9865 9872 9890 9956
10000 100
30 101 303 332 377 421 635 637 801 827 980 984 1021 1156 1316 1328 1444 1460 1604 1958 2083 2353 2509 2540 2575 2677 2709 2845 2904 2970 2985 3096 3135 3204 3472 3554 3656 3777 3851 3980 3987 4219 4223 4316 4498 4554 4730 4826 4857 4928 4976 5019 5081 5114 5188 5225 5288 5400 5470 5487 5544 5692 5842 5848 5966 6070 6147 6292 6441 6464 6544 6676 7126 7271 7382 7624 7697 7743 7838 7865 7971 8198 8335 8357 8369 8408 8550 8602 8813 9161 9256 9525 9531 9534 9537 9547 9581 9703 9725 9740
10000 100
234 406 556 664 782 826 828 898 1028 1069 1078 1261 1366 1411 1419 1575 1599 1652 1716 1733 1765 1825 1844 1909 2115 2145 2281 2294 2315 2410 2659 2698 2986 3016 3017 3155 3175 3214 3352 3414 3544 3595 3610 3642 3658 4053 4064 4170 4255 4396 4499 4631 4891 5012 5368 5407 5465 5789 5847 5881 6035 6098 6367 6414 6647 6707 6734 6774 6859 7078 7087 7121 7275 7292 7294 7421 7434 7590 7653 7756 7836 8124 8129 8136 8470 8496 8511 8512 8513 8761 8767 8774 9113 9184 9264 9704 9706 9712 9849 9944
10000 100
39 66 101 135 195 255 264 343 552 753 896 1033 1034 1089 1116 1198 1463 1491 1718 1731 1781 1821 2087 2140 2401 2450 2820 3294 3358 3452 3458 3491 3694 3833 3926 3934 3947 4024 4052 4103 4214 4287 4334 4345 4405 4564 4648 4696 4931 5100 5136 5138 5223 5256 5266 5450 5498 5513 5621 5912 6051 6099 6274 6368 6433 6683 6775 6874 6904 6911 6927 6959 7000 7048 7086 7124 7129 7286 7402 7423 7530 7554 7589 7738 7978 8062 8094 8285 8363 8418 8498 8517 8668 8686 8806 9177 9443 9505 9896 9905
10000 100
278 310 444 463 477 533 694 1237 1387 1468 1535 1551 1560 1639 1719 1809 1821 1943 2067 2177 2221 2241 2252 2272 2330 2645 2696 2713 2745 2864 2877 3013 3229 3565 3660 3663 3856 3947 3954 4045 4048 4179 4304 4346 4465 4519 4570 4742 4810 4941 5042 5049 5196 5284 5306 5656 5695 5742 5933 5965 6042 6102 6189 6268 6428 6439 6527 6598 6632 6794 6966 7128 7236 7398 7439 7447 7492 7509 7595 7610 7746 7754 8059 8147 8260 8321 8344 8473 8766 8980 9016 9037 9360 9403 9605 9613 9614 9839 9891 9998
10000 100
6 118 203 334 366 377 439 473 572 618 668 706 821 832 866 921 996 1080 1195 1227 1363 1395 1554 1620 1650 1881 2015 2083 2405 2488 2506 2636 2697 2890 2922 3035 3132 3358 3408 3511 3524 3580 3628 4002 4186 4230 4258 4284 4462 4591 4644 4855 4900 5106 5170 5265 5332 5457 5471 5608 5725 6066 6407 6422 6431 6439 6501 6523 6580 6662 6920 7279 7294 7344 7501 7508 7682 7759 7962 8068 8071 8089 8170 8214 8242 8520 8526 8542 8590 8902 8965 9051 9067 9141 9250 9304 9403 9586 9748 9884
10000 100
67 76 147 231 251 331 380 414 428 467 577 750 970 1035 1110 1239 1355 1408 1422 1638 1829 1832 1870 1898 2027 2185 2532 2600 3107 3142 3284 3288 3309 3330 3452 3491 3536 3654 3663 3718 3869 3905 3909 4067 4180 4184 4432 5089 5143 5254 5281 5363 5367 5470 5483 5553 5703 5778 5887 5937 5945 6332 6413 6425 6606 6610 6650 6677 6708 6721 6771 6933 6963 6971 7017 7120 7185 7234 7390 7605 7729 7894 7975 8071 8140 8569 8676 8782 8809 8813 8926 9012 9021 9370 9552 9604 9716 9771 9799 9931
10000 100
29 81 243 329 505 625 763 783 785 791 846 972 1098 1200 1201 1273 1344 1460 1512 1515 1586 1646 1791 1963 2020 2411 2525 2680 2735 2845 2966 3021 3140 3149 3285 3355 3612 3646 3704 3816 3854 3896 4031 4063 4094 4130 4194 4241 4287 4672 4792 4943 5290 5372 5376 5407 5456 5517 5543 5562 5639 5821 5902 6031 6230 6233 6244 6304 6478 6501 6549 6584 6847 6929 6970 7017 7084 7211 7284 7351 7390 7415 7734 7755 7872 8034 8057 8064 8173 8239 8250 8455 8609 9105 9517 9598 9621 9646 9650 9702
10000 100
77 187 219 349 469 479 517 720 739 789 821 891 919 952 1184 1304 1408 1815 1834 1886 2138 2247 2497 2565 2585 2724 2733 2808 2854 2921 2934 2976 2991 3011 3641 3749 3763 3779 3805 4108 4123 4221 4279 4392 4550 4568 4717 4842 4942 5198 5371 5377 5466 5582 5668 5762 5996 6015 6088 6126 6155 6194 6296 6324 6379 6428 6600 6613 6824 6974 7248 7348 7380 7751 7762 7871 8113 8116 8138 8394 8441 8509 8618 8658 8676 8815 8839 8906 9045 9234 9299 9331 9362 9431 9471 9554 9644 9767 9881 9934
10000 100
41 211 718 817 861 908 959 1028 1526 1649 1653 1702 1729 1742 1878 1908 1910 2130 2153 2198 2451 2519 2520 2640 2866 2891 3005 3027 3144 3328 3344 3392 3438 3441 3575 3648 3776 3783 3864 3919 3947 4101 4167 4171 4175 4342 4350 4369 4396 4619 4636 4769 4806 4813 5026 5039 5063 5094 5164 5174 5241 5256 5287 5300 5306 5430 5531 5607 5611 5632 5727 5834 5910 5957 5958 6104 6208 6243 6249 6300 6352 6357 6540 6689 6714 6804 6915 7019 7494 7558 7882 8371 8738 8807 8853 8887 9223 9600 9680 9743
10000 100
1 253 345 398 500 553 608 685 700 872 1037 1053 1076 1110 1358 1362 1554 1625 1678 1837 1849 1937 2053 2141 2243 2246 2320 2328 2497 2723 2752 2960 3234 3238 3242 3245 3294 3308 3347 3829 4089 4198 4201 4261 4265 4340 4467 4654 4704 4774 4886 5188 5296 5318 5436 5453 5525 5547 5716 6002 6109 6168 6188 6405 6443 6446 6540 6626 6698 6708 6984 7012 7100 7215 7224 7250 7702 7800 7855 8053 8333 8353 8414 8472 8542 8565 8746 8757 8762 8803 8904 9055 9105 9245 9256 9434 9639 9659 9814 9998
10000 100
3 14 17 184 378 408 444 727 819 1100 1126 1274 1471 1473 1510 1537 1654 1852 1865 1883 2170 2326 2347 2439 2486 2569 2706 2737 2783 2963 3033 3163 3177 3349 3368 3384 3489 3524 3687 3929 3941 3952 3954 4049 4292 4472 4512 4543 4572 4681 4760 4783 4872 4910 4986 5226 5299 5425 5686 5698 5816 6085 6404 6620 6679 6780 7153 7235 7277 7300 7577 7719 7843 7863 7946 7962 8033 8148 8278 8353 8429 8440 8580 8645 8689 8713 8793 8871 8937 8945 8989 9174 9288 9295 9349 9398 9610 9738 9786 9937
10000 100
49 86 131 226 268 280 354 684 970 989 1027 1292 1378 1407 1486 1502 1612 1747 1757 1781 1805 1816 1897 2237 2262 2291 2414 2477 2583 2681 2850 2857 2916 2924 2999 3072 3083 3189 3233 3408 3474 3731 3763 3966 4048 4111 4494 4676 5035 5146 5161 5175 5379 5480 5688 5809 5879 5908 5975 5996 6078 6234 6324 6612 6631 6702 6812 6820 7001 7092 7364 7442 7444 7558 7600 7793 7945 8076 8118 8121 8141 8145 8289 8327 8432 8585 8758 9054 9157 9179 9205 9231 9286 9328 9498 9652 9756 9797 9947 9980
10000 100
76 111 243 315 537 573 586 591 966 973 979 1092 1116 1323 1487 1540 1667 1780 1808 1973 2067 2110 2391 2449 2505 2542 2631 2731 2804 2829 2996 3102 3263 3456 3595 3710 3905 4042 4075 4161 4235 4237 4253 4326 4344 4484 4609 4865 4915 4927 4974 5058 5276 5344 5381 5402 5451 5559 5613 5812 5916 6202 6278 6392 6408 6525 6550 6641 6644 6680 6754 6767 7006 7078 7111 7168 7230 7246 7342 7504 7672 7685 7704 7783 7906 7960 8202 8414 8569 8636 8788 8886 9062 9277 9454 9503 9529 9662 9748 9987
10000 100
76 502 538 553 585 610 681 757 903 924 976 1229 1288 1646 1693 1719 1720 1932 1951 1955 1988 2027 2225 2251 2262 2453 2523 2527 2564 2718 2748 2840 2951 2988 3079 3158 3331 3405 3469 3571 3757 3830 3845 3876 3958 4389 4518 4527 4544 4551 4574 4617 4626 4732 4865 4964 5039 5126 5159 5505 5842 5918 6271 6297 6318 6380 6403 6511 6634 6720 6819 7049 7162 7434 7560 7609 7636 7717 7800 7915 8005 8074 8193 8305 8320 8465 8492 8707 8893 9001 9126 9200 9242 9310 9370 9410 9422 9664 9708 9959
10000 100
41 122 148 159 361 371 384 385 543 586 616 664 725 1076 1201 1466 1562 1583 1743 2206 2298 2355 2451 2482 2630 2663 2720 2725 2818 2879 3319 3332 3424 3447 3489 3547 3710 3711 3846 3929 3982 3999 4207 4350 4436 4457 4477 4508 4673 4845 5443 5477 5603 5663 5892 5932 5983 6203 6210 6317 6346 6367 6389 6622 6698 6751 6909 6912 7117 7155 7181 7219 7285 7321 7334 7457 7525 7638 7745 7805 7859 7915 7918 7947 8048 8178 8259 8442 8560 8673 8984 9034 9091 9146 9209 9723 9726 9739 9746 9765
10000 100
31 300 645 648 747 784 796 823 837 921 1003 1170 1346 1428 1478 1587 1720 1797 1858 1868 1913 1939 2260 2311 2320 2378 2707 2712 2724 2823 2843 2891 2994 3012 3046 3204 3519 3630 3660 3661 3835 4038 4170 4316 4331 4383 4501 4596 4657 4703 4758 4759 4908 4953 4996 5109 5200 5327 5446 5514 5516 5589 6330 6341 6366 6455 6807 6947 7028 7195 7197 7252 7444 7589 7630 7661 7701 7793 7795 7818 8101 8185 8233 8295 8489 8526 8670 8712 8955 9008 9062 9141 9152 9343 9415 9476 9537 9720 9940 9952
10000 100
33 74 207 277 292 451 603 665 727 765 779 872 879 948 954 1184 1315 1424 1924 1944 2018 2057 2191 2351 2387 2432 2611 2680 2771 2873 2893 2936 2986 3023 3052 3180 3430 3444 3697 3743 3751 3836 3852 3990 4508 4523 4583 4655 4672 4879 5340 5422 5620 5844 5864 5908 6048 6221 6293 6302 6364 6489 6520 6604 6720 6728 6893 6982 7046 7188 7202 7322 7334 7702 7773 7782 7875 7888 8080 8199 8344 8431 8440 8506 8691 8865 8898 9008 9058 9273 9305 9306 9332 9458 9610 9612 9776 9783 9785 9887
10000 100
29 57 188 347 521 690 1039 1160 1167 1192 1398 1520 1530 1620 1698 1710 1862 1947 2258 2282 2315 2355 2359 2697 2956 3021 3037 3058 3135 3210 3466 3591 3988 4012 4043 4220 4221 4327 4351 4585 4616 4674 4677 4724 5064 5148 5305 5323 5424 5523 5617 5631 5851 5906 5923 6001 6036 6076 6222 6248 6257 6269 6271 6290 6428 6618 6774 6790 6915 6973 7028 7160 7188 7213 7246 7278 7371 7628 7734 7810 7841 7912 8018 8020 8128 8333 8354 8359 8410 8533 8576 8659 8734 8879 8903 9161 9654 9730 9823 9888
10000 100
310 332 480 539 685 728 776 803 815 1010 1103 1237 1391 1619 1727 1757 1790 1814 1915 1940 2288 2347 2438 2549 2635 2678 2691 2856 2928 3117 3149 3250 3289 3291 3361 3377 3602 3641 3956 4029 4147 4349 4455 4797 4907 4935 4991 5010 5143 5338 5502 5508 5530 5583 5700 5802 5805 5818 5863 5916 6125 6208 6297 6433 6693 6883 6991 7018 7170 7271 7397 7453 7481 7487 7559 7655 7761 8005 8054 8179 8186 8448 8564 8612 8651 8698 8826 8830 8906 8914 9045 9105 9234 9338 9359 9416 9619 9668 9819 9981
10000 100
297 311 367 493 501 757 809 897 978 1078 1169 1549 1758 1792 1804 1879 1982 2145 2188 2348 2480 2511 2513 2645 2751 2780 2805 3066 3196 3215 3307 3319 3346 3602 3648 3751 3776 3800 3887 3916 3946 4045 4064 4229 4358 4507 4750 4849 5092 5110 5141 5203 5253 5285 5298 5530 5594 5617 5656 5846 5920 5986 6078 6191 6280 6362 6442 6446 6658 6873 6920 6928 6989 7171 7195 7219 7550 7610 7638 7744 7763 8115 8124 8248 8381 8416 8519 8747 8809 8813 8842 9152 9166 9348 9415 9436 9597 9701 9746 9851
10000 100
28 164 178 279 308 387 736 775 806 1024 1051 1076 1104 1149 1325 1485 1580 1733 1786 1827 1838 2073 2093 2206 2444 2585 2698 2834 2941 2973 3215 3373 3375 3450 3609 3718 3756 3763 3887 3939 3960 4102 4118 4177 4273 4394 4576 4591 4626 4634 4665 4951 5153 5196 5251 5287 5335 5379 5400 5483 5495 5606 5711 5889 5970 6062 6301 6343 6434 6460 6507 6591 6592 6991 7136 7162 7181 7357 7419 7695 7903 7971 7995 8134 8158 8206 8303 8377 8424 8427 8436 8668 8786 8975 8979 9042 9085 9315 9702 9858
10000 100
1 60 128 216 287 307 492 628 669 892 904 907 915 1154 1237 1330 1333 1786 1998 2065 2070 2117 2134 2198 2207 2211 2229 2309 2445 2607 2804 2883 2905 2909 2971 2976 3070 3448 3490 3492 3593 3662 3810 3929 3968 4069 4234 4240 4244 4419 4734 4745 4790 5008 5414 5563 5568 5572 5767 5812 5911 5942 6133 6249 6308 6531 6552 6716 6846 6991 7213 7236 7254 7516 7575 7781 7863 7887 7910 8261 8501 8530 8542 8599 8769 8937 9016 9324 9403 9462 9465 9496 9511 9567 9626 9853 9872 9979 9981 9997
10000 100
23 114 363 429 669 733 784 803 838 947 1113 1176 1234 1265 1357 1386 1511 1534 1801 1896 2200 2285 2294 2352 2447 2566 2919 2940 2950 3238 3271 3356 3377 3486 3585 3674 3675 3779 3897 3981 4014 4060 4074 4286 4345 4525 4610 4773 5086 5101 5105 5394 5476 5551 5614 5620 6020 6036 6046 6163 6305 6350 6427 6477 6643 6810 6897 7081 7211 7215 7428 7583 7590 7630 7730 7734 7802 7833 7845 7861 8087 8362 8456 8475 8513 8535 8536 8539 8555 8581 8701 8943 9198 9246 9348 9396 9594 9789 9876 9968
10000 100
285 370 413 422 506 916 919 1025 1057 1065 1219 1313 1487 1504 1617 1625 1626 1718 1814 1916 1979 2065 2078 2200 2249 2255 2341 2443 2473 2514 2531 2659 2754 3070 3199 3239 3270 3436 3547 3620 3654 3695 3711 3822 3923 4161 4204 4214 4222 4455 4492 4765 4830 4862 5129 5441 5454 5652 5683 5788 5823 5837 5842 5921 6081 6238 6342 6389 6435 6708 6751 6760 6788 6935 7016 7070 7206 7317 7616 7873 8079 8133 8311 8329 8355 8377 8822 8828 8850 8932 8942 9044 9196 9239 9316 9335 9489 9681 9760 9899
10000 100
133 253 292 357 411 496 541 578 622 799 897 1229 1239 1256 1418 1434 1560 1835 1924 2121 2145 2249 2388 2411 2445 2558 2723 2925 2998 3128 3131 3162 3174 3197 3204 3318 3460 3627 3643 4019 4210 4380 4402 4411 4435 4751 4900 4972 5042 5275 5346 5445 5606 5647 5836 5889 6242 6317 6390 6400 6485 6523 6542 6890 6912 7086 7087 7131 7381 7535 7571 7621 7723 7800 7901 8099 8266 8289 8294 8363 8458 8489 8572 8638 8663 8701 8915 9008 9123 9215 9274 9275 9314 9463 9570 9593 9770 9932 9958 9974
10000 100
109 199 280 536 728 858 891 928 934 944 953 1027 1092 1157 1419 1483 1492 1554 1573 2146 2219 2312 2437 2546 2581 2714 2811 2891 2998 3044 3070 3098 3156 3183 3368 3610 3937 3967 4011 4070 4103 4234 4406 4407 4442 4603 4726 4790 4830 5025 5057 5068 5243 5286 5439 5499 5768 5787 6046 6167 6262 6271 6366 6513 6587 6672 6728 6779 6817 6861 6924 7067 7169 7215 7265 7296 7304 7340 7396 7525 7665 7773 8023 8052 8189 8389 8398 8544 8605 8713 8734 9215 9360 9401 9472 9538 9540 9636 9781 9800
10000 100
96 293 321 415 429 464 517 612 805 1120 1312 1514 1543 1552 1690 1756 1943 1986 1999 2137 2385 2501 2636 2752 2809 2926 3237 3339 3367 3386 3394 3510 3519 3622 3695 3765 4187 4291 4301 4405 4655 4764 4804 4998 5024 5206 5622 5635 5638 5684 5720 5729 5792 5860 5915 5984 6021 6030 6032 6183 6347 6404 6412 6547 6548 6881 7006 7103 7113 7140 7187 7296 7381 7730 7799 7882 7923 7958 7988 8017 8025 8093 8108 8244 8287 8339 8478 8532 8589 8819 9001 9104 9142 9199 9246 9250 9465 9488 9881 9938
10000 100
19 27 47 221 444 706 929 939 1076 1109 1143 1339 1416 1483 1759 1871 2053 2157 2167 2219 2419 2487 2625 2693 2696 2894 2964 3083 3248 3384 3400 3428 3469 3474 3535 3593 3728 3767 3794 3796 3878 3924 3980 4110 4176 4322 4338 4359 4400 4533 4706 4773 4844 4866 4910 5051 5055 5082 5187 5456 5494 5594 5661 5780 5881 6268 6343 6446 6561 6667 6675 6688 6696 6704 6842 7042 7166 7207 7216 7408 7439 7504 7540 7580 7828 7967 8222 8245 8481 8819 8966 8970 9056 9165 9170 9339 9560 9694 9868 9877
10000 100
286 374 467 479 511 694 889 936 989 1242 1343 1367 1820 1924 2168 2419 2568 2606 2642 2714 2782 2790 2805 2863 2952 2956 3127 3189 3354 3422 3614 3641 3661 3717 3723 3740 3743 3761 3837 3882 4196 4320 4384 4412 4509 4559 4569 4664 4700 4722 4769 4883 4906 5244 5363 5573 5577 5603 5642 5650 5741 5907 6039 6178 6282 6331 6398 6462 6474 6517 6544 6579 6705 6799 6859 7059 7078 7164 7515 7642 7643 7695 7832 7849 7957 8044 8206 8528 8637 8680 8954 8987 9008 9037 9077 9291 9438 9570 9593 9664
10000 100
1 141 228 259 319 466 617 722 757 913 1174 1223 1259 1775 1783 1889 2076 2284 2518 2602 2623 2782 2808 2850 3089 3547 3607 3641 4473 4555 4575 4688 4730 4740 4773 4874 4992 5025 5028 5050 5178 5464 5470 5480 5565 5666 5705 5780 5816 5946 6122 6198 6246 6251 6371 6461 6598 6640 6702 6813 6827 6865 7038 7093 7123 7314 7332 7418 7509 7540 7661 7697 7712 7918 8077 8119 8132 8198 8272 8319 8348 8495 8538 8696 8744 8762 8805 8858 8962 8991 9129 9217 9237 9241 9306 9406 9635 9693 9892 9935
10000 100
53 66 130 185 271 278 330 470 474 532 567 646 671 777 783 827 844 927 975 1041 1126 1235 1556 1607 1649 1823 1850 1884 2000 2014 2318 2338 2464 2763 2779 2894 3072 3129 3202 3256 3438 3491 3536 3552 3702 3957 4083 4099 4126 4208 4399 4419 4462 4474 4540 4941 5030 5071 5211 5248 5482 5580 5844 5905 6173 6219 6374 6471 6767 6915 7002 7055 7153 7232 7532 7600 7759 7766 7863 7919 8006 8314 8356 8578 8705 8848 8864 8948 9031 9084 9106 9111 9159 9244 9573 9599 9639 9718 9918 9957
10000 100
8 15 60 87 275 284 556 659 672 673 680 836 1117 1286 1292 1311 1439 1496 1604 1613 1615 1935 2145 2249 2339 2368 2376 2497 2585 2895 3017 3031 3051 3274 3384 3493 4008 4067 4070 4092 4139 4170 4256 4334 4441 4536 4819 4911 4974 5158 5270 5353 5401 5402 5450 5564 5625 5722 5794 5950 6101 6110 6169 6196 6218 6651 6904 7007 7025 7090 7154 7281 7308 7458 7608 7777 7890 8029 8056 8089 8202 8321 8333 8478 8507 8520 8528 8606 8769 8771 8855 9112 9164 9320 9365 9403 9521 9529 9770 9992
10000 100
88 159 165 268 304 387 519 544 587 590 686 739 870 1011 1017 1247 1354 1374 1439 1515 1759 1879 2037 2080 2096 2098 2103 2291 2366 2618 2658 2713 2735 2793 2810 2954 3038 3052 3123 3305 3319 3324 3561 3629 3714 3763 3827 3832 3985 3992 4026 4040 4244 4361 4363 4397 4701 4775 5088 5405 5440 5543 5914 5929 5964 5997 6018 6161 6228 6265 6553 6717 6803 6891 6937 7195 7310 7386 7631 7732 7807 7875 8082 8225 8402 8606 8636 8676 8696 8723 8757 8921 8976 9036 9073 9162 9479 9557 9760 9866
10000 100
132 241 353 401 618 797 1119 1227 1276 1441 1526 1563 1589 1652 1730 1784 1921 1975 1981 2317 2320 2483 2514 2525 2564 2586 2648 2649 3001 3033 3069 3147 3217 3219 3356 3381 3455 3506 3526 3585 3727 3754 3758 3769 3892 4044 4087 4131 4157 4196 4213 4775 4876 4877 5110 5154 5171 5292 5377 5675 6032 6045 6085 6104 6293 6298 6355 6432 6732 6751 6864 6866 7064 7095 7097 7117 7133 7134 7229 7292 7411 7428 7495 7522 7570 7711 7780 8149 8171 8241 8402 8415 8626 8737 8802 9853 9870 9940 9949 9969
10000 100
31 160 252 336 409 434 528 837 962 1010 1158 1204 1253 1338 1450 1497 1577 1739 1918 2106 2229 2441 2462 2486 2490 2712 2720 2809 2846 2894 2975 3102 3322 3389 3406 3410 3437 3664 3694 3724 3776 3890 3984 4018 4191 4487 4550 4665 4678 4693 4752 4767 4797 4890 4901 4931 5102 5112 5294 5306 5357 5376 5562 5969 5994 6109 6338 6589 7011 7105 7147 7416 7432 7447 7449 7523 7591 7765 7873 7890 7943 7946 8050 8329 8520 8616 8688 8729 8868 9053 9250 9274 9276 9291 9501 9569 9593 9690 9807 9810
10000 100
185 592 904 975 1106 1256 1263 1685 1756 1765 1790 1809 1838 1931 2071 2183 2476 2570 2653 2668 2692 2695 2714 2885 2896 3018 3217 3262 3286 3354 3392 3472 3518 3604 3630 3669 3680 3757 3771 4272 4315 4394 4466 4521 4531 4543 4691 4833 4953 5207 5238 5265 5295 5313 5441 5491 5500 5689 5707 5879 5899 5956 6006 6052 6157 6430 6653 6788 7038 7054 7061 7179 7260 7368 7578 7617 7619 7825 7860 7908 7914 8007 8027 8133 8160 8368 8524 8535 8719 8750 8794 8845 9015 9033 9052 9121 9248 9345 9949 9971
10000 100
133 172 201 229 313 662 730 749 777 944 1300 1379 1508 1769 2108 2170 2192 2202 2236 2340 2451 2557 2688 2847 2892 2927 2995 3011 3029 3104 3148 3158 3357 3493 3531 3551 3631 3722 3899 4054 4628 4698 4715 4760 4816 5105 5229 5248 5368 5376 5594 5672 5688 5766 5782 5875 5971 6069 6154 6172 6187 6260 6508 6669 6850 6988 7052 7124 7159 7230 7322 7479 7632 7713 7726 7929 8031 8117 8287 8387 8461 8520 8528 8534 8642 8677 8717 8767 9032 9182 9305 9354 9399 9421 9611 9657 9728 9780 9819 9854
10000 100
95 504 506 516 626 636 679 793 948 1078 1192 1332 1354 1426 1566 1868 1872 1906 2431 2533 2761 3016 3100 3153 3160 3409 3492 3495 3599 3786 3996 4008 4018 4097 4152 4199 4204 4383 4392 4466 4476 4513 4523 4902 4977 5017 5044 5229 5282 5376 5385 5397 5472 5617 5743 6114 6271 6289 6397 6398 6552 6617 6650 6679 6680 6703 6730 6807 6842 6857 6944 6953 7009 7030 7041 7093 7120 7280 7346 7384 7588 7861 7910 7978 8177 8264 8353 8414 8488 8537 8712 8821 8876 9041 9221 9540 9545 9611 9640 9670
10000 100
174 250 345 451 623 630 1097 1128 1135 1188 1264 1293 1306 1466 1671 1678 1726 1729 1755 1835 1903 1920 1929 2078 2414 2465 2594 2688 2820 2933 3087 3090 3113 3146 3149 3236 3390 3447 3484 3491 3492 3541 3553 3612 3697 3802 3811 3855 3899 4060 4068 4243 4401 4406 4484 4681 4904 5027 5087 5280 5365 5470 5499 5719 5778 5998 6178 6395 6426 6597 6627 6836 6851 7038 7063 7292 7390 7465 7600 7736 8039 8066 8119 8165 8252 8366 8432 8474 8556 8597 8724 8958 9220 9307 9354 9417 9535 9580 9670 9998
10000 100
132 227 354 355 433 850 987 1162 1173 1300 1447 1520 1523 1526 1687 1719 1824 1873 1876 1909 2052 2199 2603 2875 2973 3148 3200 3215 3305 3583 3689 3738 3856 4101 4143 4412 4470 4647 4862 5069 5077 5134 5315 5414 5469 5605 5674 5694 5918 5970 6058 6218 6272 6279 6284 6727 6813 6831 6832 6997 7063 7179 7233 7247 7322 7545 7577 7658 7811 7835 8017 8083 8086 8201 8227 8256 8266 8269 8501 8550 8572 8633 8702 8718 8751 8766 8788 8828 8839 9056 9333 9416 9417 9433 9478 9634 9652 9678 9741 9761
10000 100
76 220 225 382 475 750 760 935 1020 1064 1177 1304 1316 1509 1566 1634 1889 2006 2108 2130 2352 2400 2406 2436 2480 2604 2651 2680 2708 2868 3159 3189 3207 3276 3316 3569 3611 3678 3776 3971 3985 4044 4128 4460 4517 4535 4553 4636 4815 4845 5184 5234 5273 5470 5480 5498 5616 5621 5655 5663 5859 5950 5960 6081 6096 6171 6196 6197 6276 6356 6494 6787 7138 7269 7325 7344 7384 7623 7660 7705 7883 7996 8174 8194 8331 8367 8388 8427 8595 8658 8686 8697 8881 9092 9276 9284 9294 9703 9793 9825
10000 100
169 211 225 294 326 362 440 589 635 730 916 921 929 951 1011 1030 1044 1148 1209 1355 1380 1555 1690 1857 1878 2181 2211 2247 2276 2305 2463 2581 2582 2656 2672 2689 2714 2797 2866 3116 3350 3355 3510 3555 3614 3771 3865 3985 4012 4096 4256 4284 4359 4704 4854 4913 5177 5220 5386 5591 5724 5750 5754 5849 6134 6198 6277 6353 6568 6935 6970 7003 7027 7068 7127 7177 7420 7522 7562 7607 7689 8050 8110 8195 8229 8438 8540 8555 8557 8610 8657 8901 8995 9019 9108 9376 9584 9597 9778 9782
10000 100
57 115 138 394 568 577 622 640 646 816 1050 1106 1320 1503 1575 1618 1624 1692 1732 1744 1866 1897 1903 1973 2088 2181 2308 2541 2708 2779 2782 2802 2872 2932 3217 3313 3571 3660 3672 3916 4053 4171 4202 4204 4263 4427 4482 4583 5039 5074 5283 5307 5316 5481 5963 5968 6083 6142 6220 6349 6492 6579 6656 6760 6866 6900 7042 7119 7299 7309 7313 7416 7587 7638 7640 7794 7841 7859 7929 7966 8080 8091 8252 8263 8495 8651 8725 8744 8786 9017 9069 9091 9116 9355 9360 9710 9730 9832 9865 9898
10000 100
48 113 117 234 442 477 566 575 687 741 743 771 827 854 857 962 1004 1136 1148 1233 1413 1461 1547 1591 1600 1624 1631 1851 1891 2065 2105 2173 2225 2338 2372 2497 2720 2782 2818 2943 2956 3063 3146 3258 3323 3373 3417 3692 3783 4006 4310 4319 4440 4456 4854 5281 5406 5453 5458 5480 5545 5704 5880 6178 6547 6594 6766 6868 6871 7101 7105 7335 7355 7434 7464 7520 7575 7697 7894 7981 8063 8399 8446 8475 8515 8581 8765 8994 9018 9109 9252 9370 9379 9407 9513 9537 9674 9877 9946 9960
10000 100
40 85 103 280 396 559 646 801 904 928 1054 1216 1460 1463 1508 1541 1676 1836 2104 2120 2136 2160 2290 2434 2515 2971 3137 3204 3228 3297 3370 3386 3392 3467 3665 3775 3779 3887 4005 4089 4192 4357 4459 4500 4585 4601 4684 4703 4738 4914 4916 4929 5014 5231 5280 5288 5336 5416 5417 5473 5500 5669 5684 5902 5941 5991 6206 6251 6305 6470 6574 6589 6605 6686 6694 6712 6823 7147 7204 8137 8143 8260 8511 8603 8614 8658 8699 8802 8906 8933 9090 9095 9099 9112 9166 9179 9289 9328 9697 9768
10000 100
63 233 465 672 801 809 988 996 1010 1077 1102 1135 1232 1317 1328 1468 1488 1541 2003 2056 2083 2252 2333 2569 2687 2903 3065 3081 3377 3440 3453 3461 3660 3694 3806 3869 3894 4062 4083 4135 4254 4272 4290 4330 4448 4616 4642 4715 4730 4802 4836 5057 5095 5139 5184 5723 5849 5870 5995 6032 6035 6050 6116 6163 6265 6274 6280 6379 6433 6520 6629 6655 6731 6888 6983 7166 7233 7366 7384 7478 7603 7693 7726 7836 7893 8364 8480 8495 8512 8747 8936 8951 9224 9266 9282 9370 9467 9565 9887 9936
10000 100
296 475 512 513 609 770 952 1074 1318 1352 1369 1442 1467 1615 1870 2036 2104 2149 2156 2234 2367 2402 2451 2559 2565 2641 2701 2744 2749 3070 3089 3314 3328 3822 3922 3974 4103 4221 4337 4373 4526 4543 4610 4715 4834 4871 4918 4949 5025 5040 5149 5267 5396 5474 5650 5991 6139 6157 6162 6169 6188 6295 6383 6464 6502 6612 6633 6667 6781 7019 7192 7208 7226 7246 7249 7316 7448 7509 8008 8065 8096 8222 8274 8719 8743 8770 8947 8952 9245 9296 9374 9449 9471 9505 9527 9691 9756 9936 9955 9969
10000 100
100 160 520 523 628 653 739 758 811 830 883 922 958 1091 1125 1183 1210 1328 1402 1541 1548 1578 1581 1752 1760 1805 2009 2218 2229 2274 2282 2341 2373 2407 2417 2550 2702 2795 2806 2861 3373 3378 3585 3608 3617 3638 3706 3717 3826 4150 4261 4283 4674 4731 4782 4821 5018 5049 5257 5441 5687 5862 5923 5997 6384 6536 6905 6998 7022 7116 7157 7164 7345 7432 7802 7985 8010 8183 8297 8331 8419 8486 8576 8657 8756 9102 9201 9215 9280 9419 9451 9459 9606 9711 9750 9813 9818 9882 9892 9941
10000 100
322 332 356 407 463 499 653 893 1041 1056 1279 1416 1450 1486 1509 1523 1606 1814 1883 2001 2026 2157 2195 2253 2398 2938 2985 3161 3333 3377 3426 3429 3444 3460 3544 3566 4046 4173 4217 4462 4489 4533 4692 4744 4746 4938 5003 5060 5432 5490 5491 5501 5512 5514 5567 5571 5673 5759 5847 5877 5948 5960 6297 6349 6740 6746 6963 7185 7209 7225 7424 7458 7481 7485 7580 7597 7602 7723 7764 7916 8078 8196 8254 8475 8602 8838 8842 8861 8912 8932 8999 9056 9089 9140 9300 9497 9656 9755 9760 9956
10000 100
71 98 255 296 301 427 444 545 558 810 1151 1207 1226 1330 1391 1418 1465 1471 1484 1525 1535 1557 1668 2009 2059 2229 2264 2535 2604 2626 2661 2729 2803 2904 2925 3104 3330 3397 3476 3493 3628 3722 3772 4083 4317 4440 4532 4629 4657 4710 4736 4779 4813 5001 5094 5203 5253 5349 5350 5386 5503 5558 5655 5821 5951 5969 6014 6037 6153 6304 6436 6440 6464 6850 7244 7255 7463 7482 7559 7644 7731 7854 7925 7977 8004 8009 8024 8129 8232 8340 8460 8564 8663 8680 8879 9065 9317 9633 9725 9822
10000 100
47 193 372 420 454 456 518 781 834 967 984 1478 1575 1605 1665 1680 1725 1728 1824 1909 2145 2346 2420 2489 2516 2544 2571 2674 2736 3048 3428 3430 3545 3757 3897 3952 4079 4261 4378 4398 4510 4587 4600 4729 4782 4918 5097 5346 5529 5581 5591 5612 5793 5797 5820 5862 5872 5873 5884 5926 6011 6093 6203 6326 6354 6584 6624 6636 6688 6697 6763 6915 7038 7141 7169 7193 7194 7234 7236 7416 7636 7757 7898 8238 8301 8389 8457 8578 8664 8857 8959 8974 9022 9155 9297 9306 9549 9564 9708 9926
10000 100
110 261 270 578 623 652 657 830 866 893 1096 1256 1380 1413 1444 1661 1682 1704 1715 1925 1941 2019 2052 2109 2136 2219 2459 2639 2692 2836 2844 2900 2957 3438 3642 3665 3836 3865 3922 4019 4033 4105 4208 4829 5063 5468 5485 5794 5885 6106 6253 6354 6362 6419 6446 6601 6618 6758 6833 6975 7055 7140 7200 7322 7425 7486 7512 7656 7718 7757 7803 8012 8020 8038 8047 8298 8350 8359 8494 8548 8572 8693 8737 8786 8789 8820 8918 8972 9036 9078 9151 9457 9658 9683 9736 9750 9764 9844 9895 9986
10000 100
38 202 221 286 349 382 437 465 965 1297 1331 1352 1374 1403 1414 1632 1712 1767 1798 1854 1886 1962 2117 2134 2234 2453 2465 2569 2582 2648 2762 2830 2837 2962 3010 3031 3093 3104 3200 3282 3376 3561 3651 3759 3767 3827 3828 3968 4150 4230 4264 4314 4362 4461 4537 4584 4875 4896 4934 5033 5063 5068 5080 5097 5174 5327 5370 5380 5614 5651 5728 5749 5758 6063 6373 6554 6939 7068 7222 7365 7380 7396 7410 7518 7549 7703 7916 7918 8004 8198 8774 8792 9121 9196 9217 9377 9409 9555 9849 9898
10000 100
181 264 422 531 586 600 956 971 1111 1236 1244 1449 1477 1666 1700 1836 1850 2061 2123 2132 2158 2210 2232 2303 2451 2759 2767 2773 2880 2922 2936 3315 3593 3743 3809 3810 3827 4008 4090 4304 4311 4332 4366 4577 4699 4836 4942 5202 5246 5327 5330 5406 5417 5460 5770 5804 5873 5888 5951 6067 6236 6336 6410 6536 6537 6538 6590 6635 6639 6683 6701 6928 6940 7146 7164 7203 7321 7356 7408 7558 7582 7645 7656 7679 7832 7883 8004 8134 8157 8315 8362 8880 8961 8971 9146 9164 9224 9443 9823 9850
10000 100
445 494 720 773 870 871 877 950 1092 1105 1164 1199 1216 1324 1419 1637 1751 2033 2109 2248 2266 2396 2462 2547 2604 2708 2716 2881 2946 3059 3151 3313 3422 3523 3945 4036 4071 4072 4160 4217 4347 4364 4524 4615 4819 4824 5003 5103 5142 5364 5397 5527 5540 5576 5670 5696 5708 6067 6148 6277 6396 6487 6517 6542 6563 6643 6840 6852 7002 7017 7023 7050 7081 7094 7154 7346 7391 7502 7508 7566 8082 8099 8160 8229 8288 8444 8597 8697 8880 9024 9127 9241 9308 9336 9410 9558 9699 9705 9767 9853
10000 100
370 397 493 699 766 784 792 819 1068 1136 1169 1356 1363 1403 1454 1478 1677 2127 2434 2582 2659 2969 2975 3148 3152 3298 3335 3377 3400 3404 3409 3734 3838 3865 3901 3916 3956 4001 4034 4145 4208 4262 4292 4384 4462 4708 4730 4813 4887 4969 5009 5185 5372 5577 5646 5662 5681 5702 5798 5847 5865 6409 6493 6536 6579 6820 6844 6939 6946 6975 6979 7013 7018 7092 7193 7252 7290 7320 7649 7700 7731 7856 7952 7967 8077 8090 8423 8435 8468 8670 8684 8837 9004 9196 9253 9265 9297 9392 9565 9697
10000 100
147 157 229 701 793 848 855 965 985 1000 1238 1292 1344 1653 1717 1726 1824 1893 1991 2146 2189 2221 2286 2305 2376 2490 2512 2532 2599 2698 2839 3047 3269 3303 3322 3404 3453 3697 3841 4044 4121 4138 4251 4383 4612 4629 4731 4801 4855 4880 5243 5275 5368 5402 5493 5523 5751 5769 5787 5829 5884 5885 5927 5979 6009 6040 6386 6493 6766 6967 7149 7178 7198 7331 7396 7403 7471 7537 7598 7646 7676 7792 8022 8055 8253 8265 8347 8415 8435 8607 8945 8982 9072 9411 9503 9725 9796 9863 9902 9903
10000 100
5 96 219 272 346 417 491 914 1082 1133 1139 1211 1222 1224 1443 1458 1514 1625 1788 1790 1796 1994 2043 2056 2113 2123 2133 2279 2311 2327 2404 2541 2671 2735 2737 2812 3023 3116 3126 3153 3189 3227 3229 3310 3319 3320 3323 3496 3548 4088 4151 4155 4303 4363 4428 4713 4766 4847 4907 4908 5190 5365 5394 5407 5443 5720 5994 6089 6104 6108 6135 6263 6341 6407 6475 6553 6656 6739 6908 7118 7216 7340 7457 7821 8077 8170 8378 8473 8564 8594 8619 8855 9081 9142 9323 9387 9428 9720 9807 9965
