100
50 1 1000000000000000000
50 10 46 17 1 18 44 49 43 32 48 14 8 46 18 34 2 7 28 30 28 50 29 28 8 15 11 47 17 26 44 49 36 3 25 29 27 38 27 4 25 4 48 27 19 0 0 0 46 48
47 20 37 50 21 42 13 25 48 1 33 30 45 29 22 34 42 13 40 26 14 49 8 42 7 28 20 19 46 27 2 14 26 22 38 22 46 40 45 44 7 5 35 37 14 46 0 0 0 49
50 1 997569223049484402
2 3 4 1 49 12 23 22 50 3 50 13 22 12 33 42 14 33 2 30 14 32 15 8 31 41 23 15 33 47 37 29 43 4 48 16 41 20 38 41 48 12 3 44 24 36 35 38 19 37
0 0 0 0 6 46 21 12 19 40 47 37 43 35 12 4 48 22 48 28 19 4 50 13 31 28 14 19 38 45 46 2 0 10 41 7 5 36 44 49 25 41 35 18 50 47 47 47 44 44
50 1 949732919020487769
3 4 0 0 0 7 0 9 0 11 12 0 14 0 16 0 0 19 0 21 0 23 24 25 0 27 0 29 0 0 0 33 0 35 36 37 38 0 0 41 42 0 44 0 3 4 41 45 39 14
2 5 0 0 6 0 8 0 10 0 0 13 0 15 0 17 18 0 20 0 22 0 0 0 26 0 28 0 30 31 32 0 34 0 0 0 0 39 40 0 0 43 0 5 35 46 42 12 49 29
50 1 1000000000000000000
14 0 0 0 0 0 0 0 0 0 47 0 0 11 0 0 0 0 0 0 32 0 0 0 0 0 0 0 0 0 0 0 41 0 0 0 0 0 0 0 0 0 0 0 0 0 25 0 0 0
33 42 30 17 4 19 0 46 40 20 7 13 36 0 6 15 2 45 48 26 0 39 9 35 50 34 31 8 44 25 49 0 21 27 22 18 10 29 5 38 25 28 0 24 3 37 43 23 12 16
50 1 1000000000000000000
11 4 0 0 7 8 0 0 0 0 0 13 14 15 16 0 18 0 0 21 0 0 24 0 0 0 0 0 30 31 32 33 34 0 36 37 38 0 40 0 0 43 44 45 0 0 48 0 0 0
2 3 5 6 9 0 11 0 10 0 12 0 0 0 0 17 0 19 20 0 22 23 0 25 26 27 28 29 0 0 0 0 0 35 0 0 0 39 0 41 42 0 0 0 46 47 0 49 50 11
50 1 969340453430167868
0 0 0 0 0 0 0 0 0 0 0 0 0 0 0 0 0 0 0 0 0 0 0 0 0 0 0 0 0 0 0 0 0 0 0 0 0 0 0 0 0 0 0 0 0 0 0 0 0 1
2 3 4 5 6 7 8 9 10 11 12 13 14 15 16 17 18 19 20 21 22 23 24 25 26 27 28 29 30 31 32 33 34 35 36 37 38 39 40 41 42 43 44 45 46 47 48 49 50 1
3 1 9
3 0 0
2 0 2
1 1 1000000000000000000
0
1
46 1 1000000000000000000
29 1 25 11 39 8 41 16 5 18 17 36 6 20 33 3 46 28 35 38 10 30 13 40 15 21 2 12 45 14 26 27 7 37 24 9 31 23 4 22 43 44 32 19 34 42
0 0 0 0 0 0 0 0 0 0 0 0 0 0 0 0 0 0 0 0 0 0 0 0 0 0 0 0 0 0 0 0 0 0 0 0 0 0 0 0 0 0 0 0 0 0
50 1 952085128524577399
0 0 0 48 0 0 0 6 0 5 0 0 0 0 34 0 0 35 45 0 10 0 0 0 0 44 0 36 37 0 22 0 0 32 4 0 25 46 0 2 0 0 40 0 0 0 0 39 0 0
29 21 41 0 19 28 50 0 7 0 13 16 33 11 0 43 3 0 0 26 0 49 17 1 23 0 47 0 0 14 0 38 9 0 0 20 0 0 42 0 12 24 0 30 31 8 18 0 15 27
50 1 593684427836595620
0 0 2 3 4 5 6 7 8 9 10 11 12 13 14 15 16 17 18 19 20 21 0 0 0 0 0 0 0 0 0 0 0 0 0 0 0 0 0 0 0 0 0 0 0 0 0 0 0 0
50 0 2 3 4 5 6 7 8 9 10 11 12 13 14 15 16 17 18 19 20 1 22 23 24 25 26 27 28 29 30 31 32 33 34 35 36 37 38 39 40 41 42 43 44 45 46 47 48 49
50 1 14369
38 14 35 12 26 45 47 28 27 34 18 24 41 9 23 29 21 5 50 37 46 25 20 13 19 10 39 2 15 16 1 49 33 44 6 11 32 36 48 31 43 40 7 8 22 3 42 17 4 30
0 0 0 0 0 0 0 0 0 0 0 0 0 0 0 0 0 0 0 0 0 0 0 0 0 0 0 0 0 0 33 0 0 0 0 0 0 0 0 0 0 0 0 0 0 0 0 0 0 0
50 1 85685
0 0 0 0 0 0 0 0 0 0 0 0 0 0 0 0 0 0 0 0 0 0 0 0 0 0 0 0 0 0 0 0 0 0 0 0 0 0 0 0 0 0 0 0 40 0 16 0 0 0
9 25 29 37 30 5 48 41 33 17 18 19 15 2 6 16 34 8 21 26 4 12 35 10 44 28 23 39 20 49 36 11 32 42 3 43 45 14 38 27 7 46 47 24 1 31 40 50 22 13
50 1 1000000000000000000
0 0 0 0 0 0 0 0 0 0 0 0 0 0 0 0 0 0 0 0 0 0 0 25 0 0 0 0 0 0 0 0 0 0 0 0 0 0 0 0 0 0 0 0 0 0 0 0 50 0
2 3 4 5 6 7 8 9 10 11 12 13 14 15 16 17 18 19 20 21 22 23 24 1 26 27 28 29 30 31 32 33 34 35 36 37 38 39 40 41 42 43 44 45 46 47 48 49 25 50
50 1 661349662856855821
31 23 0 45 38 10 2 36 50 11 30 50 29 36 0 47 16 0 18 36 18 0 0 0 0 0 4 0 0 43 36 11 0 36 25 0 0 48 47 33 0 0 0 0 0 12 31 36 26 43
17 21 44 18 32 16 6 27 49 2 14 35 47 11 42 7 46 37 10 50 26 48 38 43 4 19 8 31 23 36 22 40 15 39 12 41 25 29 1 5 30 33 45 24 3 34 13 28 9 20
15 1 74510374243150608
0 0 0 0 0 0 0 0 0 11 12 13 14 15 0
2 3 4 5 6 7 8 9 10 1 12 13 14 15 0
29 1 955839053931043888
0 0 2 28 4 5 6 7 8 9 10 11 12 13 14 15 16 17 18 19 20 21 22 23 24 25 26 27 0
29 0 2 0 0 0 0 0 0 0 0 0 3 0 0 0 0 0 0 0 0 0 0 0 0 0 0 0 28
49 1 685681450067577913
48 1 2 3 4 5 6 7 8 9 10 11 12 13 14 15 16 17 18 19 20 21 22 23 24 25 26 27 28 29 30 31 32 33 34 35 36 37 38 39 40 41 42 43 44 45 46 47 0
0 0 0 1 0 0 0 0 0 0 49 0 0 0 0 0 0 0 0 0 0 0 0 0 0 0 0 0 0 0 0 0 0 0 0 0 0 0 0 0 0 0 0 0 0 0 0 0 0
50 1 743141398526507782
0 0 32 42 0 0 0 5 0 0 0 7 0 0 0 0 0 0 0 0 0 0 12 0 0 0 0 0 0 0 0 0 0 0 0 0 0 0 0 0 0 0 3 0 0 12 0 0 0 42
43 16 0 36 7 26 0 0 15 48 18 8 40 10 29 34 38 49 22 21 44 20 13 32 11 14 9 19 24 35 2 47 45 41 27 25 50 28 37 4 23 42 0 30 17 33 31 39 6 46
48 1 927513
20 44 30 3 15 38 1 41 7 19 27 9 46 20 35 31 20 23 31 5 33 4 39 46 24 18 29 8 19 36 47 14 46 4 10 43 29 33 6 40 38 6 35 37 9 30 38 1
22 18 14 12 34 33 21 8 4 3 43 32 32 31 35 48 38 13 16 42 11 3 43 18 37 31 15 14 21 36 46 13 37 44 23 3 19 0 36 3 18 48 22 45 8 34 12 16
25 1 437117223072491008
25 0 0 3 4 23 6 7 8 9 10 11 12 13 14 15 16 17 18 19 20 21 22 0 0
0 0 2 0 4 0 0 0 0 0 0 0 0 5 0 0 0 0 0 0 0 0 0 23 24
47 1 972631698515859861
3 0 4 5 6 7 8 9 10 11 12 13 14 15 16 17 18 19 20 21 22 23 24 25 26 27 28 29 30 31 32 33 34 35 36 37 38 39 40 41 42 43 44 45 46 47 1
0 0 0 0 0 0 0 0 0 0 2 0 0 0 0 0 0 0 0 0 0 0 0 0 0 0 0 0 0 0 0 0 0 0 0 0 0 0 0 0 0 0 0 0 1 0 0
50 1 850542851122209923
34 14 23 49 47 18 20 38 0 16 25 17 37 22 4 30 21 39 11 44 46 13 33 24 36 8 41 0 2 12 48 10 27 0 28 42 7 19 40 43 15 45 32 6 3 31 35 26 50 29
0 0 0 0 0 0 0 0 12 24 0 0 0 0 0 0 0 0 0 0 0 0 5 0 0 0 0 0 0 0 0 0 0 9 0 0 0 0 5 0 0 0 0 0 0 24 28 0 0 0
41 1 47
41 1 27 7 3 39 17 25 37 17 19 15 1 19 28 18 12 0 11 28 6 2 35 12 20 39 34 28 25 22 22 30 40 31 31 21 0 2 6 22 18
20 30 23 6 26 8 27 36 9 37 38 25 37 19 35 13 11 5 36 25 34 0 20 29 28 15 23 27 8 35 36 34 3 16 20 33 0 34 40 25 41
15 1 485256734067821829
3 0 4 0 13 0 0 0 0 0 13 13 14 0 0
2 0 0 5 6 7 8 9 10 11 12 4 14 15 0
48 1 550143095014800235
47 1 2 3 4 5 6 7 8 9 10 11 12 13 14 15 16 17 18 19 20 21 22 23 24 25 26 27 28 29 30 31 32 33 34 35 36 37 38 39 40 41 42 43 44 45 46 0
0 1 0 0 0 0 0 0 0 0 0 0 0 0 0 0 0 0 0 0 0 0 0 0 0 0 0 0 48 0 0 0 0 0 0 0 0 0 0 0 0 0 0 0 0 0 0 0
50 1 908538231052558726
0 3 0 5 6 7 8 9 10 11 12 13 14 15 16 17 18 19 20 21 22 23 24 25 26 27 28 29 30 31 32 33 34 35 36 37 38 39 40 41 42 43 44 45 4 46 48 0 50 0
2 0 4 0 0 0 0 0 0 0 0 46 0 0 0 0 47 0 0 0 0 0 47 0 46 0 0 0 0 0 0 0 0 0 0 0 0 0 0 0 0 0 0 0 0 0 48 49 50 0
47 1 654854233321403759
33 15 10 43 7 19 43 36 34 27 13 12 13 4 28 1 28 11 1 30 24 26 33 30 33 16 47 41 23 3 6 8 34 32 3 42 20 14 46 6 41 11 18 23 31 14 24
12 41 41 10 18 20 43 16 21 27 31 30 2 34 4 26 21 5 29 15 25 12 13 47 21 40 34 44 23 0 36 3 42 30 13 28 18 24 44 7 4 43 5 22 29 10 1
19 1 374448541006176148
3 12 0 0 9 11 18 0 19 4 5 13 6 15 17 8 2 16 14
10 0 0 2 8 0 18 0 7 0 0 0 0 0 0 8 0 16 0
50 1 598941396624755547
49 1 2 3 4 5 6 7 8 9 10 11 12 13 14 15 16 17 18 19 20 21 22 23 24 25 26 27 28 29 30 31 32 33 34 35 36 37 38 39 40 41 42 43 44 45 46 47 48 0
0 0 0 1 0 0 50 0 0 0 0 0 0 0 0 0 0 0 0 0 0 0 0 0 0 0 0 0 0 0 0 0 0 0 0 0 0 0 0 0 0 0 0 0 0 0 0 0 0 0
50 1 935987404787039066
50 0 2 3 3 0 0 0 0 0 0 0 6 0 6 0 0 0 0 0 0 0 0 0 0 0 0 0 0 0 0 0 0 0 5 0 0 0 0 0 0 0 0 0 0 0 5 0 48 0
0 0 0 0 4 6 48 7 8 9 10 11 12 13 14 15 16 17 18 19 20 21 22 23 24 25 26 27 28 29 30 31 32 33 34 35 36 37 38 39 40 41 42 43 44 45 46 47 0 49
45 1 263945
9 36 10 45 21 30 41 44 16 30 23 45 20 26 37 18 43 30 39 31 34 9 15 16 23 19 43 31 27 35 33 43 16 27 45 19 15 6 22 12 6 44 3 3 24
34 27 13 43 25 12 13 28 43 21 39 40 9 39 25 20 7 39 39 7 41 44 44 41 25 11 4 16 41 17 12 7 43 43 32 44 16 39 36 44 13 41 10 30 34
36 1 729156187511468376
32 31 30 12 11 36 26 20 28 25 19 14 0 22 23 2 3 21 10 18 15 33 27 4 7 6 17 8 9 5 0 34 35 0 29 24
0 13 0 0 0 0 0 0 0 0 0 0 0 0 0 2 0 0 0 0 0 0 0 0 0 0 0 0 16 0 13 0 0 26 0 0
50 1 908028293652118355
0 0 2 3 4 5 6 7 8 0 0 11 12 13 14 0 0 0 18 19 20 0 0 23 24 25 26 0 28 0 0 0 0 0 0 0 36 37 38 0 40 0 0 43 44 45 46 47 48 0
49 1 1 0 0 0 0 0 0 9 10 0 0 0 0 15 16 17 0 0 0 21 22 0 0 0 50 27 0 29 30 31 32 33 34 35 0 0 0 39 0 41 42 0 0 0 0 0 0 0
50 1 875203622107655975
22 27 0 31 0 36 0 0 8 0 11 20 0 0 43 11 30 11 10 35 0 47 12 0 28 42 19 0 39 47 0 0 15 0 44 0 26 3 37 7 40 45 48 5 24 0 0 0 16 2
13 0 34 0 50 0 23 38 0 17 0 0 0 6 0 25 0 29 0 33 18 0 0 32 0 0 0 46 0 0 14 41 43 49 0 21 0 0 0 0 0 0 48 0 33 4 9 0 0 0
5 1 381881
0 3 1 2 2
4 0 3 2 3
17 1 227476547029191710
0 0 0 2 4 15 6 7 8 9 10 11 12 13 14 0 0
17 0 0 3 3 0 0 0 2 3 0 0 5 0 0 15 16
49 1 505079674184707513
3 0 4 5 6 7 8 9 10 11 12 13 14 15 16 17 18 19 20 21 22 23 24 25 26 27 28 29 30 31 32 33 34 35 36 37 38 39 40 41 42 43 44 45 46 47 48 49 1
0 0 0 0 0 0 0 0 0 0 0 0 0 0 0 0 0 0 0 0 0 0 0 0 0 0 0 0 0 0 0 0 0 0 2 0 0 0 0 0 0 0 0 0 0 0 0 1 0
50 1 831332103469696908
40 32 0 0 0 25 0 0 0 0 0 10 0 0 0 0 0 0 0 0 0 0 49 0 28 49 0 0 0 0 0 0 0 0 0 0 0 0 0 0 0 0 0 32 0 0 0 0 6 0
0 9 20 37 30 25 31 42 13 24 50 0 22 41 10 14 46 36 27 18 34 35 7 16 28 29 47 0 11 21 5 32 2 44 19 17 23 48 26 12 45 3 38 39 43 33 15 4 6 8
44 1 52301479615574384
31 30 23 8 11 6 34 38 18 23 32 29 13 25 25 12 40 28 8 32 43 40 27 37 30 42 16 41 21 44 23 31 27 18 27 26 41 13 7 35 18 15 13 2
38 39 4 1 42 41 43 23 24 35 31 42 11 27 23 19 42 40 5 35 30 1 2 0 35 26 15 7 21 44 36 10 5 16 3 20 19 16 0 35 33 5 27 38
49 1 347848237108793512
2 0 4 5 6 7 8 9 10 11 12 13 14 15 16 17 18 19 20 21 22 23 24 25 26 27 28 29 30 31 32 33 34 35 36 37 38 39 40 41 42 43 44 45 46 47 3 49 0
0 3 0 0 0 48 0 0 0 0 0 0 0 0 0 0 0 0 0 0 0 0 0 0 0 0 0 0 0 0 0 0 0 0 0 0 48 0 0 0 0 0 0 0 0 0 0 49 0
49 1 548268709468110822
3 0 0 0 6 7 8 0 10 0 0 0 14 0 0 0 0 0 0 0 0 0 24 0 26 0 0 0 0 0 32 33 34 35 36 0 0 0 40 0 0 43 0 0 46 0 0 49 1
0 0 4 5 0 0 2 9 0 11 12 13 0 15 16 17 18 19 20 21 22 23 0 25 0 27 28 29 30 31 0 0 0 0 0 37 38 39 0 41 42 0 44 45 0 47 48 0 1
50 1 761731162354063847
2 3 0 5 6 7 8 9 10 11 12 13 14 15 16 17 18 19 20 21 22 23 24 25 26 27 28 29 30 31 32 33 34 35 36 37 38 39 40 41 42 43 44 45 4 46 49 49 50 0
0 0 4 0 47 0 0 0 0 0 0 0 0 0 0 0 0 0 0 0 0 0 0 0 0 0 0 0 0 0 46 0 0 0 0 0 0 0 47 0 0 46 0 0 0 0 48 0 0 0
14 1 16284
8 9 12 0 7 6 9 5 14 8 12 13 7 10
2 8 0 11 14 1 3 9 10 9 11 0 3 2
39 1 144418725245123475
19 17 9 0 23 0 37 0 22 0 26 2 24 0 3 0 0 25 34 8 0 0 3 36 0 0 0 0 0 18 11 35 12 0 0 5 16 28 10
0 0 9 7 15 2 0 38 22 33 0 0 0 29 3 21 14 0 0 0 27 0 32 0 31 39 13 4 20 0 15 0 0 6 30 0 0 0 0
48 1 940942679624534832
0 0 0 5 0 0 0 0 0 0 12 13 14 0 0 17 0 19 20 21 0 23 24 25 26 27 28 29 0 31 32 0 0 35 0 0 38 0 40 0 0 0 44 45 46 47 48 1
3 0 4 2 6 7 8 9 10 11 0 0 0 15 16 0 18 0 0 0 22 0 0 0 0 0 0 0 30 0 0 33 34 0 36 37 0 39 0 41 42 43 0 0 0 1 0 0
50 1 988506678113284662
3 0 0 5 6 7 8 9 10 11 12 13 14 15 16 17 18 19 20 21 22 23 24 25 26 27 28 29 30 31 32 33 34 35 36 37 38 39 40 41 42 43 44 45 4 46 48 49 50 0
2 0 4 0 0 0 47 0 0 46 0 0 0 0 0 0 0 0 0 0 0 0 0 0 0 0 0 0 0 0 0 0 0 0 0 0 0 0 0 0 0 0 46 0 47 0 48 49 0 0
3 1 669582
1 3 0
1 0 3
36 1 852424749450882907
15 5 36 9 21 27 26 3 11 33 29 14 17 13 0 0 7 35 4 32 31 0 6 12 19 8 2 20 24 28 30 34 0 25 23 18
22 0 0 0 0 0 0 0 0 0 0 0 0 0 11 10 0 0 0 0 0 0 0 0 0 16 0 0 10 0 0 0 0 0 0 0
49 1 582183780935492886
0 0 0 5 0 7 8 9 0 0 0 0 0 0 0 0 18 19 0 21 22 23 24 0 0 0 28 29 0 0 32 33 0 35 0 0 0 39 40 0 42 43 44 0 0 47 0 49 1
3 0 4 0 6 0 0 0 10 11 12 13 14 15 16 17 0 0 20 0 0 0 0 25 26 27 0 2 30 31 0 0 34 0 36 37 38 0 0 41 0 0 0 45 46 0 48 0 1
50 1 996785955693323084
2 3 0 5 6 7 8 9 10 11 12 13 14 15 16 17 18 19 20 21 22 23 24 25 26 27 28 29 30 31 32 33 34 35 36 37 38 39 40 41 42 43 44 45 4 46 48 49 50 0
0 0 4 0 0 0 0 0 0 0 0 0 0 0 0 0 0 0 0 0 0 0 0 0 46 0 0 0 46 0 47 47 0 0 0 0 0 0 0 0 0 0 0 0 0 0 48 49 50 0
9 1 734016246277098558
5 7 7 8 4 0 6 8 1
9 3 3 1 6 6 7 3 5
35 1 183010456837986354
4 0 27 0 0 0 24 25 0 18 26 31 35 20 0 30 21 22 6 10 0 0 33 19 13 9 17 7 0 3 0 34 0 15 0
11 14 0 0 8 26 0 0 12 0 0 0 0 0 0 0 0 0 0 0 23 28 0 0 0 0 0 0 0 32 5 34 2 29 16
47 1 974077550529389917
3 0 4 5 6 0 0 0 0 11 12 13 14 15 16 0 0 0 20 0 0 0 24 25 26 27 28 29 0 31 32 33 34 35 36 0 38 39 0 41 0 43 0 45 46 47 0
0 0 0 2 0 7 8 9 10 0 0 0 0 0 0 17 18 19 0 21 22 23 0 0 0 0 0 0 30 0 0 0 0 0 0 37 0 0 40 0 42 0 44 0 1 0 1
50 1 764364821822745101
3 0 4 5 6 7 0 47 0 0 0 0 14 0 0 47 18 19 20 21 0 0 0 0 26 0 28 29 30 31 0 33 34 35 0 0 0 39 40 0 42 43 0 45 4 0 48 49 50 0
2 0 0 0 0 0 8 9 10 11 12 13 0 15 16 17 0 46 0 0 22 23 24 25 0 27 0 0 0 0 32 0 0 46 36 37 38 0 0 41 0 0 44 0 0 46 48 49 0 0
11 1 933834
8 7 10 9 6 6 6 10 2 3 3
6 11 1 4 8 5 9 11 10 3 0
50 1 745798895428840484
4 3 0 0 6 7 8 9 10 11 12 13 14 15 16 17 18 19 20 21 22 23 24 25 26 27 28 29 30 31 32 33 34 35 36 37 38 39 40 41 42 43 44 45 46 5 48 49 50 0
2 0 0 5 0 0 0 0 0 0 0 0 0 0 0 0 0 0 0 0 0 0 0 0 0 47 0 0 0 0 0 0 0 0 0 0 0 0 0 0 0 0 47 0 0 0 48 49 50 0
47 1 633671026693463277
12 35 23 27 18 36 45 20 40 39 10 47 26 38 31 46 15 42 21 5 37 3 43 0 30 41 44 22 9 28 2 13 32 11 8 33 29 34 7 25 17 14 1 16 4 19 6
0 0 0 0 0 0 0 0 0 0 0 0 0 24 0 0 0 0 0 0 0 0 0 0 0 0 0 0 0 0 0 0 0 0 0 0 0 0 0 0 0 0 1 0 0 0 0
50 1 968455709669126217
0 0 0 3 4 0 6 0 0 0 0 0 0 0 0 0 0 0 0 0 0 0 0 0 6 0 0 0 0 0 0 0 0 0 0 0 0 0 0 0 5 0 0 0 5 0 0 0 48 0
50 0 2 0 4 6 48 7 8 9 10 11 12 13 14 15 16 17 18 19 20 21 22 23 24 25 26 27 28 29 30 31 32 33 34 35 36 37 38 39 40 41 42 43 44 45 46 47 0 49
42 1 22923
32 0 2 5 5 23 7 30 30 29 13 19 36 15 23 14 20 6 34 33 11 32 28 12 29 30 14 39 8 39 17 12 40 23 42 11 29 14 19 12 30 42
19 23 39 10 24 32 31 4 41 0 39 42 34 27 24 19 23 40 1 38 14 23 31 21 36 10 21 21 16 8 39 23 1 9 15 14 27 32 0 36 3 13
10 1 38917722594934967
2 0 0 9 6 0 4 9 10 0
3 0 4 5 0 7 8 9 10 0
47 1 936394794335371240
3 0 4 5 6 7 8 9 10 11 12 13 14 15 16 17 18 19 20 21 22 23 24 25 26 27 28 29 30 31 32 33 34 35 36 37 38 39 40 41 42 43 44 45 46 47 1
0 0 0 0 0 0 0 0 0 0 2 0 0 0 0 0 0 0 0 0 0 0 0 0 0 0 0 0 0 0 0 0 0 0 0 0 0 0 0 0 0 0 0 0 0 1 0
50 1 573942311638854763
6 38 49 14 50 0 30 25 35 0 16 12 2 15 9 45 37 47 3 4 48 18 0 39 11 31 0 24 20 13 41 7 29 23 40 17 5 44 43 22 36 34 46 21 26 8 19 28 32 33
27 0 42 0 0 43 0 0 0 0 0 0 0 0 0 0 0 0 0 0 0 0 10 0 0 0 0 0 0 0 0 0 0 23 0 0 0 0 0 12 12 34 0 0 0 0 0 0 0 42
17 1 444793
16 3 15 10 9 1 6 2 1 10 17 7 2 13 9 0 17
6 4 16 6 14 1 14 12 1 16 1 15 7 13 7 3 12
16 1 544200673960741888
0 0 0 0 0 16 0 16 8 0 9 0 0 0 8 0
11 13 5 10 14 4 12 16 15 3 0 2 9 7 6 0
47 1 691073866400285507
2 0 0 0 0 0 8 40 11 0 0 0 0 24 20 36 3 9 0 29 6 33 34 7 43 35 18 22 32 41 25 0 17 0 0 4 10 45 16 21 0 0 1 0 0 31 0
0 27 38 13 28 44 0 0 0 14 47 37 26 42 0 0 0 0 15 0 0 0 0 0 0 0 0 0 0 0 0 46 0 19 12 0 0 0 0 0 39 0 1 23 30 0 5
50 1 694762992824756346
0 0 2 3 2 6 48 7 8 9 10 11 12 13 14 15 16 17 18 19 20 21 22 23 24 25 26 27 28 29 30 31 32 33 34 35 36 37 38 39 40 41 42 43 44 45 46 47 0 49
50 0 0 3 4 0 0 0 0 0 0 5 0 0 0 0 0 0 5 0 0 0 0 0 0 0 0 0 0 0 0 0 0 0 0 0 0 0 0 6 0 0 0 0 6 0 0 0 48 0
50 1 224207
10 26 30 22 35 49 22 14 21 13 33 30 37 22 11 38 25 43 21 35 2 17 26 30 0 38 46 7 41 46 44 28 17 7 26 48 3 11 33 18 2 12 20 1 23 45 44 17 42 30
24 2 49 46 27 29 48 48 45 36 16 27 18 44 10 42 46 23 16 9 29 20 38 29 42 42 46 19 46 7 50 35 27 46 24 6 36 38 33 19 44 24 43 2 24 40 28 12 46 22
44 1 41979803839197976
0 0 2 3 4 0 6 7 8 3 0 0 0 13 0 15 16 0 18 19 20 21 0 0 0 25 26 27 28 0 0 31 32 0 34 0 36 37 38 39 40 0 0 43
44 0 2 3 4 41 0 0 0 9 10 11 12 0 14 4 0 17 0 0 0 0 22 23 24 0 0 0 0 29 30 0 0 33 0 35 0 0 0 5 0 41 42 0
50 1 721965715515230831
3 0 0 0 6 7 0 0 0 0 12 13 14 0 16 0 0 19 20 0 0 0 24 25 0 0 28 29 30 0 0 0 34 35 0 0 0 39 0 0 42 43 44 0 46 47 48 49 1 0
0 0 4 5 0 0 8 9 10 11 0 0 0 15 0 17 18 0 0 21 22 23 0 0 26 27 0 0 0 31 32 33 0 0 36 37 38 0 40 41 0 0 0 45 0 0 0 0 50 1
50 1 964738772011794172
0 0 0 5 6 7 8 9 10 11 12 13 14 15 16 17 18 19 20 21 22 23 24 25 26 27 28 29 30 31 32 33 34 35 36 37 38 39 40 41 42 43 44 45 4 46 48 49 50 0
2 3 4 0 0 0 0 0 0 0 0 0 0 0 47 0 0 47 0 0 0 0 0 0 0 0 0 0 0 46 0 0 0 0 0 0 0 0 0 0 0 0 0 0 46 0 48 49 50 0
3 1 481197931282532449
0 3 0
1 0 2
33 1 491705753589679412
33 0 0 3 4 31 6 7 8 9 10 11 12 13 14 15 16 17 18 19 20 21 22 23 24 25 26 27 28 29 30 0 32
0 0 2 3 4 5 0 0 0 0 0 3 0 0 0 0 0 0 0 0 0 0 0 0 0 0 0 0 0 0 0 31 0
50 1 511702575462090215
0 0 1 3 0 5 6 0 0 0 10 11 12 0 14 0 16 0 0 19 20 21 22 0 0 0 0 0 0 29 0 0 0 33 0 35 0 0 38 39 40 0 0 0 44 45 0 47 48 0
49 1 2 0 4 0 0 7 8 9 50 0 0 13 0 15 0 17 18 0 0 0 0 23 24 25 26 27 28 0 30 31 32 0 34 0 36 37 0 0 0 41 42 43 0 0 46 0 0 0
50 1 737819035192171590
0 0 0 3 4 6 48 7 0 0 0 11 0 13 14 0 0 0 18 19 0 0 22 0 24 0 26 0 28 5 0 31 32 33 34 0 36 37 38 39 6 41 0 0 0 45 0 47 48 0
50 0 2 2 4 0 0 0 8 9 10 0 12 0 0 15 16 17 0 0 20 21 0 23 0 25 0 27 0 29 30 5 0 0 6 35 0 0 0 0 40 0 42 43 44 0 46 0 0 49
8 1 4594916248
6 0 0 2 5 8 4 1
6 4 8 2 2 6 4 6
10 1 666359213844550226
10 7 0 0 0 5 0 3 8 0
4 3 0 7 0 5 9 6 2 0
48 1 979803058239552022
47 1 2 3 4 5 6 7 8 9 10 11 12 13 14 15 16 17 18 19 20 21 22 23 24 25 26 27 28 29 30 31 32 33 34 35 36 37 38 39 40 41 42 43 44 45 46 0
0 0 0 1 0 0 0 0 0 0 0 0 0 0 0 0 0 0 0 0 0 0 48 0 0 0 0 0 0 0 0 0 0 0 0 0 0 0 0 0 0 0 0 0 0 0 0 0
50 1 889401160334102464
49 0 0 0 4 6 48 7 8 9 10 11 12 13 14 15 16 17 18 19 20 21 22 23 24 25 26 27 28 29 30 31 32 33 34 35 36 37 38 39 40 41 42 43 44 45 46 47 0 0
50 0 0 3 2 0 0 0 0 0 0 0 0 5 0 0 0 0 0 0 0 0 0 0 0 0 0 0 6 0 0 0 6 0 0 0 0 0 0 0 5 0 0 0 0 0 0 0 48 0
43 1 145513035839314035
11 6 17 2 27 5 25 27 21 6 21 27 6 37 14 14 25 41 29 30 8 21 12 15 31 26 19 2 6 5 40 27 39 9 36 16 30 33 8 10 18 8 41
29 3 6 24 37 21 41 0 33 8 40 21 0 7 39 3 29 8 19 39 19 23 22 32 19 10 43 28 9 35 0 7 27 19 2 25 36 18 39 40 10 39 20
11 1 493157982795764736
2 0 0 0 9 10 8 4 10 0 0
0 3 4 5 6 7 11 0 11 11 0
50 1 731722068497755223
0 0 0 0 0 0 0 0 0 0 0 0 0 0 0 0 0 0 0 0 0 0 0 0 0 38 0 0 0 0 0 0 0 0 0 1 0 0 0 0 0 0 0 0 0 0 0 0 0 0
8 4 20 18 31 11 5 50 49 34 9 32 23 37 43 17 41 21 24 48 27 3 2 36 29 15 6 42 46 7 39 45 13 30 33 1 25 0 16 14 26 12 35 47 44 28 10 40 19 22
50 1 789696567043338397
50 23 17 22 14 5 19 26 34 16 13 43 29 28 27 30 45 2 32 9 11 15 47 38 21 48 20 44 31 0 4 3 35 6 8 33 0 42 10 49 41 46 18 40 36 7 25 12 24 37
0 0 0 41 0 0 0 0 0 30 0 0 0 39 0 0 0 0 39 0 0 0 0 0 0 0 0 0 0 0 0 0 0 0 0 0 38 0 10 0 0 0 0 0 0 0 0 41 0 0
47 1 236775
7 22 5 9 8 46 4 23 35 8 9 43 42 22 19 24 17 36 30 16 36 37 5 27 0 23 7 20 4 20 40 13 3 10 29 9 13 35 16 4 22 38 11 35 35 13 19
17 0 24 20 2 16 26 23 7 15 38 31 16 47 17 17 11 9 30 28 41 1 14 46 16 14 38 40 46 40 26 5 33 10 43 31 10 19 11 40 23 17 17 1 14 22 44
12 1 92922923982898543
0 0 2 0 4 5 6 7 8 9 10 11
12 0 2 11 0 0 0 0 3 0 3 0
48 1 527414868642366856
47 1 2 3 4 5 6 7 8 9 10 11 12 13 14 15 16 17 18 19 20 21 22 23 24 25 26 27 28 29 30 31 32 33 34 35 36 37 38 39 40 41 42 43 44 45 46 0
0 1 0 0 0 0 0 0 0 0 0 0 0 0 0 0 0 0 0 0 0 0 0 0 0 0 0 0 0 0 0 0 0 0 0 0 0 0 0 0 0 0 48 0 0 0 0 0
50 1 974360709782271331
21 0 0 0 0 0 25 0 36 26 4 0 0 39 31 0 50 6 47 0 0 23 27 0 0 8 15 18 0 22 0 0 0 0 3 34 0 0 33 35 0 0 0 0 0 0 0 10 13 2
0 16 11 43 38 41 44 14 0 0 0 7 20 0 0 29 0 0 0 0 40 0 0 17 32 0 0 33 19 0 12 45 33 42 0 44 30 24 28 0 5 46 48 49 9 35 37 0 0 0
43 1 1057159404334
30 42 20 40 1 1 14 0 33 25 1 22 13 2 34 0 21 31 35 27 32 36 17 7 30 1 0 30 43 41 15 30 32 11 34 9 36 11 20 1 38 28 41
3 35 13 4 10 33 37 35 1 7 25 40 42 21 37 37 12 11 42 14 39 2 0 4 23 41 17 1 1 21 21 24 20 35 41 6 0 3 7 22 4 1 0
23 1 278406852184582521
22 0 0 12 0 0 0 0 0 0 12 13 0 0 0 0 0 0 0 0 12 11 0
0 17 6 11 3 2 4 14 5 20 23 16 0 7 10 0 19 15 18 8 9 0 21
49 1 787336048650612494
48 1 2 3 4 5 6 7 8 9 10 11 12 13 14 15 16 17 18 19 20 21 22 23 24 25 26 27 28 29 30 31 32 33 34 35 36 37 38 39 40 41 42 43 44 45 46 47 0
0 0 1 0 0 0 0 0 0 0 0 0 0 0 0 0 0 0 0 0 0 0 0 0 0 0 0 0 0 0 0 0 0 49 0 0 0 0 0 0 0 0 0 0 0 0 0 0 0
50 1 925230873149155025
50 0 2 3 4 0 0 0 8 9 10 11 0 0 0 0 0 0 18 0 20 21 6 0 24 25 0 0 28 29 0 31 0 33 34 0 36 37 38 0 0 0 0 0 6 0 46 0 0 49
0 0 0 3 4 6 48 7 0 0 0 0 12 13 14 15 16 17 0 19 0 0 22 23 5 0 26 27 0 0 30 0 32 0 0 35 0 0 0 39 40 41 42 43 44 45 5 47 48 0
22 1 964221976496814504
13 6 14 8 6 22 19 5 7 10 18 10 22 10 14 2 1 19 6 2 14 9
19 4 2 3 8 21 19 8 1 9 8 9 11 14 8 8 19 15 12 8 20 12
18 1 605223655288282602
0 11 0 17 0 0 0 2 0 4 0 0 10 0 0 5 5 0
8 0 7 17 0 11 16 0 15 4 18 9 14 3 13 6 5 12
47 1 859165551169008870
0 0 0 0 0 0 0 0 0 0 0 0 0 0 0 0 0 0 0 0 0 0 0 0 0 0 0 0 0 0 0 0 0 0 0 0 1 0 0 0 0 0 0 0 0 0 0
19 35 2 18 0 47 44 6 40 13 46 33 24 32 20 38 25 29 10 28 43 34 3 45 30 23 9 27 15 37 14 22 7 39 17 21 1 26 42 8 31 36 12 11 4 16 41
50 1 998337360130092567
50 0 2 3 4 0 0 7 0 0 10 0 0 13 0 0 16 17 0 0 0 0 22 0 0 0 5 0 0 29 30 31 0 33 0 35 0 37 38 0 0 6 42 0 0 45 0 47 0 49
0 0 2 3 4 6 48 0 8 9 0 11 12 6 14 15 0 0 18 19 20 21 0 23 24 25 26 27 28 0 0 0 32 0 34 0 36 5 0 39 40 41 0 43 44 0 46 0 48 0
12 1 4878978482636
8 3 12 5 8 5 6 4 6 6 10 2
3 5 6 4 12 12 3 3 8 8 1 6
10 1 436493695690520054
0 0 0 3 4 5 3 7 8 0
10 0 2 3 2 7 6 0 0 9
50 1 732204452051348479
13 0 21 34 0 33 0 0 0 0 0 44 46 16 0 2 0 23 0 0 0 1 0 28 0 0 0 27 0 12 4 26 43 0 0 19 0 48 0 0 0 0 37 38 0 0 49 29 25 0
0 20 0 0 7 0 3 18 45 15 14 0 0 0 47 0 6 0 9 40 10 1 50 0 39 31 42 35 41 0 0 0 0 24 0 0 11 0 8 32 5 30 0 0 22 17 0 0 0 36
50 1 957594765498693695
50 0 2 3 0 6 48 7 8 9 10 11 12 13 14 15 16 17 18 19 20 21 22 23 24 25 26 27 28 29 30 31 32 33 34 35 36 37 38 39 40 41 42 43 44 45 46 47 0 49
0 0 2 3 4 0 0 0 0 0 0 0 0 0 0 0 6 0 0 0 0 0 0 0 0 0 0 0 0 0 0 0 0 0 0 0 0 0 0 0 5 0 0 5 0 6 0 0 48 0
3 1 580926524192922932
1 3 2
0 0 3
