100
4
1 0 0
-1 0 0
10 10 1000
10 -10 1000
3
1 1 0
2 2 0
3 3 0
5
10 10 1000
-10 10 1000
10 -10 1000
-10 -10 1000
20 20 2000
1
0 0 0
1
-11 0 99
1
-11 0 100
2
0 0 251
7 0 0
2
0 0 250
7 0 0
1
0 0 100000000
2
0 0 100000000
1 0 100000000
1
1000 1000 100000000
5
0 6 600
0 14 1400
0 22 2200
0 -6 600
0 -14 1400
1
-1000 1000 100000000
1
1000 -1000 100000000
1
-1000 -1000 100000000
3
5 0 0
-1 0 99
-3 0 299
3
5 0 0
-1 0 99
-3 0 300
3
0 0 201
8 0 0
16 0 600
3
0 0 200
8 0 0
16 0 600
100
0 0 0
1 1 1000
2 2 2000
3 3 3000
4 4 4000
5 5 5000
6 6 6000
7 7 7000
8 8 8000
9 9 9000
10 10 10000
11 11 11000
12 12 12000
13 13 13000
14 14 14000
15 15 15000
16 16 16000
17 17 17000
18 18 18000
19 19 19000
20 20 20000
21 21 21000
22 22 22000
23 23 23000
24 24 24000
25 25 25000
26 26 26000
27 27 27000
28 28 28000
29 29 29000
30 30 30000
31 31 31000
32 32 32000
33 33 33000
34 34 34000
35 35 35000
36 36 36000
37 37 37000
38 38 38000
39 39 39000
40 40 40000
41 41 41000
42 42 42000
43 43 43000
44 44 44000
45 45 45000
46 46 46000
47 47 47000
48 48 48000
49 49 49000
50 50 50000
51 51 51000
52 52 52000
53 53 53000
54 54 54000
55 55 55000
56 56 56000
57 57 57000
58 58 58000
59 59 59000
60 60 60000
61 61 61000
62 62 62000
63 63 63000
64 64 64000
65 65 65000
66 66 66000
67 67 67000
68 68 68000
69 69 69000
70 70 70000
71 71 71000
72 72 72000
73 73 73000
74 74 74000
75 75 75000
76 76 76000
77 77 77000
78 78 78000
79 79 79000
80 80 80000
81 81 81000
82 82 82000
83 83 83000
84 84 84000
85 85 85000
86 86 86000
87 87 87000
88 88 88000
89 89 89000
90 90 90000
91 91 91000
92 92 92000
93 93 93000
94 94 94000
95 95 95000
96 96 96000
97 97 97000
98 98 98000
99 99 99000
100
-1 -1 0
0 0 1000
1 1 2000
-1 -1 3000
0 0 4000
1 1 5000
-1 -1 6000
0 0 7000
1 1 8000
-1 -1 9000
0 0 10000
1 1 11000
-1 -1 12000
0 0 13000
1 1 14000
-1 -1 15000
0 0 16000
1 1 17000
-1 -1 18000
0 0 19000
1 1 20000
-1 -1 21000
0 0 22000
1 1 23000
-1 -1 24000
0 0 25000
1 1 26000
-1 -1 27000
0 0 28000
1 1 29000
-1 -1 30000
0 0 31000
1 1 32000
-1 -1 33000
0 0 34000
1 1 35000
-1 -1 36000
0 0 37000
1 1 38000
-1 -1 39000
0 0 40000
1 1 41000
-1 -1 42000
0 0 43000
1 1 44000
-1 -1 45000
0 0 46000
1 1 47000
-1 -1 48000
0 0 49000
1 1 50000
-1 -1 51000
0 0 52000
1 1 53000
-1 -1 54000
0 0 55000
1 1 56000
-1 -1 57000
0 0 58000
1 1 59000
-1 -1 60000
0 0 61000
1 1 62000
-1 -1 63000
0 0 64000
1 1 65000
-1 -1 66000
0 0 67000
1 1 68000
-1 -1 69000
0 0 70000
1 1 71000
-1 -1 72000
0 0 73000
1 1 74000
-1 -1 75000
0 0 76000
1 1 77000
-1 -1 78000
0 0 79000
1 1 80000
-1 -1 81000
0 0 82000
1 1 83000
-1 -1 84000
0 0 85000
1 1 86000
-1 -1 87000
0 0 88000
1 1 89000
-1 -1 90000
0 0 91000
1 1 92000
-1 -1 93000
0 0 94000
1 1 95000
-1 -1 96000
0 0 97000
1 1 98000
-1 -1 99000
99
-20 -20 1000
20 20 1000
-40 -40 3000
40 40 3000
-60 -60 5000
60 60 5000
-80 -80 7000
80 80 7000
-100 -100 9000
100 100 9000
-120 -120 11000
120 120 11000
-140 -140 13000
140 140 13000
-160 -160 15000
160 160 15000
-180 -180 17000
180 180 17000
-200 -200 19000
200 200 19000
-220 -220 21000
220 220 21000
-240 -240 23000
240 240 23000
-260 -260 25000
260 260 25000
-280 -280 27000
280 280 27000
-300 -300 29000
300 300 29000
-320 -320 31000
320 320 31000
-340 -340 33000
340 340 33000
-360 -360 35000
360 360 35000
-380 -380 37000
380 380 37000
-400 -400 39000
400 400 39000
-420 -420 41000
420 420 41000
-440 -440 43000
440 440 43000
-460 -460 45000
460 460 45000
-480 -480 47000
480 480 47000
-500 -500 49000
500 500 49000
-520 -520 51000
520 520 51000
-540 -540 53000
540 540 53000
-560 -560 55000
560 560 55000
-580 -580 57000
580 580 57000
-600 -600 59000
600 600 59000
-620 -620 61000
620 620 61000
-640 -640 63000
640 640 63000
-660 -660 65000
660 660 65000
-680 -680 67000
680 680 67000
-700 -700 69000
700 700 69000
-720 -720 71000
720 720 71000
-740 -740 73000
740 740 73000
-760 -760 75000
760 760 75000
-780 -780 77000
780 780 77000
-800 -800 79000
800 800 79000
-820 -820 81000
820 820 81000
-840 -840 83000
840 840 83000
-860 -860 85000
860 860 85000
-880 -880 87000
880 880 87000
-900 -900 89000
900 900 89000
-920 -920 91000
920 920 91000
-940 -940 93000
940 940 93000
-960 -960 95000
960 960 95000
-980 -980 97000
980 980 97000
-1000 -1000 99000
100
-2 -3 1037
10 -3 1329
8 -10 1283
7 -12 2243
3 -10 2037
7 -17 2620
2 -26 4002
13 -19 3399
9 -12 3641
10 -35 4323
13 -6 4759
18 -42 4339
24 -43 4603
20 -38 4857
18 -51 5849
23 -35 4757
33 -32 6199
23 -47 6364
39 -30 7766
22 -56 6828
32 -47 8117
32 -64 7973
41 -47 8337
37 -66 8942
28 -58 9420
48 -47 8139
38 -51 9204
57 -49 9685
63 -58 10905
50 -43 10510
51 -53 10594
46 -40 10962
48 -50 11805
59 -56 10396
57 -43 13358
55 -46 11958
48 -48 11996
62 -41 11839
61 -32 13266
66 -32 12427
63 -33 14071
55 -36 13701
58 -39 14606
49 -41 14255
55 -48 15965
49 -36 14755
52 -35 15232
56 -55 16338
62 -42 15628
57 -37 16080
64 -38 16540
54 -46 16115
73 -39 17461
44 -40 18069
65 -38 18695
63 -35 18631
55 -38 18450
59 -40 20026
50 -33 18479
58 -36 18700
55 -25 19271
58 -34 19359
54 -35 19799
62 -24 20667
62 -25 21404
56 -22 20299
54 -15 21791
71 -20 23279
76 -22 24080
57 -20 22423
65 -15 23683
49 -27 23892
63 -17 24443
39 -26 24638
62 -16 24743
70 -17 26011
68 -18 27163
56 -24 26141
46 -19 27181
56 -19 26241
52 -24 27959
47 -26 27376
59 -22 28417
41 -20 27201
55 -21 29204
42 -30 27770
32 -39 29429
36 -32 28449
24 -39 30509
31 -40 28888
34 -34 28752
32 -39 31722
40 -43 33101
29 -31 28439
31 -41 33330
23 -41 30363
23 -46 34942
24 -47 30834
23 -48 31643
22 -45 30086
99
-10 -7 1480
5 9 1493
-1 8 1550
-18 -3 1498
-6 -1 1496
2 10 1135
-6 3 1635
0 2 1238
-14 -4 2879
-1 11 2089
1 21 2815
-10 -14 4752
-4 14 4090
-2 12 4445
-8 18 4825
-10 18 5031
-4 26 6289
-8 25 5406
-13 21 6631
2 27 5739
-8 28 7695
-23 18 8237
-1 20 8612
-4 27 8225
-5 20 8967
6 11 10375
-9 17 9668
0 20 10157
-10 13 10642
1 14 10398
-2 18 11382
-14 10 10208
0 22 11545
6 11 12683
9 5 14003
3 20 14446
-1 12 15543
2 14 15815
10 23 17416
-3 13 15951
-8 22 16409
2 14 17538
-6 25 16319
6 23 19188
8 22 18552
-7 28 15948
9 12 18852
10 22 19574
14 32 19811
12 11 19718
6 19 19663
7 26 19814
13 18 20900
-2 27 19823
13 20 21724
23 18 21606
28 17 21153
25 18 22490
29 19 20443
25 21 21328
22 20 21055
22 17 20584
27 24 21447
13 9 21070
14 11 20733
5 18 22214
6 13 21993
2 20 23351
-4 16 23715
12 12 23226
21 13 23662
-14 8 24405
26 23 23798
-10 0 25782
28 29 24651
-16 10 26343
22 26 25761
-17 14 26273
12 26 26166
-9 11 27804
21 20 26827
0 18 28074
9 15 28697
0 17 27596
-3 14 28591
2 11 28564
5 7 28992
-8 24 30224
7 14 29094
15 9 30105
23 18 30514
16 14 30823
27 10 30578
15 9 31335
31 10 31852
5 6 32587
6 12 33459
7 0 32245
-2 -7 33897
98
-10 -7 355
6 -7 309
12 -13 1577
-11 -6 214
-19 0 1674
9 -9 1487
-21 0 1282
16 -2 2062
21 -12 3041
-13 1 2641
-18 -1 2143
17 -15 2960
18 -5 2999
26 -7 4805
9 -2 4530
23 2 2770
7 -12 5248
20 8 4362
24 13 5303
29 3 4457
22 22 6702
14 16 6084
16 25 6928
18 22 7588
22 32 8977
19 17 8466
22 27 10032
15 23 9943
30 29 11297
19 20 9426
37 22 11195
19 26 10714
46 21 12794
19 35 11918
10 26 11824
52 17 13055
3 22 12332
50 18 13186
42 14 13005
2 32 13760
2 23 13847
5 22 15590
11 30 14720
7 30 17255
3 25 15207
10 37 17033
9 44 16760
13 28 17143
8 38 18192
8 29 17792
12 35 18739
2 34 18451
0 34 17798
18 34 20009
-10 25 18153
0 44 18159
-1 29 18373
-12 28 17892
-1 38 19126
-16 34 18790
-11 37 20017
-21 38 19611
-4 36 20515
-21 40 20767
-21 48 21474
4 36 22064
9 42 22558
5 44 23247
-1 44 24797
7 37 23901
9 47 26070
14 31 23777
18 21 24282
7 37 28036
9 23 24528
-1 31 29816
10 32 25752
4 15 26133
18 38 27028
8 24 26965
12 31 27439
18 23 27712
5 35 28243
6 32 28624
2 39 29530
-3 35 29661
8 36 31102
9 34 29389
6 29 29710
1 26 32150
-9 17 33654
8 16 32392
-7 17 32917
1 18 35248
10 18 35354
-4 26 35241
5 26 35763
-2 21 34795
97
10 -3 1859
10 1 1393
8 9 2714
6 -11 2133
-1 12 3726
7 7 2489
-8 14 5248
5 0 2515
-8 19 6729
11 -1 3554
13 7 3754
17 5 4196
16 13 4008
10 12 5710
1 14 5747
15 10 5226
-5 13 6260
19 4 5096
25 -3 5348
-14 12 7154
-20 6 8657
26 -10 6958
-25 -3 8674
-28 12 9567
-27 -4 8509
-19 2 9312
-26 -6 8672
-16 9 9412
-30 -2 8118
-16 17 10048
-38 -12 9124
-32 -5 7956
-42 -12 8997
-42 -10 9618
-33 -8 9081
-32 -9 10000
-23 -8 11046
-23 -4 9863
-23 5 11118
-17 -14 11538
-15 10 12538
-21 -19 12791
-30 -24 14234
-26 -12 12642
-16 -18 14608
-22 -19 14957
-14 -13 16659
-9 -25 15620
0 -35 16878
-24 -19 18495
-5 -33 16466
-14 -19 19392
-23 -29 21091
-21 -18 20356
-11 -9 21062
-28 -12 21040
-22 -2 21040
-18 -9 22718
-21 -1 23089
-22 -7 23330
-17 2 24411
-32 -8 25147
-25 -3 25365
-21 3 25782
-19 -5 25738
-24 -3 25854
-17 -10 26922
-16 -12 25800
-18 -21 26977
-11 -5 27242
-17 -11 27014
-18 -30 28868
-18 -12 27796
-8 -27 30039
-7 -31 30381
-27 -17 28997
-13 -35 30013
2 -29 30884
-7 -32 32452
-1 -35 32139
-6 -26 33228
-9 -33 32324
2 -26 33591
-18 -40 33211
0 -26 33535
-28 -33 34163
6 -20 34029
-35 -37 34702
-36 -46 36260
3 -14 34519
-43 -43 36790
6 -17 35388
-39 -42 36764
-39 -51 36657
-48 -32 37175
-48 -54 36740
-50 -60 36633
96
-7 0 761
5 9 137
5 13 324
4 3 913
7 10 690
-1 11 593
5 4 381
4 17 958
11 6 1135
15 13 2128
20 13 3199
5 12 1949
21 4 4675
29 12 4834
13 13 5790
26 -2 5075
9 9 6000
10 12 6480
12 4 6401
2 19 6668
5 28 8517
5 3 7483
11 29 9393
-1 35 8990
5 39 9867
-10 27 9678
-19 26 10380
-2 21 9794
8 30 10173
-28 23 12076
18 27 10927
14 20 11252
24 33 11302
9 36 10994
17 32 11944
34 25 12940
13 39 13553
24 33 13646
34 27 14369
20 43 14286
35 36 14948
17 48 15582
41 39 15771
40 44 15740
46 37 17102
36 46 15973
46 45 17235
45 37 17734
36 41 18975
42 29 18526
31 39 19385
42 51 20911
52 42 21429
30 34 20756
52 51 21634
30 33 20484
42 41 22184
56 52 21947
52 51 23109
63 59 23528
62 47 23844
60 51 23970
59 53 24703
71 54 25522
79 48 26220
64 46 24558
72 53 26644
57 54 24718
78 59 26298
67 56 24866
74 68 26394
71 61 26182
77 71 27038
80 60 26131
67 79 28485
86 64 27418
83 67 28552
68 89 29742
61 79 29747
80 76 28628
71 80 31353
75 67 30311
77 73 30245
66 71 33111
57 76 34937
86 63 30847
54 78 35032
49 69 35944
53 75 34723
61 86 36799
63 76 38688
52 65 35609
60 77 39310
54 81 38863
66 74 40438
70 72 39347
95
6 -5 1536
3 5 1704
-1 -15 2149
11 3 1880
-2 -10 1715
6 -11 3842
-10 -11 2510
-3 -6 4801
-17 -6 2340
6 -3 5728
9 -5 5450
12 7 6481
18 5 7997
8 -3 5551
18 3 6079
5 -4 5545
27 5 7848
0 -10 7014
6 -13 7349
26 4 7703
25 -5 8801
31 1 8571
32 -8 10142
34 2 9645
37 12 9868
32 -18 10275
23 -9 11094
25 -24 10846
22 -24 11485
30 0 11751
32 1 12241
13 -31 12938
42 11 12803
41 1 13760
41 -3 13545
37 1 13977
45 6 15112
34 -8 14188
36 15 15535
39 -2 15461
36 -7 16656
38 5 15172
45 -17 18133
32 -4 16303
43 -19 19212
42 -1 16859
43 -18 19347
50 -24 19085
40 -19 19014
40 -16 19358
42 -25 19498
48 -7 20968
52 -33 20354
42 -32 20315
56 -26 20631
57 -41 20195
64 -33 20448
48 -33 21338
66 -27 21024
57 -26 21630
67 -18 23008
57 -24 21442
62 -22 21186
66 -10 22864
58 -32 22155
61 -18 21828
62 -40 22708
61 -11 22989
63 -7 22511
65 -4 23311
53 -1 24507
72 -17 22657
74 -14 22287
55 -11 24532
63 -2 25685
62 -8 24512
56 -9 25693
59 -1 24353
58 7 25009
62 -1 26654
69 -5 28006
71 -2 27937
75 -11 29345
73 2 27460
68 -21 30416
76 -10 29010
74 -13 29828
76 -31 31182
75 -25 31887
78 -17 29411
72 -9 30371
76 -11 29724
68 0 31521
79 -3 30090
58 -8 32362
94
-8 1 297
-4 0 1526
-12 5 28
-16 -4 965
-10 -4 731
-18 -11 1076
-20 -7 1417
-14 -17 2427
-11 -25 4006
-14 -26 4214
-7 -19 5346
-18 -33 5636
-5 -29 6379
2 -26 6800
-7 -35 8279
-8 -39 8257
-6 -27 9656
-11 -29 9658
-6 -28 9989
-6 -26 10005
2 -34 10214
-10 -18 10062
-3 -29 11552
-14 -28 10340
2 -23 12055
-12 -36 12825
0 -19 12731
11 -16 13171
11 -12 13565
3 -25 12767
12 -21 14493
21 -11 15463
12 -5 15788
13 -19 15649
14 3 15724
22 1 17165
20 -1 17101
14 6 17227
11 14 17514
14 15 18301
5 10 19760
5 23 17971
8 16 20057
-2 33 19904
-1 25 20004
7 36 20946
-4 27 21240
8 31 21193
17 37 21635
16 37 22894
20 34 23400
26 37 21879
20 36 24495
18 44 22478
23 45 22910
27 49 24375
19 43 25377
15 40 23098
10 48 26511
18 30 23308
24 26 24266
0 57 27627
0 66 27578
-3 62 27498
0 56 28201
-5 71 28477
-4 62 29542
-11 62 28664
-1 62 29967
5 72 29978
0 65 31190
-2 63 29601
-9 53 30837
-6 68 30928
4 65 32915
-3 68 30793
12 63 33498
11 60 33467
1 62 35343
12 62 32765
-4 53 35998
9 65 36720
-9 60 36817
19 71 37168
13 76 38161
25 68 38105
20 68 39785
4 72 38140
9 73 39511
12 66 39619
8 72 39555
20 61 39800
24 52 39864
18 72 39578
93
-7 0 1580
9 9 667
5 11 1039
-11 9 1860
-12 15 2063
2 15 1877
-6 18 2075
0 25 3131
9 19 3402
6 21 2990
13 26 3662
16 18 3184
23 20 4470
9 22 3300
29 22 4771
19 27 4125
27 17 4407
16 28 3992
19 18 4873
13 22 4579
18 24 4582
7 21 5116
25 25 4773
26 31 6230
23 29 6048
24 35 5398
27 39 6916
31 27 6919
27 33 7847
34 22 6562
32 42 9647
26 30 6672
26 44 10545
38 45 10346
28 55 12151
43 55 12197
42 60 12690
35 59 12252
36 53 12268
35 60 12525
25 68 12648
38 55 11732
46 65 13631
23 73 12625
33 70 14396
30 75 12406
32 82 13686
28 77 12551
29 90 13832
30 79 13408
25 89 13522
31 82 13793
28 77 13559
17 88 14177
29 83 14976
37 76 14351
38 73 15405
27 67 14523
19 72 15394
39 70 15961
27 69 16552
14 65 16226
32 61 17453
35 59 16589
26 61 18150
30 52 17080
21 50 17965
23 53 18023
11 58 19391
14 53 18549
7 49 18955
6 52 19806
0 50 20409
9 62 21022
8 50 20238
-6 55 21893
1 54 22663
4 57 21129
-5 58 21524
12 66 22957
2 70 24217
-11 61 21132
3 62 25959
1 65 25293
-3 55 26154
-5 62 25992
3 64 26725
5 58 27312
10 51 27361
7 51 28691
16 58 28684
13 54 29037
7 56 30122
92
-6 -2 44
7 -5 1245
3 -1 2469
-10 1 788
2 -3 3645
-5 -3 478
-4 -3 4236
-14 -2 1534
-7 -6 2011
-13 3 5755
-14 -13 2055
-23 -5 7503
-14 -7 8657
-15 -16 3228
-24 -2 9498
-7 -20 4369
-29 6 10046
1 -23 5614
-5 -28 5607
-28 14 11620
-9 -28 5287
-34 5 13229
-28 15 13836
1 -22 5693
-32 24 13867
9 -22 7095
-26 34 15524
-33 22 13877
-41 17 14818
-29 34 15840
-23 32 16412
-24 26 16143
-19 35 16772
-22 22 16873
-14 22 17165
-16 22 18158
-10 32 18557
-14 13 18486
-16 15 19246
-5 18 19485
-5 22 19091
1 10 20788
11 11 21458
-1 13 20906
5 6 22129
6 16 21040
13 11 23778
4 -1 22158
7 4 24370
14 9 23672
9 -4 25778
12 13 25431
22 21 26415
8 -7 26743
30 19 27464
21 20 26934
26 25 27106
18 20 27572
14 28 27710
16 26 28261
7 38 28189
18 19 27876
15 43 29983
2 38 29250
11 53 31786
-5 35 29012
0 38 30432
-7 42 30654
-9 39 30875
9 33 31560
-17 48 32771
-8 34 31696
-15 33 31805
-8 40 33141
-10 31 34960
-11 30 34298
-14 21 35255
-11 31 35773
-3 41 36885
-4 37 36417
5 31 37354
-14 38 36432
4 22 37766
-15 28 36547
0 26 38939
-18 23 37723
6 30 38828
-9 23 39786
5 31 39214
-4 25 40637
6 33 38724
1 33 42147
91
1 3 584
6 -8 350
10 -4 1729
-4 0 1553
10 -3 2423
16 4 2330
16 10 3299
15 4 2775
13 1 2533
7 18 3711
10 8 4168
0 11 3830
9 6 5098
3 -1 5503
0 4 6259
4 -4 6154
13 -7 7877
6 -8 6365
0 -13 6408
15 -6 6726
-9 -4 7790
17 -1 7913
0 -8 9144
-16 1 8297
-8 -17 9055
-17 9 8167
-9 19 9324
-25 11 8829
-7 14 10495
-25 6 8890
3 16 11713
-8 24 11989
-5 23 12120
-16 18 13612
-20 12 13217
-12 18 12115
-11 26 12683
-27 22 13859
-7 17 13236
-19 27 14118
-8 9 14133
-23 30 15170
-21 37 16029
-18 31 16512
-17 23 17570
-28 36 16656
-37 41 18057
-22 30 16763
-14 38 17250
-34 40 17951
-15 38 17859
-6 42 18847
-21 41 19208
-13 33 19402
-13 31 20457
-21 31 20156
-12 40 20581
-23 35 21805
-18 32 21843
-32 32 21998
-27 34 23332
-23 34 22530
-24 28 23223
-21 40 24100
-24 21 23005
-28 26 22681
-27 26 22291
-24 30 23380
-24 27 22029
-18 20 22673
-24 10 23456
-15 23 22618
-25 14 24330
-33 16 24564
-16 19 25028
-27 23 25671
-18 26 27340
-22 22 24991
-13 26 26842
-27 22 28627
-30 29 28414
-10 34 27954
-33 33 28843
-31 22 30095
-42 30 30266
-30 32 31039
-52 31 31830
-50 28 31890
-55 33 31983
-62 22 33720
-47 26 32071
90
-1 -9 672
-8 9 639
-7 -1 903
-8 12 1427
-16 18 2790
2 10 1750
-24 21 3636
-8 16 3894
-30 18 3365
1 6 4816
-33 21 3483
-4 0 6075
-39 17 3388
1 -8 7463
9 -2 9062
-46 11 4634
-50 3 5435
-55 7 5970
-45 -6 5456
-57 -1 7385
-66 1 8857
-45 -7 6411
-51 -7 6776
-50 -3 6856
-41 5 7462
-59 1 7294
-45 3 7027
-38 6 7481
-50 12 8266
-46 8 8692
-38 17 8598
-51 9 8735
-48 2 10110
-55 14 8855
-60 9 8840
-46 24 10203
-58 18 8869
-52 20 10173
-59 23 10890
-64 8 10633
-72 0 12248
-60 7 11995
-52 10 12125
-61 4 12148
-44 0 13069
-65 6 12119
-68 8 12938
-42 1 14132
-65 17 14173
-38 -3 14906
-35 -1 14921
-47 2 16690
-51 -3 16772
-37 -4 14756
-43 -3 14548
-42 -8 15385
-43 -17 16641
-46 7 15237
-48 -3 17232
-41 12 15428
-40 12 14693
-38 -2 17818
-33 2 17668
-40 -11 19382
-32 -14 20589
-43 2 18681
-35 -12 21299
-48 0 18262
-54 3 18815
-28 -9 22518
-26 -7 23638
-28 -15 23693
-27 -24 24033
-28 -8 23561
-27 -21 24457
-28 -17 23478
-32 -24 25635
-24 -24 23343
-27 -28 24089
-41 -32 25672
-19 -25 25445
-29 -32 25305
-32 -25 25404
-21 -34 26310
-21 -44 26845
-18 -28 26490
-19 -36 27679
-23 -25 26244
-16 -27 26709
-19 -33 28699
89
9 -10 610
0 7 1695
12 -15 525
-1 -2 2299
4 -1 2454
-5 2 2692
-8 -8 3777
5 -3 3709
-13 -15 4296
-7 -5 4583
-17 4 5134
-2 -15 4588
-18 10 5721
-9 1 6465
-3 11 7152
-10 0 5802
-10 -10 6357
-11 -6 6598
-4 3 6967
-4 -1 7609
-4 9 6813
-1 -3 7089
1 7 6317
3 11 7775
13 19 9420
-3 8 6523
6 9 9992
8 17 9877
7 10 9432
13 11 10426
4 20 10329
7 9 8552
0 17 9634
13 26 11327
23 27 11767
-9 12 9534
-11 9 9261
30 36 12183
-1 17 9988
-5 5 9435
-6 6 8684
0 10 11607
-1 5 9040
-15 8 10293
-21 2 10780
0 10 9984
-8 0 11304
-11 11 11168
-18 1 12762
-9 17 11822
-15 -1 13570
-5 8 12962
-3 16 13984
-12 -8 15109
-13 19 15517
-8 15 15227
-5 16 15097
-9 19 16078
3 22 16687
0 25 15008
-2 34 16628
1 19 17897
6 30 18419
6 24 17938
3 28 18607
8 23 19767
13 20 20417
-4 34 18521
10 17 21094
-6 41 18284
-9 48 18685
-15 32 18251
-17 39 19474
-11 42 18623
-9 46 20727
-21 51 20151
-19 44 20094
-25 57 21443
-21 38 21370
-24 44 20504
-29 30 22563
-17 37 20251
-32 28 23098
-33 40 24155
-36 38 25129
-39 23 24317
-34 13 24329
-44 26 24629
-41 33 25082
88
-5 0 1431
1 -10 41
-8 2 2709
-15 -10 3058
-3 3 3723
-7 7 3415
-4 11 4253
-13 13 4176
-23 17 4564
-12 20 4300
-16 16 5422
-19 19 4985
-21 20 6115
-11 29 6139
-11 22 5990
-21 30 7142
-18 24 8506
-20 25 6654
-24 28 7556
-19 31 9586
-32 38 8155
-29 37 10763
-29 47 9357
-27 28 11527
-23 20 12988
-30 37 10419
-20 34 10442
-30 32 11529
-28 24 13094
-30 40 11311
-26 46 11233
-20 32 14365
-20 38 14330
-18 30 15200
-30 46 15890
-11 40 15531
-11 45 15103
-12 37 14961
-19 46 16424
-16 55 16410
-22 64 18280
-13 36 17870
-18 56 19189
-23 42 18605
-20 51 19361
-20 54 19298
-12 58 19099
-12 57 21029
-22 62 19953
-14 64 22510
-15 62 21539
-29 62 20849
-14 68 21772
-30 70 21665
-29 72 21531
-17 77 23581
-32 67 22841
-34 70 21156
-26 70 23327
-29 69 22082
-24 61 23602
-34 63 24429
-30 69 25022
-44 73 25020
-39 75 25520
-46 64 25988
-40 72 24885
-46 65 26842
-43 74 25659
-30 82 25060
-39 73 25924
-48 72 25895
-44 79 27354
-43 82 27414
-54 80 28303
-44 75 27329
-39 74 26862
-43 81 27329
-37 91 28664
-35 65 28204
-42 97 29551
-36 95 28879
-44 104 29914
-26 97 30456
-21 95 31758
-49 112 31320
-54 119 32099
-39 109 32694
87
-10 7 1322
8 6 645
3 8 1977
-14 3 1169
-9 3 1290
-4 13 1582
-14 12 2048
-9 7 2535
-22 3 2127
-18 13 3032
-15 10 3612
-27 22 2952
-24 19 4273
-12 6 3744
-26 25 5075
-14 15 4986
-35 32 5935
-17 24 6239
-21 15 7967
-12 15 7443
-21 9 8427
-19 11 9147
-20 0 9752
-16 10 9372
-22 9 10347
-12 5 8873
-17 19 12024
-16 12 10823
-8 3 12194
-15 20 11749
-5 5 12112
2 13 12208
-7 -2 13718
-11 4 13276
-12 4 12801
-4 -8 13820
-7 4 12616
-19 2 12838
-15 1 12784
-15 -4 13682
-22 10 13858
-7 -8 14122
-13 2 14095
-13 4 14977
-10 9 15188
-13 7 13793
-17 -2 15576
0 18 17186
-8 2 17251
-6 23 17755
-5 5 17996
-8 -5 18286
-13 4 19487
-13 6 18081
-15 7 20292
-7 -1 19181
-5 12 22160
-13 1 19978
-4 -3 21702
-13 13 22304
-1 -12 23396
6 1 22968
-10 -11 23496
-11 -20 23956
-21 -28 24195
-21 -14 25672
-11 -17 27240
-29 -32 25152
-14 -24 28586
-33 -35 26341
-36 -29 26733
-23 -41 27671
-39 -25 26157
-28 -39 28347
-37 -26 26006
-37 -31 28799
-28 -40 29895
-38 -30 29013
-24 -41 31174
-37 -22 28958
-31 -30 28783
-15 -42 31384
-13 -38 30955
-6 -52 32540
-11 -60 33016
-12 -53 33618
-13 -60 32648
86
4 -6 1639
5 -6 1379
8 -15 2000
4 -10 1160
5 -15 2070
7 -4 1918
6 -8 2027
16 -3 3477
11 -18 2229
14 -2 4083
21 5 5411
16 -27 2143
15 -21 2964
27 14 5513
7 -31 4316
36 6 6777
5 -24 5056
37 -4 7600
28 3 9388
7 -15 6305
31 -7 11144
30 2 10035
26 -7 10827
33 10 10380
22 -14 12430
26 -8 10935
32 -8 11617
23 2 12681
37 -14 11517
27 -2 12360
35 -23 11578
20 -4 13088
36 -19 12520
25 -17 12079
38 -14 12053
29 -19 12109
34 -9 11992
40 -4 13503
37 -10 11926
42 3 14746
51 -1 14758
27 -8 13216
24 -18 13350
34 -14 14902
30 -11 14900
22 -18 12677
22 -16 16520
23 -13 12411
23 -16 12339
19 -10 17642
10 -11 19061
12 -18 18072
12 -12 19732
19 -20 19421
18 -15 19620
11 -25 20628
14 -7 20581
2 -30 20872
3 -32 20291
11 -3 20158
17 -8 20722
-4 -34 19993
-11 -43 21055
13 -3 21531
19 4 21654
9 2 22394
9 -5 22491
5 6 23578
-5 -4 23945
18 2 22536
12 5 23221
23 -8 24500
19 1 24155
19 8 23661
25 2 23843
21 4 24075
26 14 25309
32 -3 25205
28 7 25877
29 21 26520
20 13 26704
34 21 26474
28 15 27344
31 11 27725
37 4 27532
27 9 27475
85
2 -10 622
8 -4 1179
14 4 2488
6 -2 1016
8 13 3080
13 2 1552
4 19 2708
18 22 3770
5 23 2559
3 25 2756
1 18 3825
1 26 2095
7 29 3631
11 30 2703
12 29 3459
3 32 4090
-5 38 4418
12 42 4686
18 42 5649
21 35 4670
25 40 4814
21 33 4373
16 40 5626
33 36 4765
41 33 6388
21 50 6448
19 49 7620
50 28 8112
40 19 9908
28 54 9324
23 44 9567
30 28 10527
31 51 11328
29 19 10630
24 61 12809
24 16 10466
18 55 13801
21 9 11187
18 7 10987
30 16 11319
31 22 11252
12 10 10770
33 28 11270
30 24 11525
42 25 12050
34 16 11849
49 29 13430
41 33 12191
47 28 12655
48 35 14978
48 36 13818
52 19 14293
45 38 13861
44 28 14753
38 36 13819
42 29 15005
45 35 13837
33 26 14023
46 32 14855
53 38 14235
37 30 15745
55 27 16440
30 28 17403
35 20 15867
32 20 15866
42 18 17271
44 11 17849
28 11 16999
52 4 19540
29 15 17683
45 -5 21052
44 9 20535
54 -6 21829
41 -4 21517
41 6 22025
49 -15 23113
44 7 22104
56 -22 23872
62 -21 24048
51 -13 24776
62 -14 25094
57 -19 25149
68 -17 26370
56 -17 25371
67 -10 27033
84
8 5 955
-8 1 313
-7 10 224
3 -1 2067
-7 -11 2653
-17 13 1214
-11 -8 2955
3 -3 3923
-7 0 4551
-17 -15 2891
-15 -4 6083
-8 -17 2856
-11 -11 2610
-18 -8 7440
-19 -15 3590
-19 -18 8432
-19 -19 9349
-23 -19 8825
-25 -11 9075
-28 -25 9661
-24 -18 10235
-17 -16 9671
-28 -20 9850
-20 -24 9925
-34 -30 10311
-24 -20 10135
-33 -13 11935
-18 -22 11715
-19 -26 13111
-18 -32 12414
-14 -25 12610
-10 -40 13105
-16 -42 13584
-15 -26 12987
-24 -48 13738
-10 -19 13665
-17 -23 13670
-1 -23 14617
-7 -17 15829
-5 -20 15713
-15 -21 16150
-14 -8 17135
-17 -15 18488
-17 0 18848
-22 -17 19209
-11 -19 18301
-18 -26 19953
-30 -17 19657
-23 -20 19934
-34 -13 20884
-38 -9 21983
-21 -30 21251
-20 -40 22215
-31 -19 23659
-31 -17 23367
-10 -50 22480
-41 -7 24372
-23 -22 24007
-49 -10 25494
-26 -23 24712
-33 -23 25340
-22 -32 25413
-36 -21 26502
-17 -28 26454
-15 -29 26547
-32 -20 27035
-34 -19 27573
-34 -11 27948
-32 -21 29153
-33 -17 26936
-23 -12 30321
-42 -16 26952
-29 -17 31379
-37 -21 27957
-23 -18 31743
-21 -12 33038
-15 -18 32978
-32 -20 33012
-21 -8 34077
-38 -13 34125
-29 -7 34356
-26 -12 34161
-32 -16 35217
-28 -6 34526
83
8 2 1302
-4 -6 307
1 5 2677
-10 2 926
-4 -2 3348
0 5 1502
-12 8 3787
-3 3 2071
-3 -6 3620
-12 18 4872
-8 -8 4946
-19 21 5410
-17 -10 5880
-16 20 5936
-22 -12 5982
-23 -19 6459
-15 -7 7402
-19 -5 5687
-10 -9 6617
-22 -3 6097
-1 -19 7450
-19 -7 8067
-17 -7 8220
-9 -14 7322
-24 2 9491
-22 -17 8369
-17 9 10356
-33 0 11071
-16 2 11966
-38 -9 12304
-39 -11 13231
-7 -2 12843
-39 -9 13812
-44 -7 12852
-50 -10 12689
-43 -9 13483
-51 -10 13114
-48 -7 12230
-55 1 12173
-59 -3 13442
-53 -7 13784
-60 -4 12214
-64 5 13097
-54 -14 13415
-55 10 13703
-59 4 13756
-65 8 15252
-51 4 14439
-44 13 16122
-71 9 15189
-68 3 16736
-34 23 16404
-67 -5 17439
-37 24 16684
-42 26 16497
-47 22 18016
-50 15 18929
-45 28 16630
-45 29 17388
-43 35 17291
-34 32 19037
-46 44 17779
-40 28 20435
-31 27 18653
-38 35 18546
-40 34 21298
-44 27 22678
-34 33 18119
-31 32 18241
-32 40 19013
-22 36 18162
-32 35 19417
-28 46 18649
-36 28 20193
-37 38 19316
-35 22 20212
-27 16 20322
-28 39 19646
-35 40 20518
-31 12 21420
-43 43 20478
-28 30 22371
-38 30 22504
82
9 0 963
-2 10 1960
-8 10 2541
-4 1 2034
-2 10 3872
-9 -9 2733
-2 3 4987
-1 12 3406
-10 -4 4993
7 20 4971
0 -5 6585
-11 1 6189
-6 -12 6651
2 3 7588
1 -19 6542
-6 -2 7240
0 -16 6211
8 -13 7064
-6 -26 7974
10 -17 7579
-7 -19 9213
4 -33 9590
-1 -40 10391
-5 -27 10426
7 -33 11925
-5 -33 10140
3 -29 11576
7 -36 12467
-5 -37 12419
3 -19 11816
0 -15 11821
-11 -43 13563
-5 -19 11952
-18 -34 13634
-8 -44 15336
-14 -24 13745
-14 -47 15892
-13 -24 13957
-13 -21 14914
-18 -41 15671
-22 -49 16652
-16 -17 15571
-30 -57 16878
-21 -51 15972
-28 -50 18118
-20 -52 18275
-20 -47 18627
-10 -47 19507
-13 -54 19499
-28 -44 19027
-10 -55 19194
-7 -60 19883
-8 -63 20311
-16 -58 20018
-22 -63 21206
-2 -60 20830
7 -65 20844
-17 -56 22496
6 -57 21245
-13 -52 22297
-21 -49 23095
-21 -58 23259
-27 -52 24475
-31 -57 24617
-22 -49 25594
-31 -59 25968
-38 -59 26949
-28 -55 25737
-27 -58 26331
-26 -64 25835
-24 -61 25846
-19 -64 26221
-29 -66 25860
-30 -60 26550
-31 -68 25963
-21 -76 26450
-28 -84 27125
-14 -74 28104
-23 -74 28737
-20 -79 27766
-22 -71 28071
-13 -88 29555
81
5 -9 1571
4 8 1275
14 18 3212
2 -18 1915
-6 -24 2097
9 -19 2811
19 -10 4525
-12 -17 3273
-14 -9 3136
21 -5 4400
15 -4 4954
-15 -4 3405
17 -6 4469
-9 -1 3173
-18 -5 4038
-11 -5 3768
-28 -13 4414
-21 -9 5229
-25 -5 5334
-21 1 5861
-25 -1 7173
-35 -9 6508
-39 -15 7532
-43 -9 8204
-53 -11 9395
-36 -14 7140
-58 -5 10405
-43 -5 9758
-66 -2 11320
-58 4 11388
-68 0 11868
-62 -1 12356
-73 5 12478
-67 6 12868
-69 -4 12648
-83 2 13886
-93 -8 14090
-77 -7 15542
-81 -3 15788
-98 -3 15314
-82 0 16694
-75 -6 16030
-89 4 18164
-82 1 15921
-82 -8 17612
-83 8 17985
-90 10 18957
-86 -11 17557
-83 -4 17773
-99 16 19089
-80 -4 17108
-89 -13 17999
-83 -8 17463
-83 -3 16989
-89 -16 18480
-92 -11 18037
-101 -2 19352
-92 -16 18702
-86 -25 19367
-102 -17 19369
-90 -15 20922
-85 -28 19691
-93 -32 20958
-89 -15 20736
-91 -35 20296
-89 -22 20783
-84 -14 21944
-96 -25 21575
-100 -17 23054
-81 -20 22348
-93 -13 23252
-91 -24 22410
-84 -9 23910
-84 -16 23280
-84 -2 25449
-84 -14 24481
-74 5 27367
-83 -21 24610
-83 -12 24756
-70 -4 27688
-68 -5 27828
80
-5 -9 1836
-1 1 1358
4 -16 2185
4 -1 3139
-6 -17 3100
6 -13 1593
13 -18 2048
4 -20 2874
5 -17 3820
7 -28 3550
6 -10 4015
4 -30 3147
7 0 5107
12 0 5688
11 9 5880
6 6 5761
6 10 6724
9 19 6332
0 19 6751
7 26 7633
16 23 7588
6 23 8782
25 17 7616
16 32 9189
16 24 7804
10 27 9944
18 37 11032
11 31 7705
28 40 12862
28 30 11209
21 34 12535
24 27 12046
19 30 12496
26 28 12353
19 25 13383
13 26 13229
16 28 14102
28 33 13780
20 23 13977
37 42 14025
32 37 15452
27 16 14364
27 14 15130
35 45 17125
35 8 15318
25 36 17658
39 15 16231
28 40 18232
25 47 19349
27 31 18562
20 51 19286
33 28 19797
20 56 19127
38 18 20358
45 12 20395
21 47 20018
47 17 20300
14 41 20478
5 50 21666
44 12 21220
40 4 22510
54 5 21271
31 -5 22550
49 6 21940
37 1 22817
42 9 21789
29 -5 23780
51 16 21896
26 2 25035
36 3 24700
46 -3 26523
40 9 25483
51 -13 27940
47 5 25923
48 1 26737
44 -5 28485
36 -6 29139
57 0 26777
40 1 29867
39 -5 30096
79
4 1 641
0 -1 1727
-2 2 1543
6 3 1651
4 5 2005
-11 9 3065
6 15 3098
-18 14 4133
-22 10 4169
2 7 4369
2 10 5466
-26 13 5479
-32 15 5359
-20 5 6626
-31 11 5284
-28 19 6294
-24 1 5762
-41 4 6202
-35 9 5811
-42 8 6558
-46 -1 6863
-25 8 6390
-29 2 6187
-42 -10 7560
-43 -16 8873
-50 -12 8228
-34 -25 8958
-34 -21 10387
-32 -22 9633
-32 -26 9732
-36 -30 10451
-31 -23 10882
-30 -14 10860
-40 -27 11778
-46 -30 12692
-36 -12 12250
-28 -20 13184
-46 -12 12862
-36 -13 14331
-33 -19 13721
-34 -19 14036
-43 -20 15842
-31 -28 14969
-47 -26 16104
-29 -20 15612
-40 -26 16757
-24 -15 15175
-23 -15 16901
-19 -24 16642
-31 -12 16316
-17 -17 16502
-11 -18 18133
-10 -23 16749
-1 -10 20007
-8 -25 17828
1 -3 21610
8 -9 21705
-9 -11 23129
-3 -3 24021
18 -18 22995
-8 -9 23636
2 2 25188
-3 -1 24174
2 -7 25385
0 7 24720
0 0 26259
5 -7 26498
0 -4 26759
-8 -10 27761
-9 2 27770
-2 5 29346
-12 -8 27853
-17 -17 29158
-20 -2 28799
-24 -12 30637
-27 -18 30683
-26 -13 31061
-24 -18 31281
-22 -8 32057
78
-6 -5 32
-2 9 311
-14 -11 1114
-11 17 1539
-15 8 2951
-4 -4 2015
-25 5 3913
-14 1 2908
-24 15 5201
-17 12 5656
-23 21 6167
-21 12 6237
-30 7 6224
-31 16 6951
-38 7 8019
-28 13 6316
-42 10 9079
-39 7 7550
-42 13 9041
-47 6 9432
-44 22 9532
-41 9 9062
-42 17 10138
-39 30 11238
-33 25 10175
-46 7 11872
-50 1 11747
-29 18 11305
-59 8 13384
-45 7 13250
-68 11 14028
-60 2 13641
-68 -5 14451
-59 2 14506
-66 -4 15475
-54 9 15836
-57 18 17722
-47 18 17019
-42 10 18765
-56 22 18756
-60 14 18696
-37 7 19507
-44 1 19674
-62 21 18788
-36 4 19760
-42 -2 20788
-49 -9 20517
-37 8 19495
-45 -19 21444
-43 -1 20593
-40 -29 22906
-42 -27 22075
-35 -35 23163
-35 -26 22632
-40 -32 22417
-44 -45 23874
-53 -38 24707
-40 -38 23865
-59 -41 26059
-50 -31 24410
-57 -38 26402
-63 -37 27304
-66 -46 28053
-71 -34 28356
-68 -37 28999
-66 -42 28518
-74 -45 29244
-72 -42 30289
-68 -52 29034
-66 -35 31051
-58 -32 31544
-62 -50 30198
-49 -29 33403
-64 -41 31742
-46 -22 34310
-57 -38 32456
-46 -15 35571
-49 -18 34727
77
9 2 628
-7 2 866
7 -7 765
8 5 821
7 8 1141
2 -13 1762
0 17 2623
-6 -16 2109
-4 22 3881
-5 -17 1532
1 32 5666
-11 -19 2740
-1 30 5237
-15 -11 3352
3 24 5748
-10 26 6610
9 23 5726
-20 24 8185
11 20 5858
17 31 6171
11 39 6939
27 41 6262
17 48 8261
19 46 8345
24 44 9417
26 56 9516
35 64 11216
28 39 10013
27 31 11286
29 68 12509
39 72 13339
29 70 13522
46 73 14470
27 79 13666
21 79 15021
18 82 14168
14 85 15474
12 78 15229
24 91 15554
24 76 16213
18 69 15982
14 92 16570
19 75 15659
16 65 15694
20 61 15449
8 57 15860
26 62 16735
14 69 15739
29 66 17786
5 59 17441
-2 52 17577
21 61 19222
16 66 20524
26 65 19960
21 63 19879
11 58 21215
24 54 20418
18 65 22444
14 47 21051
20 71 22366
20 48 22533
16 43 22154
23 43 23936
9 40 23740
6 49 25462
2 35 24404
3 36 25083
2 52 26022
5 33 24583
-4 30 25837
15 28 26162
-12 28 27228
-13 25 28466
24 25 26134
-11 27 28741
22 16 27403
-6 35 29830
76
-5 5 390
1 -3 1387
1 -12 1652
4 -12 2116
5 -3 2217
3 -10 2102
6 -16 3615
13 1 3889
11 -8 5748
22 -5 5775
21 4 6665
18 -6 7198
18 -15 8943
20 -5 6715
21 -6 9710
22 -21 8961
17 -13 10408
29 -13 10946
11 -21 12103
23 -21 11896
17 -14 13375
23 -17 12933
22 -26 13712
25 -22 14518
23 -30 14565
17 -28 13476
27 -38 13522
13 -24 16397
5 -32 17954
32 -47 14479
1 -22 18350
7 -35 19244
11 -20 20313
4 -35 18905
-5 -34 19869
5 -27 21603
-14 -24 20991
11 -22 22029
-23 -34 21492
-7 -31 21437
-5 -34 21511
-32 -28 22934
-24 -34 23636
-26 -22 22965
-31 -18 24242
-28 -33 24108
-30 -28 25273
-31 -8 25062
-24 -7 25599
-23 -7 25791
-24 -4 25363
-18 -5 25460
-28 -7 24820
-14 -14 27185
-12 -23 28266
-20 -3 25414
-10 -32 28449
-14 -21 28500
-19 -22 28123
-19 -40 29806
-10 -30 31594
-20 -29 29750
-15 -28 32690
-14 -21 32502
-13 -19 32817
-21 -20 32906
-4 -17 34490
-21 -15 32843
1 -9 35302
-25 -10 33457
-18 -20 34876
0 -14 36672
-5 -22 38164
-10 -30 35532
-7 -26 39419
-13 -28 39503
75
3 5 1621
-1 6 1180
-8 4 2681
3 9 1424
-13 0 2752
0 9 2649
-23 -7 4288
-10 16 3547
-12 7 5360
-25 -6 5416
-20 3 5914
-22 10 6101
-26 12 5858
-20 -6 7258
-14 1 8594
-30 19 7401
-18 3 8258
-11 -8 10134
-11 10 8807
-8 -13 10138
-11 -17 10883
-12 -11 10434
-14 -18 12053
-4 -8 11575
-4 -4 11917
-2 -7 11207
5 0 13287
-5 -11 11814
0 -2 13774
5 -7 14132
4 -7 13458
2 -6 13602
2 -7 14336
-3 -11 13462
-8 -15 15465
12 -10 14575
7 -1 15654
7 -8 16054
10 -2 16298
5 -9 15670
9 -10 16318
3 -14 15989
-3 -13 15760
16 -7 17007
4 -16 15924
23 2 17495
33 6 17934
-3 -8 16675
24 15 18116
32 0 18964
23 5 20569
28 25 18945
31 6 20801
19 15 22035
12 7 23682
13 6 23489
9 -4 23841
9 6 23256
16 14 23268
17 4 23924
14 23 24671
17 6 24651
17 31 25453
8 25 25043
27 30 26604
-1 16 24977
36 24 28353
31 26 27621
26 34 29302
46 31 28561
38 24 30357
44 24 28692
37 14 31056
40 25 29724
30 15 31675
74
6 0 371
-10 -6 530
-14 -12 2014
-7 -14 1063
-11 -19 795
-4 -10 2582
-17 -14 610
-18 -10 2569
-13 -23 1585
-25 -4 2315
-25 -6 3176
-11 -16 1440
-33 4 3605
-35 -4 4684
-41 12 5405
-24 5 3648
-39 17 6772
-33 12 5326
-40 17 5700
-30 22 6714
-49 26 6465
-28 28 6871
-38 19 7938
-24 35 8020
-47 27 8825
-16 41 8967
-44 36 9125
-16 51 9593
-23 49 11224
-21 48 10682
-14 39 11058
-27 48 11904
-35 54 12695
-23 53 11928
-40 47 13496
-17 59 12120
-48 49 14962
-44 53 13903
-46 62 14753
-38 59 13890
-37 53 13505
-45 55 14902
-53 64 15535
-45 49 13608
-44 59 16281
-52 70 15180
-53 59 16881
-62 61 16909
-60 58 17887
-71 64 18770
-81 55 19687
-81 62 19900
-86 63 21362
-91 53 19741
-101 43 20105
-84 44 21030
-75 39 22285
-87 36 22673
-92 28 23257
-78 26 23616
-69 32 23902
-77 29 23653
-73 24 23686
-78 22 24672
-71 17 25331
-83 29 24902
-82 22 24653
-89 21 26356
-90 23 26879
-84 18 25895
-76 22 27116
-76 18 25904
-71 13 26192
-74 25 26229
73
-1 -6 1675
9 10 1479
9 2 2661
-2 -13 2032
1 -13 2779
-6 -9 2489
-5 -16 3975
-16 -5 3458
-4 -13 4608
-10 -6 4986
-16 -11 5131
-3 -10 5243
2 -7 5607
-8 -6 6684
-8 2 6481
-5 -3 6596
-3 -11 6766
-5 -6 7798
-13 -9 9235
-11 1 8550
-18 -5 8326
-5 -9 10209
-26 -8 8609
-24 -7 8914
-25 3 10499
-35 2 9231
-25 -5 10550
-42 -6 9996
-22 -15 12212
-20 -7 11727
-15 -24 13553
-27 -18 13076
-19 -14 14220
-24 -30 15121
-13 -7 15746
-28 -24 15708
-7 -14 16243
-6 -17 15775
-7 -9 16202
-16 -11 15931
-1 -10 16080
-22 -12 16256
-3 -5 17483
0 -5 17209
10 5 17899
-7 -9 17710
0 -3 18766
7 -3 18637
13 -2 18647
6 0 19838
14 -8 20617
5 6 20958
14 -15 22194
4 -13 21688
7 -7 23051
15 -13 23151
18 -11 23336
12 -10 23037
8 -3 24134
24 -17 24449
5 4 24070
4 6 24914
-3 -2 25115
-2 12 24287
-12 -11 25885
-6 -10 25632
-8 -4 25479
-5 -9 26056
-10 -2 26061
-4 -11 25756
-5 -1 26268
-6 2 25526
-11 7 25137
72
0 10 1551
5 10 821
3 0 980
15 7 1760
22 11 1682
11 -1 2423
16 14 1778
19 9 2749
16 6 2990
17 8 1707
24 8 1526
18 7 3748
23 9 1640
15 13 3255
21 18 4673
17 19 2677
29 21 5199
28 9 4886
36 7 6483
38 19 5153
26 10 6777
45 -2 6643
30 4 8308
29 4 7407
34 8 7429
22 0 7363
30 -2 8996
39 15 9127
30 -7 9594
40 17 8773
21 -6 11168
35 -11 10585
15 -11 12406
30 -12 10644
8 -16 12357
38 -15 10967
17 -22 13975
44 -5 12796
7 -26 14689
23 -20 15268
4 -18 15279
28 -23 15900
4 -15 15218
36 -21 17130
39 -29 18137
-6 -20 16158
48 -38 19965
-11 -25 16850
-8 -27 17613
-12 -15 17578
-4 -19 18133
-17 -20 17752
-8 -10 19403
-9 -24 18457
-9 -5 19527
0 -17 19537
8 -9 20299
-18 -5 20916
-14 -7 21861
-22 1 21056
-7 -14 22583
-26 0 20581
-6 -9 22314
-6 -13 23256
-9 -10 22221
-7 -8 23684
-5 -15 22268
1 -13 22282
-12 -13 22651
-13 -25 24118
-2 -20 23097
-4 -8 23768
71
-3 -8 1219
-7 7 1075
0 -7 1188
-6 12 1380
-3 2 1564
8 2 1244
-7 -2 2338
5 -7 1917
-12 -4 3422
7 -17 2822
-8 5 3727
-3 -26 4110
7 -20 5472
3 -17 5703
0 -19 6852
9 -27 6497
8 -28 6370
18 -22 7863
11 -35 7675
22 -26 8681
13 -17 9227
17 -19 9615
8 -7 9303
7 -18 10196
1 -24 10714
11 2 9751
10 -15 11317
13 5 10701
8 -18 11765
19 -20 11997
10 -22 12209
28 -30 12666
23 -25 12686
29 -40 13453
24 -32 13977
27 -25 12719
25 -35 13931
30 -18 13209
20 -29 14681
36 -27 15026
30 -20 14720
18 -34 15108
34 -22 15889
23 -24 15522
37 -25 16698
13 -16 15805
36 -17 17566
43 -35 18560
48 -38 18275
44 -38 19690
41 -44 18847
54 -30 20761
45 -39 20227
40 -45 19324
43 -43 19978
37 -37 20243
51 -52 20673
53 -42 21044
54 -47 22061
54 -37 22231
44 -51 22856
64 -45 22941
66 -44 22545
71 -47 23905
81 -39 24827
59 -45 23228
69 -48 24294
61 -51 24822
79 -45 25419
72 -50 25029
79 -44 26183
70
-4 -4 65
10 -3 1864
6 -12 3371
6 -14 1331
5 -3 3478
10 -15 3822
18 -24 4880
11 -19 3794
18 -25 4812
21 -29 5207
13 -33 5520
26 -20 6167
22 -38 7179
30 -30 7801
31 -40 7912
21 -46 7475
38 -40 8723
28 -32 9101
41 -31 8887
23 -25 9145
26 -32 10640
25 -34 10239
18 -32 10932
25 -38 11289
11 -24 11590
12 -24 11228
13 -33 12595
4 -31 12657
23 -31 13987
8 -22 12805
26 -40 14321
29 -29 14652
16 -40 14738
38 -26 14921
43 -21 15311
16 -48 16452
22 -49 16258
25 -41 16990
20 -51 17122
17 -40 18547
22 -49 18954
7 -50 19661
32 -50 19364
14 -52 20671
34 -53 20174
36 -48 19461
28 -57 21565
33 -47 18822
27 -43 19758
28 -58 21068
28 -50 22251
20 -39 20260
17 -47 20318
10 -32 21843
8 -24 23322
1 -28 22417
15 -34 23956
17 -28 23584
8 -32 24154
15 -43 24263
22 -34 25352
14 -26 24068
24 -31 26610
28 -44 26995
34 -36 28448
23 -46 27712
25 -53 29047
18 -41 28629
19 -45 28516
23 -62 29494
69
3 -5 1585
5 1 979
11 9 970
-3 0 2141
-12 10 2446
5 6 3679
-20 5 4129
-14 6 1955
-17 4 4148
-14 -2 2218
-16 10 5671
-9 4 2054
-10 14 3134
-24 2 5648
-4 20 2755
-16 7 4448
-20 2 4204
-20 13 5437
-14 2 4841
-15 7 5512
-15 6 6008
-12 3 5199
-22 -1 6037
-9 2 7372
-14 1 8507
-10 -6 8710
-22 1 9992
-15 0 8418
-15 -1 11506
-13 7 10952
-23 -4 12680
-23 1 12385
-27 4 12511
-25 -3 12564
-18 -13 13883
-36 5 13632
-34 -4 14633
-39 14 15108
-44 2 14804
-41 13 16257
-34 6 16646
-54 6 16507
-58 3 17006
-53 2 15993
-49 6 15859
-49 6 17491
-39 14 17384
-56 3 17363
-50 -2 18185
-31 11 18341
-57 1 18349
-28 2 18548
-22 3 18339
-63 -2 19695
-28 2 19741
-56 6 20274
-26 2 20193
-62 13 20168
-71 6 20845
-33 6 21313
-32 3 21764
-35 10 20851
-23 1 21919
-43 11 20797
-48 5 20625
-29 7 22407
-50 6 20199
-29 -3 24127
-54 -4 21877
68
-9 -9 1283
-2 -3 1042
-9 -17 1101
-11 -9 1513
-15 -2 2243
-8 -18 1734
-22 -9 3552
-4 -18 2856
-12 -17 5083
1 -24 2876
-4 -31 2660
10 -19 4436
7 -22 4317
3 -29 5870
17 -21 4927
10 -28 7373
22 -15 5255
10 -23 8510
14 -19 6916
19 -24 7059
24 -16 7521
11 -24 8460
13 -18 8222
26 -15 8621
28 -8 8601
33 -16 10271
28 -18 9936
37 -11 9629
46 -1 9884
27 -22 9500
23 -24 10179
39 1 11549
31 -1 12202
31 -2 12400
35 1 12454
37 -5 13123
41 2 13523
33 -11 13949
31 9 14556
38 9 15137
41 4 15937
23 6 14590
30 12 15953
26 16 14862
24 3 15873
38 9 16778
42 15 17008
32 4 17543
35 6 17346
30 12 18315
29 13 17492
33 1 18831
22 15 18809
26 -2 20178
32 2 21117
19 22 19908
40 -3 22578
31 9 22502
24 18 24327
36 -3 23248
28 12 25294
31 -12 25025
34 -6 26472
38 6 26685
48 14 28383
43 8 27786
48 13 28490
51 1 28590
67
6 -7 782
5 2 1706
4 7 2950
-2 -8 3516
-3 -13 3825
2 -7 3242
-9 -17 4051
-3 -19 3733
-9 -22 3979
1 -25 4686
-2 -23 4365
-18 -14 5456
4 -27 4040
7 -29 5461
4 -18 5532
2 -39 6290
1 -42 6908
12 -25 7165
5 -51 7290
15 -18 8677
13 -8 9651
3 -55 7437
21 -13 9834
7 -12 9324
9 -19 9342
23 -15 10355
1 -27 9431
32 -23 10624
37 -13 10769
41 -16 10680
39 -13 10190
48 -16 11398
54 -21 11148
39 -12 13114
50 -24 11781
45 -20 14714
45 -17 13074
40 -14 13245
37 -8 13130
35 -19 14553
43 -15 12953
40 -9 12669
50 -12 13065
37 -23 13067
47 -15 13650
45 -15 12590
57 -17 15478
50 -22 13818
41 -28 14195
40 -24 15513
43 -36 15429
41 -38 15762
46 -45 15452
42 -37 15723
37 -42 16216
49 -28 16320
36 -44 17067
58 -21 17799
37 -35 17798
56 -29 18727
47 -43 19218
62 -30 18858
59 -26 19121
62 -31 18566
66 -30 18616
62 -41 20395
73 -40 19529
66
2 -9 506
8 -1 646
6 -11 359
14 -8 1083
13 -10 103
3 -6 435
9 -7 863
6 -6 1166
7 -9 1836
7 -7 1378
9 -17 2492
2 -10 2671
9 -2 2704
1 -8 1896
19 -6 3789
15 -2 2445
9 6 3300
19 4 2487
8 0 3453
23 -3 3229
16 -5 2936
2 -1 4344
-5 -10 4400
21 2 2688
25 5 3932
5 -1 6018
32 -3 4618
3 8 6071
10 -2 7738
23 -3 5503
12 0 7892
15 5 8188
23 10 9160
23 -1 8434
16 1 9281
18 1 11027
7 8 9581
16 -9 12444
1 10 9835
11 9 10902
11 14 12367
19 19 12261
17 20 13403
23 15 12680
27 25 15021
17 29 14890
34 26 16080
33 16 15780
37 9 16582
27 32 16569
25 32 16562
30 4 16705
40 9 17195
32 8 16673
31 8 16842
50 8 17259
52 10 17264
21 9 18604
61 19 18036
21 14 19110
66 15 19242
22 23 19125
22 17 19100
63 15 20471
15 25 20389
68 17 21390
65
8 -7 194
-9 -4 78
-16 1 871
0 -12 1007
-23 -9 1532
-15 -3 612
-25 -9 2214
-19 -14 1483
-24 -5 2886
-35 -9 3058
-24 2 3922
-26 -7 3651
-25 -5 3744
-34 -5 4322
-18 -14 4673
-27 -9 3607
-21 -4 4885
-35 0 5123
-34 5 4880
-36 9 6373
-36 2 4220
-38 14 5681
-39 16 5230
-36 10 4431
-45 13 5902
-41 12 5048
-37 6 6442
-44 9 6467
-44 5 7907
-31 14 7188
-38 3 7553
-40 18 8741
-37 14 8185
-40 -2 8297
-32 14 8137
-45 2 8387
-27 12 7717
-30 10 9047
-27 3 9096
-31 14 9416
-36 9 9006
-26 18 9027
-43 4 10611
-36 7 9359
-30 9 9833
-39 10 10560
-31 17 11275
-37 16 11663
-30 17 12441
-25 23 12808
-21 8 13755
-17 13 14352
-26 16 15829
-26 4 14943
-29 26 16648
-32 18 16289
-37 11 17334
-24 19 17539
-34 21 17756
-40 16 17264
-38 14 19220
-34 12 19536
-44 22 19767
-35 7 20278
-30 0 21281
64
8 2 1561
0 -8 1598
13 2 1211
-1 -12 1041
-10 -3 2916
7 -7 1630
-15 5 3999
-17 6 4452
-9 -1 4876
-21 -1 4414
-15 -5 5901
-30 5 4693
-33 5 4855
-19 -14 5866
-28 8 5764
-23 -16 5888
-23 13 5532
-20 -8 6451
-28 -7 8092
-24 2 7532
-36 -12 9567
-30 6 8483
-33 -12 10155
-30 -11 9874
-29 -2 11256
-32 -12 10465
-38 -19 11297
-31 -12 11279
-38 -11 12168
-30 -16 12422
-39 -23 13312
-44 -8 13493
-41 -5 14132
-40 1 14687
-37 -10 15420
-49 1 16331
-43 -3 15998
-40 -20 16605
-32 -11 18388
-42 -22 17532
-48 -32 18571
-41 -27 18343
-56 -31 20348
-40 -26 18577
-51 -29 20443
-40 -25 19403
-44 -29 21560
-58 -26 21320
-42 -25 22531
-42 -34 22507
-37 -42 22553
-36 -32 22524
-41 -35 23830
-39 -38 22230
-34 -29 24084
-39 -45 23823
-36 -31 23466
-49 -52 24612
-41 -23 23919
-53 -62 25449
-48 -28 24752
-44 -26 23934
-49 -37 25402
-45 -20 25292
63
-9 9 1316
10 -5 957
11 -13 2111
-7 12 833
18 -21 3081
-6 19 2179
-14 28 2181
-11 18 1746
-13 11 2726
-4 32 3326
-14 5 2819
-7 42 4648
-8 37 5170
-4 6 4755
0 32 6659
-8 5 5587
1 34 6136
-1 -4 7074
8 -5 7847
-5 39 5909
12 4 8936
-3 45 6320
2 3 9139
-2 42 6310
-8 -3 9856
-6 12 10442
-14 2 11862
-3 -8 10814
6 -17 11735
-24 3 13192
-20 9 13553
-3 -24 12809
-9 -20 12816
-21 9 13199
0 -16 13895
-1 -13 13031
4 -6 14616
4 -14 14471
0 -16 16067
13 -8 15720
18 -6 16102
20 1 17431
20 -10 16647
26 4 16614
31 6 16839
21 0 16721
24 -2 16775
14 -8 16738
10 2 17172
26 -4 16743
12 6 16686
30 -14 17532
40 -13 17561
8 1 17147
0 -8 17987
44 -6 17665
8 -11 19323
38 -5 18670
9 -5 19576
35 -2 18532
26 8 19431
45 -8 19437
16 12 19832
62
4 1 141
-9 7 1288
-11 10 1506
3 10 104
0 9 1227
-16 3 3055
-10 -1 2663
-16 0 2487
-17 1 1856
-13 0 3341
-13 0 2130
-27 11 3078
-25 20 4754
-18 8 3557
-16 16 3662
-22 -2 4671
-31 -10 4724
-30 -8 6281
-30 -12 4580
-36 0 6629
-44 -6 7435
-26 -13 4234
-44 -16 9261
-46 -16 9185
-34 -18 10216
-42 -12 10175
-39 -18 10529
-34 -11 10543
-28 -17 11144
-41 -13 11647
-25 -19 11988
-35 -15 11000
-34 -9 12562
-22 -10 11963
-26 -5 12380
-16 -4 12463
-8 -10 13651
-25 -14 13455
-7 -17 14420
-16 -18 13500
-1 -10 14362
-18 -12 14900
8 -9 16212
-15 -3 16749
-15 -4 17233
2 -14 16590
-7 -7 18567
-25 -12 18752
-1 -17 19073
-20 -14 19199
0 -23 19592
-2 -12 20437
-9 -16 21417
-2 -26 19925
-1 -7 22225
-5 -14 21380
7 -11 22210
7 -10 23073
1 -2 24852
4 -1 23757
-5 0 24351
8 0 25380
61
-10 -5 1
-7 -3 607
-6 1 1114
-9 2 740
-5 8 542
0 11 2470
2 0 505
8 2 3363
6 -4 3779
14 3 4850
-3 5 5502
16 3 3874
21 10 4748
22 3 5433
21 1 5794
17 20 6672
24 26 7483
12 2 6130
28 27 8093
27 35 8211
23 32 9277
33 31 7819
17 36 9571
31 39 9025
16 35 9119
21 49 10242
15 55 10282
6 39 9917
6 56 11406
8 53 10190
16 46 11512
14 46 12376
7 47 11566
7 43 12805
5 38 11749
12 41 13646
3 34 11474
11 30 11744
11 25 12100
-3 28 12754
20 26 12547
14 35 13849
30 25 13062
16 25 15238
14 16 15576
8 26 16991
16 32 17257
9 20 17762
19 17 18196
6 12 17879
7 2 19113
16 18 19108
13 13 20380
24 25 20275
22 23 21254
17 35 20623
24 18 21020
9 44 22193
30 25 22619
25 18 20849
33 34 22602
60
-10 -2 1495
-7 -9 1457
-12 1 975
-15 -12 1603
-11 -21 1737
-13 -20 1703
-22 -27 2549
-12 -17 2513
-14 -21 2636
-19 -24 2561
-10 -17 3157
-22 -24 2767
-2 -12 4472
-20 -33 3395
-7 -12 5125
4 -2 6071
-3 1 6965
-8 -21 5049
-8 -11 5879
3 4 8132
6 5 7676
6 12 9271
1 10 10469
8 5 9674
4 14 9794
18 -3 9912
12 14 10957
10 4 11330
12 -2 10997
8 11 12957
19 2 11665
17 21 13235
11 5 12243
27 23 14496
30 21 15150
9 -1 13712
13 5 13910
37 15 15190
14 1 13716
6 6 13833
0 9 14161
11 -9 15494
4 -9 15362
8 -8 16216
7 0 17108
-4 -1 16942
-7 -9 18277
-1 -9 17752
-11 -3 19691
-15 -3 19376
-16 -13 20421
-3 -4 20357
0 -11 20211
-25 -10 21950
-19 -1 23567
-4 -5 21471
5 -7 21817
-4 2 21395
8 -13 22254
-4 9 21102
59
2 5 1368
-6 -5 1385
6 6 1909
3 13 1259
1 2 2090
4 16 2163
-4 -7 2298
11 -6 3364
7 -14 5035
19 2 3445
17 -14 5857
11 -6 5366
23 -22 7504
20 -13 7091
21 -17 8974
15 -26 8792
10 -18 9532
16 -24 8906
8 -22 10465
9 -34 9033
2 -37 9006
16 -21 11409
6 -45 9490
-3 -33 8802
-12 -33 9166
7 -23 9034
-19 -40 8873
-15 -40 9225
-19 -50 11111
-10 -47 9691
-12 -58 12246
-13 -38 11039
-7 -28 12043
-6 -41 11680
-15 -44 12326
-2 -37 11535
7 -27 12103
4 -35 12991
-1 -33 12597
9 -26 12907
3 -24 14105
5 -36 14775
-7 -34 15824
11 -33 15051
2 -42 16400
16 -37 15210
26 -31 16695
21 -30 15888
13 -31 17149
22 -39 17412
12 -34 19251
4 -30 18939
-4 -30 20588
7 -36 19132
-5 -21 20616
6 -40 21332
6 -36 22669
3 -36 21890
-7 -28 23564
58
1 8 564
7 -9 1803
-2 -12 2058
-3 -9 2594
5 -16 2643
-3 -10 1973
-3 -19 4425
-8 -7 2851
-9 -29 5894
-5 -19 5290
-19 -37 7825
1 -27 7707
0 -36 8752
-29 -28 8349
0 -38 8397
5 -29 9600
6 -41 8423
8 -34 9413
16 -42 10421
10 -50 9301
13 -47 9498
11 -48 11735
19 -40 10112
3 -50 11453
-4 -48 11673
18 -49 10713
-14 -58 13372
27 -39 11640
-20 -54 14707
34 -38 12713
27 -34 12635
-17 -64 15375
-22 -54 16650
-16 -56 15994
-23 -46 17435
-25 -60 16141
-21 -58 15616
-19 -50 16459
-23 -58 16888
-16 -58 15260
-7 -55 16592
-14 -59 17922
-8 -61 18840
-1 -60 16679
-3 -53 19426
-5 -60 18031
2 -54 17895
-10 -50 19635
-6 -44 20454
-19 -50 20207
-3 -53 21384
-17 -58 21294
-10 -52 21597
-25 -57 22738
-26 -66 23714
-15 -42 21775
-16 -52 22038
-16 -32 22484
57
-4 1 403
10 -4 1760
8 -7 2742
-7 -1 568
16 2 3555
12 -7 3950
9 -8 3859
16 -10 3887
4 -3 3667
12 -5 3877
16 -12 4600
7 -2 3432
26 -11 5309
12 -18 5024
35 -5 6048
2 -16 5932
30 1 6451
-6 -19 6870
25 -7 7339
29 -6 7109
28 -4 8264
21 -14 7686
18 -20 7900
20 -8 8180
12 -1 9864
25 -29 8338
8 -10 10978
22 7 11188
31 11 11439
5 -20 12381
26 7 11857
-5 -11 12911
34 7 13473
-7 -16 12540
-13 -14 13308
25 -3 14515
22 -7 15379
-12 -9 14004
14 -12 16212
-7 -5 14334
9 -21 17338
1 -5 15954
2 -25 17578
-5 -10 16263
-6 -23 18450
1 -27 17238
10 -29 17202
-5 -21 17289
7 -35 18190
4 -30 18197
6 -28 18123
3 -29 17480
9 -26 18763
8 -22 17879
-1 -18 19320
17 -18 20232
-10 -23 20654
56
-2 -3 1511
-7 -5 1543
5 4 1318
5 7 3164
12 7 3858
12 5 4419
12 -2 5178
15 -4 4363
22 -1 4840
2 -4 7102
4 -5 8185
-3 3 7133
3 13 8258
4 -15 9955
-4 -13 9849
13 22 9734
0 -23 10016
4 30 10115
14 37 11380
6 26 10104
14 47 12351
9 17 10501
11 7 11212
11 17 10157
15 15 12587
14 13 10054
4 16 10821
14 14 9235
-2 9 11519
-5 14 11833
-3 20 11643
0 12 13148
2 20 13030
-8 19 13879
-18 28 15164
-5 10 14303
-5 19 15282
-22 24 16056
-14 20 16069
-28 23 17456
-31 28 18782
-24 32 18934
-32 28 18475
-24 27 19863
-20 22 20465
-34 36 20287
-11 26 22053
-24 23 21377
-31 32 23001
-7 19 22434
-13 21 23091
-39 42 23863
-48 50 24398
-30 41 25113
-46 54 24992
-32 33 25001
55
9 -4 147
-10 -10 121
12 0 1261
14 -6 1423
16 -14 1323
22 -10 2760
21 -14 2192
8 -14 2207
23 -18 1604
11 -5 2150
32 -28 3394
4 -4 2766
32 -22 4555
40 -24 4623
37 -24 4697
47 -32 5540
37 -22 4958
40 -25 7168
34 -20 7899
30 -28 7992
20 -35 9376
39 -12 7764
18 -36 8630
18 -41 10658
19 -33 8162
13 -37 10995
13 -31 11893
18 -28 9642
21 -25 10822
15 -31 9615
18 -25 10269
17 -41 11202
23 -15 10838
22 -27 10969
16 -29 10899
15 -23 12210
25 -33 13599
13 -28 11463
7 -33 11160
17 -23 14819
18 -14 16120
11 -16 16206
10 -23 16476
5 -7 17641
1 0 19049
-4 1 17714
3 -4 18761
8 -9 19717
5 1 18565
8 -19 20602
4 -17 20305
0 -15 21273
5 -22 22705
-8 -7 22898
-2 -22 23621
54
-2 8 1578
2 1 147
4 -9 1261
-2 5 2238
13 -19 3015
-2 6 1429
4 9 1760
-5 10 1706
7 9 1121
4 3 2347
11 0 3546
11 6 2324
3 -5 4575
6 10 2973
-4 -14 4594
-4 12 3113
-1 14 2719
-2 -8 5696
0 -6 6654
5 5 4076
8 -16 8285
-3 12 4131
14 -14 8097
2 -13 9550
13 -16 7466
-6 -22 9482
23 -12 9246
2 -30 9429
22 -7 9634
15 -13 10759
23 -17 12030
12 -6 11170
29 -10 12813
20 -7 12503
13 -2 13229
23 -2 13610
19 2 12942
23 -8 14527
26 6 13951
18 -3 14120
24 -3 14717
24 0 13912
27 4 15425
17 7 14727
23 0 16554
13 9 15950
16 2 16674
33 -7 16924
31 -7 17382
22 1 17556
30 -4 18317
25 5 18654
32 6 19617
27 14 19363
53
-8 -9 809
9 9 230
4 0 1355
2 15 1098
-5 15 2629
5 5 2616
14 8 4381
2 24 4407
7 28 5795
5 -1 4824
-5 9 5539
0 6 4720
-12 3 6080
-14 5 6618
-21 -7 6143
-20 -4 7064
-20 -12 5796
-14 -1 7748
-26 -19 5809
-20 -3 6337
-25 5 6216
-30 -9 6804
-37 -13 7880
-27 -15 8166
-38 -23 8635
-24 -5 9879
-23 2 9751
-36 -15 9732
-31 4 10646
-32 -21 9432
-35 -26 10649
-35 13 11641
-37 22 12908
-38 -16 11391
-34 -23 12353
-45 -23 11906
-38 -23 13233
-54 -25 12450
-28 -33 14530
-44 -19 14437
-43 -27 14773
-38 -30 15765
-35 -36 17147
-52 -17 15413
-44 -7 15908
-58 -26 16699
-35 -7 17332
-44 3 16675
-45 -16 17534
-53 -5 16656
-46 -6 18227
-54 0 18022
-57 -3 18738
52
0 -4 340
4 7 1115
7 6 2223
2 3 896
-2 11 1738
14 4 2618
-7 21 3008
7 7 4301
14 -1 6064
-9 15 2774
15 3 7316
-1 7 2990
-10 0 3445
15 11 7814
18 14 8624
-18 -6 4091
27 22 10443
18 17 9247
23 24 9358
24 18 11430
28 22 12514
28 28 12630
18 24 12775
29 21 12611
26 22 12291
26 25 12881
19 33 14252
16 17 13682
15 7 15124
14 27 14422
20 27 14289
10 31 15370
20 19 15585
23 25 15285
33 24 16376
22 19 15646
37 32 16820
22 10 17409
28 16 18982
25 4 17640
25 8 18601
24 5 18117
31 -2 20174
18 10 18751
27 -10 20934
14 7 19863
21 -11 21481
15 4 20220
24 -4 23002
20 -12 21434
30 6 23968
17 0 23887
51
0 1 144
1 9 103
9 -7 1879
0 4 1348
16 -15 2589
-4 1 1926
-14 -7 2146
-10 0 2635
-17 -10 3191
-3 -2 3022
-22 -18 3145
7 0 4579
14 9 5968
-2 7 6082
13 15 5928
22 11 7260
14 19 5985
22 19 5842
13 19 6775
24 17 6156
32 14 7006
24 7 8074
26 5 9120
25 6 8403
26 10 9048
21 13 9347
17 17 10058
28 1 9598
9 20 10700
12 26 10942
17 18 11733
10 20 12162
16 29 12860
10 14 12858
5 12 12464
15 33 12383
-3 7 14073
1 8 12094
-13 0 15181
0 7 12273
-4 8 13352
1 15 13627
11 10 15427
8 22 14326
6 17 16568
10 4 16000
-3 24 17858
3 8 17855
-3 17 19055
13 -2 19754
7 -5 20431
50
8 -8 208
3 3 1729
2 12 3180
4 -3 1967
-8 12 4690
6 -2 1173
-1 8 1824
5 5 2504
2 7 2677
-1 14 2475
-2 6 3778
11 12 4217
13 5 5654
-1 9 4696
-3 19 6641
-3 6 5624
-13 11 7231
-13 3 5750
-12 4 6819
-15 7 8399
-12 6 7777
-5 1 7182
-12 12 8752
-4 -3 8013
-21 15 10016
-22 13 10658
-23 25 10847
-14 25 10476
-26 23 10616
-23 17 11118
-19 16 11344
-27 32 12424
-28 19 11395
-34 26 13897
-24 12 11100
-39 23 13513
-15 5 11367
-25 11 11623
-31 21 13296
-19 19 13316
-18 29 13566
-40 30 13365
-20 32 13591
-37 39 14412
-26 42 14451
-16 22 13857
-23 41 13975
-15 24 14245
-19 33 15425
-29 33 13826
49
-8 -8 788
2 4 1346
-4 -9 1445
5 1 1916
-6 0 1872
6 -9 3658
16 1 4303
-15 3 3197
-12 -1 4135
20 7 4974
21 17 5876
-12 0 5002
25 14 7101
-20 -9 6390
-28 -5 7928
-18 -4 7163
-15 -11 8114
-35 -3 8647
-21 -5 8210
-38 -2 8994
-13 -14 9686
-41 -6 8717
-50 -5 8880
-35 1 9002
-60 -10 10774
-47 -11 9251
-46 -15 10618
-55 -8 10222
-60 -13 10896
-61 1 11075
-67 -3 11711
-61 5 10653
-72 -9 12392
-73 5 13500
-69 -12 11996
-65 8 13475
-58 -1 14709
-61 9 14806
-63 0 15074
-52 4 16054
-73 6 16499
-54 1 16472
-49 -8 18069
-81 8 17180
-84 5 17794
-82 14 18121
-83 15 17795
-76 11 18694
-75 12 18471
48
-3 -10 1246
-3 -5 851
-7 -9 1057
5 -13 2437
-15 -14 876
2 -13 2702
3 -3 4130
-5 -18 2627
5 -7 3560
-12 -10 4127
-2 -8 5846
-22 -7 5009
1 -10 6718
-11 -14 7054
4 -5 7425
6 -20 7461
9 -9 8498
8 1 8353
6 6 8653
9 -18 10063
15 4 10542
6 3 9450
14 -2 11344
17 11 12183
13 5 11921
18 6 12897
25 6 13629
18 7 11817
14 5 12934
21 4 11383
7 11 13239
13 -4 14395
7 9 14358
8 5 14710
6 7 14704
-3 1 15884
2 -8 17008
-6 -7 16531
-10 -8 17671
-16 -3 17587
-22 -7 18760
-12 2 19444
-13 -5 20279
-23 -12 18628
-8 -15 20437
-17 -18 19195
-9 -6 21741
-7 -22 20383
47
0 2 1546
4 3 181
5 4 870
-10 1 2801
-2 -5 1874
0 6 4678
5 -15 2721
9 4 6137
0 -20 2652
16 4 6495
16 10 6573
24 -4 8217
33 -10 9003
6 15 7690
24 -2 8923
15 11 8376
30 7 9906
18 5 8085
33 6 9728
17 -2 9419
34 15 9736
27 12 10344
35 15 9999
26 15 10106
40 21 9789
38 7 10219
36 -1 11062
42 31 11287
42 -10 12347
29 -3 10911
45 -19 12406
45 -6 13022
36 4 14674
42 4 14966
41 1 16147
43 -6 15748
33 -5 17505
47 2 17703
30 -7 17725
31 -10 18874
26 3 18437
39 -19 19270
35 4 19279
24 1 19435
17 5 19914
27 -1 19618
12 14 20458
46
5 -3 1153
-9 -3 1106
-19 -3 2621
5 -2 919
-18 4 2477
12 -3 2585
4 -2 4080
7 -2 3682
4 -10 4463
4 -1 4322
7 5 4510
5 0 4756
-2 14 5055
10 -3 5958
-12 9 6021
-5 13 5735
-21 -1 6113
-12 10 6686
-11 6 7931
-31 4 7215
-22 14 8622
-1 13 8094
-25 21 9862
-1 9 7744
-28 17 10070
-18 29 9948
-19 24 10093
-19 22 10046
-13 21 10827
-11 15 11822
-19 12 12557
-21 19 11127
-11 26 11777
-22 15 13793
-12 8 14011
-13 24 14649
-9 25 15500
-11 15 13979
-19 30 15513
-13 12 15271
-9 31 17417
-26 36 17076
0 24 19080
-24 27 18222
4 27 19766
6 25 18791
45
-3 -3 1004
9 -3 203
4 -3 1534
2 -1 343
11 -10 539
13 -5 1989
13 0 1385
3 -16 524
20 6 1946
17 1 1880
13 -4 3873
28 8 2530
35 -2 3604
24 12 3427
26 11 3908
32 9 3611
30 3 4354
37 9 3225
39 10 6143
30 7 3153
22 10 3033
28 5 2410
31 5 4482
20 14 3018
37 12 6024
24 3 4752
26 7 5887
40 19 7494
33 9 7071
28 7 6954
38 6 8697
25 11 8134
15 8 9471
36 16 9426
40 18 9422
12 10 10533
21 9 11912
5 0 10969
2 -3 11239
24 16 12594
25 13 13154
6 -3 10807
13 -5 12350
11 1 11080
3 -4 11719
44
6 0 408
9 -3 754
0 1 1051
8 -8 1666
13 1 2450
9 -7 2851
8 0 3275
9 -11 3820
-1 -2 4047
6 -15 4775
7 -1 4433
9 -20 4845
11 -11 6398
4 -29 6671
12 -22 8334
11 -38 8409
3 -16 8912
20 -42 8414
-5 -6 9211
2 -21 9110
-1 -16 8672
8 -14 10292
-5 -25 8874
-5 -26 8948
-11 -15 10476
3 -24 9641
-2 -31 10347
-1 -12 11044
7 -38 12109
-2 -20 11266
-6 -18 10871
-4 -11 11795
-9 -19 12280
2 -20 11149
-16 -22 13578
-15 -24 13056
-19 -13 13525
-17 -22 14507
-10 -25 14829
-20 -23 14291
-12 -15 16383
-1 -15 15578
-20 -25 17781
-3 -11 15947
43
-2 -1 1078
-1 9 222
3 4 553
-1 -3 2119
-7 -11 3340
2 2 1703
-3 -3 2252
5 9 3299
14 -1 4495
-11 4 3752
-21 6 4589
-8 -2 5056
-26 11 4262
-16 -12 5284
-27 13 4360
-30 19 5053
-21 12 4323
-25 17 4771
-16 6 5223
-26 15 5689
-35 20 6291
-19 16 6441
-18 8 6826
-27 28 7585
-17 29 8952
-27 38 9119
-24 29 8725
-14 33 9023
-20 32 9759
-20 24 9394
-24 34 10612
-28 34 10469
-27 24 11640
-17 42 11554
-17 39 11878
-20 51 11691
-12 42 13546
-11 34 12266
-19 32 14004
-6 43 14431
-16 53 16093
-17 29 13388
-15 50 16721
42
4 9 214
3 6 1139
-6 13 2204
-3 8 722
-2 7 2003
-10 1 1110
-10 5 635
3 12 2400
-3 5 1517
-20 1 1610
-7 4 2562
-12 10 2657
-15 4 3634
-2 -1 3077
-22 0 4234
-18 3 3750
-31 6 4936
-9 10 4194
-33 11 4729
-40 5 4890
-37 2 5507
-35 -3 4885
-35 1 5136
-43 -1 5441
-44 -8 6791
-33 -7 6200
-36 -8 6976
-44 -9 6291
-41 -8 7576
-34 -15 8665
-32 -14 8691
-36 -9 7231
-41 -7 6801
-29 -7 8495
-37 0 9147
-35 -17 8070
-34 -10 9759
-30 0 9616
-23 10 10862
-33 -18 9638
-33 20 12761
-33 -8 10558
41
10 3 1732
10 9 1460
7 -1 1204
5 13 2263
-2 11 3246
5 -1 494
2 -11 1379
-4 11 3182
11 -9 1881
5 -21 3044
8 -26 3569
12 -20 4733
-2 -33 4738
9 -27 3085
-4 -36 4735
14 -21 4163
0 -45 4896
4 -21 5927
10 -44 5093
-2 -42 4390
18 -43 5548
-3 -36 4401
28 -44 7427
-6 -29 4691
-1 -22 4615
19 -35 7997
12 -37 8014
2 -20 4931
8 -20 6406
4 -36 8574
4 -34 9510
8 -35 9491
-2 -37 10125
16 -37 11097
12 -37 11772
15 -43 11634
6 -49 11555
18 -30 12012
21 -39 12887
-4 -46 12006
-9 -52 12491
40
-6 -4 738
6 3 1467
0 12 1971
2 -6 2804
2 7 2418
-4 -15 3396
-5 -3 2544
5 -24 3453
5 -6 3696
-4 -28 4727
15 -3 5321
6 -21 5322
5 -4 5927
15 -8 5348
13 0 7591
13 2 6393
4 8 7771
17 -1 7354
-1 8 8139
13 8 8871
3 14 9310
5 17 10417
7 22 10072
13 20 10786
12 30 10552
13 14 10536
11 23 12429
13 5 11806
14 14 12753
17 27 12448
23 11 12720
21 18 12421
25 2 14183
33 21 14515
29 19 14360
18 -4 14327
18 4 15387
37 17 15408
19 1 15436
27 -6 16480
39
7 -2 932
2 10 1468
1 11 709
-2 3 2208
2 2 3430
4 9 1910
2 7 3952
-6 1 3461
-14 9 4989
2 11 3413
6 17 3845
-3 19 5030
8 15 4889
-8 11 5751
-4 21 7679
-18 16 6011
-8 20 6510
-9 16 7370
0 19 8231
-9 25 8389
-9 24 9689
-18 17 9420
-3 34 11281
-20 24 9599
-20 30 10348
-27 33 9537
-21 38 10011
-24 29 9356
-29 28 9392
-16 31 10614
-34 20 11049
-6 34 11171
-8 42 11769
-4 38 11493
-13 47 12266
1 39 13463
2 29 14492
-12 41 13408
-15 38 13324
38
-3 0 429
4 6 589
-12 6 657
-4 5 1258
-11 11 1619
-6 0 1649
-14 -2 1936
-18 14 1947
-10 14 3195
-17 -8 2954
-21 -14 3684
-6 7 4300
-1 1 4024
4 14 5137
3 -4 5243
8 -4 4457
4 -1 6247
12 -7 6857
4 -6 7271
14 -2 6297
7 -12 7971
-4 -14 8892
1 -11 8383
6 -17 7493
9 -6 9569
-9 -5 8927
18 -7 10047
1 2 9596
8 -7 10241
-2 9 9480
8 -6 10672
13 -4 11735
3 -4 13341
9 -14 12655
12 -13 13343
9 3 14400
4 -6 14526
13 -4 13699
37
9 7 530
-6 3 1481
11 17 1435
0 -3 1505
8 15 2467
9 8 2159
16 -1 2345
14 18 2340
13 -9 3539
9 -10 2510
5 -16 4140
14 -9 3725
20 -12 4776
9 -8 4203
12 -10 4214
16 2 5039
12 -15 4956
13 -4 5482
14 -7 4959
14 -21 4600
8 -17 5798
15 -3 5613
8 -1 6290
17 1 5795
15 7 7244
9 -2 6810
19 -7 7895
9 0 6788
12 -8 9124
18 3 7908
28 6 7916
5 -16 10656
11 -15 12201
-4 -22 11426
13 -11 12952
15 -15 11647
18 -20 11688
36
-1 -1 1277
-5 -2 1549
0 -2 2302
5 -2 1392
1 1 1812
-1 2 1969
9 -8 3944
-4 5 2444
-4 12 3415
-10 6 4023
-8 8 4506
-10 15 3985
-17 22 5325
-4 10 4696
-11 15 4396
-2 8 5019
-6 11 5670
-1 22 5161
4 13 6930
-2 23 4313
12 5 8188
-2 25 5286
-12 31 6452
6 34 5280
14 26 6297
-3 37 5190
13 18 7471
7 31 7377
16 18 8527
7 38 7448
8 36 7582
7 10 10067
4 8 10820
-1 27 9103
-8 31 8826
3 16 11454
35
-7 -6 1033
10 3 620
-7 -11 1874
3 1 1416
-16 -19 3312
11 5 1241
-17 -18 4228
-11 -26 3240
-12 -30 4187
-7 -22 4221
-2 -35 5963
-12 -39 4331
-11 -30 7250
3 -45 7212
8 -39 8664
-15 -24 7851
-13 -23 7213
-8 -34 7875
-19 -16 8913
1 -41 8411
7 -39 8017
-9 -26 9776
-18 -27 11447
5 -31 8987
-14 -33 11381
2 -32 9231
-21 -36 11259
-4 -30 8958
-19 -32 11607
-24 -28 12580
-22 -30 12154
-28 -23 11530
-14 -32 13226
-25 -21 11697
-33 -30 13511
34
7 7 1139
0 -10 3
17 10 2435
5 -1 2455
10 -11 3803
11 -6 3557
1 -16 5042
14 1 3915
4 -2 5888
18 -3 4666
12 -12 6447
15 7 5361
23 5 7020
24 -3 6358
15 -5 7580
24 4 7906
11 -6 7870
13 -5 7684
15 5 8094
21 -9 8784
21 5 9006
19 2 7975
25 9 8916
12 9 10527
27 7 9011
13 12 9994
20 4 11135
6 8 10094
15 12 10346
25 9 12172
27 8 13146
21 18 13701
32 10 12718
26 15 14605
33
5 -6 805
8 -10 1242
11 -4 405
15 -8 2473
14 1 4110
16 -5 2319
16 -11 3552
16 -15 3142
7 -19 4277
12 -21 4997
5 -24 4164
19 -22 5547
-5 -24 5569
19 -31 6230
1 -23 5837
-10 -25 7061
-4 -30 6763
-18 -24 8797
-1 -30 6353
-2 -28 7515
3 -22 7257
8 -21 8366
-5 -16 8363
4 -17 9416
1 -8 8805
2 -21 9302
-6 -16 10269
0 -15 10460
7 -11 10673
2 -13 10727
-6 -5 12253
8 -22 11660
-2 -12 13595
32
10 -2 935
8 4 1578
8 12 1410
11 -12 2596
21 -18 4195
15 -5 3694
25 -23 5150
10 -9 4307
8 -8 4771
13 -11 4607
9 -2 4991
4 -6 5243
1 1 6608
9 6 5566
-2 -4 7979
8 5 5266
-7 -11 9583
3 -5 5840
11 4 5895
-1 3 6552
-7 6 7506
2 11 7804
6 10 7713
-6 15 9114
-4 9 9179
0 17 10670
6 13 10739
8 13 10486
6 22 10637
11 12 11917
15 14 13286
10 4 13087
31
-5 -2 797
-4 -1 1339
-13 4 2446
-6 -9 1262
-12 -2 1608
-23 3 4303
-13 -2 2333
-27 0 4186
-28 5 5609
-34 5 5628
-35 3 6191
-35 9 6813
-36 -6 6749
-36 10 6165
-41 -7 8049
-30 12 7457
-36 12 8003
-51 -3 8176
-41 10 8624
-44 1 8343
-37 10 8325
-38 1 7990
-35 0 8655
-46 -7 8316
-27 -1 9534
-32 -7 9481
-24 -6 9525
-37 4 9641
-27 7 11194
-36 10 9681
-30 14 11384
30
3 -1 1142
10 9 1690
2 -5 2256
10 -8 1712
-1 -5 1559
4 -5 1358
3 4 3042
2 3 1610
4 4 3573
0 14 3368
-2 4 4657
9 19 5225
-5 6 4806
-1 -4 5848
-9 -13 7696
1 0 5252
-1 -6 6393
-15 -14 8693
-3 -12 6039
8 1 7030
9 -1 6743
-12 -2 7566
-13 -4 8268
18 6 7945
-22 -10 8331
17 3 7307
8 6 7882
-16 -10 8452
-26 -11 10193
-9 -15 9605
29
5 -7 154
5 -8 436
-5 -6 1976
-5 -2 843
-10 -6 1336
5 -4 3817
-11 -4 699
-14 -4 1652
-20 1 1752
-15 -7 2057
-12 -9 3016
-14 4 2168
-16 -6 3457
-12 -2 3405
-16 -5 4059
-4 -6 3281
-10 -10 4868
-7 -12 3251
-15 -6 4403
-17 -1 4815
-10 -11 4379
-18 8 5199
-18 -2 4336
-25 3 5736
-26 -3 4649
-25 -11 5441
-21 -9 6495
-20 -17 6591
-20 -12 6145
28
-10 9 276
-1 4 1691
-4 19 670
0 12 1217
-7 9 2512
-13 28 2208
1 -1 4253
-6 10 2919
-9 17 4348
-6 17 3237
-2 23 5215
0 20 4880
4 23 5879
-2 20 6484
11 30 6751
8 11 6587
19 22 7496
7 28 7322
29 20 7704
16 30 8695
26 22 7797
20 13 9250
12 17 9134
22 15 9980
26 14 10138
20 8 10853
15 4 10666
19 -1 12356
27
-5 0 605
-2 -1 898
-5 7 1739
-5 -4 1948
-3 11 2372
-12 -7 2827
-7 0 4263
-7 -2 3778
-3 9 4401
-2 0 4138
-13 5 5554
6 7 4386
4 11 5386
-4 16 5987
3 24 6390
-9 15 5729
-4 14 6601
-11 22 6299
-20 20 6554
5 24 8520
-18 15 6605
-25 19 7842
-23 10 8920
-8 20 7585
-28 15 8850
-1 28 8522
0 26 8048
26
-3 2 1750
-6 9 1227
-6 5 2275
3 16 2934
0 20 2601
9 8 2897
-5 13 3444
2 13 3186
5 18 3893
8 22 3545
-5 19 5397
1 17 3346
7 26 4844
3 9 7016
5 10 7329
2 34 5384
3 0 7785
5 36 5457
7 7 7775
10 45 6576
17 3 8531
15 16 7694
9 23 8607
21 10 8018
14 28 9371
12 11 9410
25
-3 5 1209
-10 10 646
-11 14 1944
-5 13 2560
-6 14 2809
-7 10 2520
-2 6 3937
-4 14 2728
3 23 2890
0 15 3678
-1 16 4389
10 12 4817
-9 12 4539
-11 9 6138
1 18 6042
-3 8 4981
-13 3 6627
-5 16 5690
-9 7 7967
4 12 7095
-3 10 7944
-1 0 7918
6 14 9171
-7 10 8091
-2 12 9526
24
9 10 984
-10 -5 199
-14 5 1078
17 14 1371
21 12 1820
-5 5 1475
17 19 2557
-7 -4 1378
21 16 3697
-2 -12 2285
-7 -16 1952
-11 -5 4074
-13 -10 3187
-14 -14 5505
-21 -16 6984
-5 -18 4294
-11 -13 7944
-20 -25 7042
-20 -7 9172
-11 -12 8900
-19 -5 8952
-2 -5 9654
-13 -12 9717
-23 -13 10228
23
3 -10 1025
0 -2 24
-5 -6 26
-6 -17 1996
-8 -22 2506
3 -15 140
-3 -26 3019
-4 -23 2091
-3 -25 1315
-9 -20 2291
-7 -28 3877
-6 -11 2496
2 -29 4974
-17 -35 5047
-1 -31 5326
-22 -45 5715
5 -30 5649
-14 -42 5983
-8 -37 7562
-1 -30 6402
-18 -34 7883
-3 -27 7608
-20 -41 7690
