100
4 4
1.4000
0.5000 0.7000 0.8000 0.6000
2 2
1.0000
0.0000 0.0000
2 2
0.0000
0.9000 0.8000
2 2
0.1000
0.4000 0.5000
47 47
18.2362
0.9044 0.8156 0.3767 0.6748 0.2644 0.7955 0.0402 0.1767 0.9547 0.1496 0.5212 0.2632 0.6202 0.5245 0.9145 0.4583 0.4969 0.7169 0.7406 0.1828 0.5422 0.9615 0.6037 0.0270 0.3885 0.2944 0.4901 0.7458 0.5576 0.6728 0.3913 0.8810 0.9303 0.1853 0.0090 0.1907 0.4350 0.4900 0.1965 0.7430 0.0423 0.3598 0.3822 0.5303 0.9824 0.6194 0.9234
45 45
18.1571
0.7881 0.0593 0.0664 0.0649 0.7755 0.1861 0.0762 0.5016 0.2979 0.9146 0.6736 0.3974 0.3245 0.5744 0.2117 0.8411 0.7986 0.2068 0.8343 0.9005 0.9236 0.0929 0.2147 0.6525 0.8854 0.6910 0.4020 0.0671 0.2215 0.6560 0.1348 0.0411 0.2420 0.9509 0.6821 0.1576 0.9565 0.7566 0.6870 0.3888 0.8788 0.8722 0.2827 0.0447 0.8025
50 50
19.9057
0.0407 0.7464 0.5308 0.1902 0.0037 0.9318 0.5546 0.8357 0.7241 0.2763 0.3201 0.3098 0.2464 0.3607 0.5786 0.6294 0.3885 0.5768 0.0147 0.8539 0.0897 0.2836 0.8923 0.7577 0.2688 0.0563 0.1563 0.4380 0.2478 0.8672 0.7218 0.5681 0.5481 0.5721 0.0681 0.2294 0.0016 0.4068 0.0750 0.9726 0.0835 0.0351 0.3969 0.3303 0.0127 0.5480 0.2681 0.1313 0.6563 0.8557
47 47
20.8028
0.8607 0.5872 0.1585 0.5860 0.4011 0.0313 0.4889 0.2256 0.0191 0.9042 0.2068 0.8485 0.1152 0.9980 0.8900 0.0322 0.1189 0.4460 0.6736 0.4056 0.9080 0.4040 0.9670 0.7709 0.9632 0.1545 0.4508 0.7824 0.7998 0.0321 0.0193 0.7359 0.5047 0.4207 0.2992 0.2827 0.1236 0.8190 0.4185 0.7886 0.6081 0.3082 0.6311 0.6449 0.3700 0.1338 0.2574
47 47
21.8127
0.7710 0.2930 0.7438 0.1514 0.5192 0.0863 0.3104 0.7524 0.2753 0.4460 0.1253 0.2203 0.6540 0.4070 0.8195 0.3432 0.5584 0.7710 0.3866 0.0805 0.7009 0.3539 0.5478 0.3358 0.2992 0.3855 0.0528 0.3252 0.7682 0.7533 0.7100 0.4238 0.7681 0.5782 0.9440 0.4476 0.4570 0.9125 0.3010 0.8982 0.2820 0.8271 0.9572 0.3250 0.0452 0.0161 0.9740
46 46
19.1943
0.4297 0.0721 0.2311 0.2788 0.7433 0.0316 0.7615 0.1427 0.5720 0.4253 0.6818 0.1678 0.4740 0.3899 0.1377 0.5511 0.8775 0.6485 0.2410 0.2989 0.1451 0.0456 0.3222 0.3612 0.1246 0.3351 0.8216 0.7332 0.5746 0.0933 0.6163 0.8211 0.9987 0.0729 0.5491 0.9236 0.6544 0.0842 0.5608 0.5171 0.6213 0.6203 0.9507 0.9587 0.1733 0.4192
47 47
0.5837
0.3154 0.5064 0.8283 0.6048 0.8867 0.4096 0.7619 0.1213 0.3793 0.2916 0.4186 0.9160 0.3682 0.6696 0.6248 0.5956 0.1291 0.2976 0.2637 0.8207 0.0343 0.9137 0.3950 0.8177 0.6586 0.7335 0.7970 0.2756 0.4740 0.9918 0.7999 0.3602 0.6131 0.8463 0.8738 0.5603 0.7167 0.0082 0.4499 0.7741 0.5026 0.1457 0.7012 0.0304 0.5373 0.8003 0.5646
50 50
0.0000
1.0000 1.0000 1.0000 1.0000 1.0000 1.0000 1.0000 1.0000 1.0000 1.0000 1.0000 1.0000 1.0000 1.0000 1.0000 1.0000 1.0000 1.0000 1.0000 1.0000 1.0000 1.0000 1.0000 1.0000 1.0000 1.0000 1.0000 1.0000 1.0000 1.0000 1.0000 1.0000 1.0000 1.0000 1.0000 1.0000 1.0000 1.0000 1.0000 1.0000 1.0000 1.0000 1.0000 1.0000 1.0000 1.0000 1.0000 1.0000 1.0000 1.0000
50 50
18.4871
0.4600 0.4317 0.5542 0.9031 0.0965 0.9758 0.7974 0.7354 0.1125 0.5972 0.6481 0.5998 0.5650 0.4312 0.0542 0.5365 0.1637 0.5915 0.2421 0.8956 0.8498 0.1618 0.0412 0.8575 0.1290 0.1622 0.4215 0.8699 0.8560 0.4074 0.5319 0.0942 0.6069 0.8042 0.3870 0.1666 0.6541 0.9569 0.4350 0.3371 0.5939 0.0637 0.9795 0.3865 0.0264 0.6012 0.5456 0.7879 0.0740 0.1749
50 50
18.3863
0.5951 0.3737 0.2807 0.4845 0.2915 0.7204 0.7874 0.1766 0.1160 0.8314 0.8354 0.7172 0.2562 0.1320 0.9306 0.5389 0.5556 0.4734 0.8031 0.3054 0.6514 0.1671 0.4902 0.3883 0.8575 0.5390 0.3482 0.5696 0.5653 0.4259 0.7986 0.7545 0.0544 0.9513 0.2065 0.9735 0.5343 0.8400 0.3501 0.8171 0.8785 0.8074 0.0029 0.1311 0.6701 0.3186 0.2781 0.6767 0.1971 0.8563
50 50
19.3812
0.6349 0.0005 0.7049 0.1707 0.2134 0.5716 0.8241 0.2776 0.9187 0.3898 0.9571 0.9521 0.0655 0.8908 0.0946 0.2936 0.3266 0.0960 0.1684 0.7804 0.3034 0.2563 0.9975 0.9053 0.1516 0.5288 0.8711 0.9066 0.2464 0.4748 0.9968 0.8593 0.3265 0.7100 0.1275 0.3880 0.6226 0.5642 0.3746 0.4608 0.4540 0.9380 0.2508 0.3848 0.5259 0.7304 0.6206 0.2032 0.2802 0.1292
45 45
17.5467
0.5576 0.2752 0.5080 0.7283 0.5351 0.5714 0.8080 0.7230 0.9015 0.3380 0.4040 0.6253 0.5561 0.0967 0.3374 0.7949 0.0336 0.4996 0.3919 0.9651 0.6368 0.6836 0.3024 0.8480 0.9201 0.4978 0.3970 0.4974 0.3305 0.3405 0.2178 0.3660 0.0209 0.8025 0.9574 0.5973 0.5483 0.5211 0.4561 0.1288 0.9283 0.7643 0.3457 0.6411 0.0561
50 50
18.1988
0.7429 0.7709 0.1296 0.2028 0.2013 0.5379 0.5086 0.1813 0.3168 0.3784 0.9878 0.5503 0.6917 0.3152 0.8130 0.4678 0.1441 0.4476 0.2989 0.9627 0.7503 0.3092 0.6538 0.9689 0.5896 0.1711 0.4148 0.6582 0.0339 0.1888 0.6257 0.4096 0.2466 0.8828 0.0206 0.7667 0.8751 0.2753 0.9383 0.6271 0.1420 0.1071 0.3138 0.1401 0.5833 0.2729 0.7390 0.3103 0.3077 0.4250
46 46
19.0950
0.1921 0.6793 0.3695 0.9988 0.9145 0.8589 0.5026 0.4494 0.7125 0.4684 0.3406 0.0436 0.6927 0.1407 0.5302 0.6325 0.4205 0.3805 0.3404 0.3543 0.6694 0.1003 0.2261 0.4323 0.6101 0.9081 0.6434 0.3667 0.8324 0.8986 0.1566 0.8721 0.1208 0.6894 0.2380 0.1610 0.4830 0.8040 0.4758 0.1934 0.0931 0.0667 0.4398 0.1041 0.6878 0.6817
45 45
15.8850
0.8235 0.6245 0.0390 0.6390 0.6929 0.6648 0.5130 0.5778 0.5673 0.0520 0.8858 0.1150 0.9290 0.2276 0.5524 0.4666 0.1337 0.7518 0.2846 0.7124 0.2866 0.5197 0.3196 0.2881 0.3282 0.9094 0.8468 0.2726 0.0556 0.1600 0.5954 0.6912 0.3792 0.2038 0.8301 0.0283 0.8791 0.6909 0.1728 0.6273 0.2407 0.8904 0.8554 0.7504 0.6407
45 45
14.4720
0.1774 0.1123 0.4577 0.8624 0.5948 0.5254 0.4767 0.8066 0.0767 0.9732 0.1928 0.9321 0.2045 0.1897 0.1656 0.2324 0.0978 0.9213 0.0783 0.8823 0.6764 0.2864 0.9409 0.5894 0.2352 0.9637 0.9339 0.9036 0.0734 0.8004 0.9396 0.6432 0.5734 0.4905 0.7052 0.1948 0.5700 0.6372 0.7550 0.9810 0.7530 0.9070 0.4522 0.2610 0.2988
48 48
18.8908
0.7079 0.2557 0.7303 0.1839 0.5240 0.1120 0.3960 0.2805 0.7082 0.2581 0.1704 0.8594 0.0866 0.7820 0.2843 0.9206 0.5962 0.8872 0.2457 0.4387 0.6207 0.3329 0.7100 0.9008 0.2368 0.0389 0.5989 0.5464 0.3835 0.2755 0.4534 0.3001 0.1659 0.8962 0.5207 0.7342 0.2896 0.2755 0.5453 0.5452 0.0574 0.7549 0.6835 0.9125 0.5214 0.8674 0.8832 0.7929
1 1
0.0000
1.0000
47 47
17.6537
0.5054 0.5818 0.2014 0.6100 0.9356 0.4236 0.6482 0.9150 0.8148 0.0728 0.9529 0.6059 0.9638 0.9862 0.2363 0.9632 0.6592 0.2566 0.3396 0.5690 0.0244 0.3678 0.4141 0.6523 0.7247 0.1770 0.3506 0.7896 0.4749 0.2617 0.8732 0.7256 0.0050 0.3475 0.4893 0.5174 0.6043 0.8505 0.7839 0.3557 0.1488 0.0792 0.4161 0.9758 0.6521 0.9546 0.9177
50 50
0.0000
0.8765 0.8765 0.8765 0.8765 0.8765 0.8765 0.8765 0.8765 0.8765 0.8765 0.8765 0.8765 0.8765 0.8765 0.8765 0.8765 0.8765 0.8765 0.8765 0.8765 0.8765 0.8765 0.8765 0.8765 0.8765 0.8765 0.8765 0.8765 0.8765 0.8765 0.8765 0.8765 0.8765 0.8765 0.8765 0.8765 0.8765 0.8765 0.8765 0.8765 0.8765 0.8765 0.8765 0.8765 0.8765 0.8765 0.8765 0.8765 0.8765 0.8765
48 48
22.3763
0.0794 0.8193 0.2632 0.0147 0.6680 0.9061 0.0153 0.1949 0.3380 0.0459 0.6656 0.8235 0.3104 0.5312 0.6896 0.0701 0.5823 0.4946 0.6168 0.6243 0.8881 0.1565 0.8736 0.4797 0.7313 0.7436 0.3652 0.7009 0.8521 0.6755 0.1691 0.4084 0.3473 0.9617 0.9113 0.0228 0.9720 0.2924 0.3989 0.5006 0.8411 0.5147 0.3015 0.3152 0.8657 0.9820 0.6193 0.1078
47 47
18.1963
0.8744 0.2363 0.7010 0.7742 0.5363 0.9873 0.3809 0.0286 0.9516 0.7895 0.7990 0.2719 0.5228 0.0991 0.4924 0.3832 0.8430 0.5497 0.9774 0.5540 0.0204 0.1526 0.2366 0.2296 0.5219 0.9863 0.2891 0.7190 0.1918 0.9525 0.0112 0.6804 0.1642 0.7795 0.0186 0.8945 0.2017 0.6157 0.5643 0.2017 0.3358 0.5302 0.1328 0.7148 0.1665 0.9660 0.6714
50 50
20.6532
0.5154 0.4636 0.6218 0.6095 0.2033 0.4812 0.3911 0.1312 0.2692 0.7803 0.6782 0.7846 0.1680 0.2154 0.7500 0.9008 0.8564 0.9267 0.7571 0.5462 0.0326 0.7872 0.7663 0.7153 0.0264 0.9434 0.1327 0.8434 0.3025 0.9365 0.4464 0.0558 0.8817 0.7932 0.4900 0.3466 0.2134 0.3742 0.0869 0.8310 0.3184 0.3908 0.0101 0.8598 0.5993 0.5626 0.1929 0.9669 0.6766 0.7252
50 50
18.1539
0.7082 0.0638 0.1708 0.3466 0.5493 0.5700 0.1553 0.4387 0.3961 0.8247 0.7549 0.6910 0.6191 0.8152 0.1507 0.4007 0.7419 0.6373 0.3958 0.5084 0.2485 0.8967 0.6237 0.2458 0.1348 0.6880 0.1696 0.9855 0.5510 0.1862 0.2045 0.5547 0.9102 0.3022 0.8054 0.1786 0.9691 0.7301 0.0608 0.5309 0.6553 0.0164 0.6507 0.6124 0.9111 0.4495 0.6355 0.1469 0.0712 0.2936
50 50
16.7441
0.4611 0.9020 0.9965 0.1528 0.5010 0.2544 0.0797 0.8478 0.8152 0.1860 0.2233 0.4596 0.8620 0.4424 0.9105 0.6817 0.4216 0.6859 0.0732 0.1376 0.5569 0.2009 0.7466 0.4578 0.9623 0.6395 0.8251 0.8473 0.4836 0.2905 0.8437 0.3201 0.4840 0.9210 0.2978 0.1586 0.8878 0.5627 0.7518 0.4085 0.5685 0.1424 0.3983 0.5575 0.8940 0.8897 0.8349 0.6620 0.4139 0.8973
50 50
1.0000
0.3333 0.3333 0.3333 0.3333 0.3333 0.3333 0.3333 0.3333 0.3333 0.3333 0.3333 0.3333 0.3333 0.3333 0.3333 0.3333 0.3333 0.3333 0.3333 0.3333 0.3333 0.3333 0.3333 0.3333 0.3333 0.3333 0.3333 0.3333 0.3333 0.3333 0.3333 0.3333 0.3333 0.3333 0.3333 0.3333 0.3333 0.3333 0.3333 0.3333 0.3333 0.3333 0.3333 0.3333 0.3333 0.3333 0.3333 0.3333 0.3333 0.3333
45 45
21.4438
0.7191 0.2354 0.4302 0.6638 0.8740 0.4340 0.1363 0.9379 0.7222 0.6391 0.8155 0.7586 0.0034 0.7442 0.1347 0.1345 0.2384 0.9052 0.7890 0.6189 0.6326 0.1499 0.4036 0.3626 0.7997 0.7321 0.7680 0.1660 0.8670 0.7221 0.0539 0.8360 0.3679 0.1292 0.8783 0.3764 0.5976 0.3410 0.8642 0.1021 0.1120 0.0786 0.7041 0.2708 0.2702
48 48
17.8886
0.3904 0.7794 0.9947 0.5290 0.6456 0.1276 0.3332 0.3289 0.8516 0.6658 0.3640 0.4294 0.3305 0.4530 0.5783 0.2516 0.0123 0.2613 0.4648 0.1262 0.0486 0.4552 0.3592 0.9742 0.2827 0.8432 0.6937 0.0177 0.2871 0.7947 0.0165 0.0654 0.4325 0.7665 0.4295 0.5734 0.8133 0.6876 0.9675 0.0838 0.6751 0.2407 0.4606 0.1984 0.9688 0.0067 0.9938 0.9149
45 45
20.4002
0.3215 0.4280 0.0687 0.5047 0.7300 0.9103 0.5947 0.0988 0.2348 0.6741 0.2253 0.2002 0.2130 0.0582 0.5273 0.3996 0.4153 0.2564 0.6559 0.2921 0.3040 0.2922 0.8156 0.7296 0.4557 0.4831 0.7259 0.1226 0.7274 0.7660 0.7949 0.7144 0.1297 0.5905 0.7094 0.3534 0.9326 0.0353 0.0188 0.4011 0.8253 0.3655 0.7738 0.1101 0.9278
50 50
1.0000
0.0000 0.0000 0.0000 0.0000 0.0000 0.0000 0.0000 0.0000 0.0000 0.0000 0.0000 0.0000 0.0000 0.0000 0.0000 0.0000 0.0000 0.0000 0.0000 0.0000 0.0000 0.0000 0.0000 0.0000 0.0000 0.0000 0.0000 0.0000 0.0000 0.0000 0.0000 0.0000 0.0000 0.0000 0.0000 0.0000 0.0000 0.0000 0.0000 0.0000 0.0000 0.0000 0.0000 0.0000 0.0000 0.0000 0.0000 0.0000 0.0000 0.0000
48 48
18.4274
0.7571 0.1155 0.5094 0.4596 0.2548 0.3475 0.6472 0.1070 0.3282 0.3534 0.9851 0.9052 0.5625 0.6599 0.8120 0.6891 0.9718 0.4463 0.3843 0.7341 0.9460 0.1649 0.3186 0.2428 0.7026 0.3644 0.5536 0.1252 0.1062 0.4556 0.2523 0.0454 0.3292 0.5676 0.6887 0.8219 0.3678 0.0127 0.7595 0.9686 0.2356 0.8251 0.7618 0.2616 0.8566 0.5018 0.6695 0.3402
50 50
0.0000
0.9999 0.9999 0.9999 0.9999 0.9999 0.9999 0.9999 0.9999 0.9999 0.9999 0.9999 0.9999 0.9999 0.9999 0.9999 0.9999 0.9999 0.9999 0.9999 0.9999 0.9999 0.9999 0.9999 0.9999 0.9999 0.9999 0.9999 0.9999 0.9999 0.9999 0.9999 0.9999 0.9999 0.9999 0.9999 0.9999 0.9999 0.9999 0.9999 0.9999 0.9999 0.9999 0.9999 0.9999 0.9999 0.9999 0.9999 0.9999 0.9999 0.9999
47 47
23.1498
0.4140 0.5816 0.7540 0.4832 0.9164 0.0118 0.5378 0.1452 0.5473 0.3729 0.7714 0.9591 0.0306 0.0984 0.9930 0.1087 0.5185 0.1678 0.1467 0.2349 0.1374 0.4377 0.4092 0.8666 0.6082 0.7283 0.5268 0.5976 0.3634 0.3649 0.2547 0.9024 0.7699 0.9484 0.0514 0.4225 0.1238 0.9861 0.5106 0.8707 0.0105 0.2759 0.9065 0.0481 0.2862 0.9742 0.0016
2 2
0.5000
0.5000 0.5000
45 45
21.5629
0.0253 0.4926 0.3218 0.8982 0.6034 0.2381 0.8969 0.1431 0.1542 0.8621 0.3401 0.1018 0.4452 0.4998 0.5132 0.0319 0.3279 0.2510 0.1246 0.9360 0.1930 0.4297 0.7873 0.8827 0.3421 0.3058 0.1988 0.4408 0.2570 0.2118 0.9557 0.0208 0.5295 0.9319 0.9661 0.8983 0.1725 0.9262 0.1789 0.4112 0.0760 0.1039 0.7692 0.2851 0.5170
46 46
23.9921
0.4947 0.9837 0.7413 0.5028 0.3186 0.3789 0.0171 0.5804 0.4873 0.1003 0.0283 0.1483 0.5678 0.0730 0.7877 0.3622 0.7194 0.5993 0.0498 0.3584 0.2648 0.5442 0.9133 0.3981 0.4777 0.6901 0.7748 0.9116 0.1832 0.2829 0.4966 0.0041 0.4325 0.5189 0.2186 0.7990 0.9010 0.8185 0.1229 0.5037 0.9586 0.8351 0.5631 0.0936 0.3370 0.4914
47 47
21.5088
0.8846 0.1678 0.4473 0.4405 0.7438 0.0717 0.9230 0.1053 0.5840 0.3483 0.8724 0.3242 0.6022 0.1793 0.6646 0.3586 0.6623 0.3130 0.4805 0.9794 0.8800 0.4472 0.6840 0.3708 0.0819 0.4202 0.7603 0.1099 0.1025 0.0508 0.1342 0.7145 0.4704 0.1094 0.3044 0.8484 0.9617 0.0474 0.3582 0.9320 0.6228 0.3796 0.2135 0.9227 0.4241 0.6538 0.7323
46 46
18.2329
0.2947 0.0033 0.0406 0.5712 0.3557 0.4146 0.7300 0.2170 0.6297 0.6981 0.7350 0.0729 0.8106 0.5130 0.0888 0.5943 0.3322 0.3768 0.5134 0.6317 0.5223 0.7359 0.1116 0.2960 0.7513 0.4926 0.9411 0.6722 0.2493 0.5179 0.5938 0.2125 0.5706 0.9177 0.4400 0.4888 0.5244 0.6983 0.0791 0.7633 0.5963 0.8256 0.5308 0.1112 0.5995 0.3818
49 49
17.5840
0.6544 0.4179 0.1468 0.5656 0.1767 0.0436 0.7669 0.8614 0.3759 0.6050 0.6201 0.3141 0.0245 0.9443 0.2333 0.5542 0.1128 0.7619 0.7311 0.1798 0.9203 0.9087 0.5707 0.3259 0.9334 0.0836 0.2898 0.3741 0.3733 0.2843 0.7722 0.9834 0.1605 0.8348 0.6013 0.0691 0.0027 0.3382 0.6018 0.4873 0.2644 0.4985 0.9601 0.3372 0.2106 0.6112 0.8862 0.3088 0.9867
45 45
16.5307
0.8853 0.6226 0.1938 0.7769 0.1997 0.5782 0.7954 0.1250 0.9470 0.7954 0.9670 0.3185 0.6580 0.9821 0.5030 0.3065 0.0529 0.3547 0.5953 0.9607 0.6797 0.2848 0.9893 0.0985 0.8874 0.7793 0.5255 0.6702 0.4587 0.7415 0.4750 0.3211 0.6511 0.5716 0.9896 0.5189 0.5096 0.7454 0.4331 0.0685 0.3513 0.1826 0.9630 0.0539 0.7624
50 50
33.3350
0.3333 0.3333 0.3333 0.3333 0.3333 0.3333 0.3333 0.3333 0.3333 0.3333 0.3333 0.3333 0.3333 0.3333 0.3333 0.3333 0.3333 0.3333 0.3333 0.3333 0.3333 0.3333 0.3333 0.3333 0.3333 0.3333 0.3333 0.3333 0.3333 0.3333 0.3333 0.3333 0.3333 0.3333 0.3333 0.3333 0.3333 0.3333 0.3333 0.3333 0.3333 0.3333 0.3333 0.3333 0.3333 0.3333 0.3333 0.3333 0.3333 0.3333
45 45
18.9437
0.3324 0.1682 0.3624 0.2659 0.0269 0.7681 0.3062 0.6965 0.0015 0.3654 0.7172 0.7660 0.9667 0.0609 0.1823 0.1121 0.3694 0.2470 0.6119 0.4758 0.8014 0.3933 0.6416 0.6682 0.9201 0.1374 0.6696 0.3046 0.6732 0.9662 0.5492 0.0696 0.5136 0.4636 0.1265 0.0487 0.0154 0.4557 0.5752 0.5894 0.1712 0.8929 0.4824 0.9693 0.8757
1 1
0.3333
0.0000
49 49
18.7745
0.4546 0.0071 0.6486 0.0818 0.4460 0.4206 0.3675 0.3899 0.3858 0.7582 0.5546 0.7189 0.7081 0.1955 0.6360 0.7748 0.8720 0.0114 0.1514 0.6026 0.5111 0.2137 0.4652 0.6625 0.7445 0.9373 0.1817 0.0102 0.7686 0.1252 0.6555 0.0755 0.6223 0.5785 0.8662 0.3630 0.8725 0.3885 0.3334 0.2979 0.1343 0.0996 0.6294 0.6405 0.6846 0.1636 0.6410 0.2016 0.0642
45 45
22.4289
0.2227 0.8824 0.1686 0.9684 0.6440 0.4313 0.6068 0.4002 0.3241 0.0554 0.6633 0.9075 0.1453 0.7870 0.2342 0.2223 0.4151 0.3518 0.9429 0.1251 0.8333 0.5529 0.8180 0.6044 0.0190 0.1695 0.4008 0.0319 0.5544 0.0030 0.8306 0.7314 0.5354 0.3033 0.0539 0.2660 0.6493 0.2000 0.5000 0.7630 0.5300 0.0213 0.3214 0.3020 0.9732
50 50
0.0050
0.9999 0.9999 0.9999 0.9999 0.9999 0.9999 0.9999 0.9999 0.9999 0.9999 0.9999 0.9999 0.9999 0.9999 0.9999 0.9999 0.9999 0.9999 0.9999 0.9999 0.9999 0.9999 0.9999 0.9999 0.9999 0.9999 0.9999 0.9999 0.9999 0.9999 0.9999 0.9999 0.9999 0.9999 0.9999 0.9999 0.9999 0.9999 0.9999 0.9999 0.9999 0.9999 0.9999 0.9999 0.9999 0.9999 0.9999 0.9999 0.9999 0.9999
48 48
22.7055
0.3862 0.8647 0.1354 0.5952 0.5255 0.2903 0.9003 0.1046 0.6932 0.6865 0.5999 0.1020 0.4002 0.4050 0.4490 0.6599 0.8486 0.6247 0.7688 0.7620 0.0048 0.3996 0.6328 0.5620 0.0682 0.1134 0.1790 0.6666 0.7984 0.2630 0.9981 0.8666 0.2278 0.6931 0.9230 0.3199 0.4721 0.2882 0.3667 0.8883 0.1500 0.6468 0.2127 0.4256 0.5737 0.9120 0.8391 0.7181
48 48
20.8479
0.4831 0.5011 0.6795 0.8946 0.4148 0.0936 0.8194 0.8368 0.0083 0.1664 0.7155 0.1180 0.1329 0.2010 0.1220 0.1336 0.8208 0.6516 0.7766 0.7656 0.4603 0.3504 0.1062 0.0237 0.5044 0.7846 0.4007 0.5975 0.5026 0.3413 0.2535 0.4561 0.0942 0.2271 0.3876 0.5863 0.6031 0.5559 0.7432 0.6495 0.1550 0.2290 0.4292 0.9330 0.7688 0.3760 0.2168 0.3165
45 45
16.8268
0.0875 0.9953 0.1109 0.9418 0.0859 0.9151 0.3401 0.9526 0.8656 0.1618 0.3066 0.1441 0.5664 0.6490 0.7177 0.5473 0.8621 0.0804 0.8409 0.2428 0.7290 0.3725 0.7967 0.9810 0.3236 0.3429 0.5679 0.3741 0.5800 0.6482 0.3180 0.2752 0.4119 0.6434 0.1579 0.7042 0.1633 0.4457 0.0875 0.8857 0.8268 0.8992 0.6812 0.1631 0.2914
47 47
21.6938
0.9903 0.6501 0.0736 0.8724 0.9327 0.1739 0.1565 0.4796 0.7102 0.8380 0.8367 0.2284 0.0273 0.2891 0.2760 0.5761 0.8859 0.2081 0.2848 0.4307 0.1609 0.6072 0.2000 0.8997 0.8643 0.2773 0.5160 0.1634 0.1837 0.6611 0.4262 0.7316 0.3526 0.7531 0.9508 0.1331 0.6405 0.2975 0.3555 0.7643 0.6428 0.7806 0.6312 0.8458 0.9870 0.5486 0.3341
46 46
14.2939
0.7090 0.9929 0.1707 0.5361 0.0740 0.5291 0.8314 0.6796 0.8500 0.9088 0.5997 0.5464 0.5998 0.3175 0.5493 0.7659 0.5194 0.7557 0.5802 0.0753 0.4457 0.1284 0.3087 0.4735 0.8984 0.7366 0.4647 0.2012 0.9950 0.5277 0.4497 0.5280 0.5985 0.4094 0.7963 0.5520 0.8462 0.7818 0.5489 0.8169 0.1621 0.5257 0.4389 0.1541 0.2558 0.3264
50 50
0.0049
0.9999 0.9999 0.9999 0.9999 0.9999 0.9999 0.9999 0.9999 0.9999 0.9999 0.9999 0.9999 0.9999 0.9999 0.9999 0.9999 0.9999 0.9999 0.9999 0.9999 0.9999 0.9999 0.9999 0.9999 0.9999 0.9999 0.9999 0.9999 0.9999 0.9999 0.9999 0.9999 0.9999 0.9999 0.9999 0.9999 0.9999 0.9999 0.9999 0.9999 0.9999 0.9999 0.9999 0.9999 0.9999 0.9999 0.9999 0.9999 0.9999 0.9999
48 48
16.9716
0.0001 0.6707 0.4425 0.7027 0.4426 0.5805 0.2720 0.6394 0.4184 0.4096 0.8415 0.5982 0.2786 0.6320 0.1830 0.1966 0.6395 0.3226 0.0506 0.5781 0.4596 0.4281 0.7235 0.0286 0.7361 0.9955 0.6838 0.9316 0.6540 0.5610 0.1702 0.0046 0.1516 0.8560 0.9130 0.0072 0.7259 0.8609 0.7541 0.1417 0.2696 0.2361 0.7721 0.6862 0.6208 0.7968 0.6199 0.9883
50 50
18.1275
0.3953 0.5035 0.1482 0.1680 0.6935 0.3254 0.5488 0.8238 0.5027 0.0618 0.9567 0.9891 0.0823 0.8377 0.1147 0.6327 0.3564 0.5125 0.6004 0.7694 0.5716 0.5520 0.1643 0.6171 0.9273 0.0947 0.1495 0.8467 0.5605 0.8586 0.5580 0.6072 0.5568 0.3007 0.5579 0.5347 0.2068 0.7221 0.7750 0.5523 0.0841 0.6308 0.5580 0.3878 0.0544 0.9070 0.4037 0.4702 0.1127 0.3297
46 46
16.5812
0.1266 0.9984 0.5747 0.5764 0.9007 0.5406 0.6485 0.4735 0.5960 0.4975 0.2080 0.4881 0.1239 0.3005 0.9165 0.7479 0.0855 0.9675 0.5423 0.8454 0.7403 0.3699 0.5085 0.7403 0.6396 0.1804 0.3171 0.5213 0.4812 0.1531 0.2973 0.0684 0.8977 0.5007 0.0938 0.3291 0.8751 0.3727 0.0265 0.4013 0.1443 0.9352 0.3175 0.3830 0.7885 0.0628
1 1
0.5000
0.5000
46 46
14.9731
0.7347 0.7599 0.3146 0.4212 0.8996 0.7139 0.9761 0.3985 0.4550 0.2739 0.6138 0.6133 0.5217 0.3581 0.0256 0.6784 0.7031 0.1003 0.1075 0.7875 0.4652 0.2889 0.1864 0.4293 0.8186 0.7128 0.8220 0.9897 0.8036 0.0943 0.5935 0.1712 0.4100 0.9449 0.8072 0.3160 0.8029 0.9127 0.3881 0.4469 0.7640 0.1385 0.5324 0.2417 0.0248 0.3576
45 45
3.5904
0.4568 0.7976 0.4244 0.4972 0.9563 0.2361 0.3252 0.7122 0.8268 0.8945 0.8075 0.4581 0.5221 0.6942 0.3308 0.9111 0.7398 0.3028 0.5679 0.4654 0.1847 0.2692 0.1036 0.3880 0.3233 0.5127 0.2414 0.3324 0.1272 0.1824 0.4520 0.1018 0.3085 0.4031 0.4820 0.4465 0.7715 0.3448 0.7248 0.1720 0.8465 0.3655 0.6697 0.3892 0.5776
47 47
26.0238
0.5179 0.3312 0.4532 0.2622 0.9389 0.3048 0.4148 0.6562 0.2135 0.8431 0.0483 0.8869 0.1710 0.4868 0.6148 0.0364 0.4360 0.3949 0.0866 0.3313 0.1019 0.5988 0.2085 0.2151 0.8508 0.6346 0.6674 0.0553 0.4513 0.3132 0.8075 0.2725 0.0394 0.0069 0.3841 0.8926 0.4448 0.7115 0.4149 0.0172 0.3251 0.6086 0.1660 0.7555 0.6924 0.0463 0.3298
48 48
19.9831
0.0743 0.5891 0.8902 0.7837 0.3488 0.2143 0.7031 0.6295 0.9514 0.2062 0.6799 0.1510 0.6300 0.9447 0.5278 0.3183 0.5941 0.2824 0.2516 0.7194 0.0916 0.7004 0.6280 0.9090 0.1978 0.2932 0.3782 0.4484 0.0518 0.0218 0.8861 0.0057 0.5059 0.7984 0.2430 0.4867 0.2817 0.7304 0.8100 0.2412 0.2759 0.3691 0.1885 0.1660 0.9460 0.3547 0.8408 0.2350
45 45
21.1386
0.8203 0.1962 0.4536 0.1271 0.8005 0.2089 0.3894 0.9568 0.0907 0.3235 0.5850 0.5767 0.9028 0.4789 0.7041 0.8497 0.2880 0.0458 0.3631 0.1407 0.9670 0.4143 0.5893 0.7191 0.2195 0.3312 0.3372 0.8986 0.7515 0.4572 0.2487 0.7811 0.2378 0.1104 0.2814 0.6762 0.4114 0.0745 0.8909 0.3524 0.7206 0.7849 0.9041 0.7931 0.4192
49 49
2.2603
0.4379 0.2235 0.0739 0.7481 0.4606 0.5337 0.3106 0.3545 0.7064 0.5154 0.6125 0.7213 0.0852 0.1762 0.5509 0.4266 0.5095 0.7444 0.2017 0.7961 0.4856 0.2831 0.4795 0.6873 0.4581 0.9229 0.0706 0.1679 0.6857 0.8561 0.8491 0.7001 0.2368 0.7694 0.8691 0.5347 0.5352 0.7809 0.2062 0.8354 0.8378 0.1160 0.6942 0.6047 0.7932 0.1329 0.2869 0.5165 0.3850
2 2
0.3333
0.0000 0.0000
50 50
50.0000
0.0000 0.0000 0.0000 0.0000 0.0000 0.0000 0.0000 0.0000 0.0000 0.0000 0.0000 0.0000 0.0000 0.0000 0.0000 0.0000 0.0000 0.0000 0.0000 0.0000 0.0000 0.0000 0.0000 0.0000 0.0000 0.0000 0.0000 0.0000 0.0000 0.0000 0.0000 0.0000 0.0000 0.0000 0.0000 0.0000 0.0000 0.0000 0.0000 0.0000 0.0000 0.0000 0.0000 0.0000 0.0000 0.0000 0.0000 0.0000 0.0000 0.0000
48 48
16.0282
0.6253 0.8133 0.1990 0.6258 0.2795 0.8508 0.7225 0.7241 0.4173 0.9743 0.1594 0.8652 0.4573 0.5787 0.5349 0.3143 0.7111 0.2253 0.2346 0.5763 0.9964 0.6858 0.0936 0.6631 0.3179 0.9101 0.1615 0.5607 0.2922 0.2589 0.0021 0.0422 0.9796 0.5087 0.7442 0.1303 0.4271 0.7863 0.9658 0.8869 0.6588 0.2927 0.9355 0.3435 0.4817 0.7511 0.3224 0.5095
50 50
24.0255
0.0233 0.1812 0.3358 0.7796 0.9951 0.6601 0.5562 0.1934 0.3085 0.9566 0.5165 0.3013 0.9109 0.8961 0.8899 0.0755 0.6949 0.8636 0.2369 0.5272 0.8082 0.9532 0.9049 0.3201 0.4764 0.3111 0.6112 0.6840 0.1786 0.0226 0.0329 0.1567 0.2872 0.8913 0.4580 0.6093 0.2718 0.6626 0.3883 0.7263 0.6070 0.0985 0.7152 0.6393 0.1603 0.3035 0.3998 0.8811 0.5092 0.0783
47 47
18.1511
0.2596 0.0042 0.1576 0.1900 0.2588 0.5801 0.5777 0.9013 0.0474 0.3280 0.3706 0.9172 0.0294 0.9866 0.2675 0.4087 0.2338 0.9922 0.9164 0.9418 0.7713 0.6714 0.6503 0.6918 0.8273 0.7726 0.6165 0.4264 0.9872 0.7878 0.9935 0.9825 0.0556 0.3359 0.9664 0.7460 0.4915 0.1690 0.9538 0.2643 0.1130 0.8714 0.6370 0.5717 0.8086 0.0547 0.1871
47 47
15.9853
0.3978 0.1975 0.4568 0.7421 0.5306 0.6469 0.2531 0.1036 0.2191 0.2275 0.9937 0.5608 0.6036 0.2499 0.0596 0.6507 0.0854 0.9688 0.9617 0.5519 0.6346 0.7365 0.8411 0.7548 0.9485 0.8355 0.6158 0.0322 0.2179 0.9354 0.9624 0.1682 0.9652 0.1228 0.1031 0.3015 0.1412 0.0019 0.5940 0.7201 0.1885 0.6670 0.5535 0.9148 0.5616 0.1024 0.9669
50 50
0.0000
0.3333 0.3333 0.3333 0.3333 0.3333 0.3333 0.3333 0.3333 0.3333 0.3333 0.3333 0.3333 0.3333 0.3333 0.3333 0.3333 0.3333 0.3333 0.3333 0.3333 0.3333 0.3333 0.3333 0.3333 0.3333 0.3333 0.3333 0.3333 0.3333 0.3333 0.3333 0.3333 0.3333 0.3333 0.3333 0.3333 0.3333 0.3333 0.3333 0.3333 0.3333 0.3333 0.3333 0.3333 0.3333 0.3333 0.3333 0.3333 0.3333 0.3333
2 2
0.0000
1.0000 1.0000
48 48
17.9500
0.0780 0.3481 0.5375 0.7562 0.1620 0.5430 0.6777 0.2889 0.3676 0.6976 0.6180 0.9833 0.3465 0.7315 0.9677 0.1053 0.8201 0.9510 0.9121 0.8433 0.4106 0.2621 0.4757 0.8553 0.7498 0.6818 0.7603 0.2557 0.2123 0.3600 0.3558 0.0192 0.3672 0.2485 0.2711 0.9278 0.6166 0.0313 0.2129 0.0271 0.3013 0.9362 0.5543 0.8680 0.2559 0.9406 0.5856 0.7822
48 48
18.4934
0.8898 0.6551 0.9154 0.0191 0.1899 0.6805 0.2364 0.1559 0.2166 0.2786 0.7973 0.5605 0.7721 0.1465 0.0348 0.5549 0.2712 0.0546 0.0918 0.3534 0.8476 0.5659 0.2829 0.2761 0.2001 0.9234 0.6461 0.5190 0.6383 0.4181 0.3440 0.2850 0.7231 0.6509 0.2547 0.5620 0.3253 0.1837 0.1886 0.5449 0.1321 0.1073 0.6746 0.6707 0.6020 0.5483 0.4446 0.3554
47 47
23.5858
0.5074 0.1175 0.6609 0.2220 0.7631 0.3869 0.3947 0.6653 0.1836 0.6409 0.1534 0.9049 0.6373 0.8288 0.5168 0.8261 0.1067 0.7428 0.1102 0.3330 0.2519 0.5334 0.0355 0.3235 0.4566 0.6055 0.4605 0.8617 0.1866 0.4504 0.1986 0.1578 0.0599 0.7739 0.7103 0.7623 0.2073 0.1598 0.6209 0.5237 0.4688 0.2029 0.2824 0.6987 0.5043 0.2321 0.0243
48 48
20.2194
0.4554 0.2819 0.9356 0.1872 0.5589 0.1191 0.6693 0.6593 0.5195 0.8926 0.2018 0.1072 0.3918 0.0674 0.0199 0.8833 0.5918 0.0836 0.4102 0.1082 0.3319 0.0473 0.9530 0.2717 0.2837 0.9158 0.2272 0.0313 0.7673 0.8755 0.3742 0.7719 0.7145 0.8085 0.5654 0.5521 0.5728 0.2351 0.0594 0.3427 0.5803 0.8854 0.1224 0.3739 0.3597 0.2571 0.8726 0.9716
50 50
0.6901
0.9318 0.7951 0.1761 0.3483 0.2665 0.8764 0.3512 0.7742 0.6759 0.6196 0.5109 0.2108 0.8265 0.8733 0.8871 0.0932 0.3158 0.9926 0.6915 0.9641 0.6598 0.1842 0.8091 0.0857 0.7417 0.5160 0.7255 0.3303 0.8928 0.0770 0.7205 0.6986 0.2443 0.7287 0.1546 0.0507 0.9438 0.2683 0.1224 0.1090 0.7744 0.3337 0.3724 0.5154 0.2791 0.0539 0.2215 0.5983 0.2187 0.0863
50 50
0.0000
0.0000 0.0000 0.0000 0.0000 0.0000 0.0000 0.0000 0.0000 0.0000 0.0000 0.0000 0.0000 0.0000 0.0000 0.0000 0.0000 0.0000 0.0000 0.0000 0.0000 0.0000 0.0000 0.0000 0.0000 0.0000 0.0000 0.0000 0.0000 0.0000 0.0000 0.0000 0.0000 0.0000 0.0000 0.0000 0.0000 0.0000 0.0000 0.0000 0.0000 0.0000 0.0000 0.0000 0.0000 0.0000 0.0000 0.0000 0.0000 0.0000 0.0000
50 50
18.4106
0.5075 0.5367 0.1617 0.1689 0.6925 0.2998 0.2982 0.0138 0.9777 0.4556 0.8476 0.7858 0.1334 0.2264 0.9645 0.0967 0.5531 0.4396 0.9453 0.5056 0.5333 0.0979 0.7708 0.3149 0.8559 0.1306 0.8281 0.2622 0.1990 0.6510 0.3725 0.8917 0.6479 0.5979 0.8199 0.6692 0.9053 0.7023 0.2064 0.3054 0.4328 0.8912 0.7411 0.4514 0.5221 0.5572 0.7719 0.9881 0.4108 0.8972
47 47
22.8226
0.1943 0.9535 0.2797 0.1183 0.7002 0.3542 0.5357 0.4184 0.7557 0.6519 0.5540 0.9456 0.4858 0.2914 0.0459 0.3016 0.3763 0.0103 0.6237 0.7295 0.3527 0.4668 0.6986 0.5176 0.7077 0.9817 0.5748 0.3980 0.8997 0.2054 0.1923 0.5006 0.1080 0.6795 0.5241 0.7619 0.4390 0.1478 0.1487 0.9389 0.4251 0.6306 0.4480 0.6503 0.8944 0.2653 0.5032
4 4
0.0001
0.0000 0.0000 0.0000 0.0000
50 50
22.4626
0.7239 0.4932 0.2062 0.5790 0.7257 0.5207 0.6573 0.7132 0.5176 0.4874 0.9060 0.3649 0.6781 0.4623 0.9807 0.9330 0.0331 0.8630 0.1197 0.2557 0.6848 0.3548 0.2822 0.6231 0.7483 0.2708 0.5373 0.2386 0.4856 0.6026 0.5534 0.6461 0.7871 0.9381 0.4763 0.3319 0.2744 0.0422 0.3766 0.0130 0.3583 0.3512 0.1087 0.4472 0.9968 0.0649 0.0722 0.4324 0.8804 0.4158
47 47
20.6877
0.8556 0.6439 0.7784 0.2274 0.4392 0.9697 0.6076 0.3858 0.7908 0.1462 0.3255 0.8674 0.9857 0.7142 0.1727 0.2781 0.0994 0.4807 0.0396 0.0591 0.0914 0.2782 0.9959 0.0217 0.0248 0.8796 0.5099 0.6110 0.0449 0.7105 0.9232 0.2021 0.2533 0.2616 0.8599 0.0804 0.6340 0.9554 0.6381 0.9188 0.1971 0.2047 0.3943 0.7782 0.9170 0.2449 0.0452
2 2
0.3333
0.5000 0.5000
4 4
1.3999
0.7000 0.6000 0.8000 0.5000
47 47
25.0962
0.2292 0.3918 0.0654 0.8654 0.6747 0.6158 0.3661 0.8567 0.0955 0.3510 0.6534 0.0738 0.3322 0.5020 0.6276 0.8551 0.6264 0.1335 0.7900 0.8826 0.7501 0.3547 0.2500 0.2532 0.4803 0.6502 0.6734 0.3202 0.0679 0.4478 0.8321 0.6761 0.3135 0.8519 0.5906 0.1204 0.4940 0.5791 0.8046 0.1701 0.1914 0.4285 0.4036 0.2374 0.1295 0.6411 0.1322
46 46
14.5405
0.5096 0.3430 0.7040 0.2381 0.7286 0.5686 0.7517 0.6086 0.6697 0.8932 0.7685 0.5820 0.6359 0.1552 0.9280 0.7377 0.4387 0.3623 0.3397 0.9369 0.0604 0.6498 0.4349 0.9866 0.6221 0.0987 0.2888 0.3915 0.9379 0.1820 0.4872 0.2755 0.5748 0.0868 0.7974 0.6851 0.1248 0.0817 0.8097 0.7753 0.7620 0.7766 0.6347 0.8562 0.8290 0.4416
47 47
2.2784
0.7958 0.5519 0.6506 0.1427 0.8156 0.1259 0.9917 0.8419 0.1637 0.3204 0.8489 0.1277 0.2816 0.3553 0.6562 0.0239 0.6852 0.6587 0.3635 0.7586 0.1370 0.9770 0.1664 0.5550 0.8278 0.3084 0.1539 0.9460 0.7939 0.4354 0.1305 0.3364 0.1005 0.4495 0.9963 0.6483 0.8840 0.0708 0.9056 0.1028 0.1902 0.7511 0.2346 0.4923 0.9042 0.6641 0.8193
49 49
17.2122
0.2572 0.4795 0.6443 0.1639 0.0572 0.3966 0.9100 0.1690 0.7041 0.9693 0.6140 0.0344 0.1066 0.0571 0.6592 0.3328 0.2921 0.2148 0.0224 0.9944 0.8034 0.3177 0.6667 0.6575 0.0476 0.4826 0.9125 0.6648 0.9743 0.4304 0.0660 0.5387 0.4138 0.3649 0.4190 0.4223 0.8521 0.6252 0.9051 0.5286 0.6235 0.9773 0.1358 0.8910 0.1638 0.3018 0.1040 0.2499 0.8954
48 48
16.4232
0.9431 0.8861 0.8724 0.3935 0.6122 0.6595 0.6701 0.1646 0.0097 0.3424 0.9786 0.2682 0.8691 0.8059 0.0362 0.7957 0.2320 0.2088 0.9146 0.6681 0.1217 0.1390 0.3483 0.8096 0.4623 0.9371 0.9182 0.6284 0.9490 0.3859 0.7303 0.1123 0.2582 0.1952 0.0429 0.9177 0.7482 0.7817 0.0194 0.2913 0.1361 0.7049 0.1417 0.9980 0.7562 0.1406 0.7192 0.3861
48 48
15.5466
0.9059 0.5341 0.5809 0.4829 0.3674 0.8750 0.7787 0.7052 0.1955 0.6623 0.5223 0.1237 0.6479 0.9577 0.6397 0.9908 0.0322 0.3695 0.5487 0.1690 0.0689 0.2502 0.4533 0.8808 0.9193 0.5847 0.6044 0.7552 0.9452 0.6751 0.5790 0.1645 0.9105 0.9625 0.8814 0.0474 0.7510 0.1206 0.2244 0.6951 0.7465 0.1075 0.2488 0.6567 0.1454 0.0476 0.3366 0.3372
50 50
0.0000
0.8700 0.8700 0.8700 0.8700 0.8700 0.8700 0.8700 0.8700 0.8700 0.8700 0.8700 0.8700 0.8700 0.8700 0.8700 0.8700 0.8700 0.8700 0.8700 0.8700 0.8700 0.8700 0.8700 0.8700 0.8700 0.8700 0.8700 0.8700 0.8700 0.8700 0.8700 0.8700 0.8700 0.8700 0.8700 0.8700 0.8700 0.8700 0.8700 0.8700 0.8700 0.8700 0.8700 0.8700 0.8700 0.8700 0.8700 0.8700 0.8700 0.8700
1 1
1.0000
0.0000
45 45
16.5238
0.2378 0.9738 0.7279 0.2482 0.3330 0.0747 0.0132 0.8402 0.8496 0.4608 0.7154 0.4633 0.5084 0.2846 0.1891 0.4624 0.7912 0.3388 0.2122 0.7176 0.7124 0.0371 0.3866 0.1001 0.3691 0.5642 0.8038 0.8610 0.9514 0.0838 0.9689 0.3413 0.2165 0.5279 0.8583 0.3293 0.8475 0.0450 0.7446 0.8832 0.8913 0.8980 0.1217 0.0678 0.7234
1 1
0.3333
0.5000
46 46
17.2284
0.3526 0.9203 0.1821 0.2336 0.0118 0.6158 0.5716 0.2650 0.8153 0.2697 0.3690 0.0314 0.1578 0.2299 0.3708 0.5677 0.5587 0.2105 0.0007 0.5669 0.8082 0.6788 0.5237 0.5866 0.3848 0.9777 0.7942 0.0750 0.9826 0.9081 0.9473 0.7900 0.4257 0.8533 0.5199 0.1560 0.9493 0.4459 0.8166 0.0494 0.9907 0.2176 0.7903 0.3015 0.4661 0.1742
49 49
21.3748
0.4492 0.4891 0.1110 0.6312 0.6668 0.1333 0.1781 0.1021 0.4015 0.4055 0.6422 0.7446 0.6605 0.6431 0.9160 0.7809 0.3770 0.9516 0.8160 0.2281 0.0960 0.4475 0.0913 0.6485 0.8023 0.0251 0.0843 0.3834 0.2316 0.1752 0.1048 0.1574 0.7893 0.5615 0.0510 0.1321 0.0375 0.9499 0.8976 0.5856 0.7450 0.4526 0.0885 0.2999 0.6337 0.9224 0.3778 0.5469 0.3170
48 48
16.5310
0.1566 0.1383 0.4652 0.8816 0.4139 0.4451 0.0807 0.2096 0.8765 0.5576 0.7690 0.9072 0.1632 0.4556 0.3060 0.3774 0.8781 0.9566 0.7842 0.6052 0.9667 0.7136 0.6547 0.4776 0.8437 0.2208 0.2756 0.1856 0.6821 0.3885 0.2653 0.8668 0.7070 0.4613 0.5237 0.6697 0.0824 0.9332 0.6669 0.2633 0.7306 0.5834 0.7684 0.8861 0.0676 0.8390 0.7859 0.0916
