100
999727999
3104956800
170170658
2644462
7411
1622369369
55
1913895720
7832
879912
289739384
498907563
23136168
5935401905
4547010574
6888288057
919
5896268744
130861500
7077132216
6
3880845378
4746573170
7723
6325760694
4751
8516510464
56029050
8923253168
5747326475
197369150
399567168
1
1314515202
434909232
223865114
792792
6996
8339760
6673
6866980022
1020267358
2207585468
5
7712311775
12821
6280254288
10000000000
1522135394
888888
968018769
828
5379130234
13112
753382159
616616
3063603
3023507344
1172042784
698225528
691891200
1180080
906190609
9883692017
559944
7117
1373
1084376832
7988904000
727
205209
16428016
11
1474135740
61593840
70665155
557683808
2086624584
63885624
7755
14
696890304
393068016
2763794880
390680928
199784471
65519587
282692498
714096223
1905915
24431953
72169672
865728864
1513188864
1288848
9
40035996
666666
414414
138461400
