100
4
500 500 1000 1001
500 500 0 1000
500 500 0 0
500 500 1000 0
4
500 500 1000 1000
500 500 0 1000
500 500 0 0
500 500 1000 0
5
0 1001 -1 1001
0 1001 -1 1001
0 1001 -2 1001
0 1001 0 500
0 1002 1234 5678
6
1 500 4 1000
333333 333333 333332 333332
333333 333333 333332 333334
-333333 333333 -333334 333332
1 500 7 0
-333333 333333 -333334 333334
10
-869 189 -1038 12
609 205 456 290
341 732 257 684
-628 603 -708 500
-810 892 -941 623
-315 207 -147 484
-689 592 -665 568
504 395 398 376
-231 458 -23 706
-537 916 -673 939
10
226 439 418 379
-409 775 -657 835
667 300 919 553
-681 259 -765 355
-387 69 -226 -212
689 760 428 893
160 260 407 423
581 393 293 617
-273 155 -227 348
-344 788 -168 505
10
-57933 -914269 -57646 -914404
579380 981984 579493 982274
-437279 115163 -437564 115315
-398096 -588062 -397849 -587909
399925 -141254 400166 -141279
30075 -591876 30100 -592132
162961 544996 162681 544776
635834 -20200 635936 -19974
229232 630220 228938 630245
-193789 -780725 -193962 -780514
2
1 500 0 0
1 500 0 1000
10
-295 247 -404 124
259 413 73 149
786 243 807 469
413 762 189 737
-479 491 -456 301
105 435 88 284
-121 318 -332 63
235 987 325 1152
-545 926 -377 1201
666 14 501 -209
10
0 -10 -2 -333343
-500 500 -100499 100500
0 -10 5 -333343
0 -10 -4 -333343
500 500 501 499
500 500 499 499
0 -10 3 -333343
0 -10 -1 -333343
0 -10 0 -333343
-500 500 -499 501
10
-726 340 -1003 43
418 143 314 260
424 430 227 276
-719 316 -763 286
-516 416 -708 551
443 934 323 689
-75 185 51 428
-291 840 -344 844
517 671 400 906
-402 247 -532 392
10
190 288 438 21
-844 682 -1022 963
-130 530 45 286
-368 23 -593 -29
-305 769 -15 710
-433 93 -591 197
-967 436 -878 268
-118 323 44 246
-744 461 -552 697
-898 924 -631 639
10
-234 393 -107 240
-218 236 -349 129
-220 132 -66 187
174 739 260 967
-972 919 -792 793
-404 322 -522 99
-749 74 -850 331
328 588 609 588
38 168 180 -54
818 753 883 754
10
335313 38824 335251 38823
-535743 -589975 -535648 -589738
485091 -112980 484867 -112721
865915 -60449 865697 -60585
176550 -995965 176824 -995867
429056 -116932 429295 -117100
-168725 -550813 -168448 -550659
-656603 818343 -656860 818435
343305 313128 343211 313070
-852602 128495 -852304 128780
10
-370 668 -355 490
160 665 -127 392
-434 111 -312 -80
37 594 252 385
301 748 105 772
-28 718 234 722
508 685 215 805
326 49 294 -245
-702 117 -822 -168
-263 953 -118 669
10
-334 223 -371 487
559 288 681 466
153 382 336 138
-228 863 57 612
-913 512 -1164 430
-611 828 -690 1017
837 333 994 594
319 697 352 846
203 849 408 751
-155 274 -169 526
4
500 500 499 501
500 500 100500 -99499
500 500 499 499
-500 500 -501 501
10
-781 463 -663 644
-313 662 -316 710
-813 955 -531 830
635 92 863 47
-99 424 36 388
-149 915 -38 869
550 419 588 654
-911 589 -1187 477
281 970 146 917
701 579 629 688
10
-981 500 -155549 -475008
-981 500 403564 294341
981 500 -499018 438
981 500 405452 294443
-981 500 -405526 -293341
981 500 500980 562
-981 500 153587 476008
-981 500 153467 -475047
981 500 -403490 -293443
-981 500 -155429 476047
10
504 743 366 644
-92 47 -129 240
-807 371 -876 598
-705 510 -852 508
-766 599 -553 343
-666 683 -732 853
348 260 627 138
-92 17 -338 -31
-413 684 -666 734
418 358 531 293
10
-363 920 -229 931
603 970 587 818
-710 61 -837 150
-554 507 -780 591
729 366 623 346
687 871 910 757
-809 763 -619 601
172 319 268 509
-643 65 -344 -52
-622 392 -466 326
10
-500 500 249499 433512
1866 500 484829 -128907
500 500 -249499 433512
-1866 500 -484829 -128907
1866 500 -481096 -128911
500 500 250499 433512
133 500 -776 500499
-500 500 -250499 433512
1866 500 434877 250501
-1866 500 481096 -128911
3
1 500 0 0
-1 500 0 0
-57294 500 -557293 500
5
-363 500 404249 294248
-363 500 -500362 677
-363 500 -154702 476083
363 500 -404041 -293536
363 500 155040 -474973
8
1000 0 999 1
-1000 0 -999 -1
-1000 0 -999 0
-1000 0 -1001 -1
1000 0 1000 1
-1000 0 -1001 0
1000 0 1000 -1
1000 0 1001 1
10
757 870 558 1055
556 460 331 170
47 651 125 432
-582 911 -812 1040
400 344 611 109
-448 964 -710 775
-814 222 -771 41
294 318 314 616
596 96 449 130
-273 97 -553 350
10
-127 470 -336 582
895 879 734 586
812 650 1089 937
-425 821 -709 862
-324 425 -67 697
473 767 467 1009
824 568 1093 647
614 274 325 298
282 490 12 448
-118 83 -66 -82
8
500 500 -998500 999500
499 500 999501 999499
-499 500 -999501 999502
502 502 -998501 999498
501 501 999499 999501
498 498 -998502 999498
502 498 999499 999502
501 498 -998501 999499
10
7 703 246 601
765 159 667 104
-183 546 -72 323
908 644 1042 454
319 993 403 1164
-273 45 -112 -71
-116 717 -34 453
-612 676 -487 377
732 346 836 578
-411 438 -684 563
10
-874 464 -836 687
80 407 156 231
317 900 114 1187
-540 802 -578 727
34 393 87 363
662 161 918 30
-5 545 182 412
-858 349 -775 629
260 162 381 89
-45 667 234 874
10
0 -10 333333 -10
500 500 501 501
500 500 100500 -99499
500 500 499 499
-500 500 -499 501
0 -10 -333333 -8
0 -10 333333 -5
0 -10 -333333 -6
0 -10 -333333 -9
0 -10 333333 -7
10
-62 621 88 766
928 35 846 -64
992 926 1272 1173
-179 976 -299 1032
194 15 239 282
354 637 168 437
-40 369 57 157
872 191 937 250
-480 262 -746 62
11 916 -148 735
10
340 764 536 873
-738 240 -964 12
775 351 1028 308
-853 966 -635 898
-305 808 -100 697
976 620 1231 490
807 588 591 769
505 818 804 537
-683 647 -695 739
-476 758 -592 907
10
500 500 -99500 100499
0 -10 333333 -12
-500 500 -501 501
0 -10 333333 -14
0 -10 333333 -11
0 -10 -333333 -13
0 -10 -333333 -10
-500 500 -501 499
500 500 499 499
0 -10 -333333 -15
10
-475 642 -507 912
207 698 -8 802
-409 600 -305 671
286 996 36 781
-751 455 -453 519
722 508 761 344
-736 164 -580 58
-422 323 -235 617
-236 596 -88 471
-470 561 -263 338
4
500 500 499 501
500 500 501 501
500 500 -99499 -99500
500 500 501 499
10
414 549 405 709
-245 323 0 129
-171 109 -62 -151
566 372 654 329
869 719 892 488
986 795 1168 841
621 306 896 229
-311 184 -352 441
897 402 1056 291
-14 948 -34 867
10
-139 831 -9 628
-250 996 -451 950
714 93 623 -4
448 739 169 507
785 903 564 1150
-3 304 209 600
637 230 841 187
-138 859 -90 900
-685 200 -772 262
-370 146 -247 230
8
498 498 -998500 999500
498 498 -998500 999501
-501 500 -999500 999502
-498 501 998501 999500
-498 502 -999499 999498
-501 499 -999498 999500
-500 502 998501 999499
501 500 999502 999501
6
-1 500 499 494
1 500 -499 503
-333333 333333 -333332 333334
-333333 333333 -333334 333334
333333 333333 333334 333332
-333333 333333 -333332 333332
10
625 853 473 590
171 634 115 728
997 155 1025 62
-557 437 -560 214
-594 453 -784 648
209 629 93 889
179 114 8 288
-505 391 -328 258
178 241 176 219
-287 393 -281 285
10
1866 500 -481096 -128911
-133 500 776 500499
-1866 500 481096 -128911
-500 500 249499 433512
1866 500 484829 -128907
-500 500 249499 433512
-500 500 -250499 433512
500 500 -249499 433512
-1866 500 -484829 -128907
-500 500 249499 433512
10
-526 866 -765 1040
81 934 251 737
579 37 597 -63
-688 230 -938 395
-602 533 -844 551
721 525 729 688
-570 671 -725 393
-776 32 -1070 35
111 93 242 -88
925 211 738 -9
10
1000 771 713 495
899 213 1025 33
359 871 573 1002
-781 205 -577 127
154 902 245 881
-735 632 -778 601
-660 746 -478 452
930 596 1018 585
13 111 202 247
-200 143 -404 359
10
-363 500 404249 294248
363 500 155040 -474973
363 500 155040 -474973
-363 500 -154702 476083
-363 500 -500362 677
363 500 -404041 -293536
-363 500 404041 -293536
363 500 -404249 294248
363 500 500362 677
-363 500 -154702 476083
10
59 521 48 799
-722 166 -532 245
-45 699 45 968
613 356 848 560
624 336 696 184
-984 978 -782 958
-688 544 -981 384
-190 66 59 90
608 116 509 -126
715 695 995 584
10
30 496 179 780
-549 906 -416 1037
291 678 358 812
-68 138 -124 34
268 8 -12 -61
320 980 133 1175
-195 795 -244 557
-685 857 -522 868
611 536 813 787
317 369 230 181
8
501 502 -998502 999501
-501 501 -999498 999498
-498 500 998499 999500
-502 498 998500 999502
-499 498 -999502 999499
-501 499 -999502 999501
-498 500 998498 999501
-499 500 -999499 999498
10
-79 500 -475665 -153830
-79 500 -475549 155186
-79 500 293661 -404118
79 500 294123 -403898
79 500 -475507 154830
79 500 266 -499499
-79 500 475391 -154186
79 500 -293965 404898
79 500 -108 500499
79 500 293819 405118
10
920 394 934 343
-780 529 -725 818
426 606 494 347
-903 864 -627 905
-87 9 -281 -87
-259 287 -80 282
532 636 705 367
-548 165 -342 8
-696 221 -785 33
-733 721 -751 975
10
284 184 202 22
-488 17 -709 -29
508 350 222 230
424 108 607 76
-226 947 -136 1218
-104 26 -352 -23
686 782 834 948
41 373 294 625
388 971 350 1164
767 749 483 519
10
402 878 489 1071
-486 612 -195 758
636 323 698 102
-905 343 -980 219
-280 163 -103 293
508 215 396 147
202 477 467 460
-566 403 -274 656
671 773 431 886
-291 815 -234 1099
10
-502 301 -289 275
-901 552 -678 554
-567 199 -295 356
-116 166 -376 383
98 644 355 668
-540 165 -685 419
575 272 517 39
676 552 538 304
210 829 307 1111
-56 39 131 -204
10
867 627 937 865
-265 698 -171 972
-695 434 -740 675
385 810 257 752
83 61 200 236
-276 550 -285 361
523 593 302 540
522 165 373 278
329 828 294 678
510 966 582 1228
10
617 955 866 702
-639 936 -495 819
-833 287 -720 523
-676 720 -780 553
-993 987 -953 1280
-876 986 -582 1230
-899 121 -864 281
-512 140 -810 -113
286 469 47 577
835 189 1105 301
3
-1 500 249132 434011
1 500 -250864 -432011
1 500 500000 -499
10
-170 700 -336 956
412 294 416 131
-559 643 -775 359
829 691 1005 871
1000 910 849 725
-376 553 -462 621
-924 855 -735 687
552 863 443 855
-214 264 82 39
-803 928 -1012 1176
10
-96 424 -325 559
-939 646 -913 886
830 51 634 310
337 707 317 492
-219 950 43 806
585 653 712 928
-686 837 -708 643
-583 176 -496 443
167 434 15 714
-365 158 -439 -44
10
-133 500 776 500499
1866 500 484829 -128907
1866 500 484829 -128907
-1866 500 481096 -128911
500 500 250499 433512
-500 500 -250499 433512
1866 500 -481096 -128911
-1866 500 -434877 250501
-500 500 -250499 433512
-500 500 -250499 433512
10
456 827 225 1064
905 523 826 687
343 857 544 785
560 248 281 294
-902 281 -791 332
635 225 786 95
696 846 672 565
-154 464 -448 274
-909 916 -895 943
-961 70 -1212 288
10
988 837 782 686
364 931 552 682
236 117 283 -46
71 971 -68 1177
341 583 207 472
940 629 1079 436
355 675 458 897
574 288 339 324
-66 283 128 56
-647 921 -535 1047
10
-696 255 -849 326
808 306 755 572
-112 61 134 281
694 488 643 546
-992 385 -992 286
-363 587 -585 770
109 413 292 505
592 189 617 439
761 753 488 635
122 462 362 381
10
-861 16 -1115 1
65 22 -52 -177
853 812 833 1025
179 783 60 895
-800 601 -696 711
213 861 406 935
769 22 954 -228
429 135 222 -139
-934 299 -869 479
949 392 1207 588
10
171 343 -101 336
594 667 846 509
-594 892 -817 1108
157 48 327 15
-545 307 -333 288
-663 417 -654 473
-911 302 -930 596
909 708 681 996
-202 638 -7 772
-62 338 177 313
10
918312 784248 918110 784263
849790 853685 849852 853971
-299470 -595591 -299673 -595791
-672974 -385249 -672871 -385474
-369218 61501 -369335 61508
-747295 191188 -747588 190939
762051 129702 761902 129420
-862686 -349790 -862857 -349704
-788787 -664901 -789059 -665063
787039 67849 787209 67681
10
927 533 691 692
-55 110 -283 149
762 958 693 855
-790 984 -1084 690
-68 167 -89 114
508 158 785 419
314 601 130 506
-913 288 -808 496
-132 100 -231 212
495 587 409 565
10
-762 113 -737 358
-228 4 -298 34
-407 42 -569 -111
-931 608 -1176 543
44 139 -146 261
-604 235 -437 57
355 740 285 821
650 334 766 569
-116 661 -262 784
294 35 320 -238
10
-947 583 -1058 524
-189 368 -279 86
-767 117 -729 284
-863 528 -1106 581
-433 999 -169 1168
-187 191 -407 -92
247 702 509 418
43 848 -43 929
870 380 936 90
-811 932 -857 1044
10
817 479 1071 396
-993 807 -697 749
680 776 665 479
959 673 1098 775
-999 703 -747 447
408 643 369 511
679 666 496 846
-728 925 -847 884
642 799 856 923
-389 182 -642 330
10
-734 541 -481 556
-997 654 -1233 571
465 691 202 606
-704 688 -477 532
615 191 771 463
802 587 934 406
777 165 699 -93
-435 846 -550 817
-679 839 -948 990
693 280 947 304
8
501 501 -998501 999501
501 500 999500 999498
-501 500 -999501 999498
-499 499 -999500 999499
-500 500 998502 999501
-500 502 998499 999502
501 499 -998498 999499
498 500 999502 999501
10
-653 753 -451 757
-994 497 -1036 714
-765 82 -598 290
-318 443 -155 613
-284 899 -345 927
-412 565 -298 474
-873 549 -702 396
226 179 386 410
-113 726 -161 598
-70 59 -187 73
8
-1000 999 -1000 0
500 500 1499 1000
1000 999 0 -1
999999 1000000 -1 -1
-500 500 -1000 -499
999 2000 0 1000
999999 999998 -1 -1
-500 500 0 1499
10
1866 500 -481096 -128911
-1866 500 481096 -128911
-1866 500 -1865 500499
-500 500 249499 433512
1866 500 484829 -128907
1866 500 484829 -128907
500 500 250499 433512
-500 500 249499 433512
500 500 250499 433512
-1866 500 -1865 500499
10
-758 891 -557 721
684 128 928 -59
-950 198 -695 184
454 886 528 627
-698 124 -503 198
455 14 550 135
566 307 852 480
-717 440 -859 305
266 379 45 497
-739 786 -1030 839
10
-1000 999 -1000 0
-999999 999998 1 -1
999 2000 0 1000
500 500 1000 -499
-500 500 0 1499
999999 1000000 -1 -1
-500 500 -1499 1000
-999999 1000000 1 -1
-999999 999997 1 -1
-1000 999 0 -1
4
-500 500 -499 499
-500 500 99500 100499
-500 500 -501 501
-500 500 -501 499
10
-777038 196324 -777277 196220
-863306 78963 -863131 78753
-244903 82439 -245098 82712
949310 -110749 949435 -110820
-173558 690953 -173727 690975
360878 264362 360610 264577
72194 658431 72161 658640
-518671 -389096 -518748 -389297
696921 -958801 697163 -959096
-442427 665440 -442565 665615
10
930230 872349 930293 872601
-146506 -68033 -146538 -67971
-229450 -290511 -229510 -290236
-506294 329963 -506084 330247
-90159 -652262 -89923 -652039
835376 544671 835277 544811
-52423 283967 -52272 283700
880721 -823943 880992 -823862
823192 -278978 823201 -279187
-567871 508949 -568108 509179
8
-502 502 -999499 999498
500 500 999500 999498
-500 501 998502 999502
-498 502 998500 999501
-498 499 -999500 999499
-501 498 998500 999502
500 501 999498 999500
501 502 -998498 999502
10
-602 889 -491 846
358 253 180 502
314 9 571 131
-91 519 -301 556
714 905 755 688
791 757 959 634
-336 702 -166 933
3 518 34 504
449 173 552 153
-110 503 -333 361
10
-21 822 141 983
154 906 45 751
-129 520 10 474
-408 848 -473 1122
112 153 165 231
12 543 -217 680
-917 137 -789 -34
-866 535 -868 633
824 433 539 347
42 786 121 614
10
408 62 652 -119
-438 683 -459 817
3 869 -111 681
973 225 1032 289
-190 918 -184 953
808 821 1001 889
126 706 -77 663
-154 618 -60 904
-880 381 -773 327
528 738 285 568
10
-851 695 -725 520
-195 575 -91 513
-658 281 -953 210
-516 171 -346 269
-323 8 -391 179
-301 39 -111 77
-138 992 92 947
402 668 517 566
158 298 -97 295
903 386 695 427
9
-1 500 -500000 -499
-1 500 249132 434011
-1 500 -500000 -499
-1 500 -500000 -499
-1 500 250864 -432011
-1 500 250864 -432011
-1 500 249132 434011
1 500 -250864 -432011
1 500 -249132 434011
6
333333 333333 333332 333334
333333 333333 333332 333332
-333333 333333 -333334 333334
-1 500 -501 497
333333 333333 333334 333332
1 500 501 506
10
856 384 906 167
-377 817 -300 914
255 319 -30 280
3 935 -220 1069
-33 398 219 414
565 952 544 659
-903 851 -909 1030
-205 564 2 286
-92 24 -280 -165
143 633 12 892
10
500 500 -99499 -99500
-500 500 -501 499
0 -10 -3 333323
-500 500 -499 501
0 -10 1 333323
0 -10 4 333323
500 500 501 501
0 -10 -2 333323
0 -10 0 333323
0 -10 -5 333323
10
154 412 304 542
541 314 453 231
48 966 269 731
842 863 710 1025
-982 430 -1098 532
-988 579 -1007 442
-878 837 -1119 777
-81 421 -210 457
984 558 702 373
-341 549 -631 665
6
1 500 -250864 -432011
-1 500 -500000 -499
1 500 500000 -499
-1 500 249132 434011
-1 500 249132 434011
1 500 -250864 -432011
10
-38 683 -105 664
524 977 639 771
-732 323 -860 344
662 44 391 48
-121 208 -365 223
239 749 470 809
-799 977 -879 846
597 744 599 827
171 605 79 547
250 156 20 74
10
-1866 500 481096 -128911
1866 500 484829 -128907
500 500 -249499 433512
-133 500 776 500499
1866 500 -431147 250498
-1866 500 481096 -128911
133 500 -776 500499
-500 500 -250499 433512
-500 500 249499 433512
1866 500 484829 -128907
6
333333 333333 333332 333332
333333 333333 333334 333332
-333333 333333 -333334 333334
-1 500 2 0
-1 500 5 1000
333333 333333 333332 333334
10
350 142 283 104
261 733 494 573
677 206 896 5
-25 158 231 336
837 142 907 403
-463 634 -169 695
757 227 523 5
-487 874 -701 997
940 44 1229 74
-848 163 -906 -62
4
500 500 499 499
500 500 501 499
-500 500 -100499 100500
500 500 499 501
10
981 500 405452 294443
981 500 -499018 438
-981 500 -155549 -475008
-981 500 403564 294341
981 500 500980 562
981 500 405526 -293341
-981 500 -155429 476047
-981 500 153587 476008
981 500 -403490 -293443
981 500 -153467 -475047
10
-1866 500 -484829 -128907
-1866 500 481096 -128911
-1866 500 431147 250498
-500 500 249499 433512
-1866 500 -434877 250501
-1866 500 481096 -128911
500 500 -249499 433512
-1866 500 -484829 -128907
-133 500 776 500499
500 500 -249499 433512
10
929 260 1022 551
301 543 263 524
-616 324 -843 422
-239 215 -41 102
161 74 259 -157
44 462 168 337
-110 816 -66 616
990 896 1270 767
674 217 377 466
437 625 205 520
10
854 235 631 475
-627 319 -588 25
341 117 635 266
-137 304 74 372
290 759 0 602
556 963 541 930
495 924 793 1113
863 667 891 383
-40 397 -147 532
-512 398 -350 204
10
-254 500 153678 -475215
-254 500 499745 -105
-254 500 -405118 -292902
254 500 -403898 -293882
254 500 404406 294882
-254 500 -154186 476215
254 500 155338 -474840
-254 500 -500253 1105
-254 500 404610 293902
254 500 -154830 475840
