30
1
1
1
8
1 2 1 3 3 1 4 1
4 4 3 4 3 2 2 1
20
1 2 3 4 5 6 7 8 3 4 5 6 7 8 9 10 11 12 13 14
1 1 2 2 2 2 2 2 1 1 1 1 1 1 1 1 1 1 1 1
20
1 2 3 4 5 6 7 8 9 1 2 3 4 5 7 8 9 10 11 12
2 2 2 2 2 2 2 2 2 1 1 1 1 1 1 1 1 1 1 1
20
1 2 3 4 5 6 7 8 9 10 11 11 12 13 14 15 16 17 18 11
1 1 1 1 1 1 1 1 1 1 3 2 2 2 2 2 2 2 2 1
20
1 2 3 4 5 6 6 7 8 9 6 10 11 12 13 14 15 16 17 18
1 1 1 1 1 3 2 2 2 2 1 1 1 1 1 1 1 1 1 1
20
1 2 3 4 5 6 7 8 9 10 11 12 13 14 15 4 7 8 12 15
1 1 1 2 2 2 2 2 2 2 2 2 2 2 2 1 1 1 1 1
20
1 2 3 1 1 1 1 1 1 1 2 3 4 5 5 5 5 5 5 5
8 8 8 7 6 5 4 3 2 1 1 1 1 7 6 5 4 3 2 1
20
1 1 1 1 1 1 1 1 1 1 1 1 1 1 1 1 1 1 1 1
20 19 18 17 16 15 14 13 12 11 10 9 8 7 6 5 4 3 2 1
19
1 2 1 1 1 3 2 3 4 3 3 5 4 5 6 7 8 5 5
4 4 3 2 1 5 1 3 4 2 1 4 1 3 3 3 3 2 1
7
1 1 1 1 2 3 4
4 3 2 1 1 1 1
20
1 1 2 3 3 3 2 4 2 5 2 3 4 5 6 7 7 6 6 1
8 2 5 7 6 5 4 5 3 5 2 2 2 2 4 5 4 3 2 1
11
1 2 3 3 4 5 4 5 3 6 6
1 1 3 2 3 3 2 2 1 2 1
8
1 2 1 2 1 3 4 1
4 4 3 3 2 2 2 1
10
1 2 3 4 5 6 5 5 5 5
1 1 1 1 5 5 4 3 2 1
20
1 2 3 4 5 6 7 8 9 9 10 11 12 13 9 14 15 16 17 18
1 1 1 1 1 1 1 1 3 2 2 2 2 2 1 1 1 1 1 1
20
1 2 3 4 5 6 7 2 3 4 5 6 7 8 9 10 11 12 13 14
1 2 2 2 2 2 2 1 1 1 1 1 1 1 1 1 1 1 1 1
20
1 2 3 4 5 6 7 8 9 10 11 3 4 5 6 7 8 9 10 11
1 1 2 2 2 2 2 2 2 2 2 1 1 1 1 1 1 1 1 1
20
1 1 1 2 2 2 3 3 4 4 5 4 5 4 6 4 4 3 7 8
4 2 1 8 7 1 3 2 7 6 6 5 5 4 4 3 2 1 1 1
20
1 2 3 4 5 6 7 8 9 1 2 3 4 5 6 7 8 9 10 11
2 2 2 2 2 2 2 2 2 1 1 1 1 1 1 1 1 1 1 1
14
1 2 3 4 5 1 2 3 4 5 6 7 8 8
2 2 2 2 2 1 1 1 1 1 1 1 2 1
13
1 1 1 1 1 2 3 4 4 4 4 4 4
5 4 3 2 1 1 1 6 5 4 3 2 1
17
1 1 1 1 1 1 1 1 1 1 1 1 2 3 4 5 6
12 11 10 9 8 7 6 5 4 3 2 1 1 1 1 1 1
18
1 2 2 1 3 1 1 4 5 4 2 6 4 6 7 3 5 5
4 5 4 3 3 2 1 4 4 3 1 4 2 3 3 1 2 1
20
1 2 3 4 5 6 7 8 9 10 11 12 13 2 3 5 6 9 10 13
1 2 2 2 2 2 2 2 2 2 2 2 2 1 1 1 1 1 1 1
20
1 1 1 1 1 1 1 1 1 1 1 1 1 2 3 4 5 6 7 8
13 12 11 10 9 8 7 6 5 4 3 2 1 1 1 1 1 1 1 1
15
1 1 1 1 1 1 1 2 2 2 2 2 2 2 2
8 7 6 5 4 3 1 8 7 6 5 4 3 2 1
20
1 2 3 4 5 6 6 7 8 9 10 11 6 12 13 14 15 16 17 18
1 1 1 1 1 3 2 2 2 2 2 2 1 1 1 1 1 1 1 1
20
1 2 3 4 5 6 7 8 9 10 10 11 12 13 14 15 10 16 17 18
1 1 1 1 1 1 1 1 1 3 2 2 2 2 2 2 1 1 1 1
6
1 2 3 4 2 2
1 3 3 3 2 1
