100
91 107 3
48 84
21 39
1 3
21 63
32 62
71 77
1 61
69 75
36 81
0 49
9 83
56 90
9 87
74 86
4 31
12 33
8 18
26 29
0 76
56 77
7 14
11 43
68 90
53 74
35 72
50 88
10 17
65 78
12 85
0 33
22 89
28 55
56 85
0 67
27 49
46 63
37 46
42 79
3 31
13 26
19 85
24 59
15 41
57 66
58 75
30 53
3 65
0 31
24 90
38 70
12 18
25 52
60 64
15 68
6 44
0 77
0 2
52 78
51 80
6 16
0 54
47 86
40 67
64 73
70 84
28 49
28 47
12 76
49 54
33 81
4 35
8 37
50 90
33 88
5 82
23 34
1 51
16 36
7 90
34 43
14 57
17 44
12 30
11 39
41 45
20 80
22 30
20 72
61 87
25 90
5 55
80 84
29 73
40 89
10 54
3 19
79 90
27 60
23 59
38 58
2 83
32 66
42 82
13 65
48 62
45 51
69 71
93 145 5
29 60
8 78
13 92
3 15
39 81
0 8
12 26
40 82
21 91
11 14
28 32
9 62
13 66
45 52
58 69
40 57
22 92
38 44
5 73
15 59
57 81
26 67
17 30
10 54
23 81
58 89
80 81
19 77
4 8
0 90
0 40
70 82
50 83
13 37
0 52
33 74
1 44
28 50
12 78
17 78
56 87
64 66
55 67
32 49
27 53
29 30
17 46
43 71
3 91
42 91
2 82
12 36
23 84
53 55
0 77
73 82
47 51
6 24
73 76
33 86
10 19
35 48
0 71
53 56
32 87
5 70
38 46
7 72
65 85
35 71
62 68
41 59
5 90
54 76
18 75
27 89
26 63
17 80
21 51
37 46
27 49
0 32
25 43
0 65
49 64
4 77
34 37
49 61
28 43
74 80
16 45
63 92
14 37
46 92
18 66
36 48
69 92
2 34
28 66
37 48
64 67
34 54
78 82
13 39
79 81
7 79
31 64
14 50
6 92
48 84
28 75
24 31
78 88
53 73
39 60
3 92
22 25
7 90
7 32
42 61
66 69
75 88
11 65
69 83
8 27
2 31
23 41
57 90
20 82
7 83
2 86
25 73
1 35
16 47
84 91
3 47
44 72
38 72
20 80
83 84
84 90
11 68
25 44
9 85
8 60
3 3 3
1 2
0 2
0 1
89 127 2
34 35
51 67
30 51
76 81
17 46
18 62
15 74
35 53
37 58
17 70
24 66
26 29
21 88
72 74
35 50
31 87
10 21
3 9
23 45
3 16
13 87
52 85
39 66
7 86
0 60
47 59
27 60
1 23
34 50
0 79
10 42
6 53
18 58
0 28
43 54
50 79
19 75
63 88
36 56
11 30
15 54
14 32
22 74
42 57
17 86
20 25
10 44
5 39
36 73
38 46
71 85
13 53
8 31
75 87
73 88
48 56
48 77
28 55
47 77
9 84
38 51
25 39
12 33
1 10
10 28
4 64
39 51
68 83
4 79
4 22
24 29
45 66
22 33
6 26
1 59
13 78
0 27
12 46
8 84
49 76
14 79
2 55
14 80
64 67
15 53
21 67
34 71
75 88
43 44
41 73
0 82
37 41
29 44
55 60
0 49
42 52
7 65
2 85
11 81
17 59
19 83
27 32
49 74
5 82
6 63
36 80
24 39
44 83
26 35
20 61
65 88
57 69
61 88
5 56
2 35
36 75
40 69
3 22
45 70
19 72
52 78
62 74
16 88
1 47
26 71
40 68
17 24
97 149 6
36 55
38 71
4 93
76 90
47 69
26 76
12 96
39 46
26 38
8 53
12 67
23 29
13 96
46 73
4 21
35 95
36 93
0 89
33 46
20 84
17 74
47 62
23 94
32 87
11 33
75 82
12 33
67 77
35 67
6 64
17 72
60 71
74 80
1 14
36 84
9 77
36 68
54 95
29 83
24 89
5 74
69 89
31 59
27 96
61 72
5 9
53 66
30 79
19 41
28 81
1 3
24 27
64 65
0 14
79 91
0 57
45 86
3 63
19 60
24 44
42 78
50 56
1 22
43 51
45 50
8 42
9 88
5 45
9 55
13 52
5 19
47 77
25 37
54 89
6 86
57 66
36 87
51 63
11 31
2 32
24 79
7 22
24 59
11 86
39 44
65 83
4 34
16 58
27 34
49 85
41 51
22 42
43 92
8 9
14 84
69 88
20 81
54 78
0 48
28 82
14 45
29 60
20 48
62 93
68 91
15 91
41 42
15 92
37 75
0 30
10 39
41 73
18 35
35 96
40 47
70 77
17 73
56 84
37 88
34 56
16 49
39 75
2 38
9 91
3 19
65 96
25 58
0 55
56 90
7 96
90 96
0 40
68 69
67 96
59 94
23 68
18 55
55 80
21 50
52 95
18 85
46 56
10 61
6 61
70 84
14 87
23 43
14 71
50 90
91 134 4
67 72
30 40
21 22
53 71
35 90
0 5
18 29
46 68
48 90
45 85
25 41
49 90
37 57
16 61
66 77
14 17
30 46
0 29
12 77
17 24
36 55
37 71
33 68
20 56
24 33
48 75
62 76
51 90
8 23
28 64
11 56
62 75
41 90
0 17
6 84
0 18
76 86
47 78
3 73
10 73
38 80
4 16
63 72
77 78
69 74
66 78
25 32
63 87
2 76
36 53
30 39
32 54
7 54
46 70
78 82
42 81
26 50
5 71
63 75
15 82
25 79
43 67
24 34
9 38
11 43
14 87
70 84
6 47
21 43
44 82
18 86
28 85
13 45
13 25
20 44
14 71
49 72
0 74
52 79
5 80
4 32
57 67
15 62
7 35
40 90
0 60
27 41
17 22
38 54
58 61
4 42
52 88
19 81
44 89
29 31
7 89
26 83
51 78
12 23
25 90
9 75
20 39
42 88
34 90
6 27
60 78
69 90
60 79
19 64
5 53
2 65
8 83
8 30
1 2
0 85
76 85
55 84
58 69
9 19
10 64
84 85
6 7
0 59
13 69
4 79
1 3
58 80
0 50
47 75
47 51
31 63
74 80
20 83
59 65
93 128 9
0 85
0 31
43 92
49 52
56 70
45 61
21 22
34 74
0 20
26 92
41 76
58 79
31 62
44 88
36 48
18 77
66 89
13 42
26 45
36 88
48 65
39 77
48 54
1 11
4 46
16 25
43 89
10 50
17 71
63 79
22 38
14 65
22 84
19 75
12 88
13 32
63 81
28 38
8 52
0 82
48 81
28 92
29 56
87 92
30 48
0 58
51 81
26 47
25 77
75 90
54 87
23 67
10 30
27 86
36 57
28 44
29 74
9 50
15 16
53 58
2 92
13 63
30 64
20 80
53 67
49 59
53 73
19 69
60 61
5 80
40 80
23 51
11 51
21 84
24 65
24 51
9 82
33 38
11 60
72 79
33 39
34 68
71 92
66 67
0 87
63 68
70 85
37 78
52 92
52 55
47 84
12 64
68 90
7 42
2 57
14 83
32 55
0 46
15 78
29 49
28 36
54 82
0 18
8 34
4 18
18 37
53 74
6 68
3 58
39 91
27 65
62 83
69 86
44 45
1 77
5 35
6 30
73 91
7 59
9 51
6 17
58 92
1 91
41 72
3 76
5 27
35 40
4 8
4 4 2
0 2
2 3
0 1
1 3
89 115 5
36 69
6 54
39 83
19 47
6 79
3 13
46 63
20 75
4 68
7 61
76 77
2 80
38 52
31 48
19 54
21 79
15 41
12 83
20 77
26 42
11 45
44 65
50 60
9 43
66 78
13 72
58 85
22 48
50 88
0 11
17 73
24 59
28 62
29 64
33 37
0 30
27 49
0 41
14 49
7 47
37 45
10 38
18 86
0 46
15 20
0 15
15 40
0 84
28 36
65 86
9 18
0 32
61 64
26 72
32 70
25 82
52 74
26 41
10 21
31 70
40 85
4 72
2 31
3 88
48 86
8 88
63 87
35 57
23 84
1 12
8 44
53 56
81 87
5 55
71 88
25 60
33 70
50 59
23 57
6 88
8 9
16 35
34 74
0 60
37 44
7 50
62 88
17 50
22 51
13 26
56 73
67 71
24 75
39 67
6 78
55 68
20 71
1 16
53 55
27 73
14 45
30 78
51 81
17 37
29 32
5 82
9 41
0 58
34 42
43 58
54 69
80 88
66 76
53 70
56 88
29 107 2
12 22
7 10
6 27
6 22
20 28
9 12
1 2
19 25
5 23
18 27
6 9
15 19
5 19
18 23
12 27
6 11
2 14
19 24
18 19
9 17
0 22
8 26
16 25
3 5
6 23
4 21
4 20
12 23
4 25
8 13
1 19
2 20
11 15
17 22
3 24
1 27
3 17
0 11
4 13
3 18
16 18
6 16
22 24
14 28
8 21
2 25
7 13
3 25
2 21
9 24
1 7
11 24
8 10
23 24
7 21
4 26
2 13
11 18
11 12
8 25
13 28
18 22
8 14
25 27
21 28
24 27
17 23
5 22
1 9
5 11
1 4
17 19
4 10
7 26
9 15
6 19
9 25
5 9
7 14
7 25
26 28
15 27
2 26
0 23
4 14
16 17
2 10
1 16
5 27
7 20
9 18
3 15
11 17
5 16
1 8
15 22
10 28
16 24
1 3
12 16
3 6
17 27
15 16
12 19
8 20
15 23
3 12
100 154 7
24 33
49 99
14 50
16 64
8 36
32 80
16 80
33 82
38 66
85 93
29 75
49 68
65 69
7 42
15 84
0 42
0 72
44 96
41 51
14 97
71 79
77 85
20 92
49 59
28 48
44 99
34 51
27 98
30 90
27 40
30 41
31 94
18 39
6 55
0 11
35 92
0 79
13 39
14 61
33 36
0 43
53 64
76 87
47 58
1 7
2 8
1 94
28 66
23 76
37 81
38 54
29 93
6 38
89 94
61 76
6 12
40 45
18 96
67 85
34 81
68 86
46 65
35 46
19 27
75 78
91 95
3 57
4 37
31 63
0 81
11 66
27 37
78 89
37 84
56 74
1 19
55 82
16 19
0 84
19 35
0 94
3 17
54 58
84 91
30 99
36 97
43 82
41 60
17 33
5 78
22 50
9 47
60 84
20 99
53 97
60 67
47 59
3 46
57 69
22 53
79 81
12 81
85 90
25 93
62 63
59 64
87 92
5 45
33 62
44 68
4 67
11 85
21 99
65 88
10 57
26 63
25 73
0 45
11 96
21 56
83 99
14 85
4 84
72 73
24 91
70 89
26 95
23 28
52 86
2 99
34 83
61 95
4 22
5 53
13 70
57 72
0 47
54 99
48 74
23 89
10 15
72 93
9 75
0 88
52 56
62 87
70 77
9 94
12 32
52 78
39 85
24 97
1 22
71 98
88 111 3
3 11
38 43
20 28
29 34
20 46
36 79
3 33
34 56
14 30
22 85
1 16
56 66
1 65
13 71
27 70
54 62
0 67
14 71
23 82
45 64
48 85
63 87
60 78
16 76
64 81
29 50
16 84
15 21
81 87
25 84
38 53
2 23
0 86
9 42
8 87
19 66
40 86
46 82
0 12
11 87
0 68
56 68
24 76
42 71
0 36
4 68
2 65
6 37
0 4
11 53
37 49
40 70
41 82
15 55
17 78
12 46
10 24
0 56
69 80
82 87
61 72
48 86
31 35
53 77
0 50
63 67
3 72
55 77
17 26
41 44
9 29
5 75
62 84
47 83
0 51
8 73
30 80
58 73
28 31
10 63
19 52
51 80
13 22
32 59
7 47
35 61
7 87
26 69
49 79
34 67
30 45
15 33
42 54
5 23
10 87
58 60
50 75
4 48
6 77
39 72
18 74
39 83
16 82
27 57
25 52
18 21
47 49
57 74
43 59
44 55
32 33
3 3 2
0 2
0 1
1 2
90 122 1
35 37
71 78
57 63
46 78
59 68
61 77
1 32
2 70
7 63
9 35
8 33
9 73
42 65
0 32
67 89
1 18
15 72
7 45
52 57
33 60
30 36
49 79
61 79
11 28
43 86
43 54
24 60
14 73
23 83
24 72
1 52
56 68
0 56
2 88
62 84
30 64
43 69
82 89
76 89
17 35
0 14
0 79
11 55
68 75
26 32
2 12
27 40
21 85
6 71
13 64
5 38
15 51
1 74
37 47
26 45
30 76
44 65
11 34
39 76
20 41
20 53
3 88
34 41
86 87
25 54
22 52
46 87
21 31
17 81
19 80
4 66
0 83
3 77
22 32
57 73
45 72
17 51
1 42
19 29
36 80
42 62
8 55
31 81
9 15
40 50
49 54
6 89
48 75
46 55
47 89
58 84
0 16
10 18
34 44
49 65
0 50
39 85
17 27
42 54
14 67
5 88
48 89
6 38
10 14
79 84
53 56
13 25
28 70
65 72
4 59
29 89
0 51
14 65
1 25
43 68
36 38
39 67
22 66
58 69
23 42
16 74
12 82
90 110 2
78 80
29 87
61 89
28 84
0 15
2 14
0 82
44 89
15 42
30 70
1 78
4 9
22 88
5 8
66 82
0 55
59 89
0 63
54 66
53 61
53 80
20 42
18 27
43 71
0 14
56 68
10 65
10 51
64 84
7 65
30 38
11 53
3 34
33 72
51 86
39 57
25 83
1 42
35 74
75 86
13 67
7 45
65 87
5 33
0 68
6 54
52 60
23 41
49 70
15 79
24 52
42 67
14 67
17 73
28 36
47 81
12 62
49 50
20 84
57 88
17 55
46 83
26 41
16 29
12 54
0 88
58 76
23 31
59 77
1 69
6 89
40 89
57 62
5 32
18 64
38 79
44 71
19 31
9 60
60 69
19 85
66 76
11 39
24 58
4 62
42 72
2 33
64 80
67 73
3 74
22 37
85 87
16 63
6 88
12 46
21 81
48 76
36 47
8 25
45 89
27 37
13 48
9 34
35 82
58 89
32 56
21 40
66 75
26 77
43 50
89 105 3
8 61
53 77
3 19
50 60
53 82
48 88
26 36
5 11
26 76
16 62
52 66
17 28
0 83
25 67
70 86
86 87
1 81
22 58
14 23
27 70
1 78
4 66
7 41
0 56
9 51
14 38
6 69
42 55
2 79
11 68
7 46
33 83
13 57
65 67
35 62
20 39
37 60
29 40
36 55
0 31
28 88
35 61
0 54
32 71
54 84
49 55
18 85
48 78
36 53
24 63
18 69
46 88
37 87
32 78
25 44
13 63
15 77
12 64
9 80
10 17
23 74
76 79
21 34
59 88
24 45
15 73
33 47
31 44
2 52
22 88
3 51
18 34
30 66
43 65
21 47
30 84
12 34
64 72
0 82
32 41
60 74
40 42
75 88
10 38
15 36
9 37
73 86
45 56
6 58
0 52
72 80
19 45
20 50
0 39
25 73
49 59
51 71
29 57
27 81
4 85
75 87
5 43
8 68
19 36
16 88
88 105 2
64 67
14 46
51 55
16 37
43 64
38 63
56 73
3 62
36 84
12 72
0 7
17 38
78 87
50 54
6 80
10 13
33 58
34 39
61 79
34 71
8 48
29 40
8 10
7 35
77 87
26 32
18 35
0 32
21 85
48 79
49 74
30 42
54 57
24 73
44 84
15 62
27 87
12 19
0 79
3 70
20 57
49 87
28 87
74 75
26 69
21 83
9 11
5 56
41 53
18 37
6 41
23 53
20 76
20 63
0 59
19 49
15 17
29 86
39 41
40 80
16 52
39 44
11 69
31 46
65 66
11 51
24 68
25 67
58 82
4 47
22 30
37 64
33 43
1 31
5 77
53 72
78 81
11 29
4 85
2 52
60 75
15 49
16 36
28 83
14 82
2 81
50 61
86 87
45 61
22 44
23 65
32 86
42 59
0 45
1 87
60 87
69 71
25 70
27 67
13 68
0 63
44 47
47 76
55 66
0 9
10 45 8
0 2
5 9
4 7
2 4
4 6
3 4
6 8
1 7
2 9
0 3
5 8
7 8
1 8
4 8
3 8
5 6
1 5
1 9
6 7
6 9
0 1
1 6
7 9
0 5
2 8
4 5
2 5
1 3
3 7
2 3
8 9
0 6
5 7
1 4
3 5
0 4
2 7
3 9
0 9
3 6
2 6
1 2
0 7
4 9
0 8
89 104 3
80 88
69 88
44 86
65 78
12 55
8 50
54 83
28 78
47 50
29 70
12 53
57 81
44 69
4 19
13 34
5 26
42 62
30 77
45 48
10 14
14 54
56 64
38 57
33 40
25 48
1 61
59 88
22 71
3 72
20 88
21 71
70 86
28 85
21 36
8 34
24 60
16 76
16 19
16 20
39 51
25 36
56 74
17 87
35 63
43 49
18 54
0 41
56 79
47 67
7 27
52 88
52 83
3 15
37 88
4 41
2 72
18 42
0 79
26 73
0 38
5 6
48 85
64 75
2 45
11 73
44 88
60 84
17 21
0 13
20 51
63 82
46 55
1 80
35 76
62 68
17 29
22 68
24 53
9 49
0 65
29 30
37 46
39 58
15 32
31 59
74 75
82 87
0 18
9 81
11 58
43 73
3 64
25 66
37 69
27 40
31 33
67 84
11 66
23 32
23 61
7 77
6 10
30 74
11 59
96 148 6
20 62
42 86
17 24
26 39
58 68
45 95
21 44
3 56
42 50
22 28
28 57
38 50
0 65
6 23
0 8
51 95
38 43
58 79
63 71
15 37
41 74
37 59
15 36
38 68
41 85
61 95
3 86
3 32
9 83
11 19
45 64
4 92
72 81
1 82
48 56
69 74
8 81
71 93
6 65
10 45
26 86
53 68
46 52
8 42
12 25
86 88
10 87
13 16
62 68
13 31
12 37
80 92
9 91
50 89
13 56
73 93
29 49
57 64
57 85
39 57
1 27
74 80
47 84
56 88
7 88
10 80
18 33
11 60
51 91
37 74
40 89
63 90
36 79
0 43
27 34
55 79
46 95
23 69
2 6
34 49
7 15
54 72
16 25
32 94
47 76
19 29
31 48
44 60
33 88
41 69
14 55
46 66
24 83
30 87
47 79
11 58
42 72
73 95
35 52
47 90
74 84
76 84
78 81
64 95
0 75
10 64
85 95
0 58
83 90
25 50
50 66
17 54
67 75
5 18
59 77
43 50
5 70
40 41
85 94
15 68
22 33
73 88
26 80
7 61
2 55
7 71
54 78
1 46
23 38
22 25
21 77
9 90
39 53
14 41
4 60
30 82
25 82
33 36
2 66
0 18
20 70
21 67
14 31
35 77
52 90
62 77
53 81
0 59
29 107 4
18 24
8 9
6 17
8 24
11 21
1 25
6 24
19 22
2 7
7 28
5 26
1 16
1 5
21 28
2 27
16 24
8 26
4 22
19 28
16 26
6 14
1 6
11 27
14 23
14 16
0 17
12 18
6 26
10 13
7 22
2 23
13 15
3 5
4 11
5 12
17 18
15 22
21 22
11 23
24 25
3 6
1 18
15 28
10 28
17 20
11 15
13 27
5 14
14 25
16 17
6 12
2 10
0 3
12 16
20 26
3 8
2 19
1 20
7 11
3 16
13 21
8 12
20 24
5 9
12 23
17 25
4 9
0 26
9 16
13 19
14 20
2 21
3 25
22 23
18 26
5 17
25 26
7 13
8 14
4 14
9 18
4 13
23 24
14 18
5 24
6 9
12 25
3 20
1 4
1 23
11 19
1 8
9 25
10 22
27 28
2 4
9 20
9 23
4 12
2 15
12 20
4 24
22 27
3 18
10 11
8 17
13 23
100 99 2
59 91
60 93
10 28
11 26
22 68
25 86
15 62
20 50
49 74
46 53
56 82
29 36
51 69
5 55
9 96
10 44
42 67
16 52
81 89
16 55
34 43
64 76
41 96
17 90
72 94
45 91
15 87
3 29
27 28
31 39
12 60
5 14
49 57
26 66
34 63
12 44
31 68
8 67
70 84
37 64
33 72
1 2
58 86
9 21
33 61
36 66
59 73
19 90
75 76
24 97
35 70
53 95
20 65
46 81
6 23
18 19
30 32
39 83
3 54
21 84
1 62
7 56
23 50
37 57
17 77
25 65
61 79
18 38
30 35
42 78
24 73
71 92
47 87
2 13
79 89
47 75
92 98
32 71
13 80
48 82
40 88
27 83
11 52
6 14
69 88
48 94
40 99
38 85
63 78
0 22
4 93
80 97
8 95
7 74
4 98
43 54
41 77
45 85
51 58
87 103 4
49 55
27 41
7 51
20 80
56 79
47 78
11 13
3 23
69 71
15 66
50 63
9 54
14 49
8 48
10 25
35 36
17 54
54 82
1 68
37 50
4 70
24 74
27 30
0 44
0 82
61 67
37 43
39 72
45 74
0 25
32 77
26 78
0 60
58 86
3 66
2 34
16 22
57 69
30 40
80 86
9 41
33 71
37 49
77 84
12 62
0 76
5 8
29 73
21 64
0 1
31 65
23 75
35 75
5 13
7 83
21 61
6 72
38 81
6 51
57 81
15 38
64 86
9 16
17 53
59 86
24 32
5 47
2 18
65 74
24 85
43 53
1 37
46 76
0 36
12 27
34 46
14 42
12 15
8 11
19 28
55 58
18 42
21 52
46 52
19 62
20 70
79 85
67 86
20 73
34 55
10 48
44 84
22 52
33 83
56 70
45 63
28 64
38 68
26 86
31 59
39 86
4 29
40 60
11 21 3
0 4
3 7
3 6
5 7
0 9
2 6
1 6
2 10
7 9
7 8
6 9
4 7
2 7
8 10
4 6
5 6
5 10
1 7
6 8
3 10
0 1
3 3 1
0 1
1 2
0 2
94 130 3
30 74
42 55
18 46
0 83
12 71
8 18
26 75
58 62
4 15
11 71
16 34
47 90
38 64
50 65
27 51
0 91
48 76
57 84
56 93
21 38
11 77
19 77
41 44
33 72
9 13
27 68
66 87
36 73
78 87
70 86
28 63
22 38
25 59
43 53
24 37
85 87
3 17
0 49
7 86
29 35
18 52
14 54
8 83
5 36
6 20
40 93
44 62
31 33
9 67
29 91
4 40
25 56
57 89
46 68
60 89
10 12
19 45
42 46
2 61
39 93
20 78
40 75
43 72
3 92
10 33
63 93
26 63
30 69
5 88
28 49
20 92
15 66
30 38
52 64
42 45
14 42
8 72
0 11
34 35
7 69
21 49
28 85
14 62
17 93
65 84
31 43
53 73
55 58
0 60
49 81
2 70
21 80
64 69
26 82
47 79
19 60
59 77
31 39
85 88
1 23
32 35
50 81
0 82
16 78
54 65
39 41
61 93
37 51
37 72
13 71
53 74
1 26
55 84
37 67
73 89
32 49
6 48
34 90
3 67
30 72
77 80
59 78
0 45
67 82
0 23
74 75
24 93
32 79
13 22
22 76
94 132 3
36 90
0 12
23 66
11 32
17 79
69 90
10 15
35 47
5 37
19 77
56 91
0 22
13 40
7 13
67 70
2 3
12 72
27 74
13 60
52 77
0 54
33 46
42 90
0 59
5 22
16 65
61 62
16 87
43 54
39 69
92 93
25 27
0 51
17 20
40 58
61 64
23 82
77 84
28 85
70 74
7 41
38 52
24 75
63 77
50 68
51 72
37 87
30 79
9 50
53 93
53 86
11 18
71 93
51 74
65 72
55 79
48 57
26 60
9 21
3 9
67 68
47 93
59 82
18 87
15 43
5 62
0 21
66 73
3 91
22 30
11 56
31 48
25 64
28 57
13 89
14 15
26 42
3 76
7 8
17 61
35 61
72 84
8 84
1 19
40 80
45 88
86 89
14 41
32 45
0 31
73 85
9 75
9 89
56 83
63 85
83 89
1 36
14 91
34 65
20 39
4 78
4 42
0 63
5 68
18 71
2 46
30 55
2 80
56 88
37 58
49 76
78 92
50 93
11 24
38 70
0 13
29 44
31 64
6 19
17 53
14 82
28 37
3 53
64 73
44 93
6 29
33 93
58 81
10 80
28 81
34 66
2 49
97 120 4
48 91
5 79
10 47
88 94
12 94
3 83
0 58
11 57
16 65
9 84
45 76
16 96
50 51
6 29
0 34
16 46
30 36
43 44
6 70
22 81
56 89
4 81
5 13
93 96
11 78
9 96
1 40
66 91
48 96
37 53
30 84
55 68
0 47
20 96
8 19
21 37
5 71
14 70
59 75
57 72
20 23
17 90
13 73
10 35
31 38
38 89
0 61
39 65
56 95
84 87
10 61
27 64
51 79
24 76
2 72
15 74
23 88
56 91
32 60
46 72
54 55
42 45
33 83
20 43
73 80
19 38
0 44
1 49
3 95
8 40
1 90
40 92
67 80
50 86
77 96
12 32
47 92
53 69
13 18
63 82
24 96
49 52
22 41
4 34
85 96
14 74
59 90
75 94
41 52
71 77
8 86
21 29
63 93
2 69
7 57
26 27
26 58
9 68
54 77
25 36
18 43
48 94
31 62
0 39
17 87
19 85
46 63
64 66
25 28
0 15
7 82
35 95
28 65
33 60
15 51
31 67
62 88
65 76
12 42
1 78
92 137 5
4 51
71 73
3 38
14 51
15 45
39 76
0 21
28 89
26 75
49 77
0 88
8 82
0 31
19 63
15 91
0 13
62 91
47 74
16 83
64 85
35 76
23 35
20 38
46 68
28 91
1 56
31 33
65 83
11 89
34 70
43 84
41 42
11 22
5 70
45 84
63 67
53 59
6 36
0 20
48 87
2 89
40 58
40 44
29 85
9 41
66 75
21 58
32 34
0 73
38 54
22 80
77 85
7 34
2 7
13 60
31 52
7 49
25 42
12 26
14 65
44 64
68 72
49 63
21 76
19 77
17 74
1 43
13 36
8 90
45 59
50 63
0 56
32 67
17 86
33 80
10 50
25 53
69 91
3 10
18 86
12 27
9 39
40 90
6 14
1 5
37 39
10 65
7 54
30 88
2 13
54 55
22 27
68 80
24 72
45 82
35 66
29 65
0 79
81 91
61 62
78 85
46 82
20 50
79 87
16 18
40 81
47 80
11 60
31 49
4 52
23 48
0 27
55 57
67 68
24 69
59 65
55 78
52 84
29 91
0 66
43 61
16 25
35 69
54 90
30 37
28 46
27 65
63 65
44 77
16 91
41 73
53 58
10 78
3 40
77 81
60 71
57 91
97 127 5
32 83
10 96
60 78
37 79
77 82
35 46
88 96
20 86
12 21
3 60
78 91
56 75
13 30
15 61
2 3
14 18
23 62
43 81
1 91
25 56
34 41
32 77
64 92
13 32
45 80
44 48
36 72
28 75
51 58
10 58
27 38
15 82
67 70
66 86
71 89
7 96
25 90
29 63
1 94
29 80
52 74
39 69
36 74
31 89
0 23
30 73
4 6
9 44
12 37
16 43
6 29
29 49
76 83
79 96
19 35
70 77
11 54
0 69
46 51
0 52
0 42
6 82
68 88
59 73
1 19
22 57
40 57
38 72
36 85
5 72
8 19
50 66
64 65
19 30
6 76
30 42
0 33
26 27
14 94
42 84
48 94
22 41
20 34
7 18
9 66
57 68
47 71
0 86
17 42
21 87
22 50
19 43
33 92
39 55
3 15
26 67
11 69
5 24
65 77
24 47
17 28
16 31
26 62
54 93
8 96
0 59
62 72
39 65
53 63
85 90
61 79
93 95
17 53
12 14
9 20
11 14
81 96
45 61
8 63
9 42
48 85
2 84
49 95
67 96
4 40
19 61
55 87
95 143 5
0 85
28 42
2 45
3 39
25 40
10 91
42 55
48 78
65 68
16 92
3 50
24 38
17 52
11 43
46 59
26 37
10 44
18 45
47 82
21 65
89 92
58 94
0 53
0 54
27 94
6 24
9 41
0 41
32 79
23 26
27 33
51 58
49 66
32 47
74 92
4 35
11 24
86 94
73 86
18 41
29 48
13 20
56 94
39 62
21 40
72 80
6 22
4 83
50 76
5 24
32 65
34 85
44 79
0 78
13 43
11 17
1 7
50 62
2 44
29 73
21 37
49 51
42 83
28 93
62 66
49 88
10 36
43 47
56 90
54 82
60 88
21 59
7 27
6 60
2 94
0 84
53 78
38 74
5 31
29 89
5 11
12 19
30 68
7 61
72 84
81 87
11 67
35 64
52 74
7 76
85 87
55 63
0 9
8 46
4 7
39 64
34 48
67 70
30 46
69 71
27 70
45 83
31 52
1 36
17 35
0 22
12 74
35 94
17 25
15 64
56 71
43 59
53 57
16 20
19 73
22 23
75 82
33 75
61 64
5 46
4 63
85 89
75 93
63 72
50 61
11 69
91 94
80 90
15 82
15 75
6 62
0 72
76 81
77 84
14 52
52 85
36 47
37 94
14 57
59 70
8 23
51 87
65 77
88 140 7
77 80
36 59
14 16
46 51
12 29
19 44
31 62
2 87
21 47
1 81
51 54
60 75
20 87
29 34
20 45
40 63
22 66
38 85
51 87
34 47
3 42
18 72
54 79
8 25
48 49
12 70
18 39
35 78
1 27
31 40
4 87
6 37
9 36
47 69
68 79
58 82
39 73
49 67
3 9
63 64
34 38
46 50
49 55
44 71
21 40
2 34
7 76
1 43
66 86
51 59
17 23
7 86
69 80
26 68
38 41
0 57
9 30
37 40
27 47
54 72
4 28
38 65
29 41
49 62
63 84
33 45
8 27
11 54
21 82
14 72
28 33
20 25
11 38
52 81
78 87
10 85
40 75
57 59
53 65
15 75
17 62
18 64
53 77
22 57
13 32
0 48
5 44
56 79
40 83
5 35
50 77
8 61
37 41
50 84
83 87
42 71
0 67
9 72
82 87
26 45
0 13
0 80
21 38
0 66
16 25
70 83
45 76
5 87
8 47
31 65
36 66
15 48
55 71
51 86
22 56
58 84
6 12
35 85
15 82
50 86
76 77
24 73
25 32
24 41
52 60
29 44
65 74
8 50
50 57
19 53
17 22
46 52
0 23
0 31
30 33
43 68
10 61
33 87
64 74
58 79
96 121 2
18 29
0 14
1 52
19 60
47 56
11 35
0 60
52 63
5 25
45 80
8 76
42 54
0 36
37 63
34 88
17 82
73 91
46 53
25 83
13 90
3 95
41 65
72 95
39 62
26 62
27 69
41 94
32 69
26 86
7 43
26 81
12 70
6 49
21 71
54 80
11 20
24 58
30 75
28 73
6 93
8 29
55 68
51 61
9 65
33 91
23 69
4 32
6 10
0 57
19 51
22 57
16 24
55 95
3 64
66 95
10 59
16 43
71 94
14 82
30 58
0 10
34 91
31 94
2 79
50 79
9 39
3 30
82 95
85 87
68 70
40 84
23 46
2 31
10 88
31 74
48 86
49 78
11 78
37 77
17 32
53 87
44 90
22 38
61 70
33 52
42 61
78 81
66 85
5 44
62 73
20 30
0 92
15 84
0 31
40 51
58 90
47 64
35 36
4 67
5 64
45 59
83 95
48 95
33 77
47 74
12 67
28 44
12 76
14 21
15 27
88 92
50 89
49 93
0 18
18 70
38 93
1 95
56 64
13 75
7 72
74 89
12 22 5
5 11
3 8
3 4
6 10
0 9
0 1
2 7
5 9
8 10
2 5
0 3
4 10
6 11
4 11
3 6
1 7
7 9
1 5
0 2
0 10
8 11
7 11
11 12 3
6 9
0 1
0 2
5 10
6 10
4 10
3 5
2 3
0 7
7 9
1 8
4 8
94 114 3
4 41
13 52
6 93
31 58
32 93
49 64
9 87
18 87
20 45
16 66
12 22
55 62
1 5
37 90
1 40
0 23
2 60
21 71
0 53
14 88
0 42
59 79
8 38
12 76
15 46
30 80
5 28
35 41
23 65
70 93
42 63
54 67
33 84
35 40
31 34
39 53
26 36
37 57
17 64
68 83
6 81
84 92
82 93
63 78
11 77
11 80
0 79
5 8
25 30
31 46
46 67
47 92
1 60
39 51
15 28
61 72
69 88
10 44
48 51
21 75
44 59
50 76
19 68
20 81
9 70
11 83
8 32
29 93
8 73
57 71
0 27
18 25
4 10
14 38
3 13
77 82
3 67
62 91
37 86
48 57
7 66
32 36
5 16
61 74
14 31
33 87
47 85
17 91
22 75
31 38
63 68
26 73
43 77
89 93
55 93
2 24
16 34
43 93
18 83
24 82
7 49
0 74
56 72
3 45
65 66
52 90
0 19
50 89
0 58
29 54
4 45
78 85
56 86
27 69
87 111 3
38 67
47 69
3 38
46 81
29 83
19 55
14 72
6 12
62 68
25 36
0 66
76 79
85 86
27 86
42 44
18 19
2 82
22 56
15 39
46 60
67 86
4 9
17 50
31 44
40 62
32 36
52 63
22 70
16 37
33 53
71 83
25 86
1 21
7 65
41 78
10 63
2 30
0 71
26 66
31 51
3 86
55 84
0 12
17 35
24 30
5 12
4 64
24 84
69 70
18 80
45 80
0 56
10 54
58 85
29 76
28 74
73 78
9 45
8 63
4 21
53 54
28 86
15 32
48 50
60 83
46 55
1 49
10 62
4 83
24 42
27 51
60 75
15 41
13 33
41 77
57 76
20 37
59 75
48 55
68 81
43 77
11 49
26 40
20 67
16 52
61 81
29 35
7 73
23 84
46 79
23 64
72 74
39 65
63 84
34 84
6 79
21 84
43 66
0 6
11 38
8 62
59 86
0 8
19 58
21 57
26 82
0 34
47 61
5 13
14 68
26 33
100 4950 97
29 71
1 63
46 84
34 62
8 83
36 37
8 55
33 45
17 92
36 50
74 83
63 77
29 93
23 63
33 53
46 60
5 88
47 84
57 67
54 71
40 53
1 56
70 90
35 96
60 74
41 69
60 88
33 77
0 18
7 97
16 39
8 74
75 89
63 91
5 46
8 42
40 95
72 99
3 68
4 60
5 84
18 41
6 41
63 97
54 60
9 73
17 40
37 51
26 74
31 66
37 61
52 95
41 83
14 78
65 81
7 50
65 88
59 91
73 85
92 94
67 89
11 59
4 53
58 59
14 15
7 13
21 44
35 59
53 69
27 71
19 62
27 33
27 39
27 58
71 83
69 70
19 26
19 52
2 62
64 77
9 75
93 96
6 57
3 60
34 52
31 69
70 82
0 75
66 67
49 93
3 96
23 48
78 86
66 75
53 75
5 65
16 54
23 42
19 39
11 38
0 66
35 44
38 68
0 68
32 61
54 81
38 57
28 44
39 63
86 92
10 47
22 34
3 27
14 99
40 66
47 49
23 71
2 11
24 76
89 96
36 82
19 88
59 66
38 92
27 79
8 28
54 89
8 80
38 67
74 84
0 7
8 49
10 14
14 40
22 76
67 77
48 76
85 95
70 76
5 23
10 70
44 55
75 99
38 55
9 55
32 36
31 91
1 55
85 91
69 92
8 20
4 80
6 92
55 60
67 78
70 75
1 96
4 29
43 79
85 92
8 32
41 50
39 70
97 98
2 85
40 81
17 36
28 33
19 59
9 20
1 80
47 56
49 52
35 56
39 93
31 72
61 88
14 44
44 48
16 17
4 56
33 76
51 64
54 66
64 99
10 74
30 49
72 83
66 95
44 67
13 51
43 90
54 61
73 98
23 52
77 84
93 95
64 78
29 76
5 79
50 53
29 94
9 31
49 55
66 85
63 73
16 51
2 24
48 74
0 74
25 88
35 67
59 65
5 22
26 70
11 48
57 83
64 87
8 93
34 81
67 76
5 92
29 40
8 39
30 46
73 86
36 45
45 57
6 9
14 61
36 96
16 21
2 4
5 27
59 82
54 79
11 21
21 79
66 78
10 17
33 98
33 51
14 46
26 34
70 71
22 65
5 17
5 13
26 85
31 56
18 93
42 55
68 92
0 65
74 82
27 91
63 87
12 45
4 40
74 75
49 72
15 87
44 50
7 33
68 91
62 94
17 30
14 55
61 82
78 93
8 23
8 78
31 59
27 78
10 93
23 97
28 96
40 92
28 79
26 89
74 89
45 81
28 58
38 43
19 98
46 80
39 72
90 91
43 91
7 18
43 47
66 82
28 29
67 88
15 70
33 88
12 62
14 38
42 44
10 79
20 85
44 98
7 69
65 94
42 81
39 56
65 99
2 25
47 77
26 37
56 95
20 59
35 40
15 20
9 36
53 58
44 73
14 20
27 89
35 81
7 68
21 70
36 46
71 78
27 64
56 91
56 76
23 75
17 39
37 43
54 87
66 80
5 80
62 82
25 49
45 51
11 19
39 71
26 59
70 97
22 87
7 88
18 63
21 74
43 81
39 47
23 74
39 50
42 87
32 60
39 79
90 99
7 40
17 97
62 64
30 74
33 47
69 97
32 59
74 97
37 72
11 94
35 46
16 91
20 50
4 57
0 60
4 79
33 82
62 72
13 68
58 97
14 50
0 58
32 43
51 72
36 47
1 54
22 85
47 92
64 74
25 74
28 77
20 73
2 93
38 86
6 16
54 76
6 62
44 82
44 71
62 92
4 68
19 32
30 81
43 97
25 44
24 26
26 77
7 67
69 79
19 29
46 67
28 68
11 87
22 50
32 34
48 90
32 65
25 30
3 83
31 99
27 45
83 89
21 30
54 58
5 59
0 62
23 46
12 86
57 58
44 80
18 52
13 60
3 84
52 82
54 84
67 72
16 46
24 58
42 60
85 89
9 30
72 80
2 16
32 67
1 38
29 59
36 69
89 97
9 81
35 72
28 83
79 89
16 89
16 88
26 43
11 92
18 75
62 81
87 91
44 63
7 93
40 96
8 59
47 88
37 60
30 34
48 79
25 29
9 90
18 53
6 49
35 76
56 98
26 46
71 85
33 71
17 56
45 94
21 40
16 33
1 40
54 73
56 90
10 44
4 77
9 63
31 70
9 77
32 93
4 74
13 19
76 78
32 51
73 90
7 80
58 81
17 64
45 69
12 24
12 83
17 99
16 81
23 32
52 67
18 43
5 8
49 51
15 77
5 14
34 40
15 55
87 93
6 70
2 97
0 63
15 49
66 74
89 92
24 89
78 82
19 94
16 99
15 46
63 71
48 83
15 97
44 54
16 71
52 60
11 63
41 63
3 75
25 69
11 33
28 67
9 86
18 84
40 61
49 67
2 48
39 85
31 34
60 94
7 8
67 80
4 71
21 37
0 15
9 79
19 35
20 90
84 87
30 50
64 89
0 97
37 70
77 94
30 51
79 88
38 56
61 79
92 97
78 96
13 39
57 87
68 83
47 86
39 95
38 87
46 57
10 30
25 90
1 95
13 87
53 90
68 71
14 19
4 82
48 59
27 42
25 33
39 76
37 66
34 93
80 82
30 83
10 51
10 90
8 82
42 68
20 32
19 40
23 57
48 68
69 82
58 60
77 83
24 52
25 31
53 73
15 44
19 78
56 97
33 95
18 74
12 93
23 81
29 83
43 66
13 48
56 64
11 37
10 48
8 64
16 82
32 54
78 85
7 92
41 56
17 62
13 21
64 76
60 81
44 69
83 91
14 75
56 73
24 65
52 76
3 9
0 51
35 61
39 92
40 98
35 57
24 55
23 55
90 92
3 35
80 94
44 77
71 73
11 35
17 61
70 87
44 59
8 41
52 70
51 73
7 14
23 47
27 84
31 83
84 96
9 29
9 41
13 32
64 95
6 99
21 85
39 89
54 55
47 99
11 22
38 53
30 66
22 93
21 59
2 32
60 68
51 84
5 99
26 73
16 40
13 62
30 87
38 62
20 53
16 48
15 47
22 48
44 81
10 11
29 98
26 94
6 87
13 29
10 19
19 24
70 80
24 63
89 93
12 72
32 90
3 57
32 97
16 83
26 83
37 83
31 95
30 69
18 44
27 36
11 79
41 79
1 6
22 70
30 97
8 21
10 28
75 86
26 67
40 87
31 38
13 65
83 92
20 41
14 76
12 78
33 91
55 85
72 95
8 65
48 53
64 75
25 97
48 58
1 72
33 56
38 44
14 32
12 87
6 59
3 52
6 56
58 76
0 41
54 85
32 41
16 24
11 34
44 83
34 49
13 22
32 39
26 40
25 78
33 66
62 73
30 45
37 77
0 12
20 30
27 94
52 91
26 61
5 75
14 18
37 49
41 77
0 55
9 18
15 66
80 88
13 52
10 68
53 57
2 30
8 76
64 93
31 86
53 96
27 34
77 91
59 63
4 94
78 87
14 33
56 75
20 76
73 81
9 49
79 95
24 94
52 54
52 75
45 84
43 65
13 30
11 90
0 25
64 86
42 90
10 77
56 58
55 78
35 94
3 99
39 51
34 83
17 27
23 76
37 65
60 99
3 98
4 97
23 38
52 57
46 47
14 30
3 17
25 27
28 59
54 94
20 57
40 50
21 71
45 56
19 23
22 27
22 46
32 79
15 40
70 89
41 58
7 19
34 58
15 21
65 66
26 33
65 84
39 84
15 79
74 81
21 92
25 60
27 80
6 11
17 31
2 26
16 72
4 21
25 45
23 94
19 55
77 92
52 71
3 11
5 19
33 87
13 76
36 84
16 66
5 97
5 6
16 47
36 38
24 67
47 53
72 97
6 7
48 87
1 71
0 11
38 77
43 95
44 60
13 35
67 85
43 60
63 68
94 99
47 91
23 26
1 52
24 59
41 57
14 25
69 91
28 57
33 34
41 98
73 77
5 43
63 90
29 46
57 79
44 87
82 88
60 83
33 67
36 65
53 85
85 98
14 66
6 91
63 99
62 65
14 27
45 72
0 90
25 82
15 75
23 84
71 75
3 20
23 49
37 74
45 92
23 90
30 43
37 97
2 78
43 49
17 47
16 19
18 35
14 81
16 64
18 99
13 50
22 68
20 80
13 58
16 37
21 41
11 46
45 55
11 89
26 32
39 69
22 33
28 92
45 78
10 75
9 42
37 80
19 54
49 50
69 86
26 69
0 35
41 67
13 41
11 31
53 66
22 35
2 72
72 93
70 81
28 36
27 82
62 93
25 38
28 40
46 91
42 99
34 66
7 35
2 91
43 53
51 55
11 99
34 67
35 36
1 10
17 19
0 8
75 83
23 37
46 71
1 37
18 92
17 68
32 76
21 81
81 90
50 95
25 83
73 96
43 99
66 88
52 53
31 81
54 62
70 77
10 81
16 79
84 99
30 64
28 88
11 78
57 66
86 87
54 95
37 48
41 65
41 71
40 75
32 72
0 53
26 35
43 72
24 47
29 69
11 23
43 61
29 33
51 78
8 84
62 86
75 95
1 83
29 77
45 65
23 95
38 46
29 30
38 83
38 84
34 65
5 67
80 90
46 49
13 47
56 71
5 41
6 68
15 23
13 46
11 65
52 56
21 91
29 92
4 90
6 90
12 44
77 78
10 89
57 94
75 81
8 26
44 86
11 80
1 4
44 45
34 70
22 30
70 95
36 54
54 83
16 96
6 74
0 32
0 19
26 88
21 51
31 48
43 74
90 93
12 64
4 59
86 88
31 79
66 79
12 98
50 99
8 85
22 89
23 59
74 78
73 97
15 88
57 73
53 99
81 98
66 89
61 71
15 82
37 81
43 78
51 54
55 98
35 60
22 66
39 65
58 71
13 92
3 21
38 99
19 50
29 62
2 45
23 40
29 32
43 55
46 65
39 74
11 17
67 82
51 93
18 56
55 65
12 22
6 64
68 99
30 41
8 33
65 91
29 39
37 78
8 9
34 35
55 74
42 48
23 61
21 97
36 60
40 88
57 77
18 31
35 37
24 49
78 95
22 57
21 35
52 90
30 32
32 77
50 56
37 52
40 73
56 61
15 28
80 93
4 7
46 62
44 62
13 15
36 49
15 22
79 84
20 74
2 29
27 63
4 67
81 95
87 97
35 63
42 64
68 87
80 85
46 94
12 53
37 99
21 22
35 74
42 91
44 79
14 43
0 49
16 74
8 95
66 73
41 76
19 56
49 61
38 54
30 62
55 94
52 72
7 36
47 95
38 97
41 89
64 82
19 58
46 54
17 34
3 72
39 61
2 21
26 62
11 77
29 43
16 25
73 84
35 53
5 40
56 67
83 99
9 61
61 99
66 96
32 86
52 79
3 76
21 43
35 73
58 62
37 95
47 78
3 55
20 21
11 70
34 82
19 74
65 71
50 79
75 90
87 89
69 99
16 97
83 84
50 69
32 82
11 69
3 63
28 87
20 89
27 50
98 99
7 72
34 36
57 72
77 87
66 98
45 52
1 77
61 69
5 86
76 77
32 52
12 90
17 58
72 86
91 97
29 53
67 98
50 87
32 98
17 63
45 99
45 49
18 23
31 94
36 97
25 55
21 67
22 31
27 59
15 36
12 92
64 85
76 86
43 87
0 93
48 52
4 55
19 49
36 44
35 93
18 86
3 24
29 48
36 55
60 77
13 17
28 52
17 78
4 36
8 96
9 85
30 84
77 88
74 98
4 84
34 56
11 84
65 75
45 67
17 25
2 59
9 98
7 83
3 82
71 96
4 24
5 74
3 62
84 85
35 52
51 61
9 11
68 89
17 76
53 70
76 94
33 94
0 42
0 9
13 84
28 43
49 66
35 51
52 74
45 89
8 22
52 86
0 27
7 22
57 90
45 70
49 56
54 72
68 82
24 30
8 29
37 41
81 99
66 72
8 99
23 58
30 70
22 44
20 78
22 55
15 93
10 37
42 98
18 57
8 97
14 84
59 67
41 70
11 98
18 49
21 96
22 98
77 99
29 96
37 93
31 42
13 37
31 54
51 82
33 64
67 84
63 89
55 77
22 88
20 46
89 95
0 88
40 59
83 93
53 55
22 51
28 39
9 58
6 73
9 48
0 77
10 80
13 18
55 87
19 85
35 87
21 55
24 87
9 40
32 74
80 99
46 51
54 96
7 25
40 42
66 94
22 71
51 60
23 62
2 51
55 89
26 87
38 65
5 15
19 80
58 88
13 82
3 29
65 70
78 88
27 97
34 87
26 64
6 15
4 22
34 75
39 55
25 54
79 94
60 91
14 95
29 99
39 83
24 75
40 48
2 96
19 83
59 80
44 72
39 60
1 2
24 97
12 39
20 52
17 52
15 39
18 29
29 64
81 88
19 33
30 92
12 42
51 95
80 89
6 33
52 63
7 64
5 85
49 54
72 74
0 84
10 95
26 93
24 54
37 84
31 41
17 23
39 44
19 95
33 54
36 39
2 41
20 66
7 37
12 82
15 81
58 87
24 60
20 82
66 71
0 73
3 51
43 89
0 82
70 99
6 13
26 30
39 98
0 20
7 85
43 58
8 36
7 28
13 89
8 14
59 73
46 59
65 77
7 73
80 81
36 75
38 76
17 79
9 46
56 88
16 35
91 98
4 62
16 36
53 63
49 99
27 85
41 72
39 45
14 69
5 98
31 96
12 34
39 66
7 98
60 62
95 98
46 97
0 54
55 71
22 23
8 87
4 96
4 46
31 33
0 23
17 41
1 99
51 67
62 74
2 9
18 70
62 80
29 91
54 86
21 99
32 55
17 91
10 16
39 64
37 68
6 86
66 97
1 47
29 85
15 68
36 99
8 52
7 34
8 51
96 97
42 72
30 52
31 71
28 70
63 84
38 48
86 95
27 37
6 48
13 24
20 36
61 72
44 65
6 46
79 93
78 81
9 37
5 91
11 25
36 86
15 26
1 7
36 56
4 61
17 88
84 98
47 74
32 56
38 49
39 82
36 68
25 46
41 48
14 77
13 98
30 56
14 96
30 82
20 93
37 55
56 89
28 37
59 89
60 65
6 69
2 83
36 90
33 70
88 92
41 84
17 81
19 91
78 89
66 77
33 42
11 57
15 43
23 45
24 91
45 80
49 85
2 87
2 82
10 85
56 81
13 96
7 43
29 66
39 80
41 60
39 62
8 19
19 77
43 46
28 54
21 86
10 41
17 50
12 46
2 39
26 63
39 88
56 62
64 97
0 3
46 76
2 53
3 16
63 72
11 36
3 30
18 69
26 51
10 98
25 91
36 81
9 23
20 49
69 93
35 39
3 7
52 97
76 83
10 67
5 60
14 63
69 84
21 39
50 83
44 93
12 71
12 84
30 67
38 69
31 93
61 86
6 93
51 65
6 94
23 53
4 33
10 27
7 57
67 83
1 64
47 82
32 84
39 81
69 94
11 96
42 61
10 18
53 71
31 52
10 91
26 42
33 97
54 98
15 16
27 35
34 90
37 58
12 27
48 49
39 68
33 72
11 26
29 75
77 89
14 93
80 86
10 61
3 69
9 24
11 91
87 92
21 78
9 35
33 92
68 72
61 91
21 83
42 69
53 67
51 58
48 97
57 71
10 40
58 89
31 90
76 81
24 93
40 90
1 13
0 81
38 70
15 61
17 74
32 78
5 87
47 62
10 78
76 87
2 80
57 75
47 51
6 52
67 99
15 34
75 79
11 66
52 88
1 68
72 87
63 93
53 82
18 19
19 73
59 95
3 78
50 68
2 52
24 33
18 59
39 94
39 46
7 29
37 87
67 96
13 69
21 63
24 85
7 17
36 41
87 88
48 89
39 75
67 81
52 78
78 94
38 89
66 69
65 74
26 72
3 18
32 94
27 54
37 76
7 15
61 98
48 56
16 73
1 98
18 91
50 60
13 59
25 92
5 12
3 41
61 97
18 66
9 44
22 28
13 79
9 56
84 97
6 51
27 29
72 77
1 53
41 47
20 96
57 96
33 48
22 53
2 47
23 39
74 88
15 69
93 98
63 94
79 80
22 24
15 27
44 99
22 56
7 62
17 73
4 12
13 67
7 76
68 69
25 77
25 71
34 54
16 22
55 90
49 88
26 31
83 97
14 59
9 43
95 99
0 70
48 51
22 84
44 97
14 92
35 89
40 57
24 62
65 68
25 32
5 71
33 55
76 91
23 78
38 88
19 66
41 49
47 83
27 43
16 65
18 95
13 93
49 78
18 25
50 80
60 69
27 38
13 86
70 94
25 64
43 77
10 39
56 68
33 74
47 87
21 68
0 61
2 69
7 38
18 39
29 78
17 48
38 74
21 89
25 59
53 94
23 36
50 85
32 58
46 55
27 76
48 62
53 68
76 99
29 90
8 73
23 82
64 69
0 14
15 65
38 82
2 88
68 76
29 73
26 96
14 91
65 93
34 91
32 87
63 74
14 82
63 67
3 77
26 81
17 96
42 96
30 96
15 52
2 31
53 92
37 69
55 64
21 25
71 92
0 16
42 47
79 99
70 78
42 95
68 95
14 31
13 72
56 65
12 31
31 32
45 86
21 54
19 81
25 98
18 33
10 76
15 25
15 17
35 82
59 83
25 56
7 44
12 15
20 97
10 71
60 92
4 5
66 70
33 38
4 41
53 97
74 90
1 45
68 94
28 47
73 76
43 70
4 20
14 70
83 98
10 92
22 62
2 99
19 48
41 44
11 95
29 74
44 51
31 97
10 72
28 72
44 89
43 93
79 98
0 47
2 17
39 58
80 96
49 95
14 23
56 63
69 71
7 91
64 71
22 64
18 24
53 72
56 99
25 36
61 90
26 60
25 86
1 43
32 45
33 46
10 45
40 99
74 86
50 77
4 52
21 47
66 92
12 16
11 44
49 69
6 18
25 79
18 85
71 80
17 20
52 94
9 53
5 37
47 73
73 82
5 83
14 74
8 91
8 34
16 84
64 94
93 94
35 95
11 32
72 76
18 71
35 99
14 79
56 93
13 99
14 24
29 55
73 89
44 74
7 65
11 83
43 71
95 97
8 27
57 93
32 80
79 87
11 86
15 30
51 62
11 60
25 42
47 58
78 99
12 97
62 67
12 17
62 98
40 67
0 95
24 45
80 84
28 64
54 63
2 65
0 99
11 73
59 68
76 92
59 84
6 45
36 78
0 94
26 41
86 89
15 86
44 68
74 79
0 78
6 35
29 61
24 27
2 6
27 31
28 90
38 40
54 77
48 82
19 82
25 39
52 64
3 66
20 63
17 83
2 98
31 64
38 41
15 24
18 27
13 83
8 25
1 15
44 85
16 92
65 80
35 58
67 95
60 78
16 94
15 18
0 21
6 65
61 63
33 93
6 10
6 88
10 99
88 94
0 96
6 28
42 59
12 47
5 81
6 31
60 82
70 84
40 41
71 81
39 78
36 67
12 60
61 77
18 96
29 52
51 94
7 95
23 27
56 92
50 91
81 82
55 82
72 73
53 76
5 34
16 76
58 77
61 64
74 87
29 70
11 51
7 58
50 51
3 36
86 96
59 69
41 93
48 57
13 63
29 72
10 87
39 99
31 80
37 67
10 21
14 97
50 94
60 80
15 80
13 14
42 79
49 64
15 98
12 96
46 86
76 88
11 67
31 77
4 39
45 98
72 79
35 92
36 95
2 33
15 51
32 57
56 94
28 46
9 16
95 96
8 67
23 98
23 72
15 56
76 93
20 95
9 89
59 62
81 97
70 85
1 27
23 30
23 50
66 83
20 34
4 54
6 60
12 76
2 77
9 97
19 90
9 93
25 34
2 46
3 95
14 48
13 20
6 63
56 60
0 5
31 35
28 42
73 99
28 86
2 76
35 42
24 32
46 88
26 79
47 68
28 30
68 86
91 92
82 98
36 89
12 33
54 56
32 42
3 42
19 97
4 6
1 57
54 91
41 61
18 37
77 80
15 92
25 68
25 62
72 90
34 48
5 53
18 76
68 97
69 87
85 86
43 75
45 82
35 86
16 34
7 61
42 43
73 83
2 58
47 65
0 17
13 66
11 15
68 85
42 75
38 91
27 86
21 75
12 73
27 41
36 62
4 48
35 48
85 90
63 75
88 96
21 38
76 89
94 98
41 66
8 90
22 39
32 69
16 42
15 58
6 89
45 75
59 98
7 39
92 95
20 86
23 80
18 98
81 84
13 54
41 95
5 36
56 83
9 62
7 11
19 30
1 93
50 84
14 26
28 53
15 57
34 59
18 62
75 82
32 49
41 88
76 97
33 60
20 91
2 37
14 34
32 37
15 83
84 94
55 96
10 15
18 83
69 72
25 47
37 75
2 84
26 38
34 84
61 68
31 57
40 93
44 95
30 53
3 31
24 88
64 73
33 37
2 71
16 18
4 47
17 21
50 78
75 94
43 69
55 68
4 78
29 86
41 81
42 67
1 28
73 94
17 93
7 87
40 77
80 92
18 87
17 29
5 77
1 33
15 73
60 97
48 71
0 89
81 94
40 58
55 99
45 61
37 89
28 95
11 81
11 71
15 63
11 20
7 32
20 22
48 95
14 73
60 95
58 93
16 31
43 88
1 70
32 46
1 65
8 44
42 93
64 91
11 14
8 47
21 27
30 99
85 88
37 91
27 96
42 88
31 65
12 43
7 89
20 28
12 59
26 55
37 82
4 10
45 71
39 42
55 73
17 86
71 91
71 98
18 77
10 88
64 98
23 43
44 64
48 96
37 92
11 42
28 31
30 78
37 64
6 23
13 75
5 52
60 79
37 53
38 58
64 92
47 64
13 64
75 78
30 33
66 76
49 83
50 55
24 38
40 68
26 49
44 94
22 95
14 87
33 96
68 88
35 50
28 89
6 80
74 76
2 90
58 94
67 79
25 94
2 28
23 85
35 41
31 49
53 84
34 43
52 62
43 67
31 43
52 93
9 64
5 50
72 91
36 91
22 40
5 21
31 67
47 69
8 75
20 87
25 37
24 57
48 77
24 31
52 59
21 58
18 38
41 87
20 67
6 44
31 36
21 32
3 47
39 49
15 94
37 90
26 45
4 72
23 86
45 62
49 91
1 24
52 92
40 71
9 51
35 69
52 55
49 84
40 56
39 97
40 85
58 83
9 26
87 98
4 91
12 94
19 89
28 81
63 95
58 69
13 27
59 75
12 25
21 90
1 66
33 73
0 37
3 89
11 52
38 66
29 54
4 95
51 52
33 59
4 63
32 68
60 73
10 20
26 80
63 83
10 59
48 84
45 97
17 60
68 75
2 60
17 51
18 34
75 93
32 48
7 70
30 88
42 46
34 73
53 59
24 56
10 33
59 94
10 29
49 86
38 93
75 98
71 77
3 67
30 59
31 61
12 58
21 80
85 97
13 61
18 80
36 64
1 12
46 99
29 34
7 10
17 33
44 88
0 56
18 79
2 64
6 96
31 53
64 70
42 52
46 52
50 65
42 74
23 60
1 39
20 42
3 65
6 20
11 40
0 48
3 59
38 75
42 57
4 73
18 88
11 62
32 96
40 86
38 96
34 94
8 53
79 92
45 96
51 56
11 49
59 99
27 67
3 26
4 88
3 45
50 61
50 72
44 96
20 45
15 37
71 76
9 96
39 73
49 73
73 74
7 20
57 63
21 64
31 82
82 89
35 75
29 65
77 79
18 40
58 73
28 94
92 93
37 59
34 97
48 80
2 55
15 62
10 73
38 72
84 88
51 89
6 24
20 88
16 68
48 81
19 96
57 78
9 25
16 32
3 34
81 83
46 50
10 38
10 52
12 50
14 37
4 86
71 94
9 17
31 50
19 61
3 81
8 11
34 53
57 70
62 87
47 94
7 82
13 70
48 88
45 93
46 68
11 39
42 70
84 91
15 54
67 70
3 80
14 53
20 55
31 58
51 81
4 58
49 76
3 79
27 55
43 76
11 97
86 94
88 97
70 72
51 68
58 74
67 90
9 50
28 73
5 96
10 32
20 77
30 98
9 27
81 91
32 50
62 83
65 89
19 72
46 73
28 71
21 77
43 56
0 44
57 82
0 76
40 82
25 26
64 83
30 79
86 93
23 73
19 99
58 99
50 71
7 63
59 61
2 27
76 98
25 65
47 75
5 35
0 52
20 92
36 72
17 44
1 81
9 33
46 77
73 93
23 79
24 68
20 65
13 16
17 77
24 98
22 97
41 45
37 46
22 94
55 76
8 15
3 43
45 47
27 77
50 86
9 68
24 95
5 95
8 38
46 79
45 64
20 29
1 5
12 65
30 31
16 59
22 86
57 60
18 55
18 48
69 73
70 79
14 57
35 66
16 93
15 31
62 77
89 94
69 81
5 62
7 59
17 46
16 43
15 29
36 40
0 91
54 88
50 58
68 96
18 97
24 34
25 93
4 30
76 85
11 58
45 74
58 78
23 41
71 97
27 48
43 44
14 83
27 68
65 98
25 80
10 64
37 39
6 72
14 36
40 80
30 47
14 16
20 61
48 54
22 77
40 54
41 73
8 46
80 97
17 18
6 39
10 26
78 91
20 35
30 60
69 80
26 65
46 85
51 69
89 99
20 58
58 90
61 81
47 97
25 43
68 98
32 66
31 44
36 58
6 36
15 41
11 74
72 94
12 41
52 81
5 55
8 57
68 70
75 97
14 60
3 73
1 73
39 96
22 69
49 87
60 64
26 44
23 28
13 33
29 56
26 84
24 96
22 52
50 90
41 54
77 82
17 49
17 26
17 45
61 89
0 85
12 85
2 79
55 58
41 55
20 33
43 92
32 75
24 84
65 83
5 47
22 72
26 99
43 80
35 54
9 66
6 14
12 77
72 82
2 43
26 75
60 90
42 71
0 80
88 95
46 61
2 20
74 80
51 59
14 28
60 76
4 9
1 76
59 79
43 82
40 83
1 61
37 42
16 20
40 69
6 81
33 75
34 72
21 45
43 68
25 58
55 83
0 38
17 59
5 63
57 95
50 76
30 65
87 94
7 99
33 68
15 76
44 76
37 86
52 98
26 50
41 68
21 61
18 78
18 90
28 66
0 36
8 71
54 93
36 71
22 32
62 97
79 97
12 35
73 75
2 92
5 90
8 16
14 54
2 70
6 79
71 95
94 97
58 66
18 61
29 82
79 86
4 14
11 55
11 88
29 95
12 23
34 77
43 57
13 34
11 50
18 22
34 89
21 34
28 56
6 25
29 58
17 53
36 83
48 92
2 63
12 14
28 45
31 89
37 79
24 86
83 90
28 48
0 46
0 64
25 99
35 64
32 89
47 96
17 89
19 47
45 59
19 92
41 59
23 65
45 85
11 53
41 94
11 47
62 88
17 90
74 99
23 88
45 76
30 58
50 97
11 43
60 67
45 79
85 93
18 28
88 93
21 42
1 17
49 79
27 61
6 47
15 72
27 30
6 12
21 36
1 89
14 90
5 93
21 31
28 55
34 45
4 65
84 95
37 85
22 29
34 61
59 60
23 29
32 63
3 37
4 89
22 26
52 84
42 94
21 62
30 61
61 96
56 79
57 68
2 23
14 89
47 60
50 67
71 99
61 95
36 59
29 68
20 38
1 32
38 51
16 87
72 96
51 70
32 85
20 98
24 41
24 43
68 73
90 98
57 59
50 57
17 43
28 35
42 66
1 3
63 82
45 53
22 78
12 19
50 96
17 42
25 89
5 48
37 71
31 60
69 83
8 62
10 34
42 86
55 95
64 65
33 81
50 54
1 46
15 67
23 34
51 83
4 13
16 58
51 79
9 71
40 51
56 84
22 80
14 39
41 97
53 77
31 76
71 88
40 70
5 64
60 87
52 89
10 25
50 89
21 72
65 86
13 73
18 50
40 62
73 80
5 68
22 96
59 88
51 76
9 39
26 57
70 74
72 98
2 50
20 62
34 42
4 38
46 74
39 43
61 67
46 69
48 78
9 67
24 81
6 26
75 84
46 56
51 90
0 79
27 98
6 97
38 42
10 57
22 38
38 45
3 70
18 65
82 84
32 70
65 73
46 64
5 38
42 56
46 72
69 78
17 37
62 85
2 13
38 90
33 35
74 94
3 46
13 28
13 45
59 81
0 50
55 62
16 80
14 86
35 71
2 49
46 81
53 89
63 64
77 95
22 43
45 58
73 91
30 93
24 69
51 97
54 67
10 96
38 50
54 65
48 66
40 52
90 95
10 13
29 60
88 98
3 13
4 42
41 46
30 75
7 94
0 87
39 41
69 77
20 83
50 82
27 90
10 84
34 69
18 26
11 45
85 96
56 59
12 55
2 67
42 85
52 85
26 27
9 78
18 20
17 72
49 68
33 62
47 50
46 93
49 94
16 62
28 82
34 37
48 94
12 30
10 49
62 69
33 44
11 30
13 53
5 18
32 88
10 60
23 54
2 35
79 82
27 52
19 27
24 72
8 60
62 95
88 89
36 76
4 83
3 38
49 97
9 13
58 84
31 87
26 66
0 98
55 72
50 92
6 77
45 66
9 65
4 69
8 24
21 48
2 40
4 16
36 85
19 22
44 90
74 77
55 70
92 99
16 57
27 62
49 74
44 47
46 63
12 79
74 93
48 67
71 87
4 85
20 48
33 41
8 45
14 41
84 92
33 80
61 92
82 95
2 57
23 33
22 79
5 66
53 56
52 73
13 26
41 51
59 92
7 23
35 78
1 97
73 87
14 49
83 86
86 91
60 85
6 22
30 55
9 99
24 80
21 29
54 99
43 45
44 56
45 46
29 50
65 97
4 35
67 94
0 86
67 69
63 70
11 41
7 71
8 35
43 84
21 49
48 61
59 77
3 19
91 96
5 31
41 42
31 68
25 51
61 87
58 64
14 22
15 89
28 41
64 68
31 47
8 58
19 38
6 75
23 91
9 70
40 43
35 80
42 58
20 70
30 57
20 37
66 86
72 78
19 79
81 93
24 36
2 44
3 91
14 29
85 94
53 64
30 95
26 92
6 29
14 65
40 79
26 52
59 76
20 69
57 88
46 96
13 77
23 67
75 85
0 4
59 96
8 98
38 39
3 40
46 78
70 91
2 22
19 21
38 78
23 70
5 28
6 55
55 61
71 72
36 79
48 75
2 3
25 70
23 56
6 32
5 26
40 49
56 72
2 19
48 73
13 74
33 99
12 70
3 5
15 74
62 76
14 68
38 47
40 97
74 92
70 73
11 24
55 93
6 30
44 75
3 92
34 60
23 89
3 56
12 66
43 51
34 50
8 13
35 79
1 60
28 97
33 49
90 96
41 80
16 70
21 98
9 72
6 71
81 92
26 36
2 89
13 78
20 60
39 87
47 66
26 39
10 43
40 55
7 30
17 75
8 63
45 60
26 47
76 95
2 18
15 78
35 62
47 67
9 15
8 54
42 54
42 45
8 12
48 93
21 53
11 75
4 19
7 75
14 67
28 98
15 45
42 65
75 91
42 82
20 27
9 54
29 88
54 70
23 83
71 93
14 72
57 64
62 84
16 53
33 90
15 53
41 43
12 32
56 96
34 57
13 43
16 90
29 89
45 91
10 50
35 88
12 48
14 52
3 54
19 84
26 95
20 40
30 39
19 51
29 38
23 68
64 88
9 32
31 78
7 78
55 66
61 74
18 30
20 44
61 70
48 55
2 34
41 86
24 42
33 52
7 53
57 85
38 81
13 23
48 98
78 90
32 92
32 53
25 87
18 45
8 79
93 97
23 44
35 43
48 60
33 57
36 48
27 60
6 34
49 65
26 58
1 62
60 66
36 80
62 70
0 2
69 90
37 56
31 75
23 92
63 98
94 96
72 89
35 91
71 79
10 66
53 95
28 91
26 90
41 96
16 86
34 80
7 52
37 94
5 32
3 53
1 92
48 50
19 31
64 67
33 43
25 52
54 64
19 65
14 45
26 29
57 84
29 35
50 64
82 94
13 88
36 74
14 35
63 86
36 42
19 43
75 87
9 83
9 10
25 48
54 57
48 65
49 58
22 81
17 67
53 62
55 56
27 75
24 53
42 92
44 61
28 65
15 48
28 74
1 58
57 99
26 91
9 34
7 16
14 51
21 60
36 57
65 95
33 84
34 92
7 51
81 86
65 67
35 97
40 89
58 82
8 48
61 65
8 89
59 85
6 8
48 72
80 91
25 61
22 58
38 95
59 90
33 61
3 93
55 69
15 64
43 73
16 60
0 6
43 52
28 60
22 74
32 99
21 26
60 72
10 58
43 63
56 77
78 80
49 90
34 64
34 44
2 75
27 49
40 78
66 87
15 32
8 92
71 86
6 67
62 78
33 69
30 90
9 95
2 36
12 40
5 25
32 91
0 43
69 76
36 61
27 32
5 58
22 37
55 91
13 49
29 51
24 99
67 68
34 51
8 43
66 99
55 57
47 98
53 83
20 31
46 83
30 80
41 53
72 92
46 53
24 35
22 92
7 41
17 71
20 79
30 68
62 90
24 61
7 55
15 19
22 83
2 81
22 42
6 19
57 86
8 69
25 85
53 81
79 83
20 23
2 54
6 21
58 92
32 83
82 83
70 96
51 99
49 80
47 71
65 69
4 66
20 26
12 52
58 86
53 93
58 80
27 46
1 67
9 14
19 37
24 79
34 39
13 44
7 54
72 81
67 73
27 99
20 39
29 97
50 81
27 72
50 75
85 99
10 56
62 71
21 82
1 91
51 71
66 68
21 76
9 19
4 34
36 53
54 75
1 75
12 99
71 74
5 45
12 38
8 70
27 81
63 79
13 56
3 48
54 80
24 73
31 37
83 96
32 47
29 80
82 91
46 58
63 66
42 50
22 36
52 65
3 71
30 40
49 96
7 84
77 81
9 52
65 78
51 85
28 78
10 22
82 90
46 95
45 68
33 36
19 93
19 36
10 69
3 97
56 74
39 53
4 50
84 93
59 87
5 24
34 79
20 81
58 91
34 47
46 92
9 21
7 12
30 36
11 16
63 76
73 88
22 54
39 48
9 92
19 34
77 97
21 23
9 60
94 95
55 97
84 90
49 92
30 48
24 66
28 80
30 71
27 87
12 13
30 37
35 70
22 49
49 60
13 55
4 93
3 64
57 74
9 57
4 49
41 52
19 28
49 62
24 83
6 58
17 87
32 64
19 75
27 65
41 78
51 87
62 63
12 95
7 9
31 74
37 47
22 91
60 86
24 37
31 92
52 83
82 93
25 81
40 45
55 88
22 75
12 54
12 80
45 83
12 89
29 79
35 77
18 64
55 59
44 84
2 10
7 42
18 72
35 49
15 42
70 98
65 79
67 87
53 79
20 71
50 59
42 77
64 66
25 50
50 66
20 47
5 70
60 84
15 99
0 45
1 36
4 17
24 48
56 57
97 99
16 26
27 88
68 77
21 33
57 92
53 60
12 28
22 99
12 21
30 63
71 82
1 41
49 63
49 59
27 83
13 57
49 82
40 47
17 35
3 49
10 36
36 92
65 90
40 94
3 6
6 76
17 55
29 81
62 79
3 22
23 51
33 50
16 38
48 64
53 61
25 63
39 90
76 79
40 72
38 52
60 89
82 85
28 49
29 49
36 63
50 63
21 24
44 57
4 44
27 73
7 27
46 98
63 85
16 61
30 44
5 10
55 75
37 98
47 81
17 65
83 87
21 66
4 31
75 88
71 89
1 44
37 57
41 90
10 31
62 91
15 59
66 84
6 37
47 54
0 57
5 29
17 24
6 17
60 98
60 70
8 18
75 96
37 45
41 75
56 78
23 66
42 83
41 82
47 80
4 11
69 74
64 79
27 51
1 84
24 82
44 70
21 50
18 54
3 39
12 37
58 63
67 93
13 42
37 54
74 95
2 95
5 49
40 63
40 76
8 40
19 67
4 26
50 70
52 66
12 29
42 49
70 93
8 94
34 95
28 51
6 85
19 71
2 68
55 67
7 45
58 79
3 90
2 38
13 25
28 84
10 12
10 65
90 97
11 76
54 69
7 79
14 21
29 47
36 51
5 57
0 71
17 22
46 48
26 86
9 45
89 98
81 96
9 12
34 96
25 84
10 86
43 94
62 75
1 50
35 98
74 85
65 87
4 18
19 68
29 37
10 46
26 98
1 22
36 66
11 18
61 85
39 91
60 71
63 80
27 69
22 45
19 45
11 54
18 47
28 62
49 75
9 82
48 86
27 57
59 64
61 84
10 23
31 88
25 53
41 92
2 14
41 62
59 93
69 85
87 96
12 20
4 76
1 19
67 74
53 54
51 74
39 59
86 97
7 46
61 76
28 75
47 57
54 97
55 79
55 86
4 32
26 78
5 11
45 54
23 69
15 96
42 62
21 56
30 38
0 13
39 77
8 68
44 46
27 53
19 46
15 38
12 74
53 88
82 86
1 30
21 52
18 73
1 90
33 58
13 81
25 73
33 63
42 89
6 78
22 60
19 20
38 63
9 22
31 85
5 76
72 88
0 10
43 62
25 57
73 95
11 28
8 77
7 56
79 91
3 44
4 64
6 43
78 83
5 73
6 53
24 40
30 76
14 88
5 54
87 99
2 94
43 83
51 77
55 92
21 88
35 47
67 75
30 91
31 46
59 78
91 93
63 69
35 38
24 74
43 64
7 81
8 66
4 81
42 76
66 93
55 84
33 86
22 59
58 72
96 98
47 79
3 14
17 95
45 95
34 41
51 98
72 84
1 94
86 98
8 30
43 98
12 91
16 75
23 93
35 65
20 56
7 48
16 63
36 43
36 73
50 74
29 45
26 48
2 74
5 30
64 81
26 76
38 98
24 51
66 91
58 68
69 96
17 82
49 71
1 8
31 39
57 89
15 90
27 40
49 77
81 85
1 23
16 85
65 72
1 34
18 94
39 40
19 76
48 63
24 71
35 55
52 77
56 85
58 85
53 78
60 75
5 89
89 91
6 84
13 40
47 72
1 25
34 68
55 80
5 94
83 95
51 86
80 95
25 35
83 94
30 72
50 98
51 53
42 53
34 76
24 90
4 70
18 51
38 94
1 35
69 89
61 78
14 98
14 85
65 96
37 38
13 31
10 63
31 62
59 86
40 91
6 95
1 21
33 89
28 32
25 28
6 40
36 70
38 71
67 86
14 62
75 80
13 91
45 48
57 91
1 79
41 91
0 59
51 96
34 55
28 61
70 88
18 82
93 99
17 28
16 56
79 81
8 81
10 24
70 86
67 92
1 74
36 94
31 55
29 87
54 68
6 50
45 63
92 98
77 93
9 88
18 32
67 97
32 81
75 92
57 62
21 57
0 22
14 42
12 56
91 94
40 44
3 28
28 85
89 90
3 74
43 96
8 56
12 26
7 66
53 80
9 74
51 75
23 64
30 77
33 65
8 50
41 99
30 35
7 49
82 92
40 65
21 28
12 67
25 75
24 29
7 74
52 69
34 71
78 98
38 79
37 63
64 96
20 25
91 99
59 70
54 59
46 90
37 88
15 50
28 99
5 16
47 63
46 82
73 78
16 23
9 91
46 75
26 28
46 70
63 96
14 80
64 72
9 38
49 98
56 66
73 92
35 83
8 37
29 57
28 34
79 85
4 15
5 39
68 90
21 94
3 86
48 85
69 88
78 84
5 42
56 87
61 80
68 81
34 88
1 51
18 46
21 73
22 82
16 29
59 97
16 49
28 63
33 83
7 47
68 79
13 90
2 61
16 52
13 95
42 80
38 64
2 5
61 75
20 64
49 89
28 93
48 70
85 87
5 44
27 93
26 71
26 82
65 82
27 66
43 59
0 31
22 73
33 39
39 54
25 67
63 65
62 99
28 38
43 54
7 31
29 36
83 88
45 87
58 70
16 55
27 95
12 68
5 9
34 99
7 26
24 25
87 90
11 72
12 88
83 85
18 67
12 36
1 11
52 80
10 55
86 90
69 95
52 58
34 46
15 33
39 52
34 78
0 67
23 96
29 44
16 28
9 80
21 69
36 52
19 64
19 44
23 25
4 43
72 75
25 95
15 91
28 69
47 52
32 71
63 78
4 23
62 66
3 94
30 86
62 89
90 94
2 15
41 74
53 74
12 51
32 73
6 98
68 84
50 93
13 97
44 91
36 87
34 86
7 21
4 75
14 56
18 58
0 26
37 96
68 93
56 82
47 90
24 70
49 53
36 93
19 86
59 72
17 57
63 92
56 86
47 48
14 71
50 52
81 87
3 12
25 41
80 87
0 39
5 72
24 46
5 61
32 35
5 7
31 63
11 93
77 98
44 49
2 66
38 60
4 8
3 87
8 17
4 51
16 41
5 51
43 48
8 10
57 65
25 96
45 90
47 89
82 99
13 80
7 96
28 76
2 8
35 45
33 78
78 97
65 85
17 80
68 74
23 87
12 63
20 43
1 16
59 74
0 34
76 84
44 53
19 53
4 28
46 87
53 91
17 94
11 61
38 80
17 70
78 79
46 89
23 35
22 41
60 93
29 31
33 85
58 95
21 93
25 72
37 62
36 77
11 56
23 77
33 40
39 86
13 38
1 86
57 61
7 60
8 72
9 76
42 63
5 78
51 66
37 44
2 86
7 77
6 61
80 98
38 85
4 92
61 62
10 54
35 85
54 78
71 90
78 92
53 98
54 92
96 99
0 28
79 96
17 84
19 57
12 18
3 61
31 45
48 91
4 98
28 50
23 99
84 86
1 48
27 70
22 90
61 73
2 42
57 69
17 98
16 50
20 54
9 87
44 92
15 95
32 40
1 31
0 72
73 79
27 56
30 42
15 84
19 42
16 44
21 84
54 74
45 73
11 13
12 81
20 99
6 42
45 77
60 61
55 63
12 61
20 68
37 73
30 94
61 93
3 85
14 64
5 20
19 70
57 97
38 73
51 88
19 25
56 80
27 44
18 36
51 63
3 50
58 61
21 87
16 27
87 95
54 90
19 63
25 40
0 69
42 84
47 76
63 88
24 50
50 88
32 33
33 79
80 83
1 69
14 17
66 90
53 65
69 75
18 21
49 70
5 33
63 81
35 84
37 50
55 81
20 24
4 27
61 66
76 90
50 73
48 69
3 10
16 45
0 33
41 64
76 96
1 85
49 57
22 47
29 42
5 69
16 98
68 80
4 87
82 97
31 51
19 69
20 84
39 67
25 76
52 68
8 61
38 61
51 80
6 82
12 57
3 23
6 27
50 62
58 67
26 53
58 96
29 63
1 14
8 86
77 85
34 63
59 71
58 75
2 73
9 28
3 32
1 18
4 25
34 98
11 12
77 86
46 66
11 85
79 90
0 29
20 94
1 42
4 37
13 94
48 99
51 91
11 82
32 38
31 40
54 82
52 61
30 73
52 87
10 82
47 93
10 94
40 46
27 92
24 39
18 68
24 77
14 94
67 71
23 31
17 85
51 57
34 38
71 84
3 4
56 69
20 75
0 1
11 64
77 96
44 52
76 80
15 71
37 40
58 65
88 99
24 28
26 56
39 57
82 96
86 99
9 69
42 51
1 88
64 80
40 74
58 98
43 50
13 85
60 96
53 86
15 35
76 82
16 67
60 63
7 24
34 85
17 38
11 68
22 67
47 70
7 90
66 81
36 88
25 66
36 98
21 65
21 46
75 76
23 24
41 85
26 68
1 78
21 95
20 51
31 98
26 54
14 58
88 90
12 69
24 92
1 59
15 85
74 96
44 78
45 50
0 40
77 90
4 45
70 92
10 35
61 94
10 83
24 78
42 78
44 58
1 9
29 41
18 81
57 81
17 32
9 59
13 71
9 47
52 99
4 99
0 30
38 59
24 44
5 82
57 76
32 44
3 58
6 83
7 86
5 56
9 94
19 41
65 76
13 36
69 98
19 60
24 64
22 61
35 90
16 30
57 80
51 92
10 42
84 89
30 89
2 12
40 60
72 85
64 84
12 75
11 29
10 62
56 70
27 28
2 7
8 88
16 95
3 8
8 31
17 69
42 73
27 74
61 83
47 55
18 60
43 86
70 83
6 66
18 89
1 87
10 53
47 61
30 54
91 95
47 85
53 87
22 63
3 25
19 87
16 69
11 27
16 77
31 73
10 97
57 98
18 42
30 85
62 96
29 67
92 96
1 20
22 25
1 82
27 47
32 62
49 81
29 84
1 49
47 59
2 56
35 68
9 84
26 97
42 97
75 77
1 26
67 91
45 88
0 24
17 66
3 88
52 96
40 64
0 83
31 84
6 38
68 78
82 87
62 68
32 95
20 72
81 89
1 29
6 54
64 90
65 92
16 78
3 15
40 84
88 91
12 49
44 66
3 33
43 85
34 74
15 60
17 54
74 91
14 47
0 92
86 138 4
2 61
2 53
3 33
26 45
23 79
15 37
20 22
19 44
45 85
68 76
41 83
43 78
3 61
39 46
0 5
21 40
63 82
1 55
43 58
16 18
6 47
58 83
42 83
68 75
7 30
5 82
4 65
23 80
54 78
25 40
61 69
66 79
23 63
18 74
34 52
5 71
14 67
25 60
38 75
13 49
59 75
21 36
4 67
63 75
10 51
22 72
8 66
26 53
9 18
0 21
3 56
7 77
21 80
6 25
5 52
29 55
62 69
11 72
56 77
62 85
21 49
28 79
35 48
0 64
24 72
31 62
0 70
32 48
26 72
13 62
21 30
54 70
11 16
35 64
40 48
5 36
10 68
24 39
28 29
56 60
41 50
31 45
7 74
19 85
42 45
7 73
29 60
53 77
36 85
51 69
43 52
15 80
4 44
65 84
33 57
31 38
29 85
6 10
27 46
19 21
9 12
71 74
12 29
0 34
42 44
59 76
17 81
49 73
13 57
23 27
70 81
20 65
17 75
68 77
9 64
26 84
1 14
35 59
16 85
37 84
17 58
6 8
20 78
26 81
11 85
22 35
50 76
11 24
0 54
23 77
12 47
10 33
0 30
28 36
10 35
3 71
0 7
30 32
89 139 8
48 79
4 49
62 64
11 63
21 72
4 82
43 85
12 68
15 62
1 54
39 73
20 38
45 72
67 83
0 38
41 75
24 42
22 85
2 73
49 50
41 74
14 58
27 88
10 21
3 35
46 76
18 38
13 50
71 75
4 62
19 38
47 48
53 57
21 44
25 85
15 25
42 74
17 66
71 76
56 66
20 84
33 75
33 49
34 88
2 58
64 77
22 29
76 86
46 67
62 88
18 47
41 54
56 57
11 58
28 57
43 86
17 26
43 66
59 72
32 71
13 24
9 65
0 71
19 77
6 79
4 48
23 68
9 10
24 78
36 69
40 55
0 8
51 74
63 80
7 8
28 60
57 85
46 51
0 43
32 59
52 82
27 51
11 13
20 23
0 20
12 67
5 56
23 37
28 88
0 81
66 78
0 25
29 37
69 84
11 14
78 81
72 88
0 31
0 17
44 88
1 88
9 30
36 47
7 18
48 61
50 83
0 37
17 64
69 82
35 42
45 70
16 32
49 60
26 65
24 34
2 7
30 84
23 34
47 70
52 71
40 50
39 61
31 58
29 64
20 41
12 55
20 80
53 82
2 84
40 87
6 88
5 15
3 16
70 85
33 87
30 60
42 58
4 5
31 59
11 12 4
9 10
2 10
5 8
0 4
1 7
2 5
0 8
3 9
3 4
6 10
0 1
6 7
89 103 3
50 81
38 58
56 83
80 83
24 66
7 29
5 6
0 87
2 35
55 59
48 68
44 88
11 37
27 64
9 88
10 88
49 77
43 74
14 63
18 82
0 22
36 63
21 64
1 70
50 55
53 61
8 38
41 73
19 74
57 79
16 20
32 51
0 45
15 39
12 86
7 32
1 75
19 24
15 47
23 28
0 11
29 58
26 48
72 73
28 79
12 45
13 30
4 61
34 69
49 82
0 59
22 63
5 46
54 68
16 53
46 52
2 33
80 87
17 18
4 84
44 67
40 67
21 60
8 49
0 72
9 82
37 76
33 88
8 17
27 70
30 65
10 39
3 26
5 36
3 85
31 88
78 86
25 54
15 23
47 78
13 31
76 77
8 39
52 88
36 50
6 34
65 71
39 42
25 36
35 57
60 62
14 85
56 62
40 51
17 36
69 84
42 75
43 81
20 41
66 71
32 88
19 80
7 19
95 147 4
8 28
33 80
14 48
2 18
2 20
13 94
3 37
72 94
4 57
5 94
46 87
6 39
77 90
13 86
29 59
4 89
44 50
0 83
1 36
22 29
19 89
52 81
21 82
66 67
28 43
22 54
81 87
0 93
21 45
35 68
9 42
2 15
73 94
11 38
10 11
45 54
3 75
18 32
9 24
84 94
39 62
16 62
51 56
12 80
42 67
53 82
40 62
71 84
12 85
76 93
0 70
40 94
25 88
55 89
52 60
28 57
10 26
6 32
67 74
63 90
0 65
54 76
15 65
34 90
17 45
56 57
37 47
31 94
1 24
26 36
26 69
30 93
0 75
23 55
2 63
70 76
41 48
58 69
21 57
63 67
20 24
23 54
49 83
90 94
73 91
33 73
58 76
57 65
3 53
11 14
11 72
30 64
14 81
16 40
49 51
15 26
23 83
8 78
56 64
45 74
61 79
0 43
0 60
59 94
43 50
16 44
34 70
38 74
7 9
19 86
87 92
21 31
42 79
43 91
29 52
25 31
7 17
76 94
51 91
41 92
4 54
14 73
47 66
35 77
76 91
27 91
38 94
5 18
8 44
48 94
0 4
9 56
42 46
21 61
78 88
0 27
59 69
34 85
2 55
22 37
18 71
32 85
5 81
68 88
77 78
65 93
40 72
87 119 5
7 26
31 75
3 22
30 86
44 59
22 52
34 43
16 56
2 77
6 63
58 83
2 76
53 73
35 46
1 80
54 84
17 33
36 47
0 20
54 80
9 11
40 65
17 50
11 29
5 57
37 49
63 73
31 48
28 80
55 86
34 64
0 84
17 69
21 31
0 72
13 61
25 49
16 24
28 31
10 55
28 70
55 57
15 76
2 74
13 63
4 79
20 36
8 51
12 51
18 72
39 76
45 75
3 54
58 78
32 62
13 18
42 49
50 78
8 14
74 86
25 48
26 60
43 60
29 30
35 71
63 76
47 56
21 37
41 85
28 41
0 14
2 71
7 38
42 81
44 66
5 19
41 46
23 45
64 70
39 68
24 66
57 67
80 82
27 42
13 79
65 69
70 81
18 83
32 59
28 37
33 82
10 19
19 77
62 86
39 67
25 70
0 46
15 85
41 75
4 69
6 52
0 28
27 53
49 86
1 86
33 73
22 74
16 80
68 71
10 61
12 76
78 80
0 44
27 36
19 52
27 86
25 40
0 38
9 23
86 126 3
11 73
40 77
51 55
28 79
29 65
44 46
75 79
19 29
0 70
48 73
7 44
12 47
7 51
33 68
20 28
40 48
17 78
0 44
6 82
14 49
4 54
4 19
57 80
37 78
3 4
27 66
29 33
6 36
10 20
1 77
34 62
36 65
61 73
45 80
4 39
3 67
23 80
64 81
12 28
44 74
16 85
0 42
11 64
59 61
51 66
1 18
41 80
16 68
13 52
11 74
11 25
16 31
33 41
52 67
5 58
55 61
38 71
62 72
10 72
9 47
36 50
25 63
69 74
11 60
4 32
15 85
11 28
43 71
37 49
8 18
24 31
42 57
42 56
40 76
7 85
21 75
5 8
78 82
0 39
0 69
16 49
26 84
0 63
24 83
3 24
35 81
9 78
9 48
43 76
32 59
14 65
45 46
17 83
40 57
26 54
12 70
2 22
3 74
9 60
35 60
29 79
23 34
27 32
38 85
15 21
0 64
7 41
22 30
2 9
26 85
66 85
13 85
26 55
50 56
46 84
45 53
47 58
54 77
68 82
51 53
39 57
16 33
53 61
30 84
0 19
60 85
88 103 2
17 84
46 64
46 87
18 56
65 75
61 70
29 49
21 24
46 76
12 87
27 43
55 71
73 85
4 80
35 51
34 79
25 86
20 81
54 81
51 60
8 34
9 87
66 68
3 14
16 26
73 78
0 1
23 53
23 24
37 87
55 86
44 64
12 74
47 87
9 67
32 45
0 80
42 53
22 77
4 68
0 18
69 71
47 81
37 77
32 41
48 59
11 82
8 74
3 17
60 87
29 76
14 44
1 2
10 43
0 31
19 41
50 84
45 72
75 87
20 68
5 62
13 27
28 79
38 54
28 39
13 65
6 72
59 75
19 48
40 49
36 69
7 78
30 62
35 64
15 33
63 66
0 19
21 26
56 57
31 36
40 63
0 52
17 62
7 33
39 82
16 58
1 28
6 10
58 61
2 83
12 75
11 52
0 70
50 54
22 42
5 20
17 21
83 85
70 86
38 57
30 48
15 67
25 59
93 132 2
7 62
13 92
11 86
11 55
35 61
18 69
9 50
7 78
10 81
46 61
44 92
6 85
21 83
5 87
63 84
0 90
57 68
25 56
27 59
8 51
24 82
4 92
16 89
17 37
46 65
64 77
60 83
42 43
31 35
36 57
9 45
5 8
83 89
44 75
19 62
21 73
38 49
25 44
15 25
22 51
54 92
43 50
24 87
12 34
1 30
9 12
52 56
17 76
13 18
26 38
22 68
20 23
85 88
62 81
55 67
12 63
1 29
39 48
34 92
39 61
29 69
19 34
13 80
36 87
63 64
0 81
29 43
4 24
52 92
3 33
32 66
32 80
6 91
47 58
16 41
69 79
10 65
23 42
24 37
20 88
29 60
45 73
53 79
33 78
49 82
48 83
28 74
28 35
59 89
0 16
6 40
49 89
50 72
36 79
21 64
38 86
11 67
3 66
7 74
0 80
37 90
9 20
4 64
18 74
14 28
40 55
14 71
41 58
24 67
47 49
77 92
30 72
54 57
0 31
0 85
5 37
2 84
70 78
27 47
7 77
5 70
57 86
12 69
35 71
4 56
0 2
15 43
53 82
26 75
12 71
1 42
76 91
90 136 6
64 85
12 37
66 67
32 73
30 57
51 89
40 73
62 89
32 75
52 54
45 57
87 88
15 33
64 82
48 59
15 54
35 52
15 53
25 65
36 74
24 41
17 22
35 45
5 15
59 66
12 44
42 68
18 37
39 89
4 71
1 24
42 78
44 79
47 75
65 89
16 50
43 56
36 55
3 84
20 51
17 66
39 58
45 50
63 66
40 71
45 81
46 75
42 67
29 38
67 89
28 82
25 38
23 83
21 87
4 55
41 86
84 87
0 68
17 25
38 59
30 69
28 41
76 83
7 69
5 58
0 23
13 40
29 70
0 73
21 75
7 44
20 67
77 84
20 79
55 60
1 34
9 17
59 76
6 18
31 34
1 14
3 60
6 89
74 84
2 38
18 80
21 27
11 46
27 51
74 86
19 89
54 83
43 53
16 71
26 31
0 14
10 76
61 83
14 51
72 85
0 54
36 60
36 68
12 36
0 58
46 74
63 89
5 62
9 22
47 50
0 8
8 48
4 19
49 89
2 84
27 41
5 74
2 13
27 72
0 80
19 61
21 24
19 50
70 77
18 78
6 86
2 22
78 81
27 39
11 28
10 33
26 81
9 78
52 68
55 88
49 56
95 115 2
6 94
12 90
47 89
21 53
32 48
58 92
2 44
59 83
69 76
23 87
4 42
22 73
41 71
30 51
19 31
78 83
8 85
3 46
39 66
29 40
48 55
49 90
40 51
13 49
12 84
0 26
0 56
10 21
15 53
5 69
27 65
18 91
14 72
41 58
13 88
25 65
64 82
71 80
42 56
56 67
42 68
52 85
38 41
8 66
63 67
12 59
9 34
24 47
24 77
76 94
47 88
14 61
52 89
30 44
25 36
63 66
7 34
37 74
9 46
1 36
35 79
0 57
2 16
68 94
59 74
28 57
31 92
18 74
73 93
11 38
15 66
1 17
0 23
1 39
62 75
3 52
54 94
10 29
70 77
28 84
20 33
89 94
70 94
7 38
80 81
17 55
6 79
45 78
0 71
0 39
43 90
20 82
37 51
43 61
40 86
19 50
50 81
75 80
85 91
4 45
15 87
44 72
11 63
27 33
12 29
26 72
38 81
16 60
54 64
60 94
5 93
0 32
35 62
4 39
22 86
11 24 3
3 10
7 9
8 9
6 9
1 7
1 8
3 6
4 10
4 8
9 10
3 8
2 10
4 6
2 8
2 7
1 6
3 7
0 1
2 6
5 8
0 5
4 7
5 6
5 7
95 123 3
59 83
22 85
42 74
15 60
54 66
0 4
22 86
1 30
41 89
53 61
59 67
5 92
83 88
14 40
49 68
58 71
16 82
26 82
37 39
25 72
17 34
62 73
24 78
49 50
22 56
23 75
14 17
21 86
38 79
3 54
76 93
35 94
75 80
42 86
11 60
17 72
2 12
45 94
61 66
48 61
64 85
36 55
27 83
15 65
75 84
15 93
71 75
23 37
38 81
91 92
17 31
3 74
13 72
28 69
33 82
5 16
11 31
53 78
24 26
32 77
63 94
20 50
0 16
8 35
88 94
19 40
41 45
10 79
8 30
7 58
8 10
27 68
33 42
55 81
4 66
44 62
36 89
32 46
0 90
75 94
25 53
0 14
6 63
0 62
9 80
24 35
43 44
21 25
42 63
65 90
12 87
13 31
0 80
47 76
52 93
48 57
23 52
69 94
12 17
29 67
44 64
51 78
46 73
59 77
28 34
39 94
51 84
2 18
7 20
0 1
57 64
56 61
57 70
0 43
56 87
6 29
70 94
51 75
18 19
47 91
9 71
30 70
37 60
97 124 2
75 91
0 25
23 30
6 84
50 87
88 96
5 24
29 30
7 56
26 37
66 71
0 84
39 81
4 83
31 40
55 86
62 92
58 75
72 96
36 70
61 77
6 69
43 44
47 64
22 67
9 50
0 19
22 29
63 83
28 67
5 93
0 48
16 65
9 89
41 52
46 50
40 45
12 90
18 29
57 93
49 94
16 78
58 82
33 96
19 43
57 59
28 74
24 32
35 76
13 63
1 83
21 35
46 89
74 87
44 53
0 15
20 54
55 87
2 62
43 50
0 22
10 80
23 27
4 24
37 92
79 96
18 46
14 86
23 64
5 96
38 71
14 23
11 96
54 66
25 73
2 33
17 32
27 60
15 91
42 73
20 85
30 79
13 81
17 38
12 41
45 92
12 15
1 76
73 75
69 80
60 77
42 65
37 48
34 44
66 96
34 78
56 61
49 95
15 82
52 70
21 26
10 21
3 69
35 88
1 36
0 39
0 8
7 72
59 71
8 33
90 91
3 31
95 96
27 33
2 73
14 68
16 85
11 68
29 54
51 94
15 80
8 53
51 80
47 65
94 145 3
28 60
12 79
22 82
24 57
2 17
5 7
35 72
16 27
32 91
34 91
76 93
57 66
21 24
37 88
9 51
31 45
21 69
38 56
64 86
11 40
8 20
12 88
52 83
0 63
10 89
35 71
48 74
10 80
30 49
14 49
80 83
36 86
47 63
16 45
0 33
62 81
18 29
0 75
33 73
3 32
59 64
21 87
0 7
31 67
6 90
1 71
47 79
53 85
14 53
15 92
12 61
8 50
57 87
4 68
8 82
17 20
19 75
42 54
27 68
25 38
11 87
23 33
5 58
17 50
18 45
39 72
54 72
13 73
6 91
39 43
44 65
48 77
15 85
0 36
19 24
6 27
16 66
21 60
0 10
73 82
53 59
22 51
75 89
15 87
32 44
14 35
16 62
61 64
43 90
41 49
55 58
34 78
23 71
56 93
0 26
23 77
24 32
4 41
59 72
46 93
39 84
4 92
29 63
77 93
0 29
38 48
37 80
38 55
26 61
60 76
9 93
10 42
61 65
56 70
66 82
3 84
13 80
46 48
52 70
2 93
27 93
1 68
37 62
28 73
24 78
5 70
30 84
81 83
3 44
31 87
18 25
34 83
2 37
52 69
42 93
2 35
36 65
8 26
25 59
20 67
43 58
46 58
30 93
21 74
33 40
90 135 3
18 37
29 70
48 64
23 40
63 72
7 59
0 62
27 29
35 75
22 35
6 88
25 32
13 52
22 53
13 77
39 56
54 65
12 56
18 38
72 79
6 83
51 67
34 88
15 89
46 60
13 60
19 20
17 89
3 8
0 19
0 75
32 33
9 45
14 44
35 70
7 45
23 58
10 85
44 50
69 71
53 57
10 11
2 66
40 76
4 33
0 61
64 69
26 29
25 69
52 55
20 43
41 42
42 85
27 82
49 74
53 73
33 67
7 15
26 47
10 68
11 82
74 87
8 38
38 54
1 58
68 83
47 89
82 84
85 87
4 31
26 39
27 73
66 77
62 78
46 88
81 82
23 87
11 47
47 72
0 56
31 66
2 72
17 41
5 31
58 84
29 54
12 17
24 40
65 84
28 89
27 49
30 34
57 79
54 67
0 16
63 81
41 76
23 52
24 75
21 34
71 75
79 89
16 21
36 51
58 69
50 89
28 53
10 19
59 76
5 61
3 28
71 89
0 77
23 51
40 55
43 86
1 80
35 55
41 52
0 4
61 67
15 80
15 30
11 41
1 71
14 64
70 86
49 89
9 32
36 89
28 44
25 78
30 68
37 80
22 48
91 125 2
1 20
2 11
2 18
9 49
27 56
0 11
42 48
2 17
22 41
52 70
0 16
32 55
60 90
24 48
36 53
8 62
39 80
11 34
18 28
32 52
0 50
75 90
45 71
7 23
83 90
0 26
14 74
68 87
22 24
6 47
15 45
21 57
8 41
34 59
51 86
4 31
28 69
0 35
20 39
39 84
57 83
12 25
22 72
19 79
53 58
81 86
43 85
62 71
21 63
9 26
35 44
5 76
1 18
55 84
19 61
10 78
38 48
3 49
5 37
17 65
0 85
57 78
3 75
23 50
8 90
31 64
42 73
47 87
29 68
12 67
54 90
37 81
6 73
10 66
13 89
69 80
17 59
0 53
9 40
25 80
44 69
21 67
36 72
0 38
5 54
43 70
79 83
41 68
30 66
17 87
67 88
30 70
74 90
14 53
56 77
39 87
65 78
13 34
7 50
4 72
46 89
36 40
76 77
0 27
26 89
54 63
29 33
43 82
60 65
40 51
32 65
16 42
64 90
44 52
3 19
23 88
15 33
58 79
46 61
20 75
55 59
61 83
35 82
5 88
1 72
98 135 4
61 72
94 97
75 97
20 28
22 97
12 18
3 30
1 66
39 97
68 72
67 75
14 17
4 13
2 97
31 71
46 87
40 42
0 84
39 44
3 53
72 76
16 85
13 23
84 90
3 44
26 77
5 8
0 55
26 33
21 81
80 84
0 88
24 61
79 96
57 82
45 68
4 29
80 86
45 75
37 50
38 50
32 53
41 59
85 91
43 70
14 49
89 97
22 47
11 76
34 92
9 17
50 69
73 97
90 95
20 38
48 77
31 63
34 86
5 29
4 33
6 12
55 60
30 97
59 97
60 85
47 60
23 35
27 87
52 65
36 47
9 11
15 82
51 93
76 83
6 72
28 46
1 2
19 49
11 86
62 64
11 71
44 68
25 66
0 67
4 51
18 96
15 41
78 92
23 31
7 32
8 67
10 68
9 24
17 28
45 59
35 79
27 43
60 62
19 70
0 90
71 74
7 21
56 88
40 58
2 64
11 78
25 37
36 69
11 32
10 89
63 65
48 75
58 61
37 72
15 83
56 74
43 86
35 40
0 42
46 63
13 95
16 24
57 75
52 81
6 45
50 96
44 91
0 54
0 57
33 93
64 84
16 76
34 54
73 82
70 94
93 133 4
0 52
14 17
35 71
23 33
3 50
37 70
0 22
39 55
0 3
1 18
4 38
35 91
25 74
55 60
79 83
45 65
46 62
15 34
11 52
16 41
33 71
71 89
11 69
51 54
43 77
56 61
28 89
1 74
20 88
12 51
63 69
54 59
43 47
1 25
2 76
29 84
34 36
1 41
48 67
6 62
0 7
40 61
30 92
61 87
57 68
7 61
46 60
39 63
5 27
69 79
21 73
27 87
45 58
66 67
20 33
39 65
52 62
23 90
26 61
0 67
38 75
53 81
37 41
29 92
33 37
50 84
5 51
26 78
12 30
9 92
44 59
10 37
34 92
83 84
6 32
12 48
19 89
56 92
57 86
16 64
0 8
45 78
7 31
86 87
17 85
31 49
12 26
63 90
18 71
32 49
80 81
64 82
14 30
8 68
27 49
32 48
17 26
10 72
36 85
2 3
9 90
66 88
55 76
15 80
33 56
56 85
44 79
24 92
52 91
29 57
6 68
54 55
37 71
19 40
29 88
29 86
4 53
42 73
36 82
13 77
0 42
44 65
24 26
36 54
40 80
58 60
28 72
22 70
11 25
21 74
13 50
47 92
23 75
7 11 3
4 5
5 6
1 5
0 3
2 4
0 1
2 3
2 6
1 2
3 5
0 4
87 117 4
19 30
12 82
21 43
55 76
80 86
48 49
62 67
39 48
18 29
15 58
51 86
29 64
20 60
16 43
0 76
37 54
36 78
23 59
36 69
39 63
46 50
13 86
20 81
64 77
52 62
25 84
22 35
13 37
29 79
2 38
0 26
0 69
27 32
1 13
18 76
3 41
18 32
35 85
2 37
26 66
7 59
65 83
29 76
5 13
10 57
53 71
11 35
6 36
1 84
3 74
8 22
53 86
46 47
61 84
24 64
19 75
40 42
33 70
54 69
6 9
21 45
4 66
23 38
17 79
60 86
33 86
77 78
28 71
15 34
7 47
44 72
50 61
22 28
5 21
8 78
54 80
16 48
31 83
33 44
14 85
6 49
16 58
0 68
10 17
49 61
31 34
0 29
11 40
8 30
16 31
2 5
45 70
51 72
73 81
79 82
55 63
56 58
67 68
30 41
10 21
4 9
0 38
24 45
50 56
0 65
49 73
12 86
52 74
25 86
38 40
29 41
28 75
27 57
28 42
1 14
42 56
8 71
3 2 2
1 2
0 1
96 118 4
35 53
6 48
84 93
30 80
64 94
6 16
74 83
14 22
45 83
28 29
5 41
55 59
11 54
70 88
5 38
15 39
18 77
18 55
2 69
16 85
29 87
66 85
87 95
51 62
13 86
16 60
14 50
0 40
16 52
6 73
34 40
7 77
19 32
30 95
2 17
36 45
22 44
28 86
43 61
0 42
80 81
19 38
4 25
65 89
0 36
10 60
20 81
18 90
25 91
78 86
37 89
52 57
25 95
26 49
23 95
88 90
4 95
14 48
10 94
68 89
9 66
35 58
21 22
76 92
39 79
33 65
69 92
58 59
12 57
73 86
21 74
23 27
52 73
17 75
31 63
42 70
2 50
1 28
60 91
11 64
3 83
56 68
67 84
9 34
46 78
44 76
24 41
12 95
2 43
24 26
8 15
72 95
51 95
0 56
63 93
7 17
47 89
47 75
31 82
0 61
47 71
32 82
20 28
0 37
1 33
53 72
49 95
0 67
37 69
8 54
27 71
62 74
34 39
29 46
0 79
22 37
16 55
3 13
92 137 4
31 82
3 76
20 25
16 74
11 51
0 83
22 70
52 78
22 50
40 47
42 69
14 84
20 35
29 65
18 87
76 85
0 52
19 56
65 84
46 68
23 68
9 19
7 69
21 60
17 28
69 91
21 67
0 47
13 40
31 48
0 18
37 39
55 91
29 50
9 42
75 88
70 74
43 53
29 40
30 66
3 63
77 86
15 32
11 83
64 80
7 14
79 89
54 78
34 59
19 81
16 56
0 6
6 84
24 46
65 66
0 53
55 81
10 41
49 77
54 70
3 88
37 62
57 82
49 68
71 73
36 91
73 85
64 66
79 84
24 45
71 90
18 89
30 71
57 75
33 63
16 71
38 41
51 58
45 74
65 70
8 38
13 17
44 62
22 91
87 90
39 51
46 82
6 46
0 4
3 6
36 84
1 39
23 30
61 81
52 74
60 72
26 42
2 26
45 48
8 15
43 80
4 32
23 31
80 84
40 51
1 91
2 34
3 32
35 86
40 69
20 38
59 64
5 58
31 44
12 87
15 63
7 24
0 87
55 56
88 91
19 57
36 60
10 33
28 32
35 36
8 30
10 27
28 41
25 29
27 78
2 61
5 33
20 67
34 67
12 91
27 82
14 72
91 125 67
37 61
38 79
46 76
27 59
0 53
10 53
69 87
21 82
14 66
9 90
22 52
31 77
26 79
32 38
47 72
24 41
58 64
1 81
2 67
19 82
7 13
54 76
18 48
31 73
50 90
16 79
19 54
0 50
0 56
84 90
0 55
63 66
74 87
74 77
84 86
38 83
23 88
33 86
25 33
34 46
11 17
5 52
59 82
65 89
70 73
3 85
36 46
8 28
11 22
67 80
17 80
4 31
55 65
32 41
32 33
26 39
22 62
64 71
58 77
17 40
13 71
6 50
6 57
6 37
82 83
33 81
47 71
20 25
49 79
13 58
16 85
9 84
27 60
34 90
42 87
60 86
25 42
26 29
75 90
45 68
34 43
75 83
53 78
2 62
15 68
48 62
24 37
14 15
67 85
8 86
38 88
21 78
10 35
7 44
43 49
4 63
18 35
45 72
3 10
39 51
17 72
29 60
2 35
3 44
1 40
69 90
2 56
0 59
30 85
47 90
27 57
21 72
5 28
12 70
51 73
67 89
20 30
0 12
48 60
0 68
0 61
42 45
2 83
9 40
23 36
86 130 2
43 69
17 79
61 76
26 58
61 80
47 57
60 81
26 36
50 85
4 45
55 84
38 74
19 47
38 61
40 62
22 77
10 32
38 63
0 13
0 64
29 32
29 65
0 20
30 80
48 77
32 64
43 58
47 76
28 81
23 50
33 62
9 62
16 38
1 11
24 66
58 63
14 40
12 54
40 56
22 27
53 83
0 29
51 75
3 80
15 85
17 65
31 70
27 56
58 61
24 67
22 25
16 73
59 82
10 52
9 19
39 55
4 78
7 46
22 53
26 34
33 41
19 62
42 45
18 77
25 54
27 37
4 73
11 21
30 51
31 76
59 85
12 85
8 70
40 69
6 21
46 63
39 71
2 40
46 74
9 66
45 85
53 62
34 47
7 85
48 79
43 85
2 6
24 38
0 2
45 69
0 28
11 26
17 44
15 42
1 21
10 63
23 53
32 39
54 75
36 44
12 14
52 68
51 52
83 84
0 71
44 72
1 12
37 49
16 85
10 30
57 60
36 79
5 31
14 82
78 85
7 35
8 67
6 35
18 76
3 14
56 75
41 85
76 82
72 73
12 29
50 74
42 49
20 68
40 46
5 13
97 120 2
85 86
53 89
45 50
93 96
2 23
26 74
13 76
55 96
54 64
6 25
0 34
25 28
43 57
12 93
73 78
21 95
79 88
14 29
10 53
37 70
71 81
4 63
19 42
21 22
46 96
9 16
11 22
91 92
0 30
0 87
20 31
0 62
39 80
23 78
6 58
69 84
0 81
20 56
30 51
36 59
33 72
2 84
27 72
7 96
24 92
3 40
0 38
23 34
71 82
3 43
15 41
61 76
82 83
0 74
67 91
38 72
1 41
60 73
44 54
61 83
37 50
8 27
14 69
13 62
55 80
12 37
11 34
39 48
70 79
39 88
14 58
18 38
7 61
50 75
49 96
52 58
9 67
15 82
57 96
60 62
1 51
44 83
13 86
42 77
46 65
24 31
10 87
0 63
18 47
90 95
40 94
35 47
8 50
8 88
32 49
26 33
32 64
5 68
2 35
17 66
8 54
52 65
45 47
85 89
11 79
66 75
16 90
59 68
24 96
17 48
5 28
71 77
19 29
1 40
4 36
38 57
55 84
80 96
56 92
35 94
87 126 3
2 66
0 28
33 60
9 56
54 83
8 26
41 56
7 79
58 66
30 38
59 67
42 72
43 57
6 14
24 70
15 45
17 19
6 27
1 70
6 66
46 55
43 71
65 85
8 74
0 32
39 48
50 62
58 60
16 81
28 31
13 78
44 65
18 40
61 66
36 58
8 29
34 46
0 77
52 73
51 64
11 19
23 51
46 69
84 86
35 42
9 10
0 27
24 44
3 51
45 59
15 49
47 52
20 53
23 53
3 11
83 86
4 82
21 86
13 30
22 31
10 82
56 61
38 67
29 39
35 48
72 86
63 70
80 86
50 54
34 80
48 84
36 55
63 76
19 48
9 76
10 28
25 62
29 37
37 49
14 17
4 41
12 41
69 86
67 71
0 1
14 41
13 48
7 26
11 52
31 68
0 81
12 14
12 16
25 86
43 51
23 47
78 85
13 65
10 21
18 61
38 79
6 45
30 32
2 61
5 77
73 84
3 19
71 72
64 79
54 58
2 71
63 69
21 55
20 22
9 11
58 85
71 85
62 82
0 68
5 75
4 33
68 77
74 86
40 75
57 86
60 83
94 142 3
32 55
34 69
63 74
57 63
28 93
21 75
40 75
15 79
56 91
12 17
1 30
24 85
25 43
23 41
15 21
41 53
46 93
65 66
20 54
49 89
31 81
64 73
41 71
0 5
30 39
67 78
16 55
77 88
24 47
11 80
0 83
46 86
19 61
17 45
23 65
13 16
6 72
62 76
51 54
28 84
29 44
52 54
31 85
71 93
49 74
0 58
11 87
26 92
10 33
9 68
25 51
0 27
56 78
29 88
54 92
32 66
58 70
10 19
48 86
2 4
26 70
54 86
0 19
72 93
30 59
21 80
20 68
65 84
48 59
39 87
40 69
28 70
40 93
43 81
33 82
69 76
48 51
58 86
39 74
22 27
74 84
5 90
52 91
38 90
83 87
1 38
50 64
15 45
55 85
23 92
0 4
53 71
3 82
6 9
47 50
50 76
26 31
53 58
8 49
7 22
57 86
0 48
15 28
35 76
12 80
12 42
25 61
62 81
51 93
73 93
60 75
76 84
20 36
39 44
8 81
42 55
29 30
9 10
0 13
32 34
24 79
15 40
57 78
1 23
85 89
14 77
2 18
11 42
0 37
3 57
14 18
28 35
76 78
7 8
36 43
40 67
60 67
18 34
44 88
37 63
57 67
68 74
89 105 2
68 88
43 80
39 42
18 52
25 82
49 78
40 71
0 30
44 53
12 88
67 72
0 7
2 33
54 66
16 36
10 69
14 67
26 41
19 39
34 70
0 78
22 63
0 55
21 68
10 17
3 49
8 21
3 13
23 24
69 86
55 56
19 50
28 88
20 56
14 47
5 8
9 45
15 74
22 84
84 87
48 85
46 75
4 7
65 81
18 72
31 77
2 29
64 79
87 88
51 82
36 58
1 59
51 60
6 64
60 83
1 88
33 57
61 81
0 75
45 87
9 85
31 78
0 77
11 30
0 16
10 31
27 32
35 36
32 73
37 54
2 41
4 52
7 69
24 48
6 15
57 65
83 86
34 76
12 27
71 74
26 43
70 88
46 86
50 58
47 54
43 82
5 35
53 88
6 62
42 66
25 40
13 64
38 63
20 23
31 84
17 73
28 62
41 59
66 80
11 61
35 38
47 55
29 76
69 79
37 44
87 131 4
1 9
63 66
1 60
43 86
38 81
4 46
10 81
3 67
10 86
25 32
2 62
17 52
11 42
50 58
56 62
15 17
12 70
0 77
15 84
51 77
32 69
40 82
0 66
62 72
39 54
11 86
0 28
76 77
44 78
18 27
23 73
48 49
47 58
45 48
5 80
3 38
9 50
10 70
1 61
15 75
12 59
74 86
30 79
4 72
33 53
16 77
14 55
1 62
9 52
28 48
33 86
29 53
18 64
0 54
37 64
72 75
0 40
36 57
17 81
20 31
25 57
28 69
59 77
49 81
0 49
84 86
16 83
24 36
31 86
58 82
13 71
40 60
29 51
26 75
34 84
45 69
23 75
61 64
51 62
47 76
5 42
32 82
21 86
39 79
22 85
25 52
58 84
21 85
63 83
8 75
42 52
2 64
36 39
10 72
55 71
37 41
35 81
8 80
16 65
35 41
20 68
23 79
17 26
19 73
8 36
6 14
17 86
13 44
23 64
6 43
45 77
0 34
15 78
2 57
46 82
56 68
67 74
0 26
50 81
18 65
16 47
9 67
19 24
14 86
9 30
7 27
7 51
23 60
14 50
37 45
22 36
96 142 3
32 95
11 36
47 61
0 3
28 80
5 53
32 87
0 77
4 90
30 92
12 21
8 83
9 64
48 95
36 95
14 58
11 33
33 57
64 82
19 94
40 49
25 91
53 76
18 48
46 81
66 88
40 52
41 70
39 51
10 81
0 76
29 87
7 94
51 58
16 71
65 72
60 95
11 69
0 72
7 84
0 55
0 34
31 91
21 35
75 85
26 53
30 95
1 54
9 94
45 61
2 61
8 56
57 68
42 43
37 42
17 25
88 95
10 48
2 44
20 25
87 89
26 63
70 83
17 95
9 78
72 82
79 93
15 64
35 63
55 94
37 82
29 45
5 37
4 65
27 88
9 42
79 87
38 56
7 14
1 78
67 85
8 42
38 91
23 74
27 95
31 42
13 71
83 93
32 63
90 92
5 42
24 74
6 50
29 39
20 52
24 78
24 46
15 73
4 48
35 89
5 18
19 67
62 66
14 18
26 82
6 36
22 49
28 84
8 47
77 86
12 17
50 72
9 62
12 60
54 59
50 73
72 94
0 41
9 14
61 64
50 95
23 92
43 86
45 65
13 19
69 95
35 91
7 29
8 62
26 45
0 13
53 59
6 44
68 85
55 93
34 80
29 33
21 42
5 75
16 22
30 75
3 10
94 128 8
1 52
53 63
10 67
21 24
9 93
0 1
42 72
2 12
72 84
34 67
37 54
48 77
4 17
38 82
36 93
62 74
15 90
44 74
22 31
20 81
23 52
20 71
5 78
51 68
33 35
8 42
29 53
5 15
5 28
71 92
11 14
57 88
26 89
34 39
18 48
0 67
82 87
0 92
10 32
29 93
49 57
14 32
83 91
45 47
27 93
79 88
0 16
4 51
34 61
50 80
6 90
47 67
3 32
45 79
22 34
66 85
66 89
32 47
51 75
11 27
60 65
26 40
1 25
43 89
18 19
32 69
8 93
55 56
21 90
46 78
21 72
49 62
39 41
22 38
33 82
14 28
35 36
0 17
13 55
16 61
6 38
64 86
57 77
14 85
70 91
81 84
76 93
28 86
12 63
7 68
79 93
6 78
15 39
12 62
0 6
20 31
30 56
19 69
3 87
3 93
58 69
52 64
7 30
0 23
78 83
2 41
26 82
77 80
25 58
15 33
50 54
43 85
30 60
13 59
18 39
70 73
7 9
23 33
65 68
46 76
44 93
55 64
9 69
0 59
24 66
37 87
73 75
40 71
3 2 1
1 2
0 1
93 116 4
82 92
56 57
26 68
48 92
17 39
10 65
10 38
22 89
45 63
13 53
8 33
44 92
19 27
11 58
6 55
40 49
27 57
0 49
7 30
5 14
70 73
17 73
20 26
0 30
26 35
29 55
21 50
56 64
42 83
3 84
75 87
53 62
48 70
0 2
21 65
0 72
9 77
23 78
34 67
68 92
3 69
14 23
31 35
22 52
1 43
40 47
11 29
28 85
7 91
19 78
47 77
71 92
51 79
42 85
41 51
52 66
10 71
32 44
31 32
16 87
10 64
43 79
66 69
15 37
1 89
22 24
59 67
62 92
8 75
53 84
80 81
76 92
52 60
38 88
24 65
16 20
54 82
25 41
0 64
20 43
80 88
9 24
2 74
12 46
0 27
86 92
12 74
15 44
33 90
26 50
24 34
1 4
35 89
25 63
30 36
29 90
16 76
15 45
58 61
56 90
13 37
22 36
36 58
13 72
5 39
0 83
11 91
4 9
46 60
59 64
22 86
6 81
18 61
0 19
20 54
18 28
92 113 3
19 82
44 77
62 69
78 81
87 91
55 75
17 79
18 66
7 69
51 85
25 91
20 40
34 63
47 59
43 88
24 34
11 22
10 38
56 80
29 84
7 53
37 64
6 26
58 74
61 80
3 64
32 41
14 86
0 58
2 70
60 64
20 45
85 89
52 67
32 68
11 34
4 51
24 91
4 46
1 60
3 21
39 61
49 74
0 42
39 62
63 90
9 54
43 57
7 89
44 83
14 45
8 32
2 52
29 30
26 42
1 35
55 61
35 67
32 78
0 44
12 84
36 72
19 79
34 37
14 15
40 86
25 63
5 15
6 53
82 88
0 67
12 91
56 77
23 49
16 65
5 52
73 90
75 78
18 68
51 86
16 21
23 71
57 59
31 50
8 65
0 28
19 59
0 86
17 91
48 72
30 70
55 83
50 54
27 74
3 56
28 36
13 47
0 76
48 63
41 71
31 91
0 81
8 76
10 27
9 73
38 91
27 37
33 87
22 66
33 83
25 69
39 46
13 60
93 114 3
37 59
68 72
19 43
0 74
60 64
27 73
2 84
24 67
14 28
33 61
29 56
18 70
18 41
5 64
22 57
58 63
81 82
37 92
11 92
64 85
27 47
6 69
0 80
63 91
70 81
47 88
26 32
28 53
20 75
19 51
25 82
4 21
62 77
9 30
29 48
45 92
1 85
0 58
12 49
19 61
2 73
0 16
0 70
25 43
5 32
34 92
23 54
51 53
37 70
22 23
2 79
21 54
3 57
33 71
9 84
76 89
46 67
77 80
7 85
26 31
11 89
14 39
75 78
2 41
81 92
16 22
1 66
6 10
32 35
55 60
82 86
13 60
61 91
4 31
38 70
17 92
8 26
10 91
15 40
35 42
49 64
30 52
34 88
12 20
7 76
38 46
13 90
45 48
44 83
48 70
74 78
65 72
0 40
8 41
61 75
17 42
50 79
86 92
23 36
10 52
44 55
71 87
3 66
41 55
0 90
38 83
39 62
15 50
68 92
65 87
69 81
36 56
24 73
25 59
95 122 2
0 63
5 39
38 67
6 71
15 23
60 69
68 94
12 20
17 90
0 91
65 86
52 74
68 69
32 93
49 62
54 90
12 66
32 36
21 48
48 94
66 93
35 83
51 85
56 82
47 72
53 87
2 46
0 92
52 70
26 38
67 75
76 85
7 47
20 94
0 55
58 94
10 86
30 66
39 94
73 78
7 53
14 31
1 80
37 61
7 94
41 50
2 13
22 89
14 62
33 44
4 63
20 54
19 45
13 46
42 64
14 75
40 44
33 53
28 90
1 9
22 54
28 60
39 89
79 81
17 59
45 94
56 83
36 57
8 88
34 51
14 57
42 79
29 84
25 33
46 68
55 82
34 80
55 74
5 84
29 78
12 35
71 79
11 52
24 34
64 73
4 42
6 61
16 27
2 94
63 67
83 91
18 70
24 72
13 77
10 35
23 57
12 17
49 76
31 44
3 30
36 74
22 84
16 58
25 88
21 41
20 30
27 75
11 82
8 59
3 87
19 65
26 43
81 92
9 37
43 74
0 15
50 55
49 72
40 77
18 50
0 30
0 51
2 1 1
0 1
87 141 68
7 84
23 57
43 86
6 67
12 18
64 67
7 78
3 31
46 51
72 86
15 44
23 54
0 14
3 32
38 75
40 57
12 81
57 86
10 69
29 75
1 69
18 33
36 75
19 51
40 60
18 77
54 73
56 75
76 82
6 59
48 79
52 55
64 85
58 74
16 69
5 10
0 2
68 73
45 58
11 62
62 80
76 83
1 47
8 46
24 53
2 11
10 81
41 42
73 78
40 73
6 27
50 79
0 21
8 52
13 35
15 66
18 67
27 82
35 65
13 56
30 52
40 55
12 38
0 30
28 37
21 78
56 63
6 14
20 48
50 58
10 21
80 86
26 86
19 68
45 49
64 68
5 29
11 57
17 23
7 36
7 14
28 64
21 70
53 85
51 62
21 43
61 79
10 77
29 31
0 31
19 84
4 9
11 60
36 50
9 71
6 35
41 70
19 86
61 86
33 72
49 71
16 22
4 20
3 17
26 46
44 82
22 27
80 84
55 83
31 45
34 78
36 86
16 52
43 70
34 63
54 76
42 65
0 26
37 44
3 67
0 27
68 82
39 81
24 74
32 86
17 25
59 60
2 30
36 40
38 61
8 29
12 64
7 39
64 80
17 60
44 79
26 66
25 75
5 73
47 59
44 48
90 128 2
43 51
4 29
12 57
76 80
26 84
0 29
73 81
67 78
11 41
21 26
21 62
1 15
66 72
27 35
2 19
65 80
36 69
20 47
5 81
0 59
75 89
42 68
68 73
58 88
48 53
47 89
16 89
57 60
16 58
24 61
9 54
0 45
0 56
46 60
18 78
41 52
3 82
22 32
21 84
12 70
0 18
79 85
9 49
8 28
74 79
33 72
50 81
31 33
24 28
10 84
35 78
30 57
4 83
11 33
21 69
62 69
1 12
14 44
9 23
22 39
17 83
86 87
3 86
43 70
40 52
8 73
9 42
34 77
79 83
6 25
64 86
64 88
25 55
80 87
13 16
31 53
15 34
5 20
7 27
0 42
36 67
42 77
9 50
33 54
46 87
54 55
7 58
4 35
57 63
17 44
31 49
51 89
28 74
37 38
13 30
72 89
6 19
23 32
17 24
6 21
8 68
2 6
63 85
25 48
37 61
9 87
71 89
59 76
65 75
67 71
40 45
28 83
6 14
19 56
11 23
60 77
75 82
36 82
39 50
0 66
46 89
10 65
46 49
27 28
60 83
44 61
38 89
28 67
89 109 2
0 38
29 57
29 72
0 33
65 67
1 28
28 41
62 79
0 72
86 87
32 49
11 16
2 18
17 45
42 80
15 83
25 36
8 35
5 37
5 28
26 63
0 65
20 88
11 30
69 78
85 88
7 16
17 68
2 9
0 73
58 81
56 71
6 39
10 13
47 51
14 34
57 75
1 42
13 52
53 58
21 48
37 44
8 69
44 75
73 77
68 88
50 72
46 74
54 82
16 88
8 36
14 24
26 64
40 59
35 70
3 16
19 43
23 62
41 63
19 71
1 50
60 88
57 74
30 81
12 83
59 86
12 39
69 88
48 61
9 45
67 79
50 56
50 82
61 67
43 87
52 85
31 65
31 34
24 64
32 84
4 40
33 47
15 25
18 53
7 57
0 27
4 21
27 40
22 70
3 60
54 88
63 84
80 85
27 63
51 80
76 88
38 66
10 59
6 77
23 55
7 22
41 66
55 82
3 75
20 49
76 78
1 29
0 11
35 46
10 45 10
1 8
0 8
2 4
4 6
6 9
4 8
3 5
5 9
0 4
1 9
4 5
3 8
5 8
0 7
2 6
7 9
2 9
2 3
3 4
1 3
8 9
0 6
3 7
5 7
2 5
0 9
1 7
4 7
6 7
2 8
6 8
3 6
5 6
2 7
1 4
0 2
1 2
0 3
1 5
3 9
7 8
0 5
4 9
1 6
0 1
3 2 3
0 1
1 2
86 137 5
64 79
62 73
33 49
16 24
27 28
28 56
20 81
43 47
12 66
3 85
6 74
44 82
12 49
13 55
12 74
25 85
25 73
30 79
76 83
29 51
46 81
9 22
26 80
32 67
21 25
22 33
26 82
53 59
1 49
20 22
24 42
19 23
15 78
40 69
5 30
41 52
31 69
7 57
0 61
3 50
15 85
2 83
49 83
4 21
30 62
47 80
29 40
8 23
28 85
3 63
10 36
6 40
67 75
17 72
4 50
75 84
17 30
18 43
0 84
45 54
29 66
41 55
39 60
73 82
14 66
38 45
29 31
43 78
14 43
32 85
11 29
18 27
63 68
27 51
10 25
3 26
30 65
1 76
12 70
53 57
70 72
55 64
4 41
19 68
69 85
17 52
58 71
42 46
28 55
20 31
0 26
38 71
36 76
38 60
16 85
26 83
0 44
4 37
51 60
18 28
5 77
0 48
11 47
34 56
2 36
7 13
36 84
34 62
52 85
0 13
14 84
39 50
35 65
5 61
48 76
7 10
1 31
42 43
9 63
58 75
28 37
8 54
53 66
15 49
37 79
6 67
35 60
0 58
56 59
61 72
0 21
1 35
33 77
22 42
59 74
9 72
6 43
29 107 5
6 16
14 17
9 19
7 22
9 20
5 27
7 20
24 25
3 5
3 8
10 20
1 13
11 28
17 26
5 22
17 22
20 25
10 19
19 25
25 28
1 23
9 26
16 23
8 27
9 16
22 23
6 26
0 27
10 28
13 22
8 14
23 27
9 14
15 19
4 11
4 15
7 26
1 5
23 26
13 27
5 16
12 23
18 27
2 19
13 16
5 14
21 28
17 27
6 27
1 6
4 7
8 26
2 20
4 9
15 28
10 24
2 4
1 18
9 24
13 14
9 22
3 13
12 13
21 24
6 22
6 12
3 23
13 26
2 28
12 18
7 19
3 17
7 16
3 7
3 18
2 24
20 21
8 12
0 12
1 8
3 9
5 12
12 17
11 19
6 14
14 18
0 1
7 14
5 26
15 24
7 24
4 21
4 25
14 23
1 17
18 26
11 24
3 6
19 21
16 18
4 10
16 17
15 20
8 22
18 22
8 16
11 20
98 120 4
88 92
57 96
29 54
0 42
73 89
0 15
76 97
21 44
0 31
54 69
52 86
59 66
18 86
21 24
25 80
14 76
9 79
7 84
28 73
58 77
23 59
17 51
32 75
6 56
1 85
62 97
27 67
37 65
55 60
35 46
31 45
43 68
39 84
13 95
78 97
9 46
6 57
64 82
17 54
44 96
32 80
48 55
61 83
36 49
53 61
86 97
48 50
26 34
66 71
17 18
0 19
8 25
52 80
0 68
13 88
35 69
24 41
36 94
19 32
47 95
0 11
28 43
69 81
81 83
0 10
20 40
26 90
23 64
4 27
77 97
1 41
42 47
10 71
8 11
91 96
13 22
30 45
2 56
82 94
12 91
35 38
50 63
20 97
37 97
0 3
87 93
2 5
82 93
8 53
90 92
39 97
22 40
12 38
22 70
8 34
4 33
29 58
67 75
30 49
20 64
18 89
60 62
34 95
16 51
22 31
13 72
15 79
56 87
43 58
7 74
27 68
78 87
5 97
33 74
3 85
44 63
65 70
7 77
25 72
14 16
90 109 3
35 76
53 81
37 65
24 52
0 55
3 26
19 43
10 39
15 37
0 26
9 50
47 82
38 68
0 38
30 54
0 66
69 72
15 65
8 85
16 18
42 82
13 61
21 47
10 52
24 39
50 78
29 34
4 59
0 86
0 48
32 66
17 22
58 77
4 60
61 72
35 63
1 58
25 64
48 51
7 49
12 29
5 37
51 56
21 56
1 31
6 45
14 46
21 81
6 76
14 40
71 89
0 59
45 89
20 34
20 23
68 77
5 52
3 12
1 33
49 55
62 78
74 80
10 89
9 21
64 70
11 70
48 75
34 60
11 87
44 53
57 86
13 75
27 31
67 89
69 89
33 83
30 56
88 89
2 41
28 73
79 84
17 60
78 83
57 73
28 33
36 67
46 75
39 73
8 74
41 66
19 32
27 79
34 35
34 52
18 85
40 83
87 89
44 63
43 65
29 50
71 84
1 39
36 62
80 88
0 2
22 42
54 81
23 25
7 16
94 118 2
56 80
68 70
8 89
39 84
35 72
0 91
69 91
6 84
21 43
59 65
25 88
48 77
5 52
41 75
20 72
1 33
19 36
4 93
7 36
29 77
43 46
18 64
81 92
62 82
35 83
24 76
57 79
0 23
29 59
26 50
44 76
20 89
11 14
48 80
21 38
56 85
16 18
22 93
0 30
2 15
2 54
45 93
14 55
9 54
10 87
1 12
49 63
27 93
22 62
32 82
17 26
34 64
8 67
28 62
28 79
12 44
11 71
37 75
9 18
27 44
31 33
13 67
16 30
53 75
3 37
52 87
5 27
47 86
33 51
0 25
42 49
0 41
3 52
41 74
37 86
78 85
2 11
14 83
7 17
19 45
5 72
61 63
40 66
47 81
35 93
10 86
38 50
53 64
58 61
13 66
31 73
70 92
55 71
5 78
17 90
4 51
15 32
3 42
43 86
1 35
6 60
22 69
40 54
65 74
2 16
58 93
31 88
78 93
24 60
23 37
57 90
26 34
18 54
28 73
47 74
46 93
0 39
0 68
86 112 4
14 17
41 70
22 27
5 20
21 50
77 80
75 77
4 51
35 49
0 7
75 84
41 49
45 85
4 53
19 33
52 79
55 62
9 81
57 81
6 70
12 18
0 75
3 79
47 71
19 72
31 77
24 48
42 45
76 83
38 59
25 44
63 85
60 67
3 62
0 9
10 82
13 66
7 35
44 79
11 39
22 47
23 30
18 64
25 43
32 51
71 85
1 12
28 49
34 53
13 15
65 85
8 36
34 85
56 65
48 68
0 22
24 40
10 78
20 61
4 6
23 64
4 72
30 74
58 78
64 69
69 84
2 59
11 56
50 84
6 38
18 41
0 33
21 55
39 46
69 82
54 80
2 37
52 60
5 38
40 83
1 37
0 61
18 85
16 76
14 67
8 26
28 29
16 62
0 64
54 72
29 73
13 84
3 30
25 32
28 84
42 76
31 46
44 53
3 69
43 66
17 85
12 36
23 73
16 57
43 68
9 42
36 63
26 58
55 74
29 39
0 15
27 50
97 132 19
23 52
18 46
19 96
79 94
81 96
13 16
80 90
33 63
39 52
0 22
29 82
0 27
5 14
45 47
24 26
53 87
12 44
12 88
44 94
29 89
30 46
40 50
53 96
18 60
43 96
42 74
61 84
17 54
23 59
10 86
13 69
11 20
36 92
24 55
56 63
85 96
45 92
34 58
41 91
48 54
7 75
42 66
21 37
73 77
3 87
73 93
3 69
11 77
28 37
81 86
5 6
29 44
43 71
40 81
60 82
0 88
37 92
47 79
1 51
15 56
0 60
33 93
46 61
10 32
15 95
24 31
9 16
1 96
65 78
9 35
19 48
18 76
0 28
24 95
65 80
31 85
3 58
7 49
26 36
62 89
9 34
72 88
22 54
39 67
51 76
2 70
80 89
8 56
55 64
36 50
70 74
59 84
35 41
67 89
20 66
25 38
0 8
6 38
58 75
83 91
61 67
16 62
25 51
42 71
49 96
1 68
68 90
35 66
57 76
10 70
0 30
4 63
2 18
0 5
71 92
4 27
32 78
13 20
28 86
21 95
23 32
31 57
74 95
14 17
78 89
64 72
26 48
71 83
59 94
5 92
0 1
45 96
10 45 5
3 5
1 3
0 8
2 8
0 2
5 7
3 4
0 9
4 5
1 2
1 9
4 9
6 9
5 9
1 5
2 3
2 5
1 7
5 8
0 7
6 7
1 6
3 6
1 4
4 8
7 8
2 7
3 7
0 5
5 6
2 6
2 4
0 3
0 6
3 9
2 9
0 4
1 8
3 8
4 6
6 8
7 9
0 1
4 7
8 9
86 131 2
12 45
6 25
69 82
11 33
22 38
14 35
36 77
38 81
14 26
26 29
60 83
4 8
0 30
52 83
51 54
5 17
11 55
3 7
0 9
27 41
45 48
10 28
56 75
66 85
56 60
23 63
28 50
0 19
69 81
56 84
11 37
53 72
46 61
11 60
18 71
31 83
31 82
65 85
22 24
27 68
0 41
14 67
20 73
24 32
39 60
69 79
43 75
23 27
4 51
50 81
48 59
25 82
0 78
34 48
24 80
16 52
33 68
78 84
34 35
3 76
72 85
79 85
10 49
6 41
16 35
13 69
4 85
70 71
49 60
15 65
27 57
68 85
5 69
35 85
47 57
6 7
1 53
3 25
41 74
60 62
6 27
20 62
19 75
8 44
17 62
5 53
8 64
1 12
59 85
42 78
6 20
62 80
38 47
54 76
42 84
37 59
2 67
9 21
0 63
33 46
21 74
5 71
1 40
21 34
58 66
30 58
18 73
23 81
36 64
2 39
55 82
30 34
10 18
15 37
2 53
49 66
29 32
7 9
30 68
0 70
15 81
43 44
38 76
29 45
2 27
31 58
59 80
13 77
3 22
0 74
40 61
90 132 6
75 81
34 79
12 82
33 74
21 54
46 75
26 60
16 58
16 39
5 76
5 11
39 49
37 53
11 78
11 37
4 84
35 48
6 29
53 80
42 80
19 72
31 51
15 51
71 72
47 49
16 23
54 68
4 46
28 84
3 63
40 78
65 71
45 66
5 52
84 88
29 55
8 68
0 14
63 67
27 41
28 80
0 79
2 5
35 45
20 32
41 43
10 64
22 43
1 55
10 50
21 33
0 82
17 67
0 15
67 72
70 77
20 87
18 66
29 39
34 45
6 72
4 81
5 34
27 30
21 59
19 38
39 43
57 60
52 60
41 65
7 24
61 89
0 44
25 35
38 57
19 46
31 48
22 28
46 65
53 72
23 53
42 85
2 8
14 79
57 76
44 69
26 74
85 87
50 89
52 67
56 59
80 89
4 56
7 27
36 89
29 79
49 77
2 35
17 40
20 63
0 13
33 89
9 67
14 62
61 86
69 73
47 86
4 32
12 81
45 78
35 83
36 64
9 18
35 66
13 24
22 27
49 78
50 76
39 48
58 78
28 37
32 73
1 70
25 88
0 17
62 83
0 41
30 44
18 36
4 89
25 89
3 10
90 113 2
37 69
27 67
68 89
25 31
55 65
21 54
24 41
0 59
40 58
2 5
62 85
64 80
20 46
15 18
2 72
6 57
9 57
24 87
30 44
13 87
19 28
20 69
1 53
0 44
36 83
3 72
49 79
38 80
14 32
45 79
7 52
31 85
4 54
68 84
0 58
41 70
22 46
11 82
17 41
55 88
30 83
52 78
26 81
55 89
14 89
14 62
60 88
16 72
33 34
18 29
52 61
42 64
17 51
20 77
26 69
78 89
66 79
3 33
27 35
9 88
0 4
47 63
3 12
36 77
37 45
19 56
8 76
43 53
10 74
34 61
1 59
86 89
9 45
10 88
0 29
26 48
11 63
6 12
0 60
24 84
3 13
47 71
15 55
25 56
27 87
24 75
28 66
21 81
74 85
73 74
5 73
30 35
8 22
35 39
16 71
38 87
25 41
32 76
7 89
51 86
32 89
23 65
23 69
12 40
78 82
39 50
0 42
15 49
48 70
43 67
19 46
13 75
50 84
11 24 3
3 4
4 5
0 5
2 9
4 8
2 6
7 9
0 8
7 8
0 9
6 10
2 8
6 7
1 4
2 3
4 6
5 7
1 7
1 10
0 3
4 9
2 5
3 7
1 2
91 127 4
20 29
12 58
68 71
11 62
46 90
30 88
22 24
37 85
47 68
13 30
17 42
78 90
19 59
7 16
30 55
53 83
47 86
21 69
44 50
84 90
2 15
9 21
24 54
23 68
41 77
60 65
0 6
31 71
55 86
50 88
27 37
43 89
68 83
1 56
23 84
3 87
32 77
8 88
0 17
0 12
76 90
3 49
48 83
33 55
16 42
18 40
4 57
45 61
0 4
6 49
9 85
69 89
15 52
9 90
5 75
14 31
58 81
70 88
11 76
33 38
50 86
10 42
57 77
17 52
0 24
64 74
43 51
61 77
32 72
2 63
54 79
41 44
35 60
49 78
20 26
28 48
22 26
66 81
16 38
38 82
30 80
8 12
41 65
31 61
36 47
69 73
39 63
31 62
35 56
25 70
5 38
36 56
52 56
73 90
36 79
0 28
35 72
34 37
34 85
27 67
33 40
32 58
42 68
14 76
11 77
7 73
11 90
13 34
51 53
25 46
18 87
0 45
6 75
29 50
71 74
14 80
15 79
10 22
25 45
65 90
70 80
67 90
39 64
1 15
19 82
24 64
59 66
88 110 2
48 67
45 81
36 49
17 42
1 73
25 74
57 71
54 84
0 29
56 81
43 45
6 44
26 87
33 77
82 87
51 61
24 47
50 53
21 36
45 86
85 87
8 44
12 30
57 61
19 37
33 71
41 78
15 23
14 75
20 87
44 54
47 57
7 24
4 8
18 57
13 81
31 43
7 72
17 60
8 35
67 87
39 74
56 66
10 83
63 80
1 34
10 50
59 70
56 77
51 82
31 74
16 23
3 77
86 87
19 58
5 42
0 9
41 47
64 68
15 20
1 7
22 72
40 85
35 87
6 37
46 73
65 75
4 21
39 58
62 80
0 27
55 69
3 68
11 52
31 37
70 80
9 65
13 84
70 76
2 30
16 50
5 40
0 64
35 55
0 79
44 84
49 69
6 76
25 87
22 46
28 73
0 38
18 35
26 27
53 72
34 52
12 43
26 83
14 63
2 38
18 71
32 48
0 66
14 81
10 60
6 62
78 79
28 29
32 59
11 45
29 107 3
16 22
20 24
14 16
19 24
7 14
7 26
4 13
3 13
21 27
8 13
18 27
8 9
19 23
10 22
0 1
10 15
16 27
11 21
0 18
5 17
10 27
0 21
8 22
7 9
11 16
1 6
22 24
3 6
9 21
3 9
7 13
1 15
7 22
17 28
4 12
1 11
3 22
4 25
3 15
9 10
20 23
12 23
7 11
4 22
1 27
12 28
16 26
6 8
6 7
10 11
15 21
10 26
4 20
8 11
3 27
1 26
21 26
8 26
13 24
5 22
5 13
3 11
13 16
2 23
1 9
6 10
1 14
5 25
12 24
15 16
14 21
7 15
5 20
20 28
9 16
6 21
7 27
5 12
5 19
9 18
4 17
19 28
24 25
3 26
17 23
11 18
8 27
2 4
15 18
2 28
8 14
22 23
17 24
10 14
2 24
13 23
4 19
8 15
25 28
2 5
6 16
10 13
18 26
23 25
3 14
6 18
14 18
92 128 4
46 48
36 69
29 37
65 91
66 85
14 15
0 90
56 67
49 56
9 50
63 66
11 28
44 52
18 33
13 90
0 7
61 79
4 64
17 45
22 29
39 90
38 70
41 54
28 91
14 49
75 86
21 73
57 88
37 80
26 71
61 83
19 50
0 6
26 86
22 91
52 85
35 85
24 72
1 28
30 84
1 25
32 91
9 51
22 42
10 53
28 51
8 53
0 77
60 89
13 76
13 75
27 48
74 87
58 60
34 82
18 84
19 65
24 30
29 38
32 35
16 62
43 79
36 40
72 73
43 87
58 77
0 21
23 45
67 88
0 42
78 81
14 31
0 40
2 12
8 77
2 31
33 77
39 72
11 74
27 76
5 6
1 40
5 70
16 25
12 44
61 82
54 88
15 67
58 59
6 57
23 91
46 55
24 89
20 38
5 55
28 48
8 72
1 56
33 63
58 62
62 68
41 64
43 50
49 78
34 83
59 80
68 77
1 53
17 71
8 39
47 57
30 69
3 81
83 91
36 67
3 42
4 91
20 51
8 57
32 58
27 47
7 52
0 55
36 54
37 65
10 59
25 91
9 64
11 12 5
1 10
7 8
2 6
5 7
5 10
1 4
3 4
0 8
6 9
0 3
0 2
9 10
2 1 2
0 1
