106
27995 16 119
14733 17 119
131 36 299
46715 17 7
47829 17 150
562 283 22045
10754 16 133
8330 14 80
41553 16 119
21613 18 105
14956 16 79
8330 14 90
32621 14 3
11370 13 78
31414 15 79
44408 18 9
46715 19 120
20348 13 80
34544 19 185
967 31 32
673 234 6421
11829 13 3
36575 17 10
2401 15 11
31554 14 79
50000 400 80200
19473 11 66
29666 17 105
9911 11 56
49694 17 92
41241 16 4
37213 16 5
48253 14 91
41463 14 3
34544 17 7
36539 18 92
23006 13 2
18874 19 135
17317 13 78
39245 14 3
25853 17 92
27995 16 5
5509 16 8
36539 16 5
49376 14 3
2401 12 69
11679 13 78
14956 13 67
49026 19 106
21578 19 13
14733 16 79
18293 15 108
12479 13 67
20348 19 21
33693 17 92
29619 18 8
11829 11 66
12479 14 103
30314 14 79
17317 11 56
35738 17 105
44408 12 1
10754 17 91
49376 16 5
41553 14 2
41241 14 91
16847 15 4
21578 19 16
36575 14 104
39245 14 2
33693 14 93
31554 14 3
25853 13 3
25655 11 66
46658 14 91
1539 14 68
5509 13 56
25655 17 7
49694 16 92
35738 12 78
29666 14 2
607 8 22
4562 12 3
1539 9 1
23006 16 91
11679 14 4
30314 21 138
18874 19 13
18293 16 10
19473 13 2
47829 17 105
37213 12 1
31414 17 140
30006 18 8
21613 15 118
29619 17 92
11370 17 9
46658 14 79
48253 14 3
49026 20 13
41463 16 5
32621 14 93
9911 11 66
30006 16 107
16847 13 2
4562 16 118
