Case #1: 1
1 1 1
Case #2: 4
1 1 1
1 1 2
1 2 2
1 2 3
Case #3: 2
1 1 1
1 1 2
Case #4: 2
1 1 1
1 2 2
Case #5: 6
1 1 1
1 1 2
1 1 3
1 1 4
1 1 5
1 1 6
Case #6: 2
1 1 1
1 1 2
Case #7: 504
1 1 1
1 1 2
1 1 3
1 1 4
1 1 5
1 1 6
1 1 7
1 1 8
1 1 9
1 2 2
1 2 3
1 2 4
1 2 5
1 2 6
1 2 7
1 2 8
1 2 9
1 2 1
1 3 3
1 3 4
1 3 5
1 3 6
1 3 7
1 3 8
1 3 9
1 3 1
1 3 2
1 4 4
1 4 5
1 4 6
1 4 7
1 4 8
1 4 9
1 4 1
1 4 2
1 4 3
1 5 5
1 5 6
1 5 7
1 5 8
1 5 9
1 5 1
1 5 2
1 5 3
1 5 4
1 6 6
1 6 7
1 6 8
1 6 9
1 6 1
1 6 2
1 6 3
1 6 4
1 6 5
1 7 7
1 7 8
1 7 9
1 7 1
1 7 2
1 7 3
1 7 4
1 7 5
1 7 6
1 8 8
1 8 9
1 8 1
1 8 2
1 8 3
1 8 4
1 8 5
1 8 6
1 8 7
2 1 2
2 1 3
2 1 4
2 1 5
2 1 6
2 1 7
2 1 8
2 1 9
2 1 1
2 2 3
2 2 4
2 2 5
2 2 6
2 2 7
2 2 8
2 2 9
2 2 1
2 2 2
2 3 4
2 3 5
2 3 6
2 3 7
2 3 8
2 3 9
2 3 1
2 3 2
2 3 3
2 4 5
2 4 6
2 4 7
2 4 8
2 4 9
2 4 1
2 4 2
2 4 3
2 4 4
2 5 6
2 5 7
2 5 8
2 5 9
2 5 1
2 5 2
2 5 3
2 5 4
2 5 5
2 6 7
2 6 8
2 6 9
2 6 1
2 6 2
2 6 3
2 6 4
2 6 5
2 6 6
2 7 8
2 7 9
2 7 1
2 7 2
2 7 3
2 7 4
2 7 5
2 7 6
2 7 7
2 8 9
2 8 1
2 8 2
2 8 3
2 8 4
2 8 5
2 8 6
2 8 7
2 8 8
3 1 3
3 1 4
3 1 5
3 1 6
3 1 7
3 1 8
3 1 9
3 1 1
3 1 2
3 2 4
3 2 5
3 2 6
3 2 7
3 2 8
3 2 9
3 2 1
3 2 2
3 2 3
3 3 5
3 3 6
3 3 7
3 3 8
3 3 9
3 3 1
3 3 2
3 3 3
3 3 4
3 4 6
3 4 7
3 4 8
3 4 9
3 4 1
3 4 2
3 4 3
3 4 4
3 4 5
3 5 7
3 5 8
3 5 9
3 5 1
3 5 2
3 5 3
3 5 4
3 5 5
3 5 6
3 6 8
3 6 9
3 6 1
3 6 2
3 6 3
3 6 4
3 6 5
3 6 6
3 6 7
3 7 9
3 7 1
3 7 2
3 7 3
3 7 4
3 7 5
3 7 6
3 7 7
3 7 8
3 8 1
3 8 2
3 8 3
3 8 4
3 8 5
3 8 6
3 8 7
3 8 8
3 8 9
4 1 4
4 1 5
4 1 6
4 1 7
4 1 8
4 1 9
4 1 1
4 1 2
4 1 3
4 2 5
4 2 6
4 2 7
4 2 8
4 2 9
4 2 1
4 2 2
4 2 3
4 2 4
4 3 6
4 3 7
4 3 8
4 3 9
4 3 1
4 3 2
4 3 3
4 3 4
4 3 5
4 4 7
4 4 8
4 4 9
4 4 1
4 4 2
4 4 3
4 4 4
4 4 5
4 4 6
4 5 8
4 5 9
4 5 1
4 5 2
4 5 3
4 5 4
4 5 5
4 5 6
4 5 7
4 6 9
4 6 1
4 6 2
4 6 3
4 6 4
4 6 5
4 6 6
4 6 7
4 6 8
4 7 1
4 7 2
4 7 3
4 7 4
4 7 5
4 7 6
4 7 7
4 7 8
4 7 9
4 8 2
4 8 3
4 8 4
4 8 5
4 8 6
4 8 7
4 8 8
4 8 9
4 8 1
5 1 5
5 1 6
5 1 7
5 1 8
5 1 9
5 1 1
5 1 2
5 1 3
5 1 4
5 2 6
5 2 7
5 2 8
5 2 9
5 2 1
5 2 2
5 2 3
5 2 4
5 2 5
5 3 7
5 3 8
5 3 9
5 3 1
5 3 2
5 3 3
5 3 4
5 3 5
5 3 6
5 4 8
5 4 9
5 4 1
5 4 2
5 4 3
5 4 4
5 4 5
5 4 6
5 4 7
5 5 9
5 5 1
5 5 2
5 5 3
5 5 4
5 5 5
5 5 6
5 5 7
5 5 8
5 6 1
5 6 2
5 6 3
5 6 4
5 6 5
5 6 6
5 6 7
5 6 8
5 6 9
5 7 2
5 7 3
5 7 4
5 7 5
5 7 6
5 7 7
5 7 8
5 7 9
5 7 1
5 8 3
5 8 4
5 8 5
5 8 6
5 8 7
5 8 8
5 8 9
5 8 1
5 8 2
6 1 6
6 1 7
6 1 8
6 1 9
6 1 1
6 1 2
6 1 3
6 1 4
6 1 5
6 2 7
6 2 8
6 2 9
6 2 1
6 2 2
6 2 3
6 2 4
6 2 5
6 2 6
6 3 8
6 3 9
6 3 1
6 3 2
6 3 3
6 3 4
6 3 5
6 3 6
6 3 7
6 4 9
6 4 1
6 4 2
6 4 3
6 4 4
6 4 5
6 4 6
6 4 7
6 4 8
6 5 1
6 5 2
6 5 3
6 5 4
6 5 5
6 5 6
6 5 7
6 5 8
6 5 9
6 6 2
6 6 3
6 6 4
6 6 5
6 6 6
6 6 7
6 6 8
6 6 9
6 6 1
6 7 3
6 7 4
6 7 5
6 7 6
6 7 7
6 7 8
6 7 9
6 7 1
6 7 2
6 8 4
6 8 5
6 8 6
6 8 7
6 8 8
6 8 9
6 8 1
6 8 2
6 8 3
7 1 7
7 1 8
7 1 9
7 1 1
7 1 2
7 1 3
7 1 4
7 1 5
7 1 6
7 2 8
7 2 9
7 2 1
7 2 2
7 2 3
7 2 4
7 2 5
7 2 6
7 2 7
7 3 9
7 3 1
7 3 2
7 3 3
7 3 4
7 3 5
7 3 6
7 3 7
7 3 8
7 4 1
7 4 2
7 4 3
7 4 4
7 4 5
7 4 6
7 4 7
7 4 8
7 4 9
7 5 2
7 5 3
7 5 4
7 5 5
7 5 6
7 5 7
7 5 8
7 5 9
7 5 1
7 6 3
7 6 4
7 6 5
7 6 6
7 6 7
7 6 8
7 6 9
7 6 1
7 6 2
7 7 4
7 7 5
7 7 6
7 7 7
7 7 8
7 7 9
7 7 1
7 7 2
7 7 3
7 8 5
7 8 6
7 8 7
7 8 8
7 8 9
7 8 1
7 8 2
7 8 3
7 8 4
Case #8: 75
1 1 1
1 1 2
1 1 3
1 1 4
1 1 5
1 2 2
1 2 3
1 2 4
1 2 5
1 2 1
1 3 3
1 3 4
1 3 5
1 3 1
1 3 2
1 4 4
1 4 5
1 4 1
1 4 2
1 4 3
1 5 5
1 5 1
1 5 2
1 5 3
1 5 4
2 1 2
2 1 3
2 1 4
2 1 5
2 1 1
2 2 3
2 2 4
2 2 5
2 2 1
2 2 2
2 3 4
2 3 5
2 3 1
2 3 2
2 3 3
2 4 5
2 4 1
2 4 2
2 4 3
2 4 4
2 5 1
2 5 2
2 5 3
2 5 4
2 5 5
3 1 3
3 1 4
3 1 5
3 1 1
3 1 2
3 2 4
3 2 5
3 2 1
3 2 2
3 2 3
3 3 5
3 3 1
3 3 2
3 3 3
3 3 4
3 4 1
3 4 2
3 4 3
3 4 4
3 4 5
3 5 2
3 5 3
3 5 4
3 5 5
3 5 1
Case #9: 42
1 1 1
1 1 2
1 1 3
1 1 4
1 1 5
1 1 6
1 1 7
1 2 2
1 2 3
1 2 4
1 2 5
1 2 6
1 2 7
1 2 8
1 3 3
1 3 4
1 3 5
1 3 6
1 3 7
1 3 8
1 3 9
2 1 2
2 1 3
2 1 4
2 1 5
2 1 6
2 1 7
2 1 8
2 2 3
2 2 4
2 2 5
2 2 6
2 2 7
2 2 8
2 2 9
2 3 4
2 3 5
2 3 6
2 3 7
2 3 8
2 3 9
2 3 10
Case #10: 4
1 1 1
1 1 2
1 2 2
1 2 1
Case #11: 2
1 1 1
1 1 2
Case #12: 300
1 1 1
1 1 2
1 1 3
1 2 2
1 2 3
1 2 4
1 3 3
1 3 4
1 3 5
1 4 4
1 4 5
1 4 6
1 5 5
1 5 6
1 5 7
1 6 6
1 6 7
1 6 8
1 7 7
1 7 8
1 7 9
1 8 8
1 8 9
1 8 10
1 9 9
1 9 10
1 9 1
1 10 10
1 10 1
1 10 2
2 1 2
2 1 3
2 1 4
2 2 3
2 2 4
2 2 5
2 3 4
2 3 5
2 3 6
2 4 5
2 4 6
2 4 7
2 5 6
2 5 7
2 5 8
2 6 7
2 6 8
2 6 9
2 7 8
2 7 9
2 7 10
2 8 9
2 8 10
2 8 1
2 9 10
2 9 1
2 9 2
2 10 1
2 10 2
2 10 3
3 1 3
3 1 4
3 1 5
3 2 4
3 2 5
3 2 6
3 3 5
3 3 6
3 3 7
3 4 6
3 4 7
3 4 8
3 5 7
3 5 8
3 5 9
3 6 8
3 6 9
3 6 10
3 7 9
3 7 10
3 7 1
3 8 10
3 8 1
3 8 2
3 9 1
3 9 2
3 9 3
3 10 2
3 10 3
3 10 4
4 1 4
4 1 5
4 1 6
4 2 5
4 2 6
4 2 7
4 3 6
4 3 7
4 3 8
4 4 7
4 4 8
4 4 9
4 5 8
4 5 9
4 5 10
4 6 9
4 6 10
4 6 1
4 7 10
4 7 1
4 7 2
4 8 1
4 8 2
4 8 3
4 9 2
4 9 3
4 9 4
4 10 3
4 10 4
4 10 5
5 1 5
5 1 6
5 1 7
5 2 6
5 2 7
5 2 8
5 3 7
5 3 8
5 3 9
5 4 8
5 4 9
5 4 10
5 5 9
5 5 10
5 5 1
5 6 10
5 6 1
5 6 2
5 7 1
5 7 2
5 7 3
5 8 2
5 8 3
5 8 4
5 9 3
5 9 4
5 9 5
5 10 4
5 10 5
5 10 6
6 1 6
6 1 7
6 1 8
6 2 7
6 2 8
6 2 9
6 3 8
6 3 9
6 3 10
6 4 9
6 4 10
6 4 1
6 5 10
6 5 1
6 5 2
6 6 1
6 6 2
6 6 3
6 7 2
6 7 3
6 7 4
6 8 3
6 8 4
6 8 5
6 9 4
6 9 5
6 9 6
6 10 5
6 10 6
6 10 7
7 1 7
7 1 8
7 1 9
7 2 8
7 2 9
7 2 10
7 3 9
7 3 10
7 3 1
7 4 10
7 4 1
7 4 2
7 5 1
7 5 2
7 5 3
7 6 2
7 6 3
7 6 4
7 7 3
7 7 4
7 7 5
7 8 4
7 8 5
7 8 6
7 9 5
7 9 6
7 9 7
7 10 6
7 10 7
7 10 8
8 1 8
8 1 9
8 1 10
8 2 9
8 2 10
8 2 1
8 3 10
8 3 1
8 3 2
8 4 1
8 4 2
8 4 3
8 5 2
8 5 3
8 5 4
8 6 3
8 6 4
8 6 5
8 7 4
8 7 5
8 7 6
8 8 5
8 8 6
8 8 7
8 9 6
8 9 7
8 9 8
8 10 7
8 10 8
8 10 9
9 1 9
9 1 10
9 1 1
9 2 10
9 2 1
9 2 2
9 3 1
9 3 2
9 3 3
9 4 2
9 4 3
9 4 4
9 5 3
9 5 4
9 5 5
9 6 4
9 6 5
9 6 6
9 7 5
9 7 6
9 7 7
9 8 6
9 8 7
9 8 8
9 9 7
9 9 8
9 9 9
9 10 8
9 10 9
9 10 10
10 1 10
10 1 1
10 1 2
10 2 1
10 2 2
10 2 3
10 3 2
10 3 3
10 3 4
10 4 3
10 4 4
10 4 5
10 5 4
10 5 5
10 5 6
10 6 5
10 6 6
10 6 7
10 7 6
10 7 7
10 7 8
10 8 7
10 8 8
10 8 9
10 9 8
10 9 9
10 9 10
10 10 9
10 10 10
10 10 1
Case #13: 1
1 1 1
Case #14: 4
1 1 1
1 1 2
1 1 3
1 1 4
Case #15: 12
1 1 1
1 1 2
1 2 2
1 2 3
1 3 3
1 3 4
2 1 2
2 1 3
2 2 3
2 2 4
2 3 4
2 3 5
Case #16: 180
1 1 1
1 1 2
1 1 3
1 1 4
1 1 5
1 1 6
1 2 2
1 2 3
1 2 4
1 2 5
1 2 6
1 2 7
1 3 3
1 3 4
1 3 5
1 3 6
1 3 7
1 3 1
1 4 4
1 4 5
1 4 6
1 4 7
1 4 1
1 4 2
1 5 5
1 5 6
1 5 7
1 5 1
1 5 2
1 5 3
1 6 6
1 6 7
1 6 1
1 6 2
1 6 3
1 6 4
2 1 2
2 1 3
2 1 4
2 1 5
2 1 6
2 1 7
2 2 3
2 2 4
2 2 5
2 2 6
2 2 7
2 2 1
2 3 4
2 3 5
2 3 6
2 3 7
2 3 1
2 3 2
2 4 5
2 4 6
2 4 7
2 4 1
2 4 2
2 4 3
2 5 6
2 5 7
2 5 1
2 5 2
2 5 3
2 5 4
2 6 7
2 6 1
2 6 2
2 6 3
2 6 4
2 6 5
3 1 3
3 1 4
3 1 5
3 1 6
3 1 7
3 1 1
3 2 4
3 2 5
3 2 6
3 2 7
3 2 1
3 2 2
3 3 5
3 3 6
3 3 7
3 3 1
3 3 2
3 3 3
3 4 6
3 4 7
3 4 1
3 4 2
3 4 3
3 4 4
3 5 7
3 5 1
3 5 2
3 5 3
3 5 4
3 5 5
3 6 1
3 6 2
3 6 3
3 6 4
3 6 5
3 6 6
4 1 4
4 1 5
4 1 6
4 1 7
4 1 1
4 1 2
4 2 5
4 2 6
4 2 7
4 2 1
4 2 2
4 2 3
4 3 6
4 3 7
4 3 1
4 3 2
4 3 3
4 3 4
4 4 7
4 4 1
4 4 2
4 4 3
4 4 4
4 4 5
4 5 1
4 5 2
4 5 3
4 5 4
4 5 5
4 5 6
4 6 2
4 6 3
4 6 4
4 6 5
4 6 6
4 6 7
5 1 5
5 1 6
5 1 7
5 1 1
5 1 2
5 1 3
5 2 6
5 2 7
5 2 1
5 2 2
5 2 3
5 2 4
5 3 7
5 3 1
5 3 2
5 3 3
5 3 4
5 3 5
5 4 1
5 4 2
5 4 3
5 4 4
5 4 5
5 4 6
5 5 2
5 5 3
5 5 4
5 5 5
5 5 6
5 5 7
5 6 3
5 6 4
5 6 5
5 6 6
5 6 7
5 6 1
Case #17: 3
1 1 1
1 1 2
1 1 3
Case #18: 175
1 1 1
1 1 2
1 1 3
1 1 4
1 1 5
1 1 6
1 1 7
1 2 2
1 2 3
1 2 4
1 2 5
1 2 6
1 2 7
1 2 1
1 3 3
1 3 4
1 3 5
1 3 6
1 3 7
1 3 1
1 3 2
1 4 4
1 4 5
1 4 6
1 4 7
1 4 1
1 4 2
1 4 3
1 5 5
1 5 6
1 5 7
1 5 1
1 5 2
1 5 3
1 5 4
2 1 2
2 1 3
2 1 4
2 1 5
2 1 6
2 1 7
2 1 1
2 2 3
2 2 4
2 2 5
2 2 6
2 2 7
2 2 1
2 2 2
2 3 4
2 3 5
2 3 6
2 3 7
2 3 1
2 3 2
2 3 3
2 4 5
2 4 6
2 4 7
2 4 1
2 4 2
2 4 3
2 4 4
2 5 6
2 5 7
2 5 1
2 5 2
2 5 3
2 5 4
2 5 5
3 1 3
3 1 4
3 1 5
3 1 6
3 1 7
3 1 1
3 1 2
3 2 4
3 2 5
3 2 6
3 2 7
3 2 1
3 2 2
3 2 3
3 3 5
3 3 6
3 3 7
3 3 1
3 3 2
3 3 3
3 3 4
3 4 6
3 4 7
3 4 1
3 4 2
3 4 3
3 4 4
3 4 5
3 5 7
3 5 1
3 5 2
3 5 3
3 5 4
3 5 5
3 5 6
4 1 4
4 1 5
4 1 6
4 1 7
4 1 1
4 1 2
4 1 3
4 2 5
4 2 6
4 2 7
4 2 1
4 2 2
4 2 3
4 2 4
4 3 6
4 3 7
4 3 1
4 3 2
4 3 3
4 3 4
4 3 5
4 4 7
4 4 1
4 4 2
4 4 3
4 4 4
4 4 5
4 4 6
4 5 1
4 5 2
4 5 3
4 5 4
4 5 5
4 5 6
4 5 7
5 1 5
5 1 6
5 1 7
5 1 1
5 1 2
5 1 3
5 1 4
5 2 6
5 2 7
5 2 1
5 2 2
5 2 3
5 2 4
5 2 5
5 3 7
5 3 1
5 3 2
5 3 3
5 3 4
5 3 5
5 3 6
5 4 1
5 4 2
5 4 3
5 4 4
5 4 5
5 4 6
5 4 7
5 5 2
5 5 3
5 5 4
5 5 5
5 5 6
5 5 7
5 5 1
Case #19: 64
1 1 1
1 1 2
1 1 3
1 1 4
1 1 5
1 1 6
1 1 7
1 1 8
1 2 2
1 2 3
1 2 4
1 2 5
1 2 6
1 2 7
1 2 8
1 2 9
1 3 3
1 3 4
1 3 5
1 3 6
1 3 7
1 3 8
1 3 9
1 3 1
1 4 4
1 4 5
1 4 6
1 4 7
1 4 8
1 4 9
1 4 1
1 4 2
2 1 2
2 1 3
2 1 4
2 1 5
2 1 6
2 1 7
2 1 8
2 1 9
2 2 3
2 2 4
2 2 5
2 2 6
2 2 7
2 2 8
2 2 9
2 2 1
2 3 4
2 3 5
2 3 6
2 3 7
2 3 8
2 3 9
2 3 1
2 3 2
2 4 5
2 4 6
2 4 7
2 4 8
2 4 9
2 4 1
2 4 2
2 4 3
Case #20: 4
1 1 1
1 2 2
2 1 2
2 2 3
Case #21: 3
1 1 1
1 1 2
1 1 3
Case #22: 48
1 1 1
1 1 2
1 1 3
1 1 4
1 2 2
1 2 3
1 2 4
1 2 1
1 3 3
1 3 4
1 3 1
1 3 2
1 4 4
1 4 1
1 4 2
1 4 3
2 1 2
2 1 3
2 1 4
2 1 1
2 2 3
2 2 4
2 2 1
2 2 2
2 3 4
2 3 1
2 3 2
2 3 3
2 4 1
2 4 2
2 4 3
2 4 4
3 1 3
3 1 4
3 1 1
3 1 2
3 2 4
3 2 1
3 2 2
3 2 3
3 3 1
3 3 2
3 3 3
3 3 4
3 4 2
3 4 3
3 4 4
3 4 1
Case #23: 36
1 1 1
1 1 2
1 1 3
1 1 4
1 1 5
1 1 6
1 2 2
1 2 3
1 2 4
1 2 5
1 2 6
1 2 7
1 3 3
1 3 4
1 3 5
1 3 6
1 3 7
1 3 8
1 4 4
1 4 5
1 4 6
1 4 7
1 4 8
1 4 9
1 5 5
1 5 6
1 5 7
1 5 8
1 5 9
1 5 1
1 6 6
1 6 7
1 6 8
1 6 9
1 6 1
1 6 2
Case #24: 20
1 1 1
1 1 2
1 1 3
1 1 4
1 1 5
1 2 2
1 2 3
1 2 4
1 2 5
1 2 1
1 3 3
1 3 4
1 3 5
1 3 1
1 3 2
1 4 4
1 4 5
1 4 1
1 4 2
1 4 3
Case #25: 9
1 1 1
1 1 2
1 1 3
1 2 2
1 2 3
1 2 4
1 3 3
1 3 4
1 3 5
Case #26: 1
1 1 1
Case #27: 4
1 1 1
1 1 2
1 1 3
1 1 4
Case #28: 504
1 1 1
1 1 2
1 1 3
1 1 4
1 1 5
1 1 6
1 1 7
1 1 8
1 2 2
1 2 3
1 2 4
1 2 5
1 2 6
1 2 7
1 2 8
1 2 9
1 3 3
1 3 4
1 3 5
1 3 6
1 3 7
1 3 8
1 3 9
1 3 1
1 4 4
1 4 5
1 4 6
1 4 7
1 4 8
1 4 9
1 4 1
1 4 2
1 5 5
1 5 6
1 5 7
1 5 8
1 5 9
1 5 1
1 5 2
1 5 3
1 6 6
1 6 7
1 6 8
1 6 9
1 6 1
1 6 2
1 6 3
1 6 4
1 7 7
1 7 8
1 7 9
1 7 1
1 7 2
1 7 3
1 7 4
1 7 5
1 8 8
1 8 9
1 8 1
1 8 2
1 8 3
1 8 4
1 8 5
1 8 6
1 9 9
1 9 1
1 9 2
1 9 3
1 9 4
1 9 5
1 9 6
1 9 7
2 1 2
2 1 3
2 1 4
2 1 5
2 1 6
2 1 7
2 1 8
2 1 9
2 2 3
2 2 4
2 2 5
2 2 6
2 2 7
2 2 8
2 2 9
2 2 1
2 3 4
2 3 5
2 3 6
2 3 7
2 3 8
2 3 9
2 3 1
2 3 2
2 4 5
2 4 6
2 4 7
2 4 8
2 4 9
2 4 1
2 4 2
2 4 3
2 5 6
2 5 7
2 5 8
2 5 9
2 5 1
2 5 2
2 5 3
2 5 4
2 6 7
2 6 8
2 6 9
2 6 1
2 6 2
2 6 3
2 6 4
2 6 5
2 7 8
2 7 9
2 7 1
2 7 2
2 7 3
2 7 4
2 7 5
2 7 6
2 8 9
2 8 1
2 8 2
2 8 3
2 8 4
2 8 5
2 8 6
2 8 7
2 9 1
2 9 2
2 9 3
2 9 4
2 9 5
2 9 6
2 9 7
2 9 8
3 1 3
3 1 4
3 1 5
3 1 6
3 1 7
3 1 8
3 1 9
3 1 1
3 2 4
3 2 5
3 2 6
3 2 7
3 2 8
3 2 9
3 2 1
3 2 2
3 3 5
3 3 6
3 3 7
3 3 8
3 3 9
3 3 1
3 3 2
3 3 3
3 4 6
3 4 7
3 4 8
3 4 9
3 4 1
3 4 2
3 4 3
3 4 4
3 5 7
3 5 8
3 5 9
3 5 1
3 5 2
3 5 3
3 5 4
3 5 5
3 6 8
3 6 9
3 6 1
3 6 2
3 6 3
3 6 4
3 6 5
3 6 6
3 7 9
3 7 1
3 7 2
3 7 3
3 7 4
3 7 5
3 7 6
3 7 7
3 8 1
3 8 2
3 8 3
3 8 4
3 8 5
3 8 6
3 8 7
3 8 8
3 9 2
3 9 3
3 9 4
3 9 5
3 9 6
3 9 7
3 9 8
3 9 9
4 1 4
4 1 5
4 1 6
4 1 7
4 1 8
4 1 9
4 1 1
4 1 2
4 2 5
4 2 6
4 2 7
4 2 8
4 2 9
4 2 1
4 2 2
4 2 3
4 3 6
4 3 7
4 3 8
4 3 9
4 3 1
4 3 2
4 3 3
4 3 4
4 4 7
4 4 8
4 4 9
4 4 1
4 4 2
4 4 3
4 4 4
4 4 5
4 5 8
4 5 9
4 5 1
4 5 2
4 5 3
4 5 4
4 5 5
4 5 6
4 6 9
4 6 1
4 6 2
4 6 3
4 6 4
4 6 5
4 6 6
4 6 7
4 7 1
4 7 2
4 7 3
4 7 4
4 7 5
4 7 6
4 7 7
4 7 8
4 8 2
4 8 3
4 8 4
4 8 5
4 8 6
4 8 7
4 8 8
4 8 9
4 9 3
4 9 4
4 9 5
4 9 6
4 9 7
4 9 8
4 9 9
4 9 1
5 1 5
5 1 6
5 1 7
5 1 8
5 1 9
5 1 1
5 1 2
5 1 3
5 2 6
5 2 7
5 2 8
5 2 9
5 2 1
5 2 2
5 2 3
5 2 4
5 3 7
5 3 8
5 3 9
5 3 1
5 3 2
5 3 3
5 3 4
5 3 5
5 4 8
5 4 9
5 4 1
5 4 2
5 4 3
5 4 4
5 4 5
5 4 6
5 5 9
5 5 1
5 5 2
5 5 3
5 5 4
5 5 5
5 5 6
5 5 7
5 6 1
5 6 2
5 6 3
5 6 4
5 6 5
5 6 6
5 6 7
5 6 8
5 7 2
5 7 3
5 7 4
5 7 5
5 7 6
5 7 7
5 7 8
5 7 9
5 8 3
5 8 4
5 8 5
5 8 6
5 8 7
5 8 8
5 8 9
5 8 1
5 9 4
5 9 5
5 9 6
5 9 7
5 9 8
5 9 9
5 9 1
5 9 2
6 1 6
6 1 7
6 1 8
6 1 9
6 1 1
6 1 2
6 1 3
6 1 4
6 2 7
6 2 8
6 2 9
6 2 1
6 2 2
6 2 3
6 2 4
6 2 5
6 3 8
6 3 9
6 3 1
6 3 2
6 3 3
6 3 4
6 3 5
6 3 6
6 4 9
6 4 1
6 4 2
6 4 3
6 4 4
6 4 5
6 4 6
6 4 7
6 5 1
6 5 2
6 5 3
6 5 4
6 5 5
6 5 6
6 5 7
6 5 8
6 6 2
6 6 3
6 6 4
6 6 5
6 6 6
6 6 7
6 6 8
6 6 9
6 7 3
6 7 4
6 7 5
6 7 6
6 7 7
6 7 8
6 7 9
6 7 1
6 8 4
6 8 5
6 8 6
6 8 7
6 8 8
6 8 9
6 8 1
6 8 2
6 9 5
6 9 6
6 9 7
6 9 8
6 9 9
6 9 1
6 9 2
6 9 3
7 1 7
7 1 8
7 1 9
7 1 1
7 1 2
7 1 3
7 1 4
7 1 5
7 2 8
7 2 9
7 2 1
7 2 2
7 2 3
7 2 4
7 2 5
7 2 6
7 3 9
7 3 1
7 3 2
7 3 3
7 3 4
7 3 5
7 3 6
7 3 7
7 4 1
7 4 2
7 4 3
7 4 4
7 4 5
7 4 6
7 4 7
7 4 8
7 5 2
7 5 3
7 5 4
7 5 5
7 5 6
7 5 7
7 5 8
7 5 9
7 6 3
7 6 4
7 6 5
7 6 6
7 6 7
7 6 8
7 6 9
7 6 1
7 7 4
7 7 5
7 7 6
7 7 7
7 7 8
7 7 9
7 7 1
7 7 2
7 8 5
7 8 6
7 8 7
7 8 8
7 8 9
7 8 1
7 8 2
7 8 3
7 9 6
7 9 7
7 9 8
7 9 9
7 9 1
7 9 2
7 9 3
7 9 4
Case #29: 6
1 1 1
1 1 2
1 1 3
1 2 2
1 2 3
1 2 4
Case #30: 24
1 1 1
1 1 2
1 1 3
1 2 2
1 2 3
1 2 4
1 3 3
1 3 4
1 3 5
1 4 4
1 4 5
1 4 6
2 1 2
2 1 3
2 1 4
2 2 3
2 2 4
2 2 5
2 3 4
2 3 5
2 3 6
2 4 5
2 4 6
2 4 7
Case #31: 12
1 1 1
1 1 2
1 1 3
1 1 4
1 1 5
1 1 6
1 2 2
1 2 3
1 2 4
1 2 5
1 2 6
1 2 1
Case #32: 4
1 1 1
1 2 2
2 1 2
2 2 3
Case #33: 1
1 1 1
Case #34: 200
1 1 1
1 1 2
1 2 2
1 2 3
1 3 3
1 3 4
1 4 4
1 4 5
1 5 5
1 5 6
1 6 6
1 6 7
1 7 7
1 7 8
1 8 8
1 8 9
1 9 9
1 9 10
1 10 10
1 10 1
2 1 2
2 1 3
2 2 3
2 2 4
2 3 4
2 3 5
2 4 5
2 4 6
2 5 6
2 5 7
2 6 7
2 6 8
2 7 8
2 7 9
2 8 9
2 8 10
2 9 10
2 9 1
2 10 1
2 10 2
3 1 3
3 1 4
3 2 4
3 2 5
3 3 5
3 3 6
3 4 6
3 4 7
3 5 7
3 5 8
3 6 8
3 6 9
3 7 9
3 7 10
3 8 10
3 8 1
3 9 1
3 9 2
3 10 2
3 10 3
4 1 4
4 1 5
4 2 5
4 2 6
4 3 6
4 3 7
4 4 7
4 4 8
4 5 8
4 5 9
4 6 9
4 6 10
4 7 10
4 7 1
4 8 1
4 8 2
4 9 2
4 9 3
4 10 3
4 10 4
5 1 5
5 1 6
5 2 6
5 2 7
5 3 7
5 3 8
5 4 8
5 4 9
5 5 9
5 5 10
5 6 10
5 6 1
5 7 1
5 7 2
5 8 2
5 8 3
5 9 3
5 9 4
5 10 4
5 10 5
6 1 6
6 1 7
6 2 7
6 2 8
6 3 8
6 3 9
6 4 9
6 4 10
6 5 10
6 5 1
6 6 1
6 6 2
6 7 2
6 7 3
6 8 3
6 8 4
6 9 4
6 9 5
6 10 5
6 10 6
7 1 7
7 1 8
7 2 8
7 2 9
7 3 9
7 3 10
7 4 10
7 4 1
7 5 1
7 5 2
7 6 2
7 6 3
7 7 3
7 7 4
7 8 4
7 8 5
7 9 5
7 9 6
7 10 6
7 10 7
8 1 8
8 1 9
8 2 9
8 2 10
8 3 10
8 3 1
8 4 1
8 4 2
8 5 2
8 5 3
8 6 3
8 6 4
8 7 4
8 7 5
8 8 5
8 8 6
8 9 6
8 9 7
8 10 7
8 10 8
9 1 9
9 1 10
9 2 10
9 2 1
9 3 1
9 3 2
9 4 2
9 4 3
9 5 3
9 5 4
9 6 4
9 6 5
9 7 5
9 7 6
9 8 6
9 8 7
9 9 7
9 9 8
9 10 8
9 10 9
10 1 10
10 1 1
10 2 1
10 2 2
10 3 2
10 3 3
10 4 3
10 4 4
10 5 4
10 5 5
10 6 5
10 6 6
10 7 6
10 7 7
10 8 7
10 8 8
10 9 8
10 9 9
10 10 9
10 10 10
Case #35: 100
1 1 1
1 2 2
1 3 3
1 4 4
1 5 5
1 6 6
1 7 7
1 8 8
1 9 9
1 10 10
2 1 2
2 2 3
2 3 4
2 4 5
2 5 6
2 6 7
2 7 8
2 8 9
2 9 10
2 10 1
3 1 3
3 2 4
3 3 5
3 4 6
3 5 7
3 6 8
3 7 9
3 8 10
3 9 1
3 10 2
4 1 4
4 2 5
4 3 6
4 4 7
4 5 8
4 6 9
4 7 10
4 8 1
4 9 2
4 10 3
5 1 5
5 2 6
5 3 7
5 4 8
5 5 9
5 6 10
5 7 1
5 8 2
5 9 3
5 10 4
6 1 6
6 2 7
6 3 8
6 4 9
6 5 10
6 6 1
6 7 2
6 8 3
6 9 4
6 10 5
7 1 7
7 2 8
7 3 9
7 4 10
7 5 1
7 6 2
7 7 3
7 8 4
7 9 5
7 10 6
8 1 8
8 2 9
8 3 10
8 4 1
8 5 2
8 6 3
8 7 4
8 8 5
8 9 6
8 10 7
9 1 9
9 2 10
9 3 1
9 4 2
9 5 3
9 6 4
9 7 5
9 8 6
9 9 7
9 10 8
10 1 10
10 2 1
10 3 2
10 4 3
10 5 4
10 6 5
10 7 6
10 8 7
10 9 8
10 10 9
Case #36: 98
1 1 1
1 1 2
1 1 3
1 1 4
1 1 5
1 1 6
1 1 7
1 2 2
1 2 3
1 2 4
1 2 5
1 2 6
1 2 7
1 2 1
1 3 3
1 3 4
1 3 5
1 3 6
1 3 7
1 3 1
1 3 2
1 4 4
1 4 5
1 4 6
1 4 7
1 4 1
1 4 2
1 4 3
1 5 5
1 5 6
1 5 7
1 5 1
1 5 2
1 5 3
1 5 4
1 6 6
1 6 7
1 6 1
1 6 2
1 6 3
1 6 4
1 6 5
1 7 7
1 7 1
1 7 2
1 7 3
1 7 4
1 7 5
1 7 6
2 1 2
2 1 3
2 1 4
2 1 5
2 1 6
2 1 7
2 1 1
2 2 3
2 2 4
2 2 5
2 2 6
2 2 7
2 2 1
2 2 2
2 3 4
2 3 5
2 3 6
2 3 7
2 3 1
2 3 2
2 3 3
2 4 5
2 4 6
2 4 7
2 4 1
2 4 2
2 4 3
2 4 4
2 5 6
2 5 7
2 5 1
2 5 2
2 5 3
2 5 4
2 5 5
2 6 7
2 6 1
2 6 2
2 6 3
2 6 4
2 6 5
2 6 6
2 7 1
2 7 2
2 7 3
2 7 4
2 7 5
2 7 6
2 7 7
Case #37: 8
1 1 1
1 1 2
1 2 2
1 2 1
2 1 2
2 1 1
2 2 1
2 2 2
Case #38: 729
1 1 1
1 1 2
1 1 3
1 1 4
1 1 5
1 1 6
1 1 7
1 1 8
1 1 9
1 2 2
1 2 3
1 2 4
1 2 5
1 2 6
1 2 7
1 2 8
1 2 9
1 2 10
1 3 3
1 3 4
1 3 5
1 3 6
1 3 7
1 3 8
1 3 9
1 3 10
1 3 1
1 4 4
1 4 5
1 4 6
1 4 7
1 4 8
1 4 9
1 4 10
1 4 1
1 4 2
1 5 5
1 5 6
1 5 7
1 5 8
1 5 9
1 5 10
1 5 1
1 5 2
1 5 3
1 6 6
1 6 7
1 6 8
1 6 9
1 6 10
1 6 1
1 6 2
1 6 3
1 6 4
1 7 7
1 7 8
1 7 9
1 7 10
1 7 1
1 7 2
1 7 3
1 7 4
1 7 5
1 8 8
1 8 9
1 8 10
1 8 1
1 8 2
1 8 3
1 8 4
1 8 5
1 8 6
1 9 9
1 9 10
1 9 1
1 9 2
1 9 3
1 9 4
1 9 5
1 9 6
1 9 7
2 1 2
2 1 3
2 1 4
2 1 5
2 1 6
2 1 7
2 1 8
2 1 9
2 1 10
2 2 3
2 2 4
2 2 5
2 2 6
2 2 7
2 2 8
2 2 9
2 2 10
2 2 1
2 3 4
2 3 5
2 3 6
2 3 7
2 3 8
2 3 9
2 3 10
2 3 1
2 3 2
2 4 5
2 4 6
2 4 7
2 4 8
2 4 9
2 4 10
2 4 1
2 4 2
2 4 3
2 5 6
2 5 7
2 5 8
2 5 9
2 5 10
2 5 1
2 5 2
2 5 3
2 5 4
2 6 7
2 6 8
2 6 9
2 6 10
2 6 1
2 6 2
2 6 3
2 6 4
2 6 5
2 7 8
2 7 9
2 7 10
2 7 1
2 7 2
2 7 3
2 7 4
2 7 5
2 7 6
2 8 9
2 8 10
2 8 1
2 8 2
2 8 3
2 8 4
2 8 5
2 8 6
2 8 7
2 9 10
2 9 1
2 9 2
2 9 3
2 9 4
2 9 5
2 9 6
2 9 7
2 9 8
3 1 3
3 1 4
3 1 5
3 1 6
3 1 7
3 1 8
3 1 9
3 1 10
3 1 1
3 2 4
3 2 5
3 2 6
3 2 7
3 2 8
3 2 9
3 2 10
3 2 1
3 2 2
3 3 5
3 3 6
3 3 7
3 3 8
3 3 9
3 3 10
3 3 1
3 3 2
3 3 3
3 4 6
3 4 7
3 4 8
3 4 9
3 4 10
3 4 1
3 4 2
3 4 3
3 4 4
3 5 7
3 5 8
3 5 9
3 5 10
3 5 1
3 5 2
3 5 3
3 5 4
3 5 5
3 6 8
3 6 9
3 6 10
3 6 1
3 6 2
3 6 3
3 6 4
3 6 5
3 6 6
3 7 9
3 7 10
3 7 1
3 7 2
3 7 3
3 7 4
3 7 5
3 7 6
3 7 7
3 8 10
3 8 1
3 8 2
3 8 3
3 8 4
3 8 5
3 8 6
3 8 7
3 8 8
3 9 1
3 9 2
3 9 3
3 9 4
3 9 5
3 9 6
3 9 7
3 9 8
3 9 9
4 1 4
4 1 5
4 1 6
4 1 7
4 1 8
4 1 9
4 1 10
4 1 1
4 1 2
4 2 5
4 2 6
4 2 7
4 2 8
4 2 9
4 2 10
4 2 1
4 2 2
4 2 3
4 3 6
4 3 7
4 3 8
4 3 9
4 3 10
4 3 1
4 3 2
4 3 3
4 3 4
4 4 7
4 4 8
4 4 9
4 4 10
4 4 1
4 4 2
4 4 3
4 4 4
4 4 5
4 5 8
4 5 9
4 5 10
4 5 1
4 5 2
4 5 3
4 5 4
4 5 5
4 5 6
4 6 9
4 6 10
4 6 1
4 6 2
4 6 3
4 6 4
4 6 5
4 6 6
4 6 7
4 7 10
4 7 1
4 7 2
4 7 3
4 7 4
4 7 5
4 7 6
4 7 7
4 7 8
4 8 1
4 8 2
4 8 3
4 8 4
4 8 5
4 8 6
4 8 7
4 8 8
4 8 9
4 9 2
4 9 3
4 9 4
4 9 5
4 9 6
4 9 7
4 9 8
4 9 9
4 9 10
5 1 5
5 1 6
5 1 7
5 1 8
5 1 9
5 1 10
5 1 1
5 1 2
5 1 3
5 2 6
5 2 7
5 2 8
5 2 9
5 2 10
5 2 1
5 2 2
5 2 3
5 2 4
5 3 7
5 3 8
5 3 9
5 3 10
5 3 1
5 3 2
5 3 3
5 3 4
5 3 5
5 4 8
5 4 9
5 4 10
5 4 1
5 4 2
5 4 3
5 4 4
5 4 5
5 4 6
5 5 9
5 5 10
5 5 1
5 5 2
5 5 3
5 5 4
5 5 5
5 5 6
5 5 7
5 6 10
5 6 1
5 6 2
5 6 3
5 6 4
5 6 5
5 6 6
5 6 7
5 6 8
5 7 1
5 7 2
5 7 3
5 7 4
5 7 5
5 7 6
5 7 7
5 7 8
5 7 9
5 8 2
5 8 3
5 8 4
5 8 5
5 8 6
5 8 7
5 8 8
5 8 9
5 8 10
5 9 3
5 9 4
5 9 5
5 9 6
5 9 7
5 9 8
5 9 9
5 9 10
5 9 1
6 1 6
6 1 7
6 1 8
6 1 9
6 1 10
6 1 1
6 1 2
6 1 3
6 1 4
6 2 7
6 2 8
6 2 9
6 2 10
6 2 1
6 2 2
6 2 3
6 2 4
6 2 5
6 3 8
6 3 9
6 3 10
6 3 1
6 3 2
6 3 3
6 3 4
6 3 5
6 3 6
6 4 9
6 4 10
6 4 1
6 4 2
6 4 3
6 4 4
6 4 5
6 4 6
6 4 7
6 5 10
6 5 1
6 5 2
6 5 3
6 5 4
6 5 5
6 5 6
6 5 7
6 5 8
6 6 1
6 6 2
6 6 3
6 6 4
6 6 5
6 6 6
6 6 7
6 6 8
6 6 9
6 7 2
6 7 3
6 7 4
6 7 5
6 7 6
6 7 7
6 7 8
6 7 9
6 7 10
6 8 3
6 8 4
6 8 5
6 8 6
6 8 7
6 8 8
6 8 9
6 8 10
6 8 1
6 9 4
6 9 5
6 9 6
6 9 7
6 9 8
6 9 9
6 9 10
6 9 1
6 9 2
7 1 7
7 1 8
7 1 9
7 1 10
7 1 1
7 1 2
7 1 3
7 1 4
7 1 5
7 2 8
7 2 9
7 2 10
7 2 1
7 2 2
7 2 3
7 2 4
7 2 5
7 2 6
7 3 9
7 3 10
7 3 1
7 3 2
7 3 3
7 3 4
7 3 5
7 3 6
7 3 7
7 4 10
7 4 1
7 4 2
7 4 3
7 4 4
7 4 5
7 4 6
7 4 7
7 4 8
7 5 1
7 5 2
7 5 3
7 5 4
7 5 5
7 5 6
7 5 7
7 5 8
7 5 9
7 6 2
7 6 3
7 6 4
7 6 5
7 6 6
7 6 7
7 6 8
7 6 9
7 6 10
7 7 3
7 7 4
7 7 5
7 7 6
7 7 7
7 7 8
7 7 9
7 7 10
7 7 1
7 8 4
7 8 5
7 8 6
7 8 7
7 8 8
7 8 9
7 8 10
7 8 1
7 8 2
7 9 5
7 9 6
7 9 7
7 9 8
7 9 9
7 9 10
7 9 1
7 9 2
7 9 3
8 1 8
8 1 9
8 1 10
8 1 1
8 1 2
8 1 3
8 1 4
8 1 5
8 1 6
8 2 9
8 2 10
8 2 1
8 2 2
8 2 3
8 2 4
8 2 5
8 2 6
8 2 7
8 3 10
8 3 1
8 3 2
8 3 3
8 3 4
8 3 5
8 3 6
8 3 7
8 3 8
8 4 1
8 4 2
8 4 3
8 4 4
8 4 5
8 4 6
8 4 7
8 4 8
8 4 9
8 5 2
8 5 3
8 5 4
8 5 5
8 5 6
8 5 7
8 5 8
8 5 9
8 5 10
8 6 3
8 6 4
8 6 5
8 6 6
8 6 7
8 6 8
8 6 9
8 6 10
8 6 1
8 7 4
8 7 5
8 7 6
8 7 7
8 7 8
8 7 9
8 7 10
8 7 1
8 7 2
8 8 5
8 8 6
8 8 7
8 8 8
8 8 9
8 8 10
8 8 1
8 8 2
8 8 3
8 9 6
8 9 7
8 9 8
8 9 9
8 9 10
8 9 1
8 9 2
8 9 3
8 9 4
9 1 9
9 1 10
9 1 1
9 1 2
9 1 3
9 1 4
9 1 5
9 1 6
9 1 7
9 2 10
9 2 1
9 2 2
9 2 3
9 2 4
9 2 5
9 2 6
9 2 7
9 2 8
9 3 1
9 3 2
9 3 3
9 3 4
9 3 5
9 3 6
9 3 7
9 3 8
9 3 9
9 4 2
9 4 3
9 4 4
9 4 5
9 4 6
9 4 7
9 4 8
9 4 9
9 4 10
9 5 3
9 5 4
9 5 5
9 5 6
9 5 7
9 5 8
9 5 9
9 5 10
9 5 1
9 6 4
9 6 5
9 6 6
9 6 7
9 6 8
9 6 9
9 6 10
9 6 1
9 6 2
9 7 5
9 7 6
9 7 7
9 7 8
9 7 9
9 7 10
9 7 1
9 7 2
9 7 3
9 8 6
9 8 7
9 8 8
9 8 9
9 8 10
9 8 1
9 8 2
9 8 3
9 8 4
9 9 7
9 9 8
9 9 9
9 9 10
9 9 1
9 9 2
9 9 3
9 9 4
9 9 5
Case #39: 30
1 1 1
1 1 2
1 1 3
1 1 4
1 1 5
1 1 6
1 2 2
1 2 3
1 2 4
1 2 5
1 2 6
1 2 1
1 3 3
1 3 4
1 3 5
1 3 6
1 3 1
1 3 2
1 4 4
1 4 5
1 4 6
1 4 1
1 4 2
1 4 3
1 5 5
1 5 6
1 5 1
1 5 2
1 5 3
1 5 4
Case #40: 9
1 1 1
1 1 2
1 1 3
1 1 4
1 1 5
1 1 6
1 1 7
1 1 8
1 1 9
Case #41: 162
1 1 1
1 1 2
1 2 2
1 2 3
1 3 3
1 3 4
1 4 4
1 4 5
1 5 5
1 5 6
1 6 6
1 6 7
1 7 7
1 7 8
1 8 8
1 8 9
1 9 9
1 9 10
2 1 2
2 1 3
2 2 3
2 2 4
2 3 4
2 3 5
2 4 5
2 4 6
2 5 6
2 5 7
2 6 7
2 6 8
2 7 8
2 7 9
2 8 9
2 8 10
2 9 10
2 9 1
3 1 3
3 1 4
3 2 4
3 2 5
3 3 5
3 3 6
3 4 6
3 4 7
3 5 7
3 5 8
3 6 8
3 6 9
3 7 9
3 7 10
3 8 10
3 8 1
3 9 1
3 9 2
4 1 4
4 1 5
4 2 5
4 2 6
4 3 6
4 3 7
4 4 7
4 4 8
4 5 8
4 5 9
4 6 9
4 6 10
4 7 10
4 7 1
4 8 1
4 8 2
4 9 2
4 9 3
5 1 5
5 1 6
5 2 6
5 2 7
5 3 7
5 3 8
5 4 8
5 4 9
5 5 9
5 5 10
5 6 10
5 6 1
5 7 1
5 7 2
5 8 2
5 8 3
5 9 3
5 9 4
6 1 6
6 1 7
6 2 7
6 2 8
6 3 8
6 3 9
6 4 9
6 4 10
6 5 10
6 5 1
6 6 1
6 6 2
6 7 2
6 7 3
6 8 3
6 8 4
6 9 4
6 9 5
7 1 7
7 1 8
7 2 8
7 2 9
7 3 9
7 3 10
7 4 10
7 4 1
7 5 1
7 5 2
7 6 2
7 6 3
7 7 3
7 7 4
7 8 4
7 8 5
7 9 5
7 9 6
8 1 8
8 1 9
8 2 9
8 2 10
8 3 10
8 3 1
8 4 1
8 4 2
8 5 2
8 5 3
8 6 3
8 6 4
8 7 4
8 7 5
8 8 5
8 8 6
8 9 6
8 9 7
9 1 9
9 1 10
9 2 10
9 2 1
9 3 1
9 3 2
9 4 2
9 4 3
9 5 3
9 5 4
9 6 4
9 6 5
9 7 5
9 7 6
9 8 6
9 8 7
9 9 7
9 9 8
Case #42: 12
1 1 1
1 1 2
1 2 2
1 2 3
1 3 3
1 3 1
2 1 2
2 1 3
2 2 3
2 2 1
2 3 1
2 3 2
Case #43: 18
1 1 1
1 1 2
1 1 3
1 2 2
1 2 3
1 2 1
1 3 3
1 3 1
1 3 2
2 1 2
2 1 3
2 1 1
2 2 3
2 2 1
2 2 2
2 3 1
2 3 2
2 3 3
Case #44: 10
1 1 1
1 1 2
1 1 3
1 1 4
1 1 5
1 2 2
1 2 3
1 2 4
1 2 5
1 2 6
Case #45: 16
1 1 1
1 1 2
1 1 3
1 1 4
1 2 2
1 2 3
1 2 4
1 2 1
1 3 3
1 3 4
1 3 1
1 3 2
1 4 4
1 4 1
1 4 2
1 4 3
Case #46: 30
1 1 1
1 1 2
1 1 3
1 1 4
1 1 5
1 2 2
1 2 3
1 2 4
1 2 5
1 2 6
1 3 3
1 3 4
1 3 5
1 3 6
1 3 1
1 4 4
1 4 5
1 4 6
1 4 1
1 4 2
1 5 5
1 5 6
1 5 1
1 5 2
1 5 3
1 6 6
1 6 1
1 6 2
1 6 3
1 6 4
Case #47: 98
1 1 1
1 1 2
1 1 3
1 1 4
1 1 5
1 1 6
1 1 7
1 2 2
1 2 3
1 2 4
1 2 5
1 2 6
1 2 7
1 2 1
1 3 3
1 3 4
1 3 5
1 3 6
1 3 7
1 3 1
1 3 2
1 4 4
1 4 5
1 4 6
1 4 7
1 4 1
1 4 2
1 4 3
1 5 5
1 5 6
1 5 7
1 5 1
1 5 2
1 5 3
1 5 4
1 6 6
1 6 7
1 6 1
1 6 2
1 6 3
1 6 4
1 6 5
1 7 7
1 7 1
1 7 2
1 7 3
1 7 4
1 7 5
1 7 6
2 1 2
2 1 3
2 1 4
2 1 5
2 1 6
2 1 7
2 1 1
2 2 3
2 2 4
2 2 5
2 2 6
2 2 7
2 2 1
2 2 2
2 3 4
2 3 5
2 3 6
2 3 7
2 3 1
2 3 2
2 3 3
2 4 5
2 4 6
2 4 7
2 4 1
2 4 2
2 4 3
2 4 4
2 5 6
2 5 7
2 5 1
2 5 2
2 5 3
2 5 4
2 5 5
2 6 7
2 6 1
2 6 2
2 6 3
2 6 4
2 6 5
2 6 6
2 7 1
2 7 2
2 7 3
2 7 4
2 7 5
2 7 6
2 7 7
Case #48: 30
1 1 1
1 1 2
1 1 3
1 1 4
1 1 5
1 1 6
1 2 2
1 2 3
1 2 4
1 2 5
1 2 6
1 2 7
1 3 3
1 3 4
1 3 5
1 3 6
1 3 7
1 3 1
1 4 4
1 4 5
1 4 6
1 4 7
1 4 1
1 4 2
1 5 5
1 5 6
1 5 7
1 5 1
1 5 2
1 5 3
Case #49: 4
1 1 1
1 1 2
1 1 3
1 1 4
Case #50: 20
1 1 1
1 1 2
1 2 2
1 2 3
1 3 3
1 3 4
1 4 4
1 4 5
1 5 5
1 5 6
1 6 6
1 6 7
1 7 7
1 7 8
1 8 8
1 8 9
1 9 9
1 9 10
1 10 10
1 10 1
Case #51: 4
1 1 1
1 1 2
1 2 2
1 2 1
Case #52: 8
1 1 1
1 1 2
1 2 2
1 2 1
2 1 2
2 1 1
2 2 1
2 2 2
Case #53: 12
1 1 1
1 1 2
1 1 3
1 2 2
1 2 3
1 2 1
2 1 2
2 1 3
2 1 1
2 2 3
2 2 1
2 2 2
Case #54: 3
1 1 1
1 1 2
1 1 3
Case #55: 8
1 1 1
1 1 2
1 2 2
1 2 3
2 1 2
2 1 3
2 2 3
2 2 4
Case #56: 3
1 1 1
1 1 2
1 1 3
Case #57: 64
1 1 1
1 1 2
1 1 3
1 1 4
1 2 2
1 2 3
1 2 4
1 2 1
1 3 3
1 3 4
1 3 1
1 3 2
1 4 4
1 4 1
1 4 2
1 4 3
2 1 2
2 1 3
2 1 4
2 1 1
2 2 3
2 2 4
2 2 1
2 2 2
2 3 4
2 3 1
2 3 2
2 3 3
2 4 1
2 4 2
2 4 3
2 4 4
3 1 3
3 1 4
3 1 1
3 1 2
3 2 4
3 2 1
3 2 2
3 2 3
3 3 1
3 3 2
3 3 3
3 3 4
3 4 2
3 4 3
3 4 4
3 4 1
4 1 4
4 1 1
4 1 2
4 1 3
4 2 1
4 2 2
4 2 3
4 2 4
4 3 2
4 3 3
4 3 4
4 3 1
4 4 3
4 4 4
4 4 1
4 4 2
Case #58: 56
1 1 1
1 2 2
1 3 3
1 4 4
1 5 5
1 6 6
1 7 7
1 8 8
2 1 2
2 2 3
2 3 4
2 4 5
2 5 6
2 6 7
2 7 8
2 8 9
3 1 3
3 2 4
3 3 5
3 4 6
3 5 7
3 6 8
3 7 9
3 8 1
4 1 4
4 2 5
4 3 6
4 4 7
4 5 8
4 6 9
4 7 1
4 8 2
5 1 5
5 2 6
5 3 7
5 4 8
5 5 9
5 6 1
5 7 2
5 8 3
6 1 6
6 2 7
6 3 8
6 4 9
6 5 1
6 6 2
6 7 3
6 8 4
7 1 7
7 2 8
7 3 9
7 4 1
7 5 2
7 6 3
7 7 4
7 8 5
Case #59: 168
1 1 1
1 1 2
1 1 3
1 2 2
1 2 3
1 2 4
1 3 3
1 3 4
1 3 5
1 4 4
1 4 5
1 4 6
1 5 5
1 5 6
1 5 7
1 6 6
1 6 7
1 6 8
1 7 7
1 7 8
1 7 9
1 8 8
1 8 9
1 8 1
2 1 2
2 1 3
2 1 4
2 2 3
2 2 4
2 2 5
2 3 4
2 3 5
2 3 6
2 4 5
2 4 6
2 4 7
2 5 6
2 5 7
2 5 8
2 6 7
2 6 8
2 6 9
2 7 8
2 7 9
2 7 1
2 8 9
2 8 1
2 8 2
3 1 3
3 1 4
3 1 5
3 2 4
3 2 5
3 2 6
3 3 5
3 3 6
3 3 7
3 4 6
3 4 7
3 4 8
3 5 7
3 5 8
3 5 9
3 6 8
3 6 9
3 6 1
3 7 9
3 7 1
3 7 2
3 8 1
3 8 2
3 8 3
4 1 4
4 1 5
4 1 6
4 2 5
4 2 6
4 2 7
4 3 6
4 3 7
4 3 8
4 4 7
4 4 8
4 4 9
4 5 8
4 5 9
4 5 1
4 6 9
4 6 1
4 6 2
4 7 1
4 7 2
4 7 3
4 8 2
4 8 3
4 8 4
5 1 5
5 1 6
5 1 7
5 2 6
5 2 7
5 2 8
5 3 7
5 3 8
5 3 9
5 4 8
5 4 9
5 4 1
5 5 9
5 5 1
5 5 2
5 6 1
5 6 2
5 6 3
5 7 2
5 7 3
5 7 4
5 8 3
5 8 4
5 8 5
6 1 6
6 1 7
6 1 8
6 2 7
6 2 8
6 2 9
6 3 8
6 3 9
6 3 1
6 4 9
6 4 1
6 4 2
6 5 1
6 5 2
6 5 3
6 6 2
6 6 3
6 6 4
6 7 3
6 7 4
6 7 5
6 8 4
6 8 5
6 8 6
7 1 7
7 1 8
7 1 9
7 2 8
7 2 9
7 2 1
7 3 9
7 3 1
7 3 2
7 4 1
7 4 2
7 4 3
7 5 2
7 5 3
7 5 4
7 6 3
7 6 4
7 6 5
7 7 4
7 7 5
7 7 6
7 8 5
7 8 6
7 8 7
Case #60: 30
1 1 1
1 1 2
1 1 3
1 2 2
1 2 3
1 2 4
1 3 3
1 3 4
1 3 5
1 4 4
1 4 5
1 4 6
1 5 5
1 5 6
1 5 7
1 6 6
1 6 7
1 6 8
1 7 7
1 7 8
1 7 9
1 8 8
1 8 9
1 8 10
1 9 9
1 9 10
1 9 1
1 10 10
1 10 1
1 10 2
Case #61: 9
1 1 1
1 1 2
1 1 3
1 1 4
1 1 5
1 1 6
1 1 7
1 1 8
1 1 9
Case #62: 504
1 1 1
1 1 2
1 1 3
1 1 4
1 1 5
1 1 6
1 1 7
1 1 8
1 1 9
1 2 2
1 2 3
1 2 4
1 2 5
1 2 6
1 2 7
1 2 8
1 2 9
1 2 1
1 3 3
1 3 4
1 3 5
1 3 6
1 3 7
1 3 8
1 3 9
1 3 1
1 3 2
1 4 4
1 4 5
1 4 6
1 4 7
1 4 8
1 4 9
1 4 1
1 4 2
1 4 3
1 5 5
1 5 6
1 5 7
1 5 8
1 5 9
1 5 1
1 5 2
1 5 3
1 5 4
1 6 6
1 6 7
1 6 8
1 6 9
1 6 1
1 6 2
1 6 3
1 6 4
1 6 5
1 7 7
1 7 8
1 7 9
1 7 1
1 7 2
1 7 3
1 7 4
1 7 5
1 7 6
1 8 8
1 8 9
1 8 1
1 8 2
1 8 3
1 8 4
1 8 5
1 8 6
1 8 7
2 1 2
2 1 3
2 1 4
2 1 5
2 1 6
2 1 7
2 1 8
2 1 9
2 1 1
2 2 3
2 2 4
2 2 5
2 2 6
2 2 7
2 2 8
2 2 9
2 2 1
2 2 2
2 3 4
2 3 5
2 3 6
2 3 7
2 3 8
2 3 9
2 3 1
2 3 2
2 3 3
2 4 5
2 4 6
2 4 7
2 4 8
2 4 9
2 4 1
2 4 2
2 4 3
2 4 4
2 5 6
2 5 7
2 5 8
2 5 9
2 5 1
2 5 2
2 5 3
2 5 4
2 5 5
2 6 7
2 6 8
2 6 9
2 6 1
2 6 2
2 6 3
2 6 4
2 6 5
2 6 6
2 7 8
2 7 9
2 7 1
2 7 2
2 7 3
2 7 4
2 7 5
2 7 6
2 7 7
2 8 9
2 8 1
2 8 2
2 8 3
2 8 4
2 8 5
2 8 6
2 8 7
2 8 8
3 1 3
3 1 4
3 1 5
3 1 6
3 1 7
3 1 8
3 1 9
3 1 1
3 1 2
3 2 4
3 2 5
3 2 6
3 2 7
3 2 8
3 2 9
3 2 1
3 2 2
3 2 3
3 3 5
3 3 6
3 3 7
3 3 8
3 3 9
3 3 1
3 3 2
3 3 3
3 3 4
3 4 6
3 4 7
3 4 8
3 4 9
3 4 1
3 4 2
3 4 3
3 4 4
3 4 5
3 5 7
3 5 8
3 5 9
3 5 1
3 5 2
3 5 3
3 5 4
3 5 5
3 5 6
3 6 8
3 6 9
3 6 1
3 6 2
3 6 3
3 6 4
3 6 5
3 6 6
3 6 7
3 7 9
3 7 1
3 7 2
3 7 3
3 7 4
3 7 5
3 7 6
3 7 7
3 7 8
3 8 1
3 8 2
3 8 3
3 8 4
3 8 5
3 8 6
3 8 7
3 8 8
3 8 9
4 1 4
4 1 5
4 1 6
4 1 7
4 1 8
4 1 9
4 1 1
4 1 2
4 1 3
4 2 5
4 2 6
4 2 7
4 2 8
4 2 9
4 2 1
4 2 2
4 2 3
4 2 4
4 3 6
4 3 7
4 3 8
4 3 9
4 3 1
4 3 2
4 3 3
4 3 4
4 3 5
4 4 7
4 4 8
4 4 9
4 4 1
4 4 2
4 4 3
4 4 4
4 4 5
4 4 6
4 5 8
4 5 9
4 5 1
4 5 2
4 5 3
4 5 4
4 5 5
4 5 6
4 5 7
4 6 9
4 6 1
4 6 2
4 6 3
4 6 4
4 6 5
4 6 6
4 6 7
4 6 8
4 7 1
4 7 2
4 7 3
4 7 4
4 7 5
4 7 6
4 7 7
4 7 8
4 7 9
4 8 2
4 8 3
4 8 4
4 8 5
4 8 6
4 8 7
4 8 8
4 8 9
4 8 1
5 1 5
5 1 6
5 1 7
5 1 8
5 1 9
5 1 1
5 1 2
5 1 3
5 1 4
5 2 6
5 2 7
5 2 8
5 2 9
5 2 1
5 2 2
5 2 3
5 2 4
5 2 5
5 3 7
5 3 8
5 3 9
5 3 1
5 3 2
5 3 3
5 3 4
5 3 5
5 3 6
5 4 8
5 4 9
5 4 1
5 4 2
5 4 3
5 4 4
5 4 5
5 4 6
5 4 7
5 5 9
5 5 1
5 5 2
5 5 3
5 5 4
5 5 5
5 5 6
5 5 7
5 5 8
5 6 1
5 6 2
5 6 3
5 6 4
5 6 5
5 6 6
5 6 7
5 6 8
5 6 9
5 7 2
5 7 3
5 7 4
5 7 5
5 7 6
5 7 7
5 7 8
5 7 9
5 7 1
5 8 3
5 8 4
5 8 5
5 8 6
5 8 7
5 8 8
5 8 9
5 8 1
5 8 2
6 1 6
6 1 7
6 1 8
6 1 9
6 1 1
6 1 2
6 1 3
6 1 4
6 1 5
6 2 7
6 2 8
6 2 9
6 2 1
6 2 2
6 2 3
6 2 4
6 2 5
6 2 6
6 3 8
6 3 9
6 3 1
6 3 2
6 3 3
6 3 4
6 3 5
6 3 6
6 3 7
6 4 9
6 4 1
6 4 2
6 4 3
6 4 4
6 4 5
6 4 6
6 4 7
6 4 8
6 5 1
6 5 2
6 5 3
6 5 4
6 5 5
6 5 6
6 5 7
6 5 8
6 5 9
6 6 2
6 6 3
6 6 4
6 6 5
6 6 6
6 6 7
6 6 8
6 6 9
6 6 1
6 7 3
6 7 4
6 7 5
6 7 6
6 7 7
6 7 8
6 7 9
6 7 1
6 7 2
6 8 4
6 8 5
6 8 6
6 8 7
6 8 8
6 8 9
6 8 1
6 8 2
6 8 3
7 1 7
7 1 8
7 1 9
7 1 1
7 1 2
7 1 3
7 1 4
7 1 5
7 1 6
7 2 8
7 2 9
7 2 1
7 2 2
7 2 3
7 2 4
7 2 5
7 2 6
7 2 7
7 3 9
7 3 1
7 3 2
7 3 3
7 3 4
7 3 5
7 3 6
7 3 7
7 3 8
7 4 1
7 4 2
7 4 3
7 4 4
7 4 5
7 4 6
7 4 7
7 4 8
7 4 9
7 5 2
7 5 3
7 5 4
7 5 5
7 5 6
7 5 7
7 5 8
7 5 9
7 5 1
7 6 3
7 6 4
7 6 5
7 6 6
7 6 7
7 6 8
7 6 9
7 6 1
7 6 2
7 7 4
7 7 5
7 7 6
7 7 7
7 7 8
7 7 9
7 7 1
7 7 2
7 7 3
7 8 5
7 8 6
7 8 7
7 8 8
7 8 9
7 8 1
7 8 2
7 8 3
7 8 4
Case #63: 96
1 1 1
1 1 2
1 1 3
1 1 4
1 1 5
1 1 6
1 2 2
1 2 3
1 2 4
1 2 5
1 2 6
1 2 7
1 3 3
1 3 4
1 3 5
1 3 6
1 3 7
1 3 8
1 4 4
1 4 5
1 4 6
1 4 7
1 4 8
1 4 1
2 1 2
2 1 3
2 1 4
2 1 5
2 1 6
2 1 7
2 2 3
2 2 4
2 2 5
2 2 6
2 2 7
2 2 8
2 3 4
2 3 5
2 3 6
2 3 7
2 3 8
2 3 1
2 4 5
2 4 6
2 4 7
2 4 8
2 4 1
2 4 2
3 1 3
3 1 4
3 1 5
3 1 6
3 1 7
3 1 8
3 2 4
3 2 5
3 2 6
3 2 7
3 2 8
3 2 1
3 3 5
3 3 6
3 3 7
3 3 8
3 3 1
3 3 2
3 4 6
3 4 7
3 4 8
3 4 1
3 4 2
3 4 3
4 1 4
4 1 5
4 1 6
4 1 7
4 1 8
4 1 1
4 2 5
4 2 6
4 2 7
4 2 8
4 2 1
4 2 2
4 3 6
4 3 7
4 3 8
4 3 1
4 3 2
4 3 3
4 4 7
4 4 8
4 4 1
4 4 2
4 4 3
4 4 4
Case #64: 10
1 1 1
1 2 2
1 3 3
1 4 4
1 5 5
2 1 2
2 2 3
2 3 4
2 4 5
2 5 6
Case #65: 48
1 1 1
1 2 2
1 3 3
1 4 4
1 5 5
1 6 6
1 7 7
1 8 8
2 1 2
2 2 3
2 3 4
2 4 5
2 5 6
2 6 7
2 7 8
2 8 9
3 1 3
3 2 4
3 3 5
3 4 6
3 5 7
3 6 8
3 7 9
3 8 10
4 1 4
4 2 5
4 3 6
4 4 7
4 5 8
4 6 9
4 7 10
4 8 1
5 1 5
5 2 6
5 3 7
5 4 8
5 5 9
5 6 10
5 7 1
5 8 2
6 1 6
6 2 7
6 3 8
6 4 9
6 5 10
6 6 1
6 7 2
6 8 3
Case #66: 10
1 1 1
1 1 2
1 1 3
1 1 4
1 1 5
1 1 6
1 1 7
1 1 8
1 1 9
1 1 10
Case #67: 15
1 1 1
1 2 2
1 3 3
1 4 4
1 5 5
2 1 2
2 2 3
2 3 4
2 4 5
2 5 6
3 1 3
3 2 4
3 3 5
3 4 6
3 5 7
Case #68: 900
1 1 1
1 1 2
1 1 3
1 1 4
1 1 5
1 1 6
1 1 7
1 1 8
1 1 9
1 2 2
1 2 3
1 2 4
1 2 5
1 2 6
1 2 7
1 2 8
1 2 9
1 2 10
1 3 3
1 3 4
1 3 5
1 3 6
1 3 7
1 3 8
1 3 9
1 3 10
1 3 1
1 4 4
1 4 5
1 4 6
1 4 7
1 4 8
1 4 9
1 4 10
1 4 1
1 4 2
1 5 5
1 5 6
1 5 7
1 5 8
1 5 9
1 5 10
1 5 1
1 5 2
1 5 3
1 6 6
1 6 7
1 6 8
1 6 9
1 6 10
1 6 1
1 6 2
1 6 3
1 6 4
1 7 7
1 7 8
1 7 9
1 7 10
1 7 1
1 7 2
1 7 3
1 7 4
1 7 5
1 8 8
1 8 9
1 8 10
1 8 1
1 8 2
1 8 3
1 8 4
1 8 5
1 8 6
1 9 9
1 9 10
1 9 1
1 9 2
1 9 3
1 9 4
1 9 5
1 9 6
1 9 7
1 10 10
1 10 1
1 10 2
1 10 3
1 10 4
1 10 5
1 10 6
1 10 7
1 10 8
2 1 2
2 1 3
2 1 4
2 1 5
2 1 6
2 1 7
2 1 8
2 1 9
2 1 10
2 2 3
2 2 4
2 2 5
2 2 6
2 2 7
2 2 8
2 2 9
2 2 10
2 2 1
2 3 4
2 3 5
2 3 6
2 3 7
2 3 8
2 3 9
2 3 10
2 3 1
2 3 2
2 4 5
2 4 6
2 4 7
2 4 8
2 4 9
2 4 10
2 4 1
2 4 2
2 4 3
2 5 6
2 5 7
2 5 8
2 5 9
2 5 10
2 5 1
2 5 2
2 5 3
2 5 4
2 6 7
2 6 8
2 6 9
2 6 10
2 6 1
2 6 2
2 6 3
2 6 4
2 6 5
2 7 8
2 7 9
2 7 10
2 7 1
2 7 2
2 7 3
2 7 4
2 7 5
2 7 6
2 8 9
2 8 10
2 8 1
2 8 2
2 8 3
2 8 4
2 8 5
2 8 6
2 8 7
2 9 10
2 9 1
2 9 2
2 9 3
2 9 4
2 9 5
2 9 6
2 9 7
2 9 8
2 10 1
2 10 2
2 10 3
2 10 4
2 10 5
2 10 6
2 10 7
2 10 8
2 10 9
3 1 3
3 1 4
3 1 5
3 1 6
3 1 7
3 1 8
3 1 9
3 1 10
3 1 1
3 2 4
3 2 5
3 2 6
3 2 7
3 2 8
3 2 9
3 2 10
3 2 1
3 2 2
3 3 5
3 3 6
3 3 7
3 3 8
3 3 9
3 3 10
3 3 1
3 3 2
3 3 3
3 4 6
3 4 7
3 4 8
3 4 9
3 4 10
3 4 1
3 4 2
3 4 3
3 4 4
3 5 7
3 5 8
3 5 9
3 5 10
3 5 1
3 5 2
3 5 3
3 5 4
3 5 5
3 6 8
3 6 9
3 6 10
3 6 1
3 6 2
3 6 3
3 6 4
3 6 5
3 6 6
3 7 9
3 7 10
3 7 1
3 7 2
3 7 3
3 7 4
3 7 5
3 7 6
3 7 7
3 8 10
3 8 1
3 8 2
3 8 3
3 8 4
3 8 5
3 8 6
3 8 7
3 8 8
3 9 1
3 9 2
3 9 3
3 9 4
3 9 5
3 9 6
3 9 7
3 9 8
3 9 9
3 10 2
3 10 3
3 10 4
3 10 5
3 10 6
3 10 7
3 10 8
3 10 9
3 10 10
4 1 4
4 1 5
4 1 6
4 1 7
4 1 8
4 1 9
4 1 10
4 1 1
4 1 2
4 2 5
4 2 6
4 2 7
4 2 8
4 2 9
4 2 10
4 2 1
4 2 2
4 2 3
4 3 6
4 3 7
4 3 8
4 3 9
4 3 10
4 3 1
4 3 2
4 3 3
4 3 4
4 4 7
4 4 8
4 4 9
4 4 10
4 4 1
4 4 2
4 4 3
4 4 4
4 4 5
4 5 8
4 5 9
4 5 10
4 5 1
4 5 2
4 5 3
4 5 4
4 5 5
4 5 6
4 6 9
4 6 10
4 6 1
4 6 2
4 6 3
4 6 4
4 6 5
4 6 6
4 6 7
4 7 10
4 7 1
4 7 2
4 7 3
4 7 4
4 7 5
4 7 6
4 7 7
4 7 8
4 8 1
4 8 2
4 8 3
4 8 4
4 8 5
4 8 6
4 8 7
4 8 8
4 8 9
4 9 2
4 9 3
4 9 4
4 9 5
4 9 6
4 9 7
4 9 8
4 9 9
4 9 10
4 10 3
4 10 4
4 10 5
4 10 6
4 10 7
4 10 8
4 10 9
4 10 10
4 10 1
5 1 5
5 1 6
5 1 7
5 1 8
5 1 9
5 1 10
5 1 1
5 1 2
5 1 3
5 2 6
5 2 7
5 2 8
5 2 9
5 2 10
5 2 1
5 2 2
5 2 3
5 2 4
5 3 7
5 3 8
5 3 9
5 3 10
5 3 1
5 3 2
5 3 3
5 3 4
5 3 5
5 4 8
5 4 9
5 4 10
5 4 1
5 4 2
5 4 3
5 4 4
5 4 5
5 4 6
5 5 9
5 5 10
5 5 1
5 5 2
5 5 3
5 5 4
5 5 5
5 5 6
5 5 7
5 6 10
5 6 1
5 6 2
5 6 3
5 6 4
5 6 5
5 6 6
5 6 7
5 6 8
5 7 1
5 7 2
5 7 3
5 7 4
5 7 5
5 7 6
5 7 7
5 7 8
5 7 9
5 8 2
5 8 3
5 8 4
5 8 5
5 8 6
5 8 7
5 8 8
5 8 9
5 8 10
5 9 3
5 9 4
5 9 5
5 9 6
5 9 7
5 9 8
5 9 9
5 9 10
5 9 1
5 10 4
5 10 5
5 10 6
5 10 7
5 10 8
5 10 9
5 10 10
5 10 1
5 10 2
6 1 6
6 1 7
6 1 8
6 1 9
6 1 10
6 1 1
6 1 2
6 1 3
6 1 4
6 2 7
6 2 8
6 2 9
6 2 10
6 2 1
6 2 2
6 2 3
6 2 4
6 2 5
6 3 8
6 3 9
6 3 10
6 3 1
6 3 2
6 3 3
6 3 4
6 3 5
6 3 6
6 4 9
6 4 10
6 4 1
6 4 2
6 4 3
6 4 4
6 4 5
6 4 6
6 4 7
6 5 10
6 5 1
6 5 2
6 5 3
6 5 4
6 5 5
6 5 6
6 5 7
6 5 8
6 6 1
6 6 2
6 6 3
6 6 4
6 6 5
6 6 6
6 6 7
6 6 8
6 6 9
6 7 2
6 7 3
6 7 4
6 7 5
6 7 6
6 7 7
6 7 8
6 7 9
6 7 10
6 8 3
6 8 4
6 8 5
6 8 6
6 8 7
6 8 8
6 8 9
6 8 10
6 8 1
6 9 4
6 9 5
6 9 6
6 9 7
6 9 8
6 9 9
6 9 10
6 9 1
6 9 2
6 10 5
6 10 6
6 10 7
6 10 8
6 10 9
6 10 10
6 10 1
6 10 2
6 10 3
7 1 7
7 1 8
7 1 9
7 1 10
7 1 1
7 1 2
7 1 3
7 1 4
7 1 5
7 2 8
7 2 9
7 2 10
7 2 1
7 2 2
7 2 3
7 2 4
7 2 5
7 2 6
7 3 9
7 3 10
7 3 1
7 3 2
7 3 3
7 3 4
7 3 5
7 3 6
7 3 7
7 4 10
7 4 1
7 4 2
7 4 3
7 4 4
7 4 5
7 4 6
7 4 7
7 4 8
7 5 1
7 5 2
7 5 3
7 5 4
7 5 5
7 5 6
7 5 7
7 5 8
7 5 9
7 6 2
7 6 3
7 6 4
7 6 5
7 6 6
7 6 7
7 6 8
7 6 9
7 6 10
7 7 3
7 7 4
7 7 5
7 7 6
7 7 7
7 7 8
7 7 9
7 7 10
7 7 1
7 8 4
7 8 5
7 8 6
7 8 7
7 8 8
7 8 9
7 8 10
7 8 1
7 8 2
7 9 5
7 9 6
7 9 7
7 9 8
7 9 9
7 9 10
7 9 1
7 9 2
7 9 3
7 10 6
7 10 7
7 10 8
7 10 9
7 10 10
7 10 1
7 10 2
7 10 3
7 10 4
8 1 8
8 1 9
8 1 10
8 1 1
8 1 2
8 1 3
8 1 4
8 1 5
8 1 6
8 2 9
8 2 10
8 2 1
8 2 2
8 2 3
8 2 4
8 2 5
8 2 6
8 2 7
8 3 10
8 3 1
8 3 2
8 3 3
8 3 4
8 3 5
8 3 6
8 3 7
8 3 8
8 4 1
8 4 2
8 4 3
8 4 4
8 4 5
8 4 6
8 4 7
8 4 8
8 4 9
8 5 2
8 5 3
8 5 4
8 5 5
8 5 6
8 5 7
8 5 8
8 5 9
8 5 10
8 6 3
8 6 4
8 6 5
8 6 6
8 6 7
8 6 8
8 6 9
8 6 10
8 6 1
8 7 4
8 7 5
8 7 6
8 7 7
8 7 8
8 7 9
8 7 10
8 7 1
8 7 2
8 8 5
8 8 6
8 8 7
8 8 8
8 8 9
8 8 10
8 8 1
8 8 2
8 8 3
8 9 6
8 9 7
8 9 8
8 9 9
8 9 10
8 9 1
8 9 2
8 9 3
8 9 4
8 10 7
8 10 8
8 10 9
8 10 10
8 10 1
8 10 2
8 10 3
8 10 4
8 10 5
9 1 9
9 1 10
9 1 1
9 1 2
9 1 3
9 1 4
9 1 5
9 1 6
9 1 7
9 2 10
9 2 1
9 2 2
9 2 3
9 2 4
9 2 5
9 2 6
9 2 7
9 2 8
9 3 1
9 3 2
9 3 3
9 3 4
9 3 5
9 3 6
9 3 7
9 3 8
9 3 9
9 4 2
9 4 3
9 4 4
9 4 5
9 4 6
9 4 7
9 4 8
9 4 9
9 4 10
9 5 3
9 5 4
9 5 5
9 5 6
9 5 7
9 5 8
9 5 9
9 5 10
9 5 1
9 6 4
9 6 5
9 6 6
9 6 7
9 6 8
9 6 9
9 6 10
9 6 1
9 6 2
9 7 5
9 7 6
9 7 7
9 7 8
9 7 9
9 7 10
9 7 1
9 7 2
9 7 3
9 8 6
9 8 7
9 8 8
9 8 9
9 8 10
9 8 1
9 8 2
9 8 3
9 8 4
9 9 7
9 9 8
9 9 9
9 9 10
9 9 1
9 9 2
9 9 3
9 9 4
9 9 5
9 10 8
9 10 9
9 10 10
9 10 1
9 10 2
9 10 3
9 10 4
9 10 5
9 10 6
10 1 10
10 1 1
10 1 2
10 1 3
10 1 4
10 1 5
10 1 6
10 1 7
10 1 8
10 2 1
10 2 2
10 2 3
10 2 4
10 2 5
10 2 6
10 2 7
10 2 8
10 2 9
10 3 2
10 3 3
10 3 4
10 3 5
10 3 6
10 3 7
10 3 8
10 3 9
10 3 10
10 4 3
10 4 4
10 4 5
10 4 6
10 4 7
10 4 8
10 4 9
10 4 10
10 4 1
10 5 4
10 5 5
10 5 6
10 5 7
10 5 8
10 5 9
10 5 10
10 5 1
10 5 2
10 6 5
10 6 6
10 6 7
10 6 8
10 6 9
10 6 10
10 6 1
10 6 2
10 6 3
10 7 6
10 7 7
10 7 8
10 7 9
10 7 10
10 7 1
10 7 2
10 7 3
10 7 4
10 8 7
10 8 8
10 8 9
10 8 10
10 8 1
10 8 2
10 8 3
10 8 4
10 8 5
10 9 8
10 9 9
10 9 10
10 9 1
10 9 2
10 9 3
10 9 4
10 9 5
10 9 6
10 10 9
10 10 10
10 10 1
10 10 2
10 10 3
10 10 4
10 10 5
10 10 6
10 10 7
Case #69: 35
1 1 1
1 2 2
1 3 3
1 4 4
1 5 5
1 6 6
1 7 7
2 1 2
2 2 3
2 3 4
2 4 5
2 5 6
2 6 7
2 7 1
3 1 3
3 2 4
3 3 5
3 4 6
3 5 7
3 6 1
3 7 2
4 1 4
4 2 5
4 3 6
4 4 7
4 5 1
4 6 2
4 7 3
5 1 5
5 2 6
5 3 7
5 4 1
5 5 2
5 6 3
5 7 4
Case #70: 112
1 1 1
1 1 2
1 2 2
1 2 3
1 3 3
1 3 4
1 4 4
1 4 5
1 5 5
1 5 6
1 6 6
1 6 7
1 7 7
1 7 8
1 8 8
1 8 9
2 1 2
2 1 3
2 2 3
2 2 4
2 3 4
2 3 5
2 4 5
2 4 6
2 5 6
2 5 7
2 6 7
2 6 8
2 7 8
2 7 9
2 8 9
2 8 1
3 1 3
3 1 4
3 2 4
3 2 5
3 3 5
3 3 6
3 4 6
3 4 7
3 5 7
3 5 8
3 6 8
3 6 9
3 7 9
3 7 1
3 8 1
3 8 2
4 1 4
4 1 5
4 2 5
4 2 6
4 3 6
4 3 7
4 4 7
4 4 8
4 5 8
4 5 9
4 6 9
4 6 1
4 7 1
4 7 2
4 8 2
4 8 3
5 1 5
5 1 6
5 2 6
5 2 7
5 3 7
5 3 8
5 4 8
5 4 9
5 5 9
5 5 1
5 6 1
5 6 2
5 7 2
5 7 3
5 8 3
5 8 4
6 1 6
6 1 7
6 2 7
6 2 8
6 3 8
6 3 9
6 4 9
6 4 1
6 5 1
6 5 2
6 6 2
6 6 3
6 7 3
6 7 4
6 8 4
6 8 5
7 1 7
7 1 8
7 2 8
7 2 9
7 3 9
7 3 1
7 4 1
7 4 2
7 5 2
7 5 3
7 6 3
7 6 4
7 7 4
7 7 5
7 8 5
7 8 6
Case #71: 27
1 1 1
1 1 2
1 1 3
1 2 2
1 2 3
1 2 1
1 3 3
1 3 1
1 3 2
2 1 2
2 1 3
2 1 1
2 2 3
2 2 1
2 2 2
2 3 1
2 3 2
2 3 3
3 1 3
3 1 1
3 1 2
3 2 1
3 2 2
3 2 3
3 3 2
3 3 3
3 3 1
Case #72: 3
1 1 1
1 1 2
1 1 3
Case #73: 81
1 1 1
1 2 2
1 3 3
1 4 4
1 5 5
1 6 6
1 7 7
1 8 8
1 9 9
2 1 2
2 2 3
2 3 4
2 4 5
2 5 6
2 6 7
2 7 8
2 8 9
2 9 10
3 1 3
3 2 4
3 3 5
3 4 6
3 5 7
3 6 8
3 7 9
3 8 10
3 9 1
4 1 4
4 2 5
4 3 6
4 4 7
4 5 8
4 6 9
4 7 10
4 8 1
4 9 2
5 1 5
5 2 6
5 3 7
5 4 8
5 5 9
5 6 10
5 7 1
5 8 2
5 9 3
6 1 6
6 2 7
6 3 8
6 4 9
6 5 10
6 6 1
6 7 2
6 8 3
6 9 4
7 1 7
7 2 8
7 3 9
7 4 10
7 5 1
7 6 2
7 7 3
7 8 4
7 9 5
8 1 8
8 2 9
8 3 10
8 4 1
8 5 2
8 6 3
8 7 4
8 8 5
8 9 6
9 1 9
9 2 10
9 3 1
9 4 2
9 5 3
9 6 4
9 7 5
9 8 6
9 9 7
Case #74: 9
1 1 1
1 1 2
1 1 3
1 2 2
1 2 3
1 2 1
1 3 3
1 3 1
1 3 2
Case #75: 10
1 1 1
1 2 2
1 3 3
1 4 4
1 5 5
1 6 6
1 7 7
1 8 8
1 9 9
1 10 10
Case #76: 24
1 1 1
1 1 2
1 1 3
1 1 4
1 1 5
1 1 6
1 2 2
1 2 3
1 2 4
1 2 5
1 2 6
1 2 7
2 1 2
2 1 3
2 1 4
2 1 5
2 1 6
2 1 7
2 2 3
2 2 4
2 2 5
2 2 6
2 2 7
2 2 8
Case #77: 12
1 1 1
1 1 2
1 1 3
1 2 2
1 2 3
1 2 1
2 1 2
2 1 3
2 1 1
2 2 3
2 2 1
2 2 2
Case #78: 90
1 1 1
1 1 2
1 1 3
1 1 4
1 1 5
1 1 6
1 1 7
1 1 8
1 1 9
1 2 2
1 2 3
1 2 4
1 2 5
1 2 6
1 2 7
1 2 8
1 2 9
1 2 10
1 3 3
1 3 4
1 3 5
1 3 6
1 3 7
1 3 8
1 3 9
1 3 10
1 3 1
1 4 4
1 4 5
1 4 6
1 4 7
1 4 8
1 4 9
1 4 10
1 4 1
1 4 2
1 5 5
1 5 6
1 5 7
1 5 8
1 5 9
1 5 10
1 5 1
1 5 2
1 5 3
1 6 6
1 6 7
1 6 8
1 6 9
1 6 10
1 6 1
1 6 2
1 6 3
1 6 4
1 7 7
1 7 8
1 7 9
1 7 10
1 7 1
1 7 2
1 7 3
1 7 4
1 7 5
1 8 8
1 8 9
1 8 10
1 8 1
1 8 2
1 8 3
1 8 4
1 8 5
1 8 6
1 9 9
1 9 10
1 9 1
1 9 2
1 9 3
1 9 4
1 9 5
1 9 6
1 9 7
1 10 10
1 10 1
1 10 2
1 10 3
1 10 4
1 10 5
1 10 6
1 10 7
1 10 8
Case #79: 6
1 1 1
1 1 2
1 1 3
1 1 4
1 1 5
1 1 6
Case #80: 1000
1 1 1
1 1 2
1 1 3
1 1 4
1 1 5
1 1 6
1 1 7
1 1 8
1 1 9
1 1 10
1 2 2
1 2 3
1 2 4
1 2 5
1 2 6
1 2 7
1 2 8
1 2 9
1 2 10
1 2 1
1 3 3
1 3 4
1 3 5
1 3 6
1 3 7
1 3 8
1 3 9
1 3 10
1 3 1
1 3 2
1 4 4
1 4 5
1 4 6
1 4 7
1 4 8
1 4 9
1 4 10
1 4 1
1 4 2
1 4 3
1 5 5
1 5 6
1 5 7
1 5 8
1 5 9
1 5 10
1 5 1
1 5 2
1 5 3
1 5 4
1 6 6
1 6 7
1 6 8
1 6 9
1 6 10
1 6 1
1 6 2
1 6 3
1 6 4
1 6 5
1 7 7
1 7 8
1 7 9
1 7 10
1 7 1
1 7 2
1 7 3
1 7 4
1 7 5
1 7 6
1 8 8
1 8 9
1 8 10
1 8 1
1 8 2
1 8 3
1 8 4
1 8 5
1 8 6
1 8 7
1 9 9
1 9 10
1 9 1
1 9 2
1 9 3
1 9 4
1 9 5
1 9 6
1 9 7
1 9 8
1 10 10
1 10 1
1 10 2
1 10 3
1 10 4
1 10 5
1 10 6
1 10 7
1 10 8
1 10 9
2 1 2
2 1 3
2 1 4
2 1 5
2 1 6
2 1 7
2 1 8
2 1 9
2 1 10
2 1 1
2 2 3
2 2 4
2 2 5
2 2 6
2 2 7
2 2 8
2 2 9
2 2 10
2 2 1
2 2 2
2 3 4
2 3 5
2 3 6
2 3 7
2 3 8
2 3 9
2 3 10
2 3 1
2 3 2
2 3 3
2 4 5
2 4 6
2 4 7
2 4 8
2 4 9
2 4 10
2 4 1
2 4 2
2 4 3
2 4 4
2 5 6
2 5 7
2 5 8
2 5 9
2 5 10
2 5 1
2 5 2
2 5 3
2 5 4
2 5 5
2 6 7
2 6 8
2 6 9
2 6 10
2 6 1
2 6 2
2 6 3
2 6 4
2 6 5
2 6 6
2 7 8
2 7 9
2 7 10
2 7 1
2 7 2
2 7 3
2 7 4
2 7 5
2 7 6
2 7 7
2 8 9
2 8 10
2 8 1
2 8 2
2 8 3
2 8 4
2 8 5
2 8 6
2 8 7
2 8 8
2 9 10
2 9 1
2 9 2
2 9 3
2 9 4
2 9 5
2 9 6
2 9 7
2 9 8
2 9 9
2 10 1
2 10 2
2 10 3
2 10 4
2 10 5
2 10 6
2 10 7
2 10 8
2 10 9
2 10 10
3 1 3
3 1 4
3 1 5
3 1 6
3 1 7
3 1 8
3 1 9
3 1 10
3 1 1
3 1 2
3 2 4
3 2 5
3 2 6
3 2 7
3 2 8
3 2 9
3 2 10
3 2 1
3 2 2
3 2 3
3 3 5
3 3 6
3 3 7
3 3 8
3 3 9
3 3 10
3 3 1
3 3 2
3 3 3
3 3 4
3 4 6
3 4 7
3 4 8
3 4 9
3 4 10
3 4 1
3 4 2
3 4 3
3 4 4
3 4 5
3 5 7
3 5 8
3 5 9
3 5 10
3 5 1
3 5 2
3 5 3
3 5 4
3 5 5
3 5 6
3 6 8
3 6 9
3 6 10
3 6 1
3 6 2
3 6 3
3 6 4
3 6 5
3 6 6
3 6 7
3 7 9
3 7 10
3 7 1
3 7 2
3 7 3
3 7 4
3 7 5
3 7 6
3 7 7
3 7 8
3 8 10
3 8 1
3 8 2
3 8 3
3 8 4
3 8 5
3 8 6
3 8 7
3 8 8
3 8 9
3 9 1
3 9 2
3 9 3
3 9 4
3 9 5
3 9 6
3 9 7
3 9 8
3 9 9
3 9 10
3 10 2
3 10 3
3 10 4
3 10 5
3 10 6
3 10 7
3 10 8
3 10 9
3 10 10
3 10 1
4 1 4
4 1 5
4 1 6
4 1 7
4 1 8
4 1 9
4 1 10
4 1 1
4 1 2
4 1 3
4 2 5
4 2 6
4 2 7
4 2 8
4 2 9
4 2 10
4 2 1
4 2 2
4 2 3
4 2 4
4 3 6
4 3 7
4 3 8
4 3 9
4 3 10
4 3 1
4 3 2
4 3 3
4 3 4
4 3 5
4 4 7
4 4 8
4 4 9
4 4 10
4 4 1
4 4 2
4 4 3
4 4 4
4 4 5
4 4 6
4 5 8
4 5 9
4 5 10
4 5 1
4 5 2
4 5 3
4 5 4
4 5 5
4 5 6
4 5 7
4 6 9
4 6 10
4 6 1
4 6 2
4 6 3
4 6 4
4 6 5
4 6 6
4 6 7
4 6 8
4 7 10
4 7 1
4 7 2
4 7 3
4 7 4
4 7 5
4 7 6
4 7 7
4 7 8
4 7 9
4 8 1
4 8 2
4 8 3
4 8 4
4 8 5
4 8 6
4 8 7
4 8 8
4 8 9
4 8 10
4 9 2
4 9 3
4 9 4
4 9 5
4 9 6
4 9 7
4 9 8
4 9 9
4 9 10
4 9 1
4 10 3
4 10 4
4 10 5
4 10 6
4 10 7
4 10 8
4 10 9
4 10 10
4 10 1
4 10 2
5 1 5
5 1 6
5 1 7
5 1 8
5 1 9
5 1 10
5 1 1
5 1 2
5 1 3
5 1 4
5 2 6
5 2 7
5 2 8
5 2 9
5 2 10
5 2 1
5 2 2
5 2 3
5 2 4
5 2 5
5 3 7
5 3 8
5 3 9
5 3 10
5 3 1
5 3 2
5 3 3
5 3 4
5 3 5
5 3 6
5 4 8
5 4 9
5 4 10
5 4 1
5 4 2
5 4 3
5 4 4
5 4 5
5 4 6
5 4 7
5 5 9
5 5 10
5 5 1
5 5 2
5 5 3
5 5 4
5 5 5
5 5 6
5 5 7
5 5 8
5 6 10
5 6 1
5 6 2
5 6 3
5 6 4
5 6 5
5 6 6
5 6 7
5 6 8
5 6 9
5 7 1
5 7 2
5 7 3
5 7 4
5 7 5
5 7 6
5 7 7
5 7 8
5 7 9
5 7 10
5 8 2
5 8 3
5 8 4
5 8 5
5 8 6
5 8 7
5 8 8
5 8 9
5 8 10
5 8 1
5 9 3
5 9 4
5 9 5
5 9 6
5 9 7
5 9 8
5 9 9
5 9 10
5 9 1
5 9 2
5 10 4
5 10 5
5 10 6
5 10 7
5 10 8
5 10 9
5 10 10
5 10 1
5 10 2
5 10 3
6 1 6
6 1 7
6 1 8
6 1 9
6 1 10
6 1 1
6 1 2
6 1 3
6 1 4
6 1 5
6 2 7
6 2 8
6 2 9
6 2 10
6 2 1
6 2 2
6 2 3
6 2 4
6 2 5
6 2 6
6 3 8
6 3 9
6 3 10
6 3 1
6 3 2
6 3 3
6 3 4
6 3 5
6 3 6
6 3 7
6 4 9
6 4 10
6 4 1
6 4 2
6 4 3
6 4 4
6 4 5
6 4 6
6 4 7
6 4 8
6 5 10
6 5 1
6 5 2
6 5 3
6 5 4
6 5 5
6 5 6
6 5 7
6 5 8
6 5 9
6 6 1
6 6 2
6 6 3
6 6 4
6 6 5
6 6 6
6 6 7
6 6 8
6 6 9
6 6 10
6 7 2
6 7 3
6 7 4
6 7 5
6 7 6
6 7 7
6 7 8
6 7 9
6 7 10
6 7 1
6 8 3
6 8 4
6 8 5
6 8 6
6 8 7
6 8 8
6 8 9
6 8 10
6 8 1
6 8 2
6 9 4
6 9 5
6 9 6
6 9 7
6 9 8
6 9 9
6 9 10
6 9 1
6 9 2
6 9 3
6 10 5
6 10 6
6 10 7
6 10 8
6 10 9
6 10 10
6 10 1
6 10 2
6 10 3
6 10 4
7 1 7
7 1 8
7 1 9
7 1 10
7 1 1
7 1 2
7 1 3
7 1 4
7 1 5
7 1 6
7 2 8
7 2 9
7 2 10
7 2 1
7 2 2
7 2 3
7 2 4
7 2 5
7 2 6
7 2 7
7 3 9
7 3 10
7 3 1
7 3 2
7 3 3
7 3 4
7 3 5
7 3 6
7 3 7
7 3 8
7 4 10
7 4 1
7 4 2
7 4 3
7 4 4
7 4 5
7 4 6
7 4 7
7 4 8
7 4 9
7 5 1
7 5 2
7 5 3
7 5 4
7 5 5
7 5 6
7 5 7
7 5 8
7 5 9
7 5 10
7 6 2
7 6 3
7 6 4
7 6 5
7 6 6
7 6 7
7 6 8
7 6 9
7 6 10
7 6 1
7 7 3
7 7 4
7 7 5
7 7 6
7 7 7
7 7 8
7 7 9
7 7 10
7 7 1
7 7 2
7 8 4
7 8 5
7 8 6
7 8 7
7 8 8
7 8 9
7 8 10
7 8 1
7 8 2
7 8 3
7 9 5
7 9 6
7 9 7
7 9 8
7 9 9
7 9 10
7 9 1
7 9 2
7 9 3
7 9 4
7 10 6
7 10 7
7 10 8
7 10 9
7 10 10
7 10 1
7 10 2
7 10 3
7 10 4
7 10 5
8 1 8
8 1 9
8 1 10
8 1 1
8 1 2
8 1 3
8 1 4
8 1 5
8 1 6
8 1 7
8 2 9
8 2 10
8 2 1
8 2 2
8 2 3
8 2 4
8 2 5
8 2 6
8 2 7
8 2 8
8 3 10
8 3 1
8 3 2
8 3 3
8 3 4
8 3 5
8 3 6
8 3 7
8 3 8
8 3 9
8 4 1
8 4 2
8 4 3
8 4 4
8 4 5
8 4 6
8 4 7
8 4 8
8 4 9
8 4 10
8 5 2
8 5 3
8 5 4
8 5 5
8 5 6
8 5 7
8 5 8
8 5 9
8 5 10
8 5 1
8 6 3
8 6 4
8 6 5
8 6 6
8 6 7
8 6 8
8 6 9
8 6 10
8 6 1
8 6 2
8 7 4
8 7 5
8 7 6
8 7 7
8 7 8
8 7 9
8 7 10
8 7 1
8 7 2
8 7 3
8 8 5
8 8 6
8 8 7
8 8 8
8 8 9
8 8 10
8 8 1
8 8 2
8 8 3
8 8 4
8 9 6
8 9 7
8 9 8
8 9 9
8 9 10
8 9 1
8 9 2
8 9 3
8 9 4
8 9 5
8 10 7
8 10 8
8 10 9
8 10 10
8 10 1
8 10 2
8 10 3
8 10 4
8 10 5
8 10 6
9 1 9
9 1 10
9 1 1
9 1 2
9 1 3
9 1 4
9 1 5
9 1 6
9 1 7
9 1 8
9 2 10
9 2 1
9 2 2
9 2 3
9 2 4
9 2 5
9 2 6
9 2 7
9 2 8
9 2 9
9 3 1
9 3 2
9 3 3
9 3 4
9 3 5
9 3 6
9 3 7
9 3 8
9 3 9
9 3 10
9 4 2
9 4 3
9 4 4
9 4 5
9 4 6
9 4 7
9 4 8
9 4 9
9 4 10
9 4 1
9 5 3
9 5 4
9 5 5
9 5 6
9 5 7
9 5 8
9 5 9
9 5 10
9 5 1
9 5 2
9 6 4
9 6 5
9 6 6
9 6 7
9 6 8
9 6 9
9 6 10
9 6 1
9 6 2
9 6 3
9 7 5
9 7 6
9 7 7
9 7 8
9 7 9
9 7 10
9 7 1
9 7 2
9 7 3
9 7 4
9 8 6
9 8 7
9 8 8
9 8 9
9 8 10
9 8 1
9 8 2
9 8 3
9 8 4
9 8 5
9 9 7
9 9 8
9 9 9
9 9 10
9 9 1
9 9 2
9 9 3
9 9 4
9 9 5
9 9 6
9 10 8
9 10 9
9 10 10
9 10 1
9 10 2
9 10 3
9 10 4
9 10 5
9 10 6
9 10 7
10 1 10
10 1 1
10 1 2
10 1 3
10 1 4
10 1 5
10 1 6
10 1 7
10 1 8
10 1 9
10 2 1
10 2 2
10 2 3
10 2 4
10 2 5
10 2 6
10 2 7
10 2 8
10 2 9
10 2 10
10 3 2
10 3 3
10 3 4
10 3 5
10 3 6
10 3 7
10 3 8
10 3 9
10 3 10
10 3 1
10 4 3
10 4 4
10 4 5
10 4 6
10 4 7
10 4 8
10 4 9
10 4 10
10 4 1
10 4 2
10 5 4
10 5 5
10 5 6
10 5 7
10 5 8
10 5 9
10 5 10
10 5 1
10 5 2
10 5 3
10 6 5
10 6 6
10 6 7
10 6 8
10 6 9
10 6 10
10 6 1
10 6 2
10 6 3
10 6 4
10 7 6
10 7 7
10 7 8
10 7 9
10 7 10
10 7 1
10 7 2
10 7 3
10 7 4
10 7 5
10 8 7
10 8 8
10 8 9
10 8 10
10 8 1
10 8 2
10 8 3
10 8 4
10 8 5
10 8 6
10 9 8
10 9 9
10 9 10
10 9 1
10 9 2
10 9 3
10 9 4
10 9 5
10 9 6
10 9 7
10 10 9
10 10 10
10 10 1
10 10 2
10 10 3
10 10 4
10 10 5
10 10 6
10 10 7
10 10 8
Case #81: 8
1 1 1
1 1 2
1 2 2
1 2 1
2 1 2
2 1 1
2 2 1
2 2 2
Case #82: 100
1 1 1
1 1 2
1 1 3
1 1 4
1 1 5
1 1 6
1 1 7
1 1 8
1 1 9
1 1 10
1 2 2
1 2 3
1 2 4
1 2 5
1 2 6
1 2 7
1 2 8
1 2 9
1 2 10
1 2 1
1 3 3
1 3 4
1 3 5
1 3 6
1 3 7
1 3 8
1 3 9
1 3 10
1 3 1
1 3 2
1 4 4
1 4 5
1 4 6
1 4 7
1 4 8
1 4 9
1 4 10
1 4 1
1 4 2
1 4 3
1 5 5
1 5 6
1 5 7
1 5 8
1 5 9
1 5 10
1 5 1
1 5 2
1 5 3
1 5 4
1 6 6
1 6 7
1 6 8
1 6 9
1 6 10
1 6 1
1 6 2
1 6 3
1 6 4
1 6 5
1 7 7
1 7 8
1 7 9
1 7 10
1 7 1
1 7 2
1 7 3
1 7 4
1 7 5
1 7 6
1 8 8
1 8 9
1 8 10
1 8 1
1 8 2
1 8 3
1 8 4
1 8 5
1 8 6
1 8 7
1 9 9
1 9 10
1 9 1
1 9 2
1 9 3
1 9 4
1 9 5
1 9 6
1 9 7
1 9 8
1 10 10
1 10 1
1 10 2
1 10 3
1 10 4
1 10 5
1 10 6
1 10 7
1 10 8
1 10 9
Case #83: 18
1 1 1
1 1 2
1 1 3
1 2 2
1 2 3
1 2 1
1 3 3
1 3 1
1 3 2
2 1 2
2 1 3
2 1 1
2 2 3
2 2 1
2 2 2
2 3 1
2 3 2
2 3 3
Case #84: 7
1 1 1
1 2 2
1 3 3
1 4 4
1 5 5
1 6 6
1 7 7
Case #85: 810
1 1 1
1 1 2
1 1 3
1 1 4
1 1 5
1 1 6
1 1 7
1 1 8
1 1 9
1 1 10
1 2 2
1 2 3
1 2 4
1 2 5
1 2 6
1 2 7
1 2 8
1 2 9
1 2 10
1 2 1
1 3 3
1 3 4
1 3 5
1 3 6
1 3 7
1 3 8
1 3 9
1 3 10
1 3 1
1 3 2
1 4 4
1 4 5
1 4 6
1 4 7
1 4 8
1 4 9
1 4 10
1 4 1
1 4 2
1 4 3
1 5 5
1 5 6
1 5 7
1 5 8
1 5 9
1 5 10
1 5 1
1 5 2
1 5 3
1 5 4
1 6 6
1 6 7
1 6 8
1 6 9
1 6 10
1 6 1
1 6 2
1 6 3
1 6 4
1 6 5
1 7 7
1 7 8
1 7 9
1 7 10
1 7 1
1 7 2
1 7 3
1 7 4
1 7 5
1 7 6
1 8 8
1 8 9
1 8 10
1 8 1
1 8 2
1 8 3
1 8 4
1 8 5
1 8 6
1 8 7
1 9 9
1 9 10
1 9 1
1 9 2
1 9 3
1 9 4
1 9 5
1 9 6
1 9 7
1 9 8
2 1 2
2 1 3
2 1 4
2 1 5
2 1 6
2 1 7
2 1 8
2 1 9
2 1 10
2 1 1
2 2 3
2 2 4
2 2 5
2 2 6
2 2 7
2 2 8
2 2 9
2 2 10
2 2 1
2 2 2
2 3 4
2 3 5
2 3 6
2 3 7
2 3 8
2 3 9
2 3 10
2 3 1
2 3 2
2 3 3
2 4 5
2 4 6
2 4 7
2 4 8
2 4 9
2 4 10
2 4 1
2 4 2
2 4 3
2 4 4
2 5 6
2 5 7
2 5 8
2 5 9
2 5 10
2 5 1
2 5 2
2 5 3
2 5 4
2 5 5
2 6 7
2 6 8
2 6 9
2 6 10
2 6 1
2 6 2
2 6 3
2 6 4
2 6 5
2 6 6
2 7 8
2 7 9
2 7 10
2 7 1
2 7 2
2 7 3
2 7 4
2 7 5
2 7 6
2 7 7
2 8 9
2 8 10
2 8 1
2 8 2
2 8 3
2 8 4
2 8 5
2 8 6
2 8 7
2 8 8
2 9 10
2 9 1
2 9 2
2 9 3
2 9 4
2 9 5
2 9 6
2 9 7
2 9 8
2 9 9
3 1 3
3 1 4
3 1 5
3 1 6
3 1 7
3 1 8
3 1 9
3 1 10
3 1 1
3 1 2
3 2 4
3 2 5
3 2 6
3 2 7
3 2 8
3 2 9
3 2 10
3 2 1
3 2 2
3 2 3
3 3 5
3 3 6
3 3 7
3 3 8
3 3 9
3 3 10
3 3 1
3 3 2
3 3 3
3 3 4
3 4 6
3 4 7
3 4 8
3 4 9
3 4 10
3 4 1
3 4 2
3 4 3
3 4 4
3 4 5
3 5 7
3 5 8
3 5 9
3 5 10
3 5 1
3 5 2
3 5 3
3 5 4
3 5 5
3 5 6
3 6 8
3 6 9
3 6 10
3 6 1
3 6 2
3 6 3
3 6 4
3 6 5
3 6 6
3 6 7
3 7 9
3 7 10
3 7 1
3 7 2
3 7 3
3 7 4
3 7 5
3 7 6
3 7 7
3 7 8
3 8 10
3 8 1
3 8 2
3 8 3
3 8 4
3 8 5
3 8 6
3 8 7
3 8 8
3 8 9
3 9 1
3 9 2
3 9 3
3 9 4
3 9 5
3 9 6
3 9 7
3 9 8
3 9 9
3 9 10
4 1 4
4 1 5
4 1 6
4 1 7
4 1 8
4 1 9
4 1 10
4 1 1
4 1 2
4 1 3
4 2 5
4 2 6
4 2 7
4 2 8
4 2 9
4 2 10
4 2 1
4 2 2
4 2 3
4 2 4
4 3 6
4 3 7
4 3 8
4 3 9
4 3 10
4 3 1
4 3 2
4 3 3
4 3 4
4 3 5
4 4 7
4 4 8
4 4 9
4 4 10
4 4 1
4 4 2
4 4 3
4 4 4
4 4 5
4 4 6
4 5 8
4 5 9
4 5 10
4 5 1
4 5 2
4 5 3
4 5 4
4 5 5
4 5 6
4 5 7
4 6 9
4 6 10
4 6 1
4 6 2
4 6 3
4 6 4
4 6 5
4 6 6
4 6 7
4 6 8
4 7 10
4 7 1
4 7 2
4 7 3
4 7 4
4 7 5
4 7 6
4 7 7
4 7 8
4 7 9
4 8 1
4 8 2
4 8 3
4 8 4
4 8 5
4 8 6
4 8 7
4 8 8
4 8 9
4 8 10
4 9 2
4 9 3
4 9 4
4 9 5
4 9 6
4 9 7
4 9 8
4 9 9
4 9 10
4 9 1
5 1 5
5 1 6
5 1 7
5 1 8
5 1 9
5 1 10
5 1 1
5 1 2
5 1 3
5 1 4
5 2 6
5 2 7
5 2 8
5 2 9
5 2 10
5 2 1
5 2 2
5 2 3
5 2 4
5 2 5
5 3 7
5 3 8
5 3 9
5 3 10
5 3 1
5 3 2
5 3 3
5 3 4
5 3 5
5 3 6
5 4 8
5 4 9
5 4 10
5 4 1
5 4 2
5 4 3
5 4 4
5 4 5
5 4 6
5 4 7
5 5 9
5 5 10
5 5 1
5 5 2
5 5 3
5 5 4
5 5 5
5 5 6
5 5 7
5 5 8
5 6 10
5 6 1
5 6 2
5 6 3
5 6 4
5 6 5
5 6 6
5 6 7
5 6 8
5 6 9
5 7 1
5 7 2
5 7 3
5 7 4
5 7 5
5 7 6
5 7 7
5 7 8
5 7 9
5 7 10
5 8 2
5 8 3
5 8 4
5 8 5
5 8 6
5 8 7
5 8 8
5 8 9
5 8 10
5 8 1
5 9 3
5 9 4
5 9 5
5 9 6
5 9 7
5 9 8
5 9 9
5 9 10
5 9 1
5 9 2
6 1 6
6 1 7
6 1 8
6 1 9
6 1 10
6 1 1
6 1 2
6 1 3
6 1 4
6 1 5
6 2 7
6 2 8
6 2 9
6 2 10
6 2 1
6 2 2
6 2 3
6 2 4
6 2 5
6 2 6
6 3 8
6 3 9
6 3 10
6 3 1
6 3 2
6 3 3
6 3 4
6 3 5
6 3 6
6 3 7
6 4 9
6 4 10
6 4 1
6 4 2
6 4 3
6 4 4
6 4 5
6 4 6
6 4 7
6 4 8
6 5 10
6 5 1
6 5 2
6 5 3
6 5 4
6 5 5
6 5 6
6 5 7
6 5 8
6 5 9
6 6 1
6 6 2
6 6 3
6 6 4
6 6 5
6 6 6
6 6 7
6 6 8
6 6 9
6 6 10
6 7 2
6 7 3
6 7 4
6 7 5
6 7 6
6 7 7
6 7 8
6 7 9
6 7 10
6 7 1
6 8 3
6 8 4
6 8 5
6 8 6
6 8 7
6 8 8
6 8 9
6 8 10
6 8 1
6 8 2
6 9 4
6 9 5
6 9 6
6 9 7
6 9 8
6 9 9
6 9 10
6 9 1
6 9 2
6 9 3
7 1 7
7 1 8
7 1 9
7 1 10
7 1 1
7 1 2
7 1 3
7 1 4
7 1 5
7 1 6
7 2 8
7 2 9
7 2 10
7 2 1
7 2 2
7 2 3
7 2 4
7 2 5
7 2 6
7 2 7
7 3 9
7 3 10
7 3 1
7 3 2
7 3 3
7 3 4
7 3 5
7 3 6
7 3 7
7 3 8
7 4 10
7 4 1
7 4 2
7 4 3
7 4 4
7 4 5
7 4 6
7 4 7
7 4 8
7 4 9
7 5 1
7 5 2
7 5 3
7 5 4
7 5 5
7 5 6
7 5 7
7 5 8
7 5 9
7 5 10
7 6 2
7 6 3
7 6 4
7 6 5
7 6 6
7 6 7
7 6 8
7 6 9
7 6 10
7 6 1
7 7 3
7 7 4
7 7 5
7 7 6
7 7 7
7 7 8
7 7 9
7 7 10
7 7 1
7 7 2
7 8 4
7 8 5
7 8 6
7 8 7
7 8 8
7 8 9
7 8 10
7 8 1
7 8 2
7 8 3
7 9 5
7 9 6
7 9 7
7 9 8
7 9 9
7 9 10
7 9 1
7 9 2
7 9 3
7 9 4
8 1 8
8 1 9
8 1 10
8 1 1
8 1 2
8 1 3
8 1 4
8 1 5
8 1 6
8 1 7
8 2 9
8 2 10
8 2 1
8 2 2
8 2 3
8 2 4
8 2 5
8 2 6
8 2 7
8 2 8
8 3 10
8 3 1
8 3 2
8 3 3
8 3 4
8 3 5
8 3 6
8 3 7
8 3 8
8 3 9
8 4 1
8 4 2
8 4 3
8 4 4
8 4 5
8 4 6
8 4 7
8 4 8
8 4 9
8 4 10
8 5 2
8 5 3
8 5 4
8 5 5
8 5 6
8 5 7
8 5 8
8 5 9
8 5 10
8 5 1
8 6 3
8 6 4
8 6 5
8 6 6
8 6 7
8 6 8
8 6 9
8 6 10
8 6 1
8 6 2
8 7 4
8 7 5
8 7 6
8 7 7
8 7 8
8 7 9
8 7 10
8 7 1
8 7 2
8 7 3
8 8 5
8 8 6
8 8 7
8 8 8
8 8 9
8 8 10
8 8 1
8 8 2
8 8 3
8 8 4
8 9 6
8 9 7
8 9 8
8 9 9
8 9 10
8 9 1
8 9 2
8 9 3
8 9 4
8 9 5
9 1 9
9 1 10
9 1 1
9 1 2
9 1 3
9 1 4
9 1 5
9 1 6
9 1 7
9 1 8
9 2 10
9 2 1
9 2 2
9 2 3
9 2 4
9 2 5
9 2 6
9 2 7
9 2 8
9 2 9
9 3 1
9 3 2
9 3 3
9 3 4
9 3 5
9 3 6
9 3 7
9 3 8
9 3 9
9 3 10
9 4 2
9 4 3
9 4 4
9 4 5
9 4 6
9 4 7
9 4 8
9 4 9
9 4 10
9 4 1
9 5 3
9 5 4
9 5 5
9 5 6
9 5 7
9 5 8
9 5 9
9 5 10
9 5 1
9 5 2
9 6 4
9 6 5
9 6 6
9 6 7
9 6 8
9 6 9
9 6 10
9 6 1
9 6 2
9 6 3
9 7 5
9 7 6
9 7 7
9 7 8
9 7 9
9 7 10
9 7 1
9 7 2
9 7 3
9 7 4
9 8 6
9 8 7
9 8 8
9 8 9
9 8 10
9 8 1
9 8 2
9 8 3
9 8 4
9 8 5
9 9 7
9 9 8
9 9 9
9 9 10
9 9 1
9 9 2
9 9 3
9 9 4
9 9 5
9 9 6
Case #86: 2
1 1 1
1 1 2
Case #87: 60
1 1 1
1 1 2
1 2 2
1 2 3
1 3 3
1 3 4
1 4 4
1 4 5
1 5 5
1 5 6
1 6 6
1 6 1
2 1 2
2 1 3
2 2 3
2 2 4
2 3 4
2 3 5
2 4 5
2 4 6
2 5 6
2 5 1
2 6 1
2 6 2
3 1 3
3 1 4
3 2 4
3 2 5
3 3 5
3 3 6
3 4 6
3 4 1
3 5 1
3 5 2
3 6 2
3 6 3
4 1 4
4 1 5
4 2 5
4 2 6
4 3 6
4 3 1
4 4 1
4 4 2
4 5 2
4 5 3
4 6 3
4 6 4
5 1 5
5 1 6
5 2 6
5 2 1
5 3 1
5 3 2
5 4 2
5 4 3
5 5 3
5 5 4
5 6 4
5 6 5
Case #88: 18
1 1 1
1 1 2
1 1 3
1 2 2
1 2 3
1 2 1
1 3 3
1 3 1
1 3 2
2 1 2
2 1 3
2 1 1
2 2 3
2 2 1
2 2 2
2 3 1
2 3 2
2 3 3
Case #89: 40
1 1 1
1 1 2
1 1 3
1 1 4
1 1 5
1 1 6
1 1 7
1 1 8
1 1 9
1 1 10
1 2 2
1 2 3
1 2 4
1 2 5
1 2 6
1 2 7
1 2 8
1 2 9
1 2 10
1 2 1
2 1 2
2 1 3
2 1 4
2 1 5
2 1 6
2 1 7
2 1 8
2 1 9
2 1 10
2 1 1
2 2 3
2 2 4
2 2 5
2 2 6
2 2 7
2 2 8
2 2 9
2 2 10
2 2 1
2 2 2
Case #90: 162
1 1 1
1 1 2
1 1 3
1 2 2
1 2 3
1 2 4
1 3 3
1 3 4
1 3 5
1 4 4
1 4 5
1 4 6
1 5 5
1 5 6
1 5 7
1 6 6
1 6 7
1 6 8
1 7 7
1 7 8
1 7 9
1 8 8
1 8 9
1 8 1
1 9 9
1 9 1
1 9 2
2 1 2
2 1 3
2 1 4
2 2 3
2 2 4
2 2 5
2 3 4
2 3 5
2 3 6
2 4 5
2 4 6
2 4 7
2 5 6
2 5 7
2 5 8
2 6 7
2 6 8
2 6 9
2 7 8
2 7 9
2 7 1
2 8 9
2 8 1
2 8 2
2 9 1
2 9 2
2 9 3
3 1 3
3 1 4
3 1 5
3 2 4
3 2 5
3 2 6
3 3 5
3 3 6
3 3 7
3 4 6
3 4 7
3 4 8
3 5 7
3 5 8
3 5 9
3 6 8
3 6 9
3 6 1
3 7 9
3 7 1
3 7 2
3 8 1
3 8 2
3 8 3
3 9 2
3 9 3
3 9 4
4 1 4
4 1 5
4 1 6
4 2 5
4 2 6
4 2 7
4 3 6
4 3 7
4 3 8
4 4 7
4 4 8
4 4 9
4 5 8
4 5 9
4 5 1
4 6 9
4 6 1
4 6 2
4 7 1
4 7 2
4 7 3
4 8 2
4 8 3
4 8 4
4 9 3
4 9 4
4 9 5
5 1 5
5 1 6
5 1 7
5 2 6
5 2 7
5 2 8
5 3 7
5 3 8
5 3 9
5 4 8
5 4 9
5 4 1
5 5 9
5 5 1
5 5 2
5 6 1
5 6 2
5 6 3
5 7 2
5 7 3
5 7 4
5 8 3
5 8 4
5 8 5
5 9 4
5 9 5
5 9 6
6 1 6
6 1 7
6 1 8
6 2 7
6 2 8
6 2 9
6 3 8
6 3 9
6 3 1
6 4 9
6 4 1
6 4 2
6 5 1
6 5 2
6 5 3
6 6 2
6 6 3
6 6 4
6 7 3
6 7 4
6 7 5
6 8 4
6 8 5
6 8 6
6 9 5
6 9 6
6 9 7
Case #91: 4
1 1 1
1 2 2
2 1 2
2 2 1
Case #92: 4
1 1 1
1 1 2
1 2 2
1 2 3
Case #93: 3
1 1 1
1 1 2
1 1 3
Case #94: 100
1 1 1
1 1 2
1 1 3
1 1 4
1 1 5
1 2 2
1 2 3
1 2 4
1 2 5
1 2 6
1 3 3
1 3 4
1 3 5
1 3 6
1 3 7
1 4 4
1 4 5
1 4 6
1 4 7
1 4 8
1 5 5
1 5 6
1 5 7
1 5 8
1 5 1
2 1 2
2 1 3
2 1 4
2 1 5
2 1 6
2 2 3
2 2 4
2 2 5
2 2 6
2 2 7
2 3 4
2 3 5
2 3 6
2 3 7
2 3 8
2 4 5
2 4 6
2 4 7
2 4 8
2 4 1
2 5 6
2 5 7
2 5 8
2 5 1
2 5 2
3 1 3
3 1 4
3 1 5
3 1 6
3 1 7
3 2 4
3 2 5
3 2 6
3 2 7
3 2 8
3 3 5
3 3 6
3 3 7
3 3 8
3 3 1
3 4 6
3 4 7
3 4 8
3 4 1
3 4 2
3 5 7
3 5 8
3 5 1
3 5 2
3 5 3
4 1 4
4 1 5
4 1 6
4 1 7
4 1 8
4 2 5
4 2 6
4 2 7
4 2 8
4 2 1
4 3 6
4 3 7
4 3 8
4 3 1
4 3 2
4 4 7
4 4 8
4 4 1
4 4 2
4 4 3
4 5 8
4 5 1
4 5 2
4 5 3
4 5 4
Case #95: 2
1 1 1
1 1 2
Case #96: 40
1 1 1
1 1 2
1 1 3
1 1 4
1 1 5
1 1 6
1 1 7
1 1 8
1 2 2
1 2 3
1 2 4
1 2 5
1 2 6
1 2 7
1 2 8
1 2 1
1 3 3
1 3 4
1 3 5
1 3 6
1 3 7
1 3 8
1 3 1
1 3 2
1 4 4
1 4 5
1 4 6
1 4 7
1 4 8
1 4 1
1 4 2
1 4 3
1 5 5
1 5 6
1 5 7
1 5 8
1 5 1
1 5 2
1 5 3
1 5 4
Case #97: 243
1 1 1
1 1 2
1 1 3
1 2 2
1 2 3
1 2 4
1 3 3
1 3 4
1 3 5
1 4 4
1 4 5
1 4 6
1 5 5
1 5 6
1 5 7
1 6 6
1 6 7
1 6 8
1 7 7
1 7 8
1 7 9
1 8 8
1 8 9
1 8 10
1 9 9
1 9 10
1 9 1
2 1 2
2 1 3
2 1 4
2 2 3
2 2 4
2 2 5
2 3 4
2 3 5
2 3 6
2 4 5
2 4 6
2 4 7
2 5 6
2 5 7
2 5 8
2 6 7
2 6 8
2 6 9
2 7 8
2 7 9
2 7 10
2 8 9
2 8 10
2 8 1
2 9 10
2 9 1
2 9 2
3 1 3
3 1 4
3 1 5
3 2 4
3 2 5
3 2 6
3 3 5
3 3 6
3 3 7
3 4 6
3 4 7
3 4 8
3 5 7
3 5 8
3 5 9
3 6 8
3 6 9
3 6 10
3 7 9
3 7 10
3 7 1
3 8 10
3 8 1
3 8 2
3 9 1
3 9 2
3 9 3
4 1 4
4 1 5
4 1 6
4 2 5
4 2 6
4 2 7
4 3 6
4 3 7
4 3 8
4 4 7
4 4 8
4 4 9
4 5 8
4 5 9
4 5 10
4 6 9
4 6 10
4 6 1
4 7 10
4 7 1
4 7 2
4 8 1
4 8 2
4 8 3
4 9 2
4 9 3
4 9 4
5 1 5
5 1 6
5 1 7
5 2 6
5 2 7
5 2 8
5 3 7
5 3 8
5 3 9
5 4 8
5 4 9
5 4 10
5 5 9
5 5 10
5 5 1
5 6 10
5 6 1
5 6 2
5 7 1
5 7 2
5 7 3
5 8 2
5 8 3
5 8 4
5 9 3
5 9 4
5 9 5
6 1 6
6 1 7
6 1 8
6 2 7
6 2 8
6 2 9
6 3 8
6 3 9
6 3 10
6 4 9
6 4 10
6 4 1
6 5 10
6 5 1
6 5 2
6 6 1
6 6 2
6 6 3
6 7 2
6 7 3
6 7 4
6 8 3
6 8 4
6 8 5
6 9 4
6 9 5
6 9 6
7 1 7
7 1 8
7 1 9
7 2 8
7 2 9
7 2 10
7 3 9
7 3 10
7 3 1
7 4 10
7 4 1
7 4 2
7 5 1
7 5 2
7 5 3
7 6 2
7 6 3
7 6 4
7 7 3
7 7 4
7 7 5
7 8 4
7 8 5
7 8 6
7 9 5
7 9 6
7 9 7
8 1 8
8 1 9
8 1 10
8 2 9
8 2 10
8 2 1
8 3 10
8 3 1
8 3 2
8 4 1
8 4 2
8 4 3
8 5 2
8 5 3
8 5 4
8 6 3
8 6 4
8 6 5
8 7 4
8 7 5
8 7 6
8 8 5
8 8 6
8 8 7
8 9 6
8 9 7
8 9 8
9 1 9
9 1 10
9 1 1
9 2 10
9 2 1
9 2 2
9 3 1
9 3 2
9 3 3
9 4 2
9 4 3
9 4 4
9 5 3
9 5 4
9 5 5
9 6 4
9 6 5
9 6 6
9 7 5
9 7 6
9 7 7
9 8 6
9 8 7
9 8 8
9 9 7
9 9 8
9 9 9
Case #98: 64
1 1 1
1 1 2
1 1 3
1 1 4
1 1 5
1 1 6
1 1 7
1 1 8
1 2 2
1 2 3
1 2 4
1 2 5
1 2 6
1 2 7
1 2 8
1 2 9
1 3 3
1 3 4
1 3 5
1 3 6
1 3 7
1 3 8
1 3 9
1 3 10
1 4 4
1 4 5
1 4 6
1 4 7
1 4 8
1 4 9
1 4 10
1 4 1
2 1 2
2 1 3
2 1 4
2 1 5
2 1 6
2 1 7
2 1 8
2 1 9
2 2 3
2 2 4
2 2 5
2 2 6
2 2 7
2 2 8
2 2 9
2 2 10
2 3 4
2 3 5
2 3 6
2 3 7
2 3 8
2 3 9
2 3 10
2 3 1
2 4 5
2 4 6
2 4 7
2 4 8
2 4 9
2 4 10
2 4 1
2 4 2
Case #99: 6
1 1 1
1 2 2
1 3 3
2 1 2
2 2 3
2 3 1
Case #100: 24
1 1 1
1 1 2
1 1 3
1 1 4
1 2 2
1 2 3
1 2 4
1 2 1
1 3 3
1 3 4
1 3 1
1 3 2
2 1 2
2 1 3
2 1 4
2 1 1
2 2 3
2 2 4
2 2 1
2 2 2
2 3 4
2 3 1
2 3 2
2 3 3
