100
1 1 1 10
1 2 3 2
1 1 3 2
1 2 3 1
1 1 6 9
1 1 2 3
7 8 9 9
3 5 5 10
2 3 10 7
1 2 2 5
1 1 10 2
10 10 10 3
1 1 10 1
1 1 7 4
2 3 6 2
5 6 7 6
1 1 3 4
5 5 7 9
2 4 9 8
2 2 9 1
1 1 10 3
3 4 4 10
1 6 9 6
1 4 5 10
1 3 10 3
1 1 1 6
1 1 4 4
7 9 9 8
1 2 6 3
2 4 10 3
1 2 6 10
2 2 6 1
1 1 1 2
10 10 10 2
10 10 10 1
2 7 7 8
2 2 2 4
9 9 10 9
1 5 6 8
1 1 9 9
9 9 10 2
2 3 3 2
2 3 3 9
1 2 6 5
1 4 4 9
1 6 6 5
2 7 7 10
1 5 7 6
1 1 4 7
1 10 10 2
1 2 2 7
2 2 2 10
2 2 3 5
1 1 3 3
2 2 5 2
1 1 3 10
4 4 4 6
7 8 9 1
7 8 9 3
1 10 10 3
1 1 10 9
7 8 9 10
4 4 8 6
2 5 8 1
6 8 10 1
1 1 10 10
3 5 8 1
10 10 10 9
5 7 7 1
7 8 9 2
3 3 3 4
1 1 3 7
9 9 10 1
1 3 3 4
1 10 10 1
2 2 10 6
2 2 3 4
1 10 10 9
1 1 8 6
10 10 10 10
2 2 2 3
1 10 10 10
2 3 3 3
1 7 8 1
9 9 10 10
1 1 5 2
5 6 6 2
2 3 3 10
2 2 10 10
6 9 9 3
2 2 2 1
1 2 5 2
1 1 9 3
4 5 8 5
1 1 2 8
1 5 8 9
9 9 10 3
2 4 10 8
2 3 3 1
2 3 4 8
