100
999995686951
999997351051
999999543527
999998737800
571505158351
58200923043
999999292501
1000000000000
999993745508
20886192617
902951290521
186390337371
999992913460
890694928075
999994300205
999994300206
999999847200
96953090329
999999923600
999993468158
999996241650
999998183101
627820371986
107400167069
999999004719
999996519001
999997073700
999997628401
999999015151
999995964300
999999156746
999996241651
577798796873
999997628400
999997905751
742844129899
982585460929
599058559260
889187608749
999999569850
826579223906
999993468159
999997905750
323508494251
891740629419
208407191674
999999569851
999996796350
999995132252
999998460451
999995409602
999999526501
112986043129
104970997663
379695541552
999993190810
999997351050
999993190809
999993745507
999996519000
999999015150
32412923
999996796351
136882220336
999997073701
999999424613
999994577555
999998737801
999995686950
999999292500
999995132253
999998183100
187099637819
999994854904
580328691781
412167055911
29568348467
999999148638
999994022856
999995964301
418255504103
500000000000
999999847201
999999412139
121060954741
220364704706
999994022857
670918304034
999994577554
36259204974
1
232948340
999999278432
999995409601
602955078895
999999671306
999992913461
999994854903
999998460450
999999844966
