100
2 1 1
9547
30116
2 1 2
29815
50515
2 31 1
11453 46237 25758 47970 22921 28411 33218 52431 7207 34925 7951 5253 48282 29881 17264 3139 43177 42435 13402 21978 15054 20278 54979 50333 13361 11696 9230 12360 58515 22742 24253
41047 26850 54714 13818 26416 30220 36399 18074 59058 51926 53610 24583 10514 56131 42503 41842 8133 11839 370 39503 25921 9674 50693 55804 37104 10653 12625 10946 55128 1713 59886
2 31 2
43628 15547 29373 52390 41799 59136 25406 8298 40887 36304 49602 3438 39918 16194 47010 40556 50788 33235 46789 18996 45205 38691 22199 34615 44684 22497 35552 55979 23790 31691 26329
49906 4060 53335 6641 58357 19655 42698 28473 16550 15716 55534 54002 59592 46328 46842 28668 50264 58190 33658 52502 32341 59093 38187 16660 9647 3816 44301 38362 56449 21415 10795
2 1 1
3578
49407
2 1 2
18033
46281
2 31 1
45612 7931 47042 3325 51255 39018 58091 14362 58060 20307 34375 40710 14186 42653 52711 49071 47660 37239 23412 21873 29865 821 45192 7474 31164 12638 53875 34425 7805 47193 39038
13707 2880 25549 47505 6818 26255 44447 46741 9929 40533 43237 42168 31242 35723 2548 45930 29179 10560 3236 52348 31056 57205 49489 3087 12985 16305 10320 6183 2560 9174 13876
2 31 2
42038 5911 8062 16489 4378 45060 48053 26347 2416 35425 27940 31073 29525 22523 45578 29768 34316 12728 39746 37994 56156 16464 27379 9525 54162 13677 54288 27049 5074 39183 17629
26266 55626 17071 55163 46575 6223 12484 14920 3104 25595 17787 186 17779 52197 19954 2474 1711 53914 36597 19302 15203 26389 639 42840 5243 14397 19529 42212 42125 47542 41050
2 31 1
1 1 1 1 1 1 1 1 1 1 1 1 1 1 1 1 1 1 1 1 1 1 1 1 1 1 1 1 1 1 1
1 1 1 1 1 1 1 1 1 1 1 1 1 1 1 1 1 1 1 1 1 1 1 1 1 1 1 1 1 1 1
2 31 2
60000 60000 60000 60000 60000 60000 60000 60000 60000 60000 60000 60000 60000 60000 60000 60000 60000 60000 60000 60000 60000 60000 60000 60000 60000 60000 60000 60000 60000 60000 60000
60000 60000 60000 60000 60000 60000 60000 60000 60000 60000 60000 60000 60000 60000 60000 60000 60000 60000 60000 60000 60000 60000 60000 60000 60000 60000 60000 60000 60000 60000 60000
2 31 2
10166 12740 28567 11821 13434 17430 16608 14256 19263 26236 59103 59615 25685 17028 21885 1804 47662 17441 15784 56137 34039 11537 3439 43384 27262 6085 47181 23096 7845 11109 51610
40399 30959 24266 14017 50714 43350 33960 15635 26462 1409 30565 54960 22106 2561 17351 32697 39101 60000 51813 4867 23300 2722 42994 16924 50838 38112 30005 37705 40532 47249 55096
2 31 2
21270 10312 8268 48362 12034 22276 32328 50713 26197 40484 26780 16181 50104 32709 48804 6398 34774 13856 11576 5048 16100 5292 1242 40337 51977 54388 60000 54701 31623 14364 21954
21270 45309 2979 39029 17900 31206 22555 45185 22482 40484 46683 45610 4764 33366 18866 6398 40089 48894 10373 24539 20245 5292 26439 28467 2594 300 17658 5342 35085 47113 21954
2 31 2
31401 34931 18209 48440 50444 40994 36239 44910 57184 57746 2803 32494 44856 41268 59620 20397 11951 5656 5949 50096 32154 40209 42821 58288 41377 13679 34712 5591 22207 40117 46567
31401 34931 33182 48440 50444 40994 36239 44910 57184 57746 28439 55022 44856 51804 59620 49009 39515 44663 5949 50096 32154 58010 42821 58288 41377 13679 34712 53774 47053 40117 46567
2 31 1
51066 29354 23902 41690 38930 34647 33411 57330 14250 30984 21797 13442 39681 42080 22139 25522 23600 1639 35330 58169 7433 50507 39649 59202 30325 48023 35629 15921 6596 54757 46275
50037 49421 15744 54319 31037 54847 11336 26869 20271 19451 34369 56023 25464 25199 25502 37704 46605 51007 44377 31071 7608 36580 37397 50963 9159 2111 33430 48955 3820 1339 33338
2 31 2
25394 25046 14508 1331 7431 4877 14641 43916 24959 17510 20304 34021 48568 10668 58629 40349 31308 40204 49325 36258 24033 43671 22785 22952 26722 18246 4845 27668 15219 53953 25365
27 19061 35583 2225 41702 24425 49722 54821 46498 43136 44087 31474 26989 16674 28722 9047 46075 32401 40848 49860 38961 23539 19127 742 5019 25656 8048 34203 52120 26148 57836
2 31 1
43372 10572 17698 3255 2599 46280 6072 34582 53060 53471 45298 56592 49321 29519 52053 22592 59173 1681 59896 53749 58555 58715 52350 22817 38690 44271 58526 13220 53272 42939 55662
21756 48918 16111 37635 19349 33954 40759 53482 18799 20667 42260 21021 20521 17401 6701 10274 43726 20354 28961 33263 41597 1 15328 15853 22110 9602 25986 30854 30681 9285 26409
2 31 1
40642 58165 15055 46893 18617 18632 54611 59424 31761 19642 36793 41650 38672 18377 37903 22191 2008 51830 24996 40817 25277 36744 27917 31586 54899 18565 33796 26733 47329 48141 1826
46522 34413 60000 47703 9264 21509 38939 18141 22900 24576 27905 7796 38011 11975 56939 48488 8194 46454 7807 5366 30596 10215 13130 11244 4042 36621 46681 49778 36090 31657 29793
2 31 1
21954 32364 42215 28973 30046 49496 37896 19128 35985 47807 37257 57422 2975 37341 51130 47700 59553 9726 4559 1623 48663 29749 37426 5499 48547 20796 1056 37630 2291 44492 35708
36314 49058 6892 34370 50877 6425 6015 58492 22765 52199 28649 47433 36038 56110 6695 19123 249 40081 22269 1461 29914 49197 57514 11903 47948 3288 46216 49839 27461 3998 48470
2 31 2
49839 17000 48715 49033 32756 6059 3397 58222 57127 47728 29869 31322 40120 43746 54624 16458 46566 15256 25591 2550 36266 26017 49328 37082 674 6672 18313 12132 45178 25471 53830
20 12177 53058 27240 10587 58834 59413 43534 37364 13870 20367 14371 4683 9268 41285 33351 3863 36059 21850 51464 6576 54318 38622 46530 59403 38275 18890 40549 42245 48811 57438
2 31 1
6445 57797 58692 45454 26235 38201 58788 21695 50296 3431 59209 22553 26301 2348 57445 44406 32949 38986 44823 47914 51664 56983 45959 20656 14577 49149 22288 48457 19798 36594 11239
4100 52472 56679 36074 42333 30475 55868 24681 7605 368 2234 21582 43610 47791 46912 34711 17538 36586 59779 50582 56755 54082 49210 42477 34027 48031 42173 33352 35979 10834 52995
2 31 2
3121 60000 11040 6191 37424 1103 24078 36765 58233 1607 19690 34605 32215 45099 12379 41313 55237 3955 23645 14590 46986 55820 48212 14017 29478 7147 7532 30160 41029 2392 32017
54125 10335 51452 28159 30310 29106 45657 27846 31846 38605 49403 44317 16691 44423 32483 4331 16454 24310 25313 12424 59551 6780 35412 57288 13790 4717 44910 57265 34110 1977 21611
2 31 2
41018 33892 53691 2574 16984 49759 23112 38876 57829 23947 5235 5228 2417 1 43464 11449 31567 59599 59422 1001 37332 31890 18228 6330 43415 44543 29132 1229 41159 24776 12925
34850 4184 41718 59627 18483 55226 9862 39168 6994 48403 54273 39613 46435 29404 53277 55609 53550 55782 53972 40620 59901 53033 16073 133 36693 41942 45831 6185 38339 58625 20686
2 31 2
49487 45160 15390 38616 2502 17588 25587 20639 52824 1332 11788 19289 23038 19118 53551 45099 37455 59390 17203 31936 26255 42105 23893 8692 33384 5285 58977 16257 47335 21155 58366
27829 31952 15390 56846 2502 641 11633 41391 9303 35560 11596 56414 4107 2530 15513 6809 37455 58945 17203 44975 25746 33797 23893 48899 33384 36327 18524 44152 47335 32649 8328
2 31 2
25955 34476 6242 41113 1592 13575 19554 26961 54326 10945 4704 23735 25108 52689 12369 15724 49075 21574 10676 39437 59430 12451 54933 57791 58211 21272 41242 19750 11176 20940 27627
29746 8104 29456 41113 26535 55739 27192 10885 12743 31026 4265 58176 56700 22658 54718 15724 48751 27574 31812 32571 42402 12451 38124 3365 58211 59431 35585 50151 35472 17117 33848
2 31 1
30229 10748 48822 36119 43844 39026 49330 40364 39094 21218 35031 45268 28793 14942 23741 24250 19250 30218 26363 41624 24505 20352 55887 40287 23986 32666 19349 16571 10471 25021 36176
17008 9683 49047 39233 54024 38298 47017 46154 34706 5879 15540 46407 6828 24726 39101 47815 9357 7527 8707 36400 30463 11617 53190 41700 19152 7330 17776 18684 3350 11712 52452
2 31 1
58376 56113 39619 48543 46437 36529 43696 60000 36483 49138 26906 34451 50033 23289 5864 34945 17891 15587 36852 25760 30057 32983 41012 36991 32454 7115 761 11122 52225 299 16432
43637 15991 42056 16355 1284 23474 12657 41277 21442 8166 52045 3501 48793 17960 12083 40991 29910 30743 38085 15846 51967 20337 12148 7158 13488 5056 50430 12547 45533 14251 19957
2 31 1
2284 56486 40892 5636 51616 6281 14004 31080 57739 26833 55462 57695 3586 19284 49705 36217 51049 12310 39000 6989 14841 3374 31450 3046 2615 39598 28705 31081 53558 55036 39250
47004 53767 14068 30873 3293 9153 10611 36044 12720 13066 51136 20117 9690 5674 6394 34399 21273 50663 29052 26209 49662 60000 46921 21019 49955 36671 15224 34045 40265 14878 59775
2 31 1
47855 32854 57782 44883 27769 21398 14829 3325 22801 34804 47697 10822 13400 33732 13839 59141 2468 2906 6708 28582 52743 18124 43315 45256 57675 13702 58778 11882 4576 48201 33264
17671 18024 44056 13071 3461 19072 50258 42862 13558 7586 42775 54078 29991 623 43244 40303 26578 31612 1559 34078 19894 55529 16745 22383 45700 2967 27546 50516 28375 8786 30561
2 31 2
19266 46476 17941 36735 24297 2104 40992 18588 43633 19514 24964 42285 55012 33572 55856 29907 59467 889 11791 28839 23625 30243 19712 9338 28782 36940 7558 9419 50474 25074 19047
8333 16489 23480 37027 5742 8645 37067 2101 39252 9120 45896 20180 48414 7534 28274 26502 12905 48290 28526 15531 2306 12448 16833 42031 7660 7103 20750 37929 31434 50384 56057
2 31 2
5926 37269 40423 6759 17335 18156 48642 45125 35340 19511 6124 17977 4420 55550 15826 1993 2357 3254 43675 21519 14816 26046 18341 44595 57778 41436 13813 40293 38151 44710 39399
33057 3847 3897 50120 50599 34028 54364 13108 19780 45709 37719 36830 31526 49017 38573 18777 51616 9234 50263 47999 28077 32235 46026 21047 16462 53419 56382 20278 2573 50043 50237
2 31 1
7108 32187 7889 58377 22794 18567 5945 3638 24293 41480 14515 31860 54354 47190 11939 37824 11908 27916 17236 57849 28230 45089 1355 3744 3692 17670 25303 39802 2923 14530 45074
36903 3204 50678 58980 49877 25221 44531 23852 11241 37760 7932 16268 60000 56066 42281 49421 33771 46299 17476 38133 39846 58896 47918 40173 47658 4145 47988 50659 5648 15322 31448
2 31 1
14751 48086 20840 15972 18362 44105 20694 16324 57977 51001 54550 22903 36143 29019 3430 32648 41389 28086 29425 52093 24028 50006 57314 23188 21734 44514 40627 48998 11304 45385 30668
52744 59864 37509 47220 44675 12386 55694 42412 19706 31558 53109 20877 16842 60000 51918 2978 44644 59287 47637 52065 9998 19553 58160 9613 22663 47632 2714 2967 5398 53113 44024
2 31 1
33103 7462 48507 10093 33203 43695 40652 37224 2848 11017 35511 46085 13656 28662 35785 28826 11183 29553 10384 5008 51829 59533 44375 33129 44530 59492 57064 18116 20448 18443 22717
2973 22052 58914 12483 21622 39149 17394 638 59028 40456 12629 19077 59657 26921 48237 9789 17452 54419 56690 13383 54134 2744 27027 52921 14377 2577 19444 56493 751 10895 30528
2 31 1
7123 6831 10767 11624 36494 12189 13576 9047 17903 12730 24086 40083 837 1463 31898 45312 49637 48589 3703 23468 7402 14555 20347 14079 3700 7387 9192 16405 5298 27674 20624
28530 6831 10767 54963 36494 12189 41088 9047 17903 12730 24086 43760 837 4858 31898 45312 49637 48589 41918 23468 59170 22245 20347 59553 26525 50521 40106 16405 6999 27674 25546
2 31 2
2985 6183 19466 517 11117 36230 6526 35375 9484 56563 19569 47049 39746 32679 48899 59153 55755 13042 41712 44453 20447 30401 24793 4130 6838 39167 17640 40938 3484 11703 27604
47608 27337 19466 42688 15891 12209 24240 41764 55576 51554 19569 29654 39746 8907 48899 21842 55755 8006 53326 55917 57101 28213 53993 30149 52912 47040 42093 41704 42121 32852 39378
2 31 2
1542 38913 54926 2661 10036 47412 4971 18264 23713 19703 46239 4145 6918 9213 28735 41239 2252 31142 47212 1 39321 53577 44990 8490 19745 14403 4263 49121 19262 36893 48117
18130 45982 49956 23330 56632 58754 3906 56989 44778 30984 56390 8929 10837 34510 18195 37175 28589 27516 41079 23419 56854 27198 58333 32693 35649 57643 5292 44753 40716 23261 48198
2 31 2
45473 12358 42885 58965 42436 41445 6820 14248 43120 16079 58555 27853 56393 49990 35525 22909 48188 58291 25335 7827 51692 33410 29940 26581 6536 44954 27258 51372 49232 32403 14170
39681 24317 55832 22093 19944 51207 37809 20661 622 37108 12776 17794 45205 20358 13271 48010 1 56590 25715 13141 47763 44276 47457 6432 34551 13739 25815 12744 2952 13099 49090
2 31 1
11765 33631 6381 19400 47431 24572 23916 13126 6807 36597 31595 48602 16183 6972 720 42239 30290 53070 40107 19719 49672 56612 47613 34956 2199 55634 26347 33801 21782 4754 55882
55263 42664 10625 15374 49080 37114 43948 53552 28509 44191 31012 41469 43536 37233 23317 15936 58037 7956 28361 43631 26089 55560 46343 26015 23709 28825 56298 2095 34368 53900 25711
2 31 1
45141 21417 42005 58817 13084 35767 44530 22493 34822 47155 55986 31540 37231 42549 58200 45609 2729 21989 17589 408 56927 18967 22093 1063 35347 4097 46462 2133 23065 15919 42448
38703 9258 7287 15083 28203 54299 51482 36263 39654 24102 1151 47447 28353 58782 16853 59987 29362 26822 9515 48980 55084 46916 20925 6751 12732 44732 55936 2740 44932 2177 52397
2 31 2
35254 8433 25297 39457 32159 13037 1365 10565 59868 26168 25059 48214 27907 56782 5877 2800 111 23227 20505 50343 6378 34245 23882 58661 57373 26086 45660 44080 37854 56784 12246
33021 7973 38885 3257 6507 8052 12658 38665 44982 13719 11812 17658 27253 16122 3471 10547 18003 33441 16590 28293 776 25500 45576 20938 52234 43617 21275 14872 59121 59944 23447
2 31 2
19935 18028 51692 22268 50269 11459 59318 48983 17929 39422 57513 38489 6152 18606 19264 38270 24320 26534 58213 45073 47436 19210 43652 5542 48899 42004 31822 25240 18628 40389 9390
26688 49990 40029 24907 27398 6141 13440 28812 12701 1 1004 5618 22266 45294 15990 10862 18701 30595 4109 19727 55091 23015 29786 3648 49963 50440 42098 44976 4402 10124 54589
2 31 2
25248 53918 20737 59357 3377 6149 36231 8927 8363 34273 11214 56103 46741 5518 41929 1 37682 21965 55636 57249 5207 20993 2644 10643 13143 20188 58736 39877 53676 32267 3430
46330 31240 44587 42639 11813 33239 7070 37069 8754 40820 31282 7853 55011 6472 44440 1207 5464 2938 18170 23056 30179 2212 12038 6878 42347 33872 36731 8917 34800 35639 48618
2 31 2
19820 26721 42213 20511 26358 32708 40375 10323 20471 2291 30386 35184 58084 25605 37610 46581 55667 44968 15941 54248 55070 46293 43476 10876 2840 154 32335 48418 47960 35223 42968
16780 49309 28313 38033 33505 48905 43814 33029 58005 56868 43600 5533 14591 5861 8865 40602 42019 59224 58731 47337 17781 43681 42494 35528 36506 45509 54139 52029 8180 13921 55198
2 31 1
1852 52311 56066 7527 40717 58157 42176 406 31833 34477 18994 51743 14228 6858 32637 30011 40477 34114 30948 21443 47372 37834 40039 12294 34932 4683 44364 12709 39150 49475 9477
57089 13942 17341 55163 3427 41291 24123 33448 41820 29358 19029 23194 11434 30041 35766 51375 41555 7690 45904 59679 45283 915 55685 52550 25892 17086 50049 1245 43748 49199 51488
2 31 2
19560 10936 56362 30118 48290 51622 29552 6269 50888 4413 24074 51228 57274 1992 53659 21854 41830 5667 38661 53487 31328 3708 42799 54026 33890 3807 25995 40514 15692 9352 35908
19560 35912 24868 30002 50095 24 20427 2168 50399 4413 50298 22246 20814 30052 55162 50 45739 52986 8827 2172 27126 3708 21464 22696 33541 39373 6318 40514 30571 56414 2845
2 31 2
32031 37919 30732 55674 17447 27783 7246 7248 32818 42752 15549 34040 48731 52087 1988 28127 20743 29134 33183 26328 1243 45776 58705 9668 53347 38801 49739 49826 31324 15215 10111
32031 37919 30732 55674 53760 35767 41588 35397 32818 42752 59318 34040 48731 52087 1988 40590 29990 58549 43729 53145 15859 45776 58705 39768 53347 38801 49739 49826 31324 15215 45114
2 31 1
13016 1 22320 9041 20254 30222 3292 3212 32168 12958 25051 2384 44745 9071 24663 45557 57283 17394 25668 30379 30680 9220 31652 21189 25924 44344 36345 36694 40553 17527 46717
17111 50960 17415 22010 10557 52331 3116 23648 17697 8562 9635 15100 38124 55391 30335 39982 57833 23200 7872 23981 12703 39090 30776 25440 9227 42283 41113 2349 57280 10132 42871
2 31 2
27161 32850 38087 22718 18297 24668 13713 51224 43439 40625 50884 39319 21233 15647 13743 33812 54579 52709 16234 44271 48030 27190 53314 37576 20967 54740 35786 31390 16882 58250 40111
52279 5605 29035 22703 37735 38735 12383 44598 52983 38159 34346 37929 21634 39068 41671 2086 17989 52947 46117 47396 37721 58738 27004 37987 13184 18538 18328 54716 58798 52220 255
2 31 2
15911 17691 17683 28819 16629 23137 21289 27945 22107 54829 30155 45438 32586 47458 29233 58291 38159 37945 25028 6201 36053 48724 45357 6795 1492 42686 17753 13901 56799 26686 36291
44012 14449 11713 20819 11635 33378 42970 57931 46138 3467 32657 13986 13284 39253 8919 55383 1990 39344 33655 39024 25700 55039 27747 6523 31162 9693 57176 14991 31480 59547 26085
2 31 2
40315 33676 47127 9410 52362 30581 41040 19487 41317 44256 19017 31658 28463 15971 50660 56694 37045 26688 24756 10507 35551 54757 42040 37281 31886 13128 48291 29100 51041 54460 21832
14501 13150 58282 21953 36470 17694 28730 23162 472 7905 10929 47437 17745 55263 18900 33507 15166 33910 1183 3240 23144 30735 38130 17166 37335 13350 6942 35526 56401 44900 54903
2 31 1
47673 51421 53827 7678 16827 10533 8870 34209 49893 459 10118 50492 37515 15108 14896 45832 54905 43049 23999 46762 16898 33755 9021 35234 26509 1776 58441 50091 38549 34321 59225
9850 38332 47691 39328 32283 1660 59718 56549 51559 31676 36081 49817 40615 11371 15752 47003 14699 57267 48544 20335 11471 14733 50579 18643 11445 21771 8952 50993 51833 60000 3322
2 31 2
42024 57076 59746 31582 42845 49318 48441 52258 46703 54645 40744 38621 37863 8798 44356 21133 17246 42332 57310 57613 43022 10069 22281 20357 45214 58618 7880 17850 41113 1948 9266
16115 55298 45154 15032 842 31545 28295 16146 6211 16640 50081 29059 41777 21810 50003 29043 22266 55187 26704 1 54426 16477 2450 6484 50929 2407 48829 687 50233 11026 22198
2 31 1
2666 10661 1013 38410 50144 40623 44268 40487 24975 45675 34008 16376 56515 7031 12286 16660 59362 42424 12588 40273 50337 47968 59498 19113 3537 30416 17854 619 21432 17050 8733
53820 34123 46494 7088 24167 52155 60000 18137 21010 2052 41202 45105 22532 29630 44329 32115 44755 57787 2500 31532 26038 7697 59968 44471 41869 23328 31812 16043 35234 12923 34509
2 31 2
1085 17367 35608 40604 36967 56236 21630 49121 8507 35221 39925 30509 28591 38327 13427 12584 50487 15740 4094 31448 29511 6334 43825 54438 39879 25454 30537 26327 17551 52097 48186
58356 59250 54419 50962 2858 12931 12755 57263 16344 18749 7450 30382 14636 54571 5071 19288 43192 11174 5325 17675 30479 31192 52162 14633 7813 5936 25926 49180 41098 42030 5834
2 31 1
1947 58443 40296 59272 55370 40975 30668 40368 5881 331 28341 15940 40974 10337 46109 47025 35347 28439 16566 41890 22042 7806 142 9697 42989 7752 26499 47606 47751 59156 32508
48492 6796 49548 51432 15584 13803 14961 36276 32699 30253 49861 12261 21073 8941 49914 51350 57180 6600 55776 58678 6248 1436 46662 44441 59729 37105 39772 50325 45146 40163 48941
2 31 1
8091 38659 20980 18059 55209 13589 36542 47582 29906 48770 2691 1461 5951 39100 3710 15068 41418 13046 11253 24749 7499 33849 22424 43826 6920 28143 36884 44220 19449 42525 11987
36019 29953 20980 16708 59224 42028 47912 7477 29906 55093 2691 47561 21689 47201 15593 57548 46716 869 11253 48751 7499 35020 56660 20195 17462 48 59467 10153 60000 8520 11987
2 31 2
9316 23722 24541 7279 23644 7030 41563 27867 60000 53545 22935 56339 26555 7376 24984 3483 33131 5119 21648 29053 58186 40527 36939 26159 32724 4137 46355 40865 31441 15374 29331
20483 28363 12128 42009 41211 41163 41563 13406 47629 53545 56840 44869 26555 45585 32850 26125 53940 23648 21648 21472 53159 52942 7478 20978 36731 36285 39827 40865 23910 41497 34772
2 31 2
28114 40957 12171 57728 22761 14548 39850 35545 48427 30575 45697 34723 52367 15148 28439 41498 11941 23498 20845 19571 11261 2069 39055 27657 1389 35725 5141 58643 15953 11328 55204
15011 42620 35421 41837 38927 36817 34860 34880 41864 30188 48042 26638 41155 18788 35068 28839 31195 35176 21640 13881 16066 20350 31103 24153 29874 31157 31636 30075 36998 31974 50977
2 31 1
25416 31759 21758 7294 43874 56135 3213 44439 36377 23983 21520 11883 18370 34662 5465 38520 38441 57912 25037 33589 56818 40391 10134 48171 12282 10820 56551 51604 43567 8961 44645
34350 19402 38184 59426 24695 7338 26411 53328 59944 16998 18144 50891 30491 2627 3599 54329 16380 8017 17201 4250 5932 46605 46100 1944 41244 13478 2059 46468 29823 51464 10922
2 31 2
53816 49872 18091 18139 37930 30250 17825 53726 26521 31006 24220 2497 56415 33265 39956 20341 40289 34563 16586 7778 31602 47694 50233 9285 25276 25374 48665 49596 3689 46185 8717
23334 13573 3548 9827 32979 10161 54465 49213 3710 33686 17853 26110 47963 39539 14767 44605 17130 16985 38099 41397 18469 17947 23818 42024 3146 23355 45738 5063 5778 21314 45606
2 31 1
15505 6612 25898 43421 10575 50315 3660 20663 16580 38428 49227 52782 20609 55553 41096 29734 16679 58975 32961 29344 24095 42699 53072 8741 26840 54899 23681 31650 45487 58762 36095
32705 19237 49400 5441 14992 16875 47867 30958 39849 2564 7659 31439 23529 21176 58860 1 54223 28011 55105 39323 31820 52037 43115 2396 35667 34569 39320 5442 47431 42055 50363
2 31 1
56506 58223 21331 40265 40170 7847 23905 20208 8920 16248 47526 48758 40704 6878 21179 35284 14527 43598 36330 58463 32044 26182 56604 32733 22931 57099 19351 53295 11180 43067 51970
20133 50792 25565 60000 12878 5676 52851 16086 27817 50805 2035 41518 22307 8305 38700 2796 23235 28878 18569 14737 31750 29128 42442 49794 981 28999 44989 38132 52714 45690 17730
2 31 2
48067 36030 2515 14188 40960 58805 9674 762 31049 9583 29166 31322 34344 46093 6976 8131 19811 8739 56642 18547 2970 14930 12650 8452 28119 14574 59420 4881 19370 13158 59192
20034 27659 5255 46205 16951 44420 45643 35441 18058 44934 16322 19373 45219 5271 53275 46561 10004 57090 14426 22388 51927 43972 25843 28428 24931 52649 21811 23926 14245 42474 52999
2 31 1
32935 28469 4368 31874 39885 42193 25006 42508 29486 15895 34921 48187 43297 51029 42627 7437 29110 2243 1418 39326 41291 25629 19530 43362 6757 46427 59852 20462 31162 2481 45917
7791 41620 59828 12762 23851 18875 5868 30598 30878 58816 29229 7990 30645 10987 29608 32707 52837 25801 40629 21562 15244 29865 13073 35755 14149 41711 7703 42600 21241 12397 3901
2 31 1
6514 35674 4717 32495 43108 31119 23086 31325 18083 35828 10125 59925 23229 45412 47375 34690 33343 18427 53285 373 31063 14821 9845 9407 10420 34160 30749 44915 47755 22274 8406
20514 55233 11469 25733 33021 56743 24757 17674 36655 9063 39454 25794 7713 28110 12062 47901 2508 8037 11803 36078 18205 46505 1548 47900 36282 2732 29835 10261 5701 13706 51652
2 31 2
42105 46711 57130 31092 27500 49649 30582 50442 17469 10753 2657 36253 32889 55162 53819 16273 8852 31729 59158 58361 56960 1139 3940 1737 27188 19339 17232 58474 42760 58391 20722
35891 33708 17448 10263 26144 22636 29209 31632 2553 57575 58197 56631 37907 29239 42476 6000 12716 7162 49461 21445 10972 20295 3325 5365 6153 48658 49960 60000 50163 41102 17921
2 31 2
17743 45691 20749 35856 23088 47278 4251 15246 3367 48320 16434 1 917 58324 52642 41050 49642 49661 23561 20822 48051 8717 34714 43684 3901 43644 44869 15968 50343 8455 16131
5943 38650 1443 35856 2044 47278 4251 15246 3367 42517 16434 1 917 57535 48211 9829 25432 18403 23561 20822 4835 8717 34714 39981 3901 37997 44114 9435 19435 8455 16131
2 31 1
53519 20919 41778 6213 50511 51312 48523 3538 24018 39817 51242 41124 31146 26463 41199 18862 28776 23144 17145 14867 41755 16060 58777 6241 26143 12398 23354 25638 14692 23187 50329
53519 2461 23659 22923 20548 41966 31537 23382 16192 35968 12712 45460 22223 34521 41199 2766 9986 1722 17145 51512 32599 9985 58777 37046 12606 22061 23354 6826 14692 20442 17227
2 31 2
58341 27 45231 35200 33389 54087 3705 32183 7474 30113 24645 35178 23587 22502 12373 11285 26806 27521 49699 16743 12832 46735 18679 49138 58001 30509 4083 32400 22464 2418 34656
46843 38666 13155 24320 11618 45406 7590 47607 39408 28324 41299 44126 16267 28116 15371 32674 10119 23364 51369 21838 5659 45281 11657 27777 48593 28430 13431 39867 25074 20542 20546
2 31 1
9211 20117 9834 5910 14173 13779 21316 44300 51705 44443 59204 48083 4573 48253 19825 13241 56066 35543 34787 20592 56142 18764 29929 18857 53782 18450 18191 35128 35953 39143 20716
4875 11313 52683 11489 18112 30072 2461 554 28749 51351 24082 18831 51323 8229 14352 47253 59739 5776 13393 26099 10978 46947 41466 43401 53144 35171 38134 22419 20825 8569 58251
2 31 1
24095 19142 32077 24627 17862 50717 10477 37600 27480 15618 21624 44438 1586 39327 42994 3639 1739 15382 11342 27537 17766 41768 37362 16384 25846 14261 41637 27288 22564 59628 17413
16984 18908 18189 25016 9602 17026 13734 9224 24501 12747 29330 34832 39162 25386 8753 1 25211 31346 39633 57083 45362 16867 51077 53022 25938 16172 58976 12941 2941 1689 13293
2 31 1
25304 7026 50379 8396 7598 52352 6628 34400 39154 49695 55630 1 10389 32495 39183 12368 56895 4869 30221 51835 41383 38350 12865 42777 54719 4451 26278 50053 21086 22905 36247
46764 21345 18042 59704 42939 8790 59486 11035 56116 57437 39168 4818 15169 12362 19633 33019 41771 29242 28938 39943 52177 41788 55466 12739 58436 11959 9295 45040 31548 27842 33194
2 31 2
41047 22267 45070 12545 23612 59225 53132 14487 6383 46656 32974 8746 45559 28021 35856 22454 29127 26134 25152 3258 57245 18176 27775 25222 41842 41527 25371 47354 17148 19875 19163
25506 44711 24648 44520 37463 3461 43007 8971 49231 7218 5837 40558 57737 53188 58987 6504 16359 7729 51353 11338 47132 31658 48378 1603 54091 23412 43372 11299 57675 21796 23456
2 31 2
16139 27528 764 15844 6716 3890 50483 15119 18868 17326 18131 7983 31624 59522 26834 49834 39503 24059 39893 5998 34774 10504 25622 24553 18959 45577 56924 50214 45432 27875 38145
18115 16003 44547 57530 14750 8430 28611 31042 29829 56147 23448 52518 5847 34118 44376 13790 22655 40352 41251 58075 30823 7955 21331 48592 21385 11619 44543 12484 55295 55066 57679
2 31 2
2951 20332 57332 45708 54543 42801 52671 56880 48699 40591 38951 32018 43623 16286 21677 40688 56917 9015 59858 57723 40992 30246 3239 2611 1315 44540 22273 40408 30679 56616 1678
45227 42337 47821 49300 46714 11880 8790 25938 11742 17281 590 42844 41248 5387 7012 51140 47027 14294 379 33680 25673 49944 16070 5060 41073 37600 42749 39582 42641 10379 39866
2 31 1
16581 32983 24402 37327 17616 26229 35593 18693 22222 32616 32467 10585 31082 18219 51206 39166 46197 10142 43726 53077 39251 34957 13551 32699 8821 10395 17060 15967 24675 5325 54412
5754 30164 10265 39864 31992 58216 943 6215 52286 49130 50342 45809 19777 53334 60000 19012 21319 31458 50056 50957 14929 18434 2547 42401 22783 28948 9222 33344 23585 31441 12099
2 31 1
38530 13847 50097 43876 26219 3097 23990 47153 32490 14153 16853 36196 54884 40831 3892 47796 42416 46547 50683 21704 56978 10955 10438 53225 39455 9881 25817 47836 11212 40009 36120
58686 41698 52846 29580 28010 60000 52047 47182 16401 20643 43809 46325 50491 57592 49437 47828 50153 44307 25026 7982 56527 22511 53992 20571 53260 54113 47279 36032 41915 34239 22112
2 31 2
35588 30688 29683 46816 29085 44531 8226 20155 45594 54002 3267 44660 46140 29098 15403 37651 14368 28035 16643 48956 31944 32574 52283 42323 50879 40132 45444 20629 14274 620 5619
18637 47851 795 21565 10100 42755 8226 44768 38911 3717 21866 12089 40792 8205 6478 12225 36482 13259 16643 29451 58660 28277 38290 51145 50879 51470 49993 20629 44497 2544 5619
2 31 2
18387 54750 31609 54188 17187 7693 5185 3604 42798 44045 42741 31607 43235 17256 43655 51589 54579 32042 3903 30138 16889 19773 27234 46516 44802 50677 26652 39590 43163 28867 28755
57312 54750 31609 54188 40567 38863 59187 7791 42798 58210 42741 33972 43235 24722 53461 51589 54579 44573 56062 30138 19618 33634 47035 46516 44802 50677 26652 39590 48157 35831 41405
2 31 1
36711 33164 30128 8722 30750 46394 35560 12036 35723 54837 3038 14395 6438 48870 49218 52131 25763 12730 45204 18542 17850 18985 31290 6485 18153 59320 32845 43224 15359 2567 30233
44262 2411 40150 3778 39140 57054 37716 40692 25565 36747 4738 11498 5897 27155 46488 52156 39519 51842 54988 10498 19508 54282 2664 1884 28242 40621 37513 51398 7024 1214 9429
2 31 2
28783 4208 6656 43100 56269 1600 54810 6143 58400 52055 38222 22313 27211 27590 28416 23424 3763 39918 34576 6056 42349 30977 15466 26482 59438 12742 49342 51082 34128 58759 3097
33579 11828 2006 18295 44737 39991 60000 25999 21384 35377 13884 31011 15405 38440 52697 24493 13164 54809 58579 16068 50034 6387 25362 18021 2010 41277 29276 51775 23347 56615 9792
2 31 1
7668 28867 33494 42070 29888 51448 17152 19552 6811 4733 43314 25401 18573 31932 15314 23972 3659 19076 41236 31513 12849 1858 15031 59705 47823 5310 5904 44734 24069 1 21885
4856 43733 19272 962 59355 27308 2479 27698 46069 41172 10717 4315 48053 21547 3149 31280 58119 3794 59625 29640 15258 3725 58994 46581 6343 31901 43036 24436 45128 41854 16471
2 31 1
20749 21473 24598 43239 16925 52207 12948 23903 44129 38737 26145 34683 37118 42080 38039 42067 21565 31219 29253 15365 40864 5503 28648 57172 22971 5225 21629 27217 12841 3750 32993
12309 59337 43647 23649 36015 30325 28365 8354 41540 40954 58471 41784 55244 4018 13038 58690 44120 57905 35555 32258 17350 13275 39791 49456 57611 520 7829 13960 42355 3756 48224
2 31 1
12513 17480 17087 4026 31356 43451 30124 51304 35551 51929 731 59700 48109 7489 19681 12703 6866 57063 2408 4093 36328 22094 47953 2573 52480 10182 48289 5757 43781 24677 52137
1452 14569 2877 33386 20411 38028 35954 18941 59440 50104 5549 30481 38866 35443 8513 23450 54816 37360 5607 32209 53658 22405 20725 35787 48762 32694 58983 43105 45209 38718 33207
2 31 2
31905 16438 40207 46060 55917 35149 47814 6502 48602 58426 22860 13282 43085 31246 7047 13261 57807 37802 673 17501 23203 53348 30200 57641 9379 17057 8016 23282 14796 32302 26557
6030 8160 24736 54535 21064 45162 36808 16966 24704 53547 22310 6598 24670 16393 6923 37513 9859 36968 55717 48265 14552 9406 48658 48742 45970 44872 51234 23005 11317 15044 59296
2 31 2
53148 9413 4276 13958 9111 22968 15916 5713 56490 18721 10243 12531 9314 45963 39318 1 44128 22534 12278 38219 11755 55791 59050 40031 58434 7304 35368 17858 59610 32458 27551
28653 21219 36425 16849 20878 39218 59494 23964 47859 54173 4993 23781 22619 27922 6354 45757 57478 11341 8373 13275 12863 19152 33130 10434 59448 25786 56550 16993 4535 1818 38037
2 31 1
24354 44826 39759 14301 56937 28781 11258 57887 41716 45756 2227 39847 55135 57987 25447 14991 18937 2167 18357 58140 50315 19144 48042 14920 10372 690 26587 43807 44795 32662 50792
18232 25549 1196 40073 6378 26440 1 57494 51433 59925 802 21025 6136 13140 51998 1029 40777 16198 21657 33290 52077 26774 55537 1289 14539 58290 59871 27442 28814 13157 53878
2 31 1
34330 42600 26883 42371 57948 36288 13993 29947 43705 47553 38173 435 25660 13581 47001 35228 33946 49636 19685 14975 25129 3472 55004 44321 23571 32368 34999 7111 5423 36802 50586
35973 43227 12957 30097 41734 31371 28811 57400 13969 2668 42918 34883 34052 13053 12070 35941 8558 11767 35173 23775 58632 12012 18051 55762 23981 19521 22880 26942 2357 31128 47472
2 31 1
10982 48235 31575 58535 11219 29271 4926 41105 23487 2787 25810 29335 35885 10547 20866 35983 2776 34332 30449 28700 30159 20378 47499 1377 12318 27174 11321 39409 46585 36335 24859
46268 2039 42703 27481 11219 37210 35568 58746 35620 11645 25810 48637 57865 37529 31851 45947 2776 2 30449 176 37611 13427 56974 33648 12318 52958 21448 48161 46585 50931 30215
2 31 1
54828 18484 4026 46743 797 58199 17379 11527 26793 35960 51015 12232 31728 30729 39318 56219 25377 33656 58047 27979 13985 54340 28292 40771 42162 21423 45158 57719 11269 36986 39012
49378 46531 23677 46743 47327 16497 17379 39945 13017 35960 4257 8981 23700 32594 56090 36166 13610 56501 25110 50074 15968 54340 51891 54653 42162 19007 8098 51257 52425 18703 4234
2 31 1
10920 7997 41457 17929 20751 15359 13255 32510 26518 15341 35400 18497 32112 29376 7007 33482 25160 37949 46109 38087 25706 20592 42908 32406 15145 32371 23970 46616 28102 9807 32942
20113 4056 43916 31304 33339 30544 19119 51941 8798 23490 14288 27127 20187 25998 1262 24346 17196 48621 46831 46943 24230 30309 60000 44602 11460 46718 19349 41829 56153 12119 10982
2 31 1
600 26383 17239 36773 39683 16442 32521 36271 33745 48777 15412 24582 53191 46694 27709 25569 47193 27181 15531 35985 4530 24450 48243 20762 25715 12637 31515 18118 46282 58155 11147
2758 37655 27190 35981 41048 59027 13880 8253 54660 37791 3366 11734 1 17096 36492 11099 55722 26964 17375 32562 56624 6284 33497 27380 7643 6891 48381 59096 16147 51772 59882
2 31 2
36265 25728 22245 36225 4521 400 10969 31508 583 10607 55651 24967 28052 29348 32915 18499 14595 12573 43234 26773 44147 55786 32470 56970 20282 16179 44397 23326 52370 29900 48153
10473 17341 36098 36814 57139 1285 59328 27862 14230 26713 22717 15351 48396 40474 13125 41863 42570 19711 10518 16696 14646 52191 15333 34596 22505 34898 24729 56774 3922 44182 58248
2 31 1
43528 42394 46977 39044 21359 36127 42785 39649 1385 37074 12649 10141 33085 21198 9036 17777 5823 36682 12281 29974 44399 46310 43418 4242 51483 7691 40788 33069 44038 38387 30133
15283 12961 9251 41828 22980 54920 25228 46471 37003 28234 12188 59300 31417 11736 43343 34595 51055 45016 11792 22015 40345 30921 19347 30856 19144 5851 18835 35791 45855 2321 950
2 31 1
11180 53823 39996 27557 24355 50182 8805 39683 3175 17563 856 16267 34787 44487 48271 44480 56767 34849 30833 33609 8280 19765 56681 32904 30651 45228 38422 22325 46729 33472 38153
10572 4357 28974 40460 9510 26189 41310 34357 50881 9817 31336 54975 59251 54506 58600 14462 37653 33277 50489 59424 48529 14992 26262 23123 28089 20034 22988 35747 52551 10715 34309
2 31 2
55974 45311 14632 26539 59440 58027 52946 43888 43647 6470 6621 52158 40108 15684 41657 22036 11889 8827 12150 59833 53828 30842 50818 43321 3683 41016 9482 16794 23913 28607 33190
38195 13657 47085 49022 43355 48697 10871 59280 23435 37998 42332 46311 50182 13674 6380 11430 7382 44329 55154 24268 26658 19854 20951 2657 36198 2134 57208 26274 17184 12310 1
2 31 1
13665 1750 30440 59241 47901 20246 56178 57332 39226 3170 48348 38516 51725 8149 1885 1 57058 24704 42614 22389 3954 53179 17167 49054 1471 43539 51678 12675 50106 41247 3228
59771 14932 51188 25636 36711 54782 3861 19443 32411 9957 19626 14689 54472 22878 23157 25036 24054 5032 1546 19521 31649 51078 10030 43118 45561 43915 25139 16574 5660 18695 4819
2 31 1
10179 31004 27811 31536 49790 9995 15889 18231 54513 7618 59302 40035 33725 39700 7443 7842 31088 55508 38781 10929 51344 29532 27368 15753 41955 743 19276 55472 45990 735 3002
51228 49552 51035 43039 54250 14687 28178 14242 27240 32044 28232 21769 16638 35685 13891 53651 56430 20856 25718 51349 53711 21743 44752 48967 32330 36259 20767 52836 26688 53105 58232
2 31 2
28719 27801 38514 55116 55668 40614 10484 25269 7902 16221 46300 55244 5162 21388 8984 16972 23583 58543 17350 38154 33889 11700 11461 13693 43460 51914 51942 18144 34734 15528 244
12549 21934 24017 15072 54409 42967 31771 8367 53939 52809 38484 28204 27683 53311 9237 7217 39263 34178 6500 19713 6121 18506 14776 10230 15974 16347 33625 18795 21827 17259 28622
2 31 2
7693 47617 22996 52353 5558 20307 17866 6569 4761 33562 11718 10000 33312 48178 59177 35027 54857 25341 2929 32004 42960 16587 6749 26979 23068 56413 38362 41460 57808 49556 36659
7693 47617 22996 52353 5558 20307 17866 6569 4761 33562 11718 8633 33312 48178 40763 2128 10294 25341 2929 32004 6933 16587 3477 12952 5906 56413 256 11803 20169 39467 36659
