100
3
4 6 2 7 9 5 1 3 8
5 1 9 8 4 3 2 7 6
3 8 7 6 2 1 9 5 4
7 9 5 1 3 8 4 6 2
8 4 3 2 7 6 5 1 9
6 2 1 9 5 4 3 8 7
1 3 8 4 6 2 7 9 5
2 8 6 5 1 9 8 4 3
9 5 4 3 8 7 6 2 1
3
7 6 5 1 9 8 4 3 2
8 4 3 2 7 6 5 1 9
9 2 1 3 5 4 6 8 7
1 9 8 4 3 2 7 6 5
2 7 6 5 1 9 8 4 3
3 5 4 6 8 7 9 2 1
4 3 2 7 6 5 1 9 8
5 1 9 8 4 3 2 7 6
6 8 7 9 2 1 3 5 4
3
1 3 5 4 6 8 7 9 2
8 7 9 2 1 3 5 4 6
6 2 4 9 5 7 4 8 1
4 6 8 7 9 2 1 3 5
2 1 3 5 4 6 8 7 9
9 5 7 3 8 1 6 2 4
7 9 2 1 3 5 4 6 8
5 4 6 8 7 9 2 1 3
3 8 1 6 2 4 9 5 7
3
1 9 8 4 3 2 7 6 5
5 4 6 8 7 9 2 1 3
3 2 7 6 5 1 9 8 4
4 3 2 7 6 5 1 9 8
8 7 9 2 1 3 5 4 6
6 5 1 9 8 4 3 2 7
7 6 5 1 9 8 4 3 2
2 1 3 5 4 6 8 7 9
9 8 4 3 2 7 6 5 1
3
1 3 5 4 6 8 7 9 2
2 7 9 5 1 3 8 4 6
6 8 4 9 2 7 3 5 1
4 6 8 7 9 2 1 3 5
5 1 3 8 4 6 2 7 9
9 2 7 3 5 1 6 8 4
7 9 2 1 3 5 4 6 8
8 4 6 2 7 9 5 1 3
3 5 1 6 8 4 9 2 7
3
4 6 5 7 9 8 1 3 2
8 1 9 2 4 3 5 7 6
3 2 7 6 5 1 9 8 4
7 9 8 1 3 2 4 6 5
2 4 3 5 7 6 8 1 9
6 5 1 9 8 4 3 2 7
1 3 2 4 6 5 7 9 8
5 7 6 8 1 9 2 4 3
9 8 4 3 2 7 6 5 1
3
1 3 2 4 6 5 7 9 8
8 7 9 2 1 3 5 4 6
6 5 4 9 8 7 3 2 1
4 6 5 7 9 8 1 3 2
2 1 3 5 4 6 8 7 9
9 8 7 3 2 1 6 5 4
7 9 8 1 3 2 4 6 5
5 4 6 8 7 9 2 1 3
3 2 1 6 5 4 9 8 7
3
7 3 5 1 6 8 4 9 2
8 1 6 2 4 9 5 7 3
9 2 4 3 5 7 6 8 1
1 6 8 4 9 2 7 3 5
2 4 9 5 7 3 8 1 6
3 5 7 6 8 1 9 2 4
4 9 2 7 3 5 1 6 8
5 7 3 8 1 6 2 4 9
6 8 1 9 2 4 3 5 7
3
1 3 8 4 6 2 7 9 5
5 7 6 8 1 9 2 4 3
9 2 4 3 5 7 6 8 1
4 6 2 7 9 5 1 3 8
8 1 9 2 4 3 5 7 6
3 5 7 6 8 1 9 2 4
7 9 5 1 3 8 4 6 2
2 4 3 5 7 6 8 1 9
6 8 1 9 2 4 3 5 7
3
1 3 2 4 6 5 7 9 8
8 4 6 2 7 9 5 1 3
9 5 7 3 8 1 6 2 4
4 6 5 7 9 8 1 3 2
2 7 9 5 1 3 8 4 6
3 9 1 6 2 4 9 5 7
7 9 8 1 3 2 4 6 5
5 1 3 8 4 6 2 7 9
6 2 4 9 5 7 3 8 1
3
1 3 8 4 6 2 7 9 5
2 4 6 5 7 9 8 1 3
9 5 7 3 8 1 6 2 4
4 6 2 8 9 5 1 3 8
5 7 9 8 1 3 2 4 6
3 8 1 6 2 4 9 5 7
7 9 5 1 3 8 4 6 2
8 1 3 2 4 6 5 7 9
6 2 4 9 5 7 3 8 1
3
4 6 5 7 9 8 1 3 2
8 1 3 2 4 6 5 7 9
9 2 7 3 5 1 6 8 4
7 9 8 1 3 2 4 6 5
2 4 6 5 7 9 8 1 3
3 5 1 6 8 4 9 2 7
1 3 2 4 6 5 7 9 8
5 7 9 8 1 3 2 4 6
6 8 4 9 2 7 3 5 1
3
7 3 5 1 6 8 4 9 2
8 4 9 2 7 3 5 1 6
6 2 1 9 5 4 3 8 7
1 6 8 4 9 2 7 3 5
2 7 3 5 1 6 8 4 9
9 5 4 3 8 7 6 2 1
4 9 2 7 3 5 1 6 8
5 1 6 8 4 9 2 7 3
3 8 7 6 2 1 9 5 4
3
4 9 2 7 3 5 1 6 8
5 7 3 8 1 6 2 4 9
6 8 1 9 2 4 3 5 7
7 3 5 1 6 8 4 9 2
8 1 6 2 4 9 5 7 3
9 2 4 3 5 7 6 8 1
1 6 8 4 9 2 7 3 5
2 4 9 5 7 3 8 1 6
3 5 7 6 8 1 9 2 4
3
117 116 115 120 119 118 114 122 121
121 120 119 115 114 122 118 117 116
122 118 114 116 121 117 119 115 120
120 119 118 114 122 121 117 116 115
115 114 122 118 117 116 121 120 119
116 121 117 119 115 120 122 118 114
114 122 121 117 116 115 120 119 118
118 117 116 121 120 119 115 114 122
119 115 120 122 118 114 116 121 117
3
1 3 5 4 6 8 7 9 2
8 7 9 2 1 3 5 4 6
6 2 4 9 5 7 3 8 1
4 6 8 7 9 2 1 3 5
2 1 3 5 4 6 8 7 9
9 5 7 3 8 1 6 2 4
7 9 2 1 3 5 4 6 8
5 4 6 8 7 9 2 1 3
3 8 1 6 2 4 9 5 7
3
1 9 5 4 3 8 7 6 2
8 4 3 2 7 6 5 1 9
6 2 7 9 5 1 3 8 4
4 3 8 7 6 2 1 9 5
2 7 6 5 1 9 8 4 3
9 5 1 3 8 4 6 2 7
7 6 2 1 9 5 4 3 8
5 1 9 8 4 3 2 7 6
3 8 4 6 2 7 9 5 1
3
4 9 8 7 3 2 1 6 5
2 1 6 5 4 9 8 7 3
3 5 7 6 8 1 9 2 4
7 3 2 1 6 6 4 9 8
5 4 9 8 7 3 2 1 6
6 8 1 9 2 4 3 5 7
1 6 5 4 9 8 7 3 2
8 7 3 2 1 6 5 4 9
9 2 4 3 5 7 6 8 1
3
4 3 8 7 6 2 1 9 5
2 1 9 5 4 3 8 7 6
6 5 7 9 8 1 3 2 4
7 6 2 1 9 5 4 3 8
5 4 3 8 7 6 2 1 9
9 8 1 3 2 4 6 5 7
1 9 5 4 3 8 7 6 2
8 7 6 2 1 9 5 4 3
3 2 4 6 5 7 9 8 1
3
7 9 8 1 3 2 4 6 5
2 1 3 5 4 6 8 7 9
6 5 4 9 8 7 3 2 1
1 3 2 4 6 5 7 9 8
5 4 6 8 7 9 2 1 3
9 8 7 3 2 1 6 5 4
4 6 5 7 9 8 1 3 2
8 7 9 2 1 3 5 4 6
3 2 1 6 5 4 9 8 7
3
7 9 8 1 3 2 4 6 5
5 4 3 8 7 6 2 1 9
6 2 1 9 5 4 3 8 7
1 3 2 4 6 5 7 9 8
8 7 6 2 1 9 5 4 3
9 5 4 3 8 7 6 2 1
4 6 5 7 9 8 1 3 2
2 1 9 5 4 3 8 7 6
3 8 7 6 2 1 9 5 4
3
1 3 8 4 6 2 7 9 5
2 7 6 5 1 9 8 4 3
9 5 4 3 8 7 6 2 1
4 6 2 7 9 5 1 3 8
5 1 9 8 4 3 2 7 6
3 8 7 6 2 1 9 5 4
7 9 5 1 3 8 4 6 2
8 4 3 2 7 6 5 1 9
6 2 1 9 5 4 3 8 7
3
7 3 2 1 6 5 4 9 8
8 4 9 2 7 3 5 1 6
6 5 1 9 8 4 3 2 7
1 6 5 4 9 8 7 3 2
2 7 3 5 1 6 8 4 9
9 8 4 3 2 7 6 5 1
4 9 8 7 3 2 1 6 5
5 1 6 8 4 9 2 7 3
3 2 7 6 5 1 9 8 4
3
1 3 8 4 6 2 7 9 5
5 7 6 8 1 9 2 4 3
9 2 4 3 5 7 6 8 1
4 6 2 7 9 5 1 3 8
8 1 9 2 4 3 5 7 6
3 5 7 6 8 1 9 2 4
7 9 5 1 3 8 4 6 2
2 4 3 5 7 6 8 1 9
6 8 1 9 2 4 3 5 7
3
7 3 5 1 6 8 4 9 2
8 4 9 2 7 3 5 1 6
6 2 1 9 5 4 3 8 7
1 6 8 4 9 2 7 3 5
2 7 3 5 1 6 8 4 9
9 5 4 3 8 7 6 2 1
4 9 2 7 3 5 1 6 8
5 1 6 8 4 9 2 7 3
3 8 7 6 2 1 9 5 4
3
139 138 140 142 141 143 136 144 137
137 142 141 140 136 144 143 139 138
144 143 136 138 137 139 141 140 142
142 141 143 136 144 137 139 138 140
140 136 144 143 139 138 137 142 141
138 137 139 141 140 142 144 143 136
136 144 137 139 138 140 142 141 143
143 139 138 137 142 141 140 136 144
141 140 142 144 143 136 138 137 139
3
1 9 8 4 3 2 7 6 5
5 7 3 8 1 6 2 4 9
6 2 4 9 5 7 3 8 1
4 3 2 7 6 5 1 9 8
8 1 6 2 4 9 5 7 3
9 5 7 3 8 1 6 2 4
7 6 5 1 9 8 4 3 2
2 4 9 5 7 3 8 1 6
3 8 1 6 2 4 9 5 7
3
53 58 57 56 52 51 50 55 54
54 50 55 57 53 58 51 56 52
52 51 56 55 54 50 58 57 53
56 52 51 50 55 54 53 58 57
57 53 58 51 56 52 54 50 55
55 54 50 58 57 53 52 51 56
50 55 54 53 58 57 56 52 51
51 56 52 54 50 55 57 53 58
58 57 53 52 51 56 55 54 50
3
7 3 5 1 6 8 4 9 2
8 1 9 2 4 3 5 7 6
6 2 4 9 5 7 3 8 1
1 6 8 4 9 2 7 3 5
2 4 3 5 7 6 8 1 9
9 5 7 3 8 1 6 2 4
4 9 2 7 3 5 1 6 8
5 7 6 8 1 9 2 4 3
3 8 1 6 2 4 9 5 7
3
1 9 2 4 3 5 7 6 8
5 7 6 8 1 9 2 4 3
3 8 4 6 2 7 9 5 1
4 3 5 7 6 8 1 9 2
8 1 9 2 4 3 5 7 6
6 2 7 9 5 1 3 8 4
7 6 8 1 9 2 4 3 5
2 4 3 5 7 6 8 1 9
9 5 1 3 8 4 6 2 7
3
4 6 8 7 9 2 1 3 5
5 7 9 8 1 3 2 4 6
3 2 1 6 5 4 9 8 7
7 9 2 1 3 5 4 6 8
8 1 3 2 4 6 5 7 9
6 5 4 9 8 7 3 2 1
1 3 5 4 6 8 7 9 2
2 4 6 5 7 9 8 1 3
9 8 7 3 2 1 6 5 4
3
1 6 2 4 9 5 7 3 8
8 4 9 2 7 3 5 1 6
3 5 7 6 8 1 9 2 4
4 9 5 7 3 8 1 6 2
2 7 3 5 1 6 8 4 9
6 8 1 9 2 4 3 5 7
7 3 8 1 6 2 4 9 5
5 1 6 8 4 9 2 7 3
9 2 4 3 5 7 6 8 1
3
7 6 5 1 9 8 4 3 2
8 4 9 2 7 3 5 1 6
3 2 1 6 5 4 9 8 7
1 9 8 4 3 2 7 6 5
2 7 3 5 1 6 8 4 9
6 5 4 9 8 7 3 2 1
4 3 2 7 6 5 1 9 8
5 1 6 8 4 9 2 7 3
9 8 7 3 2 1 6 5 4
3
1 9 5 4 3 8 7 6 2
2 4 3 5 7 6 8 1 9
6 8 7 9 2 1 3 5 4
4 3 8 7 6 2 1 9 5
5 7 6 8 1 9 2 4 3
9 2 1 3 5 4 6 8 7
7 6 2 1 9 5 4 3 8
8 1 9 2 4 3 5 7 6
3 5 4 6 8 7 9 2 1
3
4 3 8 7 6 2 1 9 5
2 7 6 5 1 9 8 4 3
9 5 1 3 8 4 6 2 7
7 6 2 1 9 5 4 3 8
5 1 9 8 4 3 2 7 6
3 8 4 6 2 7 9 5 1
1 9 5 4 3 8 7 6 2
8 4 3 2 7 6 5 1 9
6 2 7 9 5 1 3 8 4
3
1 6 8 4 9 2 7 3 5
2 4 3 5 7 6 8 1 9
9 5 7 3 8 1 6 2 4
4 9 2 7 3 5 1 6 8
5 7 6 8 1 9 2 4 3
3 8 1 6 2 4 9 5 7
7 3 5 1 6 8 4 9 2
8 1 9 2 4 3 5 7 6
6 2 4 9 5 7 3 8 1
3
4 6 5 7 9 8 1 3 2
2 1 3 5 4 6 8 7 9
9 8 7 3 2 1 6 5 4
7 9 8 1 3 2 4 6 5
5 4 6 8 7 9 2 1 3
3 2 1 6 5 4 9 8 7
1 3 2 4 6 5 7 9 8
8 7 9 2 1 3 5 4 6
6 5 4 9 8 7 3 2 1
3
1 6 5 4 9 8 7 3 2
2 4 9 5 7 3 8 1 6
3 8 7 6 2 1 9 5 4
4 9 8 7 3 2 1 6 5
5 7 3 8 1 6 2 4 9
6 2 1 9 5 4 3 8 7
7 3 2 1 6 5 4 9 8
8 1 6 2 4 9 5 7 3
9 5 4 3 8 7 6 2 1
3
96 98 100 99 101 103 102 104 97
103 102 104 97 96 98 100 99 101
101 97 99 104 100 102 98 103 96
99 101 103 102 104 97 96 98 100
97 96 98 100 99 101 103 102 104
104 100 102 98 103 96 101 97 99
102 104 97 96 98 100 99 101 103
100 99 101 103 102 104 97 96 98
98 103 96 101 97 99 104 100 102
3
4 6 5 7 9 8 1 3 2
8 1 9 2 4 3 5 7 6
3 2 7 6 5 1 9 8 4
7 9 8 1 3 2 4 6 5
2 4 3 5 7 6 8 1 9
6 5 1 9 8 4 3 2 7
1 3 2 4 6 5 7 9 8
5 7 6 8 1 9 2 4 3
9 8 4 3 2 7 6 5 1
3
4 9 8 7 3 2 1 6 5
2 1 6 5 4 9 8 7 3
3 5 7 6 8 1 9 2 4
7 3 2 1 6 5 4 9 8
5 4 9 8 7 3 2 1 6
6 8 1 9 2 4 3 5 7
1 6 5 4 9 8 7 3 2
8 7 3 2 1 6 5 4 9
9 2 4 3 5 7 6 8 1
3
44 46 42 38 40 45 41 43 39
39 38 43 42 41 46 45 44 40
40 45 41 43 39 44 46 42 38
38 40 45 41 43 39 44 46 42
42 41 46 45 44 40 39 38 43
43 39 44 46 42 38 40 45 41
41 43 39 44 46 42 38 40 45
45 44 40 39 38 43 42 41 46
46 42 38 40 45 41 43 39 44
3
4 6 8 7 9 2 1 3 5
5 7 9 8 1 3 2 4 6
3 2 1 6 5 4 9 8 7
7 9 2 1 3 5 4 6 8
8 1 3 2 4 6 5 7 9
6 5 4 9 8 7 3 2 1
1 3 5 4 6 8 7 9 2
2 4 6 5 7 9 8 1 3
9 8 7 3 2 1 6 5 4
3
109 111 110 103 105 104 106 108 107
104 106 108 107 109 111 110 103 105
105 107 103 108 110 106 111 104 109
103 105 104 106 108 107 109 111 110
107 109 111 110 103 105 104 106 108
108 110 106 111 104 109 105 107 103
106 108 107 109 111 110 103 105 104
110 103 105 104 106 108 107 109 111
111 104 109 105 107 103 108 110 106
3
1 6 8 4 9 2 7 3 5
2 4 3 5 7 6 8 1 9
9 5 7 4 8 1 6 2 4
4 9 2 7 3 5 1 6 8
5 7 6 8 1 9 2 4 3
3 8 1 6 2 4 9 5 7
7 3 5 1 6 8 4 9 2
8 1 9 2 4 3 5 7 6
6 2 4 9 5 7 3 8 1
3
1 6 5 4 9 8 7 3 2
8 7 3 2 1 6 5 4 9
9 2 4 3 5 7 6 8 1
4 9 8 7 3 2 1 6 5
2 1 6 5 4 9 8 7 3
3 5 7 6 8 1 9 2 4
7 3 2 1 6 5 4 9 8
5 4 9 8 7 3 2 1 6
6 8 1 9 2 4 3 5 7
3
4 3 8 7 6 2 1 9 5
2 1 6 5 4 9 8 7 3
9 5 7 3 8 1 6 2 4
7 6 2 1 9 5 4 3 8
5 4 9 8 7 3 2 1 6
3 8 1 6 2 4 9 5 7
1 9 5 4 3 8 7 6 2
8 7 3 2 1 6 5 4 9
6 2 4 9 5 7 3 8 1
3
1 6 2 4 9 5 7 3 8
8 4 9 2 7 3 5 1 6
3 5 7 6 8 1 9 2 4
4 9 5 7 3 8 1 6 2
2 7 3 5 1 6 8 4 9
6 8 1 9 2 4 3 5 7
7 3 8 1 6 2 4 9 5
5 1 6 8 4 9 2 7 3
9 2 4 3 5 7 6 8 1
3
4 9 5 7 3 8 1 6 2
2 1 3 5 4 6 8 7 9
6 8 7 9 2 1 3 5 4
7 3 8 1 6 2 4 9 5
5 4 6 8 7 9 2 1 3
9 2 1 3 5 4 6 8 7
1 6 2 4 9 5 7 3 8
8 7 9 2 1 3 5 4 6
3 5 4 6 8 7 9 2 1
3
4 9 8 7 3 2 1 6 5
5 7 6 8 1 9 2 4 3
3 2 1 6 5 4 9 8 7
7 3 2 1 6 5 4 9 8
8 1 9 2 4 3 5 7 6
6 5 4 9 8 7 3 2 1
1 6 5 4 9 8 7 3 2
2 4 3 5 7 6 8 1 9
9 8 7 3 2 1 6 5 4
3
4 9 8 7 3 2 1 6 5
5 1 3 8 4 6 2 7 9
6 2 7 9 5 1 3 8 4
7 3 2 1 6 5 4 9 8
8 4 6 2 7 9 5 1 3
9 5 1 3 8 4 6 2 7
1 6 5 4 9 8 7 3 2
2 7 9 5 1 3 8 4 6
3 8 4 6 2 7 9 5 1
3
7 9 5 1 3 8 4 6 2
2 4 6 5 7 9 8 1 3
3 8 1 6 2 4 9 5 7
1 3 8 4 6 2 7 9 5
5 7 9 8 1 3 2 4 6
6 2 4 9 5 7 3 8 1
4 6 2 7 9 5 1 3 8
8 1 3 2 4 6 5 7 9
9 5 7 3 8 1 6 2 4
3
7 6 5 1 9 8 4 3 2
8 4 3 2 7 6 5 1 9
9 2 1 3 5 4 6 8 7
1 9 8 4 3 2 7 6 5
2 7 6 5 1 9 8 4 3
3 5 4 6 8 7 9 2 1
4 3 2 7 6 5 1 9 8
5 1 9 8 4 3 2 7 6
6 8 7 9 2 1 3 5 4
3
4 9 2 7 3 5 1 6 8
8 1 3 2 5 6 5 7 9
6 5 7 9 8 1 3 2 4
7 3 5 1 6 8 4 9 2
2 4 6 5 7 9 8 1 3
9 8 1 3 2 4 6 5 7
1 6 8 4 9 2 7 3 5
5 7 9 8 1 3 2 4 6
3 2 4 6 5 7 9 8 1
3
4 6 2 7 9 5 1 3 8
8 7 3 2 1 6 5 4 9
9 5 1 3 8 4 6 2 7
7 9 5 1 3 8 4 6 2
2 1 6 5 4 9 8 7 3
3 8 4 6 2 7 9 5 1
1 3 8 4 6 2 7 9 5
5 4 9 8 7 3 2 1 6
6 2 7 9 5 1 3 8 4
3
79 84 86 82 87 80 85 81 83
80 82 81 83 85 84 86 79 87
87 83 85 81 86 79 84 80 82
82 87 80 85 81 83 79 84 86
83 85 84 86 79 87 80 82 81
81 86 79 84 80 82 87 83 85
85 81 83 79 84 86 82 87 80
86 79 87 80 82 81 83 85 84
84 80 82 87 83 85 81 86 79
3
4 9 5 7 3 8 1 6 2
2 1 6 5 4 9 8 7 3
3 8 7 6 2 1 9 5 4
7 3 8 1 6 2 4 9 5
5 4 9 8 7 3 2 1 6
6 2 1 9 5 4 3 8 7
1 6 2 4 9 5 7 3 8
8 7 3 2 1 6 5 4 9
9 5 4 3 8 7 6 2 1
3
7 6 8 1 9 2 4 3 5
2 4 3 5 7 6 8 1 9
9 5 1 3 8 4 6 2 7
1 9 2 4 3 5 7 6 8
5 7 6 8 1 9 2 4 3
3 8 4 6 2 7 9 5 1
4 3 5 7 6 8 1 9 2
8 1 9 2 4 3 5 7 6
6 2 7 9 5 1 3 8 4
3
7 6 2 1 9 5 4 3 8
8 1 3 2 4 6 5 7 9
9 5 4 3 8 7 6 2 1
1 9 5 4 3 8 7 6 2
2 4 6 5 7 9 8 1 3
3 8 7 6 2 1 9 5 4
4 3 8 7 6 2 1 9 5
5 7 9 8 1 3 2 4 6
6 2 1 9 5 4 3 8 7
3
4 3 2 7 6 5 1 9 8
8 7 6 2 1 9 5 4 3
9 5 1 3 8 4 6 2 7
7 6 5 1 9 8 4 3 2
2 1 9 5 4 3 8 7 6
3 8 4 6 2 7 9 5 1
1 9 8 4 3 2 7 6 5
5 4 3 8 7 6 2 1 9
6 2 7 9 5 1 3 8 4
3
7 9 5 1 3 8 4 6 2
8 4 3 2 7 6 5 1 9
6 2 1 9 5 4 3 8 7
1 3 8 4 6 2 7 9 5
2 7 6 5 1 9 8 4 3
9 5 4 3 8 7 6 2 1
4 6 2 7 9 5 1 3 8
5 1 9 8 4 3 2 7 6
3 8 7 6 2 1 9 5 4
3
1 3 2 4 6 5 7 9 8
5 7 9 8 1 3 2 4 6
6 8 4 9 2 7 3 5 1
4 6 5 7 9 8 1 3 2
8 1 3 2 4 6 5 7 9
9 2 7 3 5 1 6 8 4
7 9 8 1 3 2 4 6 5
2 4 6 5 7 9 8 1 3
3 5 1 6 8 4 9 2 7
3
4 6 2 7 9 5 1 3 8
5 1 9 8 4 3 2 7 6
3 8 7 6 2 1 9 5 4
7 9 5 1 3 8 4 6 2
8 4 3 2 7 6 5 2 9
6 2 1 9 5 4 3 8 7
1 3 8 4 6 2 7 9 5
2 7 6 5 1 9 8 4 3
9 5 4 3 8 7 6 2 1
3
4 3 2 7 6 5 1 9 8
5 1 6 8 4 9 2 7 3
9 8 7 3 2 1 6 5 4
7 6 5 1 9 8 4 3 2
8 4 9 2 7 3 5 1 6
3 2 1 6 5 4 9 8 7
1 9 8 4 3 2 7 6 5
2 7 3 5 1 6 8 4 9
6 5 4 9 8 7 3 2 1
3
48 53 49 51 56 52 54 50 55
55 51 50 49 54 53 52 48 56
56 52 54 50 55 48 53 49 51
51 56 52 54 50 55 48 53 49
49 54 53 52 48 56 55 51 50
50 55 48 53 49 51 56 52 54
54 50 55 48 53 49 51 56 52
52 48 56 55 51 50 49 54 53
53 49 51 56 52 54 50 55 48
3
7 3 5 1 6 8 4 9 2
8 1 6 2 4 9 5 7 3
9 2 4 3 5 7 6 8 1
1 6 8 4 9 2 7 3 5
2 4 9 5 7 3 8 1 6
3 5 7 6 8 1 9 2 4
4 9 3 7 3 5 1 6 8
5 7 3 8 1 6 2 4 9
6 8 1 9 2 4 3 5 7
3
7 9 2 1 3 5 4 6 8
8 4 6 2 7 9 5 1 3
3 5 1 6 8 4 9 2 7
1 3 5 4 6 8 7 9 2
2 7 9 5 1 3 8 4 6
6 8 4 9 2 7 3 5 1
4 6 8 7 9 2 1 3 5
5 1 3 8 4 6 2 7 9
9 2 7 3 5 1 6 8 4
3
4 3 8 7 6 2 1 9 5
2 7 9 5 1 3 8 4 6
6 5 1 9 8 4 3 2 7
7 6 2 1 9 5 4 3 8
5 1 3 8 4 6 2 7 9
9 8 4 3 2 7 6 5 1
1 9 5 4 3 8 7 6 2
8 4 6 2 7 9 5 1 3
3 2 7 6 5 1 9 8 4
3
4 3 2 7 6 5 1 9 8
5 1 6 8 4 9 2 7 3
9 8 7 3 2 1 6 5 4
7 6 5 1 9 8 4 3 2
8 4 9 2 7 3 5 1 6
3 2 1 6 5 4 9 8 7
1 9 8 4 3 2 7 6 5
2 7 3 5 1 6 8 4 9
6 5 4 9 8 7 3 2 1
3
4 9 9 7 3 2 1 6 5
5 1 3 8 4 6 2 7 9
6 2 7 9 5 1 3 8 4
7 3 2 1 6 5 4 9 8
8 4 6 2 7 9 5 1 3
9 5 1 3 8 4 6 2 7
1 6 5 4 9 8 7 3 2
2 7 9 5 1 3 8 4 6
3 8 4 6 2 7 9 5 1
3
7 9 8 1 3 2 4 6 5
5 1 6 8 4 9 2 7 3
3 2 4 7 5 7 9 8 1
1 3 2 4 6 5 7 9 8
8 4 9 2 7 3 5 1 6
6 5 7 9 8 1 3 2 4
4 6 5 7 9 8 1 3 2
2 7 3 5 1 6 8 4 9
9 8 1 3 2 4 6 5 7
3
7 3 8 1 6 2 4 9 5
2 1 9 5 4 3 8 7 6
6 5 4 9 8 7 3 2 1
1 6 2 4 9 5 7 3 8
5 4 3 8 7 6 2 1 9
9 8 7 3 2 1 6 5 4
4 9 5 7 3 8 1 6 2
8 7 6 2 1 9 5 4 3
3 2 1 6 5 4 9 8 7
3
7 6 5 1 9 8 4 3 2
2 4 9 5 7 3 8 1 6
3 8 1 6 2 4 9 5 7
1 9 8 4 3 2 7 6 5
5 7 3 8 1 6 2 4 9
6 2 4 9 5 7 3 8 1
4 3 2 7 6 5 1 9 8
8 1 6 2 4 9 5 7 3
9 5 7 3 8 1 6 2 4
3
7 3 5 1 6 8 4 9 2
8 1 6 2 4 9 5 7 3
9 2 4 3 5 7 6 8 1
1 6 8 4 9 2 7 3 5
2 4 9 5 7 3 8 1 6
3 5 7 6 8 1 9 2 4
4 9 2 7 3 5 1 6 8
5 7 4 8 1 6 2 4 9
6 8 1 9 2 4 3 5 7
3
4 6 5 7 9 8 1 3 2
8 1 9 2 4 3 5 7 6
3 2 7 6 5 1 9 8 4
7 9 8 1 3 2 4 6 5
2 4 3 5 7 6 8 1 9
6 5 1 9 8 4 3 2 7
1 3 2 4 6 5 7 9 8
5 7 6 8 1 9 2 4 3
9 8 4 3 2 7 6 5 1
3
4 6 5 7 9 8 1 3 2
2 1 3 5 4 6 8 7 9
9 8 7 3 2 1 6 5 4
7 9 8 1 3 2 4 6 5
5 4 6 8 7 9 2 1 3
3 2 1 6 5 4 9 8 7
1 3 2 4 6 5 7 9 8
8 7 9 2 1 3 5 4 6
6 5 4 9 8 7 3 2 1
3
5 5 5 5 5 5 5 5 5
5 5 5 5 5 5 5 5 5
5 5 5 5 5 5 5 5 5
5 5 5 5 5 5 5 5 5
5 5 5 5 5 5 5 5 5
5 5 5 5 5 5 5 5 5
5 5 5 5 5 5 5 5 5
5 5 5 5 5 5 5 5 5
5 5 5 5 5 5 5 5 5
3
4 6 2 7 9 5 1 3 8
8 7 9 2 1 3 5 4 6
3 5 1 6 8 4 9 2 7
7 9 5 1 3 8 4 6 2
2 1 3 5 4 6 8 7 9
6 8 4 9 2 7 3 5 1
1 3 8 4 6 2 7 9 5
5 4 6 8 7 9 2 1 3
9 2 7 3 5 1 6 8 4
3
416 418 414 419 421 417 413 415 420
420 419 415 414 413 418 417 416 421
421 417 413 415 420 416 418 414 419
419 421 417 413 415 420 416 418 414
414 413 418 417 416 421 420 419 415
415 420 416 418 414 419 421 417 413
413 415 420 416 418 414 419 421 417
417 416 421 420 419 415 414 413 418
418 414 419 421 417 413 415 420 416
3
7 6 8 1 9 2 4 3 5
5 1 9 8 4 3 2 7 6
3 2 4 6 5 7 9 8 1
1 9 2 4 3 5 7 6 8
8 4 3 2 7 6 5 1 9
6 5 7 9 8 1 3 2 4
4 3 5 7 6 8 1 9 2
2 7 6 5 1 9 8 4 3
9 8 1 3 2 4 6 5 7
3
7 3 8 1 6 2 4 9 5
5 1 6 8 4 9 2 7 3
9 2 4 3 5 7 6 8 1
1 6 2 4 9 5 7 3 8
8 4 9 2 7 3 5 1 6
3 5 7 6 8 1 9 2 4
4 9 5 7 3 8 1 6 2
2 7 3 5 1 6 8 4 9
6 8 1 9 2 4 3 5 7
3
4 9 8 7 3 2 1 6 5
5 7 6 8 1 9 2 4 3
3 2 1 6 5 4 9 8 7
7 3 2 1 6 5 4 9 8
8 1 9 2 4 3 5 7 6
6 5 4 9 8 7 3 2 1
1 6 5 4 9 8 7 3 2
2 4 3 5 7 6 8 1 9
9 8 7 3 2 1 6 5 4
3
7 6 8 1 9 2 4 3 5
2 1 3 5 4 6 8 7 9
9 5 4 3 8 7 6 2 1
1 9 2 4 3 5 7 6 8
5 4 6 9 7 9 2 1 3
3 8 7 6 2 1 9 5 4
4 3 5 7 6 8 1 9 2
8 7 9 2 1 3 5 4 6
6 2 1 9 5 4 3 8 7
3
4 9 8 7 3 2 1 6 5
2 1 3 5 4 6 8 7 9
6 5 7 9 8 1 3 2 4
7 3 2 1 6 5 4 9 8
5 4 6 8 7 9 2 1 3
9 8 1 3 2 4 6 5 7
1 6 5 4 9 8 7 3 2
8 7 9 2 1 3 5 4 6
3 2 4 6 5 7 9 8 1
3
7 9 5 2 3 8 4 6 2
8 4 3 2 7 6 5 1 9
6 2 1 9 5 4 3 8 7
1 3 8 4 6 2 7 9 5
2 7 6 5 1 9 8 4 3
9 5 4 3 8 7 6 2 1
4 6 2 7 9 5 1 3 8
5 1 9 8 4 3 2 7 6
3 8 7 6 2 1 9 5 4
3
4 6 2 7 9 5 1 3 8
8 7 3 2 1 6 5 4 9
9 5 1 3 8 4 6 2 7
7 9 5 1 3 8 4 6 2
2 1 6 5 4 9 8 7 3
3 8 4 6 2 7 9 5 1
1 3 8 4 6 2 7 9 5
5 4 9 8 7 3 2 1 6
6 2 7 9 5 1 3 8 4
3
115 123 122 118 117 116 121 120 119
119 121 117 122 115 120 116 118 123
120 116 118 123 119 121 117 122 115
118 117 116 121 120 119 115 123 122
122 115 120 116 118 123 119 121 117
123 119 121 117 122 115 120 116 118
121 120 119 115 123 122 118 117 116
116 118 123 119 121 117 122 115 120
117 122 115 120 116 118 123 119 121
3
7 3 5 1 6 8 4 9 2
2 1 6 5 4 9 8 7 3
9 8 4 3 2 7 6 5 1
1 6 8 4 9 2 7 3 5
5 4 9 8 7 3 2 1 6
3 2 7 6 5 1 9 8 4
4 9 2 7 3 5 1 6 8
9 7 3 2 1 6 5 4 9
6 5 1 9 8 4 3 2 7
3
7 3 5 1 6 8 4 9 2
8 1 9 2 4 3 5 7 6
6 2 4 9 5 7 3 8 1
1 6 8 4 9 2 7 3 5
2 4 3 5 7 6 8 1 9
9 5 7 3 8 1 6 2 4
4 9 2 7 3 5 1 6 8
5 7 6 8 1 9 2 4 3
3 8 1 6 2 5 9 5 7
3
1 9 2 4 3 5 7 6 8
8 4 6 2 7 9 5 1 3
3 5 7 6 8 1 9 2 4
4 3 5 7 6 8 1 9 2
2 7 9 5 1 3 8 4 6
6 8 1 9 2 4 3 5 7
7 6 8 1 9 2 4 3 5
5 1 3 8 4 6 2 7 9
9 2 4 3 5 7 6 8 1
3
7 3 2 1 6 5 4 9 8
8 1 9 2 4 3 5 7 6
6 5 4 9 8 7 3 2 1
1 6 5 4 9 8 7 3 2
2 4 3 5 7 6 8 1 9
9 8 7 3 2 1 6 5 4
4 9 8 7 3 2 1 6 5
5 7 6 8 1 9 2 4 3
3 2 1 6 5 4 9 8 7
3
1 9 2 4 3 5 7 6 8
8 7 3 2 1 6 6 4 9
6 5 4 9 8 7 3 2 1
4 3 5 7 6 8 1 9 2
2 1 6 5 4 9 8 7 3
9 8 7 3 2 1 6 5 4
7 6 8 1 9 2 4 3 5
5 4 9 8 7 3 2 1 6
3 2 1 6 5 4 9 8 7
3
1 3 5 4 6 8 7 9 2
8 4 6 2 7 9 5 1 3
9 2 7 3 5 1 6 8 4
4 6 8 7 9 2 1 3 5
2 7 9 5 1 3 8 4 6
3 5 1 6 8 4 9 2 7
7 9 2 1 3 5 4 6 8
5 1 3 8 4 6 2 7 9
6 8 4 9 2 7 3 5 1
3
7 9 2 1 3 5 4 6 8
8 4 3 2 7 6 5 1 9
6 5 1 9 8 4 3 2 7
1 3 5 4 6 9 7 9 2
2 7 6 5 1 9 8 4 3
9 8 4 3 2 7 6 5 1
4 6 8 7 9 2 1 3 5
5 1 9 8 4 3 2 7 6
3 2 7 6 5 1 9 8 4
3
5 5 5 5 5 5 5 5 5
5 5 5 5 5 5 5 5 5
5 5 5 5 5 5 5 5 5
5 5 5 5 5 5 5 5 5
5 5 5 5 5 5 5 5 5
5 5 5 5 5 5 5 5 5
5 5 5 5 5 5 5 5 5
5 5 5 5 5 5 5 5 5
5 5 5 5 5 5 5 5 5
3
4 3 5 7 6 8 1 9 2
8 1 9 2 4 3 5 7 6
6 2 7 9 5 1 3 8 4
7 6 8 1 9 2 4 3 5
2 4 3 5 7 6 8 1 9
9 5 1 3 8 5 6 2 7
1 9 2 4 3 5 7 6 8
5 7 6 8 1 9 2 4 3
3 8 4 6 2 7 9 5 1
3
1 3 8 4 6 2 7 9 5
5 7 6 8 1 9 2 4 3
9 2 4 3 5 7 6 8 1
4 6 2 7 9 5 1 3 8
8 1 9 2 4 3 5 7 6
3 5 7 6 8 1 9 2 4
7 9 5 1 3 8 4 6 2
2 4 3 5 7 6 8 1 9
6 8 1 9 2 4 3 5 7
3
1 6 5 4 9 8 7 3 2
8 4 3 2 7 6 5 1 9
9 2 7 3 5 1 6 8 4
4 9 8 7 3 2 1 6 5
2 7 6 5 1 9 8 4 3
3 5 1 6 8 4 9 2 7
7 3 2 1 6 5 4 9 8
5 2 9 8 4 3 2 7 6
6 8 4 9 2 7 3 5 1
3
1 3 8 4 6 2 7 9 5
2 4 6 5 7 9 8 1 3
9 5 7 3 8 1 6 2 4
4 6 2 7 9 5 1 3 8
5 7 9 8 1 3 2 4 6
3 8 1 6 2 4 9 5 7
7 9 5 1 3 8 4 6 2
8 1 3 2 4 6 5 7 9
6 2 4 9 5 7 3 8 1
3
1 6 5 4 9 8 7 3 2
2 4 9 5 7 3 8 1 6
3 8 7 6 2 1 9 5 4
4 9 8 7 3 2 1 6 5
5 7 3 8 1 6 2 4 9
6 2 1 9 5 4 3 8 7
7 3 2 1 6 5 4 9 8
8 1 6 2 4 9 5 7 3
9 5 4 3 8 7 6 2 1
