Case #1:
0.01440973
0.01440973
0.01476259
0.00012864
0.00052522
0.00012864
0.01440973
0.01721302
0.02329788
0.01721302
0.00067619
0.02329788
0.01476259
0.00364783
0.00099209
0.01440973
0.00364783
0.02329788
0.01476259
0.00121628
0.00364783
0.01440973
0.01440973
0.00364783
0.03466581
0.02329788
0.01476259
0.01440973
0.00067619
0.01440973
0.01476259
0.01440973
0.00364783
0.00364783
0.01440973
0.00364783
0.01440973
0.01721302
0.00364783
0.01440973
0.00052522
0.01476259
0.01440973
0.00012864
0.00263008
0.01476259
0.03466581
0.01476259
0.00364783
0.00364783
0.01440973
0.00620830
0.01476259
0.00099209
0.03466581
0.01440973
0.01476259
0.00364783
0.01476259
0.00012864
0.00052522
0.00052522
0.00364783
0.01440973
0.02329788
0.00620830
Case #2:
0.99000000
0.97029900
0.98010000
0.89533825
0.97029900
0.98010000
0.89533825
0.98010000
0.99000000
0.96059601
0.89533825
Case #3:
0.08872147
0.16133220
0.00029903
0.08872147
0.16133220
0.00392289
0.00408060
0.00031373
0.08872147
0.00002853
0.08872147
0.00408060
0.16133220
0.00392289
0.00392289
0.00771206
0.08872147
0.16133220
0.00099069
0.00408060
0.16133220
0.00408060
0.00408060
0.08872147
0.08872147
0.00408060
0.12109540
0.08872147
0.00408060
0.00408060
0.00251130
0.08872147
0.00217629
0.08872147
0.00007876
0.08872147
0.00052972
0.16133220
0.08872147
0.00007876
0.08872147
0.00408060
0.08872147
0.00408060
0.16133220
0.00237618
0.00408060
0.16133220
0.12109540
0.00408060
0.08872147
0.00408060
0.16133220
0.00408060
0.00189079
0.00053031
0.00408060
0.00408060
0.00408060
0.16133220
0.08872147
0.00408060
0.00099829
0.08872147
0.12109540
0.00029903
0.00408060
0.00029903
0.00408060
0.00408060
0.08872147
0.00110216
0.08872147
0.00408060
0.16133220
0.00099829
0.08872147
0.16133220
0.16133220
0.00408060
0.00053031
0.00099069
0.00771206
0.08872147
0.16133220
0.08872147
0.08872147
Case #4:
0.00291536
0.00001732
0.00253114
0.00010131
0.00000439
0.00291536
0.00001732
0.01217630
0.00001732
0.00001732
0.00005617
0.00032618
0.00001732
0.00658165
0.00291536
0.00253114
0.00291536
0.00658165
0.01217630
0.00013272
0.01217630
0.00001732
0.00658165
0.01217630
0.01217630
0.00000668
0.01217630
0.00001732
0.01217630
0.01217630
0.00001732
0.01217630
0.01217630
0.00093275
0.01217630
0.01217630
0.00253114
0.00001732
0.01217630
0.01217630
0.00000439
0.01217630
0.00010131
0.00291536
0.00001732
0.00251059
0.00001732
0.00000439
0.01217630
0.00032161
0.00001732
0.00005617
0.00658165
0.01217630
0.00291536
0.00001732
0.00251059
0.01217630
0.00001732
0.01217630
0.00010131
0.00005617
0.01217630
0.00005617
0.00001732
0.00658165
0.00001732
0.00005617
0.00013272
0.00291536
0.00000439
0.00253114
0.00002782
0.00291536
0.00010131
0.00001732
0.00001732
0.01217630
0.01217630
0.00276869
0.00658165
0.00001732
0.00005617
0.00001732
0.00093275
0.00001732
0.01217630
0.00658165
0.01217630
0.00001732
0.00032161
0.01217630
0.00658165
0.00001732
0.00005617
0.01217630
0.00000439
0.00251059
0.01217630
0.00658165
Case #5:
0.00600000
0.02000000
0.02000000
0.02100000
0.02000000
0.02100000
Case #6:
0.92274469
0.72498034
0.81790694
0.87752102
0.93206535
0.78567814
0.73230337
0.77004315
0.79361428
0.95099005
0.84294319
0.87752102
0.83451376
0.75471929
0.91351725
0.87752102
0.73970037
0.99000000
0.96059601
0.86005835
0.80972787
0.71773053
0.77782136
0.96059601
0.75471929
0.86874581
0.88638487
0.89533825
0.95099005
0.88638487
0.72498034
0.86874581
0.94148015
0.77004315
0.83451376
0.80163059
0.92274469
0.95099005
0.85145777
0.79361428
0.93206535
0.94148015
0.82616862
0.92274469
0.80972787
0.80972787
0.73970037
0.74717209
0.97029900
0.90438208
0.98010000
0.99000000
0.78567814
0.78567814
0.97029900
0.97029900
0.86005835
0.86005835
0.77782136
0.73230337
0.96059601
0.81790694
0.98010000
0.71773053
0.88638487
0.90438208
0.89533825
0.77782136
0.85145777
0.84294319
0.99000000
0.73230337
0.77004315
0.76234271
0.75471929
0.71773053
0.74717209
0.99000000
0.83451376
0.98010000
0.76234271
0.91351725
0.86874581
0.74717209
0.80163059
0.93206535
0.72498034
0.89533825
0.81790694
0.84294319
0.90438208
0.82616862
0.76234271
0.79361428
0.73970037
0.91351725
0.80163059
0.82616862
0.85145777
0.94148015
Case #7:
0.08000000
0.01000000
0.06000000
0.02000000
0.03000000
0.05000000
0.04000000
0.07000000
Case #8:
0.03763526
0.34474523
0.06732295
0.06732295
0.34474523
0.34474523
0.03763526
0.28039119
0.25367564
0.02022936
0.34474523
0.25367564
0.06732295
0.00326368
0.15552232
0.06863911
0.05813690
0.06732295
0.25367564
0.03763526
0.34474523
0.01487511
0.05813690
0.06863911
0.25367564
0.25367564
0.34474523
0.34474523
0.34474523
0.09543670
0.09543670
0.34474523
0.09543670
0.34474523
0.06732295
0.34474523
0.25367564
0.28039119
0.34474523
0.05813690
0.34474523
0.09543670
0.28039119
0.34474523
0.34474523
0.05813690
0.34474523
0.09543670
0.06732295
0.34474523
0.34474523
0.09543670
0.25367564
0.09543670
0.25367564
0.25367564
0.34474523
0.34474523
0.34474523
0.34474523
0.05813690
0.06732295
0.06732295
0.08654353
0.34474523
0.05813690
0.03811043
0.25367564
0.28039119
0.06732295
0.34474523
0.05019877
0.05813690
0.25367564
0.05813690
Case #9:
0.00019542
0.00616207
0.01787107
0.00027805
0.00027805
0.00012573
0.00616207
0.00616207
0.02763431
0.00944054
0.01787107
0.01787107
0.00944054
0.00616207
0.00352614
0.00006597
0.00005563
0.00352614
0.00944054
0.00944054
0.00616207
0.00944054
0.00006597
0.00352614
0.00944054
0.05118799
0.01787107
0.00616207
0.01787107
0.00944054
0.00352614
0.00616207
Case #10:
0.04608602
0.01572507
0.04608602
0.01104359
0.04608602
0.04608602
0.04608602
0.00869695
0.01572507
0.03564230
0.04608602
0.01572507
0.12782610
0.04608602
0.03564230
0.03122695
0.02744743
0.04608602
0.04608602
0.00722968
0.01757786
0.04608602
0.00540993
0.04608602
0.01103793
0.01104359
0.01104359
0.04767399
0.04608602
0.01525383
0.00869695
0.03122695
0.03122695
0.01104359
0.04608602
0.01104359
0.01572507
0.01103793
0.01572507
0.01104359
0.03122695
0.04608602
0.12782610
0.03796564
0.01103793
0.04767399
0.01572507
0.00722968
0.00783589
0.01757786
0.04608602
0.01103793
0.04608602
Case #11:
0.00664836
0.00295580
0.00295580
0.00295580
0.00633865
0.00664836
0.00487065
0.00295580
0.00295580
0.05854537
0.00046416
0.00295580
0.00653670
0.00295580
0.00046416
0.00110233
0.00295580
0.00046416
0.00653670
0.04569620
0.03658076
0.00487065
0.00487065
0.00295580
0.00214764
0.03658076
0.05854537
0.00295580
0.08124343
0.00653670
0.03658076
0.00633865
0.00295580
0.00000066
0.05854537
0.00295580
0.00295580
0.08124343
0.03658076
0.00295580
0.00664836
0.00295580
0.08124343
0.00487065
0.00653670
0.03032946
0.00295580
0.00295580
0.00653670
0.00295580
0.00295580
0.00214764
0.03032946
0.00013284
0.00653670
0.08124343
0.00295580
0.00653670
Case #12:
0.00137387
0.00316867
0.00316867
0.00137387
0.00229308
0.00137387
0.00001136
0.00316867
0.00137387
0.00137387
0.00137387
0.00316867
0.00263633
0.00033310
0.00354094
0.00137387
0.00316867
0.00137387
0.00229308
0.00001136
0.00002799
0.00137387
0.00316867
0.00316867
0.00137387
0.00229308
0.00137387
0.00002799
0.00033310
0.00137387
0.00137387
0.00316867
0.00354094
0.00002046
0.00149932
0.00316867
0.00137387
0.00316867
0.00137387
0.00316867
0.00026043
0.00316867
0.00137387
0.00263633
0.00149932
0.00316867
0.00014334
0.00316867
0.00137387
0.00316867
0.00149932
0.00316867
0.00149932
0.00229308
0.00137387
0.00014334
0.00263633
0.00137387
0.00033310
0.00137387
0.00137387
0.00033310
0.00316867
0.00263633
0.00137387
0.00316867
0.00316867
0.00316867
0.00316867
0.00001136
0.00137387
0.00263633
0.00026043
0.00316867
0.00137387
0.00229308
0.00137387
0.00002799
0.00316867
0.00316867
0.00137387
0.00137387
0.00316867
0.00263633
Case #13:
0.50000000
0.25000000
Case #14:
0.02813184
0.00227151
0.00227151
0.00187501
0.00227151
0.00001128
0.00227151
0.00280580
0.00001128
0.00404594
0.00280580
0.00258678
0.00001689
0.00119356
0.00008797
0.00000683
0.00005557
0.00227151
0.00187501
0.00008797
0.00280580
0.00227151
0.00001128
0.00280580
0.00227151
0.00280580
0.00280580
0.00000683
0.00404594
0.02813184
0.00001128
0.00280580
0.00007144
0.00129808
0.00280580
0.00187501
0.00404594
0.00001689
0.00000683
Case #15:
0.01984890
0.02862490
0.02135914
0.01161054
0.00570386
0.02135914
0.00282982
0.06188966
0.02135914
0.02862490
0.02135914
0.02135914
0.06188966
0.06188966
0.06188966
0.00267905
0.02135914
0.00310151
0.02135914
0.00310151
0.02135914
0.06188966
0.01984890
0.02135914
0.06188966
0.02135914
0.00570386
0.02862490
0.02135914
0.00310151
0.02862490
0.06188966
0.06188966
0.00310151
0.06188966
0.06188966
0.06188966
0.00570386
0.00310151
0.06188966
0.00973724
0.02862490
0.06188966
0.00267905
0.06188966
0.02135914
0.00310151
0.06188966
0.01984890
0.00310151
0.02135914
0.02135914
0.02074467
0.01984890
0.00000275
0.00310151
0.00310151
0.02862490
0.02135914
0.01984890
Case #16:
0.07584898
0.21571010
0.04027865
0.01177285
0.01177285
0.01277618
0.12462906
0.01216336
0.01814866
0.05572637
0.07584898
0.07584898
0.04027865
0.12462906
0.00856877
0.21571010
0.05394516
0.00856877
0.04027865
0.01177285
0.12462906
0.01547497
0.04027865
0.05572637
0.01177285
0.04027865
0.01814866
0.21571010
0.21571010
0.01177285
0.12462906
0.01547497
0.04027865
0.07584898
0.04027865
0.12462906
0.04027865
0.01547497
0.04466066
0.04027865
0.07584898
0.04466066
0.01177285
0.07584898
0.00004064
0.07584898
0.07584898
0.07584898
Case #17:
0.00653669
0.00007728
0.00001214
0.06805515
0.00646801
0.00653669
0.00653669
0.00653669
0.00646801
0.04531525
0.00653669
0.00653669
0.00646801
0.00653669
0.00653669
0.00653669
0.00259430
0.00653669
0.00259430
0.04531525
0.00514651
0.04531525
0.00653669
0.00259430
0.00653669
0.00653669
0.00006517
0.04531525
0.00653669
0.00653669
0.00259430
0.06805515
0.00259430
0.00646801
0.00000136
0.00653669
0.04531525
0.00653669
0.04531525
0.00001214
0.00653669
Case #18:
0.06000000
0.03000000
0.05000000
0.04000000
0.07000000
0.02000000
0.01000000
0.08000000
Case #19:
0.24620737
0.03158592
0.01560186
0.05997746
0.23002642
0.05243065
0.02681183
0.00955512
0.24620737
0.03158592
0.03158592
0.10602035
0.24620737
0.01560186
0.02681183
0.24620737
0.24620737
0.24620737
0.00270436
0.24620737
0.05997746
0.03158592
0.24620737
0.03264742
0.24620737
0.24620737
0.24620737
0.24620737
0.10602035
0.03158592
0.23002642
0.23002642
0.03158592
0.02681183
0.24620737
0.00955512
0.24620737
0.24620737
0.23002642
0.03158592
0.24620737
0.05997746
0.03158592
0.00578208
0.24620737
0.01560186
0.03264742
0.24620737
0.24620737
0.00578208
0.05997746
0.24620737
0.24620737
0.24620737
0.00578208
0.03158592
0.00269782
0.24620737
0.00955512
0.00269782
0.01560186
0.24620737
0.00578208
0.01560186
0.01075125
0.01075125
0.05997746
0.00269782
0.01560186
0.03158592
0.10602035
0.00578208
0.24620737
0.23002642
0.00578208
0.05243065
0.24620737
0.03158592
0.24620737
0.00578208
0.10602035
0.03264742
0.24620737
0.02681183
0.24620737
0.00955512
0.24620737
0.10602035
0.00578208
0.10602035
Case #20:
0.70000000
0.70000000
Case #21:
0.00829930
0.00775910
0.01812740
0.00775910
0.01812740
0.00829930
0.00311587
0.00775910
0.02330619
0.01812740
0.00829930
0.00775910
0.00202440
0.02006468
0.01812740
0.00829930
0.00829930
0.02330619
0.01812740
0.02006468
0.00829930
0.00112979
0.00202440
0.00829930
0.00080088
0.00311587
0.00311587
0.00829930
0.00829930
0.01737316
0.00023517
0.01788799
0.00775910
0.00775910
0.00202440
0.01812740
0.00112979
0.00311587
0.01812740
0.00775910
0.00202440
0.00829930
0.00115677
0.01737316
0.00829930
0.00112979
0.01788799
0.00202440
0.01788799
0.00775910
0.00311587
0.00829930
0.00829930
0.00202440
0.00112979
0.00775910
0.00202440
0.00829930
0.00829930
0.01737316
0.01788799
0.00202440
0.00202440
0.02330619
0.00112979
Case #22:
0.12838036
0.11424430
0.11424430
0.11424430
0.08849058
0.12838036
0.10144311
0.11424430
0.12838036
0.11424430
0.11424430
0.11424430
0.11424430
0.08849058
0.12838036
0.12838036
0.08849058
0.08849058
0.08849058
0.11424430
0.08849058
0.05790144
0.12838036
0.02800904
0.08849058
0.11424430
0.11424430
0.11424430
0.08849058
0.05790144
0.11424430
0.11424430
0.08849058
0.12838036
0.12838036
0.08849058
0.12838036
0.11424430
0.12838036
0.11424430
0.12838036
0.01828094
0.05790144
0.14079986
0.16565117
0.12838036
0.11424430
0.09365866
0.11424430
0.12838036
0.11424430
0.12838036
0.12838036
0.10144311
0.08849058
0.12838036
0.10144311
0.08849058
0.12838036
0.05790144
0.08849058
0.08849058
0.00074350
0.12838036
0.12838036
0.09365866
0.11424430
0.12838036
0.01828094
0.12838036
0.11424430
0.08849058
0.10144311
0.11424430
Case #23:
0.00015908
0.02275952
0.02275952
0.00015908
0.01917001
0.02275952
0.02331367
0.00807357
0.02275952
0.02275952
0.00005843
0.00015908
0.17528957
0.00015908
0.17528957
0.17528957
0.00035663
0.00015908
0.02275952
0.02275952
0.00073467
0.02275952
0.02275952
0.02275952
0.02275952
0.17528957
0.00015908
0.02275952
0.00015908
0.02275952
0.00526665
0.02536605
0.02275952
0.00670515
0.02275952
0.02275952
0.00670515
0.00807357
0.02275952
0.02275952
0.02331367
0.00015908
0.02275952
0.02536605
0.02536605
0.02536605
0.02275952
Case #24:
0.01898975
0.00149695
0.01898975
0.01898975
0.02376885
0.00516267
0.00149695
0.02376885
0.02376885
0.02376885
0.00516267
0.00516267
0.00000058
0.00002182
0.02376885
0.00516267
0.02376885
0.02376885
0.00000058
0.00000058
0.00516267
0.02376885
0.02376885
0.00022079
0.02376885
0.18620456
0.00084059
0.00000018
0.18620456
0.02376885
0.00001179
0.02376885
0.02376885
0.00051554
0.00516267
0.02376885
0.04966886
0.02376885
0.02376885
0.02376885
0.00005031
0.01898975
0.01898975
0.02376885
0.00051554
0.02376885
0.02376885
0.00000058
0.02376885
0.02376885
0.01898975
0.00242023
0.18620456
0.01898975
0.00001323
0.00000008
0.01898975
0.01898975
0.18620456
0.02376885
0.00001179
0.02376885
Case #25:
0.01435518
0.05183218
0.05183218
0.05183218
0.00006234
0.05183218
0.01435518
0.01435518
0.05183218
0.05183218
0.01435518
0.05183218
0.01435518
0.05183218
0.05183218
0.00055528
0.05183218
0.05183218
0.01435518
0.01435518
0.01435518
0.00286577
0.01435518
0.01435518
0.05183218
0.01435518
0.01435518
0.05183218
0.01435518
0.05183218
0.01435518
0.05183218
0.05183218
0.00055528
0.00086070
0.05183218
0.05183218
0.05183218
0.05183218
0.05183218
0.01435518
0.05183218
0.05183218
0.01435518
0.05183218
0.05183218
0.01435518
0.00027064
0.05183218
0.05183218
0.01435518
0.01435518
0.05183218
0.00055528
0.01435518
0.01435518
0.00055528
0.05183218
0.05183218
0.05183218
0.01435518
0.05183218
0.05183218
0.01435518
0.01435518
0.01435518
0.01435518
0.01435518
0.00055528
0.01435518
0.05183218
0.01435518
0.01435518
0.00027064
0.05183218
0.01435518
0.05183218
Case #26:
0.00100540
0.36570196
0.00098560
0.36570196
0.00309804
0.04508240
0.36570196
0.00098560
0.36570196
0.36570196
0.00000675
0.36570196
0.00100540
0.01172265
0.36570196
0.00098560
0.36570196
0.00769076
0.36570196
0.36570196
0.01495686
0.00328400
0.00328400
0.36570196
0.00769076
0.01250677
0.00098560
0.36570196
0.36570196
0.00098560
0.00100540
0.36570196
0.36570196
0.36570196
0.00100540
0.04508240
0.36570196
0.36570196
0.00098560
0.00098560
0.36570196
0.36570196
0.36570196
0.00098560
0.00309804
0.36570196
0.36570196
0.36570196
0.00098560
0.36570196
0.00098560
0.00098560
0.36570196
0.36570196
0.00034974
0.00070912
0.00328400
0.36570196
0.00098560
0.00098560
0.00098560
0.01250677
0.00034974
0.36570196
0.36570196
0.00098560
0.36570196
0.36570196
0.36570196
0.00309804
0.00769076
0.00098560
0.00769076
Case #27:
0.02000000
0.00600000
0.00720000
0.02000000
0.02000000
0.02000000
0.02100000
0.00720000
0.02100000
0.02000000
Case #28:
0.09172714
0.09172714
0.00025253
0.00038973
0.09172714
0.00004195
0.00000554
0.00038973
0.00038973
0.09172714
0.00004195
0.00258318
0.09172714
0.00030849
0.09172714
0.09172714
0.09172714
0.00258318
0.02646981
0.00025253
0.00003194
0.09172714
0.01779055
0.00003194
0.00908310
0.02646981
0.00908310
0.02646981
0.00078592
0.00030849
0.00078592
0.09172714
0.09172714
0.00908310
0.00482180
0.09172714
0.00258318
0.09172714
0.09172714
0.00038973
0.02646981
0.00038973
0.09172714
0.01475872
0.00908310
0.00030849
0.00038973
0.00151004
0.00908310
0.09172714
0.02646981
0.09172714
0.00712916
0.10594549
0.00908310
0.10594549
0.09172714
0.00908310
0.00599767
0.09172714
0.00908310
0.02646981
0.09172714
0.10594549
0.00038973
Case #29:
0.00181068
0.23829202
0.23829202
0.00181068
0.00181068
0.07166544
0.23829202
0.00181068
0.23829202
0.23829202
0.07447707
0.23829202
0.05382411
0.23829202
0.02434048
0.23829202
0.07447707
0.00181068
0.07447707
0.07447707
0.02434048
0.23829202
0.00181068
0.23829202
0.04752503
0.23829202
Case #30:
0.03727659
0.21756549
0.03727659
0.09446471
0.01969858
0.03727659
0.08764308
0.03727659
0.01969858
0.05673804
0.03727659
0.02304232
0.02304232
0.02065398
0.05673804
0.00488234
0.03727659
0.05673804
0.02304232
0.01920869
0.00488234
0.06652122
0.21756549
0.01920869
0.01969858
0.21756549
0.05570340
0.06652122
0.09446471
0.03727659
0.02304232
0.00337152
0.02065398
0.05673804
0.02065398
0.21756549
0.05673804
0.21756549
0.03727659
0.02304232
0.03727659
0.03727659
0.02304232
0.03727659
0.03727659
0.02304232
0.00488234
0.02304232
0.05673804
0.02304232
0.01920869
0.05673804
0.09446471
0.02304232
0.02304232
0.21756549
0.02304232
0.21756549
0.03727659
0.01920869
0.08764308
0.01969858
0.02304232
0.01969858
0.02304232
0.02304232
0.02304232
0.02304232
0.02304232
0.21756549
0.02304232
0.05673804
0.01858183
0.02304232
0.13925514
0.00130955
0.05673804
0.05673804
0.05673804
0.00130955
0.05570340
0.21756549
0.03727659
0.05673804
0.05673804
0.13925514
0.05673804
0.02304232
Case #31:
0.04068464
0.00773416
0.04601881
0.06106665
0.00861333
0.03750605
0.06106665
0.09941559
0.06106665
0.00235802
0.09941559
0.06106665
0.09941559
0.06106665
0.04068464
0.06106665
0.08986088
0.06106665
0.09941559
0.04068464
0.11328503
0.04068464
0.06966896
0.06106665
0.00235802
0.09941559
0.09941559
0.03750605
0.06106665
0.09941559
0.09941559
0.04068464
0.09941559
0.04068464
0.04984948
0.09941559
0.06106665
0.04984948
0.11328503
0.04984948
0.04068464
0.09941559
0.00235802
0.04714578
0.09941559
0.09941559
0.00861333
0.04068464
0.04068464
0.09941559
0.09941559
0.09941559
0.03750605
0.06106665
0.00773416
0.08986088
0.09941559
0.00968535
0.04068464
0.04068464
0.09941559
0.06106665
0.06106665
0.03750605
0.06106665
0.06106665
0.09941559
0.04601881
0.11328503
0.00705648
0.04068464
0.11328503
0.04068464
0.09941559
0.00705648
Case #32:
0.00291548
0.00043416
0.00291548
0.05112596
0.05112596
0.00252065
0.00244465
0.00244465
0.00964490
0.05112596
0.00252065
0.00964490
0.00244465
0.00938274
0.00291548
0.00938274
0.00938274
0.00043416
0.05112596
0.05112596
0.00242577
0.05112596
0.00409830
0.00964490
0.00043416
0.00938274
0.00244465
0.00252065
0.00291548
0.00138245
0.05112596
0.00938274
0.05112596
0.00244465
0.01595827
0.00291548
0.00964490
0.00291548
0.05112596
0.00291548
0.00138245
0.01595827
0.00964490
0.05112596
0.00244465
0.05112596
0.05112596
0.00964490
0.00043416
0.00291548
Case #33:
0.02370075
0.25730854
0.07328743
0.25730854
0.00581933
0.07328743
0.00839910
0.03688958
0.25730854
0.25730854
0.00424001
0.07328743
0.02327475
0.02370075
0.25730854
0.25730854
0.04437183
0.25730854
0.07328743
0.25730854
0.07328743
0.25730854
0.00150502
0.00581933
0.02327475
0.25730854
0.25730854
0.06576053
0.07328743
0.06576053
0.04646589
0.00839910
0.06576053
0.07328743
0.03688958
0.04437183
0.03688958
0.25730854
0.25730854
0.25730854
0.25730854
0.07328743
0.25730854
0.10525997
0.25730854
0.02370075
0.07328743
0.25730854
0.03688958
0.00444212
0.25730854
0.07328743
0.04646589
0.25730854
0.07328743
0.25730854
0.02370075
0.00444212
0.02327475
0.07328743
0.02327475
0.02327475
0.07328743
0.00581933
0.04437183
0.07328743
0.25730854
0.07328743
0.07328743
0.03688958
0.25730854
0.25730854
0.25730854
0.02384336
0.00150502
0.04437183
0.25730854
0.01500009
0.25730854
0.25730854
0.25730854
0.07328743
0.00444212
0.25730854
0.10525997
0.25730854
0.02327475
Case #34:
0.03240000
0.00006000
0.00200000
Case #35:
0.03328053
0.00342550
0.00080689
0.00057967
0.03328053
0.00057967
0.00280834
0.00057967
0.00202266
0.00280834
0.00062164
0.00202266
0.00202266
0.00080689
0.00202266
0.00294819
0.00062164
0.00140774
0.00080689
0.00057967
0.00012740
0.01868124
0.00057967
0.00280834
0.00294819
0.00080689
0.00062164
0.00012740
0.00202266
0.00057967
0.01868124
0.00202266
0.00003785
0.03328053
0.00057967
