90
1
123 456
789 1011
3
0 0
0 1000000
1000000 0
187055 151277
4
0 0
0 1000000
1000000 0
1000000 1000000
500000 500000
4
500000 0
0 500000
500000 1000000
1000000 500000
500000 500000
4
0 2
1 6
4 4
3 0
2 3
4
0 2
1 6
3 0
4 4
2 3
4
0 2
4 4
1 6
3 0
2 3
4
0 2
4 4
3 0
1 6
2 3
4
0 2
3 0
1 6
4 4
2 3
4
0 2
3 0
4 4
1 6
2 3
4
1 6
0 2
4 4
3 0
2 3
4
1 6
0 2
3 0
4 4
2 3
4
1 6
4 4
0 2
3 0
2 3
4
1 6
4 4
3 0
0 2
2 3
4
1 6
3 0
0 2
4 4
2 3
4
1 6
3 0
4 4
0 2
2 3
4
4 4
0 2
1 6
3 0
2 3
4
4 4
0 2
3 0
1 6
2 3
4
4 4
1 6
0 2
3 0
2 3
4
4 4
1 6
3 0
0 2
2 3
4
4 4
3 0
0 2
1 6
2 3
4
4 4
3 0
1 6
0 2
2 3
4
3 0
0 2
1 6
4 4
2 3
4
3 0
0 2
4 4
1 6
2 3
4
3 0
1 6
0 2
4 4
2 3
4
3 0
1 6
4 4
0 2
2 3
4
3 0
4 4
0 2
1 6
2 3
4
3 0
4 4
1 6
0 2
2 3
45
478140 204538
221525 132564
926887 99090
123652 205927
193451 207056
410694 3007
434959 18438
10019 136077
518277 199350
65757 84412
47699 156136
153955 33020
639406 245274
338702 146402
892489 123210
616212 29974
428199 18312
194147 15750
678058 206663
675406 27047
105409 217888
312743 98626
209261 142922
933832 108139
603712 240660
932109 85143
44997 225134
454557 46804
818433 26640
33945 203406
0 499990
408053 92073
171127 244310
717256 176984
66858 85186
0 500010
751757 186138
1000000 500000
489127 74661
181321 110282
141155 101196
378373 53803
853573 163959
65142 207433
753053 153918
200000 500000
45
926502 0
510353 0
596133 0
292969 1000000
470208 0
321440 1000000
156163 0
276896 0
511209 0
740747 0
949125 0
201320 0
1030 1000000
423455 1000000
740094 1000000
18370 1000000
481091 1000000
186016 1000000
719382 1000000
296521 1000000
0 499990
887654 0
982584 0
999900 500000
732824 0
423393 1000000
904531 1000000
251677 0
406139 0
343575 0
123457 1000000
23451 1000000
315984 1000000
376043 1000000
940332 1000000
921667 0
241430 0
378912 1000000
205954 1000000
0 500010
38890 0
903263 0
828827 0
785691 1000000
831392 1000000
250000 500000
44
891176 0
576158 1000000
360061 1000000
232177 1000000
911132 0
1 499999
250112 0
999999 499999
905152 1000000
38355 0
556595 1000000
172512 1000000
768109 0
1 500001
999999 500001
267248 0
922492 0
185845 0
250775 0
716524 0
510926 1000000
210276 1000000
25743 1000000
831059 1000000
726275 1000000
628483 0
264379 0
65552 1000000
381232 1000000
719323 1000000
694700 0
424511 1000000
219604 1000000
409839 0
601044 1000000
492538 0
435315 0
373375 0
250074 1000000
362768 1000000
241309 0
185209 0
536103 1000000
90118 0
500000 500000
45
386969 321753
386969 270039
386969 118989
386969 537553
386969 287565
386969 294094
386969 380875
386969 476630
386969 786165
386969 138205
386969 849960
386969 179989
386969 844953
386969 182124
386969 14770
386969 242061
386969 676554
386969 300082
386969 653691
386969 789112
386969 101988
386969 733762
386969 569532
386969 822533
386969 976647
386969 75980
386969 491050
386969 648158
386969 287896
386969 388755
386969 709403
386969 3392
386969 258395
386969 785232
386969 178442
386969 772837
386969 696591
386969 955002
386969 306605
386969 538409
386969 154622
386969 750981
386969 628523
386969 883568
386969 421156
386969 632737
45
545048 98422
441846 98422
107247 98422
160824 98422
442869 98422
769062 98422
621423 98422
920229 98422
119428 98422
412405 98422
473505 98422
877676 98422
659555 98422
335516 98422
437278 98422
584890 98422
384374 98422
648713 98422
735808 98422
378477 98422
339742 98422
307243 98422
977384 98422
479896 98422
352775 98422
875276 98422
651021 98422
350864 98422
87403 98422
147593 98422
897785 98422
871710 98422
640203 98422
519339 98422
5134 98422
793024 98422
441855 98422
935091 98422
430274 98422
257383 98422
479671 98422
275565 98422
572641 98422
788277 98422
264490 98422
319078 98422
45
29648 44472
394124 591186
234774 352161
194988 292482
89892 134838
199992 299988
616960 925440
218466 327699
244112 366168
206520 309780
163192 244788
462692 694038
256128 384192
181672 272508
641612 962418
504736 757104
599988 899982
656454 984681
420258 630387
44916 67374
583210 874815
393930 590895
96388 144582
53136 79704
325382 488073
372568 558852
70040 105060
511554 767331
385640 578460
419368 629052
156764 235146
81450 122175
271980 407970
558730 838095
574516 861774
502066 753099
98790 148185
354110 531165
296966 445449
569840 854760
213340 320010
448330 672495
562632 843948
593510 890265
355914 533871
269768 404652
45
597648 554084
597648 321195
597648 331340
597648 110990
597648 949143
597648 319405
597648 39884
597648 763945
597648 418771
597648 644858
597648 793557
597648 876947
597648 434990
597648 480511
597648 891492
597648 412573
597648 253743
597648 864470
597648 755037
597648 418705
597648 785589
597648 815679
597648 869802
597648 122360
597648 354989
597648 709214
597648 130063
597648 453242
597648 376369
597648 907742
597648 331418
597648 909129
597648 406857
597648 544205
597648 970138
597648 371077
597648 1077
597648 708876
597648 665204
597648 19515
597648 678941
597648 106158
597648 560634
597648 628636
597648 452638
424302 592707
45
855086 901651
22525 901651
261912 901651
294584 901651
935372 901651
383056 901651
182602 901651
147799 901651
327723 901651
46573 901651
282971 901651
337134 901651
911047 901651
764483 901651
995399 901651
655778 901651
982119 901651
650069 901651
269824 901651
345225 901651
452523 901651
739793 901651
214425 901651
58654 901651
419443 901651
607526 901651
432935 901651
566639 901651
182931 901651
202282 901651
327156 901651
290194 901651
394118 901651
827204 901651
229114 901651
360631 901651
546767 901651
684989 901651
897485 901651
417421 901651
968772 901651
676753 901651
122620 901651
850413 901651
482238 901651
535288 929081
45
589005 238180
589006 447591
589005 688576
589006 754485
589005 870439
589005 147981
589005 451275
589005 451942
589005 3444
589005 591254
589005 69813
589005 925786
589005 898043
589006 103715
589006 147584
589006 835055
589005 118433
589005 794732
589005 32145
589005 313475
589006 417887
589005 784107
589006 37566
589006 174242
589005 3812
589006 304791
589006 143366
589005 571872
589005 430562
589006 369987
589005 178558
589006 51576
589006 471558
589006 529226
589005 706178
589006 264738
589005 571079
589006 356635
589005 156810
589006 156065
589006 7110
589005 771513
589006 528604
589006 474805
589006 773011
589005 737159
45
127277 295562
178692 295563
336609 295563
408843 295562
531954 295562
20124 295562
231764 295563
843060 295562
466405 295562
713857 295562
977736 295562
185038 295562
949144 295562
690721 295562
604758 295562
567946 295563
584950 295563
753057 295563
580141 295562
544427 295562
665347 295563
772203 295563
132946 295562
646577 295562
638055 295563
772378 295563
259822 295563
762105 295563
729225 295563
129694 295563
195008 295562
794461 295562
696540 295562
651406 295563
755701 295562
377901 295562
108048 295563
884964 295563
907985 295563
911762 295563
378468 295563
301183 295563
327768 295562
673316 295562
245963 295562
851609 295562
45
15705 6040
17315 7455
16485 6210
15211 4299
13923 2367
15247 4353
16807 6693
15687 6013
13899 3331
16283 5907
13489 2716
17185 7260
14415 3105
15861 6274
17547 8803
16905 6840
15035 5035
15933 6382
17977 8448
16815 6705
16617 6408
16205 6790
15889 6316
15629 4926
16291 6919
17271 7389
13419 2611
16899 6831
13615 1905
16439 7141
14763 4627
18299 8931
15797 6178
15009 3996
18669 9486
18803 9687
12657 468
14733 3582
17853 8262
14259 3871
14267 2883
13931 3379
16457 7168
14759 3621
17285 7410
18119 9661
44
204122 186706
989650 989650
239864 239864
409591 409591
431840 54386
907377 649977
317906 235375
604491 386026
734738 734738
723808 723808
23417 22947
693927 693927
584986 584986
657826 657826
983292 973041
728803 67535
793270 238322
980795 980795
606145 606145
939993 939993
213917 190548
997793 541483
555428 191735
243277 243277
797827 421235
473511 473511
119576 119576
750410 750410
232896 5149
287518 287518
716989 17899
102853 77839
557433 274670
481709 281747
532735 532735
537684 537684
222597 194178
347625 113196
790822 790822
360655 360655
318321 318321
825975 825975
876591 419454
721609 9969
24165 24164
44
20954 4005
190499 190499
479658 372672
92278 81601
498956 498956
703326 325324
955274 955274
490070 310850
8728 8728
54199 45178
437735 151167
772627 510170
990011 127385
59233 59233
586729 586729
485441 485441
108122 49134
942721 739835
621501 621501
690864 690864
629332 629332
763896 399705
781814 311664
652952 652952
237391 237391
437500 433329
982166 479411
253969 253969
898277 751231
404803 404803
59345 59345
706811 706811
611695 611695
180297 27309
689592 616842
331155 231527
830333 830333
294519 294519
532288 297514
988731 988731
256239 253938
262158 262158
763377 757710
766909 766909
329755 329755
44
305432 305432
321303 48180
30554 29258
341645 341645
185139 17614
91841 11658
427801 427801
387046 387046
181815 181815
763412 271454
306812 112143
277383 70630
711588 257666
808369 123631
639355 487042
843659 47517
272259 272259
678475 678475
380372 236487
526323 526323
163199 163199
415026 46246
852759 852759
484802 183940
254624 254624
247211 247211
371455 242272
864146 864146
470416 407780
624295 241621
417155 417155
100501 61940
163971 163971
989331 989331
550975 344813
154681 154681
689154 689154
370271 370271
257662 170470
115406 68447
368951 368951
147642 44900
105576 105576
981320 981320
297222 297223
45
504451 10686
502656 5203
496185 18028
508288 12416
494107 17863
502487 8420
504125 8307
502747 4243
499893 14905
506622 4832
491756 1396
500873 14955
494762 5639
506076 2303
497470 13189
1358 980943
17059 992904
2413 996646
12621 993341
17421 989365
9114 998743
8361 996921
10815 987268
2410 982969
14868 985304
3911 997856
2443 981921
19647 988871
17531 980714
4167 994346
995332 994539
990331 993022
990333 991670
994719 998200
991394 998655
991134 981915
984244 996649
984640 995306
987226 986909
987969 991007
983990 995894
984707 985281
985859 994355
986873 989562
991727 998657
500000 500000
45
499961 0
499994 0
499968 0
500030 0
499990 0
499959 0
499956 0
499977 0
500007 0
500000 0
500019 0
499998 0
499993 0
500004 0
499963 0
0 999946
0 999971
0 999931
0 999953
0 999992
0 999997
0 999960
0 999929
0 999921
0 999995
0 999991
0 999934
0 999950
0 999966
0 999922
1000000 999910
1000000 999927
1000000 999946
1000000 999981
1000000 999993
1000000 999926
1000000 999923
1000000 999933
1000000 999916
1000000 999985
1000000 999928
1000000 999912
1000000 999969
1000000 999921
1000000 999944
500000 500000
45
66 97
55 100
89 19
98 37
15 86
69 96
99 59
33 3
91 78
82 89
90 80
88 18
49 100
48 0
34 97
8 77
3 67
70 4
9 79
0 44
0 52
2 63
48 100
100 46
42 1
4 32
30 96
97 68
53 0
97 34
77 8
94 27
43 0
3 68
78 92
74 94
22 92
1 41
8 22
99 39
26 94
0 54
90 19
28 5
30 4
49 48
45
60 1
0 55
43 100
1 40
6 73
13 83
84 13
83 88
83 87
99 39
91 79
89 19
1 59
26 94
95 28
63 98
18 11
2 66
34 3
11 81
99 61
96 30
36 98
95 72
57 1
2 65
2 64
5 71
38 98
9 22
56 0
99 59
100 44
70 4
0 53
75 93
55 100
94 73
17 87
82 12
3 33
47 100
30 96
2 35
15 14
49 52
45
12 83
24 92
10 80
5 28
16 14
0 57
38 98
71 5
82 89
95 71
100 50
81 10
25 94
41 99
77 92
48 0
94 26
6 75
58 99
84 13
90 80
92 23
43 1
75 7
26 6
50 0
99 38
53 0
8 76
7 76
69 4
68 4
89 19
96 30
52 100
100 54
54 0
63 2
78 8
88 82
56 100
11 18
95 29
98 35
99 58
51 51
45
100 52
27 5
6 26
55 0
68 3
88 17
71 96
87 16
83 13
90 20
6 27
71 5
18 88
60 1
26 6
6 74
18 89
92 77
2 37
81 89
77 8
2 35
19 11
15 14
0 52
7 76
73 6
64 98
42 1
53 100
8 78
0 56
62 99
14 84
26 94
36 98
2 63
14 85
9 22
89 81
78 91
74 94
95 72
39 1
1 41
48 52
45
268204 56975
835687 129440
953556 710445
177181 881822
56454 730797
626536 16276
603208 10768
399008 10306
41662 699816
942356 266932
295322 956187
998938 532576
203608 902681
860501 846467
391633 988115
976705 650837
974615 657291
773378 81354
510736 115
83039 775940
375971 15627
965660 682102
137776 844665
180663 115261
450 521215
996471 440700
617481 986002
998281 458577
993078 582910
430078 4913
52374 277220
258551 62162
703394 43239
679197 966785
953275 288950
25176 343341
185772 111077
899761 199682
622466 15230
217031 87776
1367 463054
996069 437423
121705 826945
603235 10774
999917 509099
497285 479382
45
111526 185217
304105 960027
872422 833619
968195 675480
707912 954723
12546 611303
962261 309437
985237 379397
885919 817910
398355 989559
31183 326189
999352 474559
187771 890529
937794 741530
321161 966923
558114 996611
855669 148575
987673 389658
4263 434851
922681 232904
144818 148083
46914 288545
10662 602703
27 494790
889742 186789
64638 745885
517246 999702
673295 969008
606761 11531
430513 995148
857318 849748
830098 875546
708345 954524
639348 19810
944011 729900
279458 948733
22202 352660
598694 990163
496202 14
999817 486467
160873 867414
470618 864
998029 544354
803247 102456
865923 840735
494525 476205
43
5 1
21 0
19 1
13 1
0 0
9 1
16 0
3 1
1 1
1 0
6 1
18 0
7 0
15 1
8 0
21 1
4 1
12 0
15 0
20 0
17 1
17 0
9 0
11 0
3 0
12 1
13 0
19 0
2 0
10 0
18 1
10 1
4 0
6 0
14 0
7 1
2 1
16 1
8 1
5 0
0 1
11 1
14 1
20 1
43
1 9
0 8
1 15
1 18
1 11
1 16
1 3
1 14
1 0
0 16
0 10
0 15
1 10
0 21
1 7
1 13
1 12
0 2
0 19
1 6
0 11
1 5
0 7
1 19
1 8
0 20
1 20
0 3
0 18
1 17
1 2
0 6
0 12
0 0
1 4
0 13
0 4
0 14
0 5
0 17
1 1
1 21
0 9
0 1
41
0 1
2 5
2 1
6 2
1 0
4 2
0 2
0 0
1 3
4 5
0 4
6 3
2 2
3 5
0 5
2 0
4 0
4 3
5 5
5 4
3 4
3 2
6 0
1 4
6 4
3 0
0 3
6 1
2 3
3 1
6 5
5 0
3 3
2 4
4 4
5 3
1 5
5 1
4 1
1 2
1 1
5 2
41
1 2
3 4
5 3
3 3
0 5
1 4
3 5
2 1
0 1
4 5
5 1
2 3
0 4
4 2
6 0
2 2
0 0
0 2
4 4
2 0
3 1
4 0
3 2
1 5
1 1
2 5
6 5
4 3
6 4
3 0
5 5
1 0
1 3
6 2
6 3
5 2
6 1
2 4
4 1
0 3
5 4
5 0
45
163845 545
430136 243
1218 17716
48 298253
3412 29
41 77662
148 82039
78327 840
48955 44021
14 35028
197 91
30 128464
637692 3665
7 1971
60858 943293
20837 3
92470 148
68678 51946
103 1
169 98396
5391 187
127303 9560
394 786092
476 102181
8 26994
6 13649
9 723
2 575
2 2086
985 257
1 51171
942181 51301
20255 2
503 7
4350 8849
3 7904
5 3
4900 103426
648767 1692
1711 9
432293 16912
2166 127744
204 100
7 703
15 287680
132 43252
45
18408 6
3 1
28979 3391
10621 67270
20 1677
256697 494
964762 27
313 2
36 9158
1 5930
121 64
246435 7
6734 735795
6502 820
57 514
2 70302
1 3
79 1260
6557 39
68658 67
6 1321
13944 28
8 3558
6077 1
984303 1324
1842 69
41062 60
18 616
9 174126
687579 43735
6 297405
1295 16
42 85
1777 16
490117 228173
188235 154387
11 36
123 605840
2 703
641065 59
9 483866
11106 41
79018 31788
1 1
20 3808
144907 284
45
1020 2
2105 12937
514 22
23116 884483
79 346359
1123 2
6821 2
4 1530
542 23941
2 27
22564 10
3445 1
83 578133
30640 77700
97043 8689
8 14
235542 332
1600 79
47 279
14884 65563
159 284159
4 20985
7428 47691
5 515177
1075 242570
12 4462
502580 3823
151109 120
2 50143
29 30
97534 233071
642 4
88236 1752
1 9
130454 101851
2 90345
25 2
194 23062
1038 576480
357 4
4101 5196
1149 1072
7 643310
180 240
367514 171353
63 11996
45
18 42
130445 1402
93219 10217
603479 6660
53 202866
2 2
14412 161
17 10
873 709922
8 86
3 18515
137574 834613
240614 3127
1828 1213
2 11
33224 9257
155 73
18 1
15437 49
14 602709
44467 5031
679 289
170 50
120493 347
6 607595
399300 1273
7263 846
1 22
597657 67
86638 77289
153 19
6148 146
2080 12476
484863 68
254 2
255273 1507
2 214871
50306 10
4 1
673 48
291 17
25 1
137928 229878
50 238
144 13155
3024 31
45
1 157861
4076 106
79271 1775
2 410384
65972 444721
2020 75665
2980 477069
686 94
2543 5
1 20
1 13
565013 196315
1767 4
46 3
29626 8271
55 390600
76589 59058
614119 238731
3200 15
53 48
50 423
1 5
60493 240107
15452 4497
2 48
203613 773845
1 69
157907 398
38 19195
526090 506796
720 1662
32 27
276 927
208845 10581
52456 8
2 96
73 2324
86205 313271
15447 151
16972 1
285 6259
8 43
30 557202
5 2604
626 5792
1365 501
44
226667 672210
260213 435623
238421 477463
389979 443690
227133 257879
327147 394887
129301 442539
475245 582673
435387 289756
103217 638516
192670 306980
80917 398309
311937 256062
457687 529963
211457 533385
362893 304401
261243 453586
349105 560437
345934 621292
300183 450809
122417 489392
277361 474686
340614 469640
175026 413328
63359 345599
222152 560880
311471 670393
263529 403975
218735 471007
316452 367392
200770 630058
278391 492649
283776 451878
254828 476394
337834 298214
363578 514944
197990 458632
319869 457265
275075 524297
175711 623871
148625 484582
416187 438880
409303 485733
189499 367835
269302 464136
44
667598 442029
701382 482128
762226 375866
634958 404411
647197 465611
584561 624907
449323 330840
558979 415675
647642 304296
783860 238835
426214 290716
623463 400071
660053 198051
594788 244080
639643 396143
599522 406456
525550 335147
603053 598163
623751 372825
812670 413529
642841 218885
704127 380539
677516 360567
450436 382685
628148 391803
678545 171307
795762 542103
639355 423389
620265 577329
467344 254111
479246 557379
561724 314086
500880 420348
836892 505498
615909 330603
813783 465374
663584 389758
776029 355438
615464 491918
737556 461067
585590 435647
668318 552134
487077 440776
595508 354185
631553 398107
44
284608 315781
453456 407981
387558 165464
377511 380443
333637 554167
492500 397773
557364 386002
371669 353377
443471 159387
413342 193691
489673 240403
323652 305573
395264 281650
389550 548090
506549 575083
589510 437103
385563 467026
416312 415729
187598 276451
360796 297825
535177 223749
391545 246528
470779 447947
287435 473151
204885 502406
306329 265607
354621 406124
392779 343503
241931 489805
363766 519863
572223 211148
405439 360177
406512 377356
468235 254635
308873 458919
422487 307430
370596 336198
381844 431904
384329 370051
528113 371393
399597 333111
248995 342161
219744 327552
270559 138471
388554 356777
44
106409 439470
413858 309400
937861 102454
895732 351753
925070 104260
140907 348656
104903 708153
687358 842525
33329 660679
867648 697262
926464 616408
19511 91763
379792 374066
658871 336665
948906 107358
105541 149423
678748 789985
655757 605843
155556 438681
640153 322315
890066 652335
100597 644436
91760 349445
605473 342261
623998 864439
615388 811899
904046 661335
629930 634911
611094 134692
401941 355844
542827 613043
620402 126301
586755 327911
37635 724396
91782 105474
599814 127457
936115 109164
391709 327622
918591 363868
909794 329977
609122 119066
568654 583975
33270 135712
886935 317862
62526 120593
45
95 70
47 33
26 0
52 72
32 7
24 47
99 46
24 96
59 83
22 25
58 53
92 74
55 86
33 47
60 77
6 59
51 3
99 98
21 6
99 39
45 67
30 66
38 82
36 27
28 43
13 90
73 88
76 53
34 67
71 62
85 8
91 43
55 39
5 31
91 42
87 85
42 50
66 32
1 76
9 78
35 79
96 30
23 91
2 38
37 70
87 49
45
3 82
80 69
78 60
27 70
17 9
64 53
91 32
22 63
81 32
50 5
65 18
92 72
99 73
53 97
64 39
30 75
57 34
7 50
14 42
88 33
2 15
22 73
100 75
53 44
4 86
67 89
88 25
87 53
59 65
99 10
13 6
56 95
46 61
56 34
27 1
72 61
99 84
1 63
41 70
99 41
20 79
44 24
74 65
69 23
80 61
26 86
45
27 35
37 96
5 37
59 84
53 88
55 73
21 0
22 16
93 15
70 61
29 92
22 26
41 73
20 94
64 15
97 5
90 12
64 8
47 51
91 23
2 48
22 24
86 56
42 72
93 44
10 59
50 96
93 17
40 92
93 33
29 80
71 8
12 90
72 91
23 4
97 40
98 79
14 52
72 79
32 44
63 29
59 13
16 43
47 39
11 92
60 59
45
97 74
79 41
84 31
98 62
39 39
31 14
7 96
38 66
62 77
49 39
71 47
1 20
55 18
93 39
3 73
38 17
38 25
89 7
74 26
59 93
59 65
57 58
84 49
70 82
81 98
35 85
69 59
51 80
73 99
50 39
94 22
70 73
60 10
71 65
66 9
19 34
13 13
27 96
5 39
0 58
85 14
98 66
36 7
44 82
7 83
87 40
45
43 80
50 86
86 40
27 34
84 60
45 23
92 19
86 91
82 51
96 70
25 91
83 70
37 97
9 83
22 99
36 71
43 46
14 84
73 43
57 76
19 1
38 29
13 63
69 89
59 2
93 80
85 57
84 76
0 100
88 51
60 63
44 64
90 54
7 42
66 27
29 88
41 13
35 34
11 89
86 35
67 81
29 58
63 89
98 11
6 69
62 6
45
77 23
28 48
85 68
34 73
32 67
43 0
4 15
27 62
92 18
55 8
55 44
75 77
75 79
67 76
32 83
74 9
12 15
66 59
68 56
71 10
9 10
46 46
95 14
58 34
62 41
51 77
37 11
10 39
11 63
10 21
91 39
19 65
64 99
89 45
69 46
46 10
3 60
16 45
77 12
73 66
86 53
50 30
41 98
80 70
0 45
61 58
45
37 41
37 60
32 70
27 49
84 99
91 51
47 54
29 52
97 24
78 40
97 38
44 21
94 85
66 37
44 69
19 80
10 6
7 70
14 89
48 42
77 5
9 74
81 36
15 25
45 37
96 5
52 22
39 88
87 61
61 67
5 29
78 18
84 28
95 15
47 56
94 76
52 17
4 0
4 3
11 18
28 37
33 55
93 46
36 79
3 28
55 37
45
77 38
27 44
39 78
66 15
18 46
29 65
22 60
75 17
93 23
33 35
28 87
54 18
49 15
76 29
50 64
56 15
81 47
90 34
41 90
77 8
32 97
39 7
96 33
17 28
73 67
100 28
89 10
85 26
39 59
54 82
4 38
21 60
6 92
61 91
96 31
38 87
56 96
99 28
16 23
95 76
55 43
100 74
79 58
39 70
79 4
61 43
45
7 36
32 90
46 25
73 48
76 42
47 36
0 84
16 24
81 55
77 77
95 47
74 32
26 51
67 32
34 74
37 24
73 43
46 14
71 31
44 3
16 62
53 27
79 2
76 9
7 3
46 27
44 45
15 63
25 74
31 51
70 37
88 73
6 96
47 92
78 63
88 32
57 71
52 67
18 42
8 78
83 80
96 44
98 50
31 31
76 38
69 71
45
165 576
143 412
461 926
156 458
233 158
571 112
746 725
526 418
371 712
416 908
274 336
904 728
400 626
718 614
607 833
915 931
708 436
322 125
768 693
246 534
468 347
467 417
379 588
140 634
30 971
759 63
969 447
522 501
337 526
865 336
196 313
256 919
277 797
641 651
497 950
942 100
583 950
990 7
170 132
71 812
34 129
770 439
84 842
960 187
374 264
635 920
45
161 621
659 873
315 707
243 306
743 487
20 392
453 374
875 107
948 67
722 864
548 491
262 131
95 129
307 720
649 246
962 285
556 82
919 15
706 619
195 772
806 926
994 70
542 755
743 496
288 106
677 497
461 918
423 558
702 107
734 799
556 316
696 38
932 227
661 309
773 705
409 362
325 905
558 19
500 931
358 23
93 101
391 66
971 489
702 529
172 391
406 431
45
968 965
820 181
65 122
629 177
984 902
897 53
174 311
297 30
905 826
682 930
534 741
619 335
9 436
359 325
198 742
557 614
682 218
282 114
336 695
532 49
912 496
416 404
348 462
822 960
800 943
138 144
708 598
642 109
758 641
198 597
990 117
561 549
614 482
506 106
449 773
873 244
751 787
126 769
582 906
69 118
395 279
69 409
905 685
193 147
332 990
214 734
45
535 55
164 252
432 825
327 776
129 951
638 912
240 61
885 193
685 943
969 632
564 779
471 396
632 466
174 313
414 594
508 319
928 235
560 666
997 495
843 596
949 203
263 742
747 996
783 221
27 570
144 961
552 71
164 421
110 889
88 40
723 389
66 708
847 183
144 778
242 728
138 355
234 787
1000 371
38 743
54 476
312 249
759 176
600 925
151 766
230 717
954 670
45
121 541
93 739
105 778
207 998
682 200
555 273
446 166
978 949
144 635
243 211
176 49
358 978
150 764
400 780
979 182
877 308
499 176
444 1000
548 160
593 169
131 334
250 258
132 490
378 999
188 677
707 687
27 261
307 968
612 302
686 657
915 165
602 114
62 778
150 565
862 168
82 22
230 599
935 363
73 531
416 109
380 29
154 623
472 719
447 24
66 690
576 298
45
445 402
730 340
913 92
825 126
256 289
153 816
20 661
921 946
374 506
237 387
181 773
472 674
204 894
474 891
286 419
202 886
624 359
150 690
945 644
416 478
87 707
393 326
101 786
596 568
644 162
359 828
395 542
74 631
465 983
612 327
576 153
756 92
767 693
122 802
40 165
102 118
699 144
479 165
880 42
137 200
283 176
827 2
375 355
584 430
710 195
958 582
45
229 264
602 508
443 522
67 17
979 967
866 852
143 831
181 323
546 396
957 333
988 938
557 724
741 777
74 702
61 661
394 913
700 996
422 161
9 312
275 301
962 997
657 983
586 654
233 635
572 511
949 917
887 510
490 343
544 875
639 304
212 992
970 627
806 778
702 733
246 758
797 285
429 991
520 753
639 261
254 488
487 801
165 706
809 567
771 418
415 656
606 783
45
203 648
734 677
778 673
68 597
263 551
35 731
277 902
780 289
479 963
566 544
988 250
279 683
609 640
760 697
68 71
628 996
993 160
901 784
336 906
255 823
821 142
631 186
173 963
651 820
99 47
540 678
250 415
857 605
729 21
984 481
664 990
221 326
488 473
669 690
942 852
787 441
326 514
326 662
85 296
747 795
734 340
430 126
724 719
987 897
117 640
196 715
45
848 273
456 602
613 517
488 108
649 601
309 896
109 512
17 382
948 30
333 498
739 129
98 946
664 69
874 274
792 493
691 716
316 461
701 925
119 376
63 715
450 518
277 635
808 869
570 919
39 104
496 654
964 739
835 196
845 237
391 54
774 115
57 368
401 538
165 878
897 682
901 538
203 605
763 315
935 403
566 654
715 64
946 338
870 677
65 7
585 273
820 215
45
692433 995829
360208 203053
622918 879708
659956 525767
904431 236538
766189 322939
556889 832844
243344 586598
178719 885279
517009 825422
512678 207778
173133 95557
899829 536011
451820 797787
694816 583766
607454 68430
911810 340986
837957 425135
959655 806393
418959 386053
157745 496195
684469 196670
830748 434051
310861 938429
253516 979942
421583 480315
286725 786927
368721 72753
932039 434515
173498 242306
353461 710912
308205 687687
97052 828264
685972 242085
941213 301108
527206 440820
226242 865665
353110 906207
151491 712641
43272 685214
386448 374373
146432 415411
316922 183566
538898 704490
860839 130581
296066 908874
45
182656 123667
939354 176546
844862 108536
411173 235362
575347 3593
391823 694950
915332 628769
838936 757933
918796 534236
747031 747780
83492 203840
414622 715711
542976 886428
510338 762836
186929 971128
435380 871404
618962 272257
810635 98217
502503 276959
150273 762622
798149 997605
419461 164664
796517 975707
535850 987345
555823 941012
849584 582975
473077 856338
717435 225279
645501 305195
680769 104838
365025 283402
504027 763334
917763 184854
681004 957315
195334 943309
948589 964592
966910 611244
653074 518252
925677 195334
13129 733247
853485 260453
135308 560193
52557 605579
134191 936096
272869 712094
902508 793650
45
482357 826956
676677 260929
567092 800772
31071 335556
315603 251959
918155 709034
370355 988581
706020 14260
877711 449996
570638 863593
359598 137105
698085 351344
137926 843777
85676 60594
90497 444691
312130 476521
304647 488294
604928 885926
268090 555283
988927 966371
757983 987227
619511 644361
530554 402976
196199 617892
922387 182388
614172 765294
951536 545239
34721 201655
688332 133810
211924 471266
616856 604902
269453 356781
832187 728514
238186 674053
69048 931056
12259 949020
904289 137361
369983 161974
68708 772383
289192 610070
245040 105581
567083 120579
414781 32682
775736 657425
920829 750754
65678 21854
45
895111 340554
206106 404127
446890 741712
10128 744307
966775 517547
435985 708980
22391 177414
782236 976580
39411 258553
205972 664072
691004 872359
295479 617027
740115 152396
813821 906208
867214 513403
296984 649727
86326 477162
675537 343699
701272 971144
292698 13512
86733 430287
273170 777463
697615 220604
355185 909327
814477 841777
673654 669119
294802 366407
452021 718440
271219 34696
567572 164726
499763 411069
461834 905412
599850 585997
634507 619596
952889 416251
265991 469709
125747 49857
816241 941437
570900 267811
43004 516267
778660 758493
674128 541747
144875 320784
834607 689686
589991 767146
679505 932361
45
722750 804380
554874 371020
946072 339881
498393 156015
433551 904443
3359 552817
536506 671272
910743 727107
669285 578379
463294 575094
774937 389312
733134 56787
569949 33847
580583 353290
78111 609341
864456 216073
937029 645541
139924 867974
799491 834657
233130 353344
251456 824644
345746 750934
871664 89658
329079 750614
760887 433412
479617 319628
198150 746929
735785 788915
929410 94183
37260 676062
698831 482597
376317 161138
788144 300975
578804 184807
322511 254203
577268 94310
241563 953511
410360 438479
989675 964005
341822 904989
252967 251275
629593 393655
688054 551278
410132 524280
793144 377159
598829 512639
45
180256 971097
506888 297493
748047 447776
843167 89135
737928 360566
948843 552397
232363 181024
519639 824852
436902 88266
711142 416310
626836 621354
421092 996502
352150 957988
896752 728884
234249 284844
315994 495526
868830 847687
581468 203252
285547 875634
67652 189997
592015 790223
535014 317871
929093 688597
1543 657438
563438 149658
551815 449089
794719 263062
243565 8218
525217 379625
59736 68835
781404 70100
699446 139499
56207 292682
394861 281798
733262 125367
242584 175878
639351 687299
886393 443345
322995 12581
559850 451115
344698 971951
575633 223664
185155 260120
634322 641741
350392 161134
189104 922859
45
633602 750981
715015 949533
539762 186524
911485 161041
984214 950755
318593 381097
850128 839039
427224 362058
228144 538704
699367 816491
778871 132409
464541 543264
138865 283173
300517 433912
535051 513025
439715 689652
891459 162200
781295 744672
625490 237060
631539 886876
145040 879644
788257 572505
546518 218745
186945 248637
120683 484131
403017 282403
532939 422200
955153 318374
270218 183649
550320 339262
735634 871103
423083 695304
639025 949651
709153 306642
494556 787402
734112 85536
374614 688780
387716 173842
486734 440458
802603 812437
542285 863
788562 909974
349063 830056
31035 693609
95025 510244
503443 909836
45
589689 612082
656476 550842
172535 775434
331315 472859
138886 224274
223146 877055
123342 911792
957038 340600
330327 211825
802744 492079
307749 627711
498375 719422
327355 616638
570432 772933
792298 617443
661924 948060
542162 221110
500746 640378
184290 623665
593802 867993
444044 817271
27447 971790
387152 796649
643759 52670
456670 196696
401035 729214
7038 584988
765129 525560
474565 651618
178942 966231
587743 726430
732029 603990
105265 856236
857746 3317
862337 627192
967390 425476
717105 596954
172865 42009
753165 397979
542455 961251
214613 923300
798653 440292
332161 981300
952755 190264
729701 412974
206061 296763
45
411128 348176
136201 513441
632019 298519
446065 287496
457665 520879
315033 823939
481921 597955
684593 329985
952854 176946
886534 374581
950335 720311
274304 901601
794206 988592
275171 142818
285594 360186
780372 825578
247315 385118
638005 782727
585487 856880
222043 124009
700561 924947
3829 673357
731065 963942
832417 725759
981483 244565
916964 64070
428471 124472
641641 232165
843978 759177
644713 808068
46090 137074
33149 296114
29459 805248
49986 151559
671989 489877
311663 911656
384702 12236
515314 588855
56480 932167
70756 988887
973931 854940
117538 282867
821585 440323
45443 814004
941075 711004
776732 801212
