Case #1: 1 2 3 4 5 6 7 8 9 10 11 12 13 14 15 16 17 18 19 20 21 22 23 24 26 27 28 29 30 31 32 33 34 35 36 37 38 39 40 41 42 43 44 45 46 25 47 48 49 50 51 52 53 54 55 56 57 58 59 60 61 62 63 64 65 66 67 68 69 70 71 72 73 74 75 76 77 78 79 80 81 82 83 84 85 86 87 88 89 90 91 92 93 94 95 96 97 98 99 100 101 102 103 104 105 106 107 108 109 110 111 112 113 114 115 116 117 118 119 120 121 122 123 124 125 126 127 128 129 130 131 132 133 134 135 136 137 138 139 140 141 142 143 144 145 146 147 148 149 150 151 152 153 154 155 156 157 158 159 160 161 162 163 164 165 166 167 168 169 170 171 172 173 174 175 176 177 178 179 180 181 182 183 184 185 186 187 188 189 190 191 192 193 194 195 196 197 198 199 200
Case #2: 1 2 4 6 3 5 7 10 8 11 12 13 16 19 9 20 21 14 22 24 25 26 17 28 30 32 18 15 29 23 27 31 33 34 35 36 38 37 39 42 43 44 45 47 48 49 50 40 51 53 55 56 57 58 59 41 60 61 63 46 62 64 68 52 54 66 70 71 72 73 75 65 77 67 74 80 81 83 85 88 90 91 69 76 87 78 92 93 94 95 96 79 98 99 101 102 103 82 84 86 105 107 109 110 111 89 113 97 115 116 118 121 122 123 100 120 124 125 126 128 130 104 131 132 136 137 138 139 140 106 141 108 142 143 145 112 114 117 147 148 149 150 119 151 152 153 154 155 156 157 158 159 160 161 127 129 163 133 164 134 165 166 167 168 170 171 172 174 135 175 176 144 146 177 162 178 179 180 181 183 169 184 185 186 187 189 173 190 182 191 188 192 193 194 195 196 198 197 199 200
Case #3: IMPOSSIBLE
Case #4: 167 52 57 50 61 54 72 74 77 3 80 84 89 91 99 56 102 70 82 93 94 104 106 108 55 110 90 83 112 2 98 115 121 101 123 134 4 103 136 118 124 116 137 138 143 147 1 149 152 160 179 157 180 158 191 195 161 144 198 125 58 6 71 51 60 7 148 107 9 151 164 176 119 10 170 96 126 11 140 65 114 14 129 133 13 153 15 155 146 16 166 12 169 177 5 183 8 189 194 196 142 17 168 87 18 197 199 59 19 75 78 20 173 85 69 88 22 109 23 117 21 185 130 175 25 186 100 26 145 67 27 165 163 28 181 171 29 187 68 105 76 32 92 111 122 30 128 31 156 64 35 131 79 120 36 141 37 159 113 38 162 34 172 33 178 97 39 154 63 86 41 139 174 42 182 40 190 24 193 132 43 184 73 81 62 46 95 45 188 66 47 127 53 135 49 150 48 192 44
Case #5: 2 3 4 5 7 8 1 6 9 10 11 12 13 14 15 16 17 18 19 20 21 22 23 24 25 26 27 28 29 30
Case #6: 1 2 3 4 5 6 7 8 9 10 11 12 13 14 15 16 17 18 19 20 21 22 23 24 25 26 27 28 29 30 31 32 33 34 35 36 37 38 39 40 41 42 43 44 45 46 47 48 49 50 51 52 53 54 55 56 57 58 59 60 61 62 63 64 65 66 67 68 69 70 71 72 73 74 75 76 77 78 79 80 81 82 83 84 85 86 87 88 89 90 91 92 93 94 95 96 97 98 99 100 101 102 103 104 105 106 107 108 109 110 111 112 113 114 115 116 117 118 119 120 121 122 123 124 125 126 127 128 129 130 131 132 133 134 135 136 137 138 139 140 141 142 143 144 145 146 147 148 149 150 151 152 153 154 155 156 157 158 159 160 161 162 163 164 165 166 167 168 169 170 171 172 173 174 175 176 177 178 179 180 181 182 183 184 185 186 187 188 189 190 191 192 193 194 195 196 197 198 199 200
Case #7: 9 4 5 7 12 13 6 16 17 25 19 1 2 8 10 3 11 14 15 18 21 22 23 24 20 26 27 28 29 30 31 32 33 34 35 36 37 38 39 40 41 42 43 44 45 46 47 48 49 50 51 52 53 54 55 56 57 58 59 60 61 62 63 64 65 66 67 68 69 70 71 72 73 74 75 76 77 78 79 80 81 82 83 84 85 86 87 88 89 90 91 92 93 94 95 96 97 98 99 100 101 102 103 104 105 106 107
Case #8: 2 3 1 5 9 6 7 10 13 4 14 15 17 18 11 20 19 21 23 24 8 12 25 26 27 16 22 28 29 30 31 32 33 34 36 37 38 39 40 35 41 42 43 44 45 46 47 48 49 50
Case #9: IMPOSSIBLE
Case #10: IMPOSSIBLE
Case #11: 2 14 7 1 4 9 6 8 12 15 5 11 18 3 17 10 13 16 19 20 22 23 24 26 27 29 25 30 31 32 21 33 34 35 28 36 37 38 39 40 41 42 43 44 45 46 47 48 49 50
Case #12: 1 2 3 4 5 6 7 8 9 10 11 12 13 14 15 16 17 18 19 20 21 22 23 24 25 26 27 28 29 30 34 35 37 44 31 32 33 49 36 38 39 40 51 41 42 43 52 45 46 47 53 54 58 60 48 50 55 61 64 56 57 59 65 66 69 62 70 63 67 68 74 78 71 72 73 79 75 76 77 82 80 81 83 84
Case #13: 60 17 200 46 188 41 149 94 191 168 86 61 100 24 139 18 124 182 5 181 93 25 134 155 42 193 175 153 195 131 148 49 115 34 199 116 156 177 127 164 159 43 8 14 120 122 185 140 111 183 190 57 112 53 19 44 56 197 166 152 173 108 138 180 91 83 22 16 23 48 184 189 144 157 30 37 52 31 170 89 186 109 75 141 113 10 72 129 95 178 118 105 39 73 126 123 128 99 176 78 143 55 65 12 4 117 38 62 27 142 198 15 102 81 160 68 97 119 96 32 66 196 110 74 161 70 67 63 106 171 11 137 50 169 40 54 187 179 167 133 28 146 107 151 47 163 45 21 88 192 59 125 82 154 194 2 77 101 20 6 58 103 172 64 29 76 69 80 132 92 36 26 114 165 162 13 90 104 9 33 85 121 98 71 150 136 84 174 1 87 35 130 135 7 51 158 3 147 145 79
Case #14: IMPOSSIBLE
Case #15: 200 199 12 11 10 4 3 2 1 9 8 7 6 5 18 17 16 15 14 13 22 21 20 19 25 24 23 33 32 31 30 29 28 27 26 36 35 34 42 41 40 39 38 37 58 57 56 55 54 53 52 51 50 49 45 44 43 48 47 46 66 65 64 63 62 61 60 59 71 70 69 68 67 73 72 76 75 74 77 78 79 82 81 80 84 83 86 85 87 92 91 90 89 88 93 95 94 97 96 98 101 100 99 102 104 103 105 108 107 106 109 110 115 114 113 112 111 116 117 118 119 121 120 124 123 122 125 126 127 131 130 129 128 133 132 134 136 135 139 138 137 141 140 142 143 144 148 147 146 145 149 152 151 150 153 154 156 155 158 157 160 159 161 164 163 162 166 165 170 169 168 167 171 172 174 173 175 176 178 177 179 180 184 183 182 181 187 186 185 191 190 189 188 192 193 194 195 197 196 198
Case #16: IMPOSSIBLE
Case #17: 200 199 198 197 196 195 194 193 192 191 190 189 188 187 186 185 184 183 182 181 180 179 178 177 176 175 174 173 172 171 170 169 168 167 166 165 164 163 162 161 160 159 158 157 156 155 154 153 152 151 150 149 148 147 146 145 144 143 142 141 140 139 138 137 136 135 134 133 132 131 130 129 128 127 126 125 124 123 122 121 120 119 118 117 116 115 114 113 112 111 110 109 108 107 106 105 104 103 102 101 100 99 98 97 96 95 94 93 92 91 90 89 88 87 86 85 84 83 82 81 80 79 78 77 76 75 74 73 72 71 70 69 68 67 66 65 64 63 62 61 60 59 58 57 56 55 54 53 52 51 50 49 48 47 46 45 44 43 42 41 40 39 38 37 36 35 34 33 32 31 30 29 28 27 26 25 24 23 22 21 20 19 18 17 16 15 14 13 12 11 10 9 8 7 6 5 4 3 2 1
Case #18: IMPOSSIBLE
Case #19: 1 2 3 4 5 6 7 8 9 10 11 12 13 14 15 16 17 18 19 20 22 23 21 24 25 26 27 28 29 30 31 32 33 34 35 36 37 38 39 40 41 42 43 44 45 46 48 47 49 50 51 52 53 54 55 56 57 58 59 60 61 62 63 64 65 66 67 68 69 70 71 72 73 74 75 76 77 78 79 80 81 82 83 84 85 86 87 88 89 90 91 92 93 94 95 96 97 98 99 100 101 102 103 104 105 106 107 108 109 110 111 112 113 114 115 116 117 118 119 120 121 122 123 124 125 126 127
Case #20: 128 67 88 173 68 53 125 48 139 27 98 84 46 141 169 83 31 200 21 162 161 34 153 5 115 171 194 192 159 190 121 145 103 108 93 197 55 119 70 116 182 89 149 3 112 38 105 129 165 163 97 90 49 188 54 114 185 111 86 10 9 71 94 107 80 23 124 57 135 140 26 120 110 73 19 77 74 160 62 60 12 6 81 123 25 24 167 144 13 61 155 172 117 96 104 42 101 195 18 134 142 136 47 20 166 181 78 33 32 178 92 137 43 102 146 100 82 72 4 130 29 156 87 28 158 113 63 177 79 41 64 14 109 154 59 199 152 189 183 150 15 148 191 198 7 196 133 126 65 132 187 164 179 151 40 184 11 66 175 106 52 91 99 17 50 176 180 75 118 16 36 138 170 69 193 30 44 143 37 95 186 51 85 45 8 127 35 56 147 2 174 1 168 131 122 39 157 58 76 22
Case #21: IMPOSSIBLE
Case #22: 40 63 3 5 17 4 7 18 1 9 12 13 8 16 22 11 2 10 15 32 35 43 45 33 14 19 25 44 48 51 64 23 21 24 26 20 29 27 34 36 31 30 42 53 46 47 37 28 65 54 58 56 52 39 50 59 60 61 66 67 68 71 55 72 6 74 57 75 73 79 80 41 38 62 81 82 83 76 69 84 85 87 77 86 49 88 89 90 91 70 92 93 95 96 97 99 94 100 101 102 104 106 107 103 108 109 110 111 112 114 116 117 118 113 119 120 121 105 122 115 123 128 129 130 78 98 127 131 132 133 134 135 137 138 139 140 124 141 142 143 145 125 146 148 152 149 153 136 147 151 154 155 156 157 158 159 160 161 162 163 150 126 165 166 167 144 168 169 170 171 172 173 174 176 177 178 179 180 164 181 182 183 185 186 187 188 190 191 175 192 193 184 189 194 195 196 197 198 199 200
Case #23: IMPOSSIBLE
Case #24: IMPOSSIBLE
Case #25: 2 1 7 10 5 11 4 3 6 8 9 12 13 14 15 16 17 18 20 21 22 24 25 26 27 28 29 19 31 32 33 34 35 36 37 38 39 40 41 43 44 45 47 49 50 51 52 23 54 56 30 58 59 42 60 61 62 46 63 48 53 55 57
