25
1 200
200
200 1 200
200 1 200
200 1 200
200 1 200
200 1 200
200 1 200
200 1 200
200 1 200
200 1 200
200 1 200
200 1 200
200 1 200
200 1 200
200 1 200
200 1 200
200 1 200
200 1 200
200 1 200
200 1 200
200 1 200
200 1 200
200 1 200
200 1 200
200 1 200
200 0
200 1 200
200 1 200
200 1 200
200 1 200
200 1 200
200 1 200
200 1 200
200 1 200
200 1 200
200 1 200
200 1 200
200 1 200
200 1 200
200 1 200
200 1 200
200 1 200
200 1 200
200 1 200
200 1 200
200 1 200
200 2 200 200
200 1 200
200 1 200
200 1 200
200 1 200
200 1 200
200 1 200
200 1 200
200 1 200
200 1 200
200 1 200
200 1 200
200 1 200
200 1 200
200 1 200
200 1 200
200 1 200
200 1 200
200 1 200
200 1 200
200 1 200
200 1 200
200 1 200
200 1 200
200 1 200
200 1 200
200 1 200
200 1 200
200 1 200
200 1 200
200 1 200
200 1 200
200 1 200
200 1 200
200 1 200
200 1 200
200 1 200
200 1 200
200 1 200
200 1 200
200 1 200
200 1 200
200 1 200
200 1 200
200 1 200
200 1 200
200 1 200
200 1 200
200 1 200
200 1 200
200 1 200
200 1 200
200 1 200
200 1 200
200 1 200
200 1 200
200 1 200
200 1 200
200 1 200
200 1 200
200 1 200
200 1 200
200 1 200
200 1 200
200 1 200
200 1 200
200 1 200
200 1 200
200 1 200
200 1 200
200 1 200
200 1 200
200 1 200
200 1 200
200 1 200
200 1 200
200 1 200
200 1 200
200 1 200
200 1 200
200 1 200
200 1 200
200 1 200
200 1 200
200 1 200
200 1 200
200 1 200
200 1 200
200 1 200
200 1 200
200 1 200
200 1 200
200 1 200
200 1 200
200 1 200
200 1 200
200 1 200
200 1 200
200 1 200
200 1 200
200 1 200
200 1 200
200 1 200
200 1 200
200 1 200
200 1 200
200 1 200
200 1 200
200 1 200
200 1 200
200 1 200
200 1 200
200 1 200
200 1 200
200 1 200
200 1 200
200 1 200
200 1 200
200 1 200
200 1 200
200 1 200
200 1 200
200 1 200
200 1 200
200 1 200
200 1 200
200 1 200
200 1 200
200 1 200
200 1 200
200 1 200
200 1 200
200 1 200
200 1 200
200 1 200
200 1 200
200 1 200
200 1 200
200 1 200
200 1 200
200 1 200
200 1 200
200 1 200
200 1 200
200 1 200
200 1 200
200 1 200
200 1 200
200 1 200
200 1 200
200 1 200
200 1 200
200 1 200
200 1 200
200 1 200
3 200
2 4 1
1 1 3
3 0
3 2 1 1
4 0
4 1 3
2 3 4 5 3
3 0
3 1 1
3 1 4
5 4 2 4 4 3
4 0
4 0
2 2 4 4
2 3 3 4 1
2 3 3 1 2
1 2 4 1
5 0
5 1 2
4 1 3
1 0
4 1 2
1 3 3 3 4
5 1 3
3 0
3 0
3 2 4 5
5 1 5
4 0
3 4 2 5 4 5
1 0
3 0
1 1 5
4 3 4 2 4
5 1 1
1 2 4 1
4 1 1
3 0
4 1 3
1 4 3 2 2 4
5 0
5 1 3
1 1 3
4 0
2 2 2 1
4 0
5 1 4
2 1 2
4 1 3
1 1 2
2 1 5
1 0
5 0
4 2 1 2
5 1 4
2 0
2 0
2 1 3
4 1 3
2 3 2 2 5
1 1 2
4 0
4 0
3 1 5
2 0
5 0
4 0
5 1 1
3 4 1 5 5 2
4 2 4 5
3 1 3
2 2 3 3
3 1 1
3 0
5 0
1 2 5 2
4 2 3 5
1 3 5 5 5
4 0
4 3 5 2 2
2 2 1 2
5 2 3 1
4 1 4
3 1 3
4 0
3 0
4 1 3
5 2 4 1
1 0
4 0
1 1 2
3 4 4 1 1 1
3 0
2 1 5
1 0
1 4 5 1 2 5
1 2 4 3
4 2 2 2
1 1 5
3 0
4 2 2 3
5 1 1
2 2 1 1
3 2 4 4
4 0
3 1 2
4 0
2 2 1 2
4 2 1 1
2 0
5 0
2 2 2 4
4 1 4
3 1 4
4 3 4 1 5
2 0
2 0
4 1 1
3 2 2 2
4 2 1 1
3 1 3
5 0
2 1 5
2 2 2 4
1 2 3 5
2 0
2 2 2 1
4 5 1 3 4 3 2
2 0
4 1 2
3 1 4
2 2 3 2
3 1 3
4 0
4 1 3
4 1 5
2 1 1
2 1 1
5 1 3
2 0
1 2 4 2
2 2 1 4
5 1 2
1 0
4 1 4
3 4 4 2 3 2
4 1 5
3 3 3 3 5
3 1 3
1 1 1
1 1 4
2 0
2 1 2
2 2 3 2
3 3 1 2 5
5 1 1
5 2 3 3
2 0
3 0
3 0
5 0
5 2 1 4
4 2 5 1
5 2 1 4
1 2 1 4
5 1 1
3 1 2
2 2 1 3
3 4 5 3 5 5
4 1 3
5 0
3 1 1
5 1 5
4 2 1 3
3 1 4
1 1 1
3 1 4
1 1 4
3 3 2 5 1
2 0
3 0
3 3 1 1 1
4 1 2
2 1 4
2 0
3 1 5
1 1 1
3 3 2 3 1
4 2 5 1
5 2 5 4
3 1 4
1 3 4 1 5
1 1 2
3 2 4 5
5 1 1
1 2 1 5
2 0
4 1 5
4 3 1 2 4
5 0
2 2 3 1
2 200
3 8
6 1 3
21 0
20 1 7
20 0
6 1 17
4 1 14
20 0
3 0
7 1 22
6 2 18 7
7 4 15 3 3 13
1 2 14 12
7 2 5 23
11 2 12 6
17 0
3 2 22 18
3 1 4
4 1 21
23 1 18
13 1 10
17 2 11 13
11 0
8 1 23
7 1 23
11 2 7 21
2 1 15
1 2 19 11
16 0
22 0
9 1 5
12 1 11
21 2 17 8
6 1 6
8 1 23
12 3 18 1 9
11 1 22
12 0
8 2 15 9
7 1 9
12 0
7 2 23 5
8 1 10
12 1 9
7 0
18 0
5 2 14 13
3 1 22
14 1 23
2 1 6
3 0
4 1 6
18 1 7
7 0
5 2 14 4
18 0
17 1 17
6 0
19 0
9 0
22 1 17
4 1 21
14 0
13 2 19 6
4 0
22 2 2 12
1 2 15 11
8 1 11
4 1 10
8 2 5 18
15 1 1
9 1 6
9 1 7
16 2 3 3
20 0
15 0
4 0
18 0
18 1 9
17 1 11
13 2 10 14
14 0
14 0
8 1 4
20 0
19 1 14
19 0
7 0
18 0
14 1 22
10 4 18 20 5 15
16 0
12 0
23 0
23 0
9 2 22 6
21 1 23
23 1 13
16 0
18 1 16
2 1 11
1 1 20
3 0
4 0
10 1 9
16 1 9
18 0
13 2 7 7
4 2 4 18
6 2 1 13
7 0
17 2 1 17
19 1 19
14 1 17
18 1 6
9 2 18 23
9 1 8
13 3 21 11 23
16 1 17
21 0
4 1 11
2 0
7 3 10 8 8
9 1 13
18 1 15
6 1 9
17 0
10 0
23 1 1
3 2 15 12
4 0
1 1 21
21 2 5 4
7 1 10
4 0
7 0
16 2 22 2
15 1 11
20 0
20 2 4 14
15 0
20 1 11
13 0
10 1 7
10 1 21
7 0
13 0
13 1 3
19 0
5 0
10 1 18
16 3 15 18 4
23 0
10 1 22
18 1 23
17 1 10
16 1 4
5 3 1 20 10
3 1 4
15 3 20 16 2
8 0
1 1 7
9 0
5 1 8
7 1 4
6 2 3 10
11 0
16 0
20 2 1 3
1 2 21 15
12 0
11 1 5
14 1 22
1 1 23
15 1 4
1 3 10 9 9
1 4 1 16 11 8
4 0
7 2 22 11
14 0
2 1 4
10 1 11
23 2 5 20
1 2 6 20
19 4 8 17 4 9
18 0
11 2 15 22
11 0
22 0
8 0
19 0
23 2 19 9
8 3 18 6 20
4 0
21 2 19 2
8 0
9 2 22 10
9 0
23 1 22
23 2 20 16
3 0
1 199
64
64 0
51 1 41
73 0
23 1 1
61 2 14 1
71 2 40 65
30 1 65
77 2 65 25
111 1 41
107 1 14
78 1 25
2 0
24 1 60
26 2 40 14
79 1 1
95 2 94 40
55 2 41 54
80 0
39 3 17 1 1
58 3 14 60 63
67 1 25
102 1 60
101 2 94 105
5 1 108
70 2 105 105
6 0
88 3 108 108 60
45 3 105 40 25
11 2 94 94
9 2 40 14
76 0
98 5 60 14 54 60 40
48 2 63 41
96 1 40
66 0
3 0
19 0
28 1 40
86 3 108 63 25
68 1 94
103 0
74 2 105 17
82 0
4 1 65
110 2 17 40
104 2 105 94
12 2 65 108
69 0
56 0
14 2 60 40
77 3 111 38 17
40 2 105 1
56 2 46 54
73 3 23 83 94
65 0
41 0
1 3 40 14 54
87 4 71 40 54 60
47 1 39
29 2 30 108
51 2 73 81
97 3 104 25 14
103 5 74 85 105 108 105
72 1 66
26 2 79 35
37 2 12 94
52 1 88
76 2 98 62
101 6 5 99 14 14 94 17
25 2 40 94
30 3 77 29 1
54 1 60
110 3 104 21 105
23 3 61 92 54
58 4 67 13 65 54
34 4 98 94 41 65
83 3 73 105 63
13 1 58
19 3 28 57 54
94 0
104 4 12 97 63 1
17 1 14
65 0
63 0
102 3 101 18 54
85 4 103 94 14 40
16 3 80 108 60
18 1 102
60 2 63 40
108 1 65
60 1 94
48 3 96 84 94
14 1 41
14 0
21 4 110 65 41 105
2 3 24 43 14
50 1 86
17 0
40 2 1 41
42 1 6
65 0
54 3 14 25 17
17 0
1 0
98 2 48 34
41 3 63 25 105
10 2 111 40
105 1 65
99 2 101 94
25 1 108
96 4 66 32 25 65
81 2 51 17
27 5 28 60 108 41 54
35 3 26 94 17
105 0
17 2 25 65
20 2 67 41
25 1 60
22 5 107 63 40 65 63
91 2 3 17
94 1 65
44 2 9 108
41 1 94
65 2 41 17
71 2 30 87
75 2 78 60
69 3 56 49 108
62 3 76 14 60
79 3 95 33 108
70 4 6 8 25 54
3 2 19 91
93 1 82
90 2 24 105
92 2 23 17
46 2 56 63
1 3 65 25 25
25 2 14 25
105 1 94
74 3 82 89 54
24 4 26 90 14 63
57 4 19 105 65 41
36 4 55 25 60 1
40 3 94 41 60
17 1 63
88 3 45 52 1
31 4 95 63 1 41
59 1 64
111 2 107 10
1 3 94 94 25
49 1 69
17 1 14
60 0
33 3 79 1 60
68 3 103 7 60
95 4 55 31 65 65
66 4 3 72 14 65
108 1 63
105 3 40 63 60
28 5 86 27 65 60 17
14 0
1 3 17 40 94
32 1 96
53 1 45
108 0
45 2 11 53
43 2 2 105
64 4 51 59 1 40
80 6 39 16 25 1 108 25
105 2 105 40
78 2 2 75
106 1 11
84 1 48
67 3 102 20 65
89 4 74 65 1 54
8 2 70 54
107 2 78 22
109 1 61
86 4 68 50 40 65
94 1 108
65 1 105
11 4 9 106 94 94
7 2 68 108
38 4 77 108 65 1
4 4 110 100 60 17
5 5 70 15 105 1 63
6 3 88 42 94
9 2 76 44
12 3 69 37 41
108 0
15 2 5 25
94 2 60 63
100 1 4
82 2 4 93
108 1 65
41 1 1
55 4 80 36 105 108
108 0
61 4 71 109 1 40
39 3 58 47 1
5 30
2 4 3 6 4
5 3 6 5 1
4 3 3 1 3
6 1 3
2 0
3 0
2 2 6 5
3 1 3
1 4 1 2 4 5
5 1 5
4 2 5 2
3 3 5 3 5
3 2 4 3
4 1 6
2 1 2
6 0
1 3 3 2 1
5 1 2
6 3 6 6 2
6 2 5 2
3 3 2 5 2
1 2 5 6
4 2 2 4
5 3 5 3 4
4 3 5 2 4
6 1 3
5 1 6
6 1 3
4 1 5
5 1 3
1 3 2 6 5
400 200
5 5 5 5 5 5 5 5 5 5 5 5 5 5 5 5 5 5 5 5 5 5 5 5 5 5 5 5 5 5 5 5 5 5 5 5 5 5 5 5 5 5 5 5 5 5 5 5 5 5 5 5 5 5 5 5 5 5 5 5 5 5 5 5 5 5 5 5 5 5 5 5 5 5 5 5 5 5 5 5 5 5 5 5 5 5 5 5 5 5 5 5 5 5 5 5 5 5 5 5 5 5 5 5 5 5 5 5 5 5 5 5 5 5 5 5 5 5 5 5 5 5 5 5 5 5 5 5 5 5 5 5 5 5 5 5 5 5 5 5 5 5 5 5 5 5 5 5 5 5 5 5 5 5 5 5 5 5 5 5 5 5 5 5 5 5 5 5 5 5 5 5 5 5 5 5 5 5 5 5 5 5 5 5 5 5 5 5 5 5 5 5 5 5 5 5 5 5 5 5 5 5 5 5 5 5 5 5 5 5 5 5 5 5 5 5 5 5 5 5 5 5 5 5 5 5 5 5 5 5 5 5 5 5 5 5 5 5 5 5 5 5 5 5 5 5 5 5 5 5 5 5 5 5 5 5 5 5 5 5 5 5 5 5 5 5 5 5 5 5 5 5 5 5 5 5 5 5 5 5 5 5 5 5 5 5 5 5 5 5 5 5 5 5 5 5 5 5 5 5 5 5 5 5 5 5 5 5 5 5 5 5 5 5 5 5 5 5 5 5 5 5 5 5 5 5 5 5 5 5 5 5 5 5 5 5 5 5 5 5 5 5 5 5 5 5 5 5 5 5 5 5 5 5 5 5 5 5 5 5 5 5 5 5 5 5 5 5 5 5 5 5 5 5 5 5 5 5 5 5 5 5 5 5 5 5 5 5 5 5 5 5 5 5 5 5 5 5 5 5
5 0
5 0
5 0
5 0
5 0
5 0
5 0
5 0
5 0
5 0
5 0
5 0
5 0
5 0
5 0
5 0
5 0
5 0
5 0
5 0
5 0
5 0
5 0
5 0
5 0
5 0
5 0
5 0
5 0
5 0
5 0
5 0
5 0
5 0
5 0
5 0
5 0
5 0
5 0
5 0
5 0
5 0
5 0
5 0
5 0
5 0
5 0
5 0
5 0
5 0
5 0
5 0
5 0
5 0
5 0
5 0
5 0
5 0
5 0
5 0
5 0
5 0
5 0
5 0
5 0
5 0
5 0
5 0
5 0
5 0
5 0
5 0
5 0
5 0
5 0
5 0
5 0
5 0
5 0
5 0
5 0
5 0
5 0
5 0
5 0
5 0
5 0
5 0
5 0
5 0
5 0
5 0
5 0
5 0
5 0
5 0
5 0
5 0
5 0
5 0
5 0
5 0
5 0
5 0
5 0
5 0
5 0
5 0
5 0
5 0
5 0
5 0
5 0
5 0
5 0
5 0
5 0
5 0
5 0
5 0
5 0
5 0
5 0
5 0
5 0
5 0
5 0
5 0
5 0
5 0
5 0
5 0
5 0
5 0
5 0
5 0
5 0
5 0
5 0
5 0
5 0
5 0
5 0
5 0
5 0
5 0
5 0
5 0
5 0
5 0
5 0
5 0
5 0
5 0
5 0
5 0
5 0
5 0
5 0
5 0
5 0
5 0
5 0
5 0
5 0
5 0
5 0
5 0
5 0
5 0
5 0
5 0
5 0
5 0
5 0
5 0
5 0
5 0
5 0
5 0
5 0
5 0
5 0
5 0
5 0
5 0
5 0
5 0
5 0
5 0
5 0
5 0
5 0
5 0
5 0
5 0
5 0
5 0
5 0
5 0
2 107
5 5
4 3 3 1 3
4 3 3 1 2
4 1 4
2 3 3 2 2
2 0
1 1 2
2 0
1 0
5 2 2 3
1 2 1 4
4 2 5 4
3 1 3
3 1 1
1 2 3 3
4 1 1
5 0
2 0
1 0
2 2 4 4
1 2 1 5
5 3 4 4 3
4 1 5
2 1 4
5 5 1 5 4 2 5
3 1 2
5 1 5
3 1 3
2 1 2
4 0
1 2 5 2
3 1 3
2 2 1 5
4 3 4 5 2
1 2 2 2
5 1 1
1 1 3
3 1 2
2 0
3 0
2 0
4 1 5
3 2 1 2
2 0
1 1 4
3 2 3 1
5 2 5 1
2 3 2 4 1
5 2 5 2
1 2 2 3
1 1 1
2 0
2 1 5
4 1 5
3 1 1
3 1 1
4 3 2 4 3
5 1 3
2 0
2 1 1
5 2 4 4
2 0
4 2 2 1
3 2 1 4
3 0
5 0
3 1 4
5 3 2 1 4
2 2 1 1
1 0
4 1 3
1 3 3 5 3
4 3 4 2 4
1 1 1
2 1 5
1 2 1 2
3 0
3 0
2 2 4 2
4 1 3
5 4 1 3 5 4
4 2 2 1
5 2 1 2
3 1 5
3 1 5
5 1 2
5 0
3 2 1 2
1 2 2 4
3 0
4 2 4 5
5 2 3 5
2 2 3 2
2 1 3
4 0
4 1 4
3 1 5
1 2 4 5
5 0
2 0
3 1 2
3 1 4
2 2 3 1
1 1 5
3 3 4 2 4
5 2 1 1
3 3 4 5 5
2 2 1 4
10 50
9 7 5 7 2 3 12 5 10 9
13 5 11 7 5 4 11
12 1 2
10 3 1 8 13
13 2 13 10
2 0
6 0
10 2 1 8
12 2 11 12
7 4 10 6 3 2
9 1 10
6 2 3 13
12 2 9 2
11 4 8 8 13 8
11 1 2
3 3 10 8 5
12 0
2 0
2 2 6 10
11 3 9 9 9
3 1 11
9 1 7
6 1 6
9 0
2 3 2 12 4
2 2 11 13
10 2 11 9
4 3 6 12 13
2 4 3 11 2 5
4 0
13 1 10
10 1 13
5 2 9 1
11 2 3 12
9 4 5 1 8 10
4 1 3
2 0
1 1 12
3 2 6 2
2 3 5 13 12
8 3 4 11 5
11 2 13 13
9 3 6 11 1
8 0
10 1 13
8 2 10 12
12 1 9
8 2 13 3
10 0
3 3 9 3 6
6 2 10 13
3 200
21 16 4
19 2 19 20
4 2 14 18
17 3 21 17 5
22 1 8
8 4 15 10 9 3
6 1 10
6 2 2 18
13 1 2
8 2 17 1
21 4 4 13 22 16
16 2 14 1
18 2 17 21
1 2 8 10
13 2 17 12
8 2 22 22
20 1 3
19 3 6 18 6
13 6 5 18 1 17 4 21
14 1 2
6 2 15 22
7 3 15 21 5
2 1 16
7 2 5 8
16 1 2
17 1 16
14 3 20 10 18
7 3 2 10 7
2 2 14 5
11 0
17 3 18 16 13
20 1 17
7 2 1 18
20 2 15 7
14 3 10 7 7
5 1 14
6 2 11 9
19 5 17 20 14 19 22
10 1 22
16 1 17
2 1 19
8 2 3 4
9 5 6 11 4 4 3
19 2 7 6
6 1 10
19 4 22 10 1 19
2 3 14 13 5
4 1 5
15 3 20 9 1
12 1 2
15 1 12
20 2 3 9
18 2 7 12
16 1 12
4 2 10 21
9 1 19
8 3 4 19 2
15 2 10 2
16 1 21
7 3 18 8 19
3 2 15 4
10 3 16 9 18
4 4 21 21 9 9
8 4 12 7 11 3
7 3 7 6 4
17 2 21 18
12 2 3 6
10 1 10
11 0
21 1 6
1 3 7 21 14
12 2 16 11
4 1 12
9 2 9 14
6 1 16
10 1 17
5 1 1
7 0
11 2 7 4
20 0
16 2 11 15
1 2 21 7
15 1 21
12 2 22 13
14 2 5 6
17 0
18 1 13
21 3 21 12 7
9 2 18 8
11 5 5 16 22 6 13
5 0
10 3 17 2 2
18 2 2 2
6 1 3
17 2 8 8
1 3 20 3 21
20 0
6 5 9 11 19 13 18
10 3 3 1 8
8 3 17 20 8
2 1 17
11 2 17 14
17 1 15
5 1 4
17 1 8
20 0
12 3 1 9 4
22 2 20 7
2 4 15 15 2 19
20 3 21 5 8
17 5 14 4 11 21 13
17 3 10 5 16
20 2 14 16
9 0
6 0
11 0
1 1 4
22 0
7 0
10 5 16 9 18 3 3
8 1 14
9 0
19 4 19 6 13 9
4 1 13
14 0
11 2 5 9
4 2 1 20
11 2 9 17
16 2 22 4
11 2 22 5
16 2 8 20
17 0
21 1 19
10 0
19 1 6
16 0
5 0
7 0
13 1 4
6 2 2 8
4 2 2 4
7 2 16 11
1 3 22 3 4
22 2 6 9
13 2 12 11
4 3 19 13 21
10 6 5 17 10 5 16 9
14 0
3 2 1 4
15 1 22
21 6 13 20 9 20 7 11
11 5 14 2 14 14 5
1 4 2 15 10 22
15 1 16
14 1 22
13 0
3 1 15
15 2 20 19
21 6 12 3 15 5 11 9
18 0
3 0
15 1 6
10 2 13 18
22 2 7 12
22 1 14
4 1 7
13 2 5 20
5 4 11 20 18 21
8 4 20 7 17 9
3 2 13 22
10 4 14 4 16 6
12 2 14 5
7 1 4
10 3 16 1 6
9 7 22 16 6 20 20 4 2
17 5 21 7 13 7 8
12 2 5 13
18 1 1
6 1 8
14 5 19 10 22 10 22
8 2 9 3
4 1 9
22 3 14 22 2
9 1 17
18 2 21 2
11 5 10 17 7 9 5
21 2 14 16
18 3 4 2 3
3 1 15
19 0
11 0
4 3 2 16 6
9 1 12
18 2 22 3
3 1 19
9 2 16 20
22 1 14
15 2 9 15
11 5 15 8 7 20 1
7 2 21 13
15 2 8 5
1 200
1
10 1 1
10 0
6 1 10
5 0
8 1 7
10 2 5 9
4 1 1
9 0
10 0
3 2 7 3
7 1 6
5 0
2 3 6 8 3
6 2 8 2
4 1 2
4 0
6 0
1 3 1 3 2
5 0
1 4 9 5 7 8
6 2 9 4
8 1 4
4 2 8 3
7 4 1 7 8 3
2 1 7
4 3 6 4 10
2 0
2 0
1 2 9 6
1 3 2 3 9
3 1 4
10 3 1 3 3
3 0
10 2 5 3
4 1 6
10 2 5 3
1 4 1 6 8 10
7 0
10 1 9
10 1 5
2 1 4
6 3 2 10 8
6 1 2
3 1 9
3 0
2 4 8 9 1 5
6 1 2
1 5 1 2 2 4 10
4 0
3 0
3 0
9 2 5 7
10 0
6 3 7 7 4
7 2 8 3
3 1 2
2 2 5 7
10 1 9
5 3 10 9 9
2 1 2
3 2 8 5
9 2 9 2
2 1 5
5 0
10 3 4 5 10
5 1 3
4 1 7
10 1 9
4 1 4
3 0
1 1 6
5 1 7
1 0
6 3 3 4 5
7 1 2
5 2 2 7
9 2 5 1
4 2 9 9
5 1 9
2 2 1 2
8 1 6
10 2 6 4
3 1 6
7 3 10 5 6
7 3 4 5 4
1 2 9 5
10 3 4 1 2
8 3 1 2 3
1 2 10 9
6 0
10 1 3
3 2 5 8
6 2 5 4
1 1 10
7 3 7 5 8
5 3 1 2 9
7 2 5 8
2 1 6
4 0
2 0
6 2 10 8
6 1 1
6 3 3 9 8
8 1 3
3 1 8
4 2 8 10
3 1 2
2 1 3
10 0
9 1 6
5 1 6
7 3 2 6 8
8 0
7 2 4 9
4 1 8
7 3 9 3 1
8 0
5 1 1
4 1 6
10 1 5
10 2 6 5
3 2 10 7
2 2 2 10
5 2 2 2
5 3 4 7 3
8 2 9 7
1 2 2 1
4 3 7 5 6
1 0
6 1 7
5 0
6 1 4
1 2 6 1
3 2 10 6
4 2 7 3
3 2 1 10
8 0
8 0
6 0
7 1 7
8 1 6
1 1 2
4 1 4
8 1 5
9 3 9 8 4
7 1 2
4 1 5
8 0
3 2 5 10
7 1 10
7 2 7 9
2 1 9
2 1 2
8 1 2
8 1 3
8 1 7
7 2 6 10
8 0
3 2 5 5
7 1 9
3 0
10 2 1 8
5 4 2 7 10 4
5 3 4 8 2
2 1 5
10 7 6 7 4 4 5 1 2
9 3 4 1 9
1 2 5 5
9 3 2 8 3
5 1 9
8 2 2 7
6 0
5 4 6 3 9 7
1 1 7
3 1 6
3 2 2 8
9 2 4 9
6 2 8 3
1 2 9 8
1 0
5 2 6 4
9 2 10 5
4 1 7
8 3 6 8 3
7 3 10 2 2
3 1 1
7 1 6
5 0
10 0
10 0
2 4 7 3 8 5
4 3 1 9 5
9 1 1
8 1 10
10 0
2 2 3 1
7 4 6 5 8 7
8 2 9 2
2 1 6
5 0
8 50
5 6 6 9 11 6 6 2
3 2 9 1
9 0
13 1 10
8 2 1 11
7 1 14
4 3 8 8 2
10 4 8 15 8 3
3 4 2 9 6 11
9 2 4 3
4 2 3 2
12 0
9 1 5
3 0
6 2 6 10
6 3 6 12 7
4 6 11 15 14 3 14 15
10 5 7 4 4 4 14
14 6 9 6 6 13 2 15
8 2 15 2
7 3 4 4 11
7 2 10 10
5 2 2 12
12 0
3 3 11 11 3
10 2 5 3
2 4 6 3 14 9
4 2 8 6
12 2 4 12
14 3 10 4 6
9 1 9
14 1 13
1 5 13 7 5 5 4
9 3 14 10 1
3 1 4
15 3 15 12 3
1 2 8 4
6 3 10 7 10
9 1 9
10 1 9
6 2 4 12
4 1 13
6 2 5 10
15 4 14 2 7 2
6 3 12 3 5
3 1 13
12 2 13 13
9 2 11 5
12 1 15
10 3 10 10 15
2 1 12
1 84
1
1 4 1 1 1 1
1 5 1 1 1 1 1
1 0
1 0
1 0
1 4 1 1 1 1
1 4 1 1 1 1
1 0
1 0
1 1 1
1 0
1 0
1 4 1 1 1 1
1 3 1 1 1
1 1 1
1 0
1 0
1 0
1 1 1
1 0
1 0
1 0
1 0
1 0
1 1 1
1 1 1
1 1 1
1 0
1 0
1 0
1 0
1 0
1 0
1 1 1
1 1 1
1 0
1 1 1
1 0
1 0
1 0
1 0
1 0
1 0
1 4 1 1 1 1
1 0
1 0
1 0
1 0
1 5 1 1 1 1 1
1 0
1 4 1 1 1 1
1 4 1 1 1 1
1 1 1
1 1 1
1 0
1 0
1 0
1 1 1
1 0
1 4 1 1 1 1
1 1 1
1 0
1 0
1 4 1 1 1 1
1 1 1
1 1 1
1 0
1 0
1 2 1 1
1 4 1 1 1 1
1 0
1 0
1 0
1 1 1
1 0
1 0
1 0
1 4 1 1 1 1
1 4 1 1 1 1
1 0
1 0
1 4 1 1 1 1
1 1 1
1 0
1 200
10
109 1 89
124 1 61
80 1 118
60 1 3
52 1 44
61 1 132
15 1 15
88 1 71
91 1 27
28 1 28
105 1 21
95 1 60
30 1 27
71 1 51
58 1 37
108 1 6
104 1 104
2 1 44
46 1 114
35 1 61
53 1 5
14 1 108
6 1 22
36 1 36
49 1 49
121 1 30
58 1 131
12 1 48
122 1 134
45 1 101
84 1 84
19 1 33
27 1 92
32 1 32
89 1 109
73 1 121
101 1 24
3 1 60
130 1 29
120 1 127
72 1 72
96 1 65
88 1 88
114 1 63
54 1 53
10 1 106
53 1 54
22 1 22
31 1 98
127 1 120
15 1 13
24 1 84
46 1 46
127 1 23
50 1 50
63 1 126
87 1 114
132 1 20
113 1 5
10 1 104
129 1 2
60 1 58
123 1 21
132 1 122
50 1 95
33 1 111
68 1 123
37 1 19
134 1 122
68 1 68
92 1 55
28 1 102
29 1 29
33 1 123
110 1 117
134 1 134
61 1 35
1 1 95
80 1 115
122 1 121
78 1 78
124 1 85
14 1 14
4 1 55
92 1 76
94 1 129
89 1 89
5 1 113
24 1 117
27 1 91
108 1 14
73 1 73
34 1 49
106 1 129
43 1 81
7 1 19
19 1 7
76 1 92
70 1 70
2 1 36
35 1 35
37 1 78
20 1 20
91 1 91
43 1 130
21 1 105
48 1 12
116 1 116
110 1 110
111 1 33
87 1 103
114 1 46
102 1 28
30 1 77
98 1 32
98 1 75
3 1 3
81 1 43
7 1 7
51 1 26
76 1 76
26 1 26
130 1 1
44 1 52
5 1 124
29 1 130
25 1 75
1 1 70
102 1 43
109 1 13
41 1 41
121 1 73
23 1 12
49 1 34
13 1 15
4 1 4
21 1 127
116 1 66
36 1 2
51 1 87
117 1 102
131 1 131
95 1 50
101 1 45
118 1 80
48 1 48
118 1 118
41 1 31
72 1 106
55 1 4
12 1 53
63 1 66
96 1 31
85 1 85
34 1 96
75 1 25
45 1 45
13 1 80
71 1 88
78 1 37
123 1 68
77 1 30
54 1 54
75 1 71
77 1 77
126 1 63
74 1 23
94 1 94
120 1 120
84 1 24
105 1 105
20 1 132
66 1 116
55 1 109
65 1 96
70 1 1
25 1 25
81 1 81
74 1 74
66 1 108
44 1 34
52 1 52
103 1 103
22 1 6
26 1 51
117 1 110
23 1 74
106 1 72
6 1 101
103 1 87
129 1 94
113 1 113
65 1 65
85 1 124
31 1 41
111 1 111
126 1 126
131 1 58
32 1 98
104 1 10
18 20
4 1 14 13 15 28 14 17 20 23 3 25 22 28 39 28 2 17
19 7 2 18 10 28 48 3 17
34 8 33 24 35 30 2 5 34 35
12 7 30 38 31 33 22 47 5
28 6 20 36 11 14 49 24
22 5 43 25 30 12 8
49 9 17 23 28 17 2 46 32 31 36
50 12 20 17 9 34 2 30 4 28 8 5 47 5
11 8 17 14 47 23 46 6 9 21
29 11 7 22 8 34 8 10 8 11 17 31 3
19 6 37 38 49 48 12 29
29 13 42 2 25 43 31 27 38 26 22 11 1 25 13
13 14 30 38 10 36 9 4 23 2 2 10 18 18 15 16
25 9 35 22 41 28 38 13 5 13 9
12 6 30 34 2 12 22 3
48 10 16 26 17 20 42 10 23 34 32 27
36 10 6 47 22 33 24 18 19 5 43 12
49 7 6 30 14 19 20 8 50
45 4 23 31 41 8
9 11 3 46 14 41 13 8 37 25 35 35 45
43 3 31 1 32
1 200
194
72 3 161 193 65
164 4 31 136 45 72
114 3 74 164 156
167 3 155 118 114
24 1 167
81 2 117 24
38 2 19 81
177 2 189 38
5 2 107 177
34 3 6 5 167
2 2 115 34
54 2 76 2
135 3 99 24 54
58 3 91 135 47
123 2 43 58
67 1 123
83 2 43 67
115 2 97 83
173 3 156 27 115
80 3 160 175 173
106 1 80
161 2 124 106
137 1 161
63 1 137
175 2 22 63
3 3 72 175 75
36 2 200 3
101 1 36
145 1 101
13 2 154 145
147 1 13
142 1 147
97 2 198 142
109 3 38 120 97
129 2 77 109
45 4 74 129 55 52
94 1 45
112 1 94
71 2 77 112
127 3 155 71 167
103 2 114 127
90 2 11 103
41 2 176 90
166 1 41
139 1 166
26 3 159 139 198
170 1 26
33 1 170
116 2 139 33
121 1 116
42 3 155 121 186
21 2 114 42
37 2 167 21
158 1 37
82 3 95 173 158
89 2 132 82
192 1 89
52 1 192
187 4 150 52 10 75
69 3 79 187 144
138 4 32 152 128 69
182 2 184 138
30 2 41 182
23 2 178 30
195 1 23
91 2 197 195
122 1 91
25 1 122
64 3 88 25 66
85 2 163 64
124 2 4 85
46 3 105 180 124
200 1 46
57 1 200
153 3 65 109 57
31 1 153
27 3 172 31 181
77 2 47 27
88 3 118 77 93
86 1 88
16 2 79 86
65 2 100 16
39 4 121 65 167 178
10 2 39 39
190 2 1 10
156 1 190
120 1 156
119 3 150 120 12
102 5 88 118 119 194 140
146 2 167 102
50 1 146
184 3 161 71 50
150 2 64 184
44 1 150
193 2 140 44
7 5 35 193 169 186 38
159 2 55 7
136 2 8 159
134 1 136
60 1 134
117 2 115 60
8 2 155 117
15 2 163 8
22 4 195 15 147 57
12 1 22
29 2 177 12
131 1 29
186 1 131
132 1 186
118 3 1 132 138
9 1 118
59 1 9
70 2 92 59
78 3 150 127 70
189 2 151 78
105 2 118 189
11 1 105
155 1 11
1 2 182 155
125 1 1
66 3 99 125 174
126 3 83 83 66
18 3 128 126 175
198 2 153 18
181 2 75 198
43 1 181
100 3 174 172 43
171 1 100
162 4 179 171 93 120
20 1 162
180 1 20
130 2 55 180
197 3 139 29 130
74 1 197
133 2 33 74
92 2 2 133
53 3 72 92 87
14 2 190 53
6 2 42 14
110 2 29 6
75 1 110
4 2 95 75
160 2 168 4
99 2 2 160
185 2 123 99
149 1 185
84 2 32 149
32 1 84
19 1 32
48 2 98 19
98 2 41 48
93 3 24 98 164
178 4 183 91 93 12
144 4 19 11 178 96
56 2 58 144
169 1 56
143 2 87 169
79 5 174 74 58 143 95
49 3 170 79 15
96 1 49
140 1 96
113 2 92 140
61 1 113
183 1 61
68 1 183
172 3 25 45 68
111 1 172
73 2 40 111
148 1 73
47 2 76 148
107 2 159 47
76 1 107
141 2 91 76
128 2 156 141
176 1 128
151 2 166 176
199 1 151
154 3 25 10 199
95 1 154
174 1 95
17 2 192 174
28 1 17
157 2 42 28
152 2 176 157
165 3 149 7 152
108 2 2 165
168 2 162 108
104 1 168
188 2 63 104
196 1 188
163 3 113 196 93
179 3 56 163 143
35 2 167 179
40 2 50 35
87 1 40
51 3 26 87 173
55 2 119 51
62 3 19 55 14
191 3 90 54 62
194 1 191
58 200
18 10 24 21 27 31 26 12 5 2 31 29 12 31 8 18 18 3 27 14 25 21 20 19 23 21 27 30 28 7 11 12 15 3 1 10 1 24 19 5 26 19 31 6 16 7 22 2 7 15 15 30 4 1 17 25 21 13
23 3 20 14 15
15 1 25
17 4 29 28 22 22
3 2 28 30
26 3 5 7 7
31 2 1 3
5 2 3 11
25 3 30 27 31
7 1 3
5 1 15
17 1 19
26 0
7 2 22 14
11 2 2 13
11 3 27 10 29
7 0
15 0
26 0
13 2 30 11
3 1 4
25 5 18 2 4 21 27
20 2 3 24
17 1 7
6 0
18 2 23 11
19 0
6 3 24 16 30
1 3 28 26 26
12 2 12 24
25 0
13 1 3
1 3 16 21 30
6 3 11 12 14
30 3 9 26 22
3 1 31
1 1 2
27 1 29
6 2 13 2
25 3 18 11 30
3 1 21
8 4 3 20 13 11
8 1 14
26 2 30 11
15 2 24 14
19 2 15 25
5 4 7 7 23 31
21 1 31
2 1 7
28 2 28 13
31 4 25 22 26 21
4 1 22
21 1 31
17 4 26 1 23 29
18 4 19 15 25 5
26 1 9
3 2 21 4
3 1 16
29 0
2 0
12 0
20 1 30
14 0
11 1 31
26 1 24
10 1 5
13 2 16 11
24 3 17 14 2
4 2 15 2
16 0
15 1 23
6 3 31 11 28
22 4 23 28 4 8
22 0
31 1 28
5 0
9 1 29
2 2 28 5
23 3 23 1 4
8 2 14 8
29 2 1 12
22 1 16
9 2 6 19
16 0
6 2 17 25
25 3 5 27 11
8 3 11 30 24
8 3 10 31 2
25 3 9 30 31
5 4 7 28 31 26
9 2 7 23
6 2 21 13
23 0
21 0
16 2 3 27
15 1 24
28 0
26 1 29
7 2 10 14
31 0
9 3 22 17 30
21 3 7 7 1
3 2 13 24
30 0
9 3 14 5 30
31 2 24 18
1 5 28 16 2 9 12
18 0
30 3 16 15 9
21 1 20
23 3 23 21 16
27 1 27
9 1 17
30 1 3
9 0
14 0
23 3 18 30 9
16 0
22 2 20 31
16 2 7 14
19 2 8 5
28 3 14 16 26
19 0
10 3 12 6 25
15 1 25
1 1 11
24 4 30 18 26 24
10 1 10
25 0
28 2 5 20
7 1 18
2 3 5 22 16
15 2 12 9
10 0
29 2 21 5
23 0
7 1 29
29 2 8 19
7 3 31 24 16
6 0
18 3 11 28 21
28 2 19 28
30 4 10 18 2 20
26 3 20 21 15
26 3 3 9 21
8 2 9 14
9 2 23 26
17 3 24 20 23
23 2 18 16
28 1 22
30 2 29 14
10 1 12
22 3 14 12 24
18 1 5
17 2 28 1
4 1 3
18 0
7 2 2 15
13 2 11 14
9 1 27
1 0
19 0
10 2 20 1
15 5 6 28 9 9 16
26 0
7 2 14 5
5 2 4 18
31 1 15
2 0
11 2 22 2
5 2 6 19
19 3 28 22 12
7 2 14 15
3 1 23
12 3 11 1 18
30 1 24
8 0
18 2 2 2
15 2 5 21
31 2 27 3
14 3 5 30 16
12 0
7 2 23 24
2 2 3 12
29 3 14 23 6
22 3 13 30 16
5 2 12 25
13 1 29
26 1 27
15 0
22 2 12 19
27 0
1 2 8 14
29 0
8 3 20 6 27
26 2 24 4
5 2 23 3
12 0
25 2 10 30
4 1 25
21 5 3 23 17 15 13
1 200
173
43 1 67
75 1 43
101 2 106 75
157 1 101
52 1 157
142 1 52
8 1 142
178 1 8
122 1 178
40 1 122
106 1 40
6 1 106
111 1 6
107 1 111
73 1 107
186 2 167 73
113 1 186
180 1 113
57 2 58 180
159 1 57
124 1 159
4 1 124
146 1 4
163 1 146
154 1 163
56 1 154
161 1 56
133 1 161
170 1 133
42 1 170
181 1 42
53 1 181
92 1 53
194 1 92
54 1 194
46 1 54
14 1 46
3 1 14
185 1 3
94 1 185
191 1 94
16 1 191
85 1 16
115 1 85
84 1 115
11 1 84
47 1 11
155 1 47
74 1 155
2 1 74
65 1 2
196 1 65
126 1 196
114 1 126
13 1 114
112 1 13
135 1 112
18 1 135
144 1 18
184 1 144
100 1 184
93 1 100
167 1 93
55 1 167
197 1 55
175 1 197
68 1 175
76 1 68
139 1 76
158 1 139
188 1 158
12 1 188
132 1 12
98 1 132
30 1 98
78 1 30
89 1 78
66 1 89
164 1 66
130 1 164
141 1 130
134 1 141
160 2 149 134
151 1 160
153 1 151
121 1 153
24 1 121
77 1 24
95 1 77
25 1 95
33 1 25
97 1 33
119 1 97
23 1 119
70 1 23
156 1 70
72 1 156
31 1 72
91 1 31
90 1 91
34 1 90
17 1 34
87 1 17
189 1 87
129 1 189
125 1 129
143 1 125
48 1 143
182 1 48
108 1 182
61 1 108
176 1 61
123 1 176
50 1 123
60 1 50
137 1 60
28 1 137
195 1 28
127 1 195
105 1 127
79 1 105
177 1 79
128 1 177
80 1 128
172 1 80
63 1 172
149 1 63
71 1 149
83 1 71
81 1 83
45 1 81
198 1 45
103 1 198
179 1 103
148 1 179
131 1 148
9 1 131
10 1 9
27 1 10
150 1 27
166 1 150
39 1 166
199 1 39
88 1 199
49 1 88
183 1 49
37 1 183
51 1 37
82 1 51
99 1 82
58 1 99
136 1 58
1 1 136
152 1 1
192 1 152
20 1 192
190 1 20
7 1 190
168 1 7
120 1 168
138 1 120
86 1 138
36 1 86
169 1 36
171 1 169
104 1 171
29 1 104
162 1 29
147 1 162
35 1 147
67 1 35
22 1 67
174 1 22
44 1 174
64 1 44
116 1 64
21 1 116
62 1 21
187 1 62
140 1 187
118 1 140
165 1 118
59 1 165
102 1 59
69 1 102
5 1 69
32 1 5
19 1 32
109 1 19
200 1 109
110 1 200
38 1 110
145 1 38
96 1 145
117 1 96
26 1 117
193 1 26
15 1 193
41 1 15
173 1 41
3 200
22 3 23
30 4 5 6 30 22
6 2 16 11
7 3 11 24 17
11 1 19
1 2 13 6
16 3 8 27 15
13 3 9 17 29
4 2 24 28
21 0
14 0
18 1 27
3 2 8 2
21 2 30 29
8 1 7
30 1 28
3 1 20
19 3 19 21 27
8 2 29 24
21 1 20
28 0
13 1 15
11 2 19 24
18 0
10 2 16 11
18 1 24
27 2 3 29
28 1 30
27 0
10 2 13 25
12 2 16 30
19 1 26
9 2 18 4
9 2 3 1
17 3 14 3 28
11 0
10 3 24 6 24
24 2 3 9
23 3 16 5 8
13 1 17
15 0
28 4 26 8 30 8
23 2 17 24
17 2 11 11
10 3 3 29 7
30 1 17
8 4 14 11 3 16
12 2 13 11
18 2 11 19
15 2 7 10
25 1 20
8 3 3 2 5
19 4 2 18 13 27
27 5 21 7 30 17 6
25 2 9 27
20 2 26 11
14 2 30 12
21 2 23 27
17 2 17 20
3 3 24 25 4
23 4 4 25 5 12
21 3 30 3 13
13 2 10 24
1 1 20
29 2 12 12
29 3 30 19 28
4 3 9 25 15
30 2 22 12
22 1 23
18 3 29 19 6
5 2 8 7
6 2 30 5
8 1 9
27 2 27 29
15 3 26 19 9
17 5 1 19 29 3 15
26 3 1 15 23
22 2 23 4
29 1 15
13 2 15 30
29 3 21 6 2
15 4 9 12 10 20
20 1 21
17 4 13 8 18 18
11 1 22
6 1 25
29 3 7 2 17
16 2 24 6
19 5 16 25 25 19 22
15 3 24 4 17
18 2 1 6
11 2 5 28
27 3 4 22 1
30 0
3 2 11 1
26 4 7 20 26 9
20 0
28 6 23 12 5 20 19 11
17 2 6 30
12 3 17 5 24
16 4 3 28 6 21
21 0
9 0
23 3 23 13 6
17 4 14 1 24 27
23 0
1 2 30 15
4 2 11 12
7 0
29 2 12 9
17 2 13 11
5 3 18 15 26
5 1 28
28 1 14
13 1 8
15 0
26 0
11 0
1 2 8 28
14 0
18 2 27 4
18 2 25 23
16 0
14 2 16 20
10 3 21 19 2
10 0
1 2 10 10
29 2 15 16
8 6 10 15 8 18 13 29
18 2 6 9
2 1 27
15 1 18
8 1 4
11 1 1
29 1 24
17 0
25 2 16 11
29 3 22 24 22
20 1 19
1 3 12 4 19
20 1 17
28 2 22 8
27 4 30 21 24 24
24 3 23 29 10
18 3 16 17 26
2 0
9 2 30 6
13 2 8 7
4 0
9 2 30 3
18 1 27
21 2 20 30
18 2 27 15
25 1 5
27 7 26 25 23 8 25 8 21
19 0
4 1 23
27 2 18 30
18 1 22
3 2 13 10
6 3 28 20 4
19 2 23 14
17 4 19 23 24 19
6 4 22 30 12 17
21 3 20 23 9
7 0
22 2 28 26
16 3 10 13 21
6 0
11 2 10 5
8 2 5 29
25 1 19
1 3 5 15 6
5 1 29
10 2 11 29
18 3 6 22 13
28 1 21
10 1 2
22 1 15
1 0
18 4 27 16 27 29
9 2 26 21
14 4 18 2 30 9
28 2 3 27
25 4 30 11 25 24
10 2 21 25
16 2 11 19
20 6 5 2 4 19 17 15
28 2 18 9
25 1 12
23 2 28 16
4 0
6 2 17 19
1 1 25
9 1 29
26 2 21 20
8 3 16 1 17
22 3 4 6 19
3 3 27 28 8
5 2 2 4
2 1 13
39 127
16 10 5 11 11 12 13 3 9 9 12 7 12 2 9 3 15 8 1 15 7 14 17 14 4 8 4 7 8 7 15 14 7 10 7 17 5 3 3
4 1 12
11 3 16 2 1
5 0
1 1 1
13 5 17 7 1 16 7
7 1 12
9 2 4 17
16 0
12 2 11 15
7 3 17 2 6
16 4 17 4 16 15
9 2 15 9
4 1 7
4 2 3 5
16 0
17 1 11
7 3 12 9 6
15 1 3
3 1 14
14 1 5
13 4 13 6 17 7
17 3 1 6 17
2 3 13 15 16
10 3 6 13 2
7 6 6 13 17 10 6 9
12 1 14
7 2 12 3
6 2 7 4
7 1 3
9 4 12 10 3 3
16 3 3 9 7
10 2 11 8
10 2 17 14
4 3 1 5 9
10 1 4
6 2 14 9
1 1 8
9 3 16 4 16
12 4 6 3 6 5
12 1 5
16 1 11
1 2 16 15
11 4 14 3 9 2
2 3 7 5 11
4 1 1
1 0
10 1 6
2 2 12 10
6 3 2 12 9
3 2 11 9
6 4 3 12 13 9
1 2 1 3
3 1 15
7 0
1 4 10 8 12 15
17 2 7 8
1 1 8
8 2 9 15
5 3 12 7 2
7 3 8 15 6
7 1 4
12 1 5
7 0
8 1 14
15 3 11 9 2
7 3 7 1 9
4 0
15 6 13 1 10 16 7 10
16 5 16 12 8 8 5
15 3 4 2 5
17 2 1 15
5 3 12 14 5
15 0
1 3 14 13 6
6 2 16 16
10 2 4 7
1 0
6 4 2 7 3 16
11 1 1
6 0
9 1 15
16 3 6 17 16
15 2 13 1
2 1 16
5 3 14 14 14
15 1 9
1 4 3 4 5 12
14 3 11 11 8
13 4 12 8 15 10
13 3 3 16 4
11 2 10 9
3 6 9 2 9 16 9 6
7 4 13 13 7 16
1 2 9 8
1 0
12 0
7 3 15 17 1
4 1 16
17 0
13 4 6 1 3 2
1 3 15 14 14
16 4 14 8 10 2
17 3 11 10 12
6 3 12 2 16
8 1 11
14 3 8 17 1
6 2 5 5
8 4 4 6 4 4
2 2 14 11
16 1 17
5 1 4
1 2 10 11
5 1 17
10 1 1
2 1 13
1 2 1 12
15 2 12 11
10 2 10 13
14 0
11 2 17 11
14 3 5 10 14
7 1 6
4 2 7 16
3 1 15
15 0
4 1 14
6 0
1 200
137
178 1 159
86 1 196
25 1 160
143 1 2
191 1 51
28 1 166
168 1 136
18 1 146
91 1 87
17 1 91
145 1 184
118 1 28
81 1 183
54 1 128
72 1 35
98 1 83
139 1 125
185 1 41
129 1 140
46 1 97
92 1 5
113 1 172
171 1 134
23 1 179
150 1 23
158 1 135
148 1 42
182 1 106
189 1 31
198 1 6
126 1 82
144 1 78
174 1 144
94 1 52
130 1 163
83 1 66
29 1 45
111 1 9
167 1 58
38 1 177
164 1 157
85 1 62
13 1 131
6 1 176
7 1 18
95 1 147
69 1 46
50 1 48
12 1 155
125 1 110
34 1 108
73 1 170
120 1 192
186 1 193
84 1 43
163 1 1
93 1 80
138 1 161
123 1 133
63 1 118
183 1 32
175 1 63
71 1 15
157 1 54
115 1 112
184 1 114
142 1 127
68 1 120
60 1 89
102 1 14
87 1 19
30 1 143
117 1 129
53 1 40
59 1 21
161 1 113
140 1 53
152 1 174
101 1 164
121 1 171
166 1 122
154 1 30
165 1 126
197 1 95
108 1 7
173 1 17
8 1 182
127 1 124
141 1 151
39 1 12
170 1 65
172 1 26
109 1 88
19 1 162
45 1 47
4 1 104
27 1 39
42 1 197
65 1 139
188 1 154
62 1 169
131 1 99
49 1 195
104 1 85
9 1 200
11 1 73
162 1 121
195 1 109
128 1 149
153 1 117
75 1 173
160 1 111
16 1 71
193 1 132
51 1 103
14 1 61
44 1 4
21 1 98
43 1 102
135 1 153
76 1 79
77 1 167
122 1 150
134 1 93
192 1 50
107 1 115
146 1 130
137 1 142
200 1 96
2 1 189
37 1 77
112 1 190
10 1 107
41 1 74
80 1 67
116 1 69
26 1 13
66 1 36
48 1 148
67 1 158
147 1 90
74 1 116
176 1 29
33 1 81
79 1 49
99 1 188
1 1 86
35 1 57
151 1 25
22 1 72
181 1 38
56 1 156
52 1 191
149 1 123
32 1 105
31 1 8
58 1 138
106 1 16
187 1 64
40 1 175
199 1 94
5 1 199
55 1 27
24 1 3
96 1 55
97 1 194
179 1 33
159 1 37
90 1 165
36 1 60
103 1 180
105 1 44
124 1 68
196 1 178
114 1 11
110 1 70
15 1 101
78 1 172
3 1 181
70 1 59
194 1 152
61 1 141
100 1 22
177 1 145
132 1 75
47 1 34
190 1 24
155 1 186
156 1 100
64 1 76
57 1 20
119 1 187
89 1 198
180 1 119
169 1 185
136 1 10
88 1 84
20 1 168
133 1 56
82 1 92
158 200
17 9 1 13 6 8 14 20 11 14 2 13 19 10 13 15 3 4 8 17 18 2 6 19 1 19 17 8 13 8 14 1 16 6 13 13 13 18 12 15 11 13 20 10 2 12 4 17 7 12 13 17 5 10 15 5 8 3 4 20 10 17 1 17 14 5 9 18 3 12 12 13 16 11 2 17 14 18 5 1 9 9 9 13 18 15 9 5 17 12 17 6 20 9 14 5 5 2 14 7 13 5 12 8 8 5 16 13 14 13 5 2 1 13 6 19 19 6 15 15 17 11 12 8 19 5 12 4 18 5 2 2 2 5 1 1 2 9 13 15 1 10 9 1 2 14 11 13 20 6 7 8 16 11 8 7 7 11
10 1 11
5 2 15 4
8 3 6 4 5
3 2 2 17
6 0
1 3 8 2 12
8 0
19 0
1 5 1 3 12 10 15
1 4 4 10 8 6
7 0
5 0
15 0
7 0
14 0
15 1 6
19 1 15
8 0
9 0
10 3 19 17 16
20 1 15
20 2 4 11
15 0
18 1 13
19 2 13 3
2 1 6
8 0
6 0
8 1 5
15 2 18 15
9 0
9 1 10
11 1 9
16 0
12 2 20 14
16 1 11
16 1 1
11 1 6
6 1 14
8 2 2 19
3 1 5
12 1 1
4 1 19
9 1 20
18 1 18
18 3 9 12 1
4 2 18 19
9 3 14 7 9
17 0
12 0
18 0
8 1 17
3 1 2
4 3 2 1 6
5 0
13 3 17 20 14
5 1 9
5 3 1 4 19
11 0
13 1 7
11 1 3
19 1 2
13 1 14
1 0
14 2 19 15
16 1 2
8 1 16
1 0
18 3 20 3 2
14 0
8 2 18 14
20 1 5
5 2 5 10
11 2 20 3
9 1 2
15 1 10
20 1 3
12 3 1 9 4
3 2 3 5
16 1 9
15 2 12 15
12 1 9
15 1 3
9 1 6
15 3 8 13 2
20 2 19 3
1 0
19 1 16
16 1 8
11 1 4
3 2 6 12
6 0
9 1 7
8 3 14 10 2
18 1 1
14 0
3 1 15
5 1 9
14 2 6 15
1 2 18 12
10 1 11
1 3 7 19 2
12 1 6
15 1 5
12 0
20 0
1 1 18
11 0
3 2 18 4
15 3 19 17 20
19 1 17
9 3 10 2 6
6 2 13 7
13 1 20
17 1 10
12 2 15 7
4 2 20 20
10 0
2 2 8 19
19 0
20 1 3
17 0
16 3 8 12 9
1 1 4
4 1 7
13 1 9
14 3 15 1 14
6 2 6 19
10 1 6
8 1 9
18 4 12 14 7 2
19 2 8 10
8 2 18 3
2 1 4
5 0
11 1 8
13 0
17 2 5 4
14 1 3
16 2 20 14
11 0
4 0
16 2 20 9
8 3 7 9 19
16 2 15 20
13 0
11 0
12 3 15 8 15
2 2 3 16
13 0
2 2 9 8
13 1 20
9 0
18 1 18
13 0
12 1 5
2 0
7 0
9 1 20
3 1 11
6 0
19 1 4
2 0
13 0
20 1 13
18 0
16 0
4 0
15 0
9 4 16 6 9 2
11 0
17 1 1
12 3 4 10 13
7 1 4
17 0
19 1 5
11 1 4
7 1 20
10 1 15
12 2 2 3
19 1 13
4 1 18
16 0
19 2 19 13
1 0
9 1 11
2 1 10
14 0
7 3 15 15 1
11 0
17 2 8 17
12 0
1 0
10 3 6 14 18
16 3 6 5 8
12 0
19 0
11 0
15 1 2
5 1 16
1 200
2
8 0
11 1 12
6 0
13 0
9 2 9 4
15 1 2
7 0
7 0
6 1 1
13 1 2
10 3 11 13 9
1 0
3 2 6 7
10 2 2 9
12 0
14 0
9 2 7 13
4 5 14 6 5 8 3
4 2 14 9
12 0
10 1 11
6 1 10
4 4 6 10 4 5
1 1 6
8 1 2
4 2 12 4
13 1 2
8 1 4
6 1 13
10 1 4
1 1 10
5 1 9
5 3 10 8 4
6 0
9 0
5 1 1
12 3 8 14 9
15 4 2 12 9 13
3 4 8 8 13 9
2 1 2
12 4 14 4 15 9
4 3 2 11 13
9 2 2 14
7 0
14 3 5 7 7
5 2 5 4
5 1 12
14 1 9
15 1 2
8 1 14
2 0
1 3 5 10 3
13 3 7 5 9
6 0
1 3 6 13 11
6 2 1 13
1 0
5 1 6
5 3 14 5 5
13 1 6
6 2 14 6
12 0
2 2 6 9
2 3 9 1 4
2 2 6 5
10 1 6
6 1 11
5 3 8 6 5
10 2 12 5
15 1 8
6 1 1
13 1 15
3 2 7 3
14 3 11 1 7
4 1 3
1 3 9 10 9
10 2 9 1
15 2 8 15
6 1 6
9 2 12 5
8 1 13
8 1 14
9 1 1
12 1 7
5 2 14 12
1 4 15 9 5 4
2 2 1 10
5 0
12 1 2
13 2 14 14
2 1 15
2 1 3
9 2 9 3
10 1 12
3 2 3 6
2 2 7 14
4 0
15 0
6 4 12 1 12 10
5 1 6
14 0
3 0
10 1 1
8 2 7 4
8 3 5 7 5
13 0
9 2 10 10
9 2 9 2
13 2 12 11
6 2 6 6
9 1 5
12 1 4
13 2 14 13
2 5 9 10 5 10 14
8 0
2 1 9
9 0
2 1 13
13 3 1 14 11
5 0
6 2 2 8
6 1 8
6 0
15 2 2 11
15 1 7
15 1 4
8 1 13
11 0
14 0
6 5 10 3 15 1 8
7 1 3
12 2 9 6
8 0
1 1 6
5 1 2
8 2 14 8
6 3 11 11 13
5 0
1 1 7
10 1 15
10 2 11 9
10 2 4 7
6 0
15 1 6
3 2 10 15
5 0
8 1 8
12 1 10
6 0
6 2 5 15
8 0
4 3 13 2 6
11 1 8
14 2 2 4
3 3 11 5 12
3 2 11 8
5 2 13 4
2 0
13 3 4 14 1
4 1 7
7 1 14
11 1 13
7 1 6
15 2 13 3
12 2 3 9
3 1 11
14 4 14 5 5 15
9 2 13 3
7 0
14 2 13 4
3 1 2
9 3 13 13 8
8 1 12
8 1 5
15 2 13 5
11 1 10
4 4 4 5 4 3
7 1 2
14 1 1
2 2 2 15
12 2 9 8
6 1 2
5 1 4
15 2 15 14
11 3 1 11 6
14 3 7 14 14
2 3 8 11 9
1 1 5
15 0
6 3 3 11 2
11 6 2 7 5 4 13 15
7 1 6
1 1 15
2 3 2 14 9
13 2 11 5
4 1 7
5 0
11 0
12 0
3 0
18 127
30 20 5 1 14 28 10 23 9 6 2 26 17 10 7 14 18 10
11 3 17 9 15
15 4 27 4 10 5
23 2 30 14
23 2 15 18
1 5 8 4 2 11 15
13 6 18 29 31 6 22 7
2 2 15 3
30 1 30
26 3 19 16 20
2 2 5 13
6 3 19 25 5
11 5 15 1 11 17 17
8 0
2 3 17 29 26
30 3 3 27 4
12 2 15 15
31 4 23 22 4 26
11 1 4
9 5 21 22 18 29 19
9 6 8 14 30 5 4 19
2 1 3
15 4 23 11 7 28
13 1 9
1 1 17
7 3 14 30 13
29 4 21 21 9 27
10 3 22 4 7
12 2 20 14
9 1 18
25 2 14 7
19 3 17 17 27
20 3 13 24 8
6 1 11
10 7 23 30 6 3 26 9 11
9 2 9 5
6 3 18 13 14
23 0
8 4 18 5 14 30
3 0
15 2 15 11
9 2 4 29
6 4 6 14 19 27
25 1 11
15 3 26 25 19
7 3 17 21 7
21 2 9 10
26 1 22
4 3 24 19 26
31 3 20 1 12
1 2 16 8
13 9 19 20 16 27 1 2 7 29 10
30 6 27 30 22 12 1 7
15 4 14 16 11 24
23 5 22 11 20 17 23
30 2 22 23
20 5 3 30 9 16 24
18 5 28 26 7 12 8
6 1 30
31 1 18
26 3 26 9 19
28 9 16 19 1 3 24 29 28 31 1
18 3 17 10 25
12 4 24 3 12 1
2 4 13 20 4 3
27 6 21 25 31 1 31 5
20 2 26 25
6 4 13 26 28 12
16 1 7
27 2 7 7
8 5 19 3 6 30 12
30 1 19
3 1 28
13 1 29
21 5 5 6 23 27 11
17 4 11 5 29 15
17 3 24 20 3
9 2 3 22
9 2 27 21
20 4 27 31 26 16
8 1 22
10 3 17 3 8
30 5 29 19 5 25 19
5 2 5 16
22 1 23
21 5 29 2 6 10 7
1 1 9
10 6 4 31 4 11 10 6
7 5 18 26 26 6 3
7 4 11 16 24 30
7 2 9 5
31 6 30 31 29 11 19 5
1 4 16 30 24 6
24 3 7 6 5
11 3 19 23 23
3 5 23 8 15 14 29
18 2 30 4
29 3 29 10 23
8 3 9 5 29
2 1 29
22 4 30 27 11 12
13 2 30 18
30 3 24 17 14
22 0
25 4 11 31 9 29
19 3 25 20 7
7 4 18 15 12 6
10 4 30 21 23 13
27 2 9 27
16 2 17 3
29 0
2 3 4 7 22
23 3 11 31 12
26 2 19 15
4 2 18 23
11 3 3 24 14
15 3 25 13 4
4 2 5 19
19 2 13 7
20 2 19 13
10 3 10 3 4
25 4 28 12 13 10
19 2 7 30
11 6 1 29 27 19 5 4
18 3 17 17 29
27 5 6 25 25 25 18
11 5 20 18 29 3 18
2 2 30 3
7 123
165 163 129 186 60 149 3
53 3 107 187 191
51 3 25 184 157
69 5 2 159 32 17 157
3 2 79 179
29 4 188 77 17 23
186 5 79 14 112 105 65
40 5 189 39 186 78 8
24 1 47
168 5 1 57 145 4 97
132 4 114 132 32 26
44 4 60 119 143 197
46 3 105 52 32
15 3 84 69 90
75 2 147 171
147 3 46 63 148
117 3 108 197 100
9 6 82 192 35 51 67 46
90 2 104 176
189 6 114 135 118 122 29 97
147 3 9 166 135
53 3 133 12 190
65 4 128 146 18 73
191 8 161 107 127 134 112 23 177 79
53 2 81 71
76 1 114
39 3 123 4 78
198 2 164 150
71 0
85 1 118
72 6 8 178 107 81 72 117
35 3 147 100 174
137 0
122 3 194 87 20
55 4 79 48 39 177
92 2 20 192
103 1 21
193 6 29 6 77 39 145 61
131 2 129 193
126 2 14 61
112 6 104 43 170 133 149 189
63 2 93 94
169 4 27 13 79 177
157 4 185 27 189 77
29 4 159 102 165 11
196 4 191 155 164 140
55 3 141 149 50
98 2 77 147
4 4 73 110 92 55
97 5 119 171 40 27 17
38 2 156 170
102 2 109 122
149 2 70 46
103 5 108 194 167 1 117
93 3 155 179 2
2 4 7 90 147 183
178 1 122
131 2 72 185
199 3 1 44 196
200 3 144 180 172
167 4 160 168 67 195
22 5 24 128 59 101 95
187 3 120 107 162
55 4 10 148 191 176
144 1 168
41 3 136 80 134
146 2 19 86
198 1 26
185 5 182 88 83 101 162
29 4 48 150 114 70
123 3 180 38 16
96 4 79 37 140 141
43 4 90 139 172 171
43 2 91 10
5 7 107 57 90 104 112 139 144
23 4 175 36 188 174
190 6 48 54 67 32 139 65
11 3 18 42 69
120 3 171 70 52
194 6 58 173 70 106 83 104
107 1 45
110 6 173 168 41 31 43 63
47 4 22 17 114 74
56 3 45 91 66
12 2 153 196
139 4 157 97 87 178
57 3 8 68 191
141 2 98 42
21 0
7 1 122
140 3 24 55 177
139 2 55 173
28 1 4
126 3 91 107 167
194 1 138
123 3 149 66 176
119 7 164 55 23 34 27 75 123
91 3 153 59 139
120 0
103 4 196 118 21 126
71 4 31 8 138 78
194 5 77 33 79 162 34
151 5 96 71 200 97 181
113 2 177 108
189 5 63 79 47 188 38
155 4 132 16 194 28
88 4 106 86 121 75
178 4 59 168 39 150
165 1 144
7 1 163
123 4 19 139 138 196
72 2 138 23
116 4 182 190 129 119
170 1 127
127 2 15 134
79 5 148 163 30 131 130
108 3 28 123 157
135 3 141 73 14
19 4 117 175 177 168
81 3 75 161 120
141 2 124 125
111 5 41 3 15 49 196
19 1 164
120 2 131 137
1 63
4
1 2 4 4
4 1 1
2 2 2 1
1 1 2
3 1 4
1 3 1 4 2
4 1 4
1 3 1 2 3
1 1 2
4 2 3 3
4 3 1 1 1
1 1 1
2 3 2 4 4
2 2 2 4
1 1 2
1 1 2
3 2 3 2
4 0
1 1 2
2 0
4 0
2 0
1 1 4
2 1 4
3 4 4 2 2 2
4 0
2 3 4 4 2
3 3 3 4 4
4 1 1
1 0
2 0
4 3 4 4 3
4 1 2
3 0
4 2 4 3
2 1 4
4 0
4 1 2
2 1 2
4 1 3
3 1 4
1 1 2
4 1 4
4 0
2 1 4
1 0
4 1 3
1 2 4 1
4 0
4 0
2 2 2 2
3 1 1
1 3 2 3 1
2 0
1 3 1 4 4
4 2 3 1
1 0
2 3 3 3 4
2 3 4 3 1
4 3 4 2 2
2 1 4
4 3 2 2 1
3 3 2 1 3
