50
1 1
2 2
1 2
2 2
2 2
3 2
3 2 4
2 3
1 2
5 2 3 4 5
2 2
5 2
5 2 3 4 5
7 2 4 5 6 7 8
1000 2
10 2 30 40 50 300 400 500 600 700
7 20 40 50 60 70 80
98 2
49 2 3 4 5 6 7 8 9 10 11 12 13 14 15 16 17 18 19 20 21 22 23 24 25 26 27 28 29 30 31 32 33 34 35 36 37 38 39 40 41 42 43 44 45 46 47 48 49
46 55 56 57 58 59 60 61 62 63 64 65 66 67 68 69 70 71 72 73 74 75 76 77 78 79 80 81 82 83 84 85 86 87 88 89 90 91 92 93 94 95 96 97 98 99
196 2
49 4 6 8 10 12 14 16 18 20 22 24 26 28 30 32 34 36 38 40 42 44 46 48 50 52 54 56 58 60 62 64 66 68 70 72 74 76 78 80 82 84 86 88 90 92 94 96 98
46 165 168 171 174 177 180 183 186 189 192 195 198 201 204 207 210 213 216 219 222 225 228 231 234 237 240 243 246 249 252 255 258 261 264 267 270 273 276 279 282 285 288 291 294 297
294 2
49 6 9 12 15 18 21 24 27 30 33 36 39 42 45 48 51 54 57 60 63 66 69 72 75 78 81 84 87 90 93 96 99 102 105 108 111 114 117 120 123 126 129 132 135 138 141 144 147
46 275 280 285 290 295 300 305 310 315 320 325 330 335 340 345 350 355 360 365 370 375 380 385 390 395 400 405 410 415 420 425 430 435 440 445 450 455 460 465 470 475 480 485 490 495
1000000000 2
50 2 3 4 5 6 7 8 9 10 11 12 13 14 15 16 17 18 19 20 21 22 23 24 25 26 27 28 29 30 31 32 33 34 35 36 37 38 39 40 41 42 43 44 45 46 47 48 49 50
50 2 3 4 5 6 7 8 9 10 11 12 13 14 15 16 17 18 19 20 21 22 23 24 25 26 27 28 29 30 31 32 33 34 35 36 37 38 39 40 41 42 43 44 45 46 47 48 49 50
999999999 2
50 2 5 8 11 14 17 20 23 26 29 32 35 38 41 44 47 50 53 56 59 62 65 68 71 74 77 80 83 86 89 92 95 98 101 104 107 110 113 116 119 122 125 128 131 134 137 140 143 146
50 2 5 8 11 14 17 20 23 26 29 32 35 38 41 44 47 50 53 56 59 62 65 68 71 74 77 80 83 86 89 92 95 98 101 104 107 110 113 116 119 122 125 128 131 134 137 140 143 146
999999998 2
50 2 7 12 17 22 27 32 37 42 47 52 57 62 67 72 77 82 87 92 97 102 107 112 117 122 127 132 137 142 147 152 157 162 167 172 177 182 187 192 197 202 207 212 217 222 227 232 237 242
50 2 7 12 17 22 27 32 37 42 47 52 57 62 67 72 77 82 87 92 97 102 107 112 117 122 127 132 137 142 147 152 157 162 167 172 177 182 187 192 197 202 207 212 217 222 227 232 237 242
1000000000 1
2 2
999990000 1
2 2
1000000000 2
2 2
2 2
999980001 2
2 2
2 2
903034301 2
50 9952 9953 9954 9955 9956 9957 9958 9959 9960 9961 9962 9963 9964 9965 9966 9967 9968 9969 9970 9971 9972 9973 9974 9975 9976 9977 9978 9979 9980 9981 9982 9983 9984 9985 9986 9987 9988 9989 9990 9991 9992 9993 9994 9995 9996 9997 9998 9999 10000
50 9903 9905 9907 9909 9911 9913 9915 9917 9919 9921 9923 9925 9927 9929 9931 9933 9935 9937 9939 9941 9943 9945 9947 9949 9951 9953 9955 9957 9959 9961 9963 9965 9967 9969 9971 9973 9975 9977 9979 9981 9983 9985 9987 9989 9991 9993 9995 9997 9999
903014302 2
50 9952 9953 9954 9955 9956 9957 9958 9959 9960 9961 9962 9963 9964 9965 9966 9967 9968 9969 9970 9971 9972 9973 9974 9975 9976 9977 9978 9979 9980 9981 9982 9983 9984 9985 9986 9987 9988 9989 9990 9991 9992 9993 9994 9995 9996 9997 9998 9999 10000
50 9903 9905 9907 9909 9911 9913 9915 9917 9919 9921 9923 9925 9927 9929 9931 9933 9935 9937 9939 9941 9943 9945 9947 9949 9951 9953 9955 9957 9959 9961 9963 9965 9967 9969 9971 9973 9975 9977 9979 9981 9983 9985 9987 9989 9991 9993 9995 9997 9999
1123 1
50 4 12 25 30 37 41 60 80 82 88 112 116 123 141 147 216 279 282 340 360 419 434 435 440 531 534 563 577 637 644 665 682 693 695 737 758 776 791 801 849 865 874 881 883 886 910 925 944 964
847 1
40 35 42 57 60 63 102 136 180 226 237 240 270 293 302 306 348 352 360 375 401 437 438 484 499 529 587 590 633 697 719 749 786 831 832 872 918 925 937 997
936 1
30 4 9 39 52 57 111 247 303 323 327 337 347 382 407 449 534 548 676 745 746 834 852 874 881 900 907 916 955 979
633555 2
50 9011 9012 9029 9033 9106 9124 9127 9186 9229 9243 9293 9323 9331 9341 9342 9353 9369 9383 9413 9431 9460 9478 9490 9552 9560 9638 9651 9678 9683 9684 9707 9764 9768 9775 9781 9782 9788 9806 9817 9818 9824 9834 9843 9892 9922 9930 9955 9975 9994
50 9005 9016 9056 9098 9134 9158 9221 9222 9248 9259 9280 9281 9292 9325 9347 9354 9363 9408 9449 9450 9490 9491 9501 9506 9515 9526 9574 9689 9694 9715 9721 9742 9743 9771 9790 9795 9796 9820 9852 9857 9879 9908 9916 9919 9951 9964 9975 9977 9993
209201 2
50 9018 9029 9040 9056 9057 9069 9094 9107 9112 9144 9158 9164 9166 9175 9193 9197 9203 9229 9251 9280 9284 9316 9374 9389 9394 9399 9403 9441 9508 9515 9549 9618 9629 9630 9643 9723 9750 9762 9776 9822 9843 9880 9883 9892 9897 9912 9921 9939 9971
50 9002 9011 9065 9078 9089 9104 9115 9201 9214 9231 9256 9272 9310 9329 9337 9345 9364 9365 9369 9380 9387 9436 9454 9459 9470 9490 9575 9578 9604 9608 9609 9612 9613 9619 9642 9645 9646 9673 9685 9694 9711 9714 9716 9774 9786 9886 9932 9933 9965
306742 2
50 9002 9014 9028 9034 9041 9050 9056 9061 9072 9080 9117 9182 9184 9199 9248 9251 9253 9307 9311 9313 9317 9328 9355 9365 9377 9388 9433 9541 9544 9548 9571 9601 9626 9634 9638 9642 9662 9709 9729 9730 9743 9753 9764 9795 9857 9888 9896 9957 9968
50 9005 9015 9046 9051 9056 9067 9078 9143 9163 9178 9180 9217 9220 9242 9285 9304 9321 9332 9338 9363 9392 9396 9408 9422 9460 9491 9563 9566 9577 9596 9600 9638 9654 9665 9670 9679 9751 9782 9797 9809 9852 9873 9880 9896 9908 9932 9961 9985 9994
105 2
4 3 67 99
7 35 49 59 62 63 68
193 2
12 24 68 76 83 103 105 107 121 124 152 154
6 49 80 117 123 159
326 2
12 12 29 32 54 66 69 119 126 153 249 274
7 96 133 191 248 256 284
285 2
8 19 27 56 106 156 267 397
10 77 79 108 207 242 318 330 364 387
229 2
15 8 42 44 151 208 222 251 263 279 282 295 320 362 425
13 54 83 200 269 295 333 348 353 354 388 451 470
284 2
4 205 230 557
13 24 66 76 106 202 264 274 366 376 399 550 598
655 2
7 66 338 445 470 531 643
5 18 196 402 510
780 2
3 207 573
18 118 151 279 334 410 430 440 454 557 573 647 665 686 708 756 776 797
374 2
6 107 129 260 405 794
9 155 192 599 740 759 789 847 884
290 2
15 236 243 349 359 537 549 594 600 690 709 761 802 857 965
10 114 263 328 345 478 536 579 752 843
996277327 2
43 319 585 615 1107 1156 1535 1586 2125 2128 2148 2559 2605 2754 3144 3436 3440 3679 4289 4326 4727 5152 5469 5480 6188 6198 6232 6247 6364 6373 6437 7012 7292 7585 7595 7627 8026 8632 8897 9029 9415 9748 9889
42 488 761 978 979 1089 1187 1504 1581 1598 2036 2051 2240 2254 2635 2665 3022 3177 3373 3736 4260 4408 4507 4993 5097 5165 5976 6007 6117 6664 6736 7119 7338 7700 7768 7771 8315 8485 8821 8932 9357 9481
992594704 2
49 167 273 711 881 993 1143 1424 1710 2203 2255 2642 2723 2839 2888 2945 3246 3479 3521 3526 3544 3777 3790 4118 4168 4403 4510 4693 4796 4942 5467 5580 5731 6355 6639 6712 7171 7449 7571 7842 8707 9167 9169 9314 9593 9621 9659 9699 9908
47 121 285 411 716 1043 1117 1288 1359 1530 1824 1872 1880 1982 2159 2425 3303 3660 3716 4257 4397 4499 4678 4804 4843 4958 5266 5337 5516 5560 5624 6176 6776 6972 7133 7325 7368 7497 7572 7762 7877 8163 8911 9155 9210 9240 9621
993859887 2
49 141 282 434 438 487 568 681 1257 1436 1717 1791 1889 1991 2011 2087 2217 2475 2624 2721 2747 3257 3306 3414 3446 3713 3761 3848 3931 4007 4251 4333 4953 4955 5026 5092 5214 5476 5600 5949 6216 6580 7768 8043 8206 8374 8614 9255 9594
45 326 453 622 811 867 903 1059 1204 1211 1511 1597 2247 2557 2672 2806 3098 3361 3466 3595 4148 4356 4720 4733 5221 5369 5820 5942 6171 6339 7110 7886 7992 8408 8561 8833 9109 9121 9310 9439 9475 9594 9676 9699 9725
991341127 2
45 357 363 546 713 899 1480 1890 2286 2466 2513 2690 2830 3026 3054 3114 3175 3399 3414 3725 3787 4284 4310 4347 4661 5300 5776 5833 6026 6044 6531 6863 7216 7548 7969 8086 8605 8656 8829 8932 8933 8966 9120 9325 9492
44 163 239 296 501 739 975 1058 1102 1613 1686 2102 2124 2781 3503 3578 3661 3889 3954 4224 4344 4613 4796 5424 6014 6028 6406 6509 6758 6877 7337 7609 7792 8217 8235 8564 8921 9173 9278 9327 9447 9604 9608 9633
993039992 2
43 99 481 639 754 1180 1681 1755 1917 2353 2572 2715 2754 2765 2777 4012 4074 4215 4463 4953 5131 5236 5322 5352 5557 6074 6399 6471 7276 7301 7444 7677 7874 8056 8252 8550 8847 9210 9250 9468 9652 9803 9938
48 123 652 693 822 850 2089 2399 2608 2762 3121 3155 3311 3313 3415 3468 3555 3644 3652 3828 3873 4156 5332 5372 5512 5576 5649 5727 6099 6142 6254 6369 6512 6827 7074 7397 7817 7910 7938 8015 8448 8802 8866 8894 9003 9140 9430 9511
999568886 2
48 4 116 192 228 408 489 570 698 1173 1195 1544 2318 2861 3170 3281 3360 3481 3605 3733 3849 4141 4527 4742 4764 4853 4926 5145 5575 5624 5664 5739 5806 6024 6614 6636 6844 6849 6860 7271 8187 8267 9420 9482 9540 9708 9773 9961
49 2 99 149 745 766 902 1360 1404 1587 1893 2282 2466 2468 2470 2644 3060 3098 3274 3406 3604 3826 3868 4075 4113 4347 4554 4866 5453 5722 5870 5932 6133 6154 6261 7305 7469 7542 7600 7603 7695 8180 8231 8360 8719 9269 9334 9561 9812
991257671 2
43 505 529 942 1089 1098 1577 1609 2840 3091 3270 3295 3652 3679 3711 3822 4041 4158 4752 4922 5030 5333 5345 5538 6503 6853 7172 7640 7809 8108 8146 8258 8371 8430 8578 8619 8622 8743 8808 8955 9321 9447 9462
50 469 522 647 662 1125 1168 1173 1182 1606 1644 1748 1994 2145 2228 2350 2558 2748 2917 3114 3307 3562 3567 3708 3868 3986 4009 4474 4730 4803 4965 5178 5514 5644 5677 6059 6160 6437 6559 6921 6964 7257 7285 7731 7784 8173 8181 9509 9554 9792
995252144 2
49 212 243 490 536 848 855 917 1253 1336 1487 1676 1810 1965 2211 2338 2464 2915 3360 3405 3698 4423 4476 4535 4551 4740 4768 5239 5722 6003 6018 6037 6731 7387 7463 7571 7748 8075 8245 8283 8527 8589 9021 9231 9463 9492 9517 9610 9920
46 53 277 657 812 817 818 986 1171 1192 1770 2104 2379 2411 2728 2734 3745 3746 4105 4532 4656 4781 4795 5143 5254 5627 5744 5836 6113 6227 6232 6284 6525 6648 7047 7676 7706 7757 8190 8210 8253 8792 8884 9168 9675 9928
995351461 2
42 169 288 361 817 852 911 1332 1462 1537 1546 1702 1986 2584 2801 2927 2937 3502 3778 4188 4346 4588 5037 5319 5608 5657 6000 6149 6616 7183 7354 7357 8164 8395 8434 8692 9117 9159 9251 9788 9894 9970
41 309 940 960 1294 1839 2333 2343 2418 2436 2928 3082 3661 3778 3817 4737 4865 5024 5361 5802 6059 6109 6233 6540 6816 7103 7221 7272 7466 7479 7699 7959 8087 8125 8231 8757 8975 9250 9487 9546 9797
999023128 2
47 979 1645 1923 1939 2095 2401 2534 2632 2859 3123 3173 3263 3306 3387 3428 3553 3704 4276 4900 5020 5523 5682 5978 6483 6749 7221 7261 7390 7580 7776 7784 7788 7815 7843 8145 8161 8367 8542 8651 8917 9224 9274 9338 9477 9875 9999
42 376 452 1165 1371 1652 1807 1838 2002 2063 2470 2699 3034 3142 3284 3475 3497 3586 3614 3645 3782 4265 4556 4696 5064 5244 5400 5894 6284 6413 6900 7014 7497 7719 8029 8280 8704 9497 9680 9786 9978 9997
455150356 2
35 266 488 716 870 1167 1849 2023 2086 2249 2496 3400 3631 3666 3702 3883 3892 3968 4535 4800 4866 5055 5728 5949 5999 6688 7050 7450 8065 8752 8841 8873 8969 9344 9750
44 88 251 362 559 956 1295 1313 1820 2009 2229 2893 3731 4052 4065 4147 4323 4410 4622 4692 4778 4801 5449 5670 5915 6084 6090 6973 7040 7208 7279 7430 7545 7557 7937 8057 8413 8676 8881 9040 9776 9884 9942 9994
452680103 2
3 791 6181
31 496 1634 1837 2344 3015 3435 3862 3963 3969 4374 4452 4503 4706 4841 5196 5295 5820 6305 6815 6994 7115 7243 7280 7423 7733 8515 8683 8687 9684 9905
514165245 2
44 22 87 182 254 447 824 905 1667 1925 2005 2128 2675 3203 3400 3442 3809 4142 4192 4691 5018 5407 5833 5936 6019 6515 6531 6887 6896 6939 7146 7207 7255 7850 8672 8819 8872 8985 8987 9595 9716 9768 9953 9992
24 250 760 762 1165 1417 1479 1763 2073 2677 4248 4563 4571 4778 4902 5331 5350 5682 5822 6008 7656 7780 8056 9337
294673450 2
35 7 1115 1229 1317 1770 2233 2779 3132 3232 4355 4368 4458 4531 5338 5907 5939 6000 6599 6647 6699 6770 6866 7410 7555 7557 7689 7810 8025 8230 9019 9343 9591 9887 9991
9 660 675 3361 4967 6129 7642 9357 9457
385850984 2
27 200 945 1510 1900 1935 2082 3123 3437 3470 3879 3893 4006 4138 4937 5382 5449 5925 7184 7761 7766 7927 8349 8463 8808 9301 9820
7 2183 2366 4852 5801 8780 9501
142999106 2
31 529 755 1186 1716 1756 1928 2175 2688 3264 3680 3786 4273 4582 5080 5323 5445 6067 6202 6230 6637 8097 8516 8744 8804 8983 9032 9207 9336 9603 9883
48 146 430 708 740 1174 1320 1603 1808 1987 2572 2580 2823 3699 3703 4123 4654 4667 4740 4893 5007 5488 5507 5518 6078 6183 6536 6751 6933 7065 7188 7293 7593 7764 7965 8146 8169 8288 8314 8723 8826 8900 8933 8952 8987 9315 9476 9917
