50
24
0
2 11 19
2 15 22
0
0
1 23
2 8 6
0
0
0
0
2 14 16
0
0
0
2 4 24
2 18 7
0
2 9 20
2 13 21
2 10 3
2 1 17
0
2 5 2
24
0
0
2 14 9
1 6
0
1 10
0
2 2 23
2 7 8
0
2 4 6
0
0
0
2 13 11
2 5 22
0
0
2 1 16
2 12 15
2 24 20
2 18 21
2 17 19
0
24
1 2
0
2 11 5
1 8
1 7
2 23 1
0
0
0
1 14
1 7
2 13 4
1 8
0
1 9
0
1 16
2 10 19
1 14
1 9
2 17 24
2 20 15
1 2
1 16
25
1 13
1 13
1 13
1 13
1 13
1 13
1 13
1 13
1 13
1 13
1 13
1 13
0
1 13
1 13
1 13
1 13
1 13
1 13
1 13
1 13
1 13
1 13
1 13
1 13
25
1 13
1 21
1 7
1 5
1 11
1 3
1 8
1 16
0
1 25
1 18
1 15
1 19
1 23
1 6
1 22
1 14
1 24
1 9
1 1
1 17
1 10
1 12
1 20
1 4
25
1 5
1 6
1 19
1 12
1 20
1 16
1 14
1 24
1 4
1 23
1 2
1 7
1 1
1 13
0
1 9
2 22 15
1 11
1 18
1 15
1 8
1 21
1 25
1 10
1 3
25
1 7
1 14
2 11 21
2 25 24
2 23 20
2 16 17
0
2 12 9
0
0
1 10
0
0
0
0
1 15
1 13
2 1 8
2 2 5
0
1 22
0
0
2 6 18
2 3 19
25
0
1 23
1 18
2 21 15
1 1
1 1
1 1
1 1
2 22 19
1 1
2 16 24
2 2 25
1 1
1 5
2 17 9
1 7
2 3 14
1 1
2 20 8
1 1
2 11 12
1 13
1 1
1 10
1 6
24
1 16
1 1
0
1 18
1 23
1 9
1 8
1 4
1 14
2 12 2
1 6
1 19
1 21
1 13
1 3
1 11
1 5
1 3
1 17
1 24
1 22
1 15
1 20
1 7
20
0
0
0
10 10 1 8 13 6 18 7 5 3 2
0
0
0
0
10 10 1 8 13 6 18 7 5 3 2
0
10 10 1 8 13 6 18 7 5 3 2
10 10 1 8 13 6 18 7 5 3 2
0
10 10 1 8 13 6 18 7 5 3 2
10 10 1 8 13 6 18 7 5 3 2
10 10 1 8 13 6 18 7 5 3 2
10 10 1 8 13 6 18 7 5 3 2
0
10 10 1 8 13 6 18 7 5 3 2
10 10 1 8 13 6 18 7 5 3 2
50
0
2 31 19
2 6 2
0
0
0
2 15 32
0
1 22
2 45 27
2 40 49
2 28 13
2 47 20
0
0
0
0
0
2 33 37
2 14 26
0
0
2 30 44
2 5 50
0
2 35 9
2 21 11
0
2 34 38
0
0
2 36 39
0
0
0
0
2 1 12
2 48 43
2 18 10
0
2 17 29
0
2 42 24
2 16 41
0
2 25 3
0
0
2 4 46
2 8 7
50
1 19
0
2 29 10
2 21 8
0
0
0
2 50 13
2 7 39
2 22 15
2 42 3
2 28 47
2 24 12
0
2 20 36
2 35 32
2 31 44
0
0
0
0
0
0
0
0
2 25 38
2 30 16
0
0
0
0
2 33 48
0
1 1
0
2 34 1
0
2 23 27
2 43 46
2 2 11
2 45 17
0
0
2 6 40
0
2 37 49
2 14 9
2 5 41
2 18 26
0
48
0
2 47 6
2 9 20
1 31
1 15
1 42
1 43
1 27
1 14
1 30
2 8 35
1 28
1 23
0
0
1 1
1 23
2 41 16
1 24
1 14
1 39
1 43
0
0
1 15
2 37 21
0
0
2 13 17
0
0
1 24
2 34 4
1 31
1 27
2 48 12
1 39
2 32 19
0
1 30
1 1
0
0
2 40 10
2 5 25
2 22 7
1 42
1 28
50
1 43
1 43
1 43
1 43
1 43
1 43
1 43
1 43
1 43
1 43
1 43
1 43
1 43
1 43
1 43
1 43
1 43
1 43
1 43
1 43
1 43
1 43
1 43
1 43
1 43
1 43
1 43
1 43
1 43
1 43
1 43
1 43
1 43
1 43
1 43
1 43
1 43
1 43
1 43
1 43
1 43
1 43
0
1 43
1 43
1 43
1 43
1 43
1 43
1 43
50
1 24
1 45
1 13
1 37
1 33
1 17
1 22
1 34
1 28
1 29
1 40
1 11
1 48
1 49
1 41
1 25
1 46
1 50
1 43
1 35
1 15
1 47
1 39
0
1 27
1 23
1 12
1 31
1 7
1 32
1 26
1 36
1 42
1 14
1 5
1 21
1 20
1 1
1 38
1 9
1 8
1 16
1 10
1 30
1 44
1 3
1 18
1 2
1 19
1 4
50
0
1 31
1 21
1 40
1 16
1 34
1 24
1 13
1 32
1 36
1 30
1 39
1 25
1 7
1 38
1 46
1 10
1 8
1 27
1 47
1 23
1 37
1 45
1 22
1 1
1 4
1 29
1 42
1 5
1 9
1 12
1 14
1 2
1 28
2 17 1
1 33
1 6
1 50
1 43
1 19
1 44
1 48
1 11
1 3
1 49
1 20
1 15
1 26
1 18
1 41
50
2 19 15
0
2 22 40
2 31 14
1 2
0
0
0
2 23 28
2 41 17
0
0
2 42 36
2 5 37
2 49 4
0
1 18
0
2 46 44
1 34
0
1 30
1 21
2 32 39
0
0
2 7 6
2 33 47
0
0
2 50 20
1 35
0
0
0
1 16
2 26 29
1 12
1 43
1 11
1 25
1 48
0
2 3 45
2 38 27
2 10 24
0
0
2 13 9
1 8
50
2 7 6
2 15 18
2 23 2
2 19 24
2 4 11
1 20
1 20
1 20
2 44 43
2 45 14
2 33 31
1 20
2 5 3
1 35
1 49
1 40
1 20
2 39 17
1 46
0
1 20
1 20
2 30 28
1 32
1 22
1 20
2 36 13
1 12
1 20
1 26
1 37
1 20
1 48
1 20
1 20
2 9 42
1 20
1 21
1 20
1 20
2 16 1
2 10 41
2 25 38
2 47 50
1 29
1 20
1 34
1 20
1 20
1 8
50
1 9
1 9
1 22
1 42
1 2
1 10
1 43
1 50
0
1 15
2 33 46
1 18
1 21
1 1
1 5
1 31
1 30
1 39
1 16
1 24
1 32
1 41
1 38
1 6
1 3
1 29
1 36
1 17
1 45
1 27
1 35
1 47
1 26
1 44
1 20
1 49
1 14
1 19
1 7
1 13
1 4
1 12
1 37
1 23
1 40
1 28
1 48
1 25
1 8
1 34
50
0
0
10 49 12 31 4 40 7 47 37 24 22
10 10 8 33 13 23 42 15 39 46 29
10 34 20 2 1 16 21 9 32 35 43
10 49 12 31 4 40 7 47 37 24 22
10 10 8 33 13 23 42 15 39 46 29
10 5 36 26 50 41 44 28 30 25 14
0
10 5 36 26 50 41 44 28 30 25 14
10 49 12 31 4 40 7 47 37 24 22
10 10 8 33 13 23 42 15 39 46 29
10 5 36 26 50 41 44 28 30 25 14
10 34 20 2 1 16 21 9 32 35 43
10 5 36 26 50 41 44 28 30 25 14
0
10 49 12 31 4 40 7 47 37 24 22
10 49 12 31 4 40 7 47 37 24 22
10 49 12 31 4 40 7 47 37 24 22
0
0
10 10 8 33 13 23 42 15 39 46 29
10 5 36 26 50 41 44 28 30 25 14
10 10 8 33 13 23 42 15 39 46 29
10 34 20 2 1 16 21 9 32 35 43
10 34 20 2 1 16 21 9 32 35 43
10 49 12 31 4 40 7 47 37 24 22
10 34 20 2 1 16 21 9 32 35 43
10 5 36 26 50 41 44 28 30 25 14
10 34 20 2 1 16 21 9 32 35 43
10 10 8 33 13 23 42 15 39 46 29
0
10 5 36 26 50 41 44 28 30 25 14
0
0
10 34 20 2 1 16 21 9 32 35 43
10 10 8 33 13 23 42 15 39 46 29
10 49 12 31 4 40 7 47 37 24 22
10 5 36 26 50 41 44 28 30 25 14
10 10 8 33 13 23 42 15 39 46 29
10 34 20 2 1 16 21 9 32 35 43
10 5 36 26 50 41 44 28 30 25 14
0
10 34 20 2 1 16 21 9 32 35 43
10 49 12 31 4 40 7 47 37 24 22
10 5 36 26 50 41 44 28 30 25 14
10 10 8 33 13 23 42 15 39 46 29
10 49 12 31 4 40 7 47 37 24 22
10 10 8 33 13 23 42 15 39 46 29
10 34 20 2 1 16 21 9 32 35 43
5
0
2 5 1
0
0
2 4 3
5
2 5 4
0
1 5
0
1 2
5
1 5
0
2 4 1
1 5
0
5
1 2
0
1 4
1 2
1 3
5
0
2 4 5
2 5 2
0
0
44
0
3 31 43 5
2 37 41
0
1 31
1 10
0
1 11
1 14
0
0
0
1 1
1 12
4 21 26 34 41
1 20
0
0
0
1 17
2 12 43
2 3 18
2 21 30
1 3
0
2 17 12
1 19
1 5
1 19
1 20
0
0
1 41
0
0
8 35 20 31 10 34 32 44 13
0
0
1 3
2 19 11
0
0
0
2 17 18
43
0
1 6
1 2
2 8 38
1 34
0
0
2 6 2
0
1 30
1 30
0
2 20 22
3 2 17 42
1 2
0
2 5 31
2 41 40
0
0
1 33
0
2 4 9
1 9
2 16 13
0
0
1 26
0
3 15 33 27
0
1 12
1 24
1 2
1 9
1 1
3 42 7 24
1 39
1 8
3 39 21 22
0
0
1 7
47
0
0
0
0
0
3 22 34 47
2 35 32
1 34
4 29 30 42 1
2 43 22
2 47 43
0
0
2 40 8
2 8 26
0
0
0
0
0
0
1 1
3 47 30 16
1 9
2 31 8
3 2 43 44
1 38
3 43 45 20
0
0
0
0
0
0
1 43
0
2 15 8
3 47 34 45
0
2 5 31
5 8 32 30 23 37
0
0
1 31
0
1 6
0
46
0
4 36 29 39 46
3 45 12 31
1 22
2 25 7
0
0
1 16
2 13 8
2 41 36
2 27 29
0
3 26 21 46
0
2 33 39
0
1 19
1 37
1 1
0
0
0
0
0
0
1 12
0
1 31
0
0
3 6 27 44
1 17
0
2 19 16
0
0
0
4 9 17 8 1
2 17 18
1 1
1 13
1 17
0
2 6 12
0
2 23 29
47
0
0
0
0
2 32 13
0
2 10 38
2 9 23
0
0
1 39
0
1 30
0
2 40 34
4 47 23 37 26
0
1 22
2 35 23
0
0
2 28 17
0
1 42
2 35 17
0
2 25 4
0
1 22
0
1 11
0
0
0
0
0
3 9 38 39
3 17 35 10
0
2 36 14
5 2 22 6 43 8
0
2 28 23
1 9
2 30 28
1 18
2 1 14
43
1 7
1 4
0
2 38 41
2 28 29
0
3 35 8 6
0
2 3 16
1 34
0
1 3
1 35
1 29
1 42
0
3 43 12 6
2 4 32
3 28 33 3
1 23
0
0
0
0
1 27
0
0
0
3 26 42 6
1 16
1 16
2 23 24
2 29 42
0
1 24
0
1 27
1 16
1 2
0
0
0
4 14 6 39 21
48
2 30 35
1 8
1 11
0
1 1
0
0
0
1 31
0
1 45
1 17
2 39 8
1 8
1 34
1 31
0
2 22 26
3 2 32 21
1 27
1 4
2 17 26
1 36
1 28
1 20
0
0
0
3 28 5 6
1 35
1 42
0
3 39 30 11
1 4
0
3 11 3 33
2 43 20
1 17
2 48 3
0
1 46
0
2 16 9
0
0
0
2 15 22
1 27
46
0
0
0
0
2 33 23
0
2 5 40
2 16 37
0
0
1 13
1 30
1 20
1 30
2 34 19
1 20
0
1 25
2 43 27
0
0
0
0
1 11
0
0
0
0
0
0
0
0
0
2 23 3
0
3 33 25 22
1 27
1 12
2 20 43
1 28
1 21
0
0
0
1 20
1 8
44
0
1 43
0
0
0
1 35
1 23
0
0
0
0
0
1 22
1 35
0
0
0
1 42
1 35
0
0
1 11
0
1 8
2 26 42
1 32
1 4
1 6
2 24 22
1 42
1 3
0
1 32
1 37
0
1 25
0
3 24 27 8
2 18 3
2 7 25
0
0
1 11
0
41
2 28 35
1 27
1 30
0
0
0
0
1 39
1 15
0
2 32 15
0
0
0
0
0
2 14 18
1 38
0
0
1 27
1 7
1 22
2 10 14
4 37 20 17 5
0
0
0
2 3 40
0
1 7
0
0
2 27 38
0
0
0
1 27
1 28
0
0
46
3 12 25 8
0
0
0
2 41 36
0
0
0
1 31
0
1 27
0
0
0
1 2
2 13 14
2 28 10
1 14
1 42
0
0
1 34
0
1 44
1 42
0
0
0
1 28
1 41
2 44 21
2 13 36
0
1 43
1 29
0
0
3 28 45 34
0
1 2
0
0
1 44
0
0
0
43
2 26 20
0
0
3 9 15 23
0
0
0
2 2 15
0
1 5
0
1 17
2 42 18
0
0
1 9
1 2
0
0
0
1 41
0
2 19 9
1 31
0
1 20
1 22
0
0
0
0
1 15
0
0
0
2 12 43
1 1
3 20 19 1
0
1 9
0
0
1 11
40
0
0
2 37 27
0
0
0
1 32
0
0
0
3 16 40 31
0
0
2 8 5
0
2 8 32
0
1 29
0
2 4 10
0
0
0
0
0
0
0
2 8 33
1 40
1 20
1 4
0
1 40
0
4 34 40 21 27
0
0
0
3 23 8 19
0
44
0
0
0
3 23 24 15
0
1 29
1 31
2 40 34
1 2
1 2
0
1 17
0
0
2 24 20
1 19
0
0
1 38
0
0
0
1 2
0
0
1 33
1 7
0
0
2 1 23
0
0
0
1 3
1 38
1 2
1 13
0
1 25
0
3 1 25 28
0
2 28 30
0
43
1 5
0
0
1 30
0
2 29 43
1 4
0
0
0
0
1 24
0
0
0
2 7 33
1 7
0
5 39 4 33 11 22
1 15
2 43 33
1 7
1 29
0
0
0
0
0
0
0
1 42
2 30 15
0
0
0
1 39
3 42 8 33
0
0
0
2 14 27
0
0
49
1 9
1 11
0
0
0
0
0
0
0
3 37 1 23
5 22 4 47 5 48
0
1 30
2 12 38
0
0
2 15 32
3 4 14 9
0
1 31
0
0
1 22
0
0
1 48
0
1 22
0
0
0
0
0
1 14
1 12
1 31
2 34 5
0
0
2 5 41
1 9
0
0
1 14
0
1 5
0
0
0
41
0
0
0
3 31 22 41
2 34 37
1 3
1 8
0
1 25
0
0
1 32
2 21 15
0
0
1 20
0
0
0
0
0
2 8 23
0
1 25
1 8
2 19 41
0
1 39
1 37
0
1 19
0
1 40
0
0
1 25
0
3 22 24 23
1 20
0
0
43
0
0
1 28
0
3 35 43 16
1 5
2 4 24
0
1 30
0
2 21 26
0
2 28 24
0
2 12 41
0
0
0
0
0
0
0
1 2
0
1 16
0
2 34 21
0
1 9
0
0
0
1 15
0
2 15 23
2 21 23
0
1 15
1 21
0
0
1 13
1 29
48
0
0
1 13
0
1 7
1 34
0
1 24
0
1 2
1 5
0
0
0
0
0
0
0
0
0
0
0
0
0
2 22 37
0
1 39
1 2
0
1 37
0
0
2 14 38
0
0
0
0
1 46
0
1 9
0
1 24
0
0
0
0
0
0
40
0
0
0
0
0
1 4
0
1 3
0
0
0
0
0
1 28
0
0
0
0
0
1 36
0
1 35
2 30 7
0
1 12
0
1 9
0
1 4
1 9
0
0
0
1 7
0
0
1 15
0
0
0
44
0
0
1 7
0
0
0
1 34
0
2 5 4
0
1 27
1 40
0
1 29
0
0
0
0
1 35
1 30
0
0
0
0
1 35
0
0
1 16
0
0
0
0
0
0
0
1 29
0
1 20
0
0
0
1 36
0
0
49
2 4 9
0
0
0
0
0
2 33 22
0
0
0
1 45
0
0
0
0
0
0
0
0
0
0
0
1 2
1 45
0
0
0
0
0
0
2 17 34
0
0
1 5
2 8 41
0
0
1 27
1 23
0
0
0
0
0
1 17
0
1 38
0
0
46
1 3
2 34 3
0
0
0
0
0
1 26
0
0
0
1 36
1 10
0
0
0
0
0
0
0
0
1 26
1 14
1 20
0
0
0
0
0
0
0
2 8 29
0
0
0
0
0
1 7
1 41
0
0
1 6
0
1 6
0
0
44
0
0
0
0
0
0
0
0
0
0
0
0
0
0
0
0
0
0
0
0
0
0
0
0
3 43 28 1
2 15 35
0
2 18 7
0
0
1 6
1 16
0
0
0
1 32
1 35
1 43
0
0
0
1 18
0
1 35
43
0
0
0
0
2 40 25
0
0
0
0
0
0
3 11 25 36
1 37
0
0
0
0
0
0
1 41
0
0
0
2 34 17
0
0
0
0
0
0
0
0
1 16
0
0
1 25
0
0
1 25
1 28
0
0
1 3
