100
1
0 0 0
4 0 0
3 0 0
2
0 -1 0
0 -11 0
0 0 0
0 -3 0
3
0 0 0
6 0 2
6 0 1
3 0 0
6 0 0
2
-503 701 -583
1000 -1000 1000
-502 701 -583
-503 700 -583
96
-1000 1000 1000
-2 1 -3
2 -23 0
-9 -9 7
0 25 0
-8 -11 -6
-1 -14 10
-9 -8 8
11 -7 -7
-1 16 8
-5 -18 2
10 7 -8
-6 -11 8
-4 -20 -1
-8 16 -1
5 9 11
5 10 10
0 -16 -9
5 -11 9
0 -24 -1
0 14 -11
-1 -18 -6
-10 8 7
7 -13 5
-8 -10 -7
4 13 8
8 8 9
-3 -11 -11
0 -17 8
9 12 -4
-8 -7 -10
10 -5 10
6 18 1
4 21 0
-9 -16 0
-3 -19 3
9 -14 -2
-5 11 -9
-3 11 11
10 -6 -9
10 13 2
6 16 3
0 19 -6
0 19 6
-11 -6 8
11 8 6
-3 19 3
0 14 11
-6 8 -11
-5 20 0
-6 -14 -5
3 14 8
2 21 2
0 18 7
9 7 -9
-11 -7 7
9 -15 1
-2 22 1
2 -14 -9
-5 -17 3
-8 -13 4
10 -6 9
10 12 -3
4 -11 10
-8 17 0
7 -10 -8
1 -20 4
0 -16 9
5 18 -2
-11 -6 -8
-4 -11 -10
4 -14 -7
7 -17 1
3 16 6
-8 -16 1
-5 -9 -11
-2 17 -6
8 -9 8
3 22 0
6 9 10
0 -22 3
6 -19 0
5 -13 -7
-3 -16 6
8 6 -11
2 23 0
8 -7 10
5 -11 -9
1 16 -8
10 -10 -5
-8 -9 -8
3 13 -9
2 12 11
3 -14 -8
1 15 -9
-2 -15 -8
-7 18 0
-5 -20 0
93
988 988 -988
-1000 -1000 1000
989 985 -983
991 991 -989
994 992 -986
986 992 -986
993 992 -986
986 992 -988
985 988 -992
992 987 -991
992 992 -989
992 989 -991
988 993 -991
993 994 -984
983 992 -983
988 991 -989
992 987 -983
992 990 -984
994 988 -993
992 983 -990
985 986 -987
983 990 -991
983 991 -988
986 985 -985
990 984 -991
993 990 -987
985 985 -993
990 993 -986
986 988 -984
988 984 -991
986 990 -987
991 994 -988
983 988 -987
984 985 -989
990 992 -988
994 994 -987
984 983 -984
989 993 -991
986 983 -986
989 992 -986
987 991 -985
984 987 -985
983 993 -990
994 983 -989
990 988 -984
983 984 -991
989 984 -992
983 984 -989
988 991 -990
985 988 -985
994 994 -983
991 985 -986
994 984 -991
991 994 -994
988 986 -992
984 988 -994
983 988 -990
989 993 -987
983 988 -983
986 985 -987
989 991 -988
988 991 -988
985 985 -983
985 985 -984
988 992 -985
987 991 -993
994 992 -988
986 992 -992
988 993 -988
989 994 -994
989 983 -992
984 983 -986
993 987 -989
988 989 -992
983 987 -989
992 994 -991
984 993 -990
984 992 -987
983 987 -986
987 986 -986
994 989 -988
990 985 -988
984 984 -993
987 986 -989
986 993 -987
984 985 -992
988 992 -991
991 984 -985
989 991 -987
985 988 -994
987 987 -989
988 988 -989
991 989 -983
986 987 -988
989 985 -991
91
1000 -1000 -1000
-643 643 643
-659 788 744
-660 767 701
-643 560 799
-708 809 639
-725 743 549
-640 493 508
-539 581 565
-772 591 551
-665 500 778
-498 682 688
-513 553 527
-802 620 652
-570 485 796
-504 555 595
-557 585 762
-590 710 608
-699 577 713
-636 802 580
-719 624 803
-600 696 619
-666 757 772
-545 560 525
-753 661 632
-477 558 606
-690 467 471
-496 531 561
-714 763 537
-472 494 725
-527 485 516
-780 731 507
-667 745 580
-631 579 521
-465 479 528
-783 514 779
-783 599 795
-601 746 571
-774 520 476
-633 715 471
-783 761 764
-640 750 632
-677 702 812
-690 666 597
-743 567 740
-666 557 585
-726 816 713
-736 466 727
-538 511 615
-659 552 801
-550 504 548
-542 686 510
-686 676 667
-698 601 504
-695 663 616
-746 576 733
-788 820 608
-486 659 543
-604 479 710
-718 818 563
-509 679 686
-479 498 687
-553 611 744
-605 613 754
-809 754 664
-687 494 817
-621 510 601
-576 720 518
-537 639 561
-648 538 507
-803 574 571
-643 598 522
-552 649 494
-680 752 782
-788 523 600
-789 727 734
-510 553 503
-596 723 624
-729 764 580
-580 508 734
-755 806 494
-572 710 482
-564 672 774
-685 644 791
-733 696 712
-630 552 766
-564 546 615
-736 743 658
-697 706 754
-612 703 619
-582 786 754
-779 662 576
-794 709 713
92
-971 -971 971
1000 1000 -1000
-972 -967 958
-980 -962 962
-971 -979 960
-975 -957 982
-957 -978 961
-975 -978 957
-977 -984 980
-959 -976 976
-968 -958 978
-983 -962 984
-968 -977 979
-976 -983 964
-978 -977 968
-961 -985 976
-970 -963 979
-974 -962 966
-957 -960 959
-960 -977 960
-963 -982 972
-964 -976 976
-979 -974 983
-966 -967 975
-957 -983 970
-965 -957 959
-959 -973 970
-978 -972 965
-975 -978 981
-960 -974 965
-960 -980 968
-960 -967 982
-965 -967 958
-970 -973 957
-967 -978 962
-982 -983 958
-968 -980 961
-965 -961 970
-961 -972 972
-980 -978 964
-970 -962 959
-963 -972 983
-981 -983 984
-969 -960 979
-968 -968 964
-975 -957 980
-985 -969 984
-968 -960 972
-957 -973 975
-981 -964 958
-960 -979 979
-974 -983 966
-973 -984 984
-974 -976 976
-983 -964 961
-968 -985 961
-957 -981 962
-971 -974 966
-958 -982 969
-969 -960 960
-958 -964 984
-968 -963 977
-976 -978 958
-980 -963 965
-969 -967 983
-977 -972 976
-983 -969 981
-981 -972 967
-967 -967 977
-961 -979 966
-985 -958 965
-967 -976 975
-974 -973 979
-985 -969 971
-966 -976 979
-963 -981 957
-966 -964 959
-963 -963 982
-970 -971 963
-983 -976 964
-981 -959 982
-980 -966 960
-958 -967 962
-980 -974 982
-960 -963 961
-985 -963 970
-960 -964 960
-961 -977 971
-960 -978 966
-965 -974 966
-972 -977 958
-976 -982 965
-971 -958 962
-958 -982 968
94
-565 -565 565
1000 1000 -1000
-558 -578 741
-766 -490 551
-712 -619 688
-774 -590 643
-515 -602 666
-617 -466 769
-576 -417 760
-525 -636 562
-648 -527 494
-464 -519 372
-487 -598 581
-766 -589 360
-409 -354 524
-391 -503 544
-664 -703 533
-542 -475 375
-545 -710 403
-753 -474 772
-417 -544 679
-744 -408 660
-579 -495 778
-545 -583 619
-489 -554 556
-720 -662 405
-764 -392 539
-622 -757 561
-609 -767 751
-502 -488 534
-490 -570 774
-759 -387 559
-468 -378 610
-625 -662 448
-349 -500 621
-593 -611 428
-597 -576 550
-503 -402 704
-625 -758 435
-732 -512 481
-776 -385 602
-621 -675 461
-781 -562 770
-654 -685 520
-600 -563 356
-474 -395 405
-555 -459 468
-632 -644 540
-394 -646 394
-548 -476 633
-352 -722 514
-648 -610 614
-479 -482 765
-576 -752 617
-484 -697 649
-572 -693 530
-392 -348 482
-448 -394 357
-595 -599 638
-683 -447 443
-568 -362 409
-705 -677 359
-470 -725 727
-542 -561 492
-711 -632 614
-529 -425 649
-458 -593 616
-478 -537 516
-723 -604 592
-704 -461 442
-597 -705 635
-526 -688 562
-429 -565 445
-566 -666 357
-696 -765 685
-550 -699 529
-617 -605 525
-382 -457 674
-634 -558 454
-551 -370 698
-640 -382 538
-545 -733 470
-438 -427 489
-499 -490 637
-430 -406 769
-365 -447 513
-495 -550 409
-515 -501 531
-607 -351 729
-782 -780 738
-512 -756 761
-386 -498 645
-439 -680 482
-680 -512 501
-571 -760 677
-498 -642 472
97
-1000 -1000 -1000
-2 -1 5
-24 0 8
-10 -11 -11
16 2 14
-6 -12 -14
23 8 1
-22 4 -6
-14 5 -13
9 13 10
-7 12 13
11 -9 12
13 8 -11
-23 6 -3
-27 4 1
20 10 -2
10 -9 -13
16 10 -6
9 9 -14
28 -1 3
-16 -8 8
-5 13 14
9 10 -13
24 0 8
13 -8 11
23 0 9
-15 -10 7
21 11 0
-18 9 5
10 -8 14
-14 8 10
-20 9 3
-13 -13 -6
2 15 15
-5 12 -15
-17 11 -4
27 2 -3
18 9 -5
26 0 -6
18 -12 2
-12 10 -10
19 2 -11
20 -2 -10
15 12 -5
-23 8 1
-16 -12 4
21 0 -11
4 -13 15
18 -4 -10
22 3 -7
5 13 14
-8 15 9
21 4 -7
-7 -10 15
-11 6 -15
25 4 3
-8 13 -11
19 9 -4
-26 4 2
24 4 4
14 -8 -10
27 2 3
13 -5 14
-26 -1 5
-12 -12 8
-20 -7 -5
20 4 8
-10 -8 -14
18 -2 12
29 1 2
4 15 13
-7 -14 11
-27 0 -5
19 -11 2
-24 -6 -2
-20 0 12
24 2 6
22 6 4
18 -14 0
28 -3 -1
16 -14 -2
-15 12 5
17 -13 2
27 -4 -1
24 5 3
-21 -4 -7
23 1 -8
-10 10 -12
-21 10 1
30 2 0
-32 0 0
-16 -4 12
-17 10 -5
15 -13 -4
28 0 4
-19 -7 6
8 12 -12
22 0 10
27 3 -2
2
1000 1000 1000
-1000 -1000 -1000
999 999 1000
1000 999 1000
95
1000 -1000 1000
-935 935 -935
-957 931 -923
-912 920 -924
-940 928 -908
-961 905 -959
-943 931 -947
-912 941 -922
-948 949 -963
-915 905 -954
-935 940 -954
-913 959 -946
-942 903 -910
-949 960 -931
-939 911 -938
-954 913 -941
-961 907 -931
-925 938 -929
-932 924 -931
-908 914 -942
-911 918 -945
-932 964 -950
-951 905 -916
-912 924 -963
-915 905 -911
-965 913 -926
-916 922 -936
-934 943 -922
-959 923 -909
-930 913 -965
-950 965 -967
-946 918 -917
-942 959 -945
-965 933 -963
-953 928 -942
-903 908 -926
-943 940 -907
-947 943 -914
-950 929 -913
-964 939 -932
-905 938 -932
-946 935 -913
-911 910 -940
-964 916 -920
-952 912 -965
-930 963 -944
-943 931 -930
-904 949 -951
-913 960 -952
-911 953 -919
-918 930 -951
-917 948 -920
-956 958 -924
-905 937 -956
-917 907 -966
-965 966 -919
-967 932 -926
-943 915 -929
-927 949 -919
-937 925 -928
-936 958 -934
-907 966 -909
-965 947 -911
-967 933 -913
-905 922 -962
-938 914 -926
-928 909 -939
-905 927 -960
-955 905 -965
-933 916 -907
-920 951 -924
-957 936 -926
-929 942 -918
-949 963 -927
-924 936 -961
-949 940 -967
-925 908 -955
-928 950 -915
-909 913 -942
-909 937 -935
-957 947 -908
-945 907 -931
-958 962 -941
-910 959 -903
-961 964 -914
-940 913 -938
-957 941 -920
-916 940 -919
-941 903 -948
-939 929 -950
-951 914 -935
-957 913 -912
-943 908 -963
-942 941 -943
-943 961 -928
-939 964 -933
-906 911 -962
100
-1000 -1000 1000
961 961 -961
959 958 -978
966 949 -954
959 953 -956
942 980 -957
978 964 -971
956 975 -975
968 958 -961
958 950 -943
946 968 -978
948 980 -965
954 979 -969
964 946 -963
949 955 -963
971 959 -960
950 964 -974
955 946 -977
943 955 -963
977 960 -958
966 971 -973
965 948 -953
946 971 -952
962 950 -972
954 952 -946
971 967 -974
961 961 -957
967 974 -971
971 966 -969
966 968 -963
979 942 -972
957 942 -957
960 962 -962
947 945 -968
965 951 -943
970 950 -953
944 970 -962
971 976 -971
942 959 -943
969 956 -944
967 955 -967
975 967 -950
970 961 -953
960 944 -961
974 961 -969
973 950 -960
968 946 -978
947 954 -955
945 959 -960
946 973 -949
951 962 -957
975 951 -964
957 945 -969
942 970 -973
973 956 -955
947 971 -962
951 971 -956
946 950 -962
976 945 -960
947 961 -968
955 946 -943
954 978 -950
953 980 -963
965 952 -979
973 978 -947
946 956 -948
945 942 -943
976 975 -969
954 960 -959
950 948 -972
949 950 -948
949 961 -950
959 978 -980
954 947 -972
972 974 -944
958 948 -969
977 967 -978
970 977 -971
979 942 -945
947 961 -952
978 960 -946
964 952 -943
949 965 -950
943 962 -949
974 953 -948
953 955 -961
963 971 -945
963 977 -959
943 977 -951
962 960 -945
958 960 -979
966 946 -950
954 973 -945
975 956 -962
958 961 -961
972 969 -971
975 978 -944
956 967 -949
978 944 -942
947 944 -944
947 970 -969
955 957 -944
2
1000 1000 1000
-964 -182 -451
-964 -182 -450
-964 -181 -451
95
984 984 984
-1000 -1000 -1000
992 982 984
981 980 990
983 983 991
982 981 984
977 991 984
984 977 982
986 977 979
990 982 983
991 982 977
983 980 991
983 982 986
983 990 992
983 985 990
991 978 990
987 977 989
990 986 984
982 986 981
986 991 988
986 988 987
981 984 988
980 980 983
987 980 982
992 988 979
989 984 987
989 986 977
984 992 986
980 990 989
980 979 987
978 989 980
978 982 989
992 992 980
985 992 983
978 991 987
990 983 991
992 980 985
977 978 986
985 989 982
982 981 983
984 981 992
988 987 990
989 988 991
984 991 991
979 984 982
977 985 992
989 989 981
987 981 985
978 989 987
991 989 982
985 978 991
984 984 980
987 982 985
991 985 986
982 980 978
992 988 977
990 977 985
980 983 986
983 977 977
984 977 988
989 989 991
980 985 981
991 992 991
991 986 978
979 983 988
985 981 981
983 979 979
977 977 980
991 990 987
985 991 986
991 982 990
979 992 991
980 988 984
985 991 989
988 985 983
984 982 986
987 986 982
990 992 989
989 990 977
983 988 982
988 990 991
989 988 980
985 989 977
992 985 987
978 979 986
977 988 981
980 987 982
978 982 992
987 977 984
981 977 982
980 986 986
981 986 980
990 982 978
992 989 985
989 980 990
987 981 989
989 981 981
100
-3 -3 -1
1000 -1000 1000
-3 -46 -46
-18 -33 44
25 1 -69
20 -29 -46
-25 -30 -40
4 -42 49
16 5 -74
-34 -17 44
8 27 -60
-9 24 -62
-29 38 -28
-33 30 -32
-42 -27 26
46 45 4
-24 37 -34
-43 4 -48
-9 46 40
-33 44 -18
16 35 -44
-30 -18 -47
-13 6 76
-8 -23 -64
35 39 21
25 26 44
-25 -15 55
-30 -4 61
22 28 45
-6 -5 -84
36 -43 -16
45 38 12
17 17 61
-10 -36 49
10 -34 -51
42 16 -37
-3 9 -83
15 29 51
40 -39 -16
-26 -2 -67
21 -21 -53
-11 40 -44
17 24 -54
-28 24 -43
0 -42 -53
35 -21 -39
-14 5 76
-24 -14 -57
-31 30 34
17 23 55
-20 -31 -44
-4 -37 -54
39 9 47
30 10 -55
45 -15 35
-12 27 -56
-25 -22 48
-22 11 -62
24 -38 -33
33 43 19
2 -43 50
43 22 -30
16 -14 -65
36 -9 50
5 27 63
3 44 -48
-18 -35 42
15 -19 61
44 29 -22
-40 10 -45
-25 -35 35
19 -1 -75
-39 -6 50
-7 32 56
33 -26 -36
-3 21 71
-1 35 59
-27 25 43
-13 7 75
-36 -38 -21
4 -5 -86
-27 30 -38
34 -31 -30
34 -21 -40
-26 8 -61
5 -14 -76
-42 42 11
-35 20 -40
12 -18 65
-40 16 -39
17 -40 -38
2 3 90
-11 35 -49
-6 34 55
-46 -23 -26
-30 -31 -34
-45 -9 41
-8 -4 -83
-16 45 -34
-16 -18 61
-18 -5 72
17 -25 53
100
-1000 1000 1000
970 -970 -970
-975 962 -985
-974 968 -958
-980 970 -983
-980 962 -970
-971 971 -976
-972 967 -962
-968 983 -979
-974 974 -972
-970 983 -963
-985 967 -968
-966 980 -970
-980 959 -962
-969 971 -962
-963 957 -976
-968 958 -959
-985 978 -980
-981 982 -969
-976 967 -958
-964 981 -966
-959 972 -958
-983 973 -972
-956 974 -957
-971 967 -960
-985 968 -970
-980 965 -971
-976 965 -968
-974 960 -964
-970 973 -975
-983 976 -966
-965 963 -960
-961 959 -968
-973 976 -977
-972 960 -965
-979 966 -968
-983 957 -984
-985 978 -983
-978 973 -983
-969 968 -959
-982 973 -976
-959 959 -959
-971 984 -983
-958 977 -979
-966 972 -956
-983 978 -960
-985 978 -966
-973 968 -969
-974 984 -985
-973 966 -977
-969 976 -985
-957 971 -982
-972 967 -975
-979 957 -966
-971 968 -985
-957 980 -964
-982 962 -960
-965 962 -968
-980 980 -971
-981 965 -964
-972 984 -983
-960 976 -983
-970 979 -958
-981 962 -971
-970 957 -982
-978 977 -978
-982 976 -960
-980 973 -963
-982 978 -969
-978 967 -961
-967 972 -958
-984 980 -976
-956 959 -962
-968 960 -965
-976 959 -970
-979 972 -983
-961 980 -984
-969 958 -960
-982 985 -966
-981 956 -962
-973 959 -983
-963 962 -967
-966 984 -971
-958 959 -966
-957 971 -975
-961 982 -963
-977 977 -979
-985 976 -977
-979 976 -956
-979 962 -963
-957 964 -972
-980 967 -969
-966 973 -975
-983 966 -982
-967 964 -981
-968 958 -964
-958 978 -976
-972 958 -964
-969 972 -968
-960 959 -985
-958 961 -980
-980 977 -970
100
-1000 1000 -1000
-4 4 3
97 12 0
-41 -15 -53
-33 -39 -37
-76 -18 -15
58 -13 38
-77 29 -3
32 -50 27
-74 -14 -21
-77 30 -2
-94 6 -9
-91 3 -15
42 32 -35
53 34 22
-43 47 19
99 -2 8
-68 -32 9
76 -2 -31
-28 -29 52
-69 12 -28
79 -7 -23
-58 -43 -8
44 -18 -47
18 39 52
-65 21 -23
57 -44 -8
56 44 -9
-66 -27 16
-38 20 -51
-15 47 -47
-69 -24 16
33 -52 -24
37 -34 38
84 -8 17
-58 -16 -35
-51 6 -52
-96 -11 2
54 12 -43
-54 17 38
51 -30 -28
-59 -7 43
-67 13 -29
-18 45 46
58 -31 20
51 -13 -45
60 -39 10
-98 10 1
85 -15 -9
44 -14 -51
-74 -6 29
-29 -53 27
56 -3 50
-68 -40 1
64 -38 -7
59 -36 -14
-29 -39 41
-55 -21 -33
52 49 -8
59 21 -29
-66 24 -19
-76 33 0
-38 -27 44
-64 -38 7
-63 -6 -40
38 29 42
-73 34 -2
21 -44 44
63 -29 -17
35 -40 34
25 -43 41
-67 10 -32
47 -53 -9
-21 -53 -35
-73 -32 -4
-18 -50 -41
32 35 42
90 -2 17
-52 14 43
8 52 -49
70 -24 15
-34 -25 -50
-68 -5 -36
-46 48 15
-44 -47 -18
49 -14 46
-59 26 -24
-3 -53 -53
-62 -22 -25
-58 -40 -11
42 35 32
100 2 7
58 -13 -38
70 -25 -14
6 50 53
-47 44 18
72 -5 32
-61 -43 5
-19 -51 -39
33 52 24
40 -49 -20
54 -52 3
99
928 928 928
-1000 -1000 -1000
914 917 895
925 908 916
939 920 947
900 961 907
948 931 918
938 944 950
893 959 931
949 941 922
962 906 963
960 958 958
931 937 962
941 908 894
958 932 897
941 913 912
950 927 899
915 947 945
908 898 963
919 905 921
917 906 921
903 905 964
944 897 942
906 950 936
902 896 925
934 898 963
912 949 926
925 919 905
909 912 958
942 917 934
951 959 906
901 930 936
952 938 939
928 905 953
922 948 918
933 943 954
946 909 897
937 940 914
923 927 923
948 940 909
897 962 907
922 911 918
964 893 910
918 937 914
901 943 908
907 895 894
910 948 903
946 930 943
893 920 898
913 905 904
944 911 943
962 946 957
961 957 941
893 918 922
905 907 953
941 957 894
930 933 899
899 959 913
912 952 909
936 951 907
941 953 923
907 925 950
909 944 930
947 898 955
906 916 901
920 952 909
956 937 956
917 939 910
933 900 895
949 924 964
915 926 937
909 919 923
909 949 964
910 937 960
896 953 964
914 917 903
939 935 912
926 939 910
959 948 930
893 906 953
938 945 904
913 941 922
907 919 931
896 946 898
916 957 928
961 925 954
958 911 944
960 895 953
954 896 959
955 918 959
924 915 903
947 916 944
905 894 939
910 932 941
895 959 927
939 956 951
921 934 958
896 921 919
962 912 921
930 895 912
951 902 893
99
1000 1000 -1000
-965 -965 965
-979 -959 976
-981 -977 954
-982 -950 977
-972 -949 959
-956 -964 952
-969 -966 967
-956 -975 958
-952 -952 951
-962 -972 951
-961 -952 975
-980 -958 982
-975 -980 978
-959 -960 969
-953 -962 958
-966 -965 963
-969 -959 961
-955 -963 980
-948 -971 966
-962 -971 954
-954 -980 965
-951 -975 965
-979 -948 950
-957 -977 958
-955 -959 965
-974 -969 963
-949 -973 973
-977 -948 979
-961 -967 950
-966 -966 962
-952 -980 976
-951 -981 980
-971 -976 952
-980 -977 980
-963 -961 971
-966 -960 978
-980 -976 971
-966 -977 958
-977 -978 949
-974 -968 978
-977 -960 977
-975 -950 951
-973 -966 950
-949 -956 967
-965 -957 962
-973 -949 961
-948 -964 961
-979 -959 950
-982 -965 968
-950 -949 960
-972 -957 978
-958 -964 954
-972 -965 976
-958 -955 960
-962 -950 948
-959 -974 955
-980 -957 948
-959 -966 948
-969 -973 974
-979 -961 949
-956 -957 973
-978 -976 975
-979 -977 956
-973 -951 956
-950 -970 981
-954 -959 954
-955 -956 949
-956 -949 968
-975 -948 982
-976 -958 964
-976 -957 976
-955 -958 978
-960 -973 954
-955 -964 971
-953 -958 969
-951 -955 951
-952 -958 979
-967 -958 959
-975 -952 951
-954 -962 953
-980 -966 979
-977 -958 971
-972 -966 949
-952 -974 958
-966 -960 968
-953 -956 980
-950 -961 959
-956 -954 980
-956 -956 957
-952 -962 960
-955 -977 980
-982 -952 974
-965 -970 979
-961 -965 960
-950 -971 982
-967 -967 953
-973 -961 975
-957 -982 974
-955 -970 949
-949 -973 975
93
957 -957 957
-1000 1000 -1000
936 -944 942
950 -970 961
978 -943 953
956 -961 960
956 -949 955
954 -959 973
963 -944 978
963 -967 936
947 -954 948
973 -955 966
972 -938 936
952 -959 951
942 -976 944
946 -966 974
959 -944 962
970 -968 938
938 -964 978
972 -975 950
977 -950 945
954 -972 969
956 -966 975
941 -953 973
972 -960 937
949 -962 948
944 -943 974
941 -946 973
953 -964 947
942 -968 945
949 -940 938
970 -964 970
937 -940 974
961 -960 958
939 -974 955
945 -971 968
958 -952 938
957 -968 942
953 -968 968
955 -962 957
953 -943 941
962 -956 967
978 -941 940
972 -974 940
944 -968 948
941 -950 941
964 -936 950
947 -975 957
962 -947 964
961 -970 974
954 -951 970
942 -957 973
974 -967 970
938 -936 970
964 -977 943
976 -977 972
978 -976 960
971 -977 977
936 -950 954
948 -969 957
943 -969 976
956 -972 940
942 -937 969
961 -944 937
947 -955 951
976 -940 943
961 -976 938
977 -952 953
956 -969 969
963 -937 976
961 -967 939
962 -949 977
973 -940 941
949 -961 936
970 -960 974
966 -939 944
944 -939 943
947 -937 966
975 -974 965
970 -962 977
942 -964 963
946 -974 952
944 -957 943
954 -972 967
952 -957 953
965 -969 942
971 -962 946
969 -941 944
945 -965 968
945 -951 938
964 -940 961
952 -968 941
954 -948 976
940 -971 962
962 -971 967
8
0 0 0
-311 0 0
1000 1000 -999
999 1000 -1000
999 999 -1000
1000 1000 -1000
999 1000 -999
1000 999 -1000
1000 999 -999
999 999 -999
98
-1000 1000 1000
823 -823 -823
833 -832 -770
869 -897 -910
869 -810 -796
799 -778 -902
859 -762 -870
842 -755 -878
870 -859 -856
763 -802 -762
851 -858 -743
855 -803 -840
824 -875 -829
752 -877 -909
791 -814 -766
780 -778 -808
832 -739 -775
827 -819 -841
908 -771 -816
869 -756 -741
855 -831 -879
879 -879 -811
757 -785 -784
851 -852 -851
879 -815 -807
884 -904 -891
909 -863 -799
905 -810 -775
909 -904 -825
812 -831 -908
738 -899 -768
809 -749 -789
834 -839 -804
829 -735 -815
882 -847 -859
765 -780 -843
792 -760 -822
908 -770 -911
773 -862 -803
909 -788 -813
878 -759 -773
867 -746 -775
804 -735 -904
854 -799 -832
799 -765 -841
909 -786 -760
900 -772 -752
841 -878 -839
911 -821 -828
882 -737 -761
816 -762 -873
742 -767 -743
890 -774 -773
826 -759 -785
829 -837 -772
791 -779 -850
838 -856 -786
866 -885 -735
744 -769 -813
738 -830 -824
775 -758 -892
761 -878 -863
797 -740 -855
738 -862 -896
806 -870 -840
850 -805 -828
827 -765 -868
821 -800 -756
858 -792 -754
738 -759 -831
867 -908 -882
752 -860 -850
902 -765 -895
834 -760 -806
892 -848 -750
740 -867 -807
816 -758 -829
812 -811 -876
758 -742 -826
908 -829 -867
752 -865 -814
911 -774 -754
775 -798 -898
907 -757 -872
906 -745 -896
853 -759 -900
782 -775 -909
909 -858 -816
755 -780 -890
763 -785 -860
837 -836 -838
848 -808 -743
782 -901 -755
830 -897 -881
904 -815 -780
842 -801 -736
859 -895 -868
743 -850 -793
745 -793 -791
816 -742 -885
90
2 4 -3
-1000 -1000 -1000
18 0 0
10 -8 0
-12 -1 -5
15 -3 0
-13 3 -2
9 -5 4
6 4 -8
5 -5 -8
7 7 -4
8 -6 4
4 8 -6
-12 0 6
10 -4 4
-10 8 0
-8 2 8
14 0 -4
-9 -3 6
-9 4 5
-6 8 -4
-4 6 -8
-9 -8 -1
9 3 -6
13 -1 4
12 2 4
9 -3 6
-14 1 3
9 7 -2
-5 -6 -7
14 -1 3
9 5 -4
-17 0 -1
-5 7 6
12 -3 3
-7 -4 -7
-10 0 -8
-5 -8 5
5 -8 5
11 -1 -6
-5 -7 -6
2 8 8
-14 0 4
10 7 -1
-10 1 -7
12 1 -5
13 -4 1
-7 4 -7
7 8 -3
-17 0 1
10 -6 -2
6 5 -7
14 -4 0
7 4 7
-8 -2 -8
-10 2 6
-16 1 -1
11 -5 -2
7 5 -6
9 -1 8
16 -2 0
10 -3 -5
8 8 2
-8 6 -4
14 2 -2
12 -1 -5
8 -7 3
-9 3 -6
-3 -8 7
6 4 8
10 -1 7
-10 -4 -4
-10 -6 2
-12 3 3
-9 -4 -5
-10 5 -3
8 8 -2
8 -5 5
-10 -3 -5
10 6 2
-13 -1 -4
10 -7 -1
-10 2 -6
-13 0 5
-17 1 0
-10 -8 0
-11 -2 -5
-11 -5 -2
-8 3 7
-5 7 -6
-9 -5 -4
-15 1 2
100
1 -3 0
-1000 1000 1000
-25 -28 -28
-30 -27 24
-32 11 38
76 -4 -1
-57 2 -22
-18 32 -31
-38 -26 -17
-53 3 25
-7 -38 36
-41 23 -17
-42 -10 -29
66 13 -2
51 -28 -2
-44 -5 -32
52 28 -1
37 -36 8
36 34 11
-35 -31 15
28 -30 -23
32 -35 -14
-36 -38 -7
-34 -28 -19
14 -34 33
-46 -30 5
-22 -35 24
-51 -21 9
-65 -15 1
-40 36 5
17 33 -31
-18 39 24
35 24 22
17 25 -39
-37 39 -5
23 -22 36
-26 -17 38
-43 25 -13
-14 -30 -37
-52 19 -10
-41 -13 -27
-74 6 1
-41 26 14
-37 -29 15
60 -7 14
52 0 29
-38 -15 28
19 -37 -25
-65 -9 7
40 6 35
-39 6 -36
45 -24 12
-42 32 -7
56 1 -24
61 1 -19
23 24 34
-31 -38 12
71 -2 8
-25 24 -32
-49 -18 14
25 -34 22
-40 22 -19
21 -39 21
5 38 38
-11 -33 37
-22 -20 -39
54 15 12
-65 -13 3
55 -4 22
-62 8 -11
-55 -9 -17
78 -3 0
57 -1 23
-43 27 11
78 -1 2
58 17 -6
46 -32 3
-23 26 -32
-52 11 -18
47 29 5
65 4 12
28 -38 -15
-70 -9 -2
-26 27 28
61 6 14
-29 -23 29
-23 -22 36
44 0 -37
67 11 -3
-72 -7 2
45 19 -17
34 10 37
-14 -34 -33
-51 -23 7
53 -22 -6
67 -11 -3
49 17 -15
32 -27 22
-58 -5 -18
54 -9 18
-40 37 4
64 -8 -9
100
970 -970 970
-1000 1000 -1000
-974 974 972
-976 985 977
-981 964 966
-961 958 980
-980 961 984
-964 957 972
-978 985 980
-979 970 958
-973 978 983
-968 974 958
-960 972 965
-972 979 983
-977 978 978
-980 957 964
-983 970 963
-959 956 962
-973 980 963
-967 972 962
-964 967 981
-963 965 960
-978 985 966
-976 979 956
-959 973 983
-980 980 971
-957 979 966
-966 973 977
-982 981 969
-976 969 985
-957 963 976
-974 956 957
-957 983 984
-959 960 985
-978 985 983
-965 976 968
-970 980 983
-960 968 965
-973 970 975
-966 983 982
-959 959 959
-958 972 964
-967 972 975
-959 976 970
-972 969 968
-984 966 971
-984 974 985
-958 968 964
-967 985 968
-962 982 960
-958 969 960
-977 977 979
-967 980 969
-985 982 966
-976 960 983
-962 975 985
-962 981 971
-972 959 958
-978 958 976
-971 957 975
-967 978 961
-982 961 963
-959 961 968
-959 980 962
-972 966 956
-965 981 964
-973 983 972
-966 979 968
-972 967 958
-957 970 982
-968 971 985
-968 969 959
-980 984 976
-956 981 962
-984 971 983
-967 971 960
-965 980 971
-968 985 970
-980 966 970
-976 973 977
-958 968 959
-971 969 962
-967 976 958
-977 958 979
-962 965 968
-960 974 964
-973 982 976
-977 980 970
-983 968 979
-973 966 975
-959 958 966
-984 972 983
-968 973 969
-976 983 966
-971 957 982
-978 983 960
-971 971 976
-976 982 960
-962 980 970
-978 982 969
-962 963 967
-962 979 963
95
1000 1000 1000
-952 -952 -952
-933 -969 -947
-940 -974 -969
-975 -968 -955
-938 -932 -933
-955 -965 -961
-932 -966 -970
-976 -937 -962
-929 -933 -941
-942 -947 -937
-931 -976 -957
-971 -933 -950
-942 -961 -934
-943 -957 -942
-947 -955 -957
-953 -976 -934
-937 -976 -930
-931 -943 -951
-956 -956 -959
-935 -944 -954
-951 -933 -952
-964 -954 -971
-944 -974 -954
-954 -952 -974
-949 -933 -929
-937 -965 -961
-930 -945 -945
-929 -968 -973
-975 -951 -953
-936 -932 -935
-951 -954 -935
-936 -956 -944
-971 -962 -942
-976 -935 -964
-956 -976 -941
-969 -967 -961
-948 -933 -959
-943 -952 -973
-968 -954 -965
-946 -970 -964
-944 -974 -949
-970 -967 -943
-947 -963 -946
-934 -967 -936
-955 -947 -960
-958 -970 -930
-961 -970 -958
-930 -974 -929
-967 -955 -947
-968 -974 -953
-929 -952 -974
-964 -957 -936
-954 -961 -972
-955 -947 -966
-967 -954 -943
-941 -937 -951
-933 -960 -963
-976 -958 -956
-951 -930 -930
-934 -976 -968
-954 -958 -961
-931 -954 -931
-971 -966 -936
-930 -932 -964
-929 -974 -935
-930 -966 -943
-954 -938 -972
-942 -957 -966
-941 -973 -976
-944 -973 -963
-975 -935 -937
-930 -956 -950
-970 -968 -953
-948 -930 -935
-941 -966 -942
-940 -941 -959
-943 -929 -947
-935 -935 -933
-943 -951 -972
-969 -972 -932
-932 -957 -937
-958 -962 -971
-931 -934 -936
-950 -961 -953
-932 -929 -936
-941 -933 -959
-954 -932 -958
-936 -944 -940
-948 -934 -965
-941 -954 -955
-929 -971 -930
-976 -948 -969
-974 -957 -930
-955 -969 -965
-976 -976 -935
-966 -958 -933
100
-1000 -1000 1000
2 -2 1
20 15 18
17 34 -2
-25 3 25
25 -16 12
3 -39 11
18 12 -23
-13 -39 -1
0 -30 23
22 7 24
12 29 12
8 -26 19
25 -12 16
5 -27 21
-2 -27 24
-15 21 -17
3 46 -4
12 40 1
-3 -31 -19
18 29 -6
13 24 -16
-15 20 -18
18 -28 7
4 -29 -20
-22 -23 -8
-17 13 -23
-24 22 -7
-23 28 -2
19 26 -8
-15 35 -3
13 -15 25
-14 38 1
8 -24 21
-21 19 13
23 20 10
-1 43 9
19 -32 2
-5 43 5
-17 33 3
-23 20 10
-13 -32 -8
17 25 -11
-18 34 1
3 41 -9
-24 -12 17
-16 28 -9
0 45 -8
-19 16 18
-24 -5 24
19 12 22
0 31 -22
-18 19 16
21 10 22
-10 -26 -17
-20 -19 -14
20 27 -6
-6 46 1
-12 33 -8
-3 35 -15
16 -26 -11
10 28 15
-5 37 11
-16 13 -24
3 26 -24
-16 30 7
-1 46 -6
-18 32 3
5 41 -7
-23 16 -14
-18 -29 -6
-8 -26 19
-23 -30 0
-20 -29 4
12 41 0
-12 -41 0
21 -8 24
-19 -34 0
15 33 -5
10 41 2
-24 -26 -3
-12 -37 4
6 -35 12
15 14 -24
-17 -26 -10
-4 41 -8
-17 -27 -9
-25 -5 23
21 18 14
-9 21 -23
-19 12 22
10 -35 -8
-10 23 -20
17 -16 20
17 -14 22
13 -20 20
19 12 -22
5 -26 22
-8 32 -13
-11 33 9
1 -46 -6
1 33 -19
100
-4 2 -4
1000 -1000 -1000
-15 32 -20
-37 -8 22
-30 -32 5
7 -32 28
-18 -21 -28
25 -17 25
45 -1 21
59 3 5
-51 -8 -8
-31 12 24
-37 15 15
42 1 24
28 9 30
-42 2 23
28 24 -15
-47 -18 -2
42 15 10
-51 -15 -1
-32 31 4
-17 -22 28
-24 -26 17
-30 26 -11
44 4 19
-30 10 -27
-43 -7 17
35 3 -29
55 3 9
45 20 2
-25 -18 24
-65 0 -2
-16 -25 26
-28 -25 -14
40 -9 -18
-28 -7 -32
-17 20 -30
20 24 23
-30 31 -6
37 -25 -5
33 -8 26
-53 0 14
43 12 12
-18 20 -29
-57 7 3
-45 -1 -21
-26 -11 30
-64 0 3
32 23 12
-37 15 -15
32 -19 16
-23 -21 23
38 0 -29
-48 -3 16
-29 7 -31
-36 -19 12
-38 27 -2
-49 -7 11
-17 -30 -20
35 -19 -13
-28 -13 -26
-40 27 0
-27 16 -24
-21 -21 -25
-40 15 12
-39 -14 14
25 16 26
25 15 -27
41 -5 21
50 -16 -1
-52 -9 6
28 26 -13
-36 10 21
-51 11 5
44 -9 14
32 -11 24
42 18 -7
-33 21 -13
22 22 23
-40 14 13
-13 -22 32
18 -25 -24
60 -1 -6
39 0 -28
40 5 22
-48 5 -14
31 18 18
-28 -19 -20
-43 -19 -5
41 13 -13
-26 31 -10
-45 22 0
-29 13 -25
64 -1 2
37 20 -10
63 0 4
23 -24 -20
-41 10 16
-15 25 27
43 17 -7
-56 10 -1
25 11 -31
97
903 903 903
-1000 -1000 -1000
913 881 890
951 932 923
944 872 885
899 942 877
864 902 877
871 913 941
871 935 951
880 872 943
935 917 884
913 855 887
919 907 912
868 919 913
933 889 864
935 866 906
880 871 855
902 899 866
892 894 921
895 946 891
907 949 935
875 879 878
867 934 891
865 882 892
869 896 862
897 857 860
932 945 918
927 870 907
934 923 948
914 939 940
859 869 881
908 910 869
892 950 937
864 919 930
886 904 886
881 878 858
890 870 876
875 880 921
936 946 870
914 910 882
887 869 877
888 939 915
871 915 915
931 857 948
918 882 927
900 945 867
919 925 923
931 860 928
872 900 865
916 926 917
948 929 922
879 887 889
951 882 948
908 858 892
875 874 922
903 917 863
864 876 903
943 884 871
887 924 888
948 911 858
938 916 935
915 951 910
875 923 936
874 873 881
862 884 862
861 928 905
892 920 942
930 888 938
951 906 930
878 951 939
926 874 872
880 926 944
893 889 947
876 899 937
888 923 937
877 874 918
935 927 856
920 927 857
872 896 938
916 902 934
887 940 943
867 881 901
867 920 891
909 936 874
933 894 890
935 885 915
867 944 911
869 909 929
886 882 946
935 873 887
931 915 891
874 873 930
927 893 895
876 924 861
911 895 935
951 872 891
936 902 894
900 938 885
905 860 875
100
-4 2 5
-1000 -1000 -1000
27 -44 38
-2 -73 -34
25 50 -34
-51 -6 -52
-37 -44 28
-48 41 20
-35 71 3
-20 -82 -7
-43 -21 -45
-42 43 -24
18 -76 15
3 -79 -27
52 38 -19
40 -41 -28
32 75 2
-20 -36 53
25 -80 -4
36 -71 -2
0 -95 -14
50 -31 -28
-32 76 1
-4 67 -38
-31 -48 30
-52 -40 17
-28 -55 26
-17 53 39
49 -16 -44
30 -50 -29
-14 44 51
19 73 17
36 72 1
9 -52 48
44 -12 53
11 69 29
34 -38 37
26 -43 -40
15 -69 25
-34 -43 32
18 42 -49
45 60 -4
19 -62 -28
33 -68 8
37 72 0
-49 52 -8
4 83 22
32 35 -42
-39 67 -3
-38 -28 43
24 -47 38
50 -20 -39
18 -52 -39
49 -18 -42
43 63 3
13 -83 -13
-48 26 -35
31 -50 28
21 38 -50
-19 50 -40
-53 -27 29
29 -36 44
6 -70 33
28 -55 -26
37 -56 16
-48 -55 6
-16 -57 36
12 -69 28
-49 -30 -30
-7 99 -3
-51 -53 -5
-42 31 36
26 48 35
32 67 -10
20 69 20
39 50 -20
-44 -26 39
18 -87 -4
40 -26 -43
-17 -68 -24
-2 100 -7
-20 -61 -28
31 -54 -24
-36 45 -28
-18 85 6
-32 33 44
-26 -51 32
-15 82 12
40 67 -2
-53 -6 -50
-39 -20 -50
-22 48 39
37 -29 -43
-42 29 38
30 -26 53
-3 57 49
44 53 12
37 -56 -16
17 62 -30
37 -58 -14
35 31 43
10 94 -5
93
783 783 -783
-1000 -1000 1000
804 677 -840
788 706 -869
868 713 -702
705 711 -870
879 802 -856
829 840 -865
881 691 -822
821 877 -792
836 813 -846
752 689 -879
789 778 -841
679 850 -789
693 789 -824
726 782 -857
808 855 -839
702 847 -822
868 808 -708
834 882 -858
790 803 -704
679 778 -837
777 830 -834
845 689 -677
781 863 -838
759 689 -817
845 767 -744
685 806 -749
862 820 -777
768 701 -737
693 709 -858
749 871 -883
778 695 -835
810 785 -729
757 852 -817
716 716 -886
683 758 -869
785 891 -792
724 681 -792
836 769 -699
760 861 -887
691 727 -728
859 711 -691
801 754 -862
775 836 -730
712 688 -734
873 758 -754
857 738 -795
876 751 -801
760 695 -879
778 876 -869
858 818 -716
802 763 -783
729 752 -842
779 694 -821
745 792 -847
684 732 -804
700 836 -795
743 839 -804
706 862 -818
790 775 -760
682 693 -842
679 708 -685
709 794 -849
711 702 -714
873 829 -876
714 751 -680
783 761 -714
715 719 -743
764 748 -701
880 862 -819
860 683 -804
837 740 -719
855 817 -708
881 793 -728
877 782 -810
888 847 -727
713 881 -721
738 774 -891
881 803 -827
800 685 -801
750 751 -886
890 756 -847
863 848 -880
855 793 -783
751 863 -677
739 799 -771
704 808 -693
739 793 -783
834 828 -755
879 869 -712
809 787 -821
847 725 -713
746 748 -773
748 698 -684
99
-677 -677 -677
1000 1000 1000
-741 -829 -751
-545 -648 -640
-754 -560 -547
-636 -703 -617
-805 -544 -775
-620 -625 -544
-716 -720 -577
-524 -690 -702
-527 -651 -619
-708 -678 -609
-703 -718 -753
-837 -579 -565
-572 -823 -614
-813 -687 -701
-572 -704 -734
-736 -563 -729
-567 -585 -532
-819 -830 -527
-716 -611 -747
-748 -651 -832
-574 -797 -771
-683 -789 -529
-773 -619 -673
-802 -572 -765
-636 -802 -732
-654 -521 -636
-583 -745 -749
-720 -616 -789
-562 -597 -796
-644 -626 -642
-793 -584 -550
-545 -797 -568
-622 -653 -812
-729 -741 -624
-745 -812 -554
-688 -542 -691
-534 -721 -589
-690 -606 -721
-614 -837 -780
-556 -543 -546
-699 -547 -658
-604 -657 -535
-611 -775 -741
-635 -728 -712
-793 -655 -691
-696 -804 -646
-751 -595 -796
-613 -631 -575
-594 -709 -571
-629 -517 -799
-535 -671 -743
-801 -574 -821
-775 -825 -676
-555 -799 -573
-544 -636 -629
-693 -605 -540
-838 -783 -598
-688 -616 -817
-534 -569 -530
-588 -737 -821
-693 -628 -714
-809 -537 -765
-586 -738 -694
-557 -757 -543
-533 -801 -659
-808 -800 -738
-718 -553 -643
-533 -684 -583
-636 -764 -655
-799 -796 -548
-739 -717 -694
-739 -805 -674
-542 -722 -576
-684 -652 -694
-688 -662 -724
-643 -537 -622
-652 -624 -747
-602 -575 -803
-563 -774 -818
-713 -816 -698
-728 -591 -745
-708 -801 -738
-655 -775 -676
-724 -581 -630
-778 -630 -797
-810 -799 -813
-811 -529 -545
-834 -777 -824
-599 -530 -752
-775 -525 -776
-666 -783 -822
-758 -740 -761
-770 -763 -714
-808 -672 -708
-635 -723 -791
-775 -701 -736
-654 -534 -829
-811 -617 -546
-557 -681 -823
94
1000 1000 1000
-968 -968 -968
-966 -962 -964
-967 -983 -964
-975 -955 -963
-973 -963 -955
-970 -968 -960
-969 -984 -982
-955 -953 -962
-965 -974 -964
-976 -971 -980
-953 -967 -960
-960 -973 -978
-978 -967 -956
-965 -953 -963
-964 -966 -967
-958 -982 -969
-977 -981 -959
-978 -980 -978
-976 -956 -964
-983 -979 -984
-972 -977 -982
-980 -973 -964
-974 -966 -970
-972 -968 -976
-969 -979 -957
-977 -964 -981
-956 -979 -967
-969 -957 -980
-981 -966 -969
-971 -964 -964
-963 -984 -955
-971 -959 -974
-964 -975 -970
-979 -953 -982
-984 -971 -954
-958 -972 -966
-984 -965 -984
-961 -974 -962
-963 -971 -980
-957 -959 -979
-963 -983 -953
-965 -984 -975
-962 -961 -977
-959 -957 -955
-984 -981 -983
-958 -964 -979
-957 -960 -959
-979 -960 -972
-980 -954 -974
-955 -971 -955
-983 -966 -974
-963 -959 -962
-964 -957 -962
-953 -956 -954
-981 -978 -976
-975 -974 -979
-973 -957 -980
-964 -971 -970
-983 -983 -970
-958 -955 -962
-981 -963 -984
-965 -981 -969
-977 -960 -966
-962 -964 -977
-975 -974 -963
-978 -957 -968
-965 -953 -976
-961 -960 -970
-967 -966 -984
-968 -973 -960
-970 -967 -983
-974 -976 -979
-965 -967 -975
-955 -964 -958
-969 -982 -967
-958 -958 -982
-981 -969 -980
-977 -961 -964
-984 -962 -980
-963 -976 -982
-955 -969 -974
-965 -955 -954
-980 -956 -958
-965 -974 -970
-964 -963 -957
-960 -966 -981
-977 -976 -971
-975 -955 -981
-965 -975 -960
-969 -978 -964
-958 -967 -959
-955 -980 -955
-982 -979 -957
-960 -972 -977
-956 -958 -974
2
-1000 1000 1000
711 -524 -243
711 -524 -242
711 -523 -243
94
1000 1000 -1000
-882 -882 882
-940 -893 876
-906 -910 853
-855 -859 916
-826 -863 920
-859 -919 825
-891 -909 881
-895 -882 922
-837 -913 895
-879 -936 866
-890 -856 883
-837 -861 847
-827 -905 906
-840 -864 833
-849 -883 824
-893 -850 919
-897 -867 856
-853 -852 860
-935 -878 895
-876 -918 825
-874 -826 842
-850 -914 837
-926 -865 828
-914 -924 883
-926 -894 938
-843 -842 877
-839 -855 941
-889 -835 935
-837 -852 915
-917 -922 862
-848 -848 858
-880 -842 883
-875 -853 833
-911 -908 923
-876 -929 831
-880 -919 860
-854 -910 919
-881 -908 928
-907 -928 902
-915 -926 911
-940 -871 905
-833 -881 875
-871 -900 933
-907 -927 907
-928 -874 904
-870 -827 846
-908 -894 881
-909 -838 867
-836 -914 916
-858 -833 883
-826 -860 858
-887 -895 912
-941 -926 833
-923 -843 847
-901 -913 886
-860 -886 873
-865 -862 918
-935 -844 864
-894 -889 929
-877 -873 858
-893 -925 934
-939 -867 887
-934 -906 888
-858 -879 884
-855 -902 897
-874 -854 921
-849 -893 903
-854 -829 849
-895 -853 887
-891 -880 869
-835 -919 838
-892 -894 862
-914 -913 940
-888 -880 903
-895 -906 935
-866 -895 836
-870 -860 875
-825 -824 885
-929 -925 916
-862 -853 884
-897 -838 920
-826 -835 921
-928 -825 939
-863 -937 932
-828 -868 896
-941 -934 868
-941 -885 859
-903 -828 869
-925 -841 898
-941 -831 830
-834 -918 858
-935 -848 854
-833 -911 860
-924 -824 934
-860 -838 923
100
-1000 -1000 1000
-3 -1 4
27 -39 -36
50 8 -44
-74 -24 -4
-55 23 -24
43 10 -49
81 21 0
-50 27 25
-76 -24 -2
26 -32 -44
53 0 -49
-77 23 -2
73 -3 -26
-71 -19 12
-40 -24 -38
-72 0 30
79 16 -7
-64 -36 2
-39 42 21
58 25 19
74 13 -15
38 -43 -21
57 -34 -11
-56 -38 -8
-48 37 -17
3 -49 50
98 -4 0
84 -9 -9
24 41 37
-43 24 35
55 -43 4
42 40 -20
41 -28 -33
-22 -32 -48
-43 -36 23
-28 -45 29
11 -45 46
-49 -16 -37
30 -35 37
32 -38 32
-44 10 48
-38 23 41
43 -22 -37
-56 11 35
93 6 -3
-48 -26 28
42 -23 37
54 16 32
64 34 -4
90 4 8
14 38 -50
44 -15 43
-35 18 -49
67 31 -4
94 -4 -4
-45 -32 25
53 -12 37
-74 -9 19
19 -33 -50
52 -32 -18
29 26 47
11 -43 -48
62 -40 0
-42 44 -16
59 26 17
76 18 -8
58 0 -44
69 7 26
-42 -50 -10
-41 -34 -27
33 -23 46
-64 5 33
80 2 -20
20 -33 -49
52 -3 -47
41 13 48
33 -39 30
-61 2 39
-27 -39 36
47 -45 10
27 26 -49
22 38 -42
-79 -5 18
28 -24 -50
37 -28 -37
-56 17 -29
-81 16 -5
-27 -31 44
-74 28 0
-76 -21 -5
75 4 23
63 -9 30
-61 5 -36
80 19 -3
-62 2 -38
37 -35 30
19 -36 47
17 47 -38
-40 -12 -50
69 30 -3
-40 20 42
88
-987 987 987
1000 -1000 -1000
-991 983 989
-987 986 992
-988 992 985
-982 990 983
-981 991 981
-981 989 992
-983 987 986
-981 988 990
-989 989 987
-992 983 981
-990 986 988
-985 990 983
-982 986 990
-992 981 993
-981 981 993
-985 984 983
-981 993 993
-986 990 992
-989 988 987
-984 986 985
-987 985 986
-982 981 992
-991 990 989
-993 988 991
-988 991 991
-989 990 986
-984 986 990
-989 985 988
-986 987 988
-991 989 981
-981 986 988
-986 990 983
-988 982 993
-984 983 983
-986 986 988
-990 988 981
-986 984 983
-986 987 982
-985 988 985
-989 983 985
-985 992 987
-984 992 986
-988 985 986
-992 983 991
-981 992 989
-983 983 981
-985 988 992
-984 984 987
-985 992 990
-989 987 993
-985 986 993
-982 985 990
-982 981 982
-983 991 984
-983 989 981
-989 993 986
-988 987 983
-992 985 981
-982 986 987
-993 989 990
-981 993 981
-989 992 981
-986 982 992
-983 993 985
-992 982 991
-992 983 984
-991 983 990
-987 987 991
-989 993 990
-993 989 985
-982 992 985
-983 989 985
-986 983 990
-986 981 985
-982 982 990
-992 985 983
-991 982 981
-986 990 982
-981 982 986
-990 992 985
-985 985 983
-988 992 984
-991 992 982
-986 992 989
-988 988 981
-993 990 981
-989 982 991
-981 990 982
100
1 4 1
1000 1000 -1000
-21 9 58
-23 0 65
-29 10 -49
-13 -20 -55
9 -40 -39
9 15 64
-37 -7 -44
10 0 -78
-7 -5 76
29 -9 -50
27 16 45
0 -30 -58
7 42 39
-40 12 36
10 1 77
14 -26 -48
24 9 -55
-30 -30 28
-19 0 69
8 -36 -44
30 -42 -16
-10 -37 41
-42 0 46
31 43 -14
5 26 -57
21 19 48
0 -19 69
-16 -8 -64
-24 22 42
-21 42 -25
40 -25 23
-3 21 -64
22 23 43
-19 35 -34
-24 14 -50
-5 1 82
-43 -18 -27
-19 -2 67
0 32 56
35 35 -18
-42 -27 19
36 -27 25
19 24 45
26 32 -30
-2 26 60
16 -5 -67
0 -35 -53
-42 26 -20
1 -7 80
42 9 -37
-15 13 -60
-20 26 -42
33 1 54
-11 -38 -39
-22 0 -66
-42 9 37
-25 40 23
-27 -40 21
19 -8 61
-28 -29 -31
-4 -5 -79
32 33 -23
-7 37 44
26 -1 61
6 16 -66
0 8 80
-6 6 -76
-13 6 69
40 -32 -16
-38 36 -14
-12 -43 33
-13 40 35
14 40 34
17 -17 -54
-40 25 -23
-26 36 -26
-26 -20 -42
-42 39 -7
10 32 -46
19 -1 -68
35 -23 -30
41 13 -34
-10 -22 -56
30 30 -28
4 24 60
-37 18 33
35 -43 -10
-7 -6 -75
19 -19 50
19 2 67
41 -29 18
24 -39 25
-40 6 -42
26 0 -62
34 -26 -28
33 -12 -43
-37 0 51
-39 17 32
12 21 -55
28 -13 -47
94
-1000 1000 -1000
947 -947 947
950 -922 927
967 -933 973
955 -961 966
972 -928 928
941 -958 927
972 -925 946
964 -952 934
961 -966 939
967 -958 933
955 -945 970
921 -964 928
937 -955 947
924 -971 924
956 -934 940
956 -946 923
930 -931 967
926 -958 924
948 -969 949
928 -947 963
930 -968 957
971 -933 966
935 -967 943
940 -938 951
931 -925 949
948 -925 931
932 -944 951
961 -923 932
936 -926 922
923 -971 931
937 -969 927
952 -948 956
934 -953 955
944 -955 949
948 -941 955
938 -953 937
946 -963 922
961 -965 925
952 -927 965
931 -950 967
959 -970 971
931 -935 959
959 -972 952
958 -947 965
966 -968 924
953 -931 952
948 -924 933
946 -965 954
969 -936 942
939 -947 965
922 -937 928
968 -933 959
938 -952 952
966 -952 965
953 -946 948
963 -964 926
963 -945 955
971 -927 928
930 -970 941
967 -935 966
922 -930 924
952 -932 937
959 -967 928
929 -939 961
942 -926 959
972 -970 944
930 -945 925
971 -926 955
950 -971 944
967 -935 956
951 -970 921
952 -930 938
941 -948 970
955 -940 960
968 -961 965
950 -962 947
944 -958 959
953 -960 924
972 -952 963
961 -924 959
950 -948 971
957 -940 962
931 -933 929
942 -959 966
923 -951 931
959 -950 931
944 -952 972
935 -967 926
930 -935 938
952 -972 932
934 -953 938
929 -929 943
925 -942 962
938 -950 937
942 -946 921
96
-1000 -1000 1000
980 980 -980
977 982 -988
985 985 -983
976 976 -985
973 985 -980
972 987 -984
989 982 -979
982 986 -986
979 985 -983
977 988 -985
976 979 -986
978 973 -980
987 979 -971
974 986 -985
988 983 -982
983 978 -984
988 978 -978
972 974 -986
989 981 -981
973 989 -988
987 988 -977
987 990 -979
981 984 -978
977 973 -987
985 972 -973
976 972 -987
976 985 -987
971 975 -972
987 981 -972
982 974 -985
978 973 -983
990 989 -978
976 982 -986
984 979 -981
978 980 -973
987 971 -980
977 974 -989
986 974 -981
986 980 -990
989 974 -971
982 989 -979
987 980 -975
976 976 -980
985 978 -984
979 971 -983
982 984 -973
978 984 -975
980 977 -973
990 982 -988
990 975 -981
982 977 -978
980 976 -988
971 985 -975
982 986 -988
972 989 -990
988 978 -990
986 990 -974
985 988 -975
982 973 -985
981 984 -986
982 984 -975
990 974 -990
978 980 -972
985 980 -980
980 976 -974
973 978 -988
971 976 -971
981 972 -974
984 974 -977
981 987 -989
971 975 -974
977 989 -981
982 979 -984
972 978 -971
990 987 -987
987 972 -982
977 973 -981
978 974 -980
981 972 -987
973 982 -985
971 982 -975
974 981 -977
980 972 -971
978 972 -981
976 980 -981
982 981 -985
985 977 -988
978 972 -976
984 982 -980
984 987 -990
987 987 -986
989 973 -976
982 990 -975
973 974 -990
983 982 -984
984 979 -982
972 990 -978
2
-384 146 206
-15 243 598
-796 280 -785
-807 194 -820
2
1000 -1000 -1000
-575 612 331
-574 612 331
-575 612 330
95
1000 -1000 1000
-983 983 -983
-990 982 -989
-978 988 -978
-990 978 -986
-981 976 -975
-979 976 -985
-987 986 -980
-986 981 -985
-984 979 -977
-978 986 -986
-990 985 -979
-984 982 -976
-987 982 -983
-979 977 -979
-991 977 -977
-991 987 -975
-985 988 -991
-975 982 -987
-976 984 -986
-990 977 -976
-986 986 -978
-985 979 -976
-981 979 -988
-991 989 -977
-986 976 -985
-982 980 -991
-981 987 -982
-990 977 -986
-989 986 -984
-981 979 -977
-986 982 -979
-988 976 -983
-988 978 -980
-982 981 -980
-982 986 -980
-983 976 -977
-989 980 -990
-991 985 -983
-981 985 -984
-988 983 -987
-987 979 -985
-986 985 -989
-984 983 -988
-984 985 -979
-975 985 -978
-991 985 -976
-979 988 -985
-980 975 -976
-987 977 -991
-988 987 -990
-977 989 -978
-982 979 -980
-984 977 -977
-984 977 -988
-975 989 -983
-988 990 -989
-988 976 -991
-987 982 -985
-984 990 -979
-976 987 -981
-986 989 -989
-987 983 -978
-989 983 -977
-978 984 -988
-975 981 -980
-982 980 -976
-981 985 -982
-976 983 -981
-980 985 -990
-983 988 -976
-986 991 -979
-978 975 -983
-985 984 -978
-979 982 -979
-988 991 -978
-981 977 -980
-991 991 -983
-983 980 -982
-981 982 -989
-984 985 -990
-986 988 -990
-991 988 -983
-982 988 -991
-976 981 -989
-981 986 -977
-984 979 -980
-988 991 -989
-981 978 -991
-984 980 -983
-983 990 -989
-987 982 -980
-988 985 -988
-979 978 -977
-991 980 -986
-979 988 -977
-981 989 -990
2
-1000 -1000 1000
118 358 -572
118 357 -572
118 358 -571
100
1000 1000 1000
1 -4 -3
31 5 45
10 -29 42
23 12 46
-11 -22 48
13 -3 -65
-11 -4 -66
9 3 69
-38 17 26
-18 14 -49
-21 -12 -48
-19 -22 -40
17 -14 -50
-19 -18 -44
0 22 -59
36 -16 -29
27 -12 -42
21 32 -28
-23 -11 47
9 7 -65
-6 -24 51
30 39 -12
-32 -33 -16
4 3 74
-7 16 -58
-13 -8 -60
4 14 -63
-34 10 37
12 16 53
37 16 -28
-30 -27 -24
0 35 -46
-24 14 -43
30 9 42
-23 18 40
0 32 49
-2 32 47
10 34 37
-4 -13 -64
-8 -2 71
-23 15 43
-23 21 37
38 -39 4
35 12 34
-22 23 -36
3 -23 -55
0 6 -75
17 -15 49
15 4 -62
-23 0 -58
-19 -24 -38
-3 23 55
19 2 -60
2 -9 70
-39 -24 -18
21 31 29
4 -16 -61
11 -31 39
4 -35 42
-35 14 32
-19 3 59
-6 29 46
37 38 6
39 37 -5
16 12 -53
35 -4 -42
5 -16 -60
9 -8 -64
39 -21 21
-29 -14 38
-35 -3 43
-20 28 -33
3 -39 -39
-34 11 36
-10 7 -64
39 -39 3
-32 -32 17
16 -11 -54
-13 3 -65
-20 22 39
13 -7 -61
4 0 -77
-14 17 -50
12 -9 60
-3 11 -67
-6 -39 36
-21 17 -43
-35 -5 -41
19 -15 -47
-39 30 -12
27 10 -44
17 1 -63
-27 -16 -38
34 29 18
19 23 39
-39 -18 24
-16 -25 40
14 -2 -65
-29 -4 -48
-16 12 53
20 -10 -51
98
1000 1000 1000
1 -2 -3
20 -9 17
18 21 7
15 17 -14
13 -13 -20
17 -18 -11
23 -13 -10
23 18 -5
-10 -16 20
-28 1 17
21 -5 20
-38 -3 5
-32 0 14
-28 7 11
8 -19 19
20 -14 12
-21 7 -18
34 6 6
-33 -9 4
17 19 -10
31 -5 -10
20 19 7
38 -4 -4
-26 -15 -5
21 -10 -15
29 -14 -3
-22 19 5
-41 2 3
17 14 -15
21 18 7
25 -10 -11
-17 -11 18
-33 2 -11
33 10 -3
30 3 13
24 0 -22
-27 -6 -13
-30 -7 -9
-30 1 15
-29 14 3
23 -8 -15
32 13 1
36 4 6
9 17 -20
-14 -22 -10
-35 -9 2
21 -11 14
-40 -3 -3
15 -17 -14
25 6 -15
-22 -13 11
-5 -21 20
-39 -1 6
8 22 -16
29 7 10
-40 5 -1
16 -19 -11
18 11 17
45 0 1
16 15 -15
-37 4 5
-23 7 16
35 -9 2
37 9 0
-23 -2 -21
27 1 -18
29 -5 -12
24 13 -9
24 -22 0
26 1 -19
43 -1 2
27 -9 -10
21 -11 -14
19 15 -12
16 22 -8
16 -22 8
-24 9 13
-27 -12 7
-17 14 15
-21 22 3
-7 17 22
-36 7 3
-26 0 20
27 -8 11
-23 4 19
21 15 10
22 12 -12
-8 -22 -16
-31 14 -1
-22 18 6
-22 -20 4
-42 2 -2
-26 15 -5
-11 -15 20
29 14 3
30 1 15
-16 -12 18
-27 11 8
20 -6 -20
9
0 0 0
-311 0 0
1000 999 1000
-111 0 0
999 999 999
999 1000 1000
999 1000 999
999 999 1000
1000 999 999
1000 1000 999
1000 1000 1000
91
-986 986 986
1000 -1000 -1000
-991 990 991
-983 988 987
-987 987 981
-987 989 992
-984 992 984
-993 980 988
-993 992 980
-989 990 981
-989 987 988
-985 985 989
-992 983 993
-989 993 984
-986 992 986
-987 989 985
-992 984 985
-985 991 985
-985 993 980
-983 991 981
-984 990 993
-993 984 983
-989 980 980
-989 985 983
-988 982 980
-980 985 985
-992 986 992
-992 989 980
-988 990 991
-985 985 986
-983 984 987
-982 985 986
-981 980 982
-982 984 984
-980 989 980
-992 983 985
-985 983 989
-989 987 991
-983 991 983
-993 985 991
-993 992 989
-992 992 988
-988 983 983
-984 984 981
-985 989 993
-991 986 984
-993 986 989
-980 992 982
-990 983 982
-980 981 987
-981 982 993
-991 982 992
-983 981 989
-981 982 984
-993 988 984
-992 990 991
-988 988 982
-993 981 984
-991 986 983
-980 991 989
-993 983 993
-983 990 981
-989 989 988
-990 990 981
-987 985 984
-981 988 983
-980 982 982
-992 982 988
-990 987 993
-986 980 984
-989 986 983
-993 993 993
-980 983 981
-987 985 990
-992 987 989
-993 991 985
-990 990 993
-987 990 985
-987 991 992
-980 989 991
-986 984 990
-983 989 981
-984 985 992
-987 981 989
-983 993 987
-987 983 986
-980 981 992
-980 981 993
-989 988 985
-987 980 983
-981 990 983
-985 985 993
-982 992 987
2
1000 1000 -1000
-948 -472 188
-948 -472 187
-948 -471 188
97
-5 -2 3
1000 1000 1000
-5 -12 -15
-17 -12 3
-28 3 -1
28 1 3
-12 12 8
7 10 -15
22 5 5
-17 14 -1
-6 -14 12
24 0 8
26 0 6
18 6 8
22 9 1
26 6 0
-9 10 -13
20 8 4
-15 -4 13
-9 -11 12
9 -14 -9
13 7 -12
17 1 -14
-13 6 -13
15 2 -15
25 4 3
-8 12 12
16 10 -6
9 10 13
9 13 -10
-7 13 -12
-24 -6 -2
21 -6 5
7 -10 15
-13 -10 -9
6 -11 -15
3 -14 -15
27 0 5
7 15 -10
4 -14 14
18 3 -11
-19 10 -3
-13 9 -10
-20 -1 11
-18 14 0
-21 -5 -6
23 -1 8
-9 -9 -14
12 14 6
-17 7 -8
8 -14 -10
-11 -14 7
18 -11 3
29 -2 -1
15 -5 -12
-7 14 -11
-10 14 8
5 14 13
13 -13 -6
9 8 -15
7 -13 -12
-3 14 15
16 -8 8
-31 -1 0
-23 -8 1
4 13 15
-13 -5 -14
18 3 11
15 2 15
12 -5 -15
-26 -5 1
14 6 -12
-18 10 -4
25 -4 3
-15 10 -7
-16 -8 8
11 12 -9
-16 -2 -14
14 4 -14
-22 -1 9
-21 -11 0
-17 -7 8
-24 -2 -6
24 -6 2
-26 0 6
-30 -2 0
16 -9 7
13 11 8
-31 0 -1
-13 5 14
-12 8 12
-10 -15 7
-21 7 4
-23 -3 6
21 4 7
-19 9 4
15 -9 -8
-16 9 7
-17 15 0
91
-1000 1000 -1000
982 -982 982
987 -980 989
983 -988 974
977 -985 975
974 -985 981
991 -979 987
986 -981 978
985 -989 982
981 -974 983
984 -991 989
975 -982 980
984 -977 985
988 -975 975
985 -984 976
977 -988 984
974 -984 979
974 -986 977
981 -990 986
982 -980 981
978 -982 977
982 -976 974
990 -976 990
980 -988 981
981 -986 980
984 -982 990
975 -981 990
983 -976 985
978 -986 987
985 -985 985
975 -974 974
979 -984 978
974 -988 976
975 -977 983
981 -983 982
979 -988 975
980 -987 978
980 -985 981
983 -976 974
991 -976 985
979 -988 986
987 -985 990
977 -984 980
981 -986 982
975 -988 988
977 -974 990
990 -982 980
979 -982 979
976 -977 979
984 -982 980
982 -983 982
988 -974 982
986 -977 986
980 -984 986
988 -977 986
985 -978 984
983 -989 984
991 -980 984
990 -984 981
977 -979 978
976 -985 989
987 -978 987
990 -984 987
979 -980 989
984 -975 983
987 -979 980
975 -974 979
984 -977 980
978 -991 974
991 -989 979
990 -974 987
988 -976 976
991 -986 976
977 -975 986
986 -989 986
979 -983 975
980 -991 987
984 -988 985
977 -991 979
988 -990 975
988 -975 989
988 -980 978
986 -975 987
987 -981 976
987 -990 976
977 -982 990
989 -984 978
982 -979 974
990 -979 982
983 -986 977
990 -975 975
974 -974 986
986 -980 987
78
-1000 -1000 -1000
5 -3 0
-1 -2 -8
-1 3 7
-4 3 -4
1 3 -7
0 2 -9
-1 1 -9
-4 -4 -3
2 0 -9
4 -3 -4
0 0 11
-3 -2 -6
-2 -2 7
-2 3 -6
-3 2 -6
2 -1 8
1 -1 9
0 2 9
-3 0 8
-1 0 -10
-4 -1 6
3 -3 5
-1 2 -8
-3 -2 6
4 0 7
1 -3 -7
-2 -3 -6
2 4 -5
-1 2 8
2 0 9
4 -1 -6
3 -4 4
0 4 -7
4 -3 4
-4 0 -7
1 1 9
4 4 3
-4 1 -6
0 -2 -9
1 0 -10
0 -4 7
-1 -3 7
-4 -2 -5
4 -4 -3
2 -2 -7
-3 1 7
3 2 6
-1 0 10
2 -4 5
1 -1 -9
-2 -3 6
4 2 5
1 -2 8
-4 0 7
-1 1 9
-1 -3 -7
-4 -4 3
4 2 -5
-2 4 5
0 4 7
4 0 -7
-2 -1 8
-2 -4 -5
0 -3 -8
4 3 -4
0 0 -11
3 4 -4
-3 -4 4
-2 0 9
-4 4 3
-3 -1 -7
0 -1 -10
-1 4 6
4 3 4
1 4 -6
-4 4 -3
-3 -3 5
2 1 -8
0 1 -10
2
-30 791 675
1000 -1000 -1000
-30 790 675
-30 791 674
99
2 3 0
-1000 1000 1000
37 32 5
-62 -8 4
-37 -23 -14
-34 8 32
-35 17 22
-35 6 -33
-13 28 33
66 -2 6
10 30 -34
-47 -10 17
49 -3 22
-30 -20 24
-50 -12 -12
34 23 -17
43 11 20
-30 27 -17
-50 19 -5
25 35 -14
32 -16 26
-26 -36 -12
-31 19 -24
26 -26 -22
-23 16 -35
25 -18 -31
-24 -27 23
-53 0 21
-23 -18 -33
36 27 11
-30 23 21
54 7 -13
42 20 -12
58 10 6
20 32 22
-36 -16 -22
-50 20 -4
-32 32 -10
29 35 10
7 35 32
13 -25 36
16 31 27
-19 -34 -21
-51 9 -14
-42 -14 18
-54 -16 -4
-25 35 -14
-53 -18 -3
27 -36 11
-19 -29 -26
-68 4 -2
37 31 -6
56 16 -2
43 -14 17
-11 -27 36
21 -23 -30
44 -24 6
-50 18 -6
22 -18 34
-30 -33 11
61 -5 8
36 28 -10
-25 34 15
-50 4 -20
-53 3 -18
37 -24 13
-39 16 19
-43 -17 14
-52 13 -9
-27 -25 -22
34 21 19
-39 23 12
-23 -29 -22
-41 30 -3
67 -7 0
55 -17 2
-38 -35 -1
-18 20 36
-4 34 -36
55 -12 7
54 -12 8
36 -36 -2
-39 -35 0
-47 -16 11
16 -29 29
41 32 -1
-25 -34 15
-24 -30 -20
38 -19 -17
43 26 5
-31 -26 17
40 18 -16
-45 29 0
51 -10 13
27 -23 24
35 -29 10
62 4 -8
44 -6 24
25 -32 17
-35 -29 -10
-51 -7 16
100
1000 -1000 1000
-5 5 4
83 0 -12
-29 46 -20
42 19 -34
64 -6 25
-52 -18 25
-40 -24 -31
-64 -19 12
74 5 -16
21 29 -45
38 -24 -33
-10 43 42
67 5 23
-74 -18 -3
-45 10 -40
-77 -2 16
38 43 -14
-79 10 -6
-77 -8 -10
-57 23 -15
-68 13 14
-65 4 -26
-27 -31 37
-34 25 36
54 -5 36
25 32 38
-75 8 12
37 -44 -14
-66 23 -6
-17 45 33
-66 26 3
-63 31 1
68 -25 2
-40 -24 31
80 4 -11
-50 31 -14
52 -28 15
-70 -14 11
65 -28 -2
62 23 -10
-51 -12 -32
-49 -15 -31
30 41 -24
-47 -4 -44
51 -26 18
57 -7 -31
-47 33 15
22 -35 38
40 -21 34
45 -46 4
-55 -22 -18
62 28 5
69 9 17
-35 28 -32
-67 24 -4
92 0 -3
37 37 -21
-55 -30 -10
48 -10 37
-30 -25 40
-25 -24 -46
-54 -38 3
56 18 -21
-50 40 5
23 -27 -45
-44 -16 -35
-74 -4 17
50 33 -12
44 -26 25
56 -20 19
63 15 -17
-32 -34 -29
25 -26 44
61 -25 9
24 41 30
-53 6 -36
-66 22 7
-19 40 -36
-36 -16 -43
-48 43 -4
-62 16 17
77 17 1
-47 7 -41
-63 32 0
53 -29 13
-16 -46 33
70 8 -17
-37 -24 -34
-58 36 1
69 12 -14
-49 -24 -22
33 -42 20
-39 -32 -24
-57 -19 -19
-30 -22 43
-36 -13 46
46 -5 44
-37 -30 -28
-32 -21 -42
70 -10 15
-61 34 0
9
0 0 -311
0 0 0
1000 -1000 999
1000 -1000 1000
999 -1000 1000
0 0 -111
999 -999 999
999 -999 1000
999 -1000 999
1000 -999 1000
1000 -999 999
98
3 0 2
-1000 1000 -1000
0 -24 22
-5 25 16
0 36 10
-4 -27 15
19 19 8
-11 35 0
5 23 -18
-15 31 0
-4 -31 -11
-11 -34 -1
-4 -36 -6
17 15 14
0 -26 20
-1 30 15
-17 9 -20
-20 21 5
3 32 11
11 -23 -12
13 -18 15
-1 34 11
12 12 22
18 20 -8
-19 25 2
-11 18 -17
-5 -40 1
-11 -17 -18
-11 -35 0
8 22 -16
2 40 4
-18 25 -3
-16 11 19
10 30 -6
10 17 -19
1 43 2
-11 19 -16
-7 29 -10
20 -25 1
3 -38 -5
-18 8 -20
-1 40 -5
-22 8 -16
20 -23 3
-4 42 0
9 -30 -7
0 34 -12
-11 -21 -14
16 8 22
-7 27 -12
-11 33 2
-10 -21 15
-13 21 12
-8 -35 3
20 9 -17
-4 38 -4
6 32 -8
18 -23 5
-3 -26 -17
-3 32 -11
14 22 -10
0 -29 17
-1 44 1
0 -38 8
11 18 -17
-21 -13 -12
14 -17 -15
15 10 21
16 19 11
0 -41 -5
11 -14 -21
15 -14 17
-7 21 18
-18 -27 1
4 -25 -17
20 26 0
8 -27 11
-13 25 -8
-10 23 13
-15 27 4
11 23 -12
20 11 15
4 -40 -2
-21 -8 17
-7 -25 -14
0 -26 -20
-10 28 8
5 -22 19
15 14 -17
-21 -24 1
-22 -12 12
-13 -33 0
-18 28 0
-12 -13 -21
-2 -32 12
-5 -37 4
15 -16 15
17 -18 11
9 -18 19
19 -19 -8
4
0 0 0
0 300 0
-1000 -1000 -1000
-1000 -1000 1000
1000 -1000 -1000
1000 -1000 1000
2
852 616 -456
-1000 -1000 1000
851 616 -456
852 615 -456
2
-1000 -1000 1000
1000 1000 -1000
999 999 -1000
999 1000 -1000
2
-1000 -1000 1000
1000 1000 -1000
999 1000 1000
999 1000 999
2
858 186 588
-1000 -1000 -1000
857 186 588
858 185 588
100
-1000 -1000 1000
5 -2 -1
31 -24 -12
-24 18 -25
30 20 -17
32 -13 22
15 -23 -29
13 -47 7
32 -35 0
-18 -32 17
20 44 -3
19 -45 3
24 28 -15
16 -49 2
25 39 3
21 35 11
10 -48 9
-14 44 9
-30 -5 -32
-4 -35 -28
6 -40 21
29 -17 21
18 42 -7
-23 -34 -10
15 -23 29
-6 -39 -22
-16 -28 -23
-20 -31 -16
-27 -14 26
-22 33 -12
17 -28 22
-3 -43 -21
-31 -13 23
32 34 -1
-25 24 -18
27 -16 24
14 49 -4
9 57 -1
-1 -60 6
18 30 -19
-8 36 -23
-30 -28 9
-7 -49 11
8 53 -6
30 -18 -19
4 -39 24
-31 -29 -7
21 46 0
14 28 25
30 15 -22
-14 42 11
-9 -42 16
8 38 21
-12 -23 -32
13 28 26
-14 -22 -31
7 36 24
-1 50 16
27 10 30
-28 36 -3
30 -17 -20
15 26 26
-1 -41 -25
18 -25 24
-10 -46 11
15 -35 -17
-9 -49 9
19 32 16
-4 -43 20
-12 39 -16
-25 42 0
3 49 -15
10 43 14
2 -62 3
-32 21 -14
-21 18 -28
23 -15 -29
-19 -42 6
-3 62 2
3 -60 -4
30 37 0
-14 -24 29
-16 28 23
9 57 1
21 21 -25
22 -22 -23
28 32 7
21 27 -19
-11 -33 -23
-24 -15 -28
23 14 30
-22 -37 -8
-21 18 28
18 -28 -21
-12 44 11
26 37 -4
5 -38 24
-7 -49 -11
9 31 27
26 -37 -4
-2 50 -15
-31 16 -20
91
1000 -1000 1000
-855 855 -855
-804 859 -818
-915 873 -788
-841 883 -912
-897 916 -906
-914 790 -832
-875 837 -816
-897 849 -795
-827 866 -855
-830 852 -882
-834 863 -896
-904 829 -886
-919 838 -830
-861 898 -855
-840 802 -843
-810 826 -835
-842 889 -816
-883 909 -914
-833 915 -918
-926 861 -855
-816 843 -812
-790 920 -848
-922 793 -924
-884 856 -860
-788 783 -890
-825 820 -918
-858 900 -925
-899 786 -851
-814 892 -904
-844 893 -896
-797 849 -894
-834 877 -871
-867 845 -871
-856 874 -908
-837 883 -833
-785 913 -907
-804 831 -873
-914 787 -790
-785 848 -897
-821 800 -873
-851 821 -790
-904 878 -870
-904 801 -867
-799 800 -902
-815 859 -872
-814 887 -879
-899 868 -857
-789 805 -860
-862 823 -921
-806 834 -887
-811 881 -823
-816 787 -847
-912 786 -798
-842 860 -889
-838 906 -902
-827 794 -785
-917 839 -872
-829 869 -829
-905 826 -893
-891 868 -836
-903 845 -898
-848 924 -889
-822 848 -832
-879 820 -897
-866 795 -843
-899 921 -924
-840 921 -903
-805 838 -921
-911 906 -793
-833 832 -892
-894 881 -789
-802 844 -856
-842 882 -802
-905 923 -791
-815 885 -798
-878 832 -887
-873 795 -900
-925 788 -905
-790 915 -883
-807 927 -866
-910 837 -861
-852 785 -870
-793 913 -814
-854 833 -927
-840 794 -902
-867 883 -881
-853 887 -901
-873 807 -872
-902 895 -866
-794 872 -785
-788 847 -890
-922 891 -795
91
-1000 -1000 1000
978 978 -978
968 970 -983
968 973 -974
980 971 -977
972 989 -988
972 986 -982
987 982 -973
987 971 -983
982 971 -979
968 976 -979
983 970 -981
982 989 -972
988 985 -969
978 988 -989
988 972 -971
987 982 -989
969 982 -969
989 980 -971
976 978 -973
978 976 -974
975 970 -982
987 978 -969
981 971 -974
977 969 -985
979 988 -979
980 975 -985
983 977 -976
986 985 -978
975 989 -980
978 969 -975
984 985 -984
989 976 -980
989 979 -985
981 968 -977
981 971 -981
977 988 -976
983 982 -982
985 985 -969
972 973 -989
985 970 -976
988 972 -981
973 968 -986
977 985 -981
987 986 -983
976 974 -968
987 976 -980
968 980 -982
978 972 -979
968 973 -969
973 982 -970
979 969 -974
972 969 -973
968 988 -986
981 970 -977
982 989 -986
970 976 -984
972 980 -976
980 969 -983
982 988 -970
978 984 -971
984 980 -986
972 987 -973
981 975 -989
981 984 -973
979 976 -983
976 979 -978
971 975 -968
988 976 -987
978 977 -980
986 981 -971
979 976 -969
976 987 -986
985 974 -968
974 975 -989
978 977 -984
984 987 -971
979 984 -976
987 984 -983
973 979 -977
969 984 -982
989 984 -973
969 974 -978
981 974 -977
978 989 -982
968 975 -986
978 970 -981
978 989 -977
974 975 -979
984 982 -979
974 980 -974
981 973 -982
971 984 -976
90
1000 -1000 1000
4 1 4
-1 -3 14
2 -2 14
6 0 12
-3 8 7
0 4 14
-8 6 -4
-8 6 4
-6 6 6
7 8 3
-4 3 11
-5 -8 5
-6 5 7
-8 -8 2
0 7 -11
-6 7 -5
3 -5 10
2 0 -16
-6 8 4
-7 0 11
3 8 7
0 -2 -16
3 2 13
7 1 -10
8 0 10
3 5 -10
-4 -3 -11
0 -3 15
2 -1 -15
-8 -8 -2
-3 7 8
-7 -2 9
1 2 15
6 3 -9
0 1 17
-6 0 12
-3 5 10
7 2 -9
-1 7 -10
-8 5 -5
-5 0 13
4 -2 -12
-6 1 11
2 1 -15
-7 -1 10
6 -2 -10
-6 -7 -5
-1 5 12
-2 -8 8
5 2 11
5 -1 -12
8 -2 8
3 -3 -12
1 5 -12
0 -2 16
7 -6 -5
0 0 -18
-4 -2 -12
0 2 16
4 7 7
0 -8 10
0 0 18
-7 8 3
-2 -8 -8
6 -1 -11
-8 2 8
-3 1 14
0 5 -13
-8 3 -7
-8 -6 4
5 -2 11
6 8 4
2 6 -10
-7 -5 6
-6 -3 9
6 -2 10
-5 6 -7
-6 2 10
-4 3 -11
-6 0 -12
7 0 -11
-2 5 11
4 4 10
0 8 10
4 -4 -10
-8 -6 -4
-4 0 -14
4 0 14
1 -3 -14
8 -5 5
-5 -6 7
2
-224 348 532
-808 349 334
-927 413 -823
-828 462 -866
99
0 5 -4
-1000 -1000 1000
5 7 -41
-19 -15 -19
13 11 -29
0 -22 31
13 23 17
0 24 -29
-1 -17 35
11 -18 24
-18 -25 10
12 -17 24
0 -16 37
-1 12 40
9 -20 24
23 8 -22
20 -4 -29
-23 -22 8
-24 20 9
-10 -14 29
14 -1 -38
-24 -20 -9
5 -14 -34
-16 2 -35
0 16 -37
-25 -8 20
-16 19 -18
12 19 -22
-7 25 -21
-8 15 30
-16 22 15
15 22 16
-12 2 -39
-25 25 3
-5 9 -39
21 19 -13
9 -16 28
18 -14 21
9 -18 -26
20 -10 23
17 -13 -23
-24 -5 -24
-5 25 23
-18 -8 27
-6 18 29
22 21 -10
13 -10 30
-21 -9 23
-13 -25 -15
-12 25 16
23 -7 -23
14 -3 -36
-25 1 27
-2 -19 32
-14 -1 38
-11 -9 -33
-23 -21 9
-21 11 -21
-13 -8 32
-23 -14 -16
-16 10 27
-10 17 -26
-19 10 24
4 -23 26
-14 -9 -30
12 -17 -24
-2 22 -29
-7 -22 24
-15 10 28
-17 6 30
-13 12 28
-12 19 -22
15 -21 17
-21 8 24
2 -11 -40
0 -5 -48
-8 -21 -24
0 -20 -33
-25 -9 19
-16 4 -33
17 -11 25
-16 -21 -16
24 14 15
14 -15 24
16 19 18
15 -5 33
-19 6 -28
-16 20 -17
-19 21 -13
17 10 -26
-11 4 38
-5 -15 33
18 -13 -22
-9 -10 -34
-5 -8 -40
-1 -6 46
-17 -24 -12
15 -17 -21
12 22 -19
-18 -13 22
-17 -12 24
91
-974 974 -974
1000 -1000 1000
-986 982 -970
-973 986 -983
-965 963 -967
-986 966 -969
-965 983 -985
-973 967 -972
-978 970 -982
-968 962 -964
-980 979 -978
-969 974 -976
-965 973 -976
-982 963 -986
-981 963 -966
-977 985 -964
-970 979 -985
-963 965 -984
-979 979 -971
-979 982 -980
-972 979 -962
-981 966 -973
-977 981 -980
-962 973 -962
-980 970 -963
-974 975 -975
-984 965 -973
-983 981 -982
-969 973 -987
-978 972 -986
-985 977 -976
-977 987 -984
-976 972 -976
-985 981 -962
-970 986 -965
-983 985 -971
-962 978 -970
-962 969 -985
-980 972 -981
-983 985 -966
-963 979 -965
-967 985 -986
-968 985 -981
-980 973 -974
-969 962 -981
-969 977 -978
-982 985 -987
-969 965 -974
-986 968 -978
-972 987 -978
-983 979 -983
-981 966 -979
-972 975 -977
-970 965 -983
-973 974 -964
-968 982 -983
-986 983 -977
-981 987 -980
-974 964 -978
-987 985 -973
-970 967 -967
-967 971 -964
-979 981 -979
-980 965 -985
-962 963 -965
-968 982 -968
-977 970 -962
-965 964 -967
-985 969 -970
-967 966 -965
-969 987 -980
-976 970 -968
-974 977 -973
-966 984 -962
-964 976 -976
-980 979 -980
-983 983 -980
-972 983 -985
-981 985 -966
-985 972 -973
-968 963 -974
-970 975 -968
-967 967 -986
-984 967 -977
-970 984 -976
-964 982 -977
-981 971 -973
-985 984 -976
-973 983 -966
-963 983 -978
-971 970 -969
-983 963 -962
-979 965 -984
95
-1000 1000 1000
869 -869 -869
896 -865 -863
865 -833 -823
864 -853 -816
839 -854 -834
808 -867 -906
822 -806 -898
878 -836 -856
867 -813 -912
910 -922 -927
867 -928 -859
818 -875 -819
818 -856 -904
925 -895 -849
814 -922 -884
871 -903 -805
910 -845 -878
849 -916 -914
817 -896 -874
809 -870 -876
868 -847 -917
837 -929 -904
822 -820 -923
872 -837 -908
928 -872 -811
933 -839 -811
885 -857 -830
852 -851 -806
903 -806 -831
904 -806 -883
865 -805 -853
879 -905 -891
925 -914 -890
885 -879 -876
874 -870 -892
915 -920 -816
913 -900 -927
927 -808 -869
865 -881 -861
806 -882 -836
875 -890 -897
815 -821 -808
916 -871 -810
822 -920 -854
918 -809 -900
849 -900 -906
927 -898 -857
822 -873 -820
826 -852 -933
863 -815 -850
893 -901 -809
912 -805 -809
902 -871 -830
918 -934 -860
860 -924 -929
932 -867 -917
925 -868 -921
908 -885 -901
837 -900 -833
869 -895 -929
809 -808 -860
924 -931 -888
814 -864 -920
908 -834 -915
919 -832 -882
807 -870 -882
892 -923 -898
869 -890 -892
809 -860 -894
861 -830 -916
852 -885 -917
884 -878 -901
880 -880 -823
818 -838 -907
852 -849 -894
867 -907 -895
915 -816 -932
906 -921 -828
908 -912 -894
861 -832 -917
933 -877 -823
855 -834 -916
894 -861 -913
806 -914 -892
826 -853 -807
901 -851 -869
899 -925 -807
906 -859 -923
897 -831 -838
828 -872 -902
814 -857 -896
894 -813 -893
887 -858 -851
931 -806 -827
815 -869 -821
818 -867 -915
90
990 -990 -990
-1000 1000 1000
986 -995 -988
989 -987 -995
989 -995 -993
989 -995 -989
995 -994 -995
988 -986 -987
986 -987 -990
994 -992 -990
986 -994 -995
986 -987 -989
987 -991 -989
986 -995 -986
993 -991 -992
991 -988 -989
993 -994 -989
988 -987 -988
989 -989 -994
993 -991 -995
987 -993 -987
993 -986 -987
990 -992 -992
991 -988 -992
990 -995 -991
989 -990 -989
995 -995 -993
989 -992 -995
990 -989 -989
989 -987 -987
992 -991 -993
987 -991 -992
989 -995 -992
988 -995 -994
992 -995 -992
986 -995 -990
986 -989 -988
992 -987 -988
995 -988 -991
992 -989 -987
987 -993 -988
991 -994 -989
987 -995 -989
988 -990 -994
988 -988 -989
988 -991 -993
993 -986 -990
991 -993 -992
991 -987 -986
990 -987 -994
990 -995 -995
987 -989 -990
993 -995 -990
993 -989 -993
991 -989 -994
991 -990 -988
986 -995 -992
992 -993 -988
995 -990 -987
994 -993 -990
991 -987 -990
990 -990 -987
989 -993 -987
986 -991 -995
993 -989 -989
989 -994 -986
992 -992 -992
989 -987 -993
991 -995 -993
986 -994 -990
994 -992 -993
994 -991 -991
994 -989 -986
986 -988 -987
995 -991 -986
989 -986 -995
989 -994 -987
988 -994 -993
988 -992 -987
994 -987 -987
992 -989 -988
987 -990 -992
986 -994 -992
987 -993 -992
994 -989 -991
989 -991 -994
986 -989 -986
986 -994 -989
991 -995 -989
991 -988 -987
986 -988 -988
995 -993 -989
100
2 3 -4
-1000 1000 1000
-23 -17 20
40 16 -4
28 -8 -24
15 -29 -16
-9 -24 -27
36 -7 17
18 -23 19
38 -5 -17
23 23 14
-25 15 -20
37 14 9
49 6 5
49 -1 10
39 0 21
27 -24 -9
50 4 6
-29 27 -4
58 0 2
-26 -14 20
-14 -26 -20
-21 22 -17
39 -10 11
-28 -21 -11
-34 -24 -2
-14 -23 -23
-41 -13 6
31 -16 -13
37 6 17
50 7 3
-21 -28 -11
-30 1 -29
29 11 20
-27 15 -18
41 -4 15
-45 11 4
-32 -1 -27
27 27 -6
41 17 -2
-26 12 22
-20 -22 18
40 13 -7
32 -17 -11
-49 6 5
-14 19 -27
29 -27 4
8 -26 -26
-12 27 -21
20 29 11
17 19 24
41 9 -10
16 -15 29
31 6 -23
-38 15 7
-22 -29 -9
27 -25 8
-33 -23 4
13 -27 -20
-37 -21 2
52 0 -8
-18 15 27
-22 -11 -27
43 1 -16
29 -15 16
-30 -21 -9
-24 19 17
-36 -22 2
34 -23 -3
-24 -25 11
20 14 -26
-3 29 -28
-55 1 -4
-9 26 -25
-12 -24 24
31 -21 -8
-47 1 12
-48 0 12
-38 7 -15
13 24 23
37 -23 0
50 -5 -5
38 19 -3
-40 20 0
-49 2 -9
-7 -27 26
28 26 6
-27 19 14
-18 19 23
42 -12 6
40 -18 -2
-30 -25 -5
-55 0 -5
22 -20 -18
-7 -24 29
22 -9 29
50 -2 8
38 4 18
-41 -12 7
33 -11 16
-47 1 -12
48 5 7
100
941 -941 -941
-1000 1000 1000
957 -937 -924
965 -933 -936
956 -938 -948
945 -965 -944
931 -940 -935
963 -919 -957
938 -952 -962
958 -969 -930
932 -929 -928
949 -956 -927
969 -951 -943
962 -947 -945
950 -925 -917
927 -914 -945
915 -944 -960
919 -942 -951
914 -959 -969
938 -929 -931
925 -924 -960
962 -945 -969
948 -955 -943
949 -919 -923
934 -940 -947
970 -924 -944
929 -961 -941
970 -930 -957
953 -965 -917
943 -923 -918
933 -918 -942
935 -924 -924
929 -957 -945
952 -913 -936
917 -929 -960
935 -927 -930
935 -918 -968
967 -957 -930
962 -926 -958
940 -944 -919
918 -923 -949
965 -918 -950
959 -913 -942
924 -941 -953
944 -967 -914
920 -963 -932
954 -918 -959
927 -951 -917
936 -958 -961
948 -968 -924
955 -934 -949
957 -935 -914
926 -946 -914
958 -963 -931
948 -960 -967
946 -933 -926
939 -966 -936
933 -955 -970
955 -931 -929
963 -920 -917
942 -964 -923
957 -927 -913
957 -942 -965
932 -915 -961
950 -951 -915
958 -940 -956
938 -967 -936
944 -921 -918
931 -930 -914
933 -959 -918
939 -920 -919
935 -940 -942
943 -944 -925
945 -951 -967
916 -938 -920
939 -941 -963
950 -922 -945
945 -958 -961
968 -943 -949
916 -939 -915
919 -960 -917
957 -948 -954
912 -940 -929
955 -925 -966
925 -922 -949
915 -959 -960
944 -936 -916
955 -970 -966
939 -927 -920
916 -955 -947
925 -942 -923
934 -953 -936
929 -951 -952
937 -951 -947
969 -944 -916
924 -931 -927
922 -967 -941
950 -968 -926
945 -953 -949
966 -965 -933
953 -931 -920
915 -934 -969
94
1000 -1000 1000
-893 893 -893
-843 863 -895
-892 880 -946
-868 870 -940
-886 936 -851
-908 941 -878
-886 935 -943
-869 849 -926
-857 941 -928
-912 857 -939
-946 888 -899
-851 849 -897
-914 904 -855
-931 946 -877
-901 865 -847
-867 882 -869
-841 877 -865
-862 870 -855
-878 874 -912
-909 848 -887
-928 857 -844
-892 939 -904
-844 942 -850
-920 912 -933
-842 928 -919
-873 871 -885
-846 896 -851
-939 857 -915
-879 894 -852
-917 897 -864
-942 849 -897
-900 933 -847
-912 861 -872
-856 897 -920
-853 853 -868
-913 932 -910
-923 849 -917
-941 861 -859
-898 945 -869
-865 933 -891
-849 883 -930
-877 933 -848
-894 940 -880
-910 912 -938
-848 843 -902
-917 875 -927
-885 892 -912
-891 913 -862
-866 896 -927
-881 847 -846
-937 927 -927
-941 925 -907
-844 855 -916
-918 928 -906
-840 912 -936
-895 933 -915
-928 855 -874
-866 920 -946
-907 863 -931
-848 878 -936
-933 933 -896
-840 897 -881
-882 946 -867
-902 852 -867
-918 882 -897
-846 916 -874
-858 902 -934
-902 890 -875
-924 920 -851
-943 854 -844
-853 889 -892
-878 867 -862
-894 856 -937
-911 853 -870
-939 920 -877
-850 925 -942
-863 942 -922
-936 843 -919
-900 941 -869
-852 924 -902
-895 891 -884
-932 861 -925
-890 864 -911
-904 844 -888
-854 848 -893
-875 900 -899
-865 867 -859
-877 894 -908
-940 931 -857
-941 879 -910
-936 907 -941
-891 910 -886
-883 932 -896
-893 902 -862
-854 873 -934
93
-707 707 -707
1000 -1000 1000
-794 823 -668
-572 684 -709
-791 778 -757
-805 833 -685
-768 637 -764
-740 734 -809
-751 762 -845
-807 666 -715
-723 756 -719
-799 783 -639
-730 732 -671
-789 680 -756
-652 736 -562
-611 577 -639
-605 584 -605
-744 603 -599
-710 723 -715
-829 751 -736
-765 833 -733
-782 769 -803
-643 796 -738
-736 776 -634
-579 769 -787
-710 749 -674
-782 809 -845
-827 624 -729
-613 675 -756
-657 622 -731
-852 752 -561
-746 719 -683
-693 610 -725
-774 727 -563
-620 587 -579
-713 640 -758
-749 777 -749
-640 687 -701
-763 751 -795
-735 571 -599
-681 812 -809
-835 728 -664
-805 646 -767
-653 703 -562
-690 652 -736
-707 787 -707
-739 763 -780
-736 627 -672
-618 710 -731
-708 609 -651
-634 771 -760
-626 661 -827
-731 768 -791
-802 596 -672
-565 673 -617
-676 603 -617
-620 801 -739
-710 852 -672
-852 596 -708
-729 791 -847
-852 674 -770
-632 844 -832
-697 826 -652
-622 582 -630
-789 737 -831
-568 757 -725
-757 710 -578
-740 583 -700
-723 604 -671
-639 814 -825
-797 674 -621
-647 811 -619
-575 694 -729
-746 814 -741
-839 817 -785
-613 760 -588
-791 596 -825
-754 845 -845
-819 638 -837
-600 739 -709
-669 844 -570
-799 813 -682
-600 617 -682
-662 697 -594
-570 772 -720
-801 714 -688
-607 652 -590
-849 598 -670
-624 827 -655
-570 652 -677
-792 709 -829
-598 688 -561
-821 595 -619
-830 595 -846
-747 713 -682
2
-1000 -1000 -1000
1000 1000 1000
-999 1000 999
-999 1000 1000
97
1000 1000 -1000
-920 -920 920
-892 -902 898
-904 -913 946
-959 -949 948
-881 -941 892
-887 -936 936
-892 -934 935
-953 -943 891
-958 -904 936
-916 -916 886
-906 -944 921
-886 -953 915
-883 -955 881
-917 -955 931
-886 -898 935
-945 -917 924
-956 -952 919
-904 -911 926
-886 -936 891
-884 -926 932
-918 -894 908
-950 -931 884
-943 -942 943
-936 -943 904
-895 -920 917
-885 -949 890
-911 -888 925
-891 -931 900
-915 -901 884
-899 -958 901
-957 -920 886
-892 -917 887
-917 -905 912
-931 -894 956
-892 -893 943
-935 -936 897
-924 -913 913
-945 -933 917
-925 -932 949
-881 -951 934
-924 -924 936
-885 -943 907
-951 -911 906
-952 -905 935
-891 -957 901
-954 -886 901
-960 -907 899
-919 -895 917
-895 -947 946
-935 -928 882
-923 -894 928
-936 -953 897
-919 -899 949
-926 -890 935
-909 -958 946
-923 -956 888
-928 -919 946
-901 -945 958
-922 -919 929
-912 -912 906
-881 -901 926
-935 -942 920
-882 -895 899
-909 -905 902
-958 -917 955
-947 -910 894
-952 -885 948
-935 -942 941
-924 -894 953
-904 -942 936
-913 -950 889
-885 -919 942
-908 -911 881
-889 -930 906
-933 -950 912
-885 -910 888
-919 -958 946
-888 -887 956
-942 -913 923
-946 -886 925
-888 -940 907
-934 -925 882
-950 -943 948
-943 -938 921
-897 -886 922
-935 -936 913
-891 -951 960
-929 -959 945
-943 -895 933
-918 -952 883
-889 -893 904
-955 -959 960
-952 -893 926
-924 -957 941
-905 -892 904
-947 -883 929
-889 -917 960
-891 -887 943
94
1000 -1000 -1000
-606 606 606
-777 430 763
-694 503 639
-762 580 742
-512 646 719
-514 630 742
-711 638 691
-532 533 452
-533 619 544
-491 461 509
-635 731 688
-738 590 657
-648 719 779
-492 673 666
-497 504 706
-603 518 434
-529 612 645
-443 763 599
-492 448 443
-637 725 692
-584 739 714
-716 681 413
-692 679 541
-626 716 502
-674 765 500
-761 584 560
-652 788 485
-437 596 734
-478 422 741
-652 555 645
-674 614 625
-607 745 695
-767 517 574
-555 475 702
-423 775 531
-435 590 560
-436 627 790
-506 565 660
-543 722 438
-776 734 694
-595 799 749
-461 741 495
-720 520 780
-416 774 569
-727 410 566
-785 739 583
-566 609 687
-533 603 796
-699 686 462
-655 648 559
-746 448 425
-540 774 413
-468 626 433
-512 584 734
-535 458 543
-739 757 777
-481 440 663
-622 469 587
-555 532 506
-634 484 605
-460 794 410
-758 617 791
-530 669 539
-552 742 535
-418 766 803
-411 535 683
-522 568 541
-688 676 716
-565 540 760
-771 433 762
-732 481 698
-624 524 582
-614 791 792
-581 684 491
-699 633 780
-791 537 695
-552 578 461
-474 448 673
-600 734 597
-521 526 785
-612 577 437
-699 722 746
-418 524 798
-674 581 582
-493 570 787
-598 770 611
-789 781 727
-511 732 576
-747 593 531
-689 802 720
-777 467 699
-677 701 598
-787 767 646
-797 706 764
-574 525 715
8
0 311 0
0 0 0
-1000 -999 999
-999 -1000 1000
-1000 -999 1000
-1000 -1000 999
-999 -999 1000
-999 -999 999
-1000 -1000 1000
-999 -1000 999
4
0 300 0
0 0 0
-1000 -1000 -1000
1000 -1000 1000
-1000 -1000 1000
1000 -1000 -1000
95
-1000 -1000 -1000
760 760 760
770 675 718
671 820 837
788 829 745
799 849 811
727 785 879
765 675 826
702 768 777
787 686 866
760 672 762
705 743 859
733 793 846
764 666 734
720 845 660
790 790 722
708 663 691
688 839 828
745 858 714
740 674 763
669 756 772
816 689 696
847 694 651
668 847 729
796 786 779
645 660 663
683 807 779
671 802 772
717 811 873
688 784 728
687 672 876
659 760 756
700 713 807
810 865 695
708 712 657
731 693 796
708 845 867
671 846 810
789 701 739
790 662 714
847 738 838
646 828 749
641 787 785
696 699 739
725 691 856
808 840 702
743 735 683
865 849 841
729 722 692
670 711 706
669 772 700
685 877 661
741 722 862
856 875 735
688 644 745
667 807 727
827 763 723
833 744 713
843 682 709
724 695 803
753 813 807
695 673 653
778 862 650
743 860 668
671 666 704
648 718 703
831 877 658
832 830 828
709 805 770
795 751 783
805 877 747
682 857 667
807 792 742
706 873 750
840 704 828
831 762 670
676 861 759
681 842 790
838 663 868
762 781 782
865 834 820
798 781 768
678 677 773
814 847 737
854 768 796
846 752 838
810 696 836
675 731 821
868 703 684
723 784 840
750 707 854
739 694 717
665 735 798
666 740 818
719 834 691
836 815 760
861 771 710
100
1000 1000 -1000
-1 -5 4
11 -42 -7
21 -33 6
27 -12 -21
8 41 -11
-5 -53 2
16 33 11
-23 9 28
28 13 -19
-12 -22 26
27 9 24
27 31 2
5 51 -4
-26 5 -29
-7 -25 28
-7 40 -13
26 15 19
-7 -39 14
7 34 19
-13 34 13
18 29 -13
6 -47 -7
-27 32 -1
-20 35 5
-2 -42 16
-28 23 9
10 38 12
25 20 15
-21 12 27
20 12 28
24 -30 6
15 19 26
25 -35 0
-17 27 -16
-17 21 22
13 47 0
18 30 -12
4 29 -27
25 26 9
-14 39 7
-28 -13 -19
6 -53 -1
-15 -36 9
16 42 2
25 7 28
4 -30 -26
4 -27 -29
6 -43 -11
-5 46 -9
-28 -3 -29
-28 17 15
-16 40 -4
-23 -37 0
-4 -49 -7
18 -34 -8
10 -28 22
4 34 22
4 39 -17
18 34 -8
-17 31 -12
17 -32 -11
-17 26 17
22 -30 -8
22 -11 27
8 38 14
12 40 -8
-10 35 -15
-17 -32 -11
18 -14 28
-26 29 -5
-3 -44 13
-22 30 -8
26 -28 6
6 34 20
0 59 -1
17 -24 19
-25 32 3
7 29 24
-7 42 -11
20 39 -1
-27 -28 5
-22 22 16
22 -18 20
1 47 12
16 17 27
3 41 16
19 34 7
28 -5 27
13 43 -4
-17 23 20
-19 28 -13
-27 21 -12
-5 -51 -4
-10 -27 -23
-26 -14 -20
6 -27 -27
13 -44 -3
17 -18 -25
0 -40 -20
1 38 21
-29 -18 -13
97
1000 1000 -1000
0 -1 5
10 5 -24
2 16 -21
16 15 -8
3 -2 -34
3 1 35
-2 -2 35
-14 6 -19
-1 -17 -21
9 17 -13
6 5 28
-4 -5 -30
-11 13 15
-4 -2 -33
-10 16 13
-15 -6 -18
-7 -11 -21
-2 -3 -34
14 13 -12
-15 7 17
17 12 -10
1 -15 -23
-3 -10 -26
-12 -11 -16
16 -10 13
16 -14 9
6 -12 -21
-15 18 6
-16 -8 15
-16 0 23
-3 7 -29
7 -8 24
-12 -8 19
-7 6 -26
1 15 23
-15 -9 15
0 -2 -37
17 -6 16
0 -14 -25
0 -15 24
-9 -12 18
16 -15 -8
17 -5 -17
14 -9 -16
-1 0 38
13 15 -11
-12 -17 10
1 16 -22
7 3 29
11 -15 13
-11 -1 27
-17 10 12
12 -14 13
-2 -10 -27
-15 5 19
6 -5 28
-9 5 -25
12 5 22
12 -7 -20
15 -18 -6
0 13 -26
-1 -12 -26
-11 17 11
8 16 -15
12 1 -26
16 6 -17
-17 15 -7
-16 5 18
-6 11 22
4 4 31
15 -7 -17
-16 -15 -8
-2 16 -21
-3 3 33
17 10 12
-14 -4 -21
-10 14 15
-15 8 16
-15 12 12
-2 -1 -36
-3 -14 -22
-16 8 15
-14 -12 -13
4 10 -25
1 -9 29
4 -11 -24
-15 15 9
5 -10 24
14 8 17
-12 5 -22
0 -1 -38
4 -13 -22
8 -8 23
-5 8 26
17 18 4
-10 17 12
15 12 12
-3 -7 -29
91
-804 804 804
1000 -1000 -1000
-768 754 833
-767 893 794
-808 890 871
-715 721 761
-707 880 834
-816 889 774
-767 834 765
-793 802 902
-746 712 748
-858 809 860
-893 708 862
-757 807 831
-810 822 760
-768 884 891
-843 860 811
-740 809 779
-719 858 796
-815 744 898
-826 878 729
-734 831 873
-809 808 789
-731 877 820
-869 862 797
-839 849 869
-759 895 782
-877 864 836
-886 768 896
-780 777 841
-728 714 771
-854 837 861
-819 723 729
-800 845 876
-794 765 744
-849 730 893
-843 780 849
-724 739 770
-718 882 746
-740 817 855
-735 774 751
-732 849 899
-811 792 807
-736 820 884
-721 809 898
-829 737 795
-870 850 808
-844 790 746
-896 718 761
-767 750 889
-841 763 821
-736 868 884
-851 747 827
-773 726 797
-727 799 816
-833 784 821
-735 755 791
-818 730 778
-732 707 759
-879 723 758
-855 893 826
-776 729 735
-845 750 713
-842 752 747
-895 832 873
-898 810 813
-877 760 709
-733 745 728
-747 718 820
-784 885 840
-767 774 875
-745 779 761
-709 779 833
-780 727 805
-718 775 793
-740 886 860
-791 794 766
-854 784 822
-784 737 786
-720 787 838
-824 739 734
-732 720 848
-724 858 888
-777 883 803
-768 783 899
-772 791 890
-709 805 762
-806 717 781
-741 807 871
-830 759 727
-900 857 826
-892 824 778
-741 707 743
100
-1000 1000 1000
3 -4 2
-44 -5 -39
-23 42 -23
67 -13 -8
13 -32 -43
-52 -7 -29
-24 -34 -30
-20 -30 38
-76 11 1
47 37 -4
-48 10 -30
-6 -40 42
-24 -23 41
41 -32 -15
-53 28 7
-40 17 -31
44 -11 33
-84 0 4
30 -30 28
62 19 -7
45 13 30
65 -7 -16
-32 -43 -13
-42 -23 23
-25 -29 34
-38 -34 -16
41 30 17
-73 10 5
-28 29 -31
33 -31 -24
60 26 2
56 0 -32
44 28 -16
-66 2 20
57 -28 -3
-33 32 -23
67 4 -17
56 15 17
59 21 -8
29 -21 38
-66 20 2
-15 -33 -40
69 15 4
-13 -32 -43
-44 31 -13
63 18 7
45 13 -30
-76 -6 6
64 22 2
-26 28 34
17 33 -38
60 18 -10
23 23 -42
-48 4 -36
70 -1 17
23 -27 38
-22 -41 -25
-52 13 -23
-14 -39 35
50 -34 -4
-50 -23 -15
-62 21 -5
59 15 14
-45 -16 27
-27 -22 39
-16 -29 43
-14 41 33
69 17 2
-37 11 40
66 -17 -5
48 26 -14
-63 -13 12
56 -16 16
72 16 0
39 28 -21
43 39 -6
26 -20 -42
-34 36 -18
-39 -38 -11
-47 -31 10
55 11 -22
40 35 13
-63 -11 -14
-57 3 -28
-40 -29 -19
46 37 5
-35 28 25
37 36 15
-47 -19 22
42 -7 -39
-67 -20 1
59 -23 6
-63 20 5
37 -8 -43
23 24 41
28 32 -28
-63 -9 16
-38 -8 -42
62 -19 7
84 -1 3
63 5 -20
92
-1000 -1000 -1000
989 989 989
988 989 984
988 985 992
991 986 991
987 990 988
985 992 991
988 987 994
992 991 994
988 986 985
992 990 994
989 984 989
992 990 986
986 986 991
989 987 984
989 990 990
991 991 989
986 984 991
990 987 989
991 985 993
989 987 987
989 986 994
989 988 990
993 991 986
990 985 992
994 987 990
987 990 992
987 985 986
992 993 986
993 994 986
990 987 991
985 991 984
993 990 988
993 984 985
994 992 989
991 984 993
992 993 984
993 990 993
992 988 984
993 994 989
987 990 991
992 985 987
987 986 991
991 987 989
988 984 985
990 992 992
994 988 991
985 988 985
985 985 987
992 988 986
991 989 990
989 984 987
986 994 990
992 991 989
988 990 989
989 985 985
985 991 994
987 993 992
985 984 989
992 985 988
989 989 992
994 984 992
993 992 991
986 991 992
994 991 994
992 985 986
987 988 992
987 992 991
986 991 987
994 989 985
989 988 985
990 991 986
993 992 985
993 994 990
994 984 991
984 988 986
987 986 986
984 985 989
994 993 987
990 985 991
993 985 994
984 994 994
985 989 988
992 984 985
994 990 992
992 991 990
991 987 985
986 984 989
987 985 987
989 991 991
992 992 991
984 985 984
994 994 994
985 988 989
2
1000 -1000 1000
-1000 1000 -1000
1000 999 -1000
1000 999 -999
100
1000 1000 1000
4 -3 4
-50 21 -3
6 34 34
-48 -18 8
-8 33 33
41 2 31
-28 26 20
-55 -18 1
-69 -5 0
26 36 -12
39 25 10
-58 -12 -4
-30 21 -23
-16 31 -27
22 30 22
55 12 -7
-31 7 -36
39 -3 32
27 -34 13
6 -34 34
-34 24 -16
23 -20 31
33 -19 -22
-33 -16 25
-44 18 -12
27 12 -35
-25 28 21
49 -23 -2
-26 -27 21
-42 -29 3
-35 -35 4
-34 14 26
-42 4 -28
19 21 34
29 20 25
-20 -32 -22
-21 -36 17
38 33 3
-40 30 -4
52 21 1
30 -29 -15
-27 17 30
-45 -6 23
41 14 -19
38 -34 2
-58 -2 14
39 -14 -21
-36 23 -15
-22 -29 23
49 16 -9
-46 -6 -22
51 -20 -3
21 -20 33
54 16 -4
-29 26 19
62 4 -8
56 -13 -5
-31 -8 35
25 35 -14
71 0 -3
-15 27 32
-26 -34 -14
37 25 12
54 13 7
24 -31 19
-35 12 -27
14 -31 29
-51 6 17
-38 34 2
25 18 31
-40 33 -1
53 -15 -6
45 -19 10
-48 -14 12
70 1 -3
40 5 29
-48 2 -24
-31 24 19
26 20 28
-46 12 -16
30 13 -31
47 -26 1
-23 31 20
-48 -16 10
69 -2 -3
62 12 0
-23 15 -36
6 -32 36
-35 35 4
53 -16 -5
-42 23 -9
-35 33 6
42 -6 -26
52 8 -14
-34 4 -36
37 8 -29
33 -17 -24
-53 -1 -20
63 -5 6
-44 30 0
-34 -33 -7
2
-321 -833 -220
1000 1000 1000
-321 -832 -220
-320 -833 -220
70
-2 0 1
-1000 1000 -1000
1 9 1
-2 6 3
0 -10 1
-1 -9 -1
3 -4 4
0 7 4
1 -10 0
4 -5 -2
0 -9 -2
1 9 -1
-3 7 -1
-2 8 -1
-1 -10 0
-1 8 2
0 -9 2
-2 -7 2
4 -3 -4
3 7 1
3 4 4
0 -8 -3
1 -7 3
-2 8 1
0 -8 3
-2 -8 1
-1 7 3
3 -5 3
3 -4 -4
2 -5 4
-3 -6 2
-1 -6 -4
4 -5 2
4 -6 -1
-3 6 -2
-3 -5 3
-3 -5 -3
4 -7 0
3 -6 2
3 4 -4
-4 4 -3
1 6 -4
2 -6 -3
3 5 3
-1 7 -3
1 -6 4
-2 -6 3
4 5 -2
2 -8 -1
3 -8 0
-4 4 3
-3 -8 0
3 -7 1
-2 -6 -3
0 9 -2
1 7 3
0 10 -1
1 -8 -2
-4 -6 -1
4 -4 3
-1 -7 3
-1 -6 4
-1 10 0
0 7 -4
3 -5 -3
-4 -4 3
-3 5 3
4 7 0
0 -7 -4
0 -11 0
-4 5 2
0 11 0
99
-1000 -1000 -1000
735 735 735
750 765 679
709 801 761
687 753 731
632 770 633
857 712 822
771 629 753
716 742 848
761 652 801
858 840 629
670 753 726
780 747 646
852 813 678
640 754 722
755 624 792
839 814 637
665 682 700
839 623 651
750 800 743
798 686 636
778 645 806
815 792 651
735 772 651
826 809 713
771 622 660
703 781 711
788 727 858
661 651 711
676 700 641
866 774 838
754 756 717
633 692 630
815 645 845
850 746 647
698 695 613
650 840 773
854 632 843
854 663 702
604 827 682
749 773 670
637 627 695
808 693 723
828 737 749
861 614 742
639 802 863
776 827 683
760 717 853
678 633 660
804 715 858
727 716 798
785 848 658
777 817 628
643 634 737
652 827 808
682 801 790
648 627 762
636 763 809
745 817 833
763 779 713
735 657 800
818 762 678
683 626 867
777 791 610
790 682 714
788 631 623
640 678 679
831 702 790
727 640 741
620 733 702
607 807 724
711 860 692
708 757 766
659 740 690
840 639 737
839 668 719
708 786 853
657 764 792
826 696 758
627 800 853
649 795 697
716 827 759
713 781 708
742 800 654
704 738 828
709 651 755
733 801 763
605 649 847
642 649 724
749 856 730
611 816 736
845 831 742
655 815 685
803 848 632
799 723 839
846 740 734
743 840 713
791 625 645
805 768 776
841 663 758
650 633 764
91
-1000 -1000 -1000
985 985 985
980 990 979
989 981 982
992 982 990
983 979 985
979 989 991
989 978 982
987 978 982
983 982 979
992 980 991
983 980 984
988 992 990
986 978 991
983 985 986
989 989 991
978 982 991
985 987 985
988 980 980
980 992 991
987 985 988
991 981 986
988 978 988
987 983 991
990 991 992
985 982 982
991 982 982
983 980 991
984 992 990
987 989 988
985 983 991
982 990 985
979 989 978
992 985 984
981 980 986
982 987 989
990 979 980
987 989 986
989 990 985
984 986 989
990 982 978
985 991 979
981 983 989
984 985 985
990 981 981
992 979 992
991 981 985
992 990 981
986 979 991
990 982 990
986 979 987
990 979 990
990 983 992
989 990 992
991 989 987
986 992 981
979 980 987
982 982 989
978 984 986
978 980 990
990 980 980
978 986 989
982 980 985
989 990 988
983 991 980
984 988 983
981 979 979
984 987 980
992 985 982
991 988 983
982 985 978
984 983 985
980 991 988
978 985 980
992 980 984
984 990 988
981 983 991
979 990 986
978 982 990
981 985 986
986 980 978
985 986 984
987 980 983
979 981 984
981 989 982
990 987 990
981 990 979
985 979 989
991 986 985
979 986 991
986 989 983
991 978 981
989 985 978
100
-1 0 3
1000 -1000 -1000
-13 -83 -6
-35 -18 -49
-18 38 -46
9 -81 12
-33 47 22
-44 -33 25
4 60 38
4 73 25
4 -89 -9
-41 -35 -26
-37 18 -47
-11 76 15
-46 20 36
-32 -39 31
27 36 -39
-36 33 -33
-12 -76 14
29 54 -19
-35 67 0
25 -62 -15
-31 62 -9
-15 57 30
-8 -52 42
45 -24 -33
-38 -27 -37
33 -21 48
-33 -40 29
49 -20 33
-37 -54 11
42 -51 9
-32 -43 -27
-45 -45 12
-32 -63 7
5 49 -48
0 73 29
3 74 25
-1 54 -47
10 -76 -16
-25 27 -50
23 -62 17
-41 14 -47
27 73 -2
-15 51 36
31 -46 25
16 -51 -35
-21 -33 -48
22 -71 9
-15 -69 -18
47 34 -21
-47 -31 24
-37 -48 17
-43 43 -16
18 56 -28
-32 -64 -6
42 45 -15
-26 -61 15
13 -51 -38
10 58 -34
20 -48 34
-7 83 -12
-11 -69 -22
22 71 9
19 -40 43
-17 -80 -5
19 -53 30
4 -68 -30
-29 58 -15
6 49 -47
-6 65 -31
-24 47 31
38 -41 -23
21 68 13
-42 48 12
-29 61 -12
-35 26 -41
-5 68 29
-16 -37 -49
24 -77 -1
-47 44 11
-48 -53 -1
-17 -72 13
43 34 -25
41 52 -9
15 -63 -24
-20 -34 48
31 41 -30
40 50 -12
37 -29 -36
38 -62 -2
2 -82 -18
18 58 -26
-13 49 -40
6 63 33
9 -45 -48
33 57 12
-34 58 10
-3 91 8
29 -30 43
-33 39 -30
-19 75 -8
94
-1000 1000 1000
912 -912 -912
922 -926 -940
927 -952 -912
936 -890 -927
922 -898 -912
893 -908 -905
908 -913 -907
932 -881 -949
910 -917 -916
911 -900 -898
945 -919 -898
893 -895 -927
954 -891 -933
881 -938 -896
880 -949 -940
924 -920 -939
896 -945 -897
928 -924 -919
900 -930 -938
898 -928 -919
892 -891 -889
927 -922 -939
877 -878 -921
895 -886 -956
917 -897 -947
930 -895 -876
918 -916 -919
869 -937 -872
871 -895 -941
892 -888 -933
922 -919 -926
945 -873 -899
889 -948 -906
945 -889 -915
920 -954 -956
920 -914 -906
951 -927 -897
932 -909 -892
951 -940 -948
883 -905 -870
879 -879 -939
884 -934 -904
870 -919 -934
878 -942 -889
890 -931 -877
873 -915 -949
905 -897 -908
898 -893 -942
924 -937 -939
904 -913 -888
876 -950 -923
892 -927 -945
923 -913 -911
872 -948 -907
951 -924 -872
926 -936 -884
948 -892 -880
917 -899 -930
873 -914 -896
908 -883 -933
923 -940 -895
914 -886 -901
879 -905 -879
946 -897 -936
933 -899 -871
899 -872 -883
922 -933 -922
923 -898 -890
926 -954 -877
909 -912 -903
873 -941 -927
947 -934 -902
913 -874 -892
934 -881 -869
899 -940 -951
892 -914 -888
920 -937 -890
910 -877 -886
934 -934 -906
902 -938 -914
905 -911 -923
918 -882 -903
913 -901 -913
873 -901 -890
941 -943 -913
893 -942 -910
907 -920 -888
877 -895 -925
925 -956 -881
876 -944 -869
898 -911 -942
881 -893 -875
913 -881 -928
942 -941 -953
949 -910 -912
91
-976 976 -976
1000 -1000 1000
-981 982 -969
-987 984 -974
-970 974 -966
-982 975 -987
-983 967 -986
-980 984 -975
-970 984 -984
-978 966 -981
-966 983 -978
-984 971 -981
-971 965 -986
-973 979 -965
-966 975 -980
-988 973 -973
-982 976 -975
-976 966 -977
-984 986 -970
-968 968 -977
-984 983 -982
-983 980 -974
-966 981 -968
-986 969 -982
-977 972 -973
-981 981 -972
-979 975 -969
-978 966 -965
-979 979 -969
-972 982 -969
-987 986 -981
-984 967 -988
-972 975 -970
-975 971 -978
-978 986 -968
-987 973 -985
-977 969 -971
-978 970 -973
-985 970 -981
-988 966 -976
-972 983 -987
-976 968 -968
-981 979 -983
-965 972 -981
-982 987 -980
-978 974 -971
-969 971 -968
-985 987 -973
-987 969 -985
-981 985 -986
-970 976 -975
-972 976 -969
-967 978 -980
-981 977 -976
-985 985 -979
-988 973 -986
-983 973 -971
-967 981 -968
-986 966 -980
-974 987 -980
-971 982 -976
-967 984 -967
-965 978 -986
-984 977 -973
-988 971 -983
-981 973 -979
-982 985 -970
-978 980 -982
-986 985 -973
-969 966 -977
-980 985 -970
-967 965 -983
-970 974 -977
-971 978 -982
-968 976 -970
-965 974 -978
-983 971 -979
-983 976 -974
-981 976 -974
-987 965 -986
-975 972 -976
-972 985 -984
-973 981 -980
-972 970 -971
-969 965 -986
-978 970 -988
-968 982 -977
-978 979 -987
-981 983 -972
-983 977 -974
-985 971 -978
-965 975 -969
-971 987 -978
92
-840 840 -840
1000 -1000 1000
-814 762 -848
-831 814 -783
-919 785 -773
-875 912 -869
-858 882 -905
-904 896 -816
-838 779 -801
-791 820 -875
-804 796 -769
-889 829 -912
-795 795 -805
-792 785 -800
-918 904 -796
-775 773 -833
-829 763 -842
-797 778 -837
-918 809 -762
-914 790 -856
-901 833 -793
-879 779 -833
-764 769 -835
-809 810 -823
-874 770 -845
-850 776 -862
-771 769 -776
-908 830 -861
-896 773 -887
-893 862 -842
-851 907 -793
-878 885 -819
-854 839 -780
-789 765 -884
-789 887 -903
-906 862 -899
-919 917 -856
-900 842 -861
-783 844 -864
-893 824 -835
-918 845 -822
-883 898 -843
-806 771 -770
-815 884 -871
-804 765 -800
-880 767 -887
-761 889 -840
-855 853 -837
-805 788 -911
-787 870 -762
-896 762 -907
-836 845 -827
-860 865 -897
-905 894 -848
-788 858 -912
-906 890 -780
-884 870 -825
-829 835 -908
-863 848 -828
-857 771 -792
-880 851 -914
-878 768 -764
-863 807 -842
-858 889 -835
-894 885 -892
-844 833 -790
-767 859 -889
-845 877 -814
-857 849 -885
-848 836 -799
-776 916 -801
-871 849 -770
-841 852 -833
-814 836 -869
-877 814 -857
-847 779 -872
-806 825 -887
-765 899 -861
-825 808 -877
-772 896 -904
-844 780 -891
-876 914 -842
-890 812 -898
-870 836 -878
-811 791 -885
-898 855 -833
-761 883 -831
-770 898 -783
-920 872 -832
-790 799 -902
-763 865 -889
-778 822 -897
-859 812 -800
-794 806 -780
2
-333 -109 517
-570 -507 469
453 213 -663
385 238 -702
100
-5 -2 -2
1000 1000 1000
-24 5 10
7 -18 14
30 3 6
-10 13 -16
-20 -5 14
-24 -14 1
21 -13 5
-12 -12 -15
26 -5 8
-27 2 -10
8 18 13
-22 -11 -6
11 -18 10
-24 -3 -12
-14 15 -10
-9 13 17
-27 12 0
23 -2 -14
-27 5 -7
-18 -16 5
16 -10 13
-16 14 -9
-24 -7 -8
16 12 -11
25 -2 12
21 -6 12
20 11 -8
-28 -8 3
4 17 -18
-26 -3 -10
16 -12 -11
-10 11 -18
-16 8 -15
33 5 -1
-35 4 0
-30 9 0
20 -8 -11
-5 18 -16
17 11 11
-32 5 2
-36 3 0
-21 -18 0
-19 12 8
-21 -2 -16
17 10 12
20 -4 15
-35 0 -4
-9 14 -16
20 2 17
12 13 14
16 11 12
23 -9 -7
25 -4 -10
-13 8 18
29 7 3
18 -6 -15
27 -12 0
-22 -16 -1
-23 -15 1
-10 -12 -17
-14 -11 14
-28 5 6
22 -13 -4
-31 -1 7
17 -18 4
-19 -9 11
-34 0 5
20 -1 -18
-33 5 -1
25 -10 -4
-20 -4 -15
-11 -15 -13
36 2 -1
-7 18 14
23 0 -16
18 11 10
9 -17 -13
-20 -14 -5
-23 15 -1
-22 -12 5
-5 17 17
-27 8 -4
25 7 7
35 0 -4
17 -17 -5
-21 -8 10
-7 -15 -17
38 1 0
-20 3 -16
8 -14 -17
23 13 -3
21 -16 2
23 4 -12
-17 6 16
-12 -13 -14
-22 -15 2
-16 10 13
-19 -8 -12
20 10 -9
-21 -14 -4
96
-3 4 -3
-1000 -1000 1000
-6 -15 -4
-11 8 -6
-10 13 -2
0 24 1
4 -19 -2
0 -20 5
2 22 1
3 -18 -4
8 -17 0
0 -15 10
10 -6 9
-2 -14 -9
5 -15 5
-4 -16 5
3 18 -4
8 -12 5
3 13 -9
-9 12 4
2 22 -1
-7 -13 -5
2 23 0
3 -22 0
-5 -17 3
-3 -19 -3
10 -11 4
3 -12 -10
-3 -16 6
8 17 0
-6 -17 -2
1 23 -1
-4 -10 11
-10 -12 3
8 -12 -5
-3 18 4
11 -9 5
-4 -15 6
-10 -13 -2
0 17 -8
5 -16 -4
10 -10 -5
-5 16 -4
7 16 2
-2 16 -7
-3 -17 5
4 -19 2
0 -14 11
4 16 5
-5 -10 10
-6 11 8
-7 -14 -4
-4 -20 1
1 -24 0
0 21 -4
-11 13 1
10 14 1
-1 -22 2
0 -23 -2
-7 -9 -9
0 23 -2
-8 15 2
4 -17 -4
6 12 7
0 -24 -1
8 -6 11
-5 9 -11
-10 -6 9
-6 -13 6
-3 -12 -10
5 9 11
-2 17 6
1 -23 -1
-4 21 0
-11 -8 -6
3 -18 4
-4 18 3
-7 14 4
4 -11 -10
-2 14 -9
-11 -4 -10
2 -20 3
-6 13 -6
1 -18 6
7 15 3
5 -12 8
2 21 -2
-9 12 -4
7 9 -9
-7 -15 3
-4 15 -6
9 -11 -5
2 19 4
-5 -14 6
9 -7 9
8 -6 -11
11 -13 -1
-8 10 -7
