604800
1
51833 -283267 117 15 4197
1024
192 1 1
125237 204357
0 604799
240 1 1
137106 161841
0 604799
240 1 1
114579 349220
0 604799
176 1 1
164941 300170
0 604799
256 1 1
169613 530607
0 604799
240 1 1
42319 1230
0 604799
256 1 1
57503 133258
0 604799
160 1 1
111753 -377761
0 604799
192 1 1
97797 -340859
0 604799
128 1 1
28346 130959
0 604799
32 1 1
84015 -398095
0 604799
128 1 1
180358 165987
0 604799
112 1 1
162605 -546036
0 604799
32 1 1
179991 -276979
0 604799
224 1 1
196057 481742
0 604799
96 1 1
192782 226374
0 604799
128 1 1
106350 291677
0 604799
128 1 1
27599 271233
0 604799
64 1 1
158767 -264720
0 604799
192 1 1
41956 104316
0 604799
112 1 1
84290 373915
0 604799
176 1 1
214744 384418
0 604799
144 1 1
160921 491258
0 604799
160 1 1
195305 491959
0 604799
240 1 1
65129 220105
0 604799
128 1 1
233181 200576
0 604799
48 1 1
75823 240690
0 604799
128 1 1
243767 -302298
0 604799
112 1 1
83482 -335596
0 604799
32 1 1
39908 363750
0 604799
176 1 1
121575 -14480
0 604799
128 1 1
192671 635924
0 604799
176 1 1
209661 415116
0 604799
208 1 1
214744 309013
0 604799
64 1 1
152977 321676
0 604799
64 1 1
-85416 -217742
0 604799
256 1 1
125347 -33096
0 604799
192 1 1
153678 478145
0 604799
16 1 1
229909 381451
0 604799
32 1 1
225 72017
0 604799
176 1 1
125257 335013
0 604799
96 1 1
114641 194928
0 604799
144 1 1
121560 338472
0 604799
176 1 1
152352 -266123
0 604799
48 1 1
52280 -38141
0 604799
176 1 1
-72281 84651
0 604799
240 1 1
173023 632501
0 604799
176 1 1
221470 327676
0 604799
32 1 1
86963 -399316
0 604799
208 1 1
159155 178698
0 604799
32 1 1
-30543 -172302
0 604799
32 1 1
-66862 66295
0 604799
16 1 1
137625 455002
0 604799
128 1 1
164679 -451035
0 604799
64 1 1
170375 306190
0 604799
96 1 1
187376 495434
0 604799
176 1 1
67543 137306
0 604799
176 1 1
180600 364580
0 604799
128 1 1
-31976 516322
0 604799
32 1 1
188157 578935
0 604799
208 1 1
146943 243075
0 604799
32 1 1
202491 -516338
0 604799
112 1 1
-98624 620548
0 604799
80 1 1
200221 276757
0 604799
96 1 1
198853 404901
0 604799
192 1 1
-89438 -252017
0 604799
112 1 1
198287 470365
0 604799
80 1 1
237076 352839
0 604799
160 1 1
97107 356728
0 604799
144 1 1
68417 -340311
0 604799
160 1 1
145683 583554
0 604799
224 1 1
167551 493008
0 604799
176 1 1
151078 205043
0 604799
160 1 1
205508 -532754
0 604799
176 1 1
62959 418797
0 604799
112 1 1
111831 13210
0 604799
112 1 1
180700 275269
0 604799
192 1 1
119677 -338148
0 604799
208 1 1
61018 -386719
0 604799
48 1 1
-12366 94951
0 604799
256 1 1
135901 144643
0 604799
48 1 1
157636 27441
0 604799
256 1 1
88366 159666
0 604799
160 1 1
182044 408101
0 604799
48 1 1
55102 232919
0 604799
144 1 1
89098 -323134
0 604799
128 1 1
210022 270709
0 604799
192 1 1
132913 98498
0 604799
176 1 1
132881 377984
0 604799
224 1 1
184549 -414613
0 604799
224 1 1
11515 -246676
0 604799
128 1 1
253460 -343069
0 604799
240 1 1
-45490 53528
0 604799
80 1 1
-38592 -207424
0 604799
16 1 1
217506 366500
0 604799
112 1 1
1842 98267
0 604799
160 1 1
209231 -338945
0 604799
80 1 1
128563 -267807
0 604799
64 1 1
45102 -28226
0 604799
240 1 1
177284 383175
0 604799
64 1 1
265025 -281177
0 604799
112 1 1
68889 404838
0 604799
96 1 1
96092 253114
0 604799
240 1 1
175794 177659
0 604799
16 1 1
242487 388119
0 604799
96 1 1
90534 448126
0 604799
176 1 1
145692 -262071
0 604799
256 1 1
202296 519149
0 604799
256 1 1
154732 59551
0 604799
16 1 1
117559 80987
0 604799
112 1 1
156198 -256435
0 604799
16 1 1
97670 232457
0 604799
112 1 1
184883 290418
0 604799
96 1 1
111120 -301719
0 604799
256 1 1
191968 365350
0 604799
192 1 1
144713 475759
0 604799
112 1 1
-51076 448321
0 604799
96 1 1
201541 -396229
0 604799
128 1 1
129045 113814
0 604799
32 1 1
119446 490531
0 604799
64 1 1
147026 55302
0 604799
96 1 1
228057 -348705
0 604799
112 1 1
140685 -435298
0 604799
32 1 1
-68344 481571
0 604799
240 1 1
137546 -427472
0 604799
256 1 1
-58146 522308
0 604799
240 1 1
130605 168691
0 604799
16 1 1
160648 30260
0 604799
80 1 1
138113 -427205
0 604799
176 1 1
218129 510798
0 604799
48 1 1
111993 175210
0 604799
96 1 1
94874 -171
0 604799
256 1 1
201662 110175
0 604799
16 1 1
63988 83327
0 604799
144 1 1
29087 97741
0 604799
224 1 1
43683 369455
0 604799
208 1 1
170569 226060
0 604799
192 1 1
-14450 88451
0 604799
16 1 1
61598 189407
0 604799
64 1 1
106869 18198
0 604799
240 1 1
22122 154024
0 604799
144 1 1
-31378 53787
0 604799
240 1 1
192910 98405
0 604799
256 1 1
248320 -405706
0 604799
240 1 1
270029 -349578
0 604799
48 1 1
197818 281258
0 604799
176 1 1
42563 206936
0 604799
144 1 1
182520 -471340
0 604799
64 1 1
218054 339641
0 604799
96 1 1
114955 -204735
0 604799
80 1 1
-35391 -207717
0 604799
256 1 1
104969 438393
0 604799
80 1 1
44868 143098
0 604799
160 1 1
139316 316875
0 604799
256 1 1
-40106 -220168
0 604799
160 1 1
115724 123680
0 604799
176 1 1
225794 303329
0 604799
112 1 1
183488 -525494
0 604799
32 1 1
70329 -10724
0 604799
112 1 1
177456 327014
0 604799
224 1 1
198750 -446610
0 604799
224 1 1
143773 472139
0 604799
48 1 1
81128 282138
0 604799
176 1 1
41241 75675
0 604799
144 1 1
49830 294213
0 604799
112 1 1
183633 514121
0 604799
16 1 1
72310 249
0 604799
192 1 1
-68015 81546
0 604799
176 1 1
196671 295095
0 604799
160 1 1
195806 220328
0 604799
64 1 1
270310 -308256
0 604799
96 1 1
229839 -419924
0 604799
224 1 1
61198 123382
0 604799
112 1 1
32783 285342
0 604799
32 1 1
107665 298172
0 604799
224 1 1
257731 368372
0 604799
32 1 1
157478 292185
0 604799
240 1 1
-15070 -206346
0 604799
48 1 1
115642 80686
0 604799
32 1 1
169065 -589507
0 604799
80 1 1
122799 -322561
0 604799
16 1 1
187847 267154
0 604799
64 1 1
282700 -273095
0 604799
224 1 1
192175 321838
0 604799
240 1 1
185108 -234497
0 604799
64 1 1
184299 117452
0 604799
48 1 1
184518 -318870
0 604799
48 1 1
129997 421754
0 604799
224 1 1
138689 403150
0 604799
176 1 1
-26061 487663
0 604799
80 1 1
72180 413784
0 604799
256 1 1
126506 89629
0 604799
64 1 1
207753 510455
0 604799
64 1 1
-66740 547904
0 604799
112 1 1
-9960 -187051
0 604799
160 1 1
198414 57102
0 604799
176 1 1
100903 -441268
0 604799
224 1 1
266734 -274227
0 604799
176 1 1
118174 -228257
0 604799
240 1 1
142956 159570
0 604799
240 1 1
176352 307131
0 604799
160 1 1
154707 525929
0 604799
208 1 1
117478 200913
0 604799
96 1 1
36311 79985
0 604799
32 1 1
55506 144947
0 604799
16 1 1
251515 -312183
0 604799
224 1 1
21960 95393
0 604799
96 1 1
157244 461678
0 604799
224 1 1
183432 304669
0 604799
112 1 1
-10877 382111
0 604799
80 1 1
-52322 -235044
0 604799
208 1 1
162125 59405
0 604799
256 1 1
85786 241713
0 604799
80 1 1
80251 345806
0 604799
64 1 1
-118176 -246449
0 604799
16 1 1
70294 377834
0 604799
96 1 1
69722 404250
0 604799
48 1 1
29716 -32121
0 604799
224 1 1
169350 65365
0 604799
32 1 1
159023 485520
0 604799
96 1 1
97451 285560
0 604799
160 1 1
274542 374960
0 604799
144 1 1
205279 415707
0 604799
144 1 1
185047 200189
0 604799
176 1 1
193031 327217
0 604799
112 1 1
-82081 -240572
0 604799
112 1 1
188575 -433714
0 604799
176 1 1
196774 290270
0 604799
96 1 1
4148 -267455
0 604799
80 1 1
150171 169682
0 604799
144 1 1
163420 -372262
0 604799
48 1 1
166545 142653
0 604799
96 1 1
98054 -338986
0 604799
160 1 1
76032 199637
0 604799
240 1 1
186513 -426994
0 604799
224 1 1
82916 -275198
0 604799
144 1 1
61753 -21308
0 604799
96 1 1
152520 -424000
0 604799
16 1 1
181753 -371514
0 604799
96 1 1
-13850 -221429
0 604799
144 1 1
-55421 494825
0 604799
192 1 1
170961 226860
0 604799
144 1 1
-1992 -185266
0 604799
96 1 1
59490 223463
0 604799
144 1 1
154114 387011
0 604799
48 1 1
87974 357620
0 604799
48 1 1
99420 -335286
0 604799
96 1 1
19841 -298522
0 604799
240 1 1
174117 391119
0 604799
160 1 1
91217 -366208
0 604799
96 1 1
182443 -408723
0 604799
240 1 1
135890 -350059
0 604799
176 1 1
95838 -375116
0 604799
224 1 1
166638 -356805
0 604799
224 1 1
205681 -309662
0 604799
64 1 1
-33918 463444
0 604799
48 1 1
40879 -32398
0 604799
96 1 1
180423 512263
0 604799
176 1 1
168458 247178
0 604799
144 1 1
-48997 85674
0 604799
64 1 1
-61058 99428
0 604799
48 1 1
176945 301639
0 604799
48 1 1
59638 254260
0 604799
128 1 1
-65681 543455
0 604799
256 1 1
-48271 -224720
0 604799
240 1 1
-25447 -248416
0 604799
176 1 1
193718 -537363
0 604799
96 1 1
118588 13926
0 604799
80 1 1
264432 -357179
0 604799
96 1 1
161029 366111
0 604799
160 1 1
214208 -297705
0 604799
176 1 1
70420 33694
0 604799
224 1 1
-1273 405262
0 604799
48 1 1
93144 435528
0 604799
64 1 1
103894 321803
0 604799
96 1 1
164932 104103
0 604799
224 1 1
211954 -306840
0 604799
128 1 1
70360 254051
0 604799
48 1 1
67756 339110
0 604799
208 1 1
132713 276183
0 604799
240 1 1
102608 -275976
0 604799
64 1 1
122499 -293630
0 604799
144 1 1
60287 232001
0 604799
224 1 1
-1825 -181064
0 604799
128 1 1
125384 -221568
0 604799
144 1 1
158734 230228
0 604799
256 1 1
-54011 531570
0 604799
112 1 1
146804 296921
0 604799
160 1 1
209378 370211
0 604799
128 1 1
162396 32893
0 604799
224 1 1
56666 -377968
0 604799
240 1 1
209877 496191
0 604799
64 1 1
112291 65157
0 604799
208 1 1
-22192 -159857
0 604799
128 1 1
-42044 483249
0 604799
112 1 1
62481 434913
0 604799
32 1 1
187547 -556479
0 604799
80 1 1
243195 347227
0 604799
48 1 1
28726 -15210
0 604799
112 1 1
113981 927
0 604799
160 1 1
-26637 87107
0 604799
240 1 1
103277 287703
0 604799
176 1 1
136607 121556
0 604799
240 1 1
179865 122664
0 604799
128 1 1
-114865 -240967
0 604799
80 1 1
91740 416906
0 604799
16 1 1
209329 427147
0 604799
64 1 1
40065 276371
0 604799
80 1 1
-41956 449685
0 604799
144 1 1
-40293 -187804
0 604799
160 1 1
91465 260948
0 604799
240 1 1
206838 241288
0 604799
224 1 1
132002 188263
0 604799
192 1 1
75788 192627
0 604799
64 1 1
119167 -256485
0 604799
144 1 1
91932 -28815
0 604799
96 1 1
99590 -287544
0 604799
176 1 1
90811 276393
0 604799
128 1 1
-34710 -162478
0 604799
96 1 1
146886 135445
0 604799
160 1 1
82465 -368897
0 604799
32 1 1
62131 -409225
0 604799
192 1 1
10715 -261079
0 604799
32 1 1
117709 472499
0 604799
128 1 1
-22138 -246600
0 604799
208 1 1
148186 330414
0 604799
32 1 1
144882 -408231
0 604799
48 1 1
198606 484721
0 604799
144 1 1
139735 372279
0 604799
176 1 1
16264 98708
0 604799
176 1 1
-57044 518707
0 604799
160 1 1
11052 84031
0 604799
16 1 1
184382 96286
0 604799
32 1 1
86966 -353641
0 604799
16 1 1
261564 -297389
0 604799
128 1 1
-30362 108860
0 604799
48 1 1
196299 134124
0 604799
32 1 1
16079 95700
0 604799
160 1 1
177360 -546282
0 604799
112 1 1
68173 41224
0 604799
16 1 1
99493 384961
0 604799
208 1 1
106270 124191
0 604799
48 1 1
217648 -353193
0 604799
112 1 1
55360 -34624
0 604799
160 1 1
133112 247898
0 604799
80 1 1
158490 81777
0 604799
96 1 1
150076 243958
0 604799
32 1 1
153844 -498077
0 604799
80 1 1
204194 -390814
0 604799
80 1 1
176005 167222
0 604799
240 1 1
150219 -403075
0 604799
160 1 1
131409 275747
0 604799
16 1 1
119341 270034
0 604799
64 1 1
13861 -211175
0 604799
128 1 1
94178 401519
0 604799
144 1 1
158495 368920
0 604799
208 1 1
-54544 548616
0 604799
96 1 1
185234 512500
0 604799
160 1 1
131060 462983
0 604799
96 1 1
139737 445837
0 604799
208 1 1
74691 -413830
0 604799
96 1 1
103991 398982
0 604799
16 1 1
63009 22730
0 604799
112 1 1
150777 85717
0 604799
160 1 1
-50479 -207916
0 604799
208 1 1
133398 196154
0 604799
32 1 1
117004 159385
0 604799
80 1 1
168679 442880
0 604799
176 1 1
115404 273030
0 604799
128 1 1
46565 174525
0 604799
256 1 1
144165 81409
0 604799
96 1 1
227725 358452
0 604799
240 1 1
145846 281619
0 604799
128 1 1
-37650 -238344
0 604799
112 1 1
281866 -329714
0 604799
256 1 1
141704 399791
0 604799
208 1 1
194790 -509016
0 604799
80 1 1
181846 283600
0 604799
32 1 1
173754 182726
0 604799
224 1 1
143689 310987
0 604799
128 1 1
125631 445033
0 604799
160 1 1
224262 306718
0 604799
256 1 1
165372 -407633
0 604799
16 1 1
178066 544723
0 604799
48 1 1
192679 -342796
0 604799
176 1 1
165813 -344633
0 604799
16 1 1
188516 -423634
0 604799
256 1 1
146115 -268052
0 604799
256 1 1
150530 436646
0 604799
176 1 1
168075 201242
0 604799
48 1 1
69617 198052
0 604799
224 1 1
157442 341574
0 604799
96 1 1
144059 234971
0 604799
256 1 1
79390 -318319
0 604799
160 1 1
212825 527469
0 604799
112 1 1
61046 255202
0 604799
32 1 1
170962 309145
0 604799
112 1 1
206923 334619
0 604799
256 1 1
150218 437384
0 604799
48 1 1
143802 -20291
0 604799
32 1 1
145295 251595
0 604799
256 1 1
200119 540999
0 604799
32 1 1
203424 564706
0 604799
160 1 1
199091 -405177
0 604799
176 1 1
-3066 -209368
0 604799
64 1 1
65400 310901
0 604799
16 1 1
218542 322256
0 604799
224 1 1
163615 22933
0 604799
240 1 1
225093 -286682
0 604799
144 1 1
-45508 510277
0 604799
128 1 1
154273 358533
0 604799
144 1 1
145496 89314
0 604799
96 1 1
11743 158269
0 604799
48 1 1
126207 -258578
0 604799
256 1 1
116850 149204
0 604799
64 1 1
165311 579162
0 604799
160 1 1
125545 -446075
0 604799
32 1 1
227349 507934
0 604799
112 1 1
213102 301214
0 604799
128 1 1
278190 50970
0 604799
256 1 1
28912 161424
0 604799
176 1 1
116331 125185
0 604799
112 1 1
103822 255379
0 604799
112 1 1
85106 -410900
0 604799
64 1 1
154838 512546
0 604799
128 1 1
242941 342581
0 604799
80 1 1
156908 598965
0 604799
16 1 1
174163 277516
0 604799
96 1 1
106166 379936
0 604799
176 1 1
132930 113321
0 604799
240 1 1
188880 -434652
0 604799
96 1 1
100990 195403
0 604799
160 1 1
173481 551585
0 604799
144 1 1
154308 303410
0 604799
256 1 1
217175 258336
0 604799
16 1 1
102306 -267639
0 604799
80 1 1
-122275 -262847
0 604799
256 1 1
110247 -246539
0 604799
128 1 1
111638 -415781
0 604799
192 1 1
205718 -548114
0 604799
32 1 1
194967 -531165
0 604799
48 1 1
108213 415490
0 604799
208 1 1
-28938 -185678
0 604799
112 1 1
192702 286752
0 604799
32 1 1
60873 364709
0 604799
192 1 1
83876 288355
0 604799
144 1 1
179409 46035
0 604799
160 1 1
283985 -271351
0 604799
96 1 1
200553 573721
0 604799
80 1 1
124302 228740
0 604799
144 1 1
143428 579522
0 604799
224 1 1
193665 640696
0 604799
112 1 1
123351 -405810
0 604799
160 1 1
150169 126324
0 604799
192 1 1
196818 202525
0 604799
80 1 1
122891 471565
0 604799
64 1 1
-52982 464576
0 604799
16 1 1
90884 -20567
0 604799
112 1 1
50911 433850
0 604799
80 1 1
-47851 -191722
0 604799
144 1 1
10548 61817
0 604799
16 1 1
51480 118859
0 604799
64 1 1
138465 -445546
0 604799
80 1 1
226598 354711
0 604799
48 1 1
28544 45378
0 604799
128 1 1
98368 155688
0 604799
192 1 1
80373 320478
0 604799
64 1 1
15384 -274757
0 604799
240 1 1
88569 314893
0 604799
144 1 1
-38492 -235900
0 604799
240 1 1
266671 -275179
0 604799
96 1 1
32729 75379
0 604799
224 1 1
45526 -281781
0 604799
96 1 1
183485 312070
0 604799
80 1 1
-53650 67760
0 604799
16 1 1
211699 196468
0 604799
208 1 1
118657 64810
0 604799
64 1 1
140477 172177
0 604799
112 1 1
16838 53260
0 604799
256 1 1
-60407 -192242
0 604799
16 1 1
134660 397587
0 604799
208 1 1
-34314 -258139
0 604799
224 1 1
-32071 450097
0 604799
144 1 1
278432 358128
0 604799
80 1 1
86719 -380445
0 604799
64 1 1
136420 -230827
0 604799
160 1 1
179916 116707
0 604799
64 1 1
214116 188648
0 604799
192 1 1
117838 15922
0 604799
64 1 1
9713 -242471
0 604799
224 1 1
170029 177816
0 604799
176 1 1
112658 218414
0 604799
64 1 1
-112070 -243674
0 604799
240 1 1
72395 341191
0 604799
208 1 1
117761 124472
0 604799
240 1 1
-41716 517046
0 604799
144 1 1
161287 -449464
0 604799
128 1 1
143513 -330224
0 604799
80 1 1
98854 -362688
0 604799
128 1 1
43032 22854
0 604799
96 1 1
101639 -302434
0 604799
240 1 1
2098 419530
0 604799
112 1 1
163026 -572677
0 604799
176 1 1
252649 365899
0 604799
112 1 1
204281 405001
0 604799
64 1 1
132309 236463
0 604799
80 1 1
173244 -576538
0 604799
48 1 1
77378 353591
0 604799
224 1 1
-20307 -219637
0 604799
32 1 1
57984 53982
0 604799
80 1 1
109609 182859
0 604799
64 1 1
-52509 161142
0 604799
112 1 1
-37288 -174062
0 604799
112 1 1
182644 -462871
0 604799
112 1 1
201511 -483745
0 604799
160 1 1
181303 173949
0 604799
240 1 1
139492 -395600
0 604799
192 1 1
103763 86944
0 604799
240 1 1
186368 -235096
0 604799
32 1 1
-14455 103850
0 604799
32 1 1
43079 157103
0 604799
112 1 1
166926 -421426
0 604799
192 1 1
77019 406365
0 604799
112 1 1
283100 342009
0 604799
192 1 1
179518 -558901
0 604799
80 1 1
112146 -300244
0 604799
224 1 1
62576 255804
0 604799
160 1 1
32208 -30678
0 604799
208 1 1
75319 -333756
0 604799
80 1 1
100282 400295
0 604799
64 1 1
7173 -214921
0 604799
128 1 1
94628 121404
0 604799
112 1 1
132075 -211062
0 604799
240 1 1
189187 633183
0 604799
144 1 1
90346 450029
0 604799
112 1 1
108373 -300580
0 604799
16 1 1
11881 -9111
0 604799
16 1 1
166091 236833
0 604799
192 1 1
157159 548167
0 604799
240 1 1
90600 343313
0 604799
240 1 1
126085 180396
0 604799
256 1 1
191175 306357
0 604799
32 1 1
72522 14482
0 604799
224 1 1
185080 290978
0 604799
240 1 1
144307 176276
0 604799
176 1 1
179609 -322835
0 604799
224 1 1
204274 447044
0 604799
80 1 1
242746 -393480
0 604799
48 1 1
28292 -29813
0 604799
224 1 1
178970 -535186
0 604799
176 1 1
116083 264736
0 604799
80 1 1
191830 -440135
0 604799
160 1 1
152489 -262155
0 604799
96 1 1
-41147 166646
0 604799
256 1 1
163611 449987
0 604799
16 1 1
227946 456277
0 604799
48 1 1
192843 569055
0 604799
208 1 1
209745 -291083
0 604799
48 1 1
91379 383778
0 604799
128 1 1
188996 -584816
0 604799
112 1 1
103881 510310
0 604799
176 1 1
157057 365911
0 604799
96 1 1
87552 -323987
0 604799
224 1 1
148018 -452630
0 604799
240 1 1
176565 -514427
0 604799
128 1 1
163263 -562625
0 604799
32 1 1
55647 122017
0 604799
128 1 1
100310 -400852
0 604799
240 1 1
-58232 56193
0 604799
128 1 1
128736 19313
0 604799
16 1 1
158551 -379244
0 604799
128 1 1
146982 -396700
0 604799
208 1 1
187210 139290
0 604799
16 1 1
178418 113275
0 604799
144 1 1
94123 222243
0 604799
32 1 1
63662 24379
0 604799
80 1 1
104864 462801
0 604799
80 1 1
47979 23121
0 604799
96 1 1
-101708 -240236
0 604799
128 1 1
187763 -247398
0 604799
208 1 1
174581 337594
0 604799
192 1 1
153222 307929
0 604799
48 1 1
90959 -20902
0 604799
32 1 1
42111 159722
0 604799
256 1 1
199224 -549211
0 604799
192 1 1
-107880 -247369
0 604799
32 1 1
104757 69169
0 604799
32 1 1
147925 -484254
0 604799
112 1 1
209465 334886
0 604799
256 1 1
186077 -634338
0 604799
160 1 1
112977 156050
0 604799
64 1 1
217925 279295
0 604799
128 1 1
173250 -450905
0 604799
64 1 1
156566 542224
0 604799
32 1 1
-72040 85140
0 604799
128 1 1
157790 141728
0 604799
48 1 1
80738 -400103
0 604799
176 1 1
182663 -541935
0 604799
160 1 1
101608 -330446
0 604799
96 1 1
91014 -374489
0 604799
176 1 1
91028 112807
0 604799
80 1 1
-18187 -248590
0 604799
16 1 1
91514 117475
0 604799
32 1 1
205142 -266470
0 604799
128 1 1
159581 -267044
0 604799
160 1 1
208302 104626
0 604799
240 1 1
51970 111900
0 604799
160 1 1
199382 353454
0 604799
80 1 1
-39636 78549
0 604799
128 1 1
-29295 99599
0 604799
80 1 1
110295 287906
0 604799
176 1 1
163042 528789
0 604799
240 1 1
125897 -348999
0 604799
160 1 1
126010 500617
0 604799
176 1 1
100533 71568
0 604799
144 1 1
191567 164736
0 604799
64 1 1
155903 138601
0 604799
192 1 1
87306 -299987
0 604799
32 1 1
179783 -267033
0 604799
144 1 1
53193 182381
0 604799
160 1 1
164836 281740
0 604799
160 1 1
51066 -376182
0 604799
208 1 1
110446 174050
0 604799
192 1 1
84594 -398684
0 604799
240 1 1
28131 379587
0 604799
64 1 1
-29331 142290
0 604799
192 1 1
161010 529362
0 604799
128 1 1
-61861 -233341
0 604799
128 1 1
-58681 422350
0 604799
128 1 1
141451 482616
0 604799
112 1 1
160590 33567
0 604799
176 1 1
60859 105607
0 604799
256 1 1
-79796 521237
0 604799
160 1 1
30094 -320125
0 604799
64 1 1
77346 -371763
0 604799
208 1 1
59758 286467
0 604799
256 1 1
207742 426424
0 604799
64 1 1
176700 -252145
0 604799
240 1 1
181367 462101
0 604799
224 1 1
158883 -596607
0 604799
208 1 1
172846 -402433
0 604799
176 1 1
78998 -402254
0 604799
112 1 1
161468 279247
0 604799
240 1 1
101228 38550
0 604799
208 1 1
70548 427019
0 604799
112 1 1
58929 299928
0 604799
192 1 1
90462 -441007
0 604799
64 1 1
56818 240442
0 604799
32 1 1
200791 416037
0 604799
160 1 1
131121 419766
0 604799
16 1 1
126592 194630
0 604799
128 1 1
180852 581481
0 604799
160 1 1
99515 264655
0 604799
48 1 1
182688 180272
0 604799
112 1 1
92479 127165
0 604799
208 1 1
64123 -377157
0 604799
32 1 1
161705 311264
0 604799
64 1 1
183267 558231
0 604799
192 1 1
205498 315442
0 604799
48 1 1
198983 407658
0 604799
176 1 1
126510 68711
0 604799
240 1 1
71305 283631
0 604799
240 1 1
168488 -340868
0 604799
224 1 1
12309 421205
0 604799
192 1 1
-10799 100132
0 604799
128 1 1
155989 292743
0 604799
192 1 1
107307 -293795
0 604799
192 1 1
88581 106184
0 604799
192 1 1
-4964 56797
0 604799
32 1 1
189626 -274562
0 604799
176 1 1
79778 413478
0 604799
32 1 1
196092 -542987
0 604799
224 1 1
-70709 -207312
0 604799
32 1 1
43855 101760
0 604799
224 1 1
177879 483015
0 604799
128 1 1
194885 570417
0 604799
48 1 1
-19279 -152064
0 604799
144 1 1
112143 316756
0 604799
160 1 1
-68664 445374
0 604799
208 1 1
206141 328409
0 604799
192 1 1
13245 -16237
0 604799
144 1 1
165167 246905
0 604799
176 1 1
201646 485612
0 604799
224 1 1
-47402 465828
0 604799
64 1 1
157991 140758
0 604799
48 1 1
-59982 -246852
0 604799
64 1 1
172107 512122
0 604799
176 1 1
91719 133948
0 604799
32 1 1
81006 457818
0 604799
128 1 1
79000 492434
0 604799
80 1 1
217883 413772
0 604799
96 1 1
83658 401964
0 604799
128 1 1
35943 136351
0 604799
16 1 1
118503 -245258
0 604799
160 1 1
170743 -560466
0 604799
96 1 1
160475 41583
0 604799
32 1 1
-75905 -220377
0 604799
64 1 1
181768 -501826
0 604799
80 1 1
215594 -313053
0 604799
208 1 1
-12533 78169
0 604799
16 1 1
184679 65602
0 604799
16 1 1
-43928 70444
0 604799
176 1 1
212956 388039
0 604799
32 1 1
-83420 -240194
0 604799
112 1 1
-32039 131260
0 604799
192 1 1
67202 87089
0 604799
80 1 1
112303 54677
0 604799
240 1 1
176978 -492537
0 604799
32 1 1
198015 224872
0 604799
112 1 1
242730 396631
0 604799
192 1 1
107850 -238253
0 604799
32 1 1
140591 -270531
0 604799
112 1 1
172187 -383114
0 604799
176 1 1
-6057 -272360
0 604799
96 1 1
100493 254568
0 604799
32 1 1
176316 463415
0 604799
16 1 1
-34598 -214714
0 604799
48 1 1
104467 29866
0 604799
240 1 1
153650 32392
0 604799
192 1 1
163175 160822
0 604799
48 1 1
120316 354319
0 604799
192 1 1
79237 384320
0 604799
16 1 1
210482 320585
0 604799
224 1 1
88877 395243
0 604799
96 1 1
87627 298219
0 604799
224 1 1
175082 563714
0 604799
256 1 1
182509 -530521
0 604799
256 1 1
-9757 501949
0 604799
256 1 1
225551 -429289
0 604799
96 1 1
177327 540449
0 604799
224 1 1
27375 377983
0 604799
240 1 1
77875 410315
0 604799
16 1 1
44867 284465
0 604799
176 1 1
29794 139962
0 604799
176 1 1
61190 322336
0 604799
160 1 1
-76155 -243546
0 604799
240 1 1
83698 -385870
0 604799
176 1 1
159515 488576
0 604799
256 1 1
109252 406618
0 604799
208 1 1
191172 -409073
0 604799
144 1 1
167203 413469
0 604799
256 1 1
187918 622071
0 604799
224 1 1
169124 -235005
0 604799
48 1 1
204949 316983
0 604799
208 1 1
113851 137805
0 604799
48 1 1
135769 441955
0 604799
208 1 1
153387 -341520
0 604799
128 1 1
1236 38234
0 604799
96 1 1
203759 522158
0 604799
96 1 1
167259 -332471
0 604799
176 1 1
155570 350670
0 604799
16 1 1
180331 470528
0 604799
144 1 1
179123 -394275
0 604799
32 1 1
168013 55526
0 604799
64 1 1
84750 160603
0 604799
176 1 1
20187 -225804
0 604799
144 1 1
214576 272300
0 604799
192 1 1
84798 226466
0 604799
48 1 1
193880 579003
0 604799
208 1 1
23186 -41765
0 604799
240 1 1
204923 284720
0 604799
256 1 1
177219 -406488
0 604799
160 1 1
118485 -418157
0 604799
192 1 1
44085 167106
0 604799
144 1 1
131522 -238756
0 604799
96 1 1
205457 255880
0 604799
208 1 1
143955 144177
0 604799
224 1 1
187357 478674
0 604799
144 1 1
168100 519510
0 604799
192 1 1
-49469 -239876
0 604799
240 1 1
192654 223429
0 604799
80 1 1
268648 -308799
0 604799
144 1 1
184116 563976
0 604799
224 1 1
-51140 115642
0 604799
176 1 1
199976 397973
0 604799
96 1 1
112911 319730
0 604799
128 1 1
248176 -362302
0 604799
240 1 1
161462 362720
0 604799
160 1 1
-45561 83442
0 604799
32 1 1
162412 -365232
0 604799
144 1 1
47898 198305
0 604799
192 1 1
136920 130029
0 604799
64 1 1
175748 639452
0 604799
176 1 1
-2572 -208842
0 604799
128 1 1
47752 409691
0 604799
48 1 1
43526 -48421
0 604799
16 1 1
-73849 416298
0 604799
32 1 1
147347 -428490
0 604799
112 1 1
-63327 422559
0 604799
112 1 1
50154 410437
0 604799
144 1 1
135634 351770
0 604799
128 1 1
126416 -442796
0 604799
80 1 1
86581 269273
0 604799
208 1 1
116667 108427
0 604799
128 1 1
107970 -315188
0 604799
160 1 1
-30556 -170989
0 604799
160 1 1
153649 273990
0 604799
96 1 1
166891 342791
0 604799
80 1 1
58958 -4338
0 604799
176 1 1
-48942 115685
0 604799
192 1 1
193743 -543593
0 604799
224 1 1
196260 319879
0 604799
48 1 1
72152 -329393
0 604799
160 1 1
208568 289714
0 604799
192 1 1
158996 435038
0 604799
224 1 1
-1554 -254675
0 604799
160 1 1
185568 349597
0 604799
80 1 1
21641 51526
0 604799
32 1 1
249974 399179
0 604799
96 1 1
287742 -334643
0 604799
144 1 1
-18513 -239836
0 604799
176 1 1
146240 48807
0 604799
48 1 1
229256 399818
0 604799
48 1 1
128519 217722
0 604799
112 1 1
126680 -243326
0 604799
240 1 1
168214 136811
0 604799
144 1 1
203257 -388814
0 604799
256 1 1
60468 -7108
0 604799
240 1 1
138092 -411058
0 604799
240 1 1
96349 -277788
0 604799
208 1 1
-86629 -223536
0 604799
208 1 1
139422 -231816
0 604799
208 1 1
-112194 -238983
0 604799
48 1 1
193829 619020
0 604799
80 1 1
-33417 76583
0 604799
224 1 1
107555 212836
0 604799
160 1 1
-51357 106248
0 604799
32 1 1
217283 353755
0 604799
16 1 1
197731 -428663
0 604799
224 1 1
6728 92578
0 604799
112 1 1
245985 222617
0 604799
208 1 1
197551 551167
0 604799
64 1 1
144566 304660
0 604799
128 1 1
21404 -34015
0 604799
32 1 1
62561 108388
0 604799
176 1 1
78990 370511
0 604799
224 1 1
-424 -274296
0 604799
112 1 1
-45131 -167684
0 604799
80 1 1
26534 13722
0 604799
32 1 1
185116 -448098
0 604799
112 1 1
-124242 -264248
0 604799
16 1 1
103403 57132
0 604799
192 1 1
74005 8665
0 604799
208 1 1
190102 -471388
0 604799
144 1 1
130813 -311961
0 604799
48 1 1
150667 -479172
0 604799
128 1 1
201158 97452
0 604799
256 1 1
61004 324981
0 604799
224 1 1
74303 278131
0 604799
144 1 1
120221 302563
0 604799
208 1 1
202439 504181
0 604799
64 1 1
8123 -248985
0 604799
256 1 1
194875 83960
0 604799
144 1 1
107925 -251338
0 604799
128 1 1
-86319 628509
0 604799
128 1 1
126557 564551
0 604799
144 1 1
138685 220637
0 604799
208 1 1
90761 306468
0 604799
112 1 1
200640 497049
0 604799
208 1 1
213883 425504
0 604799
144 1 1
193742 -441265
0 604799
96 1 1
-8680 -185249
0 604799
176 1 1
62779 -344904
0 604799
240 1 1
152499 -469079
0 604799
32 1 1
181093 442493
0 604799
144 1 1
-16883 -168648
0 604799
112 1 1
104736 -357526
0 604799
128 1 1
129222 373443
0 604799
48 1 1
230185 445337
0 604799
224 1 1
143283 -339587
0 604799
192 1 1
144344 129013
0 604799
128 1 1
-29004 -219378
0 604799
112 1 1
49668 206947
0 604799
192 1 1
176131 240487
0 604799
192 1 1
72564 424433
0 604799
112 1 1
130900 232770
0 604799
32 1 1
168011 -575475
0 604799
224 1 1
107164 87681
0 604799
192 1 1
110479 330144
0 604799
48 1 1
-79093 -258949
0 604799
160 1 1
121492 36433
0 604799
160 1 1
-24050 -217847
0 604799
208 1 1
-40966 -184531
0 604799
64 1 1
-7901 -247588
0 604799
256 1 1
107814 -350881
0 604799
16 1 1
150253 -423376
0 604799
32 1 1
32290 381716
0 604799
144 1 1
189535 -339164
0 604799
112 1 1
226479 445593
0 604799
240 1 1
51763 90347
0 604799
224 1 1
151713 -349928
0 604799
48 1 1
96833 80675
0 604799
240 1 1
215813 346759
0 604799
208 1 1
62504 -35448
0 604799
96 1 1
208144 311816
0 604799
112 1 1
-5937 71322
0 604799
64 1 1
169603 -561406
0 604799
128 1 1
176824 -425755
0 604799
240 1 1
134796 63868
0 604799
176 1 1
-47481 63520
0 604799
80 1 1
178210 305913
0 604799
160 1 1
123858 112844
0 604799
32 1 1
195636 510153
0 604799
96 1 1
163486 113060
0 604799
176 1 1
180237 505528
0 604799
144 1 1
170013 59377
0 604799
96 1 1
179394 271477
0 604799
112 1 1
113581 -4868
0 604799
176 1 1
221920 -441652
0 604799
176 1 1
137108 -270764
0 604799
224 1 1
-40552 -240942
0 604799
112 1 1
152854 405914
0 604799
128 1 1
169043 398983
0 604799
160 1 1
137163 -397022
0 604799
144 1 1
147832 223215
0 604799
160 1 1
181306 -567781
0 604799
240 1 1
29769 -313643
0 604799
208 1 1
203904 367407
0 604799
224 1 1
123984 349316
0 604799
208 1 1
282300 352733
0 604799
160 1 1
207570 242594
0 604799
96 1 1
37353 99143
0 604799
96 1 1
89039 77018
0 604799
208 1 1
158646 592987
0 604799
48 1 1
-21398 -271148
0 604799
128 1 1
151717 -465105
0 604799
144 1 1
230687 -438783
0 604799
192 1 1
243945 342589
0 604799
240 1 1
80818 338405
0 604799
160 1 1
26170 273216
0 604799
64 1 1
79540 426061
0 604799
256 1 1
173474 -245694
0 604799
16 1 1
104508 307210
0 604799
224 1 1
212232 324728
0 604799
112 1 1
208657 503574
0 604799
224 1 1
35736 345965
0 604799
176 1 1
116411 227469
0 604799
176 1 1
-38063 167994
0 604799
80 1 1
252051 -317741
0 604799
112 1 1
66272 19184
0 604799
256 1 1
182314 -346906
0 604799
64 1 1
3347 -250678
0 604799
160 1 1
150245 338878
0 604799
256 1 1
135522 -235168
0 604799
48 1 1
-47870 505539
0 604799
208 1 1
110958 363263
0 604799
240 1 1
181490 -468434
0 604799
48 1 1
137823 -219685
0 604799
144 1 1
134674 -428245
0 604799
128 1 1
-41569 -148470
0 604799
240 1 1
191060 640560
0 604799
96 1 1
190612 528281
0 604799
256 1 1
47929 -19967
0 604799
256 1 1
143296 211561
0 604799
32 1 1
190465 489011
0 604799
64 1 1
132150 307179
0 604799
112 1 1
-34747 -244338
0 604799
48 1 1
94371 -273601
0 604799
48 1 1
159345 587258
0 604799
128 1 1
201403 -447117
0 604799
64 1 1
156539 -453274
0 604799
144 1 1
96412 -389563
0 604799
176 1 1
125108 383330
0 604799
144 1 1
181731 74364
0 604799
128 1 1
4109 90831
0 604799
112 1 1
-19704 106105
0 604799
112 1 1
53988 -289694
0 604799
96 1 1
164585 455913
0 604799
256 1 1
225894 408307
0 604799
16 1 1
119981 -286922
0 604799
192 1 1
91760 -296355
0 604799
96 1 1
217962 430459
0 604799
144 1 1
-70623 540643
0 604799
144 1 1
170447 -452755
0 604799
176 1 1
224172 -437595
0 604799
176 1 1
183835 342250
0 604799
144 1 1
170719 -246891
0 604799
144 1 1
200573 577316
0 604799
240 1 1
118458 47189
0 604799
192 1 1
148175 286229
0 604799
80 1 1
88540 235348
0 604799
176 1 1
14031 106032
0 604799
208 1 1
221319 -363249
0 604799
128 1 1
-56028 417914
0 604799
112 1 1
219580 -273364
0 604799
192 1 1
-5405 -241926
0 604799
176 1 1
191320 -274955
0 604799
112 1 1
54692 8365
0 604799
240 1 1
-377 -242433
0 604799
192 1 1
194350 -244604
0 604799
224 1 1
-12405 382838
0 604799
144 1 1
242278 -403558
0 604799
176 1 1
129156 124730
0 604799
64 1 1
-50379 536026
0 604799
240 1 1
106602 -266299
0 604799
32 1 1
152694 158441
0 604799
80 1 1
149859 140045
0 604799
176 1 1
105573 165201
0 604799
96 1 1
160222 -261874
0 604799
192 1 1
210490 563051
0 604799
256 1 1
47770 200871
0 604799
96 1 1
210058 -404306
0 604799
32 1 1
-59333 106327
0 604799
64 1 1
142546 491111
0 604799
208 1 1
125373 430166
0 604799
96 1 1
174376 552444
0 604799
176 1 1
39718 285225
0 604799
32 1 1
112642 329734
0 604799
144 1 1
-17565 -235069
0 604799
80 1 1
274655 -326383
0 604799
32 1 1
158345 415273
0 604799
48 1 1
131237 475100
0 604799
128 1 1
195929 374363
0 604799
80 1 1
-25698 92763
0 604799
48 1 1
77780 482646
0 604799
240 1 1
88211 261776
0 604799
240 1 1
117827 72169
0 604799
32 1 1
163053 -376430
0 604799
160 1 1
213907 -647933
0 604799
48 1 1
205248 -559562
0 604799
240 1 1
112425 30475
0 604799
64 1 1
160191 479704
0 604799
144 1 1
-6831 -205283
0 604799
176 1 1
109405 350994
0 604799
