450 100 5 1000
2000 20
3000 15
5000 10
6000 9
7000 8
Przemek959 7314 19 -85375 64079
Bakhodir763 7165 24 -81811 86887
Nelly922 7734 12 87333 -77995
Nelly89 7819 9 -76199 64050
Matas843 6625 24 90230 -72923
Bakhodir751 7691 13 -85854 -77666
Michal910 7406 14 -69270 87662
Tatiyana122 6810 13 63412 83138
Przemek660 7661 13 75147 -56456
Stefan927 7108 9 -84278 74100
Nelly643 6969 9 66462 -71317
Bakhodir228 7718 21 -71700 -72678
Clement800 7202 15 -61477 69604
Petar114 7149 18 -82723 84773
Tatiyana406 7509 15 89159 -69296
Bakhodir590 7894 22 -72540 -79065
Tatiyana563 6702 8 59386 88059
Clement535 6730 16 -72641 -67790
Przemek412 6471 10 -79483 86768
Benjamin473 6804 9 -82300 85414
Stepan380 7000 10 70317 -67536
Petar663 7157 9 -73629 -63298
Stefan664 6457 11 77370 80083
Stefan823 7011 14 62767 70110
Benjamin480 7750 13 72150 77944
Stefan374 7166 11 83082 -57018
Clement310 6866 14 -60341 76685
Tatiyana660 7936 11 -80156 -68115
Przemek975 6849 16 -87425 62651
Tatiyana281 6980 17 -82369 -64939
Stefan906 7886 8 -83629 70231
Petar560 7609 24 70194 -76675
Przemek114 6885 24 66551 82171
Michal407 6779 20 -82084 86644
Przemek646 6851 24 83113 -80542
Max957 6479 12 -78856 64886
Michal950 6828 18 89643 -59959
Tatiyana913 7376 11 -81670 -61808
Matas907 7897 10 91387 -60053
Clement477 7959 10 -81079 85252
Bakhodir157 6712 14 -69429 87537
Nelly419 7675 16 71990 -59034
Max594 6596 13 69851 -70628
Przemek611 7269 8 73854 71505
Michal130 7813 18 -62444 63415
Matas608 7984 8 -71670 -67992
Nelly772 7895 23 65436 83554
Przemek198 6748 9 -75368 -76608
Tatiyana153 7244 15 86336 64671
Stepan347 7189 21 -65938 88051
Stepan917 7295 13 75983 -58442
Bakhodir724 6769 24 -76714 -76836
Max526 7294 18 -75136 62578
Michal384 7386 12 -86679 -79874
Przemek395 7532 12 76711 -58116
Michal199 6827 21 -59789 65095
Stepan787 6957 8 -73279 63400
Matas297 7920 12 85216 66398
Clement729 6464 22 -64923 86342
Petar421 7963 8 60445 88466
Max958 7313 22 -65437 64110
Michal164 6456 9 -81438 -70217
Michal886 7791 19 -87852 72902
Benjamin295 7523 18 -78364 63695
Clement510 7367 18 88029 -74368
Bakhodir321 7178 23 68686 71815
Benjamin819 7534 9 -84982 -67945
Tatiyana543 6773 19 81277 70093
Przemek888 6977 17 -66599 87516
Benjamin923 7824 16 -79981 -69273
Stefan870 7004 24 -78494 -59148
Stepan910 7172 19 66623 -76826
Matas15 7156 9 -77170 64265
Nelly329 7104 22 -61925 88319
Clement758 7670 9 -83425 76230
Michal669 6716 24 -71183 86290
Tatiyana657 7662 12 -71923 -78336
Tatiyana966 7774 20 -84599 74899
Benjamin40 6797 11 -67846 -76126
Matas717 7927 13 -72601 85936
Bakhodir165 7284 8 -83410 62536
Przemek270 6516 9 91318 -73416
Stepan537 7628 23 -86105 76480
Michal927 6435 22 -82921 69206
Clement641 7295 24 88092 -75943
Benjamin519 7849 24 -60955 62897
Stepan816 7807 23 68247 71080
Tatiyana346 6944 13 72272 -61149
Stefan895 6790 9 79623 -81150
Benjamin627 7199 9 -58590 65453
Michal361 7909 16 -72548 82710
Benjamin701 6585 23 -78754 -58147
Tatiyana159 6443 15 -84820 -77770
Tatiyana235 7026 19 -72055 -68745
Przemek493 6638 24 -84507 74639
Tatiyana310 7043 17 78721 72674
Nelly199 6551 23 -79766 -67448
Nelly677 7906 24 -87758 67785
Tatiyana253 7346 17 61544 82139
Stefan922 6902 21 -60610 82194
Max182 7229 12 79475 75962
Bakhodir535 7392 16 -59852 62028
Nelly788 6571 8 75651 77944
Benjamin861 7875 15 82472 86855
Nelly91 6917 12 85644 -61174
Stepan469 7144 18 -74314 63128
Matas60 7943 16 83174 -58277
Bakhodir1000 7484 9 71801 -63956
Stefan133 7967 16 -80287 84724
Nelly114 7786 22 -83728 64225
Nelly81 6904 15 65478 80168
Petar467 7373 14 -76676 85967
Przemek390 7727 15 -75005 -60610
Stepan92 7680 13 -83729 86496
Tatiyana105 6805 17 -59723 74878
Max510 6757 22 68272 81319
Przemek526 6940 14 68121 -70979
Clement482 6770 23 72478 -62399
Tatiyana490 6816 23 -80409 -62545
Stepan32 7906 12 73157 78065
Przemek894 7250 14 -82174 -63149
Stefan935 6583 22 68990 71679
Stepan4 6834 22 -79658 63866
Michal528 7265 20 84036 70418
Stepan445 7795 10 -76689 66969
Przemek213 7185 9 77730 -81565
Bakhodir116 7291 18 68696 76831
Michal428 7363 20 67930 80509
Stepan206 7197 15 -78355 61515
Clement989 7095 10 87766 -74893
Tatiyana735 7088 11 -87465 -73882
Benjamin931 7142 24 -74199 -67782
Petar697 7869 11 -75274 63602
Max904 7343 12 -81407 86950
Matas725 7415 9 63556 68399
Bakhodir934 6755 15 -74245 -76962
Petar932 6968 20 86561 65681
Benjamin378 6419 22 -87320 87234
Benjamin518 7161 18 -59301 79405
Stefan26 7655 11 -81167 88016
Stepan86 6471 11 76565 -56149
Michal919 6983 14 66904 -71962
Petar667 7100 12 77194 70515
Matas708 7420 9 -86810 -81428
Stepan11 7793 9 69490 72149
Stepan651 7254 24 -79688 82838
Stefan585 7000 22 67260 -71750
Stefan38 7058 16 -75541 86943
Petar338 7432 10 -85938 81299
Stefan239 6700 20 80490 68881
Max42 7523 12 80315 -81746
Nelly396 7553 9 -87592 85317
Stefan972 6727 8 -59730 67714
Tatiyana872 7045 12 -60666 76991
Clement778 6462 8 -86034 72598
Tatiyana55 6431 20 -82334 83166
Nelly867 7659 8 -71445 62371
Petar972 6942 24 68560 77973
Tatiyana337 7392 8 91331 -60141
Nelly233 6429 15 -81563 -64357
Tatiyana823 7484 24 -84721 69217
Clement163 7825 21 77543 71525
Tatiyana713 7619 15 76440 79707
Przemek589 6810 8 -78186 85883
Max37 6639 11 65552 73126
Benjamin508 8000 12 69442 74638
Stefan171 7450 13 -76378 64298
Benjamin488 7210 10 64988 67870
Stepan254 7812 18 -85576 -81313
Petar700 7233 22 66766 -78203
Max917 7677 10 -69822 -76358
Benjamin18 6668 23 -70232 -74519
Michal911 6438 10 -76502 -59725
Benjamin703 6953 16 -87078 61975
Clement6 7893 24 -63152 88225
Nelly142 7417 13 66667 80947
Clement711 7002 9 -61501 86785
Michal12 7446 19 91005 -65798
Max564 7731 21 -63974 84645
Bakhodir159 7745 19 80430 70364
Matas657 7642 9 77337 -79524
Bakhodir700 6443 8 -84821 -73156
Michal552 7450 11 -63978 83235
Przemek260 7801 20 64705 -76943
Bakhodir948 7070 12 -85150 -71000
Matas950 7614 13 -74627 -61086
Petar363 7147 22 83487 -56730
Petar855 7877 20 76716 -80613
Matas804 7826 21 69394 -71681
Benjamin271 6544 22 -69183 61611
Tatiyana523 7664 12 67772 75310
Benjamin659 7725 11 72400 -79952
Tatiyana329 7963 15 -60233 64660
Stefan295 7891 12 -87946 81709
Stefan254 6592 13 -87702 -75284
Stefan666 6857 15 -66843 62543
Clement209 7240 15 65980 -74789
Tatiyana943 6611 18 87132 -78023
Petar110 7229 11 65872 -72067
Tatiyana668 7884 24 67235 -72906
Przemek397 7129 14 -76614 83044
Tatiyana968 6810 11 -78671 -56893
Stepan498 7628 10 60729 87660
Bakhodir917 7770 19 -82381 -63437
Clement411 7406 11 -68069 -74103
Stefan252 7605 10 -80887 -63869
Stefan654 7634 20 77239 79523
Nelly971 7498 11 78304 73447
Petar473 7554 11 -66917 63298
Petar684 7053 11 -87487 77779
Stefan864 7868 14 -75023 83411
Benjamin142 6818 23 76818 74230
Tatiyana861 7797 9 76921 -57705
Tatiyana226 7613 11 -72228 85772
Przemek227 6857 20 -73036 85804
Przemek776 7463 15 81791 -57549
Matas13 7205 10 -69996 -77845
Petar220 7250 12 -78943 67407
Bakhodir553 7120 15 -70597 82633
Nelly300 7791 9 -82706 -68960
Michal737 7825 9 -74174 -76841
Petar396 6830 10 64923 72713
Bakhodir85 6706 24 -83830 -74946
Benjamin109 7778 11 77703 85061
Clement525 7905 20 -87876 72581
Tatiyana260 6746 12 66535 83463
Stepan946 6679 15 -85702 85141
Clement703 7640 19 -83475 -72615
Tatiyana230 7980 17 -78784 -57580
Max640 7902 19 82353 -56421
Clement642 6693 16 -59009 75597
Max408 7756 18 73434 76091
Przemek686 7429 13 78979 74362
Przemek253 6815 17 73683 70605
Benjamin604 6535 16 64276 66530
Stefan35 7190 23 87703 -60973
Max309 7815 15 -79149 86891
Matas757 7389 8 -76975 63740
Petar746 7363 10 -82581 67276
Stefan11 7520 11 -72642 84395
Tatiyana343 6991 17 66596 69062
Matas133 6418 17 86112 -73723
Stefan721 6848 21 -72538 -74147
Matas670 7267 21 -85303 68016
Petar649 6773 13 63491 70449
Matas550 7149 17 71250 -63372
Matas90 6747 15 -78038 88065
Bakhodir403 7119 10 87261 -73599
Stepan284 6663 21 -82716 65421
Stepan953 7896 11 -72786 62633
Max61 6547 23 -61093 84729
Tatiyana976 7410 16 70677 73509
Max617 7077 21 -77401 -60234
Max413 7168 13 90774 -75371
Stefan551 6833 24 78725 -80501
Przemek727 6458 21 68719 73666
Stefan386 7443 17 -72590 85679
Przemek695 7717 23 -85967 76202
Przemek41 7496 11 -84397 85833
Petar158 6524 16 -75441 -69072
Benjamin920 6611 14 88100 -58925
Stepan503 7637 18 -59114 63777
Stepan425 6505 13 -84985 69861
Michal237 7123 23 76573 -82298
Max648 7932 24 74700 72046
Stefan453 6499 18 -88196 68272
Nelly105 7305 24 -58768 74772
Bakhodir670 7719 8 62399 83720
Clement44 7973 11 -87049 86781
Clement328 7314 17 84784 67147
Tatiyana910 6424 18 -87422 87165
Petar644 7508 16 -85204 -76100
Tatiyana52 7729 18 -73251 -70866
Bakhodir834 7289 16 -84272 82168
Benjamin192 7635 21 -82305 -65036
Bakhodir189 7547 12 -58854 81616
Bakhodir154 7452 16 86135 -79269
Clement818 7952 13 -83351 81947
Nelly654 6722 20 69442 75902
Clement841 7309 9 -75173 -61741
Przemek247 6422 9 -81296 88374
Tatiyana831 7680 22 79621 73018
Tatiyana862 7757 16 -81788 -66967
Benjamin385 7582 12 73508 -58309
Max453 7432 16 86413 -74770
Clement48 7559 12 -71796 -76419
Michal654 6757 22 -69311 -75051
Petar996 7157 22 85426 67433
Benjamin86 7363 11 81297 -81510
Bakhodir531 7285 13 66697 73361
Tatiyana804 6677 24 68551 80158
Clement814 7680 22 -81378 83255
Stefan916 7158 9 76365 75715
Tatiyana649 7865 17 -82960 65440
Tatiyana814 7310 24 -65743 86796
Petar654 6515 24 78916 84457
Stefan46 7341 19 -85078 -78792
Clement670 7624 9 -61140 75666
Benjamin471 7557 13 -83785 83865
Max535 7961 18 -82042 85019
Matas234 6777 18 -74726 82642
Stefan382 7297 12 -77814 -78458
Michal803 6428 20 76368 82330
Michal856 7995 18 -72680 -77682
Matas471 7204 19 68215 -73611
Stepan197 7102 12 82861 -57859
Benjamin219 6462 24 78953 71057
Stepan656 7950 21 -58921 75705
Przemek550 6752 21 71906 -63727
Clement572 7635 21 74037 77186
Bakhodir961 7353 24 -70454 62180
Petar608 6475 18 88827 -64174
Clement909 7394 23 89338 -59777
Przemek370 6752 19 -64311 85319
Max574 6724 20 65797 85403
Przemek832 7257 14 -72386 85493
Bakhodir144 6808 17 69752 74294
Michal580 6880 10 -77549 -59672
Clement745 6958 11 -82153 -63231
Max195 7492 18 87237 -59054
Matas759 6723 24 -72991 -70329
Michal465 7336 9 88951 -58954
Petar489 7199 10 -78344 63171
Stepan748 7537 22 70970 77044
Stefan167 7290 23 84819 70246
Stepan419 7486 14 -77456 64899
Bakhodir287 6421 20 -72568 62148
Bakhodir174 7011 23 -83290 80092
Stefan955 6622 10 72522 -62313
Matas941 7410 20 -87748 77892
Stepan402 6702 15 64907 -71553
Stefan702 6585 8 -84972 65508
Tatiyana658 6448 9 87961 -77850
Tatiyana615 7401 24 -75690 63334
Przemek490 6618 21 67846 -64906
Matas555 7300 13 -86709 69736
Benjamin216 7799 24 -79106 67133
Clement994 7644 19 78795 -56233
Petar764 7462 12 -61477 78991
Nelly204 7393 20 68458 72709
Benjamin31 6682 19 -61542 63124
Matas741 7015 10 59641 83982
Nelly260 7202 16 -60297 69139
Nelly602 7064 21 64654 80607
Nelly213 6854 14 -73269 85962
Max335 7466 14 -60730 80688
Matas485 6986 20 71340 79129
Benjamin583 6437 24 63938 65489
Stefan855 7115 18 -62858 83817
Clement503 6585 9 74924 80660
Przemek194 7124 9 63102 82772
Petar288 6538 13 -71396 85513
Benjamin960 7517 17 -75301 87437
Stefan901 7713 11 86811 -75456
Benjamin176 6868 17 -62010 87090
Stepan675 6926 11 -83703 -75215
Nelly64 6997 12 -77417 -77592
Stefan621 7735 21 -60749 81393
Przemek710 7206 17 -68802 -75821
Matas598 7505 16 -85999 70956
Clement433 6593 17 -84432 -70314
Przemek676 6475 9 70660 -61734
Petar890 7643 24 80910 -80233
Benjamin515 7751 21 -78588 62285
Stefan14 7710 24 76262 82467
Petar172 6592 16 -79293 -58165
Stefan308 7818 9 -75196 -78448
Benjamin445 7173 13 -83185 66167
Petar320 6556 16 -70993 -69335
Clement219 7002 14 -80823 -79276
Clement668 7585 15 -63985 61955
Matas307 7182 19 65929 68947
Stepan661 7219 18 67902 73340
Bakhodir996 7839 13 -85346 -71769
Przemek782 6819 22 69212 -67117
Michal631 7918 24 -82785 86238
Clement73 6913 17 -71455 62945
Clement788 7023 13 70345 71390
Przemek485 7648 17 -82344 -65421
Nelly344 6953 12 67694 74977
Michal285 7492 19 -86714 -80781
Stefan910 6455 15 76824 80936
Max931 7920 9 77164 -80566
Clement953 7855 11 87141 65566
Petar232 7890 13 -84075 84675
Matas974 6418 10 -75767 -69420
Tatiyana507 6556 20 68695 -64454
Nelly572 7524 13 79135 -80416
Nelly36 7575 15 90698 -74900
Max918 7643 8 65584 -78671
Petar995 7212 8 -59805 68761
Nelly318 7378 19 77166 -79979
Max311 6615 17 70103 -77133
Nelly284 6538 15 -67118 62623
Przemek780 7911 12 -79027 -56510
Petar857 7883 22 88339 -74464
Clement57 7764 23 -73798 -78422
Nelly951 7989 18 -71465 -76855
Max991 7517 19 -85199 67376
Tatiyana949 6940 14 -58986 79527
Stefan22 6524 14 84577 67798
Clement185 7896 9 -79594 61596
Przemek750 6930 17 67287 68570
Nelly697 7797 24 -85982 69884
Clement884 7525 24 86785 -58546
Tatiyana328 7179 20 -86877 -81786
Max941 7713 16 77054 85037
Petar999 6678 15 81353 69300
Bakhodir41 7941 22 81661 85331
Max559 7731 18 -58894 67981
Michal987 6481 15 64320 80252
Stefan700 6437 11 68639 -77904
Nelly499 7498 11 -58988 67378
Matas536 7710 18 76421 73844
Tatiyana70 6452 19 -64050 62413
Tatiyana107 7533 23 83362 68435
Michal791 7380 22 75381 73108
Przemek594 7708 9 86832 66388
Tatiyana564 7877 8 74012 -81674
Matas261 7570 19 -85027 79514
Bakhodir726 7298 24 90646 -59340
Matas145 7682 21 65921 72015
Przemek777 6983 22 62301 67420
Michal85 6884 23 62358 68821
Przemek929 6890 18 -85087 82006
Benjamin528 6689 12 86286 -59049
Stefan963 7385 20 -67703 -79344
Benjamin112 6474 23 69384 82064
Benjamin362 6901 11 -81571 85109
Benjamin467 7786 14 67865 -62368
Max419 6940 9 -79395 88067
Przemek814 7682 9 63805 81587
Przemek256 7275 20 -70012 -75228
Benjamin930 6422 17 59759 87072
Matas546 6823 16 62152 80973
Max754 7660 22 -73578 -59185
Przemek290 7817 15 -65831 88491
Przemek598 7237 23 -72884 -74669
Matas326 7841 9 -86414 73185
Max306 7141 20 92184 -70207
Tatiyana51 7333 16 74276 -56207
Przemek708 6871 24 78073 71953
Stefan605 7281 19 70955 77442
Stepan461 7034 16 74292 80063
Przemek591 7047 10 75713 80112
Benjamin926 7910 11 -77049 -58302
Petar925 7783 14 -69074 87918
Nelly92 6472 8 -74264 64365
Stefan204 7555 16 58916 87616
Nelly587 6962 21 -79731 -65159
Benjamin734 7912 17 -88213 63315
Benjamin431 6926 18 -87174 -74224
Benjamin65 7040 21 -78540 -77667
Bakhodir877 7591 10 76393 -81408
Stepan480 7894 13 -67674 88146
Petar685 7781 17 63258 81805
Przemek369 6722 9 -61120 67783
Matas113 7537 15 70145 67509
Stefan106 7834 11 -77553 -58345
Petar562 6878 21 -88127 -73552
Matas22 7853 24 89283 -60097
Michal453 7418 9 -82471 -64160
Przemek305 7877 19 81908 68869
Bakhodir822 7052 17 -68258 -75841
Przemek177 7734 21 70391 -67373
Max216 7902 10 85268 -55723
Przemek561 7185 9 87320 -59867
Bakhodir624 6883 20 82146 84436
Michal342 7596 17 -83087 82408
Benjamin567 7391 11 87117 -59325
Benjamin916 6949 17 -84193 -75597
Michal176 7352 20 -71246 85145
Max601 7963 11 -75678 -66496
Nelly282 7970 14 76716 71691
Przemek55 7307 20 -88181 -81148
Stefan265 7610 20 74993 73258
Przemek208 6713 10 -60305 72221
Stefan397 7149 9 -77505 62457
Stefan309 7329 11 74808 75226
Bakhodir172 7180 21 -76464 -78838
Clement179 7233 17 67270 81016
Stefan854 7779 23 -72177 -79025
Tatiyana538 7072 16 70481 -69922
Stepan117 6741 22 75442 81923
Stefan197 6441 15 62066 65367
Przemek998 7082 10 83132 68960
Tatiyana511 6609 8 -61386 81471
Max980 6952 22 77872 72779
Nelly883 6878 20 -59967 74765
Benjamin722 7613 24 -77389 84799
Przemek595 7762 10 73238 -80436
Michal135 7693 12 -86655 66739
Nelly628 7923 10 79186 -58094
Benjamin49 6434 19 73886 75838
Bakhodir930 6774 17 -84654 74032
Stepan159 6680 24 -60824 73222
Tatiyana816 6533 17 -84266 77400
Michal148 7797 8 -58646 73513
Stepan911 7607 16 -59430 75878
Tatiyana14 7031 16 73968 75688
Przemek974 7705 9 -85904 79059
Stefan145 6893 11 -86002 -79428
Max3 7101 13 70865 -61341
Stepan697 7707 13 79419 74709
Clement699 7766 17 -81133 -67197
Tatiyana766 7722 14 71964 75874
Przemek972 6480 16 -71590 86881
Bakhodir12 7611 21 -70872 -79231
Matas610 6630 14 -63990 82510
Max203 7188 21 73114 77936
Clement679 7174 14 -73424 -73928
Stefan113 6798 24 -85748 75547
Tatiyana925 7038 22 76106 73278
Stepan909 6993 14 -83511 87654
Benjamin161 7310 23 77356 84879
Matas288 7182 24 66907 84902
Matas79 7660 16 -85170 64577
Przemek640 7645 22 -60078 71409
Nelly680 7061 22 67695 79351
Petar678 7155 15 77862 74965
Stepan328 6575 22 -78445 -76994
Michal215 6809 17 -81704 -70316
Benjamin150 7840 11 -71543 -74354
Nelly4 7937 13 70591 -59631
Stepan269 7803 15 79933 72720
Petar593 6585 11 -77444 -78340
Petar266 7877 18 78961 -79992
Przemek982 6827 8 76286 77304
Stepan90 7626 12 -83184 76631
Bakhodir473 7089 23 60893 85538
Benjamin774 7564 9 -71251 64487
Tatiyana776 7228 16 68890 -63229
Benjamin783 7974 18 -87224 85635
Max771 6769 8 79693 -80402
Stefan830 6724 16 81543 71051
Clement12 7763 15 73518 74526
Petar590 7473 18 67287 72884
Nelly707 6460 12 74615 82069
Max59 7163 16 -86507 82189
Max143 6985 13 -81506 -64143
Benjamin611 6485 16 -85196 83956
Matas927 7481 13 -78767 -76792
Petar710 7370 15 71651 -82477
Stefan599 7984 19 73175 -80516
Bakhodir501 7120 17 -61079 66186
Bakhodir912 7672 19 67830 -76976
Nelly333 6656 21 -80927 62743
Nelly188 7587 13 -82463 87825
Przemek881 7559 23 -74010 63903
Clement177 6476 8 77631 75379
Nelly231 7956 8 -71680 -76848
Stepan474 7008 17 89068 -68109
Przemek638 6752 19 89838 -70678
Przemek100 6801 17 77023 74329
Clement913 7287 19 87200 -59776
Clement329 7030 23 80165 86321
Nelly225 7442 9 -60921 85080
Stepan541 7890 12 -61014 66475
Nelly373 6558 10 -84041 85358
Bakhodir295 7222 11 64503 -77192
Matas432 6896 13 -85467 -70833
Michal557 7025 17 -83507 83061
Matas839 7054 17 -63417 84632
Matas351 7278 24 72263 -59114
Michal622 7310 17 62023 82542
Stepan670 7093 12 -86331 67849
Clement548 7635 18 -82510 83204
Benjamin353 6548 24 88417 -58650
Stepan744 7039 21 73039 -61157
Matas232 6586 19 -86504 81596
Przemek16 7317 17 69740 -73852
Michal133 7512 22 -76354 -68938
Bakhodir621 6745 8 85402 -80081
Nelly783 7011 13 -73766 87309
Przemek798 6906 24 76656 -81825
Stepan799 7920 22 73784 76601
Stefan324 7306 9 -78069 66758
Benjamin803 6848 10 -81324 -66986
Michal822 7815 15 69644 74784
Bakhodir61 7828 23 77319 -81264
Matas813 7549 23 78051 80610
Michal768 6583 16 93653 -69045
Bakhodir573 7708 17 -74638 -76598
Nelly581 6436 14 73818 -81441
Benjamin435 6906 10 -59921 73993
Clement387 6930 20 82322 -56200
Petar888 7417 22 -78822 -57102
Michal720 7925 8 -63141 85643
Matas786 6406 8 -72717 83766
Stepan782 7294 13 -85055 83807
Max177 7197 20 63159 81167
Tatiyana201 7714 10 66922 -78057
Stepan50 7487 23 85553 65516
Petar753 6525 13 88820 -75345
Matas582 7395 9 -86887 72845
Max10 6424 18 65664 85490
Stepan272 6996 21 -79972 86289
Stefan297 6640 8 77668 79764
Tatiyana23 6866 20 70077 70701
Petar470 6467 21 -85642 86051
Clement344 6960 20 -87240 62389
Stefan256 7689 18 -72033 86291
Stefan703 7606 9 -67678 62461
Petar54 6604 12 -69284 -77306
Nelly266 7704 23 -61555 84352
Stefan347 6629 13 86507 -60916
Nelly334 6479 19 -78567 -78348
Bakhodir393 7216 24 79410 83002
Nelly413 7616 19 -87778 -77201
Max571 7621 9 -79409 -79129
Michal226 7066 14 -87606 71782
Clement936 7156 20 -59013 78820
Nelly546 6460 19 -58663 69140
Bakhodir465 6484 12 -59892 65287
Clement302 6754 16 66181 79942
Przemek819 6521 15 -75550 -67541
Bakhodir523 7276 20 -79417 84583
Benjamin550 7636 9 65380 70322
Tatiyana789 7819 19 -61158 70593
Stefan831 7642 18 -87893 65594
Stefan468 6828 12 -67684 -78746
Michal612 7379 16 -84953 -68925
Stefan546 6966 8 -62481 62504
Bakhodir26 7900 15 -73047 -67882
Petar349 6973 20 -82705 84820
Tatiyana505 7431 23 89743 -59388
Nelly50 7033 14 80873 71440
Max528 6609 21 -85346 67681
Petar306 7264 8 73629 75940
Matas180 7485 15 -85784 68633
Bakhodir888 7203 19 83908 64586
Bakhodir191 7567 14 -84839 -70780
Benjamin982 6635 11 -85351 -74216
Stepan587 7886 24 61575 80089
Benjamin163 7791 16 61273 84570
Clement669 7659 20 85538 -73798
Max611 7721 9 -83911 -78924
Clement25 7747 20 -65522 62126
Stefan544 7185 23 73505 -81426
Tatiyana425 7164 18 84749 67783
Tatiyana974 7005 15 -84592 87816
Nelly289 6790 18 88685 -60122
Michal982 6603 11 78930 79703
Stepan936 7710 11 -85492 66793
Max200 7349 15 -78329 64965
Matas147 7803 18 -59366 75421
Michal471 7429 10 67539 -78950
Tatiyana357 7644 11 -78077 -79209
Benjamin812 6899 16 -81579 83802
Benjamin42 6937 10 -78477 83001
Bakhodir809 7244 24 62333 68105
Stefan981 6970 10 -81066 -62830
Clement685 6948 9 -83592 -68855
Stefan461 7994 11 -83318 67206
Stefan149 7437 14 62994 66287
Michal527 7107 22 86141 66133
Michal702 7884 8 -83616 -75227
Max705 7933 8 74240 -56301
Stepan701 7914 17 74411 -57108
Bakhodir979 6460 24 -86092 -81452
Przemek903 7847 20 -60210 67238
Nelly39 6875 20 -68213 86706
Petar686 7014 24 -75885 -68576
Stepan954 7056 18 -75209 64141
Bakhodir926 7787 24 90143 -61354
Max747 6705 12 -80982 -77992
Clement751 6518 22 -79304 -59546
Stefan389 7970 13 -63374 62891
Przemek713 6864 19 79226 -57171
Petar771 6616 19 -75707 84168
Petar670 6736 16 74183 77371
Tatiyana316 6803 21 69267 81156
Michal116 7692 9 77012 84422
Bakhodir983 7139 22 86269 -76773
Nelly277 7065 21 -84461 -75054
Bakhodir28 7736 18 -84292 -72424
Clement987 6470 23 69295 79077
Nelly933 6550 15 -60811 78947
Matas289 7006 12 79014 82128
Bakhodir554 7103 22 69442 -71655
Michal790 7333 22 -86556 -82086
Petar400 7773 10 69188 72165
Stefan903 7223 18 -86040 64947
Przemek487 7381 17 63349 80922
Bakhodir619 7360 16 -83499 -71131
Stefan17 7288 20 77202 81425
Petar365 6938 22 -60582 80777
Przemek229 7943 10 90615 -67185
Nelly653 7701 21 -77885 65391
Tatiyana16 7199 10 81409 -56787
Stefan463 6959 17 66196 83076
Stefan681 7286 20 68495 -64003
Przemek675 7426 21 88871 -64510
Matas359 7411 15 79957 -56473
Clement736 7110 15 86444 64598
Nelly152 6613 20 77471 85400
Petar863 6476 11 90760 -69471
Tatiyana605 7707 19 88004 -59170
Michal699 7390 20 87721 -60014
Benjamin529 6940 14 -62857 84845
Stefan570 7488 10 -59054 68961
Stefan563 7096 15 -79950 -70432
Michal876 6953 9 -79555 -70341
Max576 7681 23 -80622 -68439
Przemek365 7713 8 -78341 -78465
Michal202 7809 17 67964 -70132
Stepan892 6759 10 -83204 -70204
Stepan409 6480 16 67063 -77382
Nelly74 7094 18 69575 75149
Tatiyana532 6920 14 -79061 65267
Matas277 6976 15 -84280 84675
Nelly126 7229 10 -75576 -62482
Michal122 7884 11 -88321 69096
Przemek649 6406 8 -70325 -75603
Bakhodir667 7534 15 -87632 63167
Tatiyana88 7473 12 91476 -74715
Matas443 7345 16 -84367 63870
Michal904 7138 24 -87755 78330
Matas972 7239 17 -86561 65208
Petar351 7719 16 85319 -82220
Michal32 6911 16 -60216 73306
Michal374 7582 13 -73647 -67746
Bakhodir576 6523 16 -70837 -66101
Tatiyana761 7633 20 -74829 -63964
Clement937 7501 14 69488 -63498
Bakhodir742 7238 12 89553 -71665
Stefan391 7684 8 -74346 -70110
Stepan366 7212 17 -75516 87023
Matas789 6915 19 68690 -66980
Clement803 7911 8 79445 75478
Stepan774 6507 19 74371 77583
Przemek83 7507 16 67276 67352
Michal888 7023 12 -82360 -70038
Przemek223 7912 14 89919 -69541
Stefan724 7433 22 -73020 85049
Tatiyana236 7208 8 69084 -66592
Matas962 7865 11 69817 -62946
Stefan349 7126 22 -86082 76674
Bakhodir707 6633 22 70731 -80489
Michal40 7370 9 -72841 -76298
Tatiyana458 7630 16 74370 71159
Matas371 7184 15 69760 -78650
Petar631 7918 18 -85003 -78167
Petar142 6783 22 -88137 63792
Benjamin613 7693 14 64804 72388
Petar29 6760 9 86486 66627
Petar469 7783 21 -76341 -62536
Stepan274 6913 16 89313 -61166
Clement309 6719 15 80656 83423
Tatiyana851 6501 14 77770 75923
Benjamin225 6493 16 -74835 -58669
Petar101 6707 10 -84925 77757
Bakhodir795 7546 23 62524 66516
Stefan179 7396 16 -76438 -77167
Stefan562 7135 20 70377 -73993
Clement496 7233 14 77867 72347
Tatiyana165 6657 21 78379 -57852
Stefan510 6401 13 86018 -76048
Tatiyana742 6472 11 87613 65205
Benjamin130 7642 14 -71978 85301
Przemek20 6875 12 75925 78457
Nelly762 7891 22 67878 -79288
Benjamin826 6876 22 -79961 -69153
Tatiyana351 7123 18 77804 81914
Benjamin887 7827 18 -72154 -69392
Przemek391 6769 14 -84704 75285
Benjamin36 7200 17 -71043 88080
Max274 7757 22 64751 66459
Nelly434 7192 16 91115 -64905
Clement975 6566 16 -67801 62198
Bakhodir178 7756 16 70492 71997
Tatiyana438 7520 23 -82746 -79219
Matas341 7734 16 -59003 76707
Michal795 7295 11 -85125 80922
Petar267 6621 19 -59368 79405
Michal49 7395 24 -74046 -65085
Clement147 6500 11 71750 75829
Nelly566 7854 18 -73513 85150
Michal255 6911 12 -87995 -82283
Przemek661 6768 22 75369 -82445
Clement406 7719 22 -84128 81522
Max215 7900 21 77514 -79734
Stepan599 7825 23 64985 65960
Stepan484 7461 15 -81624 -64791
Max605 7251 15 -87762 68603
Matas164 6750 22 -86887 76489
Stefan509 7578 21 -87915 80800
Petar134 7402 20 75005 77696
Michal843 7309 23 69366 68229
Stepan243 7507 17 -75870 -60075
Nelly947 6612 23 -75006 -66680
Petar729 7681 22 67097 64823
Matas699 7123 15 -87393 83493
Max730 7045 14 64835 -73142
Stepan500 7018 11 -79112 88363
Benjamin196 6534 17 81698 85712
Przemek588 7639 10 79858 83241
Stepan562 7614 12 -76154 63405
Przemek107 7683 12 72780 74261
Stepan41 7061 21 69464 80970
Tatiyana740 6806 10 -60414 66996
Przemek790 7077 17 89049 -71590
Stefan141 6603 15 64864 82034
Matas874 6528 11 -66731 63503
Nelly645 6869 10 -75697 -79384
Nelly271 7238 19 -85002 63476
Nelly597 6931 16 -73042 -65850
Clement580 6645 11 -58949 78455
Bakhodir413 6913 23 84798 66980
Stefan426 6645 13 82448 83943
Tatiyana148 7691 17 -85936 -78283
Bakhodir407 7187 20 -87916 66744
Bakhodir781 6996 14 -63868 83947
Tatiyana997 7755 18 -84516 -71776
Matas321 7173 16 78108 75563
Przemek341 7051 20 -59270 65368
Max554 6602 11 -78488 62686
Tatiyana984 7353 21 -83299 78995
Petar384 6774 12 67987 -71125
Stefan25 6754 21 -79392 83461
Przemek519 7232 13 81119 86858
Clement939 7081 22 -59684 67111
Matas982 7988 9 -60741 78427
Stefan255 7680 22 -76958 -60937
Benjamin70 7273 21 74937 70652
Michal142 6776 9 -82018 -68744
Benjamin25 7099 9 80743 -81454
Max865 7284 15 67552 69471
Nelly370 6721 20 -82953 76632
Stepan491 7147 17 -84811 62111
Clement296 6655 9 67908 70452
Nelly601 6864 10 66965 65792
Matas793 6453 15 68289 74184
Nelly954 6588 18 69780 -76469
Petar552 7401 20 64224 69770
Matas25 7548 15 76251 -55575
Tatiyana603 7277 23 -75923 64499
Matas669 7674 12 -78134 83255
Tatiyana58 7797 9 77146 75353
Benjamin642 7137 15 73316 -60716
Petar8 6954 17 74183 82464
Petar312 6799 16 73538 -56181
Przemek238 7511 9 -85499 -69309
Max945 7342 13 -73168 -67141
Przemek420 6713 16 -74071 -70342
Matas440 6811 17 61805 68710
Matas63 7694 20 -85004 79168
Benjamin962 7745 17 -81291 -63802
Petar500 6983 8 -70083 -77525
Bakhodir471 7853 21 62735 66202
Stefan396 6577 18 -86060 67711
Stefan331 6714 18 85145 67188
Matas236 6645 19 90998 -75051
Clement706 7517 18 85125 -57683
Benjamin753 7550 8 -60417 75756
Benjamin481 6837 17 -83397 -68752
Nelly691 7346 16 -73617 -58670
Przemek696 6647 15 89202 -62141
Michal352 6428 18 -73255 -64739
Przemek520 6564 22 66682 79996
Tatiyana286 6860 17 80004 67801
Przemek65 7679 9 -59053 80602
Stefan897 6768 13 -79196 86417
Bakhodir64 6718 10 73497 -61340
Benjamin524 6612 10 68571 -75279
Stepan871 7802 19 62087 70373
Benjamin647 7962 19 69339 -71999
Petar696 7572 14 79336 75416
Benjamin535 7100 15 68659 -74629
Benjamin755 7152 8 64891 -76225
Stepan729 7568 12 -82025 -77214
Stefan410 7415 14 -84001 85447
Petar930 6805 23 -87808 -80831
Max772 6962 10 63193 80099
Matas671 7610 20 75187 -79807
Przemek12 7977 15 -88081 64743
Matas754 7684 19 -74671 -79193
Stepan268 7417 11 75185 74585
Stefan848 7251 23 66261 68390
Tatiyana797 6693 14 74004 78334
Petar316 7923 11 -60485 79470
Benjamin592 7403 10 72841 -82411
Max868 7593 16 -86397 -74479
Petar713 7209 13 -87531 76913
Nelly837 7715 19 84495 66140
Petar42 6784 16 -62858 86573
Benjamin712 7151 18 -82034 86412
Matas89 7983 22 -86351 80829
Benjamin662 7693 12 -85460 80227
Benjamin732 7029 9 -70717 -75986
Bakhodir507 7504 14 85651 -59335
Stepan210 7382 22 68483 70755
Clement643 7024 22 -67076 62755
Stepan110 6495 9 64710 69465
Bakhodir849 6417 20 -59913 80072
Tatiyana244 7278 12 -87684 -75935
Tatiyana407 7473 20 72301 -64370
Stefan433 6626 10 -80889 84143
Bakhodir356 6730 8 -84853 83356
Stefan183 6819 20 66949 -71724
Michal182 6612 20 -73342 83469
Bakhodir933 7071 20 -85399 74796
Bakhodir282 7165 23 -80055 62479
Przemek858 7527 23 72478 -61658
Petar104 7572 12 -72476 -67068
Bakhodir966 7913 17 84996 69972
Tatiyana265 7228 8 74063 -80298
Bakhodir679 6533 17 88835 -71804
Michal893 7276 17 73938 -80937
Tatiyana592 7786 14 66683 70792
Tatiyana712 7766 20 68270 73181
Stefan487 7519 12 -74543 -63370
Przemek288 6709 12 66319 -79198
Bakhodir323 7684 22 -59099 65788
Benjamin780 7959 11 -60183 71058
Nelly538 7563 19 -58835 70478
Stefan19 7120 22 64683 83635
Matas188 7105 16 -86031 62678
Max164 6957 20 67109 83246
Max681 7723 17 -83688 63001
Tatiyana792 6946 20 77457 84465
Michal81 7783 20 -84793 64619
Stepan652 7881 21 -63376 88382
Nelly793 6888 18 -59151 75217
Matas522 7061 21 62516 85458
Matas293 7119 22 -88244 -78268
Matas988 7638 15 85368 -82191
Bakhodir567 7391 8 86517 -78947
Tatiyana547 7080 10 -62854 87612
Nelly520 7778 14 68294 69233
Matas267 6798 22 -87924 69031
Przemek176 7252 18 -86354 67653
Clement940 6714 17 -59205 63469
Michal382 6984 18 87139 66724
Clement336 6597 22 90596 -59040
Nelly854 7701 16 -72273 -77201
Petar405 6825 11 -71467 63662
Stepan930 7143 19 91491 -64188
Stefan300 7545 15 -60045 78121
Petar520 7711 17 -61000 73959
Max995 6712 21 73814 -56464
Matas832 6983 9 -73042 62610
Clement556 7736 9 85421 -81804
Bakhodir197 7742 23 -74999 -60559
Max657 6536 20 80003 83530
Max234 6405 16 -83901 83611
Stefan40 6937 11 77649 -56525
Nelly400 7002 19 73583 -57764
Michal358 7335 20 88989 -65412
Matas815 7669 8 62448 79549
Benjamin497 6798 23 69199 -69820
Benjamin145 6778 21 71974 -80535
Petar464 7463 21 -88192 -80878
Clement23 7141 16 77005 72916
Michal419 7396 18 -84050 80009
Clement710 7253 11 -80332 84306
Bakhodir810 6901 18 70224 72431
Michal66 6618 22 -78884 63947
Max895 6547 19 67690 -73664
Stepan762 6847 18 70126 81082
Tatiyana200 7300 10 -87876 -79147
Stefan871 7733 18 -83856 62434
Clement923 7633 8 -87763 86760
Michal958 7512 18 -85433 -69415
Benjamin919 6743 22 -70001 -74585
Clement77 7002 16 88480 -73699
Bakhodir476 7451 14 -86150 86339
Michal445 7718 20 -62508 84992
Benjamin596 6623 14 -87229 65259
Benjamin858 7879 8 -77388 63170
Michal351 7630 9 59783 88186
Stefan872 7787 19 65767 -78489
Stefan180 7161 12 75999 75222
Tatiyana808 7471 16 -84423 -71273
Stepan94 6992 21 69101 75034
Przemek909 7194 23 -70579 85705
Petar275 7308 8 -82770 73953
Petar359 7130 15 76122 -56529
Michal489 7420 12 -76741 64492
Michal581 7596 12 74075 78771
Bakhodir152 7892 23 75156 82475
Nelly700 6833 23 -75164 -68289
Bakhodir37 6862 20 -82771 83844
Benjamin776 6414 9 -82582 -75127
Stepan473 7063 9 -76452 86055
Stepan593 7922 11 67887 -65247
Matas696 7035 23 65666 70684
Clement152 6691 14 70210 74317
Stefan749 6636 17 -75772 83031
Max948 7785 19 73372 78957
Max22 7906 21 69135 75066
Max246 6789 18 -78833 -59036
Stefan909 6607 8 66298 -76238
Michal812 6796 11 -82032 86730
Clement192 7283 19 78239 72340
Stepan449 6839 23 -80047 -76563
Benjamin37 7974 12 -86919 67939
Benjamin332 6947 16 -74207 -78011
Bakhodir910 6525 13 74220 75174
Clement743 7678 23 64323 84556
