100
501000
322422
66613
749325
15711
999918
523207
784249
999987
268747
579331
825577
1
146716
776679
58321
846889
305485
3
384178
688817
186608
23
521943
19150
958589
190600
375353
905363
148624
692568
851084
10
387047
1000000
191035
612529
276698
681179
20300
503727
29
769334
58251
990887
689980
685156
177526
303384
422978
561677
999953
394382
923262
999989
131554
93
172384
764521
420663
242647
180654
411440
26946
715344
243354
999933
468094
311528
229103
467419
705024
956145
565128
255174
575924
571241
177729
830925
999971
81921
824097
6
91
999955
247131
848293
764116
852661
11
999991
618235
89003
520785
861063
816968
539516
41
661031
51
