100
6 24
0 0
3 1
12 4
14 5
13 7
7 10
50 946879702
0 0
445590603 295304353
432577206 316678655
451372414 310775790
440814223 300117684
451407684 311164891
450644505 301862426
145432356 373286369
748212485 825356142
479995299 951525832
55612534 114696266
801236692 836350064
677108807 546012558
345408611 817405296
249088215 510249364
274258402 96700795
536328188 10600519
665781109 749812183
574089369 182613862
335388817 132729008
899062141 152975938
628327981 847383894
73186615 120288411
945644553 626276689
430318873 821399100
936095366 278156205
114506269 485931408
31943966 737332058
407253706 644131428
154380793 229868929
326569724 656341921
519458793 281155547
30967731 862897912
898028126 37756254
23001614 457573452
463065742 85933295
933317189 922063756
42352167 91393723
570186765 6503805
680419257 840513073
118669278 505638
338953398 616514624
206363034 85691899
582339679 223413716
453282645 466133093
122475014 736720472
17876020 632368721
347782985 494450159
384722765 901360103
211449907 245811112
3 12
0 0
3 0
3 4
50 769712445
0 0
153311751 237741213
151359789 235123317
151904848 236576231
151715993 240670451
163166140 233363671
149850556 234241649
159465374 233665701
154009903 236483272
157986889 241374318
163495413 235610676
163489522 233996586
165447679 240722172
169802607 240511603
425607235 935926990
659001997 387301329
394593447 544937862
728002606 294935562
291561785 647847515
190120000 111806845
295238768 483029566
771849510 20182975
396339323 741283661
296243967 411784243
85646551 869742228
64922069 934700215
26160059 483193809
521969625 739952197
206058529 728499461
516942803 830457886
70275567 484182116
29119978 28461153
323396715 464869015
112716530 609638936
573962133 614958500
950504418 155352882
28052210 721717253
463000914 722353928
986654524 424391533
146650113 611761233
398977801 924817427
260527589 64088535
804040732 425137860
6153673 782497214
612955100 862615613
346797729 523096476
551557629 683230668
616035 228434059
690589347 874954344
342429197 113332565
27 325721530
0 0
10004148 10000127
19904543 20007969
29712204 30008016
39413694 40016964
49022382 50019886
58522425 60023223
67829296 70030237
77034485 80037008
86038646 90045935
94847556 100046646
103556941 110056178
112164499 120062923
120671320 130072877
129080678 140078324
137381683 150078831
145382821 160087922
153185949 170092075
160792848 180099083
168195045 190102898
175397192 200111572
182305597 210119138
188808227 220127871
195115748 230134982
201222591 240144870
207222655 250149415
325721528 0
6 511
0 0
385 22
392 30
391 30
356 31
372 25
50 860164222
0 0
138844144 127389562
142423138 127776454
138073450 130268661
137480751 130758060
142373035 128928012
140200997 131001837
140552612 124651642
141205908 125612526
141841064 125260956
138630794 126079123
141816852 124777018
138769001 127727668
139429979 131052282
138249669 124098878
141034159 124486083
140581957 128332482
138986114 125550586
139241095 126888288
139560722 129625578
138275501 130033730
141177999 130812204
142383458 124921780
138265443 128175894
139712385 123977184
792852472 370210369
806994861 285952513
349958354 55591024
388209334 204081625
558969195 921612064
483044203 80706750
675436341 37588078
718117316 733978931
142087872 533243546
746402557 972995646
24810410 324058293
869728265 164888637
638403317 17402444
494171238 984587086
516059274 702820252
73030621 399509931
685462444 161428098
217019122 732541834
936623459 35420798
809549214 605228457
538451559 348109007
385697085 145109769
879088700 213887900
599647799 103814401
929326399 873692924
5 812
0 0
0 2
6 0
44 0
300 0
27 317877151
0 0
10009039 10005402
19914274 20005835
29718859 30013388
39024212 40018295
48226975 50025046
57329189 60030010
66132611 70031448
74842126 80033991
83342410 90043335
91642934 100045681
99845120 110052265
107545582 120060622
115150440 130065081
122452321 140074581
129655465 150075043
136764795 160083204
143773237 170088624
150678745 180091018
157480658 190095269
164082623 200096885
170491767 210105742
176801442 220106540
182803693 230107086
188706827 240110845
194516273 250120361
317877149 0
4 869
0 0
0 2
0 10
0 100
50 856571535
0 0
109349064 240902486
110141367 237192523
105925802 224803687
106455525 236384433
106382350 231984877
106834715 215474701
110926948 218884987
110643811 216371862
108563650 217693830
107463731 235385649
109535825 235739239
110584092 227714720
107228302 227327639
113072308 217572434
107222174 219404953
110876706 242918534
111299448 237478907
108315690 220216288
112943043 214114519
104895857 236236834
104487701 221264943
110739743 233525843
112342735 223621733
110605709 228188926
16339303 415995724
965349585 20596500
766023131 689831619
947962082 590819883
326104229 73054001
444989050 939040705
886937500 535261194
955702014 119061226
339648519 346284185
838906065 853697507
68798964 583968525
27552635 212302889
354904283 108382487
301943407 603347278
206014461 383748541
652260617 83426421
104022921 74870117
617218088 617610202
60946438 722562404
795616406 417696522
209253579 387050667
774828213 240605456
212183034 96191079
442475264 583046579
289260438 551831553
50 633897682
0 0
438541427 48675636
440608638 49066551
441238161 54508444
456993038 50032915
448046490 56161685
426871358 50440073
455600761 48551803
438255867 55490983
430558892 48756039
458286460 54887623
455055260 49525901
430254232 53086959
425615470 48718733
453005173 55338461
443994400 55265672
444159127 53758037
436963615 53914128
599913308 916606424
358753141 567202026
228069369 57563287
132431354 271026412
391729770 464015469
495577974 624995944
179330466 752000146
739615088 767745936
104613283 977339715
922856932 310276609
170198568 993312184
722843868 2271831
280403653 388179930
777635886 320760969
242927119 259640330
28763106 787993490
207711869 842840427
752920066 240032599
511059011 435781238
899796707 885351421
362863717 902788781
507305280 247891034
15636970 542194183
372050250 99436720
409713329 972766605
818595142 147423535
149695366 579911897
968091828 393955362
714716331 430099020
542255702 598244066
238753908 957643451
653000230 571018808
26 304919666
0 0
10004181 10002658
19904482 20009814
29410124 30014422
38516417 40022059
47518439 50031430
56425547 60035089
65228437 70043068
73936926 80051920
82544111 90059308
91052734 100059490
99259703 110068846
107263735 120070093
114966397 130071176
122571932 140075957
129777003 150076430
136585563 160080526
143288192 170088075
149889957 180089836
156290358 190090356
162492759 200099137
168596909 210108473
174603266 220110923
180512899 230118900
186220086 240127230
304919664 0
24 282854135
0 0
9901916 10004321
19702252 20010705
29102887 30015870
38403272 40018375
47613219 50026835
56614352 60036128
65521550 70039891
74324676 80046293
83028514 90047694
91531963 100051381
99834850 110059839
107941277 120061884
115844078 130065862
123551060 140069075
130858797 150070150
137960000 160075755
144865322 170075879
151667854 180078929
158268229 190082046
164673493 200084485
170582151 210090566
176384610 220099669
282854133 0
10 560
0 0
55 126
50 130
54 128
88 111
288 82
365 336
736 43
802 447
856 309
10 656
0 0
64 328
63 337
65 319
29 694
511 14
491 836
886 660
70 923
144 294
15 1000000000
0 0
20 0
87380 0
21844 0
1364 0
22369620 0
84 0
5592404 0
357913940 0
5460 0
4 0
340 0
349524 0
89478484 0
1398100 0
50 542237799
0 0
232811890 21349124
235710070 12315296
232803382 4540040
235892500 25208385
236897197 8266751
225918578 21645134
235210555 21724370
232983704 18011594
236173534 18888702
240154397 31093666
232440887 18128579
228292990 2679782
230273918 5444504
840844654 137659937
445612635 843164290
44533393 792326029
848406546 824844186
873947881 875885728
991076020 209163509
204548338 143483518
243083236 807488286
406768024 9981985
572158016 541738588
92764404 122503621
95297112 406426547
923301311 721246403
813908092 522539249
617965660 747350414
737526703 948807579
644488221 311326666
103652695 183139338
860499876 541537966
269940046 804575593
866255455 586964109
582963979 113532418
921020705 70803793
80785779 826047215
220302156 180305081
155325054 652943795
911886695 313066560
34312963 250622166
773161415 687704358
435054772 700737407
502061338 243643427
407486445 25097827
208237165 146549559
540603877 363655493
20747438 68737041
508217503 810543923
50 545112282
0 0
281470879 218024558
306822048 218134466
287288197 218063440
298215120 217923955
297969350 217974230
290616302 218148374
285081214 218144134
293339081 218113023
281328954 217963174
307078518 218112861
311328685 218129609
287192061 217856309
288266984 217906034
286435317 218103509
307943028 217855136
296071363 218038455
307701498 217986962
303545923 217952074
308369679 217853592
280445363 217832080
403617277 79573465
791887627 552735616
386082314 572768353
489961619 248341191
984604326 814155905
200140520 25217840
562569822 835926035
852679160 666338733
67823987 292517733
555944350 219808532
544463209 686365147
77198658 801626972
418455850 96712257
279618332 510610187
175956427 742487370
674577187 772349729
177601697 432090056
4858409 318981166
567322358 563684011
230356268 494820028
372554220 404443036
92885423 430496789
96835522 935124042
80158127 945564584
165373116 17175862
703541009 488618829
290245801 562352677
659064934 780739667
143866207 561218004
20 1000000000
0 0
5648 0
630 0
72 0
37037039 0
4115229 0
12345681 0
333333335 0
16938 0
5 0
152418 0
10 0
1884 0
1371745 0
50808 0
111111113 0
212 0
457250 0
1000000000 0
26 0
5 10000000
0 0
1334884 0
782398 0
857040 0
857039 0
50 591827811
0 0
140778690 361212499
152923854 361654040
136651050 399283632
148038726 376856934
140256465 379570957
750060822 878244941
696089414 485419755
578523161 222350694
37082124 392451303
795069704 400869110
166622519 770567555
718733143 610772981
55117143 44546364
794047291 249018510
954750104 76812167
332314109 812814955
67739275 175956248
261544315 157768564
873404212 951274379
324136653 943268517
674029810 538392530
23812285 74197476
149064522 222635577
615086880 454851799
855720909 186146646
809230553 262672936
873445917 22343428
919406144 380480048
629498558 928563060
857891580 565969788
231301095 436765015
612721263 42722041
200490606 151556722
102831101 874265578
670050447 926411170
317320052 279484107
353681583 344080257
566715834 193648689
648500488 502746105
541409104 34319066
296992002 356737749
231597530 350639657
731119706 22954271
804033684 3520026
569489814 213134616
649899631 514441616
557163657 800790909
952347632 115137246
989402824 757654263
3 900000002
0 0
500000000 0
900000000 0
28 327185993
0 0
9806086 10009702
19214985 20013237
28516296 30020385
37722906 40023649
46824435 50025678
55734210 60028957
64438221 70038393
72741607 80041522
80846683 90043469
88855456 100051573
96763336 110059686
104567833 120065613
112277016 130066443
119777386 140069980
126883001 150077541
133789796 160084650
140597525 170093038
147299779 180099929
153906476 190108018
160412617 200115248
166818420 210118282
173018435 220124641
179126213 230127719
185128644 240135046
191036843 250140886
196839243 260142486
327185991 0
2 1
0 0
0 2
25 294097388
0 0
9903186 10002790
19711357 20008370
29213550 30018091
38523013 40021940
47727297 50022675
56636463 60031048
65444204 70031808
74045957 80032464
82551746 90035094
90952670 100036195
99153445 110040302
106956856 120040716
114662444 130046225
122269181 140047889
129775471 150047967
137184159 160055105
144192151 170059011
150801031 180065677
157209298 190067340
163511249 200069890
169715831 210074747
175820552 220084102
181829802 230087649
294097386 0
18 203955890
0 0
10007286 10004366
19614651 20007201
29021975 30010976
38330445 40020924
47234090 50023779
55738201 60023974
63940299 70033393
71548376 80041227
79051935 90041596
86355286 100041596
93357645 110048741
100066612 120054724
106667435 130061441
113077295 140069283
119379448 150069862
125383939 160070545
203955888 0
50 919223779
0 0
244411386 274782208
246595516 290995144
244229291 293405874
245474058 270500750
245127028 293940488
245558809 288175546
244564543 269107025
246324172 267023457
244036638 282200197
243845385 283948953
243843514 263810493
244412080 267257253
243748177 278632890
246545647 291399546
246399914 265403090
245663750 280759226
795530717 33823004
640445956 126355530
820101648 905603440
815915163 75135286
869653775 201297881
931105631 202726356
536758852 280662450
59460210 154101027
568665833 292059742
15791701 20342519
344084170 217256351
992486803 677962865
245903391 587049599
919461728 854393343
851806713 3567557
889906914 839873143
818745025 499853782
257973574 382869222
310520860 491363026
692660907 73888737
276615093 180174635
313353437 476282890
630383918 813373946
957950040 372813647
245672518 51566103
121338806 973741741
504220958 589756688
29322639 113825610
820735305 750124349
753691907 948784368
641173863 525058370
24912152 496115173
878984395 312435240
2 1000000000
0 0
1000000000 1000000000
26 300896117
0 0
9908131 10003325
19709841 20003451
29218311 30006103
38427534 40015513
47231592 50023105
55932006 60028344
64133090 70031143
72240047 80031857
80147773 90040376
87751525 100049588
95261394 110052533
102564205 120057709
109773006 130059978
116881359 140069536
123682956 150075620
130389233 160080824
136992725 170082788
143494582 180083562
149800311 190090245
156005140 200096419
162111793 210103700
168116772 220105409
174023737 230113950
179728282 240119877
300896115 0
26 311151947
0 0
9908818 10005611
19718597 20014275
29323822 30019946
38825191 40021341
48227595 50030079
57537246 60035431
66746427 70036820
75855689 80036894
84762540 90043999
93463566 100046753
102067885 110053009
110470559 120061866
118671967 130071258
126773608 140073531
134676867 150081791
142379946 160091471
149882644 170094880
157285672 180103719
164485945 190110726
171294027 200114662
177999838 210122260
184507339 220124099
190615682 230130336
196623519 240134505
311014554 9245510
2 1
0 0
1 0
50 573286728
0 0
337899992 230093981
357155702 227036608
332737392 233276350
345343792 230326664
344823716 222740991
333191013 233200122
32288604 909162436
406558188 457285285
369492145 38959537
834906816 656999214
354039635 58496586
664261482 992953182
918756261 611875767
831806923 251942890
954497295 716140198
42647264 771770890
4088733 909305067
606279471 361538022
86901091 896367303
235452545 421047395
571280108 725323609
634486045 974560943
284362580 603568712
495044602 41044233
550559799 653854725
564867664 329951418
175420952 757115786
368991553 81645498
333588388 94177214
662833764 53314829
825085719 288085683
49907102 557997380
772051755 681690804
578058107 508702925
929750320 711469198
436792808 666027005
493104300 501030428
104599141 923795205
817355791 777466880
283837957 452160095
782111513 220431942
977547729 848705621
930351119 810048818
756742384 199055634
252370463 116455859
404541542 272092500
830089880 77456182
611663338 306964997
815667922 454657987
25 299314114
0 0
10005346 10008415
19907833 20012540
29713071 30022435
39316771 40023796
48721623 50027494
58028851 60036923
67130158 70043708
76039934 80045869
84845052 90046932
93549459 100051772
102156359 110054730
110560707 120056539
118770344 130056850
126675573 140066655
134477121 150067741
142183927 160074448
149684547 170079213
156985236 180084147
164191853 190087238
171194361 200096515
177999654 210096803
184601611 220105806
190302740 230108439
299314112 0
2 1000000000
0 0
1 0
50 791199619
0 0
416662635 398122721
418012227 404874977
417226411 396126463
421374725 401486945
416677044 391327750
419193402 397888822
420794820 406935077
420535197 400114484
538111756 882917654
445270331 193305915
974045582 828357558
242091914 956851618
748051236 117911789
290250775 398313640
81628905 16633288
610300684 894679818
503967270 83925337
506060479 472684796
712908825 460591102
642285507 185155009
104618611 88662346
561251390 759103955
808596882 822163148
705080802 51016296
96838563 199224990
27582548 2867486
959719104 70884146
41312287 122190814
520504454 560286692
576919980 184079415
78759233 602133360
686058697 39737017
512421813 435242855
748350309 44635529
229790538 77846990
166509337 390635817
2256124 186925501
9088650 727760727
631293376 663369358
862594348 566685804
569553290 728131939
651532437 742693249
864884063 381788746
794591791 545361077
729440492 385388518
987521878 224028123
263765140 660716077
948475284 526096927
423248808 628703306
10 623
0 0
233 335
249 319
234 337
227 323
887 682
981 479
439 408
628 446
843 258
22 255253806
0 0
10002590 10004103
19805933 20011948
29212470 30017879
38322271 40021720
47122991 50028332
55728375 60031788
64230596 70035486
72634694 80037430
80943364 90041801
89146236 100050859
97252612 110060642
105155546 120064093
112559222 130064523
119768769 140074191
126578157 150076534
133085072 160078567
139487299 170081085
145494452 180090675
151398196 190093869
157204190 200100330
255253804 0
50 782885727
0 0
213689164 225702981
211824727 223473111
210636487 216514230
210902029 217459080
213018989 208044074
212024670 229567116
214713985 217696674
210243197 234544427
426932245 120657214
498231936 649074260
145189433 68106108
233057701 523144088
658546167 24173828
66195435 889372319
90864197 867836983
206259244 288391677
823941357 621155317
634346707 358055452
320318052 584821036
591373233 699104200
885200499 108838745
401580397 40198471
665829997 37638761
10812327 296962751
946037011 92762242
13384703 509044264
32188352 91226445
967916625 98958756
988331075 543250871
411087854 886628413
27536442 931711624
405383293 617347099
827918903 851477799
288815187 39730000
591350552 753307
109592052 732704773
772903244 476551052
514189813 363688802
660651553 438733241
384011836 525002140
34046404 606688564
550431361 397396539
496355295 918751109
314518332 370864339
110009104 337202722
121430699 725606187
195469638 137545546
989023346 379330344
271576697 23388541
50 655292273
0 0
129418991 242218359
936431857 741327236
648909371 143403158
906321087 698733189
640559651 938126173
725784200 794968906
96612923 102399516
281416177 645966465
784856215 85759410
735038434 385845610
727109871 784247952
22163292 88356511
596165135 546844016
896391324 163888689
390810702 38646713
499868921 181328134
922655370 145380008
288783166 288817130
987550320 424081093
214723619 47620606
842589512 480626323
435542191 940507819
438990636 939202435
877478197 716958368
102803979 76363203
860611155 465032984
405905847 829913850
229274218 735290800
751695841 2070983
40717696 125665543
159510029 142506543
140402903 393102969
681920100 82165399
358762844 429186069
476806675 669470420
2613095 573486463
366510634 171912539
111114975 438155287
155113655 658017623
734380826 841109524
306142508 110433986
940347837 447508334
35315486 712048356
566635691 22138407
320302 787011327
782034222 459869739
852972708 159830331
94512082 922437125
204139546 387409160
50 663216354
0 0
406599996 91799335
412096409 105742281
410866156 94452033
406588713 113221694
408555946 87614321
404668540 93635645
413165739 97275110
406534590 106661824
419349760 89384956
400176783 109082046
405269462 113655107
416105189 101631065
399165292 103296000
399337742 94451326
408137143 94253472
397838746 96737664
413805983 104496366
420178833 111392470
415542063 104775118
418447996 86849979
420532257 102996643
417258038 93103365
603929299 385168953
633780650 478665005
122294690 474840892
111411958 945446657
519852341 766937687
281235286 148912335
160181100 609990730
573860673 228935737
427809900 192859406
55057883 66735282
620015861 293177716
932500474 76009481
129818239 970815546
546586808 761574051
662520868 479007574
716692879 89249651
420431008 118966519
593807412 350473529
148436538 395242050
14696089 557735722
706648057 668288879
130795962 295931375
524867112 866829157
59688563 704656635
771391918 952677013
98371081 114746447
43272280 391407779
3 1000000000
0 0
30000 0
29999 0
2 1
0 0
0 1
25 293140642
0 0
9804295 10002851
19512489 20003831
29019416 30005044
38320824 40009573
47422555 50018076
56425625 60022205
64928055 70027173
73328573 80031395
81637030 90037132
89738209 100042255
97745319 110044505
105653017 120046332
113357069 130051575
120864449 140054986
128269122 150060377
135473268 160067787
142576784 170073953
149478387 180080874
155984313 190089545
162385131 200096254
168586289 210101269
174587003 220106533
180293593 230114734
293140640 0
50 826530629
0 0
237358810 149007424
238498996 160367107
238259933 161123672
238902268 172965472
237412443 167993561
237130164 178216766
237817074 153634804
237226252 180029299
238727435 141411159
238741369 165110401
237005822 136730808
238847336 133814422
238588656 173981804
239548000 150296599
237850149 133813059
237708596 137370823
237328405 153964996
239007086 177234214
238122762 165388007
505648737 88668201
756695329 343730543
508557819 755193388
807927361 956103055
631288084 22723063
56639857 411595181
273547015 99256663
240365277 315396325
118875577 96395603
24872586 208004519
405969408 520216609
147397794 294673449
34172385 4642427
859235879 755890690
172979402 277121708
365789909 333840944
530087839 678628139
433821527 122485238
931104645 38645658
913885073 94265240
358376773 414909082
366682097 823041283
138437608 631923788
580835743 607047374
815051893 109829538
630046147 458224681
752898130 73537654
78180081 777443941
385850983 639586868
769224928 789932312
50 854378074
0 0
439737214 283605817
452019727 284375732
453093667 295538676
449735614 277679643
451191855 289638725
445541750 290111787
449349258 276663953
447333329 282461479
459071191 292569802
453925050 288403455
456052057 295136702
442110644 280342614
420450370 92466202
562844206 577917917
185460615 858096750
736237946 185643928
683687637 626760360
170408177 100897744
142451742 605752662
428792724 328900383
832680147 155997218
293588047 637192450
169240384 810642629
229053488 683922719
22970040 454190542
616568983 479576911
545649208 621447116
713913318 265206316
695640585 818615931
529229033 276757524
314917804 881101200
507861561 117983331
218881075 998605442
456874456 678269738
7170121 361332817
369846388 885667180
375375982 692366621
355525602 663434435
347357154 544616366
998806908 584579090
916672354 222843546
844290663 615375891
733098559 314837914
133453845 558203981
687477858 428739145
162356697 662682878
780666209 2395662
853517456 670218258
201004349 999547284
24 280775589
0 0
10001848 10005201
19902859 20009396
29707266 30010742
39412904 40017049
48922875 50024157
58325206 60029231
67631486 70029721
76437960 80035423
85045223 90043586
93553867 100050078
101057014 110050438
108465918 120057252
115672390 130057356
122775183 140059436
129682674 150059813
136484224 160060047
142890859 170061736
148991861 180063821
154993786 190064891
160897911 200067065
166702776 210069872
172406481 220073248
280775587 0
50 741440315
0 0
163269644 134225465
162369139 111668412
155160557 122281041
166126940 119182703
165352046 109140961
164939729 111847130
163608491 104250358
155194417 123869501
160132054 125484000
780692747 96421645
365430501 694656270
709472950 154914550
896354864 398451987
132337799 976644616
862237608 48514526
137722987 130431228
886739421 614748304
923842261 336820902
981674731 407909241
839406402 889313157
176032839 530207716
8011287 357226510
193507433 870305917
696260975 563558319
512496317 42891950
590064573 329470075
484384625 877926818
128895158 152053875
128698491 233255841
134286719 113749309
244180537 843452452
458200756 272009707
608830609 130919958
538829199 234559369
123872526 443021692
973229409 230751954
587978464 152421718
22727635 833757048
249831719 634002250
529410552 571504963
900975038 614844388
345287559 119475125
271529000 385359663
618615504 474182717
587932026 252743844
96196296 752902224
24911931 832112563
963032522 406913404
493989125 486258892
50 530871556
0 0
167730130 344505018
173352978 362088646
171200838 341125464
162404593 340286253
160460840 353687116
160205068 346179534
161199915 349932815
161302200 338177775
160006161 353715442
169199216 338647986
173427097 354634055
160582523 359707417
163485954 350514668
168521037 351042386
166041282 348981159
162274961 353975150
169725873 339914288
167061241 352629043
164318184 350942079
168795206 361835818
172423537 354786046
174000962 363751157
162222451 345768576
161641361 355934583
405885977 447314646
852730842 487617923
302991551 141856092
773614839 649554818
513634823 1753087
345476581 430980458
297993227 139041313
320056645 849199255
484403979 238829673
456479677 329628178
710481611 139865461
930868481 99379779
688335209 182345737
41151933 859028391
496207053 206658281
653972928 959250958
299385233 902093030
896465474 359220122
8774940 602376785
456646224 670080313
953577123 374926115
513967429 802122805
503838412 251570350
490400023 686540426
16168604 988242391
50 696825594
0 0
451067057 228700105
452676550 231133082
450574665 229639827
448028724 230248349
446588872 229006600
448745416 230777877
447232961 231347559
452139935 230549277
446534314 230442804
451898048 228874079
449261139 230399362
446981047 230168253
452908741 231333729
450119012 229729182
449960523 230151484
447452164 228721520
451151703 230816210
449418609 230754688
452169500 230385440
452207882 229853833
902999151 589696190
370503799 443430896
15169435 470203750
766848841 389216279
247966988 958419745
17951548 576726361
335079165 485330977
145943775 706186657
953488415 642773915
742962779 459595919
318245616 778882510
57613318 785385529
138444228 25948812
706940366 126006919
712195252 812216872
254429414 78257218
521688114 467710756
937914506 624933214
866665845 536857549
347793647 557279700
134006061 114632833
452480163 365745195
924448205 321601579
964375494 598423938
58019857 730452972
509335482 559854625
197756506 228781826
107246990 419465152
397988423 336200735
24 278219611
0 0
10008510 10005233
19809630 20010098
29417038 30010191
38819095 40018712
47822191 50025899
56529137 60027970
64937270 70036410
73146025 80041082
81153491 90042669
89055976 100049445
96859864 110055616
104260345 120058918
111561688 130068514
118667329 140072996
125574911 150076348
132178367 160078923
138581678 170082547
144891414 180086016
151097314 190087718
157098005 200088595
162907506 210096173
168616626 220101117
278219609 0
3 900000002
0 0
500000000 0
900000000 1
500 1000000000
0 0
6000072 0
18050808 0
47001884 0
32050808 0
29000072 0
35000072 0
12016938 0
17000026 0
25001884 0
26000072 0
24016938 0
11000212 0
33005648 0
41001884 0
10050808 0
44016938 0
32000026 0
47000005 0
14000212 0
72 0
22016938 0
5 0
41000005 0
18000072 0
35001884 0
9000026 0
3000010 0
10000212 0
34000212 0
19000005 0
7000010 0
15000630 0
20000630 0
15005648 0
2000212 0
42016938 0
15000026 0
5005648 0
19000072 0
39001884 0
25000212 0
44050808 0
25000010 0
30000630 0
40000005 0
49050808 0
28000026 0
22005648 0
28000005 0
39000005 0
12000026 0
35000010 0
1000072 0
12000630 0
29000212 0
1000630 0
27001884 0
37000010 0
23001884 0
5000010 0
20000072 0
26000010 0
26000005 0
25000072 0
44000212 0
21000072 0
11016938 0
2005648 0
47000010 0
6000010 0
21000010 0
37005648 0
35016938 0
27000072 0
39000010 0
21005648 0
2001884 0
48001884 0
30000010 0
44000630 0
35000212 0
42000005 0
39050808 0
23005648 0
21000005 0
42000212 0
10000630 0
11050808 0
3016938 0
45000212 0
43000026 0
5050808 0
13000072 0
31000212 0
38000212 0
7000072 0
38050808 0
16000630 0
25050808 0
37050808 0
7005648 0
43000630 0
6001884 0
49005648 0
46000010 0
20016938 0
33000212 0
9001884 0
43000212 0
20001884 0
26000212 0
27050808 0
5016938 0
32001884 0
22000010 0
47000212 0
32000212 0
27000212 0
40001884 0
42000010 0
46000630 0
5000212 0
27000026 0
13050808 0
8000005 0
41000010 0
30000212 0
38000026 0
43016938 0
24000010 0
33000630 0
15000010 0
22000630 0
45000005 0
14050808 0
40050808 0
1000212 0
36016938 0
50808 0
46001884 0
46000072 0
32000630 0
49000026 0
37016938 0
22000212 0
27000630 0
22050808 0
26000630 0
18000010 0
34000630 0
21000212 0
25000630 0
35050808 0
41050808 0
4000026 0
16005648 0
17000630 0
31000010 0
6016938 0
2000010 0
45001884 0
34000010 0
29016938 0
7000630 0
40005648 0
19000630 0
23000005 0
19000212 0
17000005 0
34000072 0
37000072 0
30005648 0
212 0
10000026 0
25000005 0
21001884 0
1884 0
17000010 0
39000212 0
31005648 0
45016938 0
3000026 0
39000072 0
3000630 0
43000072 0
6000005 0
29000026 0
13005648 0
17000212 0
35000026 0
14000630 0
32000005 0
13000010 0
3000005 0
29001884 0
2000005 0
7000026 0
25000026 0
49000212 0
37000026 0
49016938 0
44000005 0
18000005 0
41000212 0
26000026 0
36000072 0
39005648 0
15000212 0
2016938 0
20000212 0
9000072 0
9005648 0
41000630 0
29000005 0
7016938 0
5001884 0
33050808 0
21050808 0
24050808 0
30016938 0
37001884 0
14000010 0
36000010 0
31000005 0
9000010 0
24000026 0
46000026 0
11000005 0
33016938 0
31000026 0
4000072 0
7001884 0
38000630 0
3001884 0
12050808 0
43000005 0
10000072 0
22000005 0
37000212 0
6005648 0
15000072 0
46050808 0
21000630 0
35000005 0
30000026 0
28001884 0
4050808 0
43050808 0
29005648 0
45000072 0
17001884 0
5000026 0
15000005 0
15001884 0
44000010 0
4000212 0
42005648 0
9000212 0
33000005 0
13000630 0
16050808 0
24000630 0
45000010 0
25016938 0
2000072 0
37000630 0
32000072 0
5000072 0
28000212 0
1050808 0
41000072 0
26 0
29000630 0
3000212 0
630 0
29000010 0
12000005 0
19050808 0
16001884 0
1000026 0
43001884 0
36000005 0
17000072 0
12000072 0
24000005 0
15050808 0
38001884 0
14000005 0
34000026 0
41016938 0
6000026 0
47000072 0
25005648 0
11000630 0
28000010 0
33000072 0
34000005 0
24000072 0
10016938 0
43000010 0
23000212 0
14000026 0
11005648 0
5000630 0
19000010 0
47000026 0
22000026 0
27000005 0
19001884 0
9016938 0
47050808 0
19000026 0
48005648 0
27016938 0
24000212 0
17005648 0
29050808 0
36001884 0
28050808 0
11000026 0
18005648 0
8000010 0
28000630 0
5648 0
40000026 0
45000026 0
31000072 0
23050808 0
42000072 0
26016938 0
28005648 0
6000630 0
11000072 0
16016938 0
26005648 0
8000630 0
42000026 0
14001884 0
30001884 0
49000010 0
38016938 0
47005648 0
37000005 0
34050808 0
40000630 0
10000010 0
18000630 0
33000010 0
35005648 0
43005648 0
38000010 0
12000010 0
38000072 0
1016938 0
48016938 0
8000072 0
28000072 0
32016938 0
27005648 0
8050808 0
12001884 0
4016938 0
3000072 0
48000212 0
7050808 0
1000005 0
14005648 0
30000005 0
22001884 0
16938 0
23000630 0
4000005 0
8000026 0
32005648 0
36000026 0
17016938 0
47000630 0
18001884 0
16000072 0
11000010 0
20000026 0
34001884 0
21016938 0
36000212 0
23000026 0
10000005 0
49001884 0
4005648 0
34005648 0
12000212 0
7000212 0
49000630 0
1000010 0
23000010 0
42050808 0
10 0
3050808 0
1001884 0
18016938 0
32000010 0
14016938 0
13000212 0
40000010 0
28016938 0
10001884 0
10005648 0
31000630 0
3005648 0
2000630 0
45000630 0
4001884 0
48000630 0
16000026 0
27000010 0
38005648 0
48000005 0
41005648 0
16000005 0
46000212 0
13016938 0
33000026 0
30000072 0
20050808 0
42000630 0
36050808 0
38000005 0
40000212 0
31001884 0
4000630 0
30050808 0
6050808 0
9000630 0
33001884 0
23016938 0
7000005 0
44000072 0
8001884 0
49000072 0
18000212 0
24001884 0
12005648 0
35000630 0
17050808 0
23000072 0
8005648 0
31050808 0
16000010 0
47016938 0
41000026 0
14000072 0
46016938 0
1005648 0
39000026 0
13001884 0
15016938 0
13000026 0
24005648 0
40016938 0
39016938 0
48000072 0
19005648 0
13000005 0
2050808 0
8000212 0
34016938 0
9050808 0
8016938 0
31016938 0
5000005 0
18000026 0
4000010 0
39000630 0
44001884 0
6000212 0
44005648 0
16000212 0
45050808 0
44000026 0
19016938 0
48000026 0
2000026 0
48050808 0
45005648 0
48000010 0
42001884 0
26050808 0
20000005 0
26001884 0
36005648 0
22000072 0
21000026 0
46000005 0
11001884 0
20000010 0
36000630 0
40000072 0
9000005 0
46005648 0
20005648 0
3 1000000000
0 0
249999990 0
249999989 0
21 241690765
0 0
10009089 10000870
19816191 20008832
29320125 30014003
38525726 40014392
47526554 50023962
56035303 60028152
64341474 70031234
72449388 80031506
80151530 90036256
87757410 100041750
95157678 110049225
102361626 120056399
109467251 130061061
116373925 140069694
123182961 150075727
129787051 160085363
136287153 170090223
142292000 180094519
148094694 190104180
241690763 0
50 718026135
0 0
436240928 316204005
437840680 312406675
435472383 291903116
438774957 322826195
439473383 296316732
440197331 325364989
439557980 283421040
475747123 67152759
612533270 23972903
99057000 141147793
441699068 798772590
575864310 6515719
77058205 126827516
374682280 787727247
826854393 998745531
942900829 115644873
524650072 912585677
639990061 792682684
403526499 728242281
269672113 835021897
113421088 492490239
67848225 133673567
200826326 863282005
887254908 396111700
389775845 813359597
464648539 986311908
845343979 831474913
810818781 893029201
533272801 774918537
626180420 38017414
6178639 360127194
125229224 421597601
66796637 530828712
259070993 765219285
452757535 470323137
962813376 528743107
662416674 566178623
281976980 30661601
279289653 715759352
381635301 21748240
860576501 669065498
353056764 846283841
591829394 558436832
333355369 163875545
201892959 125102195
337745742 959535790
233649743 208071599
738900311 462974966
80710603 300446381
50 617067833
0 0
365627520 19722782
362785319 26995479
380441534 18048930
361762161 30562322
360030390 30641093
378476810 11394411
372091418 7354085
380437100 5909898
361079380 27874128
375803358 25323991
250974073 676651510
642500428 126927080
96511264 593403270
738853237 616218580
617988942 935296349
89598700 459173485
18664609 44150837
321995550 855662284
873220022 650456809
395292949 811412446
957386426 315915619
912248538 922626304
915431112 965976019
26396045 884194285
260214013 443982939
973150802 462733778
442177210 511188086
104591356 468167582
84386162 538688474
326501175 695960946
7650783 702375104
599042293 416099875
124278512 26315393
529288554 921037844
584966642 997498534
165930505 924581503
699724160 542353069
360845440 78179043
814889680 467671624
764170915 387241486
702491616 75103694
438808132 737321717
58005651 144668827
535873653 395915841
91876787 142391813
697283269 862374829
130991056 952043922
978359315 148841915
69879759 107785920
12 1000000000
0 0
9330 0
6 0
335922 0
72559410 0
12093234 0
42 0
258 0
435356466 0
1554 0
2015538 0
55986 0
21 245136616
0 0
10009548 10002100
19812484 20004583
29522081 30010516
39124073 40012643
48624106 50014140
57830260 60014403
66731150 70014823
75232755 80015091
83535315 90015531
91537070 100021885
99246920 110030633
106856143 120037218
114157074 130042662
121366709 140050851
128369134 150052075
135271351 160055838
141871502 170065621
147780234 180068658
153588100 190071675
245100784 4191028
50 670659093
0 0
414042513 47739471
702319191 118780685
571536729 516913520
857809679 207425284
83884364 45816791
570211258 814838063
459712993 633256113
575840764 994722659
554295698 146647272
44902839 695865058
617546135 302638779
321587359 364862705
35521798 686591079
383172788 816898961
160242373 661103650
980624126 17916639
136697324 207451626
576881499 535459670
742884954 708234053
754050845 434691178
102045593 826769319
312541784 176778455
24017466 414274938
560922211 888382548
436763958 578313164
733468295 605825050
823204108 54310094
593417525 55055654
724470967 711242258
224862260 829106665
847023304 884713340
944681319 205486386
740946056 983720629
544471034 521562818
808770348 336347363
15633034 151038231
327816686 910815941
177607232 328174818
69073718 204350504
782663668 738529443
196870845 505837677
412664123 368648315
276220321 20074953
583833563 6081648
687704666 691289
737920981 808695823
14182210 534727970
370964951 535118652
56681470 607644618
50 713150017
0 0
431587637 471600671
455507200 473343746
462909483 474089299
456107551 473079234
428074911 473886095
449187676 472004614
455765124 472873466
438578961 473814673
435398929 473121125
544588144 31852856
713859651 118973730
806527944 640345378
706011746 278200988
681208140 193181896
8203473 133760683
762331501 309504675
235772680 38353082
875151780 339031377
687792476 443859979
113809327 478762915
262355174 724772413
219161026 610881756
910878757 363679285
360511611 669838584
554207792 578300048
549790130 905099755
397961485 268067443
546268431 356318075
402016323 103973232
90250267 79992923
389497599 410219796
301089230 705098120
44129497 625270279
921646611 28757363
360036630 584438326
161727091 887972290
498854047 622391804
838587441 380888117
50726701 262249156
840549204 199099053
956715160 604934493
725518288 242855687
599173762 207192998
163682582 124303071
204295995 1190085
263926233 253932849
959030969 446309946
71580225 417531815
446289178 855676819
50 953274928
0 0
392342147 224722573
756322352 669006440
510115965 505277970
615711957 343219530
790727864 668774825
233339533 408576146
430714553 678559702
318087381 799975224
112361315 431034856
590865187 100121603
875075080 817850376
205259536 685377270
991168549 931730979
465193553 114655469
26664497 870446291
968751020 23085018
692091459 376828812
734623134 577589724
920809255 54723776
723498601 202851443
611427589 564053471
242613174 956838135
609329711 894658495
178209703 560700555
513338511 721691027
392057755 769074890
306968512 240929943
25177274 597317291
564489112 150653413
21099705 490370827
513455846 591153609
820498773 842367077
272473154 58063657
112787433 555121908
757973351 193282409
757335880 836286034
793124169 221917293
116575788 852465406
265682314 254970233
976661260 147301843
916376733 779020825
872467120 221235367
818552658 75861598
226515011 897644395
240531574 235558123
826711732 100131068
795014498 753987420
812051077 499726858
54848766 67487652
50 558830386
0 0
397539459 523796404
618061645 893637426
161062860 163940884
986982167 976438418
460878559 527744957
134792332 977936128
87765666 41714302
499938984 949844225
23381879 717811813
347772106 105353466
597456686 954078313
596526977 733623089
144969826 366681615
354212805 572816586
79194035 382428351
906224756 316745585
62899363 476733494
640674378 376802753
205757523 223962223
751707181 480172898
458109026 666636082
560866737 739015865
541376442 398391044
116202857 60805721
18675539 417274674
223869339 316491315
902630756 616132226
835330193 820396316
393212903 47600582
282545286 42059350
358804935 324923290
801656784 41286394
418089147 274220651
498182874 294847514
775020412 476363022
142999105 102406407
841422272 85645790
484036834 556382194
469704267 235315067
652589741 452756043
621763710 488379806
957028384 876459080
696855396 524394466
424511401 792358577
834417927 942584651
267507941 707056687
748343081 45739215
319959866 921681077
69044944 18948580
50 564966847
0 0
146284286 298797740
148154369 298088196
149025684 288898921
160932478 304701611
160903490 298865689
134557060 297951215
156446908 298871983
153674749 299372200
148063634 310257893
138718818 298267650
145930249 313025388
664423641 732187693
649670891 168422777
257193682 549076849
751537870 247350233
576312444 975222745
706828363 66681270
168762974 443409803
514923270 510523305
653742680 906890296
545173301 298359152
782479265 246390648
41178299 966889921
539937774 201423726
731754211 615195975
206655126 8200036
740387729 747868252
768807381 871078767
272671968 242574972
489925205 26001063
853740160 24209838
943407461 918754001
362163805 413084876
923608181 112170435
19060731 729603427
27962579 429867213
528774214 416750384
236156657 810441845
11865571 422468865
37664840 776094431
636810819 596136135
196520739 96836318
820431437 229714900
472289872 965328121
843845536 93103406
969829596 962215077
733485431 550102049
815703277 913237057
877923844 95649236
50 630354886
0 0
457622096 22275442
455490946 24818307
456946439 18970232
456769276 20718346
451543543 12826060
452762668 18721654
459183586 17205510
438645745 21048300
441970972 24328917
441177799 18101068
442611592 19004937
451103751 16341421
447398062 22645159
443589927 17185951
446047029 22000482
458318464 15973170
435703979 24909984
452000143 18736146
450071713 24941257
244689785 956331273
829074511 876751536
786760407 986222962
42274471 925198439
131331472 886488352
960163348 528964871
211124909 327526403
512744680 413168688
137750726 916673488
351396619 828317842
711983367 725260013
504763953 772370002
395798792 84128147
383485424 842968712
117392782 882334542
838665815 699099737
575851273 362082568
200821882 520256678
297971470 215128032
954132736 95612705
624577576 281819294
609345697 914296084
179981125 835702485
604892325 122090377
802924571 317731851
42991864 956288944
581175298 367424291
451552438 400272169
95757234 829490443
711824985 835037862
27 316211722
0 0
10008367 10005954
19810129 20008759
29418424 30009848
38925923 40017873
48029339 50018108
56935663 60021012
65741498 70023475
74443438 80026760
82946320 90032099
90847943 100036812
98653089 110046568
106357388 120049426
113761413 130055749
120970963 140061892
128080546 150064228
135081341 160067585
141885835 170076760
148590881 180078447
155195129 190078588
161697023 200086799
168005509 210092431
174111186 220097666
180114555 230100611
186024516 240105837
191730101 250115150
316211720 0
50 759077308
0 0
85732234 418202455
86784617 413888343
86941756 414060249
85365166 420006954
86416804 427570956
87922059 429089971
88860981 427605461
86970720 422039230
85585264 422329335
89021671 424759214
88415114 416212580
85625713 424892033
87329757 430648569
14636282 473296074
185578007 51251583
109688457 313020096
387654805 864236881
723413540 73547818
262116116 307912478
968700232 583715907
446226253 589664807
663777815 475183000
992958852 441369345
60977152 969612292
429927511 45461597
65970270 481747274
196306379 644264732
840931861 135426029
608722103 169942791
73710726 708084496
21104592 794300111
511053344 35915536
109463354 261275749
569188227 234466884
670699143 224095822
813760629 537888459
13071460 116925396
410811093 330054796
299667088 858546664
904008262 324304597
806051871 582110951
78892035 969978532
105404561 2358250
24817393 919823896
480424744 566643017
360943128 98528120
986960008 354045688
615321437 871996472
958979708 948939714
33 396063478
0 0
10002001 10001370
19904641 20008763
29704841 30015090
39412679 40018147
49013672 50026461
58319239 60035911
67523420 70045678
76524110 80054403
85429833 90059403
94030776 100067498
102538987 110069051
110940835 120069902
119148120 130079717
127257638 140082111
135263543 150084361
143169738 160084611
150974845 170089006
158678830 180095340
165987590 190101907
173187987 200107333
180293389 210110364
187302496 220114646
194112390 230116429
200819858 240117076
207420982 250118001
213922194 260127408
220324519 270133903
226524900 280136520
232634137 290145863
238535060 300149141
244339521 310154077
396063476 0
50 850487657
0 0
249254306 353934839
237256993 353707488
239366818 355821550
233988905 341358433
234614375 361815942
237829983 334909048
934564660 134704383
112322930 713289742
525341884 988973971
49561922 450068672
913043638 758991627
59438008 788462233
491466242 993754242
379738732 682723878
268823124 723213357
469893499 331901846
418558293 885583971
634150823 932332993
776407788 379479332
200976872 51783174
674988640 171799129
306503512 580911244
146717338 462069652
451043624 418826442
868895115 672059222
283567202 500605546
141584132 634455105
628209347 195521562
878245441 633050374
208780083 7948080
192366278 147068565
885168889 678673582
611006575 463440923
842920255 371836064
276135590 239930716
411729845 43897127
624808372 951124231
265710235 570749709
989576151 771525710
296101285 716753859
69875758 710987618
197959076 432184839
627706401 63976242
697026616 826168423
686632855 358468194
358053112 905806699
436996634 731515486
194956409 95738353
320090769 48003209
50 946465778
0 0
426201840 180911658
419111486 175492810
417783586 177631924
415928208 178842788
416614972 182954286
419704492 180582433
418468571 177060566
424561023 176255440
558179551 199423662
797667728 355670576
165830379 100435253
523970413 36421637
482887414 671346962
929783611 187538172
362164942 217650782
704727210 926088033
137772524 292096846
729334030 439694671
42815455 891651199
870096477 118524286
917427871 618702844
13185375 995965289
124045820 296243354
495667016 654139620
862326548 682225371
782660624 145851097
182272734 28156928
552020242 159147389
346685561 517676500
735327283 481803853
260408238 708850504
947350 292570845
732265516 398180762
289831962 582797733
701322019 775080971
393783815 12444791
8410080 471266243
767509597 259485542
766141514 132455901
814681272 115692965
261544062 628468063
509141343 449858249
609005638 296333148
814009649 61161585
395481790 955691200
517058056 401853284
694424129 655890028
54070790 518005406
100803139 426689645
3 50
0 0
0 9
0 10
10 986
0 0
141 295
141 289
137 293
134 300
135 295
184 192
366 419
74 662
823 499
3 50
0 0
9 0
10 0
2 10
0 0
0 4
50 924838511
0 0
131215183 430503484
136294897 419931950
132762345 429646230
134726058 422620455
133562184 428157753
127185957 427480720
129373769 422294186
133194279 429665924
133624890 430512656
130929314 429111267
139425722 422743507
127658275 422588959
130881372 422064310
135961851 422454689
136806832 430122743
131816648 418937103
524103015 7130825
700933543 771583016
115012280 232785464
857844647 173757086
371564102 679676910
915410551 411281780
191233925 467015512
802998497 239218667
389738516 923833490
451447553 745485255
352539442 39985222
597597047 899065620
459970100 884432139
882482086 673063693
340818805 891496873
751144051 139813451
763912819 864921820
97707285 304593946
478351033 878925099
411118362 808068284
219350065 849915135
169446999 179045265
418263933 263100342
186933832 972445497
717930752 808002449
700504023 490897737
389963357 70470194
807418685 150617422
823681115 849933457
593946682 542417123
534746926 17016273
881938093 197607085
502201032 151176098
24 282583190
0 0
10002677 10008520
19809037 20013500
29318340 30020835
38720719 40026679
48022390 50033956
57223047 60034031
66325541 70043872
75334050 80051078
84043162 90051801
92447687 100056263
100448843 110056478
108257567 120060073
115962688 130061231
123563536 140064862
130971751 150074072
137878183 160079885
144678393 170086715
151280279 180094565
157580807 190103364
163783149 200111488
169883820 210111625
175792899 220111686
282583188 0
2 10
0 0
4 0
50 684509665
0 0
106068513 130509843
111302050 107272684
114183469 120281821
98931780 113243766
110139247 110743091
116550631 128349865
111412885 131090452
99707749 119142462
119741694 133078314
111425792 118944976
102493039 107423390
316989758 204685858
241711874 152100745
781779596 490025294
329337811 816626350
257128638 233416547
95864591 498705124
820255877 408693943
316783861 135133584
832970801 723917581
706471320 47368664
735874381 385682620
963211832 461365308
696684040 991023114
459631328 344301869
859835561 286048460
343250670 800236013
952336759 29341672
519366966 584962545
401588895 586632707
672565607 701221130
52442606 511233886
919927829 620946550
608596487 872698484
596616065 89228042
136596707 294083640
679766260 155603738
616969046 724987440
716010554 495494444
839796313 313653086
452217898 28158234
828394248 552148227
581489899 795468569
380431114 633247359
72396418 953373217
654594347 634536361
145770247 744962025
218424928 707036954
432251790 918214428
2 1
0 0
2 0
50 845743189
0 0
371148702 124190690
377595863 121492066
362158260 121178577
376563956 123786128
393747416 123496814
381461646 127024807
383967061 121971193
381101602 124443604
354931497 124170747
368471214 126259895
356342708 120860532
125217245 620464483
466207671 568916407
227758568 565332390
19690978 52439502
137525380 361508885
333846643 854937684
740911091 337376766
230293709 505283455
485951779 84335343
5794236 513549986
101012730 673813101
25357005 51556201
301614160 689665558
394760972 483350110
752890536 997982066
618446549 517388201
86304608 878107782
295956524 937170572
989610075 166579528
528088413 315647503
23101539 979651807
169544926 861935057
219734864 764012630
700864325 399838635
765904973 558202995
84532448 559174914
610731115 866917703
556583262 109889453
445755915 912345275
910327341 951344234
321248787 51162803
929270585 381290242
170977167 260069747
426649276 225227110
393390965 13103594
992755401 807254041
521705450 416492504
33021486 14816679
50 915435987
0 0
162798411 44718651
165696049 43550951
184451735 43237659
165813924 45962796
169524385 40867671
198106102 45362279
173124101 43976953
166976375 48088040
564461381 674194370
61438693 174851392
709970045 431159943
38804561 432403644
200355982 619167867
337136038 835312895
647454262 266830200
513637456 818436502
329860550 787770448
997160352 964795216
51132997 579814041
26638377 564904285
692795989 358635446
89841864 198570371
954335929 531802045
58512768 674255923
849107315 518797310
949957253 119951461
404871457 411593712
30761580 841278166
529107413 605227440
872057640 220413970
38850472 29078028
669364828 238211448
55523016 221227374
801041415 519041532
83945817 959172366
317807812 680196144
878766516 629258158
161060203 260166028
934421951 685618797
56932459 219572971
192040784 636045618
47639331 6889712
700684230 596912242
202139682 930917263
151331233 82307996
111386024 926713674
17441474 42698057
263925431 633267204
152308736 72964490
50 696419105
0 0
220203262 457521339
219329962 458075633
219942359 460734534
218684409 458833252
217777147 460394484
217652045 459115373
218519492 460475376
220287268 458312816
220299921 459366178
217855093 460834514
219328536 459191273
219651922 459191347
219107737 457696309
219965245 461063264
217572877 461707044
220535050 458487109
221250327 460968709
217881821 458865901
217620127 460098277
219150449 460822426
220792500 460427505
219980061 459253506
119392246 466296125
796828508 391512564
350118617 312308115
199648112 783250918
528776823 826730076
109177379 366194107
734510719 470721833
621530738 46266193
814295465 255930820
484907247 694646323
970008137 328258440
408880788 892614220
960036154 114813804
283954278 465190218
498552584 196314391
662610516 86435197
477947761 470461183
782769298 311955376
95206295 828066378
507312807 834933762
201127870 476499470
947221303 616490186
515272732 788154941
44085761 421268393
115914716 182084549
510342990 381509361
126639933 85922853
50 749329597
0 0
425349519 109559840
435049137 92790980
422353333 101075769
429017353 105109705
422835678 97580720
437584709 95732035
435022466 110030489
429439772 92790329
421920826 93527515
6640801 378369038
937269199 714138912
586183655 293999737
43329334 329903523
151974130 405720568
498500291 756616816
151145956 555870906
31402510 17622718
749426569 244960886
843918818 773160091
393093775 178149143
77865160 539976638
71856281 466290428
883158586 469902073
979060756 742552610
973438000 2919051
569574315 838217909
984733998 763223551
93127074 155757970
413994890 880579684
489712853 245101205
800972111 912495181
782634252 640858809
738336047 832374621
458051064 384577173
562726316 434771218
974747856 851144839
169951619 493107828
963009902 46604138
641673100 53110205
908545608 794587010
485321271 615111100
230851003 478119924
486394246 322571621
203151306 323978077
421595634 900389137
665400670 692864159
186239320 75084097
907458718 448034922
832612096 924575367
5 1000000000
0 0
172 0
5118204 0
880331260 0
29756 0
30 1000000000
0 0
0 469762048
0 447392448
0 447391744
0 447392424
0 444596224
0 447479808
0 436207616
0 447741952
0 447392256
0 452984832
0 447381504
0 447392432
0 447392426
0 536870912
0 448790528
0 447217664
0 402653184
0 446693376
0 447392384
0 447392768
0 447414272
0 447392416
0 447389696
0 447397888
0 447392428
0 447393792
0 447392427
0 447348736
0 447392512
50 810391913
0 0
53993826 122324317
52597831 117804479
53660573 118603801
56808239 115576952
50420743 120148404
48646745 118028395
57286419 125506363
449621002 763158954
278358184 464399536
466795199 611977700
134712310 911540746
763604382 172829007
483220920 188233011
248923834 977000836
412760030 531796365
955747792 854497629
815597027 511953659
811020795 776831938
596722993 213791867
528659061 332931477
699132822 31989939
52871796 158364169
774039475 476054500
940454037 355009151
819503203 52397660
816454758 259765588
432594595 954215513
142448525 580059140
409576329 915815515
300128232 243888711
98386340 674852711
39322723 108392377
885224315 766499719
980291586 850343518
183274995 334463660
218969951 508950647
519831169 882407817
210978669 124358100
479367251 293870644
198784656 151432706
411198294 151386806
105602319 15239414
447814907 843792890
612124757 100567196
196972259 709907588
384760299 764769342
873161719 147874952
914374671 424083022
126942892 610902386
50 832161731
0 0
47133033 385479420
41465893 370382701
44673589 383876023
42272315 382466913
505544695 247839504
170826050 104584286
107718061 748024404
450474213 830761088
225694563 931399176
948415449 44420895
94544333 760441490
911617588 682869895
367547977 449261717
282330134 794235137
940487401 860294344
424907128 817830038
375293293 265784930
861862744 252620254
119783564 52685694
153041550 118459359
75559997 625328259
225869015 176383953
7145041 183278058
114677235 676343228
573280476 232839604
845797446 915609036
450995283 667824809
117086526 609931386
256682876 671059613
383870309 251933012
922279402 197170277
315471559 808777438
913914044 297572695
202774741 177334303
295793662 33697609
511542220 208332644
384716597 371353659
554631718 737411236
413754464 391861638
477217594 521825305
289950693 987034940
507376101 323015041
932946427 593462329
264521942 476978979
581428343 42145655
239315932 648392251
309686041 503707745
653796793 554787491
584638146 76116438
50 907724381
0 0
417542566 170624984
410880937 178080391
398584127 181077412
408270714 173306907
415508069 173930500
421296153 179927375
409449449 179025978
146140113 762316945
394685667 626052185
120502345 16532485
770408940 742468652
840796116 357741462
765465842 981858848
508890850 25056876
142634825 95253978
172426986 979832927
20961770 119232931
628766646 237596714
126468425 767628955
733186 607331338
792259064 101032034
510451675 309767486
72084432 443319883
69372068 656591789
525640626 319286451
914271455 42390765
252648580 296049567
130424767 755067572
780124448 18114422
965884753 491831969
471664896 775275625
747024908 138311739
228424805 345143018
112771973 228307906
835639244 354893230
455925265 966021512
128305350 627898308
923734543 966376940
475485081 52906134
224708937 845622964
740530081 1125708
149691627 138980393
746564317 993178661
11293084 132632746
624464715 379205117
154480742 829694189
968005928 96129611
293788982 901505650
129813556 48947085
25 294888546
0 0
10007004 10000910
19910696 20010549
29611186 30014172
39221026 40018009
48428327 50027943
57131304 60033788
65731389 70040166
74233427 80044828
82538826 90052397
90740909 100057197
98743314 110060623
106647773 120064167
114351667 130070996
121961250 140074125
129461444 150077341
136667906 160079735
143774906 170086585
150777721 180092114
157680898 190098165
164482271 200106626
171190807 210113258
177496538 220122343
183205456 230125198
294888544 0
50 537876666
0 0
19830013 446500382
50847649 406124332
36529498 436386871
32180792 442116330
39771432 423256864
34155025 428981767
30175505 446976662
455150355 918242358
676565409 944319364
528351202 813203467
761458172 113562043
14081605 723307612
613700629 81548941
530291653 7048234
411744709 400507125
812121994 930158596
448252127 239707244
57245931 847778925
32053493 535615869
692855369 438288589
17290322 795996548
892678708 914071111
684829821 127493183
71812548 347829063
13548882 213911582
179989978 452680102
28504066 775007054
709072348 46587935
53636169 642204695
42711821 239364001
22038950 317897230
557604475 707350167
555129092 322807429
858423298 614850406
905655347 587182585
235695485 551278667
317866130 775462022
902955205 128374193
328719609 2695951
216607533 827284105
279964208 194784843
969791898 396597511
443185446 308468274
803189322 531380598
770744599 349337968
667235198 698417495
405767662 645299901
968107330 224839673
692206432 813413106
50 747182611
0 0
113761888 22041411
125626638 26389642
141889108 23002325
111337893 19804566
133468781 22603218
115245220 20110936
113272227 25759146
143707628 21421123
117825386 24037002
129171563 24032870
513006719 322665843
786084582 647421314
247120276 639949611
802683851 583966981
600819331 355769886
984250664 847825907
956462985 742029782
215123835 759118439
732770871 216532770
740317201 987088343
569687874 426695421
568434878 107894522
792629304 105370953
838026292 420081923
509005619 242133429
564799272 571072935
71010602 874528690
366994654 203400206
787367187 318130878
673900764 169678505
870020764 388186519
130216301 510667781
269786220 826483750
895532872 197856488
37461183 855073443
281768864 635850073
596260947 607149057
565036363 850203742
122802017 241406603
483540032 255579007
826651943 484323989
358852679 48339305
104255863 750178897
68309775 725847333
748042190 891623051
132325922 594726892
105394673 618062955
297063057 115058575
312915063 227697245
25 288345570
0 0
10008040 10008214
19915174 20015376
29723935 30015665
39425438 40017306
48528266 50022192
56835342 60028366
65035968 70028626
73141582 80029186
81141700 90030926
88641859 100033065
96049727 110038654
103058807 120045832
109959151 130054991
116667847 140058739
123274602 150065193
129777187 160065230
136182209 170074409
142391475 180074798
148495129 190075012
154499137 200075626
160406427 210077838
166213600 220081779
171918466 230084934
288345568 0
50 827021416
0 0
136978302 130321627
137388480 130890951
138785110 139141758
142999898 134546272
138955046 124560533
139528131 119283016
139838720 127931702
633238824 300760363
935296724 409815192
7293570 140349524
699902830 81066972
851797752 225718498
52739913 132154620
13538827 711756575
560828457 26361320
679748987 50526773
704483764 134887779
277474008 681147450
374858579 524610194
796954522 448218471
299873534 620717935
153099894 717283771
18044134 637292308
47107500 786338719
779204595 953340858
886924182 54401070
280119568 479107425
463778397 591238287
302994862 185375833
211737153 477317224
380360349 863823320
851227451 891486140
572633591 84844114
461970660 128701459
429436282 947492170
420726458 111441534
828725305 581826168
219118476 573826352
212681423 699285791
505143001 118742329
173143399 991886018
323509795 244583536
835821823 305779320
491155153 787288192
117121769 138816685
855156357 702892307
594378447 497482118
434842584 558900161
540117972 19528390
28 332049136
0 0
10007021 10000954
19909825 20001130
29715241 30007135
39415448 40016203
49024486 50016434
58224598 60017517
67333486 70023521
76239973 80029569
84940704 90029619
93347876 100033461
101357431 110034473
109264849 120037639
117066208 130042533
124771817 140049867
132379832 150057696
139786894 160060519
146890119 170060899
153891149 180067077
160799372 190073563
167500134 200078743
174108827 210079549
180513917 220080483
186819776 230082680
193025301 240087443
198927140 250095037
204628832 260099003
332049134 0
3 1000000000
0 0
11 0
10 0
3 999
0 0
1 0
500 0
23 268130841
0 0
10007628 10009133
19916602 20019066
29325056 30027999
38525884 40031178
47633265 50032800
56440579 60041411
65143722 70047846
73651937 80051366
82053383 90058834
90359509 100064466
98569462 110072316
106679419 120074747
114180270 130076575
121587175 140082908
128796492 150088427
135198261 160095792
141504697 170101224
147614394 180104899
153517415 190111757
159319080 200117445
165027244 210126333
268130839 0
1000 887002894
0 0
78151471 265092377
65459428 240486289
57102853 254145317
70112387 270624299
76011249 275656197
75018376 253989727
72684910 245899781
62818056 254206439
54647130 251813856
73383585 278925441
56031751 258516832
57519219 265583359
61544221 255399926
66391504 257468369
61405056 256777864
64761870 257113254
63921744 273701680
62821406 267829395
55677184 279246103
72426017 254662127
57568687 265833586
56496153 270809838
66036750 239976846
64138107 257913638
68951001 259517354
78030955 246944713
70587502 259428133
70716104 279829255
60567178 269439592
59620937 259827273
61123717 273522755
65739485 249340040
63503148 250927842
74357134 264231648
75082048 279918773
55079489 239101032
74361916 263933400
71803376 252692007
59176926 277360983
74669910 267224148
77673899 242651004
57321402 250118802
68385411 257038642
60527495 247248903
74044158 262451962
59823866 253948033
77506634 266450540
69112379 272359368
63023286 244753151
64400838 242758607
70387036 250691071
55578761 271676628
59343044 275385837
69970310 248876426
67534343 265315987
74934973 278785373
77475457 260611143
54215982 246433900
69192925 254058513
54947828 245380362
67867304 278328244
63227649 247691471
68622121 268093603
66518092 251317381
55943913 251848136
73961464 279952515
59298300 253504891
75290625 253551450
61133085 259111929
65448389 270797764
74723847 248870158
58698362 274828743
57462429 273693593
73506223 263518858
60633217 239241091
74103160 239468860
71512820 279750815
78085183 251508334
73881560 278734370
75991071 261943516
60344896 268424903
60367147 269509485
59627132 276639325
66571615 246026801
65741399 261876583
77714722 255385450
76614090 261613983
72798921 256615813
77614504 240637052
69630916 252219897
59581886 265421663
70958967 275016741
65887576 244326223
75440371 253087747
54393765 253646434
73805334 248849379
57441997 240041446
57980613 239207410
74040976 277807571
66116423 241592241
60782956 273581976
65070312 245637174
60378600 263579656
56296257 253617686
68997068 264821494
61063518 255618051
54483941 269049539
63884384 270621914
61201006 246320083
59663058 272824128
70890568 263036568
58620508 258425625
71851596 276420143
73688771 250100494
69440424 248344381
70497639 253982719
68459030 272285754
76519471 246282532
77647908 279442143
75729778 270423825
67641945 242125573
55358302 269713073
68338184 251882948
66096160 266984711
67466484 253204864
78109357 269692747
68126653 256688625
70900341 255707218
57541709 250047050
66005192 241361269
64528677 275069711
61416238 256705560
76281506 266487080
686061822 763208863
253432337 329933128
580352762 293693201
930689572 925204940
520432013 231660473
636081849 375264461
913389638 688080974
930484418 403984398
657322893 740087765
133231648 145291040
774265579 500888355
179600926 867133071
603493255 701060052
106846470 767849956
124994082 137451606
900660469 573597001
903530129 811055904
104749105 6609158
931814098 336399243
568059717 887955029
115735843 304762463
992843437 56657918
460642317 29125481
621729598 775844207
921135247 117965210
471369917 607477599
474610670 695400826
248977231 650970843
271337152 930620277
68071883 355823701
781937054 396331234
59903490 821248704
827857862 537983535
874382778 17168947
757640329 612188313
916950776 294958847
351616766 873376172
755018005 762310566
390671125 812259083
782740645 229263956
836741555 311806373
859723551 106626914
757597758 163868577
94488854 108700782
317040835 28934910
277782496 15077089
836325793 98977889
489477776 190202338
207371285 516700007
128888320 363860555
658819402 965011614
690904138 898355449
513182367 10436168
675211603 445922144
675186100 903853492
68176217 457952248
564579163 364444007
528312584 927899769
889116903 174693273
56144535 622801438
637878527 58674091
10168332 186443383
376645721 326720672
843420679 499646109
716023016 584017006
401544973 824825352
575697153 227358770
90311291 92449111
390887607 88879520
845249364 765522894
75991495 918590059
283034066 765941934
546358055 640570658
667780283 811346650
286664440 287991310
346665401 723924818
910368201 777059319
103779991 209350086
708996195 139530274
723547280 947200671
624542375 277535563
504894333 977608605
922574069 200239528
141635400 595205624
360728519 165978028
84568088 839401116
605343050 436720014
929807024 220118506
31465157 4217457
292208768 597587307
174028477 170645949
947705269 638874169
848224255 936913030
76443304 904001612
703718635 409736802
687272365 652506936
630115542 328261010
381016890 44683051
639888675 405205963
571183991 522652290
214569759 617194
289853560 655752079
875870586 819912809
824130267 72176936
669764243 759852095
783014396 116339035
607729556 696309072
633222102 583236017
487237630 308470164
570723318 562181758
214688695 43472617
371733628 110512036
155195087 697320589
102526552 752750518
127919161 795083762
648217309 673710543
181978975 342488920
14918081 938070869
10247806 910365913
522734360 691564700
660420087 532528401
81353826 305748756
888984774 120665996
429136160 714575928
129274039 228738756
272211373 999859478
110371514 343962734
41283323 496461353
101728224 118082953
913166716 996326227
522553122 229647385
424652657 561384025
351971246 704532097
467414362 439570738
131135439 214735404
599780158 990148722
148413831 644071878
764737874 681133984
248226264 37398605
118653713 46390386
46249865 377500303
721463037 243381438
739842792 9137731
127220685 615262712
464105291 841571016
71218401 892903753
306804130 986658414
543706863 348387410
787958148 658775376
726027133 11121226
1269948 771609939
268198170 325807291
6941275 2200131
39598736 32936044
79326431 107683891
485184195 10768801
254150240 978092648
839746731 59163584
674426297 993993032
688080400 819483768
712387521 138531588
977706354 611815153
960202563 19191651
530483380 521413218
385050796 600677063
224803355 109026865
434834156 238837096
241037228 493001525
525937569 294291783
401975674 133152316
143921118 457780352
435873000 887159869
946323454 250587710
97097094 128136084
947619852 473266103
464314043 785177494
396992647 512523726
384231729 294536750
815949968 209711562
810388625 914715109
23741974 53517116
292354212 35191980
528193505 311092482
457900617 533391440
666543757 906647427
364427779 859876292
599552513 810464875
61052585 652817132
780953216 398392319
724174774 10666031
795843525 728573068
93613146 41005170
335541920 45352524
255064086 477844876
245076337 4008240
57525356 65452711
100644692 121334664
432427146 349879568
883271009 481354549
240518328 890327764
602720408 549814766
212795993 604946108
110279592 54789273
305697945 126364930
137030961 891232808
472322228 29872719
70877889 932874486
978227010 565935375
43780251 406419809
410428049 85807448
151260159 288856588
410191252 467953405
817832974 104421203
438292105 695134751
437978867 553620335
103435101 678810433
136272893 40699275
948004900 168747446
147628728 246552485
137785293 253702845
136091917 284659689
70050527 610107522
28559249 206969806
465905968 900793889
986601337 72339500
213712440 876334017
196803775 137861496
94799052 623903693
171554796 867153101
420773436 533091157
64417942 609533663
502749290 376724889
397988687 200690836
447243321 450754190
556973388 545617415
830277104 585028615
47652489 693065305
900035111 752843983
653637872 76211738
1067590 218457431
94791449 492755561
483133409 214780030
838683723 144111576
11264677 577932461
963539970 10238519
472288534 284554465
513795706 27957913
228648749 975037824
278308367 911784393
457401808 675892070
113437037 835281755
528347060 140195264
893039247 13605878
89817616 280898523
499355955 399193471
891949032 90885206
305665237 446663756
443291684 227598793
805531255 996865312
859620184 307072713
591627178 621587577
649545490 331908718
159462895 105422884
869723629 730710591
259119014 437771262
273053017 179641789
319837053 372556051
386161930 653916429
934814952 65392652
317102475 328495898
419381105 286687259
585867367 61567859
289166652 577562694
574428006 29159051
336231764 94697907
568801837 286564542
618473261 780375294
738314530 70863679
801574271 777936156
68223770 608038159
787679948 60693285
285765688 341276787
995193216 960033353
25426005 671927618
423517 782524520
921728132 195044832
256612691 272320974
849883668 507595499
389270903 545779344
492993603 276828026
563392569 725502667
358394314 61795440
132659120 34382182
664834690 96708844
557263356 934233391
847443028 733058460
74335247 197459656
157493010 133208716
657652687 922044815
557085687 35435367
230480200 510592556
782913530 331330171
838925671 487092891
32872235 485313550
614657928 80712926
806215593 378382191
440177631 30566849
64949031 17126259
113835104 425353103
212102846 729783721
315358533 671098460
868558116 59545874
45270943 242210132
16771299 878567478
914002846 702923630
213516186 573856987
905187158 996999398
336608641 848946068
186775970 596629181
677342107 221997229
600379420 801433898
832000748 336074053
353200312 40557051
318426507 896949779
479249853 319551768
990650228 530529353
590075228 794608386
36818519 711724697
442808527 635346171
190786153 53589818
479963157 209327725
206327123 404302339
105764759 237666668
686812201 542935765
764932994 292540729
93974627 216670661
552744714 217828766
110902169 925975375
675441507 758461378
78013147 429328676
959858030 7207712
654332450 921179727
485420776 402449610
37795781 543667321
449773492 928229304
137557029 81098286
485400625 929736649
19919669 196400505
739336270 591165384
883706113 706731871
923402532 356785616
574614382 830197092
608688820 328663598
87124976 685516551
114845228 136646679
143854391 17654475
938834203 927219610
329669220 798186841
194370515 276771331
205000635 219981353
301079639 644144007
426397008 195074017
391474522 638996616
82678352 446316678
5564901 130810792
340112760 966384465
649097909 781483785
110147383 767243494
305276397 257786729
394433408 49788711
919959539 272637977
199857587 390804151
41507345 711310094
988081425 382043159
602024512 235877860
880021867 45598413
240672430 755620503
394617119 306418875
605251905 632146952
615474096 477295471
296196288 610816806
244816943 955586856
575346702 945294198
55597279 207480678
109785742 880623099
153261077 302547040
693351191 29745281
741055375 205635016
587678176 734858536
970736396 581653152
627251565 42219040
797839544 850758263
9693491 867923995
500070947 44973015
522268487 614945396
78278555 115545043
923648251 670981127
468791677 323095498
530576177 351511305
232134405 524388957
826935997 640361919
522623552 237911834
443546850 372803540
107662077 116195279
697848431 31225026
73444067 78398473
781673089 325099997
45540344 871283611
916256626 643882932
111344680 545611292
513672687 291041465
962022593 189623235
365235086 289837291
641348596 283330622
807719579 895811263
388689534 725999353
963911187 487171928
859975469 911313086
27508365 407458038
291199416 820153898
751068723 577873148
902973145 364643483
88443446 385258164
29141096 948513490
346641134 857216425
774242 140485777
182625364 712830173
2667464 962796835
98643810 547860450
296188065 496532413
75048118 906363389
246051670 684877599
448707037 38959306
298933696 958543491
778697389 328731754
906604903 590133112
954776596 382282464
767540629 662094400
463124242 895736394
752952819 796681725
789683854 662281728
375111902 753727062
569040249 972309219
520169669 230295718
579344483 667684059
426563801 816357735
353751686 654392602
693351908 525131823
483675314 654975076
983706830 992285604
434935068 114889055
497171519 742828085
257438838 242228016
137964411 117228500
913910226 573079432
235361161 743433582
349676996 556110432
528419651 462989415
693285133 918717246
438917657 901105673
569979760 125145969
779538571 717997810
243129633 923731446
431222874 325406831
170208787 579321299
694210354 267446057
10274142 605143855
847371872 43898226
161126726 120229332
693308765 985336283
581286217 927553304
483663737 781186278
244175693 930963214
702196812 864599740
765705413 789977178
915123147 141114469
711628632 188201525
111932972 694661718
20068549 954758265
386595917 395672198
663118255 42793688
647937544 80806271
977220849 525908750
646138082 495309416
333162051 138347576
918417232 191963199
973149477 914448268
697927834 254597321
119197062 69841522
859818701 400124646
393755468 737418827
925620353 627458200
174636271 105384100
912658717 890069677
285741875 47221172
90014861 151770986
85093610 948860131
327285233 737952405
85778173 62314459
53178387 973423315
17902867 418940224
185904844 971595620
78709293 843568696
913410219 883832679
136473677 197906355
935325183 625745272
105719824 382745497
340645949 713461888
603531565 280356095
327577268 105821019
257592005 741789792
543166275 417592129
155544534 342685615
405000075 870451508
696391176 241322707
512779283 310694814
134806786 714294043
410379091 698684127
435033158 213516080
411422435 176305662
802050934 424023188
806768685 199263970
912725858 907770759
40643206 147414635
253235654 368773775
110563568 368220474
785812603 510827659
853513275 506246195
376697704 941357137
35196196 111029702
421724516 73088880
639899275 547975479
99175959 556531303
770047383 50278366
79100381 386725469
810748657 33986170
85766493 881151315
641438426 617517343
617448330 998492351
219782479 682081633
50302107 870683984
234027995 182862399
689108594 688631063
482504552 940057622
51087324 918322650
843927882 517700749
918192580 325328193
734375848 336343509
239138228 17368539
256610361 356939583
390925753 318238609
51906276 67359018
537392713 476692246
327700950 693344703
227942688 154841043
878041379 399999781
582862180 130761147
819392210 112069375
904643349 124487126
42809777 154413115
672113864 808247026
133575219 739254011
75597521 442822796
312707688 720467419
77407002 314735749
632974358 569318049
636677067 320849107
797541354 684880634
230741689 26586133
181427176 977758656
377758437 311200729
441961877 59468556
24054283 813136969
937624095 113870439
268283554 781213984
589461010 832950224
424720588 792913770
235736567 575552581
148536352 500318109
667570210 548444255
117762304 225943354
546792462 153060920
837941554 606955723
633541856 196850168
27125176 921199596
232400325 667485385
579470293 404883613
70536934 526878554
640748994 456040928
237254912 8161029
693627606 761548900
554462671 679232275
107301208 118348194
471182655 642715590
43676197 255837561
481780915 138752865
144330137 13954853
620910576 881089729
77939897 982271691
755987639 106968785
774454170 105065073
362465038 988387965
367782871 206440815
662481743 433001972
293679354 8531865
622597118 899736655
431485282 839823312
810687858 29576141
672291731 538786491
794624052 134386865
125656082 715967928
729922781 128921319
10011049 269986219
104774262 203349709
310318494 940467298
898048724 860761902
701666219 937289016
143729831 113030114
546032087 69449090
930497308 806211574
558464582 692227793
532051105 553094426
582670567 989949864
381252707 195255315
329642180 107478650
823446578 175876759
304798079 455298262
725284481 553369359
756719068 167325480
107792778 830058743
690820645 919553915
856842931 5841502
118871617 245003216
314452307 853089115
511817041 517420056
62164201 97465967
650560393 70281623
912747840 594215306
789470621 85747312
193225962 146516899
322393659 119112801
426927415 16672540
422558251 479708090
647033570 152211896
982270639 31793671
951347586 754826348
613184203 525607637
770610853 660706870
366312337 584572172
954508580 937579512
35045479 878129378
800927354 16672781
463404439 538122224
623869536 566191546
712708445 105391412
77020565 669611850
538800742 35102104
367326546 503947980
656159876 961358993
845669017 14360116
621702817 490946867
869070856 649532955
162756177 87403372
671975544 492198062
429777574 529068514
407197893 479000476
495673257 317339406
855461630 60641599
626833145 959077696
64469108 331847519
1459369 339541590
227160047 141489673
497954005 540260112
354135457 594486593
461363062 6630233
497577100 52320826
701853782 83065879
170469251 219164309
711362371 864609959
393678474 694961147
173961623 141139945
310995703 653392719
714034318 522151232
333745280 166457334
498304853 340867463
532925405 250730740
244736765 352280574
892540686 760085452
207088398 742690770
749321003 99192496
151513322 668451460
604033691 99414455
318578764 853367104
570493416 774502942
321980441 29941135
23597433 964171890
470080961 495942064
18093296 334593136
353566822 184115279
377499094 204354928
455085668 851871675
56668602 910424499
523026304 699822433
442513203 949209288
900918136 730114702
251082514 44350558
143765013 52431459
758314915 855116205
482135499 462343778
492284913 181324683
145496573 804115940
152574356 368398698
702991835 468093886
652209165 23184004
227538932 56558657
760946685 29708259
792649111 682624600
234963385 817615287
619340927 315675415
898306469 677476588
721827146 372775416
277723227 1905335
857021540 865592159
180452289 36038142
69879178 191673391
848305683 672737203
41135901 67892103
535985990 880039
876580395 596644088
505719098 40711507
70419767 104119327
639260279 119182135
789313774 715585230
31260645 874223664
404216604 261171053
633946469 782083466
783988801 978560102
696668613 911669696
800224191 493526693
685200084 877120903
402374458 870103369
937995472 386022119
239418510 296026711
892670800 473981462
514692970 115998905
72634584 250906250
222604737 437629089
5730671 564411215
291151231 11918511
273089564 36991316
671591134 695367835
526444289 907036034
671222082 455579935
949106628 223112902
100233805 471446273
194065994 486823064
872845183 355124615
651151327 132061467
458559281 112263693
80778950 396338479
647244729 973252251
263397692 5929886
570341101 869849466
734284329 269128363
158636031 861492332
409376519 7373893
766926279 830227165
138323452 935820808
11450062 290664714
762110987 939946432
279285848 111683868
319324835 956176982
940754801 4647383
116911076 970476162
366814641 399314082
225082686 50206378
56136264 866575722
588941540 340996730
610125094 626477365
340486049 323225869
183116115 621277477
304020995 749862568
685683376 802558746
93223460 442344447
234807232 697133439
661333659 707850800
516544134 514093080
518740464 980658494
803651009 457298935
709129369 488167892
538374271 22982002
889557725 934212055
127725138 447026887
73504253 478499265
654241487 737850232
211644061 266506654
16369223 837357602
492432700 515665056
958009504 554568951
104218742 585656161
146023313 45333088
559426168 765552401
598727248 662567447
119866382 78166632
566334525 254894609
277876611 681512103
468240511 957225148
404252035 167434336
498449954 595965649
186332233 330272640
596779295 152691441
842565395 397976294
913641351 465664870
20233821 334998095
773170608 724167207
769500295 124452564
742521317 919193921
581761368 328926463
259609448 193764917
448659526 554144102
88172558 825943973
635685473 726536138
893970474 556413069
152378718 39937508
222726501 244936780
397628221 338710951
736687245 672022148
137687018 92709968
427708064 502844948
227012155 10437191
134889755 53395024
972588946 996512450
177955266 877411073
71175990 406866666
961010769 437564714
116025039 372351869
98888007 49183327
458112748 751710512
644164372 845374833
90311614 610491466
801718769 719407225
391429373 340456187
433166156 390922366
893767315 381632743
392069935 860874220
914269244 120779470
969808273 526959690
256887115 739374542
146241209 279891
290360957 180579458
552931327 959768330
861468009 406385996
10612860 504335686
349710519 319580757
782588575 507293584
226700810 292538485
632994673 584307344
975229710 470646535
852279279 66160829
779551401 721513377
694809200 244349214
623825256 546336997
285711540 517133825
517413716 880712372
913808182 284469101
244237431 807774673
24 281731550
0 0
9901005 10008478
19701426 20012267
29207156 30021744
38612335 40023764
47917659 50026400
57020879 60029870
66024413 70036762
74929778 80038941
83632034 90039296
92234398 100043380
100437421 110044608
108340448 120053482
115848456 130053696
123154169 140055301
130162409 150064383
137071749 160066004
143774287 170069746
150383204 180077539
156687174 190086405
162696693 200087666
168604789 210095971
174309237 220101961
281731548 0
1 1000000000
0 0
