100
3 3
1 2 1
1 3 6
2 3 4
6 5
1 2 6
3 4 0
5 6 7
3 5 1
4 6 2
3 2
1 2 0
2 3 10
4 3
1 2 0
1 3 1
1 4 2
2 1
1 2 0
2 1
1 2 1
10 35
1 2 0
2 7 5
2 9 7
1 4 2
1 8 6
1 6 4
1 10 8
2 3 1
2 5 3
4 7 48220
5 10 24660
7 10 27772
2 4 6952
6 10 7823
3 6 96606
1 5 69575
8 10 59561
1 9 75272
5 9 47161
3 7 5806
5 8 47324
4 8 42752
4 10 75886
7 8 41447
2 10 33606
4 9 10554
5 7 43109
3 10 51442
1 3 73661
4 6 27589
3 4 85013
2 6 64751
8 9 52569
3 5 75565
6 9 47691
10 12
6 10 26716
6 7 35505
1 10 87336
3 4 95492
5 10 55439
1 8 16656
3 8 84925
1 7 75243
2 8 52091
5 9 71801
5 7 69035
3 7 58069
10 42
5 7 55182
1 6 92211
3 8 42555
1 3 30588
1 9 34473
3 9 8061
6 8 19602
5 8 54643
3 7 32251
4 7 32470
2 4 17232
2 8 94944
5 9 47888
2 3 29559
8 9 89684
1 4 92693
6 7 43366
4 5 55396
6 9 15382
3 5 74149
4 6 54695
4 10 52876
7 9 57786
2 7 36628
2 6 89472
5 10 83919
3 4 90877
1 5 16809
4 9 16782
8 10 21051
1 8 89445
3 10 20921
3 6 62114
1 2 25342
7 8 89253
1 10 14830
5 6 52808
2 10 41743
1 7 34568
2 5 86545
7 10 40012
2 9 57174
10 36
4 6 48111
2 10 35319
2 8 37793
3 7 20325
8 10 25354
1 3 55924
1 4 45663
1 10 17555
2 7 64726
1 6 70819
5 9 40547
3 5 90297
2 3 9486
2 9 51817
1 2 29412
6 7 27944
2 4 45765
3 9 61887
4 9 58749
4 10 33642
3 6 9619
7 10 85120
7 8 70219
4 5 27927
1 7 36145
6 10 99204
5 10 26014
3 8 5391
4 8 50350
4 7 66765
5 7 76414
5 8 26057
1 9 75916
6 9 38319
6 8 88236
1 8 74228
10 45
1 2 83533
1 9 11479
4 5 84059
2 7 91686
5 7 88027
3 7 94165
6 7 33230
2 3 93308
2 9 73718
7 9 14886
6 8 91326
5 8 68635
1 5 1497
6 10 84880
4 8 62956
5 9 24696
5 6 42656
4 10 37687
4 9 28688
8 10 30294
1 7 60123
3 10 20086
2 10 708
7 8 57049
1 4 73616
2 8 32868
3 8 49360
1 10 86810
9 10 80200
3 9 41786
2 6 15008
2 5 32965
5 10 85313
3 6 14271
4 6 95422
4 7 31122
8 9 37356
1 6 64342
1 8 62740
3 4 61818
7 10 34912
3 5 26103
1 3 96781
2 4 55501
6 9 47582
10 20
5 8 4372
4 5 14400
3 5 66158
3 9 5587
1 10 20905
5 6 60553
2 3 45856
1 6 49904
2 5 861
4 10 5002
4 6 43857
6 7 21745
2 6 11710
1 4 66431
3 6 25709
3 8 24787
5 9 5354
7 10 53505
6 10 67367
2 9 44980
10 16
2 10 40589
4 8 3357
1 2 6687
4 6 86785
3 4 49096
5 6 36315
1 9 92823
5 8 55202
4 10 87480
6 7 82175
1 7 70092
3 10 90041
1 8 72245
2 6 98743
4 7 30599
8 10 80333
10 37
3 9 90552
5 8 76796
1 10 30059
2 9 15499
4 9 95647
5 10 5050
3 7 17037
1 5 34888
1 4 87550
6 7 1921
5 6 35938
7 10 54180
1 7 95477
3 10 24210
3 4 37737
7 9 84418
3 6 41481
1 6 22276
4 8 89607
1 3 87416
4 10 90143
3 5 30072
5 9 91790
7 8 46976
2 6 19469
4 6 20339
2 5 91405
8 10 72230
1 2 68727
5 7 3211
4 7 47418
6 10 44880
2 8 96370
1 9 30787
4 5 43557
2 10 33091
3 8 1565
10 43
3 7 93692
6 10 55261
4 9 36539
1 4 18602
3 6 31536
5 9 77370
1 8 89688
5 8 37777
4 6 60039
3 4 57374
3 8 82587
5 10 45360
1 9 69323
6 8 96507
2 5 6924
1 10 78206
3 10 88776
9 10 97404
3 5 26073
8 9 10209
1 2 95507
2 8 45176
1 5 8310
4 10 46107
7 9 72221
4 5 20488
1 6 37597
1 7 65728
5 6 37436
2 3 31981
1 3 28681
2 10 74393
2 7 26427
2 9 31081
3 9 28952
7 8 23839
5 7 34665
7 10 61932
2 6 25242
2 4 39233
6 9 34112
4 8 57126
8 10 3563
10 27
1 9 58411
7 10 13248
3 7 30767
6 8 78171
2 3 89989
2 8 21781
2 5 74853
6 9 15184
5 7 18680
3 5 57867
8 9 6933
3 8 73584
1 6 70717
4 9 73007
2 10 88804
2 7 23085
1 4 24933
1 7 25374
2 6 79767
4 6 48117
1 10 59088
5 8 59364
5 9 76158
3 9 37811
4 7 13120
9 10 55955
4 5 47951
10 36
2 4 81383
1 6 76877
4 6 45269
6 7 92844
6 8 84904
2 5 10136
4 8 38900
1 7 19427
3 5 66538
4 10 40358
2 9 44356
1 5 84094
1 2 20164
2 7 73998
3 6 65277
5 8 13861
7 9 5039
2 3 73522
6 9 50403
8 9 63464
3 10 1296
1 8 63867
1 4 67027
7 10 39315
2 8 88262
3 4 81797
5 9 34808
1 3 37462
5 6 94822
5 10 86480
2 10 93347
1 10 768
8 10 41067
5 7 62767
3 9 29358
4 7 33343
10 15
3 8 52361
1 7 64359
6 8 44453
7 10 86256
1 2 84297
6 9 78375
5 10 17966
3 10 63009
7 8 65535
4 6 94938
6 7 51885
4 8 82640
7 9 8070
2 9 76536
5 7 76406
10 17
6 8 22255
2 9 81638
3 9 41602
3 6 15370
6 9 36859
2 8 38884
3 4 37880
3 7 98092
5 10 24155
5 6 71288
2 3 42582
4 6 30199
7 10 71947
1 6 53024
4 5 5657
1 8 13659
9 10 30469
10 10
2 10 47188
5 6 44940
5 7 40114
2 4 99819
1 9 66178
4 5 98617
4 10 68535
3 10 43895
6 8 91705
4 6 73118
10 21
2 8 45735
3 4 82344
4 10 43270
6 9 48620
7 9 7549
2 3 21582
5 10 67146
1 3 38167
3 8 18387
1 10 31790
1 8 74696
3 6 58861
8 9 21802
3 7 23475
1 2 63662
7 8 54833
5 8 94202
6 10 30053
3 9 23138
1 4 43098
1 9 92660
10 26
8 9 28773
3 8 72721
7 9 48763
2 8 89691
5 10 48901
3 6 94544
7 8 88293
1 7 37976
4 8 77106
1 3 5238
9 10 43945
2 6 42393
4 9 62698
2 3 96582
3 9 64713
6 10 84002
1 4 70194
1 10 92855
2 10 32353
4 5 76926
3 4 26843
2 4 23125
7 10 47353
8 10 11253
4 6 11479
6 9 45917
10 16
4 7 12602
5 7 21718
8 10 21187
5 9 83717
6 7 41723
4 10 91823
7 9 72486
9 10 10559
2 3 46117
1 8 71971
3 5 56946
4 9 55688
1 2 32992
1 4 25627
3 4 95571
6 8 49880
10 29
2 8 35443
4 6 74065
5 10 94657
1 4 87879
6 8 37127
2 6 39618
1 2 18510
4 7 48097
1 5 84501
8 10 33429
1 9 14148
3 9 15931
3 4 89518
6 9 46209
5 9 69573
3 6 29528
4 9 76968
7 8 58578
2 4 72668
5 6 25135
4 10 10401
1 7 81282
2 10 13060
1 10 78318
3 8 37574
5 8 14898
7 9 74155
4 8 68738
2 7 80106
10 30
4 10 4442
3 7 5060
2 3 88746
2 7 27289
5 8 16717
2 4 30991
4 9 52898
3 9 59063
5 10 9385
6 9 5067
2 9 70586
8 10 38499
7 9 41336
9 10 46610
6 7 74861
1 2 53510
4 6 59257
1 4 11771
2 6 99201
3 4 33744
3 5 43315
3 8 8506
3 10 20855
1 9 23682
5 9 9634
1 5 51584
1 7 70727
4 8 46023
2 5 64551
7 10 31883
10 22
1 4 344
3 9 52578
2 3 52396
6 7 89517
1 2 7251
7 10 60097
1 8 50570
5 6 47817
2 4 97007
3 6 57455
4 6 18016
2 7 20024
6 9 22152
2 8 99685
1 9 54101
5 8 20433
2 5 3096
5 7 52570
4 9 36921
2 9 63161
4 8 53869
4 7 23656
10 38
8 10 83997
2 7 49168
7 10 18199
1 8 66580
6 7 56630
4 7 78111
5 8 85886
6 8 308
2 8 153
5 9 28596
3 7 87455
6 9 45601
4 10 50273
2 6 43983
3 6 52129
1 2 66602
2 4 99370
1 7 52759
8 9 98812
1 6 10691
1 3 5381
7 9 84748
5 10 79038
3 4 3652
1 5 98307
2 10 13591
4 6 29239
2 3 88686
5 6 96783
2 9 68066
2 5 56184
4 8 72131
5 7 26773
4 5 56754
3 10 77980
1 9 22766
4 9 85888
7 8 1501
10 35
9 10 98632
1 4 13552
3 10 66719
1 6 34996
2 5 82801
5 9 45349
7 10 37488
1 8 45967
4 5 50830
2 4 20747
4 7 54088
4 6 71941
3 5 99813
2 10 54541
4 8 18810
5 6 53844
2 8 41770
3 9 38957
1 2 42772
6 9 6714
5 8 48004
2 9 30945
5 7 70692
1 7 7824
2 3 72570
3 7 10008
3 8 27988
1 3 48814
7 9 51326
1 9 41990
1 10 22522
6 8 97371
4 10 18722
8 10 34700
7 8 53150
10 18
1 8 28644
6 7 8955
6 9 8617
3 5 23426
1 5 5057
2 9 11258
7 8 39391
9 10 39404
4 8 98389
2 4 32150
2 3 97593
4 9 37328
5 6 96397
4 5 84242
6 8 10089
5 10 3536
1 3 12944
6 10 50570
10 35
2 8 83566
2 6 90122
5 7 31483
3 9 29045
4 9 85535
5 8 12197
7 8 22742
2 4 38300
5 10 80860
2 7 44851
7 9 99186
1 2 31071
4 6 40178
2 9 70442
1 6 99245
8 10 47150
1 7 97087
3 4 96960
4 7 21017
3 10 61037
4 8 30067
1 4 24870
4 10 13871
1 5 94058
1 3 52700
2 10 98830
6 8 86226
8 9 29756
1 10 68237
2 3 4849
7 10 37004
6 9 79484
2 5 95447
1 9 11311
9 10 68898
10 10
3 4 44588
1 5 18858
7 9 60294
2 5 58484
6 10 71483
7 8 26012
1 6 82475
1 4 24632
3 10 75939
6 7 17580
10 25
2 4 22610
4 5 53220
3 10 50053
3 9 58859
3 5 54910
7 10 9361
4 8 84345
2 8 67208
3 8 78234
1 5 53741
2 3 18788
1 4 97515
2 5 18932
7 8 28165
4 10 98550
1 9 75642
1 6 74429
6 9 81412
7 9 64413
6 7 36916
2 7 84469
3 6 10546
1 2 67023
2 10 19242
6 8 56887
10 23
3 9 14099
1 5 14735
1 7 70707
6 10 75526
3 5 14914
1 6 46048
3 6 67693
5 6 7504
7 10 32268
5 7 84347
6 7 36903
7 9 57486
1 10 8443
2 8 76787
5 9 29321
9 10 22828
7 8 53803
6 9 93819
4 7 75688
3 8 41888
2 6 68780
2 4 76552
6 8 16750
10 35
7 9 96816
2 5 96979
3 5 66780
2 7 15734
1 5 37860
3 10 27651
4 9 3268
6 10 44427
2 6 50342
8 9 71352
6 9 15887
2 9 89614
5 6 52939
2 8 62508
9 10 74880
1 2 52105
4 8 57731
4 10 61387
4 6 84572
3 8 84543
2 10 73247
2 4 67856
5 9 11003
3 7 54695
7 8 45721
3 4 29056
5 8 11981
1 7 74383
1 9 20188
1 8 74828
1 3 25801
8 10 73680
1 10 39428
5 10 70735
4 7 36359
10 28
9 10 26242
7 10 69619
6 10 71131
1 3 63525
1 5 3491
3 9 89347
1 4 77492
1 6 7084
2 7 14572
5 9 5691
4 5 71661
2 8 39247
2 4 75545
5 8 16758
6 9 22483
7 8 93389
3 5 58093
3 10 57686
3 7 28595
3 4 25865
4 8 14467
1 2 97173
1 8 64946
5 7 13385
1 9 93480
2 6 22969
8 10 52204
3 8 54305
10 16
1 10 45908
1 8 48568
7 8 89521
5 10 97260
8 10 38988
4 6 57408
1 9 36973
5 6 24004
1 6 71204
5 9 65581
6 7 17528
4 8 73504
2 9 67203
4 9 8312
3 4 45866
2 5 10413
10 19
5 8 44934
1 5 39141
2 6 72414
4 6 12666
1 2 40404
1 7 76150
5 9 35574
3 9 52046
3 4 73714
3 6 30485
4 10 58685
3 10 92338
6 8 53492
4 9 94491
9 10 97111
2 5 56381
2 10 159
1 3 33917
1 10 50356
10 22
1 6 59791
1 3 48383
2 6 18461
5 9 79229
1 2 60228
2 9 85628
1 4 52394
4 9 90794
8 10 49279
5 6 20239
9 10 46562
2 7 80639
7 10 9298
3 9 98826
5 10 90183
3 6 75814
2 4 19844
2 10 70643
2 8 21995
6 7 57774
2 3 23259
3 10 21319
10 37
5 10 41515
1 3 92439
6 9 88290
5 6 82188
4 5 1529
2 9 11423
3 4 55624
6 10 96708
3 7 24461
9 10 73279
4 7 61411
6 7 61424
8 10 79504
1 6 6092
5 7 18805
4 8 74852
5 8 42979
1 7 91094
5 9 46650
8 9 52360
3 9 63586
7 9 83898
2 8 34559
4 9 14084
4 6 1581
3 10 26457
2 3 5223
1 10 31872
2 4 16450
6 8 63336
2 6 20748
1 5 79379
1 9 51664
3 8 54095
3 5 96602
2 10 30363
1 4 41486
10 16
3 4 75816
2 6 14670
2 5 26724
4 7 35236
6 7 32937
3 5 20055
5 8 57927
4 10 35204
1 4 7321
1 8 79200
1 9 73841
2 7 12910
6 10 42455
1 7 13292
2 9 41432
7 9 17254
10 23
5 9 75335
3 10 77147
4 6 57899
2 9 5696
5 10 30627
2 4 72290
7 9 64535
5 6 19606
2 6 26336
1 5 36569
3 4 65473
7 8 73863
3 9 35264
4 9 48919
2 5 45142
4 10 38510
1 10 21223
1 4 90559
2 10 81977
1 9 58859
3 6 4637
6 8 36216
4 5 36561
10 21
1 7 51074
7 8 57344
1 5 8628
3 8 49564
2 3 79000
5 9 15554
7 10 7337
4 9 70499
2 7 56547
7 9 11346
2 4 64758
2 8 32990
1 9 27456
2 6 82788
1 6 96090
5 8 75090
8 9 1746
4 7 69611
3 9 43234
1 10 63352
1 4 84311
10 26
3 9 17633
9 10 76286
1 5 45182
4 7 57566
2 9 27871
8 9 85272
5 7 83267
7 9 73574
4 8 2118
2 5 34596
1 8 69598
3 7 64747
1 6 72616
2 10 69509
6 10 56187
1 10 72510
7 10 840
2 8 84877
6 9 57078
1 3 87687
5 8 9948
4 5 97451
3 5 57980
2 4 80277
3 6 3716
4 10 40117
10 28
1 3 46081
1 7 74199
2 8 4872
5 9 6601
2 5 98720
2 7 84687
3 5 92278
7 9 31827
1 10 31019
7 10 80502
4 7 50877
3 6 12486
6 10 32654
6 9 86463
1 2 95252
3 8 27656
5 6 46636
2 6 30527
6 7 20168
4 6 92580
6 8 26066
8 10 94679
1 5 97920
1 4 45212
5 8 77417
2 10 64854
1 6 43206
2 4 65106
10 41
2 5 40340
8 9 19436
1 8 19222
6 10 32845
6 7 96810
8 10 25885
5 8 15447
9 10 3131
4 6 50756
3 10 65338
1 3 70282
4 7 18550
4 5 27653
1 4 96435
5 9 38783
2 3 56537
1 7 5181
7 8 17333
3 5 37669
3 8 29492
2 10 65429
4 10 62080
7 10 11280
6 8 50322
4 9 75692
2 8 86021
2 4 22319
1 10 74358
2 7 98450
3 6 94855
1 5 10035
3 4 83425
5 10 60964
7 9 19250
3 9 64995
1 2 65399
5 6 66721
1 9 49413
3 7 80302
2 6 22992
2 9 3306
10 10
3 5 39170
5 8 93250
8 10 23206
1 8 34755
1 4 53534
2 10 2956
2 4 8206
6 9 56867
6 7 39539
2 7 8057
10 15
3 8 35887
1 4 93440
5 10 68462
2 7 48501
6 7 69327
2 8 79243
4 10 44673
2 9 10613
2 6 90173
4 8 40820
1 2 16724
1 5 1535
5 7 11029
5 9 26943
3 6 79380
10 39
1 6 99816
6 8 11287
2 4 49950
1 3 76157
1 7 43636
3 7 62543
6 7 45406
3 8 95246
1 5 6173
2 3 35085
2 8 43491
7 9 94108
5 10 87924
4 6 81289
6 10 83881
2 5 61873
2 10 13096
5 7 98310
6 9 68811
2 9 56259
4 8 21403
9 10 65227
3 9 85681
5 6 42435
4 10 47722
7 10 72284
8 10 7511
3 5 64960
1 8 37639
1 2 79381
2 7 1094
2 6 83249
3 4 12376
5 9 56937
3 6 83282
1 9 54070
4 5 60211
3 10 50873
4 9 98400
10 17
4 10 21559
3 5 61053
2 9 72458
1 2 44911
7 8 16757
1 8 31273
2 3 81796
3 4 18216
1 3 15522
4 5 7172
4 7 29650
5 6 78004
2 10 3737
5 10 2009
2 6 58687
1 6 64104
2 8 5230
10 12
7 9 62316
1 9 97214
4 5 97649
2 10 86141
8 10 32829
2 8 31895
3 8 90390
3 7 60349
2 5 70420
1 6 51263
4 10 64930
3 6 1121
10 13
2 7 47074
6 8 12080
7 10 667
7 9 53605
4 8 0
8 10 18798
3 4 28663
2 10 45252
5 7 26080
1 9 1899
1 5 88339
3 10 26432
1 2 24307
10 18
6 8 24798
2 8 51060
1 8 23575
2 7 0
1 4 80668
2 10 55980
3 9 98614
1 2 44700
1 10 60665
1 3 66654
5 9 88327
3 10 15975
2 9 70793
6 7 58440
7 10 68628
4 6 74771
5 6 82443
5 10 88217
10 29
3 6 85531
7 10 26464
5 10 0
3 4 12091
5 8 31610
2 7 92717
7 8 90757
4 7 21499
4 10 32758
5 7 87689
6 7 61939
4 8 27053
2 8 87433
2 10 26119
4 6 43560
1 9 47914
5 9 62970
1 5 6972
4 5 770
1 7 61046
1 6 76727
1 10 40612
8 9 10303
9 10 2280
3 7 76617
1 2 68617
2 6 59416
2 4 52504
6 9 2013
10 11
5 10 0
8 9 18445
6 7 40199
1 8 98327
2 6 62938
4 8 17685
2 3 18883
4 10 36237
2 10 81338
9 10 2432
3 10 99761
10 28
1 8 49130
3 4 76732
5 6 39084
1 6 42997
2 8 34496
6 10 19345
2 7 54005
1 10 55540
4 10 98474
2 10 29211
4 7 30351
1 7 69115
2 5 0
1 3 72517
7 8 94465
8 9 37598
1 4 28823
2 6 90390
7 9 21255
2 9 22456
4 8 69222
5 7 28397
1 5 7786
4 5 28327
6 9 45484
3 9 6893
4 9 85410
2 4 68272
10 33
4 8 65289
4 7 8132
4 6 40860
1 10 7857
2 9 58474
2 3 51205
1 6 70539
4 9 13780
1 2 81906
2 4 98031
3 7 26074
1 3 49532
5 10 56069
2 5 44031
3 6 97448
5 8 45525
9 10 27087
8 9 22995
2 6 93365
5 9 81918
1 4 59829
6 9 53648
2 8 47489
7 10 2831
6 10 31156
3 5 11929
3 9 38382
3 8 870
7 8 90049
8 10 10693
6 8 93739
1 7 33026
3 4 0
10 36
9 10 4884
5 6 47642
1 10 99177
1 6 8258
7 8 35517
1 3 54231
4 8 77121
4 10 91315
5 9 1880
6 10 22009
3 6 22424
8 10 17619
5 10 94394
1 7 80438
3 10 82541
3 9 4640
7 9 0
1 4 87421
2 8 54939
1 9 67971
3 4 67286
4 9 48220
3 5 82821
2 6 62742
2 5 87956
8 9 30559
1 5 14403
1 8 11357
5 7 10953
6 8 86700
3 8 7593
7 10 48430
6 7 23539
2 7 52594
4 6 69493
6 9 59468
10 11
1 5 32696
5 10 0
1 8 68365
5 9 46913
1 3 2350
1 6 81500
3 7 47034
4 7 45364
1 7 27699
2 10 31549
1 2 50136
10 43
6 10 56259
1 2 45072
3 7 0
1 4 39562
7 9 74195
1 6 91720
4 10 59469
2 10 29391
8 10 12754
4 8 26272
1 3 81523
4 6 79534
6 7 44531
4 5 86327
5 10 33780
2 3 55477
5 9 50596
6 8 69398
5 7 91087
4 9 17181
1 8 78163
2 6 9127
7 10 1450
5 6 93532
3 5 24916
1 10 81329
3 9 81053
2 9 5037
1 7 13354
2 8 80532
8 9 55177
2 7 86692
2 5 67701
1 9 59318
3 6 82122
5 8 98914
1 5 67205
7 8 19421
6 9 96980
9 10 74088
3 4 17679
4 7 79813
3 10 79114
10 42
3 8 57841
2 3 64269
3 4 51162
4 5 74213
3 6 82173
7 8 34103
3 7 66530
1 2 48436
1 10 52694
4 8 22174
7 10 25340
6 8 53033
1 8 60145
6 9 2770
3 5 45362
1 5 16858
6 10 75659
8 9 7053
5 7 30749
4 6 72347
7 9 36955
5 8 5784
1 7 32534
2 10 31327
2 8 75194
5 9 87710
1 9 82641
2 7 19833
1 6 23923
2 5 58373
9 10 45531
4 7 58201
4 9 42051
6 7 2197
8 10 60603
2 9 46302
5 10 83288
4 10 42689
2 4 15191
2 6 95285
3 10 27928
3 9 0
10 43
3 6 62723
2 6 39238
7 8 59653
4 8 62462
1 5 80391
4 6 48920
6 9 62938
5 7 1958
5 6 47257
6 7 78073
8 9 12061
5 9 16537
6 8 0
1 9 68171
2 4 72242
2 7 67087
1 8 66021
5 8 60485
2 10 50816
7 10 32945
4 5 25227
1 10 77051
2 8 31620
1 3 92752
1 4 81726
1 6 20404
4 7 46090
3 10 34633
1 7 14203
8 10 88675
9 10 61901
2 3 40614
4 9 29677
7 9 8134
3 5 98425
3 4 21226
2 5 59543
5 10 99622
4 10 31612
2 9 42448
3 7 42824
1 2 24414
3 9 63340
10 13
5 8 29997
5 7 38466
1 8 29390
4 6 26517
2 9 28524
2 3 31289
3 5 49998
1 5 41603
7 8 37909
3 10 81975
2 7 91400
8 10 0
3 6 43078
10 27
2 9 86541
7 10 52769
6 7 22522
3 7 45400
2 6 23565
3 10 34907
5 8 49088
6 8 5105
1 8 72385
5 6 39986
4 8 43146
5 7 54076
1 10 43141
4 5 89876
6 9 2805
8 9 88395
3 9 74792
2 3 7403
2 7 94446
1 2 0
1 7 50461
7 8 94765
4 10 87409
4 9 37351
2 8 12447
8 10 71794
4 7 94755
10 42
1 4 60539
5 6 99885
8 10 21661
5 10 5944
4 5 65015
7 8 39238
2 5 95933
1 5 34615
5 7 77179
1 9 96181
1 10 5001
1 6 75384
6 9 31992
7 10 69387
2 4 70437
2 8 28627
2 10 0
2 6 82991
7 9 119
1 3 81092
6 8 46791
1 8 8399
4 9 2561
4 6 28166
4 10 72263
4 7 23225
3 4 72804
2 3 9016
3 5 30455
2 7 6275
3 7 29453
3 9 42148
5 9 2182
1 2 1446
9 10 42338
3 10 71082
2 9 74814
3 6 87516
5 8 1925
1 7 74749
3 8 30241
4 8 76513
10 39
5 8 80800
1 3 59334
7 8 1708
4 7 81010
2 7 85937
3 8 8563
4 8 17147
4 6 65382
3 4 90102
3 6 13695
5 10 75790
2 6 85566
7 9 72192
6 9 15866
2 10 90792
3 7 35444
3 10 78663
5 9 93939
1 2 21437
1 9 0
4 5 22884
1 8 98370
3 5 2324
2 8 15652
8 10 38815
5 6 87985
8 9 18521
9 10 24701
1 5 67214
6 7 60336
2 9 76471
6 10 3139
2 3 2645
4 10 71715
2 4 95699
1 10 89295
2 5 79296
6 8 35060
1 6 45298
10 20
5 9 11677
1 8 69760
5 10 53510
1 9 25970
4 6 26751
3 4 94102
2 3 17259
2 4 2155
7 10 88861
3 8 26264
9 10 45582
6 8 85713
3 5 48304
4 9 44993
3 9 73639
3 7 46334
1 2 34414
4 5 0
1 6 32721
8 10 91117
10 40
4 10 36232
8 10 27578
3 8 87361
1 6 13155
2 9 87206
3 10 70253
3 4 97593
5 7 0
3 7 59600
1 4 95550
1 8 50051
6 8 30852
4 7 54353
2 3 76213
1 3 4590
1 9 54226
2 4 2824
4 6 4468
2 10 643
5 10 7054
2 6 28143
4 5 30548
2 8 26844
5 8 23036
3 6 42425
3 9 9539
6 10 31828
4 8 32070
1 2 76795
3 5 17781
5 9 89694
1 7 64862
7 9 69325
1 5 31873
8 9 28939
6 7 29321
6 9 52213
5 6 39495
7 8 71612
7 10 93149
10 23
6 7 61583
2 10 55235
3 8 98243
4 9 63633
4 6 66191
6 9 86756
5 9 99357
3 9 99738
2 7 22545
2 5 69142
4 5 56069
7 9 0
6 8 51652
4 8 27461
5 10 99221
3 10 32990
1 9 68026
4 10 63344
8 10 65374
1 4 57983
1 6 25461
3 4 97903
5 7 90246
10 17
8 9 1909
2 3 35456
2 5 81286
1 5 58269
4 6 9372
4 10 0
9 10 6604
4 8 90451
1 2 23211
4 9 58365
5 6 47966
6 8 81407
2 7 71945
7 10 9023
3 10 83807
4 5 38960
1 4 11887
10 10
3 10 62467
5 8 11974
6 9 28054
7 8 0
1 7 36966
1 5 17858
2 8 16788
2 7 53003
4 10 1235
4 5 38651
10 37
2 6 78255
4 8 2507
9 10 17395
1 9 10502
3 4 26117
4 5 8166
3 8 60455
5 8 59838
4 10 86619
2 9 35035
3 6 72142
1 8 47953
5 6 78864
1 4 35725
1 6 0
2 3 58
3 9 72844
1 2 15605
2 5 81389
2 8 65293
1 10 64053
6 10 61506
5 10 56454
7 9 98960
4 7 68009
7 10 68277
3 10 90398
3 5 46344
6 8 32651
5 9 7432
1 3 91382
2 10 67044
4 9 51186
2 7 8488
1 7 35509
6 9 87296
3 7 93313
10 18
6 10 15914
5 6 97101
1 2 7437
4 8 60999
3 4 56874
3 7 24542
2 7 73277
1 4 91901
5 7 40655
8 10 867
2 4 81904
1 7 6786
2 10 53349
4 6 62424
4 7 36399
1 3 55897
1 9 0
3 8 98032
10 31
3 5 58323
1 5 10078
3 7 34743
2 6 8630
6 9 47960
2 7 7233
3 10 29889
3 6 35010
2 4 55724
3 9 1339
5 7 40089
1 2 11576
4 8 8229
2 8 84864
6 7 5080
7 9 36634
5 10 27555
5 9 13041
6 10 61197
7 8 99142
4 6 66906
1 3 54004
1 7 94486
2 5 56341
5 8 52167
1 10 98031
2 10 0
6 8 86544
1 9 43343
1 4 76472
4 10 43203
10 39
2 4 2691
6 10 38980
5 8 91925
2 8 99120
2 10 17659
3 6 78616
5 9 31069
5 7 25293
7 9 36259
1 3 9653
4 9 50798
9 10 81108
3 10 32955
1 6 86708
6 7 12126
3 9 53798
2 9 78306
3 7 92970
5 10 57097
3 5 1346
4 7 0
6 9 10470
1 10 7155
4 6 67412
7 10 25854
1 2 25098
4 8 47912
2 6 32373
4 5 78578
1 9 59133
1 8 58264
3 4 63717
7 8 46471
1 7 90969
1 4 27719
3 8 45245
8 9 33785
4 10 45597
2 7 77029
10 35
1 7 76170
1 5 8948
3 5 20237
4 10 77905
5 9 92737
5 8 74572
6 9 74253
5 6 70023
4 6 38219
3 8 16270
2 4 61331
4 8 91637
2 8 28122
1 4 67086
4 7 26815
8 10 60777
2 3 63306
4 5 57715
3 9 69992
1 3 8612
1 6 22804
2 9 21271
5 10 5465
1 8 72802
2 10 0
3 4 24600
4 9 59782
3 10 95540
2 7 58876
6 7 37700
3 6 5343
7 10 42058
5 7 56950
6 8 97364
9 10 76624
10 26
3 4 64270
1 7 64938
3 9 94683
7 8 42614
1 8 11224
1 10 79643
1 2 48094
4 5 83639
8 10 28965
1 9 33280
3 7 74417
1 5 8484
7 9 85693
3 5 38558
6 9 93549
6 8 56673
6 7 40782
4 9 38007
2 9 68499
5 6 83275
2 5 23181
5 9 4515
4 6 74844
1 3 30595
5 7 91693
3 6 0
10 30
6 9 56958
7 10 50075
7 9 15542
1 5 67303
2 4 27246
8 10 29666
2 10 95433
1 6 70131
5 7 1055
5 9 96949
3 10 98837
3 7 0
1 7 49121
9 10 69017
2 5 80868
4 10 55938
4 7 9219
2 8 36263
1 10 82131
5 10 74412
2 3 23618
2 6 67478
4 6 55008
3 8 74957
1 3 50831
2 7 28094
4 5 51125
8 9 67991
6 7 34080
6 10 82135
10 33
6 8 98197
8 10 57769
1 5 43062
1 10 22175
4 10 22474
9 10 68137
1 6 5413
1 4 38642
1 2 94634
5 10 56262
7 9 80983
2 3 58516
1 9 19987
3 9 48016
3 5 7591
2 10 0
3 6 6772
2 8 68490
6 7 29572
2 9 7995
6 10 43719
4 9 28627
3 7 41386
7 8 88723
2 4 70308
1 7 77091
1 3 51015
4 8 73787
7 10 16181
4 5 31928
1 8 71344
3 4 69419
5 9 17293
10 43
5 10 89479
4 7 65698
6 9 96239
3 4 46819
3 5 45122
2 10 76049
1 3 49747
2 3 67753
4 8 32956
5 6 83926
6 8 68556
3 6 49192
6 10 36415
1 6 24780
6 7 77616
2 4 44243
4 5 60557
1 4 62415
1 9 15923
2 7 36542
5 7 40169
2 8 65554
1 2 56038
2 9 26658
4 10 39641
3 10 40994
7 9 63337
1 7 39095
5 8 0
3 8 42476
3 7 22577
3 9 90464
4 6 29222
1 10 49597
4 9 20292
1 8 78493
7 10 25969
1 5 25798
2 6 79333
8 9 99661
9 10 36107
2 5 38750
8 10 3733
10 36
3 9 54070
2 9 43336
1 8 12263
8 10 61830
1 10 43170
5 6 41209
5 7 18850
3 5 30522
1 3 89758
5 8 74111
9 10 36702
6 7 49592
4 5 60489
6 9 75722
3 10 75190
4 6 1746
2 10 4398
5 10 46936
7 9 73277
1 2 92967
3 8 0
1 4 89543
3 4 95814
4 10 68728
6 8 60224
8 9 35477
3 7 22474
2 5 23574
2 7 14753
5 9 84654
4 8 59570
1 9 92742
6 10 35307
1 6 2095
7 10 76554
2 3 22693
10 37
2 7 22051
4 10 19247
8 10 22553
2 4 48721
1 7 94421
5 6 47366
1 5 2042
6 7 5498
6 10 66160
8 9 51778
4 8 28571
1 6 38615
5 8 10235
4 6 11497
2 9 77714
4 5 92319
2 10 44401
1 4 16084
6 9 12771
3 10 0
3 6 80233
3 9 87660
2 3 27055
5 7 28316
3 5 3159
9 10 57255
2 8 95155
4 9 1832
3 4 70863
5 9 53877
5 10 98685
7 9 88057
1 3 54616
2 5 99336
1 10 17781
1 9 59110
1 2 72085
10 31
2 5 71379
1 3 34931
8 9 88057
2 6 13223
2 7 87441
4 8 60506
8 10 55419
3 9 0
1 7 91785
1 9 92837
4 5 84517
1 10 381
1 6 63862
7 9 29211
5 10 63760
3 10 25658
6 10 34844
4 7 43885
6 9 75833
2 8 36501
7 8 71844
3 4 51939
2 9 94498
2 10 62133
3 5 39141
9 10 48489
6 7 14052
1 2 28402
5 7 54319
1 5 89462
1 4 51636
10 27
2 4 31690
3 7 11655
2 10 88010
5 9 53619
4 10 20808
8 10 89228
3 6 30630
2 8 26256
5 8 664
1 9 68269
1 3 83486
2 7 80576
3 10 70264
1 4 91199
1 6 96688
5 6 71061
3 5 0
2 6 74047
4 5 34570
4 7 94705
4 9 31879
7 8 15985
1 2 80958
5 10 62220
7 10 54905
7 9 9577
1 7 6333
10 26
7 8 97220
6 7 53328
2 9 3754
2 6 87839
7 10 0
6 8 17006
2 3 13201
2 10 62854
4 6 93870
1 6 29449
6 9 17633
1 7 36410
2 5 53118
3 7 37525
5 7 58133
5 6 80730
9 10 33442
8 9 74643
3 10 9791
7 9 93603
1 3 71548
5 9 91686
1 5 53064
3 6 7595
1 4 60137
4 5 2007
10 20
2 7 60841
1 10 8151
3 9 41452
1 7 69272
7 9 63956
6 8 55170
8 9 78714
4 10 13792
6 7 84369
6 10 19392
2 3 42245
5 9 15388
3 8 69698
4 5 87455
5 10 0
1 3 63955
4 8 73146
6 9 28214
5 6 21905
1 6 78514
10 11
7 10 73421
2 6 0
1 4 78050
8 9 4620
1 2 18205
3 10 56483
2 10 64773
1 3 86419
5 9 94990
3 4 22487
7 9 38291
10 17
4 8 33963
3 8 95165
1 6 38782
3 9 92511
6 9 81084
2 9 9223
5 10 28538
6 8 0
1 10 93690
1 4 28309
7 9 15400
3 5 16812
1 7 97725
4 9 81495
7 10 48035
2 8 93831
5 7 29485
10 33
3 10 61780
6 8 57748
5 6 29298
8 9 4412
2 3 92045
6 9 20965
3 9 18532
5 8 82691
3 6 70056
2 6 92245
2 8 21742
1 3 80822
8 10 76729
2 7 0
4 10 18861
2 5 42486
4 8 86240
4 5 3034
7 9 3817
1 7 44234
6 10 23866
2 10 81644
6 7 18920
1 9 4978
1 5 49139
2 4 57855
1 2 83496
3 4 38419
5 9 49654
3 8 29551
4 6 50631
7 10 90374
1 10 30850
10 12
5 9 38741
5 8 38101
1 8 69485
5 6 19180
1 6 80421
4 5 86540
3 8 89165
2 8 68713
2 5 0
6 7 37633
3 10 82448
7 9 43459
10 39
4 10 48225
1 5 87685
6 8 135
3 10 64735
8 10 77743
2 5 23621
5 10 35902
2 3 87182
2 10 14867
7 8 89516
1 2 94022
1 7 98055
3 9 0
5 6 47446
6 7 1652
2 4 32902
4 9 53880
7 10 48827
5 7 40387
5 8 56618
9 10 63740
1 3 37266
2 6 39914
3 5 73411
7 9 70510
2 7 35133
3 4 22081
1 4 4025
1 6 62271
5 9 57406
4 8 11925
1 9 42611
2 8 18406
3 7 7847
4 6 83057
3 6 22233
4 7 15821
1 10 16659
2 9 6536
10 31
6 10 63194
5 7 10798
1 9 20345
1 3 3939
6 7 92143
2 5 73955
4 9 32472
2 10 23563
5 6 42348
2 4 58055
1 8 42208
1 7 0
3 9 44095
4 8 69586
3 7 16931
3 10 37689
5 8 14712
4 10 90199
6 9 66571
7 8 15754
4 5 71776
4 6 67584
5 10 89524
5 9 10784
3 5 47480
2 7 41136
7 9 19668
2 6 17703
1 5 63844
1 10 39609
1 6 7077
10 42
3 7 52990
5 6 3741
1 5 47435
6 8 84918
1 9 76445
2 10 91169
3 10 30929
6 10 52246
1 10 43638
6 7 93342
2 7 86214
4 8 24478
3 4 71094
4 5 72597
1 3 19340
7 8 97281
7 9 89690
3 6 14590
4 7 40671
8 9 0
5 10 39208
2 6 4662
1 8 92037
6 9 55445
5 7 73684
1 6 93874
5 8 45657
9 10 95267
2 9 11479
2 8 82222
1 7 56263
4 9 77695
1 4 23121
2 4 46563
5 9 73786
3 9 95043
2 5 87242
4 6 51701
8 10 97279
7 10 91581
2 3 90059
1 2 93194
10 21
7 10 40453
6 7 46174
2 3 17064
1 8 85574
4 8 50635
4 6 5532
1 4 55787
6 9 93788
5 9 57215
3 5 60142
3 10 81322
3 7 33304
5 6 12441
1 3 58887
2 6 0
1 2 45007
2 7 83189
4 5 4114
2 10 85063
2 9 96171
7 8 45572
10 36
6 7 29162
5 10 11052
7 8 59099
3 10 7458
3 4 8866
4 7 21041
1 6 11000
6 9 16060
1 4 31509
3 9 59858
5 9 68947
2 7 54016
2 10 42878
4 10 83316
1 3 9424
4 6 88476
4 5 2730
5 6 63820
3 6 19108
2 5 46101
5 8 35528
9 10 62544
1 9 0
7 10 80536
2 6 26520
3 8 78914
2 9 80945
5 7 8777
8 9 70223
2 8 12639
2 3 96869
1 2 36348
1 8 39119
7 9 51424
4 9 16968
1 7 98077
10 26
3 4 86907
2 6 51439
2 10 85310
8 9 19219
2 8 84331
4 9 39184
5 8 41807
1 2 41081
4 5 19203
6 7 97285
4 7 4862
1 4 18539
4 6 2341
3 8 90371
5 7 45973
3 9 92115
1 10 33365
6 10 57037
2 9 0
1 3 76480
1 8 65971
2 5 17022
7 9 81789
5 9 35914
7 10 58796
2 4 71275
10 25
2 10 61114
8 9 82277
7 8 85608
1 2 72051
9 10 26395
1 4 56232
6 9 0
8 10 87692
1 5 19816
2 3 39092
3 4 39
2 4 3409
7 9 62375
1 8 67021
1 7 61543
5 8 91863
1 10 67062
7 10 9188
3 10 13390
4 5 14808
3 9 31072
4 10 95138
1 3 91134
4 8 46340
2 9 60387
10 27
2 9 13379
2 3 96832
2 8 26412
1 2 69364
1 3 19125
9 10 59186
4 8 58761
4 6 70894
2 4 37209
3 6 41325
2 5 47511
7 10 74673
5 9 79203
3 5 26188
1 7 58344
1 4 51543
3 10 90156
7 8 74421
2 7 77074
8 9 91571
4 5 0
5 8 90464
1 6 12758
1 9 44292
3 8 56947
1 10 6547
1 8 9714
10 28
1 9 28582
4 8 21629
1 7 73216
4 10 48456
7 10 85288
1 3 84944
4 7 72260
3 8 47337
4 6 65074
1 2 95958
2 7 86080
6 10 13916
2 4 27868
2 8 81063
5 9 70487
5 7 53464
1 6 64232
9 10 48232
2 5 29747
3 5 68549
2 3 54907
7 8 24114
2 6 93662
3 10 4697
1 4 59357
4 9 23925
1 10 34082
3 9 0
10 42
6 9 17136
1 10 37639
6 7 6127
3 10 71569
4 6 76888
7 8 3044
5 8 49379
7 9 57201
2 7 92680
4 9 60766
8 10 56775
1 2 31197
1 3 21908
2 6 45585
6 10 60576
5 7 63776
4 7 48647
2 9 55384
3 7 28855
2 10 55624
1 7 81381
5 9 47331
8 9 26033
6 8 63561
3 5 33892
9 10 62033
3 4 54263
1 6 0
3 9 22353
2 3 87276
2 8 60299
5 6 28766
7 10 84822
1 5 49383
1 9 74096
4 5 79820
1 4 23177
5 10 63454
3 6 89197
4 8 41185
4 10 32013
3 8 1838
10 45
7 8 37059
5 8 59697
1 4 86648
3 9 18451
2 7 69749
4 7 80067
3 5 14372
1 7 9882
9 10 8692
3 8 32465
4 10 28531
6 10 75356
6 7 58538
5 6 64976
3 6 4888
3 10 25382
1 10 301
2 10 76367
5 10 22739
7 10 4071
1 8 24225
8 9 45198
1 9 15529
6 8 78736
1 3 38140
2 6 70690
5 9 9719
2 5 15630
4 5 0
6 9 29451
3 7 57401
3 4 62732
4 8 20743
2 9 99159
1 5 36946
7 9 9019
1 6 68050
2 8 11803
8 10 91314
5 7 43613
2 4 34670
4 9 94207
1 2 82645
2 3 51594
4 6 83784
