100
4
10 5 15 5
2
100 100
8
81 81 81 81 81 81 81 0
6
23 90 40 0 100 9
2
0 0
10
100 0 100 0 100 0 100 0 100 0
10
100 100 100 100 100 100 100 100 100 0
5
83 68 80 60 62
6
92 49 29 64 21 41
7
22 93 76 23 72 40 66
8
31 27 79 70 74 0 57 97
9
67 44 51 91 99 38 21 41 9
10
98 24 26 35 78 48 38 40 82 91
10
73 3 68 81 66 0 47 27 83 29
10
73 22 73 29 78 92 32 1 70 3
10
94 10 7 86 67 0 26 66 88 68
10
82 7 46 55 27 47 36 28 87 87
10
51 23 10 74 6 85 86 1 54 88
10
52 73 95 37 34 80 86 2 16 93
10
13 14 6 23 39 92 40 35 56 55
10
51 81 17 69 5 33 69 56 56 69
10
65 23 82 5 53 70 0 46 35 17
10
66 4 70 98 57 11 12 62 26 39
10
96 78 4 27 5 67 40 87 37 68
10
30 83 28 11 7 76 5 82 58 2
10
36 74 24 47 91 42 9 3 12 74
10
59 2 27 37 5 82 64 51 16 99
10
58 61 32 66 35 93 75 0 63 29
10
39 70 23 6 90 38 1 10 75 40
10
16 52 6 36 67 90 95 57 58 82
10
6 94 13 86 12 74 87 2 49 89
10
0 99 99 48 88 1 29 16 31 17
10
54 10 33 75 65 2 55 65 21 92
10
68 19 80 59 27 35 65 85 69 30
10
76 43 55 76 8 45 48 30 53 86
10
90 9 26 54 17 19 61 93 32 35
10
77 28 47 9 36 25 77 41 98 33
10
22 57 89 84 67 73 90 35 22 17
10
70 94 59 74 89 8 55 63 90 93
10
34 38 92 12 17 52 82 21 89 81
10
7 41 56 55 33 66 96 64 40 5
10
77 33 82 78 96 34 10 59 22 21
10
16 52 48 14 72 87 32 42 3 7
10
56 22 55 59 4 19 61 90 80 4
10
64 25 40 51 75 35 16 37 98 94
10
35 16 28 75 10 34 82 64 18 99
10
46 56 31 40 86 75 40 54 12 82
10
22 77 16 47 46 99 77 93 41 58
10
33 73 37 58 25 98 4 50 76 38
10
64 67 67 20 78 93 27 68 36 92
10
63 66 18 29 82 72 0 27 56 68
10
41 69 43 14 76 78 67 93 54 36
10
53 54 20 27 73 20 2 66 38 46
10
68 82 44 76 60 9 95 73 8 18
10
53 27 39 26 61 89 30 12 28 13
10
75 1 60 63 2 31 41 55 29 95
10
35 39 73 96 51 19 32 43 19 52
10
92 73 96 99 74 72 69 3 62 29
10
54 73 97 54 67 20 70 94 26 55
10
34 84 45 82 24 98 41 37 58 91
10
66 9 65 96 76 65 30 51 36 31
10
55 14 65 74 96 58 43 4 54 28
10
81 31 21 17 74 10 92 97 85 1
10
15 64 86 73 42 79 16 82 41 97
10
4 46 34 52 83 89 59 37 88 14
10
13 33 38 10 97 59 12 36 77 58
10
49 45 48 45 80 76 79 51 71 5
10
89 35 60 15 71 62 0 26 40 39
10
76 46 37 50 5 85 32 28 14 35
10
5 83 56 37 33 9 28 64 88 61
10
59 77 49 30 67 32 34 28 11 80
10
73 8 84 87 52 40 8 24 3 13
10
40 41 46 25 90 69 37 8 11 60
10
99 97 99 36 96 14 32 11 30 60
10
36 30 83 21 56 52 29 19 74 51
10
74 19 51 66 26 8 62 20 8 63
10
88 43 91 43 34 55 41 12 1 74
10
76 63 40 52 94 6 17 33 48 62
10
53 63 53 27 23 97 3 29 3 63
10
30 40 16 92 56 88 21 38 34 9
10
41 77 90 8 18 1 32 11 42 64
10
43 13 3 74 35 48 48 78 12 65
10
18 82 84 76 0 48 81 68 87 64
10
5 38 59 0 1 51 35 0 97 37
10
70 77 71 85 13 85 19 4 8 97
10
14 70 6 11 55 7 56 3 95 94
10
42 18 49 95 39 10 8 35 53 21
10
75 16 74 83 60 33 48 35 27 15
10
18 72 25 82 66 80 56 88 80 66
10
63 44 18 35 93 49 9 42 14 99
10
86 5 92 10 74 45 56 0 74 30
10
20 6 71 91 1 36 41 84 41 58
10
86 28 15 94 49 70 80 3 69 97
10
64 94 61 57 10 22 89 48 48 59
10
63 50 41 54 73 82 46 99 5 55
10
54 48 37 77 76 90 37 96 46 58
10
83 32 54 66 29 89 73 63 89 28
10
74 24 38 89 70 99 63 90 42 23
10
65 30 54 63 96 59 4 75 87 20
10
99 45 74 47 5 88 71 76 59 29
