100
2 2 2
1 2 3
1 1 2
2 2 2
1 2 3
2 1 2
3 4 5
2 3 3
2 1 5
2 4 2
2 2 4
2 5 1
1 3 3
653956992 1398464 142586229
967610078 841194778 170744464
272344329 245859357 999138712
3 15 5
65970271 644264733 196306380
135426030 840931862 169942792
608722104 708084497 73710727
794300112 21104593 35915537
511053345 261275750 109463355
4 20 5
1000000000 1000000000 1000000000
1000000000 1000000000 1000000000
1000000000 1000000000 1000000000
1000000000 1000000000 1000000000
1000000000 1000000000 1000000000
5 20 5
4 200791308 200151001
4 957522173 64736667
4 592241561 55436775
4 728644544 78671375
4 500679128 134805683
2 20 5
1000000000 1000000000 1000000000
1000000000 1000000000 1000000000
1000000000 1000000000 1000000000
1000000000 1000000000 1000000000
1000000000 1000000000 1000000000
5 20 5
4 721157643 400476677
4 858715547 210515201
4 670287213 802756761
4 562803589 531401305
4 107461290 884596784
5 20 5
4 1 277009046
4 2 277009042
4 2 2
4 4 277009034
4 5 277009030
1 20 5
20 773614840 1753088
21 430980459 345476582
21 297993228 849199256
21 238829674 484403980
20 456479678 139865462
5 3 5
670699144 537888460 813760630
116925397 13071461 330054797
410811094 858546665 299667089
324304598 904008263 582110952
806051872 969978533 78892036
1 3 5
96129612 968005929 901505651
293788983 48947086 129813557
259077308 403840317 817969154
77615172 859765582 298383814
58436875 678658874 222118358
4 20 5
807687542 481465389 734285969
834932545 32486051 12501572
347835858 350061029 388400889
345412409 82543461 614277995
428360305 562690578 724327179
1 17 2
24817394 566643018 480424745
98528121 360943129 354045689
1 1 1
1 1 1
2 2 3
1 1 1
1 1 1
2 1 1000000000
2 2 3
47368665 706471321 385682621
735874382 461365309 963211833
991023115 696684041 344301870
5 20 5
5 690339337 388419378
4 461951181 183108330
5 227190577 61967630
4 886000592 702938583
5 440869437 347169017
5 20 5
6 229978181 871801539
7 334753944 440409295
6 447440213 147132416
3 813670414 897413452
2 396963908 658754525
5 20 5
4 695896607 869654603
4 973768389 580886501
4 21409542 251173713
4 124487468 813977301
4 11269473 773954942
5 20 5
4 1 128211203
4 2 128211199
4 3 128211195
4 4 128211191
4 5 128211187
1 5 5
608596488 89228043 596616066
294083641 136596708 155603739
679766261 724987441 616969047
495494445 716010555 313653087
839796314 28158235 452217899
4 18 4
948939715 958979709 184509665
173035537 629678852 574914477
986796166 599120600 440502289
169367314 862448045 151565305
5 20 5
4 1 265053823
4 2 265053819
4 3 265053815
4 4 265053811
4 5 265053807
4 20 5
5 96700796 274258403
5 536328189 749812184
5 182613863 574089370
5 335388818 152975939
5 847383895 628327982
4 20 5
5 122475015 632368722
5 494450160 347782986
6 384722766 245811113
6 407724381 331744408
5 329788137 117577950
2 20 5
10 670080314 456646225
10 953577124 802122806
10 251570351 503838413
10 490400024 988242392
10 946879702 980624206
2 5 2
5 4 1
5 4 1
5 20 5
453762966 69669066 48782273
280611215 422444330 478777330
96886381 452553610 563444647
146498576 500869491 47261370
453214460 332757232 886710643
1 20 5
4 532758068 744940752
17 433279016 242442783
21 129173006 885154179
23 906420052 164265671
15 852881567 835306243
2 20 5
15 987258230 915811019
20 592685194 462318113
2 398389893 397922972
5 149447751 129830176
17 393490252 446108095
1 7 1
41128843 65169729 657017364
2 20 5
2080952 579604976 726694796
578760695 622029491 72232282
989426917 677334017 654672260
528304326 165690249 546633056
109620041 931055509 503116198
3 20 5
8 858629717 426817635
12 144425085 669260417
1 273598090 554414595
7 180018142 571196617
2 32899708 406502860
1 8 2
257128639 498705125 95864592
408693944 820255878 135133585
5 20 5
905522099 263327057 302704575
576679744 42424516 493021135
410666223 55304527 582439978
538877409 635839880 891960797
728799364 912848909 103966791
5 20 5
5 32857161 189750821
5 442864225 219356888
5 35979619 702982484
5 396095346 18395242
5 311666007 636571067
1 20 5
638473073 89536308 891460183
27245003 551020663 425699252
512903314 465058627 375899318
145060200 879966081 373360754
82947897 480147118 110049185
5 20 5
5 350799685 53808759
5 575771263 496672983
4 542662844 385168954
5 478665006 633780651
4 122294691 945446658
4 20 4
233104232 974563610 184927727
456517949 556903290 651060820
762316946 146140114 626052186
394685668 16532486 120502346
2 2 2
1 2 1
1 1 1000000000
5 20 5
4 574405685 184984025
4 237622038 11268766
4 111353592 32678307
4 640358258 9682126
4 553280580 20951599
4 2 4
800236014 343250671 29341673
952336760 584962546 519366967
586632708 401588896 701221131
672565608 511233887 52442607
4 20 5
6 73186616 626276690
6 821399101 430318874
6 936095367 485931409
6 737332059 31943967
5 407253707 229868930
5 20 5
4 1 17
4 2 13
4 3 9
4 4 5
4 5 1
2 15 4
628766647 767628956 126468426
607331339 733187 101032035
792259065 309767487 510451676
443319884 72084433 656591790
5 18 5
4 317354757 341720508
2 244558352 728362209
6 687634006 430201247
5 799054636 299402740
1 245007007 380863789
3 3 3
840796117 981858849 765465843
25056877 508890851 95253979
142634826 979832928 172426987
4 20 5
5 6503806 570186766
5 680419258 505639
5 616514625 338953399
5 206363035 223413717
5 466133094 453282646
5 20 5
324931667 657507833 745987264
131132463 356736794 67438130
609241348 986157788 939316495
278879522 333872791 320999694
767486062 423785630 829866849
5 20 5
4 1 43215866
4 2 43215862
4 3 43215858
4 4 43215854
4 5 43215850
3 20 5
607030624 987812204 164326010
48628576 877836920 411675919
838062386 117922664 47426716
825424955 588035516 2488211
241147829 325871650 829360532
2 2 2
2 2 1
2 1 1000000000
5 20 5
5 932500475 970815547
5 761574052 546586809
4 662520869 89249652
5 118966520 420431009
5 593807413 395242051
3 10 4
581489900 633247360 380431115
953373218 72396419 634536362
654594348 744962026 145770248
707036955 218424929 918214429
5 19 5
1 396381332 13828432
4 112675013 258386783
5 887762034 946020789
3 725231414 597591776
6 454404479 842598782
4 20 5
6 430508834 238494342
5 137156891 534425718
5 856502401 911809182
5 768707316 717002547
5 735970115 815373629
5 20 5
677741241 611911302 516687480
39653885 807009857 115325624
224653906 83069271 106860982
922406372 876420181 322411829
259609598 356425748 318253491
5 20 5
65898047 74705149 123182178
582585526 966875385 930192034
697911149 44045643 865777657
657288482 966452014 742197837
979700310 78577963 951139937
1 20 5
20 938486668 619347775
20 928159911 6289844
20 784662311 918099026
20 405885978 487617924
20 141856093 302991552
4 20 5
4 720160583 4753347
5 864585667 674013763
7 138183756 80944710
4 170718249 652141326
5 56134309 58644185
2 7 3
51145353 845320865 878068452
130037388 700195468 835989365
902377636 577529213 255148734
1 20 5
27 899567887 378659365
9 315818605 238208702
14 394806731 565775765
30 285980015 638674378
9 235345062 903012635
5 20 5
8 659337308 529106767
4 534125350 58793341
7 701839038 62382360
7 16685142 39187333
3 81461049 859638276
5 20 5
4 1 190316577
4 1 1
4 3 190316569
4 4 190316565
4 5 190316561
3 2 3
589364421 515533693 340604686
204685859 316989759 152100746
241711875 490025295 781779597
1 2 3
1 1 1
1 1 1
2 1 1000000000
4 2 5
336051947 860302368 660787755
327548692 9993995 653966417
74113009 142626741 517775853
453318126 619607808 199986394
460315220 568253771 20508674
1 20 5
754149057 152505962 382331986
589081601 37508364 247349909
789433810 387569393 635750798
134846218 470112853 102545144
415722874 885319783 826872322
1 6 1
992958853 969612293 60977153
5 19 5
3 56202722 412694821
6 605426965 693990743
2 953188348 83088507
4 751057858 879390853
4 244042502 316277920
5 20 5
723530432 886348989 806200797
846712610 321450866 625592533
629420995 19362014 669638175
495198651 529166847 636090188
89912840 508867156 714668151
5 20 5
2 151903202 641970934
7 563734366 859549338
6 226471775 475050712
1 38656933 72898614
4 96848695 264338257
2 20 5
11 898775833 764009039
10 439627394 475553782
11 646285675 971760835
11 152774955 726370217
11 511995078 475352044
2 1 2
1000000000 2 1
1000000000 1 1000000000
1 15 4
475485082 845622965 224708938
1125709 740530082 138980394
149691628 993178662 746564318
132632747 11293085 379205118
4 7 5
42390766 914271456 296049568
252648581 755067573 130424768
18114423 780124449 491831970
965884754 775275626 471664897
138311740 747024909 345143019
1 20 1
1000000000 1000000000 1000000000
3 20 3
1000000000 1000000000 1
1000000000 2 2
1000000000 1 1000000000
5 20 5
4 1 678956358
4 2 678956354
4 1 1
4 4 678956346
4 5 678956342
1 14 2
354893231 835639245 966021513
455925266 627898309 128305351
5 20 5
4 1 788068386
4 2 788068382
4 3 788068378
4 4 788068374
4 5 788068370
4 18 5
9 647438286 65552079
3 48004597 644985680
3 843377639 642711397
3 777247047 279111492
1 93945164 818524221
4 20 5
5 30871556 214739678
5 644961960 761326486
5 159999180 703092490
5 278965699 976039850
5 872773111 223798253
5 20 5
588811340 569938673 38371621
187314956 553587488 247624766
107269437 162828835 233782553
46585931 294224708 567655343
220101976 61710769 843957324
5 20 5
7 966629619 902743940
6 411831165 217578404
7 810221057 615501375
4 812185159 745331550
4 58191763 191439644
2 19 2
196667130 973636413 473296075
14636283 51251584 185578008
5 17 5
8 961922265 181118117
3 529686575 368388412
1 151072668 815828624
1 976804974 482015389
4 967934591 878979297
5 20 5
5 563279527 427452473
4 29606068 889403653
4 631109245 969110581
5 315412759 855111172
5 765659474 148496961
1 20 5
403128012 186523674 202945388
536255579 608968003 681722717
485658311 61521613 97683715
632156887 414907455 997461437
85371346 747664686 884172079
5 20 5
395571204 25713070 357762777
974331898 500258913 429995058
816275167 30109281 84667317
197095844 48315881 483816724
306715884 979371390 986932922
5 20 5
4 1 551494668
4 2 551494664
4 3 551494660
4 1 1
4 5 551494652
5 20 5
4 1 945353191
4 2 2
4 3 945353183
4 4 945353179
4 5 945353175
1 12 1
28867856 121105056 996555531
5 20 5
4 766937688 519852342
4 281235287 609990731
4 228935738 573860674
4 427809901 66735283
4 293177717 620015862
2 2 3
387654806 73547819 723413541
307912479 262116117 583715908
968700233 589664808 446226254
1 20 5
35 232231356 488708549
3 400566312 579433602
9 795373042 145209366
38 81353057 783883744
39 316698118 539412730
4 20 5
492446683 246831415 729435283
393591611 124668334 141111201
84170348 95107349 41054268
909595302 683142865 43542478
3259482 9014514 725419361
1 20 5
1000000000 1000000000 1000000000
1000000000 1000000000 1000000000
1000000000 1000000000 1000000000
1000000000 1000000000 1000000000
1000000000 1000000000 1000000000
