100
6 9 508796150
20 178 1214 8487 59415 415926 2911534 20380704 142664967
5 7 14365025
90 451 2779 16671 100006 600003 3600039
5 8 70826685
87 444 2660 16000 95957 575756 3454531 20727184
1 1 30
30
1 4 16
1 2 4 8
49 23 847581164
394932402 754759087 843124400 844003753 845027158 845597517 846181320 846558836 846787093 847382985 847400626 847437653 847567448 847575897 847577179 847580039 847580759 847580761 847580925 847581141 847581159 847581161 847581164
78 4 74699393
3 277 21879 1728405
70 4 528547614
69 4920 349300 24800281
68 4 51910703
17 1218 84074 5801088
1 5 30
1 2 4 8 15
75 4 981096591
41 3079 234097 17791370
7 17 674303131
238643577 580164641 665889549 673038398 674004249 674239060 674294162 674298207 674300017 674302567 674302901 674303052 674303084 674303110 674303121 674303122 674303131
1 5 16
1 2 4 8 16
73 25 963461330
269443735 272134142 458743194 636926853 910109677 948743789 957264961 960673662 960737088 963098119 963178198 963322397 963329746 963356418 963359603 963399495 963405650 963418387 963435480 963455164 963458958 963460854 963461298 963461329 963461330
77 22 927451295
20316087 533905081 775079966 919996706 926845632 927285370 927289070 927326367 927373545 927425539 927442918 927448354 927449297 927450758 927451210 927451272 927451274 927451286 927451287 927451289 927451291 927451295
33 21 714293100
23724256 395201496 551779066 577976673 678261970 679800865 706296428 713454216 714018444 714156832 714163603 714240003 714249574 714251879 714262314 714283724 714286769 714292560 714292899 714293058 714293100
10 7 745573670
78 831 9119 100340 1103733 12141045 133551546
2 14 96614791
15 106 301 862 2663 7968 23868 71655 214887 644734 1934203 5802536 17407688 52223051
1 1 1000000000
10000
19 5 52441886
39 780 15633 312656 6253064
1 1 7
1
4 10 271431218
100 440 2188 10940 54703 273578 1367896 6839436 34197148 170985717
1 2 27
3 7
92 4 405911400
78 7238 673097 62598046
7 14 299881855
33801353 149639503 174322084 253041420 299228617 299847457 299873510 299881045 299881373 299881495 299881589 299881844 299881851 299881855
2 1 3
3
3 12 572754890
73 240 978 3967 15815 63291 253154 1012620 4050462 16201855 64807436 259229690
3 11 66653213
45 211 770 3169 12602 50466 201874 807416 3229714 12918899 51675499
67 15 562315930
373091372 519644043 538620122 555558695 559566921 560173474 560824064 561717152 562307784 562309756 562313444 562313787 562315535 562315664 562315921
60 19 626403729
308558246 558614380 600625580 606407100 612611511 616534798 624213659 625640612 626064785 626236228 626382105 626398378 626402192 626403081 626403290 626403675 626403695 626403700 626403728
37 17 636815083
632940901 633079733 636335338 636395859 636784439 636795974 636808641 636810729 636814356 636814889 636814952 636814987 636814997 636815048 636815069 636815078 636815083
49 11 556465352
346597006 367322367 375799313 458994103 521975671 540289470 556463230 556465238 556465312 556465350 556465352
85 13 533192456
488471262 532553091 532836430 533032889 533048675 533050181 533098372 533192051 533192068 533192365 533192401 533192449 533192456
1 2 3
1 2
1 2 18
4 9
55 15 784433271
392071029 778378325 781272184 782066041 782158148 783445484 783628346 783628628 783758670 784143314 784164060 784179987 784432726 784433137 784433243
31 14 269996084
97412980 224372565 229615664 231089565 237225011 251779043 262510037 267584374 268478953 269947604 269995590 269995936 269996020 269996067
4 9 69622631
94 396 1969 9871 49397 246970 1234882 6174388 30871877
78 5 885298885
5 459 36283 2866285 226436506
75 12 566283447
162438115 539621266 543800952 553736076 556663188 558072653 559235858 560450600 564067798 566281719 566283289 566283391
50 17 950852168
335320278 384484470 760095917 933053785 938003967 943715228 945122747 950335556 950413369 950776753 950810628 950844586 950851524 950851606 950851717 950852105 950852167
76 4 188771615
80 6143 473045 36424416
75 23 819143228
149241075 264339705 276090367 408281010 685896941 806030041 811992843 814439924 817802520 818592836 818816144 819078764 819110004 819138462 819140207 819141805 819143063 819143166 819143178 819143212 819143218 819143221 819143228
53 4 119342143
84 4456 240670 12996229
4 8 11075543
64 347 1718 8612 42979 214964 1074813 5374013
29 22 184473492
68455145 152430294 176338840 178650947 183092301 183669720 184459438 184459654 184463031 184463687 184468144 184471580 184473173 184473427 184473448 184473453 184473474 184473477 184473483 184473487 184473489 184473492
74 17 759010063
364211857 677113075 703155063 720791874 754601625 756142286 756292390 757512605 758822180 758949826 758991564 759002186 759003751 759006824 759009077 759009970 759010052
59 9 894428156
51089171 563270058 892720861 894257349 894323140 894383662 894427899 894428063 894428128
1 5 100
3 6 12 25 51
59 11 811767141
455123125 556151732 743916188 811424315 811764366 811765158 811766060 811767007 811767034 811767093 811767129
66 4 576694532
34 2316 155199 10398285
74 16 442999577
277906696 345824465 381016674 395887414 424237354 440782149 441450411 442153554 442496120 442594047 442944902 442985595 442999065 442999103 442999403 442999519
1 6 100
1 5 10 25 50 100
37 5 332410144
59 2241 85173 3236530 122988151
100 100 1000000000
999999901 999999902 999999903 999999904 999999905 999999906 999999907 999999908 999999909 999999910 999999911 999999912 999999913 999999914 999999915 999999916 999999917 999999918 999999919 999999920 999999921 999999922 999999923 999999924 999999925 999999926 999999927 999999928 999999929 999999930 999999931 999999932 999999933 999999934 999999935 999999936 999999937 999999938 999999939 999999940 999999941 999999942 999999943 999999944 999999945 999999946 999999947 999999948 999999949 999999950 999999951 999999952 999999953 999999954 999999955 999999956 999999957 999999958 999999959 999999960 999999961 999999962 999999963 999999964 999999965 999999966 999999967 999999968 999999969 999999970 999999971 999999972 999999973 999999974 999999975 999999976 999999977 999999978 999999979 999999980 999999981 999999982 999999983 999999984 999999985 999999986 999999987 999999988 999999989 999999990 999999991 999999992 999999993 999999994 999999995 999999996 999999997 999999998 999999999 1000000000
1 1 2
1
8 7 273376590
85 772 6880 61941 557488 5017419 45156693
78 20 397623620
222878916 272439662 353209678 373477258 384102604 386029132 387695415 388957746 389716982 394452477 395428974 396316459 396626287 396882517 396962890 397470864 397514177 397622760 397623406 397623618
36 14 140745042
105942538 119149298 121608068 131303382 136666124 139534370 140737311 140740821 140744180 140744788 140744928 140744989 140745029 140745038
47 17 374807113
125554407 239827599 313941713 316704060 369501923 373441229 374453029 374465407 374654772 374773039 374803452 374806124 374806473 374806547 374806712 374807019 374807082
25 16 396552240
160639131 306892031 334788019 391847011 393801661 393947225 395555764 395844527 396313896 396432198 396490039 396552043 396552096 396552103 396552234 396552240
2 4 64
1 2 7 63
22 5 172672938
62 1447 33282 765424 17604825
86 5 695788195
10 896 77933 6780216 589878768
79 8 303801671
288852584 303219279 303568106 303678178 303746103 303763174 303783385 303801650
44 17 862998059
379571990 777165095 805214293 858536841 860971593 862429680 862798698 862995749 862995764 862995802 862995876 862997166 862997551 862997833 862997997 862998054 862998058
82 17 297785892
167634695 258951060 293766590 296358669 297110212 297404962 297608087 297766349 297767928 297774305 297775523 297782718 297784774 297785510 297785839 297785859 297785891
55 4 75868817
71 3973 222462 12457874
2 14 85244223
59 121 413 1283 3829 11479 34372 103170 309476 928503 2785412 8356257 25068836 75206433
39 19 670768100
234733768 400958990 669826495 670408770 670588192 670700372 670721540 670750818 670763378 670766612 670767359 670767628 670768010 670768040 670768077 670768090 670768094 670768098 670768100
78 18 148569859
48586232 61908761 107030410 140088105 140353599 144068251 148313999 148323757 148548950 148559100 148569012 148569344 148569625 148569758 148569834 148569848 148569855 148569859
21 5 63613649
53 1201 26382 580377 12768338
96 3 27839915
43 4227 409959
4 9 62636128
86 427 2088 10472 52337 261713 1308511 6542634 32713075
85 18 945698290
310518705 488275056 584683420 801718290 911829565 929414671 934329366 945289328 945406550 945620223 945645328 945661771 945689783 945691936 945697602 945697690 945698072 945698243
6 6 574898261
496438259 558755253 573508795 574753641 574897756 574898184
5 8 19439654
19 122 727 4370 26281 157690 946071 5676403
3 12 269735422
35 168 706 2749 11070 44240 176995 707971 2831819 11327324 45309244 181236964
73 18 912336242
580667065 888369710 902692913 911845186 912201903 912234476 912299329 912316032 912322768 912334265 912335175 912335855 912336012 912336023 912336085 912336095 912336161 912336242
97 3 56267636
84 8228 806339
54 20 952935808
675214722 829815841 923810366 931761344 941472392 947942643 948789981 951550428 951577625 952021987 952702367 952808915 952909546 952914966 952929470 952931051 952931260 952934856 952935698 952935784
3 11 84244632
55 193 807 3229 12866 51509 206036 824097 3296407 13185684 52742707
4 10 77969400
35 144 718 3639 18199 90953 454816 2274022 11370152 56850764
6 9 832436644
90 606 4202 29473 206317 1444200 10109405 70765810 495360668
46 3 157560
43 2024 95154
3 13 875206956
17 127 503 1954 7809 31290 125122 500497 2002020 8008083 32032341 128129346 512517361
72 17 309058723
281887472 292382684 307085589 307532065 308643166 308730932 308745558 308997594 309051399 309052803 309054453 309054742 309055626 309057079 309057785 309058072 309058722
1 1 1000000000
1000000
85 18 221216562
16296367 139407709 209829481 220729752 221011418 221066030 221082679 221152220 221179835 221198432 221214673 221216107 221216178 221216208 221216434 221216550 221216552 221216562
88 18 906002319
528101430 547882242 560712100 766115573 887744809 901436962 903986171 905729819 905856562 905873551 905959239 905982090 905997716 906000729 906001575 906002174 906002202 906002282
3 12 793705425
71 287 1118 4509 18009 71991 288001 1151963 4607941 18431765 73726999 294907993
50 5 35917312
2 140 7153 364790 18604271
55 21 739691923
612281795 696803552 717964066 732209528 736551809 738651117 739554256 739680729 739687907 739688998 739690628 739691657 739691695 739691723 739691726 739691882 739691901 739691909 739691913 739691915 739691923
31 15 965702470
377029308 482910821 877405637 900582801 924323854 965413037 965506480 965602078 965689167 965691537 965693483 965695615 965701790 965702174 965702461
1 5 5
1 2 3 4 5
9 8 278309781
25 235 2354 23591 235858 2358574 23585828 235858226
42 20 588213880
286184498 420290285 457444904 579970548 582196053 582239311 583857016 586084566 586189835 587367446 587457103 587975585 588032695 588053922 588137417 588196328 588208603 588213575 588213877 588213879
47 23 474322913
102556647 227882857 305575754 351391126 376284460 414752602 470841626 471571396 472121344 472749623 472950338 473356632 473709243 474005086 474008575 474200943 474289556 474302967 474319975 474320665 474322503 474322763 474322912
1 3 6
1 2 5
42 11 847331009
35477044 67389595 845522418 846493391 846961429 847243399 847271378 847330132 847330385 847330857 847330985
