100
1 1 12
2
1 1 11
3
1 3 15
2 7 10
1 1 3
3
1 3 13
1 4 8
1 4 24
5 15 20 22
1 3 26
5 25 26
1 1 20
11
1 2 27
3 7
1 3 15
3 4 9
1 4 23
2 18 22 23
1 1 20
1
1 3 14
5 9 12
1 2 22
8 18
1 4 16
1 2 4 8
1 3 14
7 10 12
1 4 25
3 7 11 25
1 2 17
4 5
1 2 29
9 27
1 2 30
3 8
1 3 5
1 2 5
1 1 27
1
1 1 2
1
1 1 25
4
1 1 30
1
1 1 27
1
1 3 23
9 18 22
1 1 23
4
1 1 28
9
1 2 2
1 2
1 3 26
4 8 15
1 1 7
1
1 2 29
20 24
1 3 12
2 4 9
1 3 6
4 5 6
1 2 28
16 23
1 2 25
19 25
1 3 18
5 7 16
1 3 22
3 7 15
1 2 19
15 16
1 3 27
23 26 27
1 5 5
1 2 3 4 5
1 2 23
4 6
1 3 29
4 6 15
1 1 2
2
1 3 18
15 16 18
1 1 19
5
1 1 23
7
1 4 8
3 6 7 8
1 2 7
1 5
1 2 28
3 4
1 3 24
18 21 22
1 2 6
4 5
1 1 6
2
1 2 9
3 6
1 4 25
3 6 10 23
1 1 26
2
1 3 29
13 22 29
1 5 30
1 2 4 8 15
1 1 19
4
1 1 15
1
1 1 23
23
1 5 16
1 2 4 8 16
1 2 30
3 7
1 2 23
15 22
1 1 3
2
1 1 28
4
1 2 19
17 19
1 3 20
3 4 12
1 2 9
5 8
1 3 23
5 7 15
1 2 28
22 26
1 4 27
4 7 13 25
1 1 2
2
1 4 11
5 8 10 11
1 3 6
1 2 5
1 4 19
10 14 18 19
1 3 28
4 8 15
1 2 17
1 6
1 3 30
15 22 24
1 3 20
12 14 20
1 3 28
6 21 27
1 2 20
13 20
1 1 2
1
1 1 1
1
1 3 24
14 17 22
1 2 28
26 28
1 2 3
1 2
1 2 18
4 9
1 2 9
2 9
1 1 17
3
1 2 15
4 6
1 2 23
21 23
1 1 30
30
1 3 30
22 27 30
1 1 26
22
1 3 27
6 15 20
1 1 22
2
1 2 9
4 9
1 2 28
27 28
