100
35
35 29
4 29
9 30
17 29
30 28
24 28
1 29
10 28
19 28
8 28
20 30
5 28
18 30
21 28
6 28
22 28
16 28
15 28
23 28
29 28
3 28
27 29
12 29
28 28
25 28
13 30
32 29
11 29
31 30
33 30
34 28
26 28
2 30
7 28
14 28
765
365 9
270 17
399 9
760 26
127 3
193 14
118 8
240 13
666 27
190 9
269 18
650 17
339 19
64 11
753 27
730 29
133 9
22 3
539 13
578 20
507 18
234 8
308 17
165 11
744 26
78 7
398 10
57 10
360 13
61 1
490 28
526 17
672 18
145 8
575 16
412 13
642 14
600 17
549 19
386 23
625 24
176 12
332 20
714 20
290 11
364 10
720 26
701 18
424 17
552 27
704 19
26 7
764 27
15 6
338 14
255 18
706 18
345 24
95 11
284 15
97 10
428 11
608 12
518 24
75 7
449 21
511 23
267 20
212 15
736 22
180 8
557 20
589 26
470 11
11 2
680 24
94 12
512 29
63 2
616 13
708 18
358 15
445 14
10 5
643 30
705 26
746 23
484 14
612 22
577 21
694 18
307 28
289 14
408 28
610 14
377 15
452 27
670 29
81 6
214 6
613 13
20 1
696 17
316 17
305 10
66 2
644 23
544 20
673 18
142 10
444 15
209 17
109 9
586 21
756 24
693 19
657 27
102 9
40 4
297 6
291 8
246 16
259 14
58 5
183 11
560 28
723 23
125 6
233 9
52 4
456 23
454 26
262 12
286 17
382 27
604 22
21 4
700 30
640 20
150 5
247 15
530 15
346 23
761 28
394 16
758 28
69 6
474 18
611 30
501 28
627 15
334 10
566 14
652 28
555 24
182 4
532 22
734 25
462 20
195 12
763 26
541 22
459 23
570 13
572 19
471 19
132 2
665 18
521 30
44 5
728 22
422 18
219 11
607 21
425 13
406 20
275 19
249 19
70 6
418 30
278 12
415 30
396 13
215 7
300 8
618 28
50 3
177 11
476 25
619 27
198 6
263 11
324 19
690 26
258 15
153 4
362 13
567 25
292 10
121 7
742 25
189 16
245 17
8 1
448 12
520 18
277 17
161 5
542 21
122 3
200 8
647 15
241 12
381 17
564 26
637 17
483 30
32 5
187 5
149 6
108 12
167 12
276 18
395 15
24 1
14 3
207 15
16 5
230 12
369 28
688 18
248 20
674 23
482 21
222 17
698 26
461 21
440 19
273 21
545 25
712 18
411 20
582 22
731 28
748 28
587 19
726 29
93 13
573 18
54 3
204 6
196 11
649 15
583 28
499 15
721 25
653 15
487 27
117 9
106 10
143 15
420 14
47 8
373 12
159 16
119 7
261 14
436 12
531 14
45 10
457 20
192 15
235 7
29 4
651 16
568 24
480 23
469 15
754 26
326 24
304 11
251 13
671 18
477 24
585 30
322 21
733 26
34 5
244 9
609 21
466 24
59 12
82 1
253 7
443 16
30 2
139 8
506 19
17 4
170 9
683 16
509 24
755 25
228 7
505 13
201 5
317 16
311 8
123 13
393 14
116 10
534 23
27 6
131 1
79 10
533 24
479 19
571 20
287 19
101 9
298 18
55 3
107 13
496 30
429 17
485 12
707 17
648 16
633 14
738 22
591 19
163 6
231 11
709 19
559 15
68 7
426 11
508 29
6 1
447 30
565 25
617 14
144 9
283 18
229 6
73 7
375 13
629 24
601 25
739 28
239 14
659 29
323 20
264 14
164 12
711 21
100 3
357 17
85 2
634 24
529 18
138 9
39 1
71 5
735 21
677 21
378 10
359 14
494 19
432 15
514 28
498 24
622 30
225 9
349 10
621 25
419 29
148 15
130 10
299 7
725 21
427 12
524 27
685 22
699 17
547 23
724 20
702 17
404 13
315 18
274 20
320 23
111 12
194 13
347 12
330 20
321 22
495 26
103 12
467 23
151 11
51 5
46 9
218 7
154 3
254 19
217 8
581 23
441 18
84 5
569 23
488 20
594 24
199 6
438 11
202 8
295 9
528 19
434 27
65 10
280 21
543 20
37 2
630 16
67 1
185 12
156 6
188 6
635 18
220 19
646 22
368 28
527 16
658 26
186 11
337 15
433 14
372 9
558 16
645 23
465 25
302 13
268 19
232 10
113 7
765 28
140 7
174 13
227 6
184 10
294 18
157 9
525 26
661 25
439 29
478 20
719 21
740 27
550 17
716 23
376 23
301 18
606 22
348 11
356 18
592 26
160 7
129 11
342 27
265 13
336 8
213 5
224 10
451 24
77 1
713 19
221 18
303 12
660 28
76 2
279 22
271 16
614 15
126 1
458 19
226 8
211 14
632 22
751 24
169 10
18 2
522 29
463 18
371 10
504 24
340 26
472 22
104 11
743 27
596 22
519 12
272 9
49 3
662 22
638 16
387 22
136 1
401 17
112 1
413 12
146 4
12 1
370 27
13 4
89 7
510 29
588 18
628 14
252 8
242 11
623 29
481 22
423 21
747 24
675 22
124 12
31 4
237 16
288 18
355 19
536 26
757 25
312 14
664 18
624 28
631 15
309 16
206 16
260 6
669 30
341 25
74 2
535 21
492 20
584 27
3 2
191 10
513 22
678 24
695 23
493 30
223 16
41 8
392 15
343 18
687 20
99 2
460 22
390 20
23 2
344 13
197 8
602 24
503 29
442 17
389 21
516 26
333 19
216 6
171 11
407 29
500 14
574 17
403 19
540 12
137 2
329 21
91 5
668 18
402 20
86 11
603 23
383 26
9 3
595 23
749 26
446 13
464 17
134 2
310 15
147 3
475 26
655 17
538 19
759 27
409 15
435 13
450 25
306 9
366 11
256 17
282 19
762 27
313 19
285 18
515 27
380 12
62 7
722 24
293 27
615 14
318 13
179 9
489 13
663 23
502 17
172 3
205 17
636 22
497 25
593 25
158 8
385 15
517 25
692 16
486 14
238 15
561 29
152 10
562 27
590 20
208 18
641 19
19 4
60 11
691 17
351 8
105 10
556 21
80 9
181 7
367 29
410 10
421 27
203 7
752 28
679 17
417 30
551 22
115 11
537 20
523 28
437 27
5 1
667 25
90 6
400 18
72 3
352 17
684 19
128 1
579 26
563 28
397 29
328 22
414 18
175 12
453 27
35 3
331 11
676 22
48 7
36 4
717 26
741 23
620 26
468 16
33 3
28 5
319 25
135 2
236 6
53 4
250 14
430 19
178 9
727 23
361 9
363 14
473 21
266 10
141 5
391 11
281 20
605 14
335 9
580 25
353 16
296 7
173 14
388 25
715 24
88 2
431 16
257 16
703 30
114 6
599 21
626 28
598 26
682 22
243 10
354 20
379 9
314 25
38 4
548 22
681 23
83 6
7 2
87 4
737 23
42 7
98 9
654 16
745 24
1 4
554 25
155 7
689 27
455 25
576 15
92 10
325 12
686 21
110 8
597 27
656 16
374 11
729 30
718 22
639 15
2 4
162 4
25 1
327 23
384 25
750 25
491 12
350 9
732 27
168 16
546 24
166 13
405 21
96 11
56 11
416 15
697 16
4 4
120 3
710 22
210 16
553 26
43 6
35
23 3
32 2
33 1
28 3
7 3
26 3
24 3
16 1
1 2
17 3
27 3
10 1
21 3
22 3
3 3
8 3
4 2
6 2
13 2
14 3
25 3
29 2
30 3
12 3
34 3
15 3
5 2
9 3
11 3
19 1
31 3
2 1
20 1
35 2
18 1
32
29 29
13 28
25 28
18 29
26 28
19 28
2 30
28 28
5 29
4 29
6 30
7 28
23 28
15 29
32 29
31 28
12 30
30 30
24 30
8 28
16 30
17 28
21 30
14 28
22 28
9 28
10 29
1 29
3 28
20 28
11 28
27 28
35
29 29
35 29
18 28
17 30
30 28
5 28
9 29
25 28
27 28
11 28
16 30
10 28
20 30
22 28
24 28
34 28
12 28
33 30
31 28
1 29
23 28
15 29
28 28
6 28
7 28
2 30
3 30
8 29
19 28
13 28
4 30
14 29
21 28
32 29
26 28
30
9 3
16 3
1 2
2 1
18 3
3 3
20 1
10 1
24 1
11 3
6 2
4 3
15 3
17 3
8 1
7 2
28 1
14 2
13 3
5 3
19 2
23 3
22 1
29 3
25 3
27 2
26 2
21 3
12 3
30 2
30
30 2
4 2
7 2
10 3
22 1
25 3
19 3
3 3
12 2
23 3
17 3
15 2
11 3
1 2
21 1
8 3
5 3
6 3
28 1
2 1
20 1
16 1
26 3
24 2
14 3
29 3
9 1
27 2
13 3
18 3
481
253 12
96 6
105 15
327 26
143 23
278 7
285 14
187 7
236 25
365 4
404 13
455 4
326 25
409 18
279 8
83 23
449 28
444 23
179 29
216 6
227 16
172 22
269 28
77 17
137 17
103 13
166 16
330 29
181 1
32 2
407 16
51 21
156 6
423 2
219 9
5 5
193 13
192 12
368 7
152 2
155 5
86 26
431 10
78 18
113 23
322 21
40 10
264 23
457 6
372 11
239 28
188 8
161 11
184 4
171 21
41 11
337 6
141 21
310 9
288 17
170 20
263 22
206 26
11 11
224 13
341 10
283 12
207 27
67 7
231 20
142 22
85 25
18 18
323 22
272 1
75 15
440 19
102 12
106 16
55 25
426 5
261 20
164 14
377 16
59 29
73 13
389 28
422 1
66 6
24 24
21 21
305 4
383 22
275 4
165 15
353 22
241 30
20 20
343 12
469 18
119 29
289 18
362 1
47 17
338 7
291 20
150 30
436 15
319 18
125 5
344 13
281 10
400 9
229 18
472 21
296 25
12 12
226 15
360 29
167 17
466 15
61 1
134 14
91 1
252 11
460 9
427 6
448 27
280 9
346 15
6 6
359 28
57 27
361 30
168 18
177 27
452 1
394 3
4 4
374 13
2 2
154 4
287 16
273 2
196 16
35 5
87 27
405 14
433 12
135 15
390 29
136 16
465 14
313 12
312 11
403 12
240 29
443 22
52 22
159 9
10 10
473 22
471 20
342 11
380 19
267 26
258 17
257 16
183 3
235 24
34 4
217 7
64 4
80 20
402 11
8 8
30 30
391 30
174 24
451 30
243 2
42 12
251 10
429 8
286 15
445 24
348 17
94 4
417 26
198 18
428 7
114 24
100 10
95 5
19 19
277 6
260 19
418 27
397 6
3 3
259 18
470 19
396 5
412 21
44 14
441 20
74 14
110 20
111 21
68 8
477 26
162 12
122 2
246 5
31 1
128 8
270 29
131 11
247 6
311 10
232 21
60 30
147 27
139 19
387 26
204 24
215 5
189 9
434 13
1 1
13 13
334 3
325 24
461 10
454 3
117 27
15 15
406 15
476 25
200 20
186 6
69 9
58 28
293 22
120 30
176 26
233 22
26 26
314 13
202 22
335 4
300 29
211 1
301 30
262 21
225 14
435 14
129 9
349 18
411 20
268 27
298 27
108 18
218 8
132 12
169 19
413 22
89 29
292 21
173 23
462 11
318 17
329 28
352 21
203 23
375 14
421 30
355 24
439 18
370 9
416 25
295 24
393 2
256 15
45 15
116 26
350 19
213 3
388 27
453 2
50 20
157 7
309 8
414 23
447 26
82 22
190 10
123 3
265 24
130 10
17 17
379 18
297 26
321 20
356 25
306 5
205 25
254 13
276 5
220 10
255 14
347 16
22 22
395 4
410 19
140 20
424 3
376 15
38 8
88 28
138 18
373 12
271 30
250 9
481 30
398 7
420 29
303 2
209 29
228 17
282 11
160 10
382 21
199 19
307 6
49 19
442 21
437 16
266 25
23 23
450 29
430 9
70 10
43 13
98 8
284 13
27 27
459 8
238 27
290 19
345 14
101 11
214 4
185 5
210 30
158 8
367 6
415 24
39 9
121 1
364 3
249 8
386 25
467 16
76 16
463 12
112 22
245 4
333 2
153 3
371 10
65 5
90 30
99 9
369 8
28 28
419 28
324 23
354 23
84 24
109 19
223 14
191 11
62 2
316 15
237 26
315 14
180 30
274 3
104 14
384 23
182 2
242 1
244 3
339 8
93 3
320 19
149 29
464 13
56 26
79 19
221 11
48 18
378 17
145 25
340 9
115 25
234 23
474 23
81 21
363 2
46 16
480 29
36 6
151 1
146 26
208 28
381 20
175 25
16 16
144 24
366 5
178 28
222 12
133 13
302 1
294 23
126 6
212 2
37 7
357 26
29 29
299 28
425 4
71 11
446 25
392 1
308 7
248 7
332 1
9 9
458 7
107 17
14 14
7 7
478 27
148 28
479 28
468 17
63 3
438 17
351 20
195 15
456 5
53 23
475 24
385 24
163 13
25 25
336 5
328 27
124 4
399 8
408 17
54 24
197 17
33 3
127 7
331 30
194 14
72 12
118 28
358 27
230 19
201 21
432 11
401 10
97 7
317 16
304 3
92 2
90
289 1
157 1
143 3
153 2
297 3
124 3
288 1
116 1
43 2
41 1
56 3
244 1
171 3
206 3
10 1
15 3
281 2
164 2
31 1
274 1
7 1
198 2
272 2
33 2
18 2
121 2
283 2
102 1
169 2
135 2
264 2
210 3
149 1
271 1
138 1
60 3
139 3
249 2
130 3
178 1
296 2
203 3
179 3
154 1
45 2
125 3
254 3
63 2
152 1
236 1
82 3
122 1
235 1
233 2
166 2
39 2
282 3
13 1
117 2
72 1
209 3
64 3
79 2
133 3
300 3
229 3
185 1
218 2
88 1
1 2
86 1
54 2
251 2
74 1
239 1
96 3
58 3
80 2
263 3
27 3
110 2
77 1
50 3
173 3
113 3
232 1
265 1
14 3
189 2
230 2
30
29 28
5 28
3 30
17 28
27 29
28 30
11 28
14 29
23 28
7 30
9 29
20 28
8 28
15 28
25 28
4 30
1 29
30 29
21 28
13 28
18 28
19 29
26 28
16 30
22 28
6 29
24 29
2 30
10 30
12 28
30
18 1
1 2
5 3
7 3
8 3
13 2
22 3
12 3
25 1
15 2
14 2
21 3
4 2
24 2
27 2
6 1
26 3
16 3
23 3
29 3
28 1
17 1
19 3
2 1
11 3
3 3
9 3
20 1
10 3
30 2
90
214 2
10 2
297 2
163 2
280 1
13 1
170 1
36 2
200 2
57 2
23 2
108 3
276 1
263 2
238 2
113 2
156 1
291 1
240 3
124 3
143 1
229 3
275 2
248 2
183 1
191 2
138 2
150 3
43 2
269 2
211 1
89 1
278 3
122 1
52 1
48 2
1 2
179 2
100 1
195 3
202 3
38 3
140 2
110 3
187 1
93 3
111 3
68 2
44 1
166 1
33 3
300 2
208 2
69 3
121 2
27 3
253 1
261 3
252 1
9 1
279 2
246 3
2 1
49 3
53 2
217 3
196 3
184 1
73 3
254 1
243 3
250 3
236 1
112 2
127 3
126 1
102 3
47 2
37 3
97 1
137 2
92 3
175 1
260 3
28 1
232 1
149 3
201 1
70 3
98 1
28
25 2
24 1
16 2
2 1
6 3
13 2
26 1
3 1
12 3
5 2
7 3
28 2
20 3
17 3
1 2
14 3
22 3
9 3
21 1
23 3
27 3
15 3
10 1
8 2
4 2
18 3
19 3
11 1
490
301 12
661 8
239 20
215 2
563 14
982 26
583 26
167 16
595 22
873 30
935 4
442 6
672 16
454 4
867 18
142 16
756 28
824 14
896 2
339 26
472 12
195 12
160 2
8 13
149 12
496 6
905 28
642 24
853 26
931 6
766 12
969 6
154 14
799 20
23 5
338 20
333 30
351 18
343 28
478 20
627 26
878 14
191 26
274 20
487 2
44 4
624 18
270 2
325 6
25 19
49 16
849 24
476 10
114 26
993 12
897 18
736 10
944 8
742 26
945 16
440 2
800 6
267 22
179 2
866 26
512 12
245 18
557 12
856 12
529 16
224 12
436 20
749 8
97 6
592 2
1000 2
533 2
488 22
551 2
670 8
682 10
443 4
91 8
755 24
801 20
629 22
572 12
699 20
399 22
109 30
155 22
471 4
807 16
268 26
106 12
757 24
981 24
12 25
619 16
138 12
9 27
223 6
189 6
76 8
655 12
352 30
599 10
564 30
59 26
830 8
211 12
949 26
133 14
127 8
525 12
302 30
446 16
521 16
222 26
507 14
902 28
391 18
244 4
144 16
527 22
665 2
941 6
925 6
484 22
519 22
177 6
286 16
348 2
84 24
11 3
871 22
654 6
855 24
438 8
506 30
136 12
277 28
492 18
797 6
922 8
791 6
921 10
329 6
746 2
375 22
816 20
354 26
798 2
473 18
618 20
722 26
638 28
332 2
148 12
763 28
250 12
381 14
936 22
220 6
903 28
541 6
344 2
493 8
631 30
68 10
323 18
899 6
739 18
586 28
706 6
908 6
901 24
893 18
781 24
847 20
540 14
355 6
147 2
518 6
368 12
543 30
552 18
376 20
762 6
414 24
464 26
194 26
710 2
744 16
282 6
423 12
67 22
202 22
907 28
278 6
675 14
314 12
33 2
102 8
36 4
662 24
305 20
928 24
992 6
513 14
704 6
279 8
854 10
468 12
970 18
151 10
614 22
163 16
421 4
790 28
966 22
294 16
601 18
623 8
581 16
392 16
652 8
996 10
991 26
166 30
831 4
242 4
918 28
915 10
356 12
954 12
158 22
509 2
617 28
986 14
737 20
186 30
190 24
227 8
573 10
264 28
633 6
407 6
64 28
579 12
788 30
775 8
759 22
131 18
433 20
261 6
990 12
645 26
916 16
455 4
994 28
341 26
530 30
789 26
262 20
41 30
319 14
734 24
537 30
542 28
606 24
656 6
275 26
827 18
272 16
113 30
810 18
787 2
934 16
398 30
26 7
230 6
353 30
111 18
644 30
702 4
86 12
406 4
659 16
498 30
653 10
805 10
632 6
248 4
388 24
157 26
567 18
864 26
383 26
420 22
463 14
840 2
92 30
777 6
287 22
974 18
495 26
680 2
524 26
408 30
979 22
646 10
298 2
331 26
839 28
297 12
145 18
804 24
439 28
723 20
198 28
626 4
482 12
22 29
960 2
328 28
181 24
371 8
868 4
69 30
836 2
575 22
888 4
393 2
958 28
27 17
832 14
405 28
218 22
357 12
327 6
134 2
491 4
232 12
48 24
962 26
829 2
535 16
34 2
989 26
434 26
285 4
869 12
359 30
817 26
467 12
430 24
103 2
40 8
894 26
28 15
153 26
852 2
919 6
608 22
938 28
538 16
483 30
748 16
427 2
714 10
176 8
459 10
578 8
411 10
39 16
825 12
330 28
296 14
448 30
952 4
135 20
402 8
585 30
850 26
773 2
998 2
225 2
834 30
475 18
909 26
266 2
29 11
767 2
214 6
30 9
517 6
758 12
320 20
374 20
74 24
369 10
209 16
324 12
453 22
260 12
658 2
591 10
628 18
404 20
241 16
123 16
883 14
410 10
550 24
837 6
309 14
197 4
503 26
156 20
783 24
730 24
228 28
892 30
879 26
924 22
890 4
382 6
347 22
786 12
731 20
265 2
24 23
650 6
137 14
466 8
291 14
823 28
948 30
458 26
18 1
679 6
770 26
848 6
499 10
457 20
971 30
995 18
412 26
80 10
885 4
53 24
947 4
104 4
904 30
515 28
216 16
497 18
377 22
669 4
35 2
771 14
385 2
226 14
172 10
310 20
87 16
203 8
221 26
403 14
851 4
596 24
863 26
187 20
340 4
81 14
620 12
666 30
175 22
13 21
31 24
765 4
664 20
559 28
159 8
363 30
234 4
315 22
295 4
703 4
30
21 3
14 3
4 2
13 1
30 2
23 2
7 3
15 3
8 3
20 3
11 3
24 3
1 2
12 2
25 3
10 3
19 3
29 3
2 1
28 1
9 2
26 2
18 1
17 3
3 1
6 1
22 3
16 3
27 2
5 1
35
34 3
30 3
24 3
15 3
4 1
13 2
1 2
20 3
5 1
11 2
26 3
35 2
19 3
33 1
8 2
18 3
17 3
32 2
25 3
16 1
14 3
27 1
2 1
22 3
3 1
10 3
6 3
21 3
23 2
28 3
31 3
7 3
12 2
29 3
9 3
765
355 19
97 22
699 9
710 9
342 14
613 7
352 24
347 20
134 23
11 29
559 6
374 16
146 21
412 18
565 12
264 25
466 16
202 25
523 3
454 18
636 11
228 9
148 30
56 22
734 7
395 21
661 7
221 19
508 18
138 24
392 3
631 8
265 26
200 23
578 13
650 2
91 26
580 6
525 12
402 9
145 20
751 4
534 13
665 13
208 18
477 2
664 10
218 17
336 18
325 9
489 2
67 28
579 14
586 16
410 8
94 24
370 7
480 2
15 29
658 11
195 18
157 25
608 2
702 7
440 21
535 1
488 1
713 3
448 9
433 20
764 3
527 14
537 18
346 10
750 3
738 6
622 7
482 4
485 5
626 4
3 21
243 10
685 4
740 8
317 13
678 14
331 22
33 27
499 2
476 19
285 26
541 3
137 30
149 28
498 20
369 12
349 22
593 2
487 16
13 22
654 3
304 7
596 16
724 1
756 5
463 18
154 13
66 26
656 2
141 20
12 30
345 26
143 28
700 10
307 11
554 12
544 7
468 3
443 2
20 21
323 10
356 12
158 26
113 18
526 13
235 19
161 26
124 29
459 10
604 13
497 10
460 11
126 25
465 13
101 29
630 7
609 16
1 25
668 2
464 19
509 19
692 12
4 25
257 4
178 17
348 21
591 6
354 25
127 17
378 5
606 15
237 21
669 3
602 6
40 25
481 3
743 3
748 6
572 5
312 10
760 5
632 10
53 27
34 27
600 12
254 14
179 18
131 24
227 8
727 9
188 28
749 2
140 27
103 19
407 13
321 12
383 20
566 1
457 1
390 1
423 21
229 14
192 15
339 6
618 12
62 15
747 7
273 11
27 28
610 17
698 8
672 10
76 24
78 21
758 3
415 8
111 16
7 30
165 23
506 5
513 15
550 15
236 27
239 22
693 5
280 7
167 27
49 30
697 1
726 8
434 13
289 9
379 17
163 15
733 3
435 14
100 26
288 8
256 23
296 25
362 23
30 28
84 27
198 18
587 17
174 23
8 29
263 19
512 1
5 29
150 29
557 10
582 15
320 11
742 2
548 1
745 5
234 9
60 15
645 16
333 16
722 2
624 2
384 21
585 11
409 7
153 13
399 4
128 26
759 4
451 3
429 4
642 1
739 9
177 16
569 19
576 3
721 1
503 7
510 13
247 5
736 4
501 12
555 13
182 29
190 13
657 8
2 25
422 17
538 19
625 3
274 12
364 25
267 9
281 23
444 13
58 15
319 17
19 20
754 3
26 27
570 3
129 23
344 25
117 30
704 9
411 14
382 19
551 1
761 4
474 2
207 27
204 10
371 18
712 2
493 12
343 15
108 29
524 4
437 4
118 27
723 6
279 19
715 11
414 15
110 23
425 4
439 16
639 13
571 4
107 29
690 12
403 13
629 6
592 1
147 22
376 3
286 27
421 20
417 10
22 22
676 5
394 20
109 22
187 29
55 20
667 11
447 8
752 5
261 24
709 8
720 5
90 28
291 26
719 4
151 24
295 24
262 16
244 11
335 7
655 7
381 24
413 14
701 11
155 14
711 4
313 11
755 4
372 19
59 24
142 29
670 12
294 26
449 19
326 12
249 6
416 9
484 18
547 10
166 24
753 2
549 11
77 17
504 8
532 11
540 2
231 26
595 7
387 18
217 16
588 18
556 17
114 19
306 15
500 17
666 14
646 15
176 15
259 6
284 25
446 7
558 5
357 20
242 9
57 28
186 26
515 12
522 2
98 23
640 14
305 14
490 19
168 17
350 23
663 8
29 30
589 6
470 5
553 11
48 17
298 21
209 21
652 9
292 25
25 29
741 7
46 29
716 10
69 26
173 22
185 6
283 14
597 7
18 28
89 27
677 13
573 6
224 11
276 18
80 24
340 18
159 30
686 4
358 21
521 11
164 26
105 21
453 5
31 30
116 24
156 15
301 4
511 14
75 23
647 12
475 9
310 11
9 29
245 12
679 13
420 19
637 8
360 10
112 17
651 3
568 18
152 13
762 3
601 17
271 22
577 4
197 27
74 26
175 28
707 6
495 3
599 11
744 4
542 14
87 27
620 14
180 19
706 11
316 12
278 27
529 19
70 21
189 12
277 19
270 10
32 21
763 4
132 25
61 30
405 16
543 1
386 17
633 11
240 14
68 30
471 7
516 13
248 5
519 1
79 26
35 28
308 11
104 20
220 24
638 12
119 14
258 5
687 5
81 23
682 13
735 8
123 28
643 11
14 30
575 2
299 22
660 6
135 24
51 20
181 20
467 6
353 6
418 3
215 14
598 8
172 21
24 22
373 25
338 24
452 4
461 1
431 6
438 15
214 13
205 26
380 23
635 16
517 14
450 3
432 11
102 18
398 8
518 15
363 24
144 28
193 16
708 7
351 24
82 25
662 9
479 13
567 13
36 29
746 6
533 12
223 10
191 14
616 10
683 2
649 14
120 15
615 9
621 6
266 20
607 1
478 6
389 10
671 9
250 7
95 15
462 2
730 5
473 1
199 7
644 15
458 18
696 8
404 22
396 7
659 12
139 28
169 18
546 9
703 8
623 8
426 18
561 7
133 22
44 27
216 15
213 12
37 26
225 12
581 8
427 19
85 28
71 27
232 14
21 21
282 24
252 9
73 25
203 18
401 6
162 23
38 27
219 23
17 30
648 13
315 16
612 15
486 11
327 18
287 7
674 2
757 2
269 9
445 6
545 8
268 21
43 21
681 12
552 16
514 16
359 17
605 14
136 26
564 12
627 9
201 24
393 4
290 10
92 23
272 16
251 8
507 6
628 5
397 8
253 13
334 17
72 23
684 3
314 12
714 10
238 19
368 24
86 26
614 8
45 30
737 5
16 29
361 15
496 4
226 13
385 22
694 6
297 20
309 11
725 7
183 30
329 20
300 3
171 20
531 10
332 15
634 15
731 6
406 17
391 2
603 7
492 5
562 8
718 1
469 4
456 21
367 23
502 13
106 22
293 19
64 20
388 19
419 16
337 23
233 18
125 24
83 21
619 16
211 22
322 13
121 16
246 5
765 2
590 17
729 4
441 12
560 3
41 28
311 10
50 19
732 2
436 3
653 10
691 13
206 9
424 22
194 17
328 19
170 19
275 17
324 11
130 27
705 10
222 20
54 23
23 25
42 26
584 16
330 26
505 4
641 10
483 20
717 3
583 18
728 3
442 1
536 5
375 2
539 13
28 30
491 11
39 24
260 7
303 6
472 8
675 11
65 21
115 20
430 5
530 9
574 1
96 21
377 4
563 11
680 11
122 17
594 3
93 15
520 20
400 5
688 10
494 3
196 23
6 30
695 7
428 20
52 27
210 18
528 5
318 14
99 28
230 25
184 25
10 29
241 15
47 21
302 5
617 11
611 16
255 16
689 11
341 10
366 22
63 25
212 11
408 6
160 23
88 23
673 1
455 20
365 21
35
5 29
25 30
9 28
32 29
14 28
20 28
31 28
34 28
3 28
17 28
28 28
10 29
2 30
22 28
11 28
12 30
19 29
15 28
29 30
26 28
35 29
16 28
6 28
18 28
27 28
7 30
8 28
1 29
13 29
4 29
21 30
30 28
23 28
24 28
33 30
3
3 30
2 29
1 30
90
231 1
164 1
44 1
202 3
201 3
64 3
130 2
243 1
109 1
1 2
38 3
222 3
5 2
91 1
59 2
96 3
288 3
137 1
177 1
117 1
171 2
269 2
42 2
253 1
127 3
198 3
26 1
200 1
147 2
159 2
298 1
163 3
284 1
9 3
239 2
8 3
150 2
204 2
225 3
12 3
126 2
85 3
290 3
144 2
173 2
145 2
211 1
7 1
110 3
97 1
249 1
116 3
219 2
237 3
271 2
278 3
19 2
148 1
142 3
6 1
251 2
261 1
172 3
17 3
246 2
131 3
82 2
35 3
76 2
14 3
66 1
10 2
221 1
152 1
292 3
65 1
128 1
20 2
106 2
99 2
105 1
114 3
242 1
256 2
54 1
156 3
228 3
300 2
254 2
50 1
32
21 29
2 30
7 29
13 28
29 29
9 28
25 28
14 28
4 29
19 30
22 28
17 28
6 28
32 29
3 28
8 30
18 28
12 28
15 30
27 28
20 28
5 30
30 30
23 28
1 29
11 30
10 29
24 29
28 28
26 28
31 28
16 28
12
620 9
28 13
993 23
712 20
235 25
611 15
846 5
2 28
10 1
179 7
963 17
246 13
770
199 17
567 16
588 18
709 12
228 15
279 8
91 14
99 7
174 19
372 13
69 27
145 19
638 24
421 7
149 17
736 17
49 23
751 17
346 9
4 18
767 20
30 21
364 16
362 18
216 10
268 9
459 28
79 20
114 30
286 12
542 16
582 28
677 29
472 23
453 19
130 6
280 24
206 16
258 8
609 30
656 8
464 18
195 13
517 12
60 22
293 9
196 27
313 28
505 16
214 6
712 18
8 15
674 9
318 23
101 21
47 11
76 11
692 12
587 24
560 14
584 12
716 21
402 17
434 12
312 18
256 12
25 22
488 22
730 26
103 29
698 19
328 25
726 16
486 30
613 14
105 8
299 29
35 19
343 15
513 8
498 13
466 6
242 9
306 22
277 21
161 26
456 8
349 7
547 7
163 20
711 26
233 14
365 26
407 24
704 11
410 28
62 26
667 26
705 8
170 21
597 7
342 23
433 16
352 25
717 15
186 14
754 23
518 7
237 30
361 14
158 22
357 30
230 26
48 25
350 13
755 15
552 17
18 21
375 17
211 30
431 30
52 15
205 26
738 13
406 26
133 10
321 17
643 29
650 23
639 10
274 19
353 21
250 21
185 6
176 29
45 12
119 9
539 20
217 27
326 11
290 14
487 28
535 30
303 7
424 9
595 19
423 19
684 26
627 19
481 6
770 18
557 22
212 18
141 16
465 16
390 20
144 21
171 9
254 18
93 13
316 30
177 15
218 21
131 30
6 16
691 24
302 23
266 10
703 21
658 6
558 8
678 11
440 6
683 6
111 16
621 13
447 7
203 9
335 12
435 8
546 25
244 25
194 25
551 29
367 15
135 18
305 12
140 28
483 24
737 11
583 22
537 24
297 15
467 30
187 30
429 23
151 15
384 24
219 17
173 13
599 23
374 7
769 19
391 6
443 9
241 16
210 20
436 14
534 14
685 8
59 20
22 24
383 28
7 17
12 18
243 27
671 17
147 7
529 9
309 26
226 11
189 8
150 27
87 30
188 12
386 16
663 28
606 12
628 15
67 13
32 17
654 13
548 23
458 12
380 12
706 16
607 24
651 19
516 28
27 16
631 6
317 13
37 24
530 12
764 19
512 22
307 8
179 10
378 25
742 15
589 30
641 8
463 26
65 10
272 11
56 12
665 14
455 20
379 26
510 18
707 10
3 17
553 11
240 8
276 15
524 27
495 29
104 10
743 24
768 17
556 10
340 26
88 18
699 15
689 28
66 28
19 19
72 23
2 19
474 17
63 24
5 20
296 13
251 23
320 27
246 11
239 10
480 20
83 28
748 12
448 17
417 18
713 28
121 29
392 13
592 14
382 10
735 21
26 20
426 29
325 21
724 25
168 7
360 20
148 29
594 29
376 21
347 17
94 19
555 12
132 12
260 22
363 8
264 24
385 30
377 19
81 6
477 29
64 14
400 29
581 26
428 17
289 16
722 19
753 19
109 22
668 23
54 17
57 8
527 13
369 11
301 17
146 25
398 7
598 15
396 9
413 10
626 23
528 23
287 10
766 16
73 7
662 16
570 23
172 17
490 8
118 23
405 30
80 24
75 25
604 13
747 20
207 8
575 15
494 23
408 22
334 16
533 10
502 21
501 17
503 11
412 12
635 20
231 12
285 28
165 16
564 18
680 30
522 11
122 25
42 22
616 22
549 9
475 9
324 19
538 6
222 29
565 20
112 18
77 9
670 27
267 25
278 29
137 14
632 30
288 30
593 25
493 25
96 15
338 14
1 18
708 22
236 6
344 29
489 16
183 18
304 24
744 22
107 24
253 17
714 20
393 23
573 9
409 20
10 21
160 18
617 28
550 21
479 25
765 18
248 15
757 22
497 9
178 27
673 15
476 27
388 14
368 9
741 19
645 25
356 28
672 13
261 6
411 8
728 20
319 9
322 15
89 10
763 21
659 22
38 18
78 21
292 19
198 7
652 21
270 7
536 26
521 19
596 17
640 14
603 9
514 10
543 15
697 7
471 13
336 6
439 28
660 20
676 21
34 25
520 15
623 21
752 13
403 25
446 11
86 8
120 13
644 11
586 16
92 23
461 24
162 14
257 16
759 16
710 24
155 8
561 30
157 24
271 23
484 18
395 17
541 18
191 26
281 18
636 22
153 9
117 17
559 24
23 18
192 15
740 25
40 16
661 30
220 23
422 27
358 6
619 9
444 27
139 20
399 19
532 28
337 30
525 25
127 21
259 20
602 27
507 14
563 6
576 25
526 29
61 16
14 16
9 19
585 20
629 17
389 22
181 16
221 7
164 6
275 17
432 24
314 16
11 22
566 26
265 14
531 8
134 26
491 10
373 23
315 20
430 26
732 14
269 27
642 18
294 21
215 22
687 22
614 6
719 23
21 13
13 14
414 6
247 7
225 19
159 28
578 11
249 19
85 22
323 7
366 12
31 23
252 13
33 15
166 10
457 22
445 25
381 8
610 8
348 19
425 25
351 11
734 12
282 6
523 21
295 25
341 22
600 21
608 20
17 23
224 9
200 23
469 21
70 17
167 11
496 27
245 29
577 21
482 26
462 10
637 12
333 20
124 19
232 24
28 12
397 11
437 22
620 7
190 22
647 7
679 25
50 21
74 19
371 27
625 29
601 11
438 18
750 21
95 17
46 13
758 14
332 18
90 12
223 13
611 10
143 13
136 24
116 26
655 12
394 15
138 22
572 29
291 26
729 10
571 27
152 23
756 18
370 29
739 23
100 9
41 10
123 15
653 9
263 28
504 7
273 13
669 7
723 17
113 12
98 27
499 15
540 22
468 7
591 6
579 13
404 21
622 25
359 22
746 16
39 14
327 29
693 27
15 20
339 28
229 22
418 21
450 13
68 29
715 14
284 20
106 6
760 20
71 15
460 14
675 19
209 24
473 15
29 11
666 24
24 14
695 25
128 11
142 11
500 19
283 22
51 19
442 10
688 20
449 29
331 10
208 28
682 14
310 14
193 11
694 29
700 13
44 26
329 8
156 12
696 9
580 10
506 6
53 27
569 7
58 18
718 9
204 14
630 26
590 8
720 11
624 27
197 29
300 11
82 16
633 28
511 26
84 26
618 11
568 19
182 20
508 30
345 27
102 11
761 15
657 18
544 27
175 25
97 25
169 23
184 24
452 21
690 16
354 24
308 6
562 28
733 24
441 20
43 20
16 17
478 11
238 28
648 17
201 19
509 24
416 14
126 7
255 30
454 23
545 19
762 17
355 10
330 24
311 10
180 28
401 27
725 27
227 25
686 18
451 15
702 23
646 27
727 18
731 22
605 18
515 20
612 16
574 17
154 30
213 12
108 28
745 14
427 15
298 27
115 20
615 26
387 18
415 16
634 16
420 13
664 10
554 13
492 12
681 10
701 17
234 18
262 26
125 27
36 13
649 15
110 14
419 11
20 15
749 18
235 20
202 21
519 17
485 14
129 8
470 19
721 13
55 9
32
21 28
14 28
10 28
27 28
20 30
13 28
24 29
23 28
2 30
16 30
3 28
29 29
9 28
17 28
31 28
5 28
4 29
30 30
22 30
12 29
6 28
28 28
7 29
19 29
25 30
11 28
8 28
26 30
15 28
32 29
18 28
1 29
90
92 15
144 16
89 29
130 24
218 13
24 10
275 12
120 1
56 25
18 1
224 18
288 24
207 5
240 8
283 1
255 20
169 11
118 19
119 18
145 10
234 23
34 27
179 29
256 15
52 13
143 14
84 20
187 21
273 21
183 22
172 4
32 12
71 8
201 4
39 7
5 11
259 2
268 10
65 19
126 23
47 9
195 6
257 30
21 18
281 9
111 28
209 7
139 25
33 14
176 15
43 22
105 26
69 4
137 8
87 26
154 13
185 17
166 12
131 5
163 20
285 16
205 11
252 3
290 14
239 6
57 21
292 19
68 24
287 17
93 5
153 7
244 22
27 28
3 6
177 27
271 26
276 27
243 28
78 3
181 2
16 30
41 16
12 2
250 29
121 30
44 17
188 3
221 25
67 23
129 9
90
154 1
134 2
262 3
69 1
163 2
51 1
5 3
25 3
40 1
281 3
209 2
165 1
18 1
234 3
251 3
279 3
197 2
76 1
245 3
2 3
246 1
81 2
235 2
122 3
149 1
258 1
293 2
213 2
177 2
182 3
184 2
290 2
141 2
126 1
143 3
284 1
255 3
125 3
275 1
92 3
115 2
253 3
188 3
229 2
127 3
73 1
144 1
174 2
270 1
194 1
211 1
300 1
94 2
85 3
265 2
172 1
166 3
98 1
35 2
206 3
58 2
17 2
131 1
13 2
57 1
68 3
112 2
39 3
168 3
192 2
64 2
271 1
242 1
155 3
62 1
10 2
129 1
101 1
42 3
12 2
11 3
240 1
214 2
220 3
24 1
7 2
34 3
228 2
156 3
289 2
30
24 28
4 28
22 29
6 29
29 28
5 28
15 30
11 30
21 28
23 28
26 28
25 28
13 29
20 28
14 29
3 30
7 30
2 30
8 30
12 28
18 28
19 28
28 30
27 29
16 28
10 28
17 29
1 29
30 29
9 28
35
24 28
28 28
22 30
16 28
11 28
27 28
10 30
2 30
30 28
1 29
15 29
32 29
8 28
34 28
12 28
35 29
5 28
3 28
23 30
17 30
18 28
20 29
29 29
9 30
25 28
31 28
4 29
13 28
19 28
6 28
33 30
26 28
21 29
14 28
7 28
35
17 2
14 1
13 3
8 3
28 3
11 3
6 3
30 3
26 3
22 3
31 3
3 1
5 2
33 1
4 2
7 3
27 1
23 3
32 2
35 2
18 1
2 1
1 2
21 3
16 3
24 3
20 3
10 2
9 3
19 3
25 2
15 3
34 3
12 1
29 3
33
24 3
1 2
16 3
14 3
28 3
9 2
30 2
6 2
31 1
2 1
8 3
21 3
4 3
10 2
13 3
3 1
29 3
12 3
25 2
15 2
19 1
20 3
22 3
7 1
5 1
32 3
17 1
27 3
23 3
18 3
26 3
11 3
33 2
32
2 1
11 3
16 2
12 3
17 2
20 3
25 3
14 3
32 2
3 3
4 3
6 2
29 2
31 3
10 1
13 2
8 1
19 1
30 1
21 3
5 3
7 3
23 3
1 2
15 3
28 3
24 3
26 1
27 1
18 3
22 2
9 3
494
438 17
467 9
498 5
392 15
860 21
996 25
625 9
872 11
724 27
84 23
587 25
882 21
665 9
474 21
835 7
537 27
156 15
910 7
42 3
875 5
934 27
620 21
503 1
451 29
987 13
88 21
701 1
696 15
440 13
543 29
277 15
345 13
507 3
806 13
583 19
927 29
24 16
25 16
497 19
822 19
607 11
285 21
58 27
74 19
891 29
103 13
741 29
87 17
975 9
446 7
550 27
224 13
514 1
603 27
412 13
826 27
914 29
939 23
715 19
767 19
453 13
149 23
416 3
903 17
171 9
488 23
94 27
21 2
510 23
350 9
900 9
303 9
679 27
570 7
256 3
523 27
944 27
912 15
614 5
832 29
294 5
898 19
379 1
296 11
47 7
759 17
740 19
597 7
560 1
649 21
464 17
494 9
168 15
994 19
959 17
215 7
866 7
829 17
348 29
259 15
756 27
793 5
252 25
30 30
161 9
160 19
243 11
468 1
445 23
8 20
948 23
1 12
11 4
590 13
214 5
617 19
718 21
333 25
943 27
568 23
447 25
805 23
879 3
217 1
291 7
680 5
642 19
682 11
717 23
374 19
532 23
684 3
239 9
691 7
531 23
100 29
935 25
85 3
818 29
908 7
821 1
967 11
823 19
390 15
705 17
529 21
559 1
91 7
911 21
53 9
650 17
67 9
634 11
361 3
60 21
856 23
712 11
757 17
219 19
169 27
357 29
77 9
827 13
595 25
33 3
783 13
257 11
261 13
709 9
264 13
106 25
836 21
843 3
281 19
703 7
213 29
799 3
955 29
436 21
820 13
519 9
777 3
234 13
466 17
538 1
819 9
812 1
107 29
326 9
244 27
493 23
633 21
365 9
844 7
546 7
496 19
139 25
584 21
865 11
885 13
411 23
158 15
442 7
632 3
876 19
441 21
544 3
837 15
144 11
14 6
646 21
518 5
589 9
68 17
376 25
165 17
238 5
966 9
130 11
919 27
901 29
473 5
57 3
172 5
815 21
337 25
971 5
796 3
661 27
401 21
355 3
273 11
334 3
116 9
988 7
133 17
300 17
892 3
744 25
126 13
391 17
743 3
151 13
619 7
738 27
427 21
640 13
457 23
572 15
141 9
306 15
631 23
586 19
926 25
899 15
792 9
648 5
131 17
34 17
295 9
928 15
798 17
123 9
787 27
311 17
368 23
772 21
867 19
613 11
23 22
527 25
108 3
26 24
784 9
408 25
520 21
335 21
251 3
794 17
279 25
479 17
686 15
986 15
275 23
629 11
36 15
776 15
3 10
248 29
894 25
535 25
654 3
143 3
301 15
937 9
909 7
921 17
431 21
15 8
347 9
394 23
761 1
627 25
167 21
754 27
351 17
825 17
999 19
197 11
811 17
405 15
354 23
327 13
824 27
45 3
150 3
429 25
245 19
553 25
920 1
59 1
137 21
976 11
698 9
343 1
135 3
236 7
358 15
247 3
482 9
938 3
56 23
472 5
220 9
511 11
711 1
895 11
99 17
969 3
180 11
146 23
302 9
28 26
539 11
226 29
599 29
952 11
110 29
846 5
29 28
678 11
847 19
563 29
946 25
378 15
369 11
269 23
166 3
418 13
774 21
153 7
897 11
639 17
984 13
70 19
762 11
450 3
807 3
528 29
606 19
246 17
386 15
196 11
554 7
27 18
735 11
753 21
702 13
616 1
420 23
352 5
460 11
37 27
127 19
540 21
842 9
630 11
635 17
667 1
731 7
861 1
602 19
888 1
89 13
652 13
990 23
610 17
241 19
562 15
124 27
454 29
670 1
972 15
512 13
113 9
890 25
225 19
97 5
573 1
383 3
222 17
659 11
114 29
571 27
499 17
647 19
611 15
623 25
426 1
624 27
978 23
336 5
182 11
809 1
983 7
775 17
274 13
187 7
35 15
995 13
260 19
212 11
660 27
749 23
331 7
982 15
791 1
669 9
384 25
157 3
276 21
360 5
271 13
786 11
417 25
556 5
338 13
729 19
375 21
862 29
120 23
728 29
936 29
253 5
422 3
102 1
953 7
833 19
430 13
841 27
329 7
458 5
138 19
22 14
43 23
64 1
567 29
320 5
547 15
93 15
834 19
804 21
419 13
71 1
163 7
170 25
893 25
456 11
283 7
871 1
282 1
322 9
72 5
208 25
697 5
760 27
517 1
104 19
915 5
83 19
958 13
435 3
423 17
801 7
33
2 1
30 2
1 2
24 3
33 2
29 3
12 2
20 3
13 3
27 3
23 3
25 1
18 3
14 3
31 1
16 3
7 2
3 1
21 2
32 3
9 3
5 1
6 2
28 3
8 1
26 3
4 1
11 3
15 2
22 3
17 3
10 3
19 3
32
4 2
29 2
19 3
13 3
18 3
30 1
9 3
16 3
23 1
11 1
25 3
27 3
14 2
1 2
31 3
5 3
28 3
21 3
22 3
12 3
2 1
26 2
20 1
8 3
15 1
32 2
10 3
7 2
24 3
3 1
17 2
6 3
30
20 28
17 28
10 28
28 30
1 29
23 28
2 30
14 30
18 30
5 30
9 29
13 30
4 28
24 28
21 28
26 28
6 28
15 29
22 29
3 28
11 28
16 28
8 29
30 29
29 28
19 30
12 29
7 28
25 28
27 29
5
5 1
4 1
1 1
3 1
2 1
30
169 13
940 17
483 28
985 21
277 18
338 3
803 5
668 26
30 27
980 1
259 12
861 8
568 16
782 30
361 23
807 24
812 10
963 22
559 14
725 4
521 6
930 2
458 25
577 19
698 9
488 15
647 11
598 7
575 20
947 29
30
7 2
14 2
24 3
11 3
8 3
23 3
13 3
15 1
2 1
20 2
5 1
27 2
3 3
19 2
12 1
29 3
26 3
25 3
21 3
4 2
22 3
17 1
10 3
16 3
28 1
9 3
1 2
18 3
30 2
6 1
90
23 12
134 26
166 3
150 21
277 11
232 8
196 18
233 27
90 23
16 17
208 10
56 2
257 20
165 7
288 24
195 13
225 23
169 8
198 22
82 28
18 6
207 4
202 12
285 22
295 14
21 1
211 16
61 27
97 26
291 19
159 30
255 1
20 3
262 29
180 19
65 19
121 27
60 13
54 5
200 1
154 14
96 29
183 12
108 6
221 21
142 9
281 25
267 26
191 17
149 28
102 23
289 7
110 20
171 16
89 15
55 14
189 5
79 20
74 11
260 28
42 8
135 4
124 24
88 21
62 30
273 2
11 10
249 3
123 25
13 16
87 18
242 9
175 10
252 18
187 29
8 4
293 30
101 2
28 24
234 13
118 15
1 25
278 17
91 22
30 9
7 7
229 5
253 15
181 11
218 6
589
502 20
166 30
208 16
315 27
92 17
165 18
352 21
299 29
274 28
105 16
389 30
148 14
412 30
582 23
55 11
221 19
61 14
346 4
131 8
361 21
559 8
82 15
366 26
10 15
455 29
121 8
126 3
492 2
273 29
403 7
372 28
485 19
135 21
111 12
405 19
9 15
534 2
246 19
163 20
373 25
550 4
495 28
252 11
11 14
214 19
187 25
213 22
150 4
357 4
140 29
286 16
314 28
144 26
419 29
418 30
575 21
240 29
450 20
474 3
486 3
182 11
407 2
108 4
359 23
320 26
138 23
201 15
569 8
543 24
38 9
41 8
349 30
197 20
64 24
488 10
215 27
60 15
339 30
456 5
356 18
49 20
234 23
162 27
551 7
540 5
5 16
52 5
20 12
292 17
278 28
173 12
553 6
53 5
581 20
30 12
395 23
147 23
130 11
99 12
392 30
387 30
522 1
238 17
360 22
451 27
75 17
84 22
520 22
261 29
526 2
193 28
86 8
535 5
531 22
293 15
268 18
447 18
260 30
133 23
538 3
154 22
477 1
59 4
398 5
251 12
26 13
425 6
388 7
34 15
78 17
331 24
436 20
175 29
334 30
552 10
142 3
422 2
256 25
122 3
128 2
7 15
301 27
524 3
174 25
470 19
476 27
94 1
390 29
325 1
459 8
62 11
113 10
511 6
584 22
18 12
106 6
37 11
132 1
196 21
556 7
33 10
536 4
57 4
206 28
423 28
317 27
172 13
381 8
528 1
167 29
229 11
80 16
515 19
67 10
449 21
207 27
523 8
160 3
100 2
427 18
468 18
567 20
307 9
385 25
481 23
269 9
247 18
300 19
283 18
428 29
185 16
294 3
211 24
153 23
400 17
333 5
244 20
79 15
212 23
110 15
561 6
155 27
323 8
327 17
134 22
28 13
328 16
114 1
156 26
514 3
406 18
192 23
530 5
521 6
478 11
81 16
74 10
291 29
358 24
490 8
90 5
312 26
263 27
453 6
184 1
382 27
77 18
194 27
354 20
179 12
149 5
281 21
378 26
332 18
137 24
235 5
504 2
362 20
85 9
217 26
66 21
587 22
29 17
443 25
483 21
284 30
415 25
516 7
4 16
191 19
204 2
198 30
58 4
98 3
399 3
22 11
499 23
159 13
508 20
253 13
13 13
15 13
157 21
533 9
282 6
178 6
209 20
186 26
432 22
305 13
365 29
336 30
88 6
370 30
576 24
472 3
254 25
394 7
123 21
585 24
170 28
348 24
24 10
467 4
125 19
493 5
271 30
220 10
589 24
236 19
308 22
249 9
426 27
330 19
497 9
239 30
89 14
583 21
127 15
95 8
304 23
265 25
482 22
347 28
376 7
310 20
93 4
529 6
158 28
532 21
342 8
469 6
195 22
417 2
120 13
414 26
441 19
322 24
296 22
384 29
248 10
177 23
344 27
87 14
562 7
494 11
230 19
242 27
555 6
487 5
44 17
280 26
118 10
116 1
136 25
586 23
410 3
71 11
452 26
460 24
500 22
340 29
537 10
439 1
355 19
241 28
183 23
250 8
404 6
335 11
503 6
324 7
54 4
338 6
228 6
433 17
566 21
19 21
574 22
319 22
461 30
171 27
429 28
437 16
295 26
176 24
210 25
65 23
245 25
579 24
40 8
509 19
139 22
288 19
573 20
68 12
14 13
189 4
200 28
237 18
367 25
506 1
350 6
513 5
119 9
578 22
424 30
222 29
431 23
264 10
47 9
188 5
232 24
17 14
316 23
434 5
112 11
545 9
27 10
557 6
411 10
202 25
287 20
181 2
402 8
413 27
152 14
510 1
63 22
233 26
161 19
329 20
565 9
289 18
442 26
224 12
496 10
570 7
353 30
309 21
408 11
462 29
36 9
48 7
374 9
420 24
39 9
223 28
444 18
3 21
345 26
549 5
69 11
16 15
70 2
107 5
73 19
311 25
337 10
180 5
243 13
416 24
438 2
35 14
409 1
571 20
518 21
276 12
430 24
298 20
216 29
225 27
76 16
43 9
525 1
270 16
541 4
51 7
143 2
91 5
168 28
218 15
435 4
146 24
386 24
484 20
31 14
25 17
104 17
8 15
226 13
539 6
290 30
199 29
457 3
6 16
554 5
277 7
227 11
519 18
580 23
471 18
498 24
379 27
507 9
558 9
375 28
517 9
32 13
101 17
527 8
458 17
219 11
369 30
302 18
391 16
203 3
50 15
368 7
547 7
440 20
572 21
96 22
341 9
397 6
380 9
97 21
464 2
343 17
117 7
275 8
491 1
465 26
383 26
285 17
129 14
577 23
463 7
21 12
568 19
326 18
164 25
1 16
548 4
505 11
145 25
205 17
473 25
267 4
266 9
448 22
445 7
103 23
371 29
23 11
258 26
72 12
501 21
421 21
446 24
396 22
279 27
454 30
83 14
272 15
393 28
321 25
544 10
475 1
124 20
257 24
512 25
364 30
262 28
255 12
377 6
318 26
479 26
141 4
169 7
542 3
46 23
259 25
190 16
45 7
306 10
231 25
351 22
56 4
563 8
313 24
303 1
151 3
466 11
489 9
297 21
401 2
12 14
588 23
363 8
480 10
560 7
42 14
2 16
102 2
546 8
109 2
115 13
564 21
30
18 28
14 30
27 29
5 30
24 28
30 29
19 28
2 30
26 29
15 28
23 29
7 29
6 28
8 28
28 30
11 28
1 29
4 29
17 30
3 28
21 30
16 28
20 28
29 28
25 30
9 28
10 28
13 28
22 28
12 29
37
34 29
21 28
20 30
33 28
31 29
16 29
29 28
2 30
13 29
25 28
37 29
14 28
1 29
24 30
36 28
15 28
10 28
11 28
30 28
5 30
26 28
35 30
12 28
9 28
17 30
7 28
3 28
19 29
32 30
4 29
8 28
28 28
18 28
22 28
23 28
27 28
6 28
491
522 14
740 14
347 20
717 16
276 26
374 4
238 8
579 26
862 20
643 6
526 12
312 12
119 24
345 10
400 18
377 22
986 14
37 20
963 6
708 8
320 28
840 26
485 4
761 12
244 26
13 29
482 28
976 4
97 2
804 6
328 22
784 10
868 2
80 12
864 2
792 2
612 12
22 19
137 28
845 2
769 14
121 20
525 18
916 20
606 24
202 6
646 4
825 24
303 24
192 28
954 20
947 14
335 30
225 24
441 20
662 24
86 22
176 24
551 26
727 22
819 8
474 6
882 24
110 2
985 16
101 4
478 12
605 18
725 26
790 12
941 28
307 12
324 14
785 10
356 8
66 12
114 28
696 6
9 27
926 4
289 6
45 8
362 6
873 28
752 10
881 2
948 26
160 12
414 30
433 26
759 10
979 8
536 6
308 20
280 24
461 30
126 14
42 22
678 14
493 6
122 16
465 10
69 6
572 16
638 18
103 14
327 8
248 4
574 4
402 8
19 15
39 8
94 28
92 14
135 10
975 16
714 10
283 18
505 12
104 16
206 30
834 6
24 13
245 2
457 18
355 24
507 24
261 22
127 2
722 26
865 28
627 16
846 20
946 14
228 4
762 4
832 6
428 6
844 28
427 28
918 24
466 6
885 28
452 26
997 14
843 12
867 28
449 4
247 6
687 22
269 2
497 12
511 20
432 16
29 3
895 12
297 8
59 22
892 30
31 16
213 8
123 8
268 30
309 6
539 4
921 22
937 18
196 12
564 28
652 18
966 10
615 2
371 30
749 20
83 10
938 6
316 10
936 30
945 14
973 14
684 18
30 1
385 24
447 14
421 22
563 10
968 30
321 16
53 28
866 14
746 28
353 28
669 20
962 20
903 16
174 16
300 8
250 10
442 4
230 28
56 14
534 26
817 10
521 6
959 28
802 20
597 24
880 6
594 22
588 30
710 8
435 18
68 14
787 2
509 26
173 12
933 30
775 14
633 2
565 10
107 24
806 14
26 9
567 30
429 4
629 14
240 20
886 8
491 22
204 18
344 14
743 24
559 20
376 4
142 6
499 18
95 18
251 26
598 12
403 26
405 16
682 6
625 24
133 2
357 16
456 8
793 18
172 26
81 20
900 26
697 18
445 24
317 22
788 14
634 14
754 4
386 2
495 2
448 26
532 22
545 26
742 16
282 8
704 4
115 20
260 26
165 6
829 28
908 2
805 26
229 10
416 2
469 22
604 2
642 8
78 24
28 5
942 14
589 4
888 30
583 30
688 12
170 30
1000 12
275 20
149 14
90 10
379 8
739 12
15 23
781 6
257 12
786 24
163 2
706 14
950 22
227 10
205 26
270 8
537 28
695 28
212 12
314 24
162 14
546 18
262 12
561 6
987 10
341 2
813 12
989 2
656 14
577 2
369 24
683 24
167 30
601 22
553 12
418 20
193 10
50 28
640 28
136 24
700 24
340 22
354 12
199 14
339 8
118 12
302 8
464 24
383 12
8 25
372 30
923 8
519 12
514 28
876 16
897 22
518 16
924 28
271 30
412 8
828 14
84 2
767 6
857 2
993 12
677 20
721 6
111 2
221 18
851 22
609 8
502 4
906 18
166 10
994 24
724 22
394 2
185 14
298 26
161 16
254 16
419 2
917 4
392 6
130 14
253 20
169 10
715 4
426 18
690 20
898 4
673 18
547 26
487 2
874 24
390 10
693 24
580 8
614 6
531 18
58 8
21 21
102 30
593 20
313 8
622 8
765 12
931 12
624 12
48 18
747 26
668 6
751 26
912 4
870 8
745 6
310 30
972 2
860 8
822 28
610 14
25 11
156 4
835 2
47 2
958 8
821 20
952 10
904 2
661 12
971 8
364 6
290 30
620 2
608 10
584 8
183 28
23 17
853 20
910 12
869 16
720 4
475 4
87 4
818 30
98 8
541 2
913 30
998 28
543 6
396 20
304 14
431 12
143 14
404 10
342 18
315 16
501 12
951 20
116 18
473 22
883 4
996 24
293 30
27 7
370 22
348 18
680 14
940 30
468 4
207 26
566 28
578 4
875 18
930 24
128 16
980 6
691 16
181 26
125 26
956 18
636 22
798 16
494 18
198 22
957 24
325 18
981 28
334 2
144 24
550 16
527 28
800 22
988 26
535 6
444 20
184 14
479 16
306 26
476 12
194 20
349 18
744 6
223 6
395 16
180 20
552 14
338 20
35
32 29
3 30
25 28
21 28
4 30
10 30
26 28
20 28
12 29
15 28
27 28
22 29
5 28
7 28
34 28
35 29
29 28
23 29
8 28
16 28
2 30
9 30
6 28
31 29
19 30
17 29
30 28
1 29
33 30
18 28
28 28
13 28
11 28
14 28
24 28
30
2 30
16 28
8 28
15 30
27 29
29 28
22 30
1 29
3 28
19 30
17 28
4 29
18 28
24 28
20 30
5 29
21 28
9 28
11 28
13 28
23 29
30 29
6 28
12 28
28 30
26 29
14 29
25 28
7 28
10 30
32
3 28
31 28
14 28
32 29
26 28
6 30
7 30
24 30
5 29
21 28
10 29
18 28
4 29
16 28
11 30
8 28
17 28
22 29
19 28
13 29
29 29
30 30
23 30
9 28
20 28
1 29
12 28
28 28
2 30
27 28
15 28
25 28
90
42 20
133 23
97 23
74 30
41 16
232 11
246 17
99 15
243 20
20 1
49 5
268 13
72 21
286 8
258 21
183 19
187 10
217 29
86 28
126 18
3 13
161 1
109 24
10 25
179 7
196 25
69 2
167 9
216 1
67 10
4 4
209 9
22 7
289 14
54 18
154 13
275 16
259 24
198 21
103 26
5 11
284 25
219 10
238 23
134 4
91 17
121 15
137 20
140 3
115 16
222 18
277 4
55 9
279 15
180 17
44 3
237 26
151 6
245 19
30 8
142 14
17 12
174 30
248 5
123 2
228 3
7 29
156 11
283 2
127 12
171 5
210 12
242 27
295 28
16 14
95 26
12 19
221 7
112 27
132 28
32 22
53 24
226 6
193 29
280 30
135 8
200 22
231 22
36 6
64 27
28
8 3
22 3
6 2
19 3
17 2
25 2
2 1
23 3
21 3
13 3
5 1
20 2
7 1
11 3
27 3
14 3
12 1
26 1
15 3
9 2
3 1
1 2
10 2
28 2
4 1
24 3
16 3
18 3
35
27 28
16 28
17 28
35 29
30 28
11 28
33 30
12 28
24 28
31 29
34 28
10 30
8 28
19 28
9 30
15 28
32 29
21 28
22 28
29 28
1 29
14 29
5 28
13 29
7 30
3 30
2 30
23 29
28 28
6 29
20 28
4 30
18 28
25 28
26 28
28
13 3
25 2
14 3
15 3
24 2
3 3
5 3
12 3
1 2
22 1
2 1
18 3
26 1
4 2
27 3
10 2
20 3
8 3
7 2
16 1
28 2
23 3
17 1
9 1
6 3
19 3
11 1
21 2
10
700 4
189 9
400 12
604 25
672 2
629 29
383 23
988 20
501 16
353 7
11
960 6
203 27
642 30
918 21
365 19
830 10
542 4
674 23
562 13
141 17
560 2
482
24 21
452 2
322 18
72 28
48 25
129 23
150 21
288 20
211 30
4 14
474 8
175 5
33 16
84 14
165 29
97 9
35 22
475 9
295 17
372 12
395 3
199 29
311 19
306 5
467 19
147 13
173 19
142 23
15 13
42 10
60 26
95 22
440 3
388 7
128 29
163 24
2 26
68 27
166 29
251 8
414 4
415 2
266 10
109 5
53 19
459 18
384 10
23 29
349 6
347 11
368 9
225 25
364 15
273 22
86 20
371 9
7 6
439 1
3 16
172 21
255 19
476 22
478 11
103 28
363 12
355 11
120 18
359 9
343 14
110 28
244 30
139 27
350 6
329 17
411 8
275 21
404 6
441 2
256 18
116 14
444 3
65 20
323 17
280 27
181 17
303 18
94 21
105 10
111 27
96 20
188 23
75 15
297 17
79 28
52 21
192 16
204 29
421 2
1 20
335 14
262 7
267 9
325 19
328 18
274 23
34 23
436 3
272 18
293 16
157 24
185 25
223 29
205 25
300 16
183 15
286 22
418 1
187 18
132 25
176 20
138 30
424 5
202 26
156 25
446 1
226 22
362 13
296 3
434 1
119 24
160 28
124 20
450 3
200 28
78 12
61 30
57 29
380 10
482 27
210 23
242 12
470 15
146 10
43 18
374 14
212 4
5 10
26 28
107 24
437 2
77 17
420 5
161 25
63 28
366 13
270 23
289 3
318 6
264 5
357 11
336 6
342 15
283 19
354 12
330 2
219 20
145 15
422 5
158 26
339 16
468 2
298 16
209 27
224 28
141 16
285 12
429 2
351 11
278 20
378 11
9 12
405 5
271 22
263 27
261 15
397 7
400 1
320 11
412 7
27 11
305 8
81 22
104 25
462 25
259 12
344 16
438 2
260 11
89 22
313 8
430 1
428 3
93 6
231 28
17 24
265 13
100 22
82 11
136 29
180 8
154 28
386 8
83 10
399 9
287 21
19 25
345 15
393 8
50 14
193 15
126 18
191 23
471 5
121 17
307 13
391 7
174 18
299 6
90 21
463 4
85 9
449 1
218 12
316 9
321 19
127 11
152 26
379 10
106 28
66 14
122 22
413 6
125 19
134 26
194 20
113 10
294 18
268 21
232 27
54 9
91 18
221 26
373 11
32 23
365 14
398 10
461 21
58 28
45 30
448 2
117 19
453 6
177 13
92 17
203 30
276 17
309 10
479 13
292 6
451 2
427 3
382 8
190 17
102 26
233 19
310 9
250 18
327 10
361 7
237 13
56 8
239 25
466 12
353 9
14 27
62 29
481 16
148 17
198 17
392 6
406 5
455 28
46 16
25 3
254 17
241 24
47 15
258 24
308 11
162 24
248 29
423 1
369 13
403 3
170 28
472 10
407 3
133 27
37 22
346 12
425 4
442 1
179 12
410 9
234 11
456 1
207 12
123 21
71 22
377 12
269 24
477 14
431 1
144 22
167 29
101 27
51 22
140 14
284 22
31 19
419 3
189 30
279 20
99 12
432 2
228 30
73 13
240 30
39 20
186 24
159 25
253 18
249 27
396 8
69 28
115 15
383 11
29 30
312 9
348 7
433 2
387 10
135 11
390 10
447 1
247 30
416 4
291 18
184 14
435 4
178 17
334 15
118 8
367 7
381 9
315 10
137 28
208 28
67 23
18 23
302 14
98 13
356 4
213 26
332 15
333 1
358 13
409 5
314 7
12 15
22 5
215 16
227 21
245 19
49 24
28 19
222 27
30 1
331 2
8 8
64 27
55 30
10 7
469 24
88 6
149 16
338 17
445 2
108 8
408 3
458 26
375 13
376 12
16 17
182 16
352 10
112 26
70 26
301 15
281 26
257 29
464 29
114 16
153 20
401 7
59 27
217 6
20 2
197 18
143 23
201 27
319 3
290 16
11 4
38 21
324 20
196 19
44 29
195 29
252 15
326 16
389 4
168 29
394 6
460 3
317 8
277 1
169 29
246 19
206 16
340 15
360 1
131 26
36 2
87 18
304 13
235 25
337 5
41 13
76 30
417 4
230 29
171 22
216 21
454 23
6 9
426 1
443 4
238 26
164 23
341 8
214 29
151 27
220 23
155 25
40 23
13 22
80 27
243 21
457 30
74 20
282 25
480 20
465 17
473 7
402 3
21 18
130 14
370 4
229 29
236 26
385 2
32
23 3
5 3
16 3
9 3
14 3
22 1
6 3
7 2
18 2
28 3
1 2
8 1
30 1
10 1
29 2
31 3
3 3
19 3
21 2
26 2
27 3
25 3
13 3
24 3
15 3
4 2
20 3
12 1
17 3
11 1
2 1
32 2
90
291 27
55 23
197 3
159 23
84 19
23 2
149 24
266 6
209 2
246 18
294 16
57 9
173 9
240 15
268 3
77 6
109 13
166 30
285 23
289 8
108 26
93 3
180 1
39 8
15 15
155 18
193 17
244 25
104 5
211 9
219 24
74 27
290 20
127 10
214 30
116 6
65 11
190 29
196 27
222 13
164 16
75 20
17 4
66 10
56 18
250 4
251 21
4 1
157 28
139 4
69 13
83 17
80 30
238 12
183 8
161 11
186 25
102 2
114 21
141 7
63 28
123 22
153 12
6 7
46 22
107 15
254 22
58 24
21 5
284 28
118 20
99 12
95 26
236 5
274 10
71 14
206 19
67 16
43 29
267 1
213 17
172 19
47 25
9 21
228 26
144 14
292 11
224 14
217 7
269 29
32
20 3
15 3
2 1
4 1
23 3
10 1
19 3
7 1
6 2
25 3
28 3
8 3
17 2
1 2
32 2
22 3
9 2
13 3
18 3
16 3
11 1
21 3
31 3
26 3
5 3
12 3
29 2
27 3
24 2
14 2
3 1
30 1
769
3 14
152 2
247 14
232 5
539 5
553 22
535 15
474 14
27 17
402 14
614 5
204 3
350 18
151 18
335 5
679 17
577 2
6 13
273 24
389 7
10 12
662 9
768 14
684 25
249 8
276 16
500 6
251 18
354 17
248 6
392 8
741 20
13 9
4 11
435 1
643 20
419 10
416 15
242 2
415 21
456 1
676 16
8 14
623 24
113 7
724 16
692 6
357 9
378 18
176 2
149 12
656 3
346 10
282 23
398 2
342 12
286 11
680 15
80 25
562 19
705 5
467 20
261 15
497 8
280 5
745 7
608 13
320 16
450 16
580 11
544 6
9 16
661 23
127 6
719 6
412 3
308 25
144 6
166 7
361 1
482 25
130 9
5 15
434 9
31 12
271 10
317 6
164 11
413 5
507 23
38 5
315 7
421 18
401 6
448 24
442 2
475 16
321 24
552 20
102 6
418 16
408 23
598 12
129 15
205 19
537 25
534 13
541 17
400 24
554 11
406 13
92 12
669 6
90 17
58 17
245 4
762 16
420 6
293 18
731 19
558 1
290 3
241 7
296 12
736 8
644 16
52 20
423 20
660 11
73 16
533 19
324 8
67 2
348 6
578 20
766 15
264 21
229 15
647 4
28 9
252 10
104 13
15 15
559 21
160 21
192 6
492 14
508 1
637 13
213 5
549 10
465 25
43 17
238 23
627 22
180 11
347 4
480 19
323 20
591 7
107 17
174 12
693 2
206 7
728 7
221 16
218 20
683 1
182 17
208 9
524 6
14 11
432 19
586 9
747 17
504 17
294 14
712 13
396 18
749 12
34 16
341 3
230 13
564 7
664 1
493 24
650 2
595 10
725 13
20 10
284 13
255 1
433 7
411 17
478 10
201 10
574 22
285 21
30 8
704 11
345 2
395 4
414 11
305 19
485 1
536 3
671 4
82 19
609 23
281 1
155 13
267 12
24 13
143 24
638 25
570 18
696 18
636 3
272 20
449 6
622 16
563 13
734 12
142 10
91 23
633 23
417 22
452 22
95 8
764 11
658 7
288 7
403 16
289 9
592 22
139 19
262 13
211 13
199 16
682 7
159 1
291 19
726 11
39 7
515 25
484 5
51 16
593 6
538 9
7 10
64 19
597 24
203 8
234 17
742 13
576 8
29 20
277 14
761 10
405 1
196 4
426 12
505 11
518 2
506 19
744 19
310 11
235 21
488 9
469 12
81 7
607 1
119 22
309 5
691 3
756 13
501 10
117 10
147 8
527 10
526 24
140 3
212 25
621 18
42 9
458 9
721 20
108 15
202 12
477 24
122 14
727 5
589 5
12 17
573 14
353 22
407 7
219 24
556 5
318 18
295 16
260 19
17 18
513 7
409 19
74 8
655 25
35 14
739 16
59 23
746 15
336 15
447 20
62 21
690 11
454 19
292 22
521 20
193 22
359 25
167 22
77 10
441 5
520 14
153 16
1 13
22 11
631 15
649 14
240 19
611 19
25 7
96 10
567 6
443 12
612 3
86 5
170 14
755 17
330 1
463 13
157 17
709 7
702 10
757 11
231 1
332 13
688 9
532 1
300 6
101 4
124 16
498 2
502 12
654 15
368 12
307 15
111 19
220 10
424 24
40 11
422 4
32 18
648 24
673 20
373 14
36 10
106 23
769 13
61 9
328 14
162 15
620 8
540 21
228 12
243 20
455 5
604 9
165 9
380 1
430 17
109 1
451 18
304 21
706 21
85 21
366 19
110 9
83 1
175 20
446 14
393 22
517 4
594 14
237 9
56 15
708 17
663 5
379 21
253 24
314 1
569 4
626 20
431 13
651 22
371 8
187 1
686 21
275 18
312 17
71 4
490 17
613 11
54 14
397 10
618 14
374 10
126 4
557 23
358 5
137 25
352 20
76 6
523 22
223 8
483 13
748 9
250 16
710 23
222 14
605 25
84 13
179 5
698 24
715 10
511 21
615 21
55 12
753 18
723 8
233 25
45 21
763 12
600 4
703 12
716 4
268 2
386 25
173 4
100 14
256 25
685 19
606 17
585 25
512 9
384 17
551 12
303 10
765 13
675 18
37 13
391 23
257 9
299 24
370 20
481 3
337 19
65 7
116 3
355 7
356 15
596 18
360 23
60 5
645 18
438 23
547 14
695 4
362 21
33 6
132 7
134 1
575 10
624 2
767 12
399 20
338 11
494 20
88 11
254 7
351 24
464 23
720 18
740 18
49 4
733 17
26 19
270 8
146 4
394 12
349 14
581 19
499 18
200 18
168 16
642 6
729 9
21 16
758 15
331 9
388 3
89 15
583 21
301 2
215 1
210 23
269 6
183 25
722 12
681 5
462 15
632 5
678 10
760 14
322 22
94 20
629 1
2 12
670 2
437 3
53 18
561 25
625 12
57 3
216 15
468 22
258 17
713 15
135 21
503 16
226 2
522 16
169 18
158 5
66 13
115 5
514 5
297 8
496 4
197 2
274 4
516 13
751 10
227 6
566 3
16 8
677 24
730 15
68 14
701 14
194 24
568 24
387 11
198 14
123 20
103 2
121 24
404 25
334 25
560 15
376 16
428 8
171 24
531 7
732 21
141 17
120 2
217 22
697 20
364 13
699 22
752 14
265 23
112 11
188 9
63 11
445 4
136 11
571 16
584 23
689 23
460 3
333 7
236 11
630 7
616 15
542 4
555 17
590 13
436 25
665 13
459 11
717 22
306 23
190 19
78 18
652 12
302 20
528 18
657 19
427 2
382 13
603 20
377 24
529 23
69 22
628 6
156 3
125 8
93 18
47 8
509 15
653 8
133 5
737 6
510 3
735 14
98 22
390 19
191 23
128 18
365 11
118 12
114 21
410 9
138 23
383 9
495 22
759 9
344 16
99 24
714 19
550 2
181 7
668 12
46 10
11 13
244 22
207 11
195 20
154 25
161 19
750 16
634 11
587 1
646 10
601 2
700 8
163 23
339 21
489 7
72 12
246 12
666 21
319 12
225 18
473 8
283 25
263 5
476 18
23 15
519 12
610 7
184 21
718 14
602 16
491 23
487 21
694 16
429 21
599 8
340 23
186 15
70 24
530 11
641 9
667 8
287 15
619 4
214 17
525 8
329 17
325 2
279 17
369 2
672 14
172 10
572 12
472 6
639 21
582 17
444 10
189 13
367 6
278 22
266 11
687 13
48 22
579 15
548 24
19 14
640 17
754 8
743 11
375 4
145 20
545 16
311 3
131 13
439 11
224 4
385 15
479 11
177 8
313 9
18 12
50 6
470 2
461 7
363 3
674 22
327 4
185 3
105 25
471 4
738 10
44 19
97 16
543 18
711 9
466 21
457 17
75 20
148 22
440 15
565 9
87 9
259 3
659 17
588 3
326 10
178 6
79 3
635 19
298 4
372 22
425 14
239 3
41 15
150 14
707 3
381 5
617 10
343 8
486 15
546 8
316 13
453 8
209 21
32
1 2
8 3
23 3
5 1
31 3
10 2
12 3
20 3
24 3
28 3
19 3
26 3
9 3
15 3
14 1
3 1
29 2
17 2
16 2
4 3
27 1
11 1
18 3
6 1
22 2
32 2
7 3
2 3
25 3
21 3
13 2
30 1
493
16 30
811 3
918 17
919 23
706 3
330 11
307 1
652 17
381 1
446 29
752 25
575 9
721 9
43 1
106 5
876 1
982 29
908 23
267 1
594 27
65 29
477 5
712 23
270 11
675 23
482 1
983 23
374 9
691 23
121 21
708 23
689 23
906 1
140 15
827 29
784 19
819 11
48 27
177 21
135 7
973 17
641 17
602 27
681 15
64 23
553 15
418 11
838 9
508 23
239 1
521 11
209 1
373 3
338 17
350 11
534 17
776 21
932 11
658 21
245 13
579 5
422 9
123 19
116 11
46 21
899 21
529 5
763 3
550 13
322 23
760 7
695 21
331 1
520 15
261 1
971 9
737 21
233 5
268 13
426 3
583 27
676 1
20 28
434 19
704 29
750 1
786 3
450 27
648 27
853 23
501 19
71 9
843 23
129 7
82 9
185 9
874 7
739 5
817 11
337 17
892 5
41 17
9 20
143 25
797 27
568 27
163 5
803 13
503 13
667 3
991 29
217 17
576 7
733 19
181 9
882 23
265 15
487 9
411 1
73 15
558 9
470 1
95 13
754 15
37 1
571 13
14 2
33 7
829 25
791 29
473 17
303 27
38 19
281 9
313 15
87 23
136 21
966 23
834 21
314 21
873 19
549 3
570 15
199 17
332 23
58 21
987 7
362 23
50 23
435 7
460 29
593 11
346 9
93 3
367 5
597 1
863 17
91 1
679 7
716 11
643 21
111 25
778 7
425 19
137 25
928 15
88 15
531 17
419 15
862 23
304 23
295 27
383 13
126 25
161 11
952 17
395 9
407 21
385 15
333 23
951 9
271 9
970 7
869 25
753 15
200 7
108 13
717 27
223 5
518 15
464 19
902 27
772 5
896 23
867 25
227 13
939 21
653 21
220 1
685 9
587 21
948 17
30 24
810 23
52 13
780 11
13 16
790 7
946 7
808 13
719 7
311 11
293 5
255 5
430 1
17 26
662 13
323 27
514 1
394 27
949 3
913 9
577 9
839 13
765 29
437 5
249 19
4 14
180 23
408 13
742 19
663 15
324 25
661 1
57 15
798 27
364 21
548 13
944 13
109 13
453 15
60 29
860 15
699 29
960 29
566 5
386 17
637 29
334 19
469 1
105 29
849 15
569 23
617 29
714 19
965 23
75 25
785 1
23 4
197 17
935 1
351 21
202 3
94 11
345 23
354 3
420 9
280 21
427 23
74 29
555 29
880 27
308 5
855 11
660 21
248 27
600 13
302 15
175 19
725 27
103 15
438 19
368 21
113 1
476 9
710 5
995 19
857 21
532 13
203 17
119 19
25 8
749 1
365 11
90 1
399 21
877 1
279 9
458 5
879 23
510 23
231 7
391 29
317 27
494 9
325 5
915 9
769 7
787 23
213 27
630 7
318 3
286 25
242 19
912 27
133 5
598 5
273 23
118 15
767 23
56 3
858 5
294 3
196 9
208 15
736 25
556 13
174 17
871 1
490 23
440 19
376 3
690 23
762 25
596 27
215 17
801 15
527 1
210 21
237 19
449 11
636 3
994 7
864 1
321 5
474 5
201 5
894 11
542 17
21 16
472 7
486 13
359 7
305 13
484 9
301 17
578 11
378 23
745 27
809 21
546 29
616 3
502 11
595 17
957 5
500 3
846 1
646 27
309 13
441 3
495 9
872 17
264 3
930 25
276 7
833 17
632 17
348 1
611 15
24 6
515 19
443 3
976 29
893 27
179 15
603 9
651 17
626 5
905 17
68 3
413 19
288 15
812 1
83 1
572 5
856 29
756 1
29 22
992 19
678 7
961 19
238 23
122 13
112 7
252 1
27 12
396 25
166 11
642 29
755 11
194 23
997 17
802 23
650 3
96 1
34 25
387 27
32 25
151 7
903 21
497 7
779 17
498 7
777 9
644 25
76 19
226 1
783 25
824 11
647 1
996 21
589 3
998 29
475 17
614 3
156 21
884 25
891 17
683 19
852 7
493 25
72 29
401 17
727 3
907 11
47 11
414 29
127 3
92 23
183 7
428 19
234 3
635 3
999 13
148 1
28 18
789 3
740 17
145 25
278 3
206 9
274 11
841 11
218 13
922 3
160 11
865 21
192 5
263 13
964 17
657 7
162 27
371 15
655 15
505 7
705 7
820 5
821 13
335 9
85 27
540 21
445 5
634 15
842 1
507 9
432 9
433 17
599 1
134 15
416 7
147 21
366 17
26 10
90
135 27
148 12
247 12
124 6
69 26
241 23
177 3
22 29
79 30
19 1
121 20
55 12
249 20
61 24
202 22
24 27
252 18
133 25
12 6
44 5
298 10
155 26
189 23
236 24
113 29
65 28
74 19
269 7
164 14
277 25
142 10
4 25
263 21
258 1
41 2
300 6
201 26
188 30
244 16
284 3
39 23
196 9
43 15
98 7
297 19
14 9
120 1
222 5
129 15
180 22
199 2
11 4
192 4
72 16
21 13
205 11
17 22
29 11
108 21
181 16
167 7
159 24
286 2
264 15
292 13
168 18
52 8
9 20
208 27
275 17
50 10
257 28
42 3
125 5
26 17
149 13
117 19
283 30
265 14
151 17
221 9
97 14
274 8
299 29
78 18
191 8
227 4
111 11
34 21
179 28
90
254 15
73 29
289 27
229 16
212 10
230 30
29 20
216 4
126 1
150 15
180 25
56 2
74 7
260 8
194 9
51 3
278 3
141 27
271 19
277 2
86 27
38 8
153 26
133 4
85 15
129 5
50 23
95 6
200 17
82 16
184 8
164 23
104 28
1 9
196 12
239 5
222 23
262 7
3 28
279 26
114 18
186 13
26 17
156 2
259 29
135 24
43 1
130 29
27 30
172 11
191 30
16 4
88 11
206 12
118 19
123 14
17 13
253 1
81 22
144 3
64 14
221 13
14 26
240 22
247 25
169 21
190 7
68 19
244 6
113 6
55 24
139 16
10 12
293 28
23 25
273 18
48 10
71 18
257 9
205 11
109 10
267 24
224 20
7 5
291 21
155 20
250 14
255 17
15 21
161 22
3
10 10
8 15
12 7
131
281 6
542 30
687 22
798 14
257 8
770 8
764 24
41 14
128 5
643 29
990 10
944 13
283 22
550 30
719 12
118 16
588 18
447 30
43 6
525 22
28 10
889 4
822 30
504 16
334 17
910 28
563 4
577 16
965 12
235 2
685 6
959 18
419 3
980 22
922 16
136 18
379 14
505 28
231 18
263 15
600 26
242 2
240 6
902 18
722 1
171 24
627 20
679 4
839 14
814 12
284 12
805 10
711 18
698 26
197 30
675 30
476 22
858 19
746 30
220 24
569 30
418 6
60 26
98 2
595 18
789 22
932 2
371 24
604 24
847 6
782 7
623 24
703 20
262 18
905 22
503 9
672 21
217 6
594 6
864 2
293 2
142 12
108 10
466 11
733 10
953 16
5 22
317 27
200 24
175 16
376 20
688 16
206 26
436 14
890 16
941 18
940 26
598 14
77 8
843 28
40 22
714 18
218 4
313 20
378 18
656 14
633 20
653 25
395 8
501 4
645 28
87 10
663 20
743 4
880 10
49 2
131 8
931 6
208 28
292 28
63 4
138 22
497 2
668 12
662 10
790 8
25 20
751 12
381 26
373 23
844 4
90
134 29
213 28
105 30
131 28
65 28
152 28
280 28
76 30
90 28
30 29
225 28
248 29
37 30
219 28
92 29
190 28
58 28
106 30
113 29
160 28
201 30
23 28
249 29
206 30
154 30
233 29
123 28
98 29
10 30
243 29
70 28
6 30
110 29
208 29
35 29
189 28
140 29
63 30
227 30
174 29
300 28
51 28
186 30
200 29
40 28
74 29
283 29
237 30
267 29
156 30
281 28
34 30
47 29
115 29
38 29
133 30
14 30
220 29
203 30
21 30
124 30
180 29
238 30
146 29
226 29
26 29
165 28
269 28
9 29
235 30
196 28
287 28
32 30
179 30
278 30
254 30
265 28
276 30
44 30
142 29
288 29
53 28
215 28
2 28
176 28
72 28
31 29
197 30
172 30
157 28
552
226 6
477 26
468 23
537 7
132 12
250 17
446 25
299 15
318 8
12 6
467 28
444 24
320 18
480 30
513 25
202 14
15 16
441 23
100 5
407 19
473 27
152 8
221 2
168 17
36 7
114 6
128 19
487 30
82 19
173 5
388 16
109 29
405 17
452 25
516 28
193 15
28 15
50 21
366 16
95 3
274 18
551 14
121 9
235 22
457 29
306 6
479 28
351 30
499 27
394 25
239 6
77 2
185 6
456 27
175 14
134 14
322 11
23 29
231 18
33 16
137 21
169 7
478 27
542 11
548 15
6 5
552 9
509 21
115 20
496 24
451 24
369 13
278 27
387 15
304 22
210 4
3 9
29 1
25 14
539 24
55 4
237 16
155 1
333 12
378 15
510 22
367 17
392 21
104 10
541 27
338 9
357 28
94 13
205 19
500 28
411 26
273 16
520 28
272 17
397 21
177 16
427 24
315 27
458 28
91 15
420 27
353 13
311 8
35 6
330 18
294 17
470 25
535 5
188 2
89 19
32 25
133 13
261 4
285 11
481 28
106 10
469 24
227 10
30 30
538 19
178 18
332 23
107 9
181 12
529 12
363 13
53 8
146 24
381 21
483 30
545 23
349 15
229 17
350 16
163 5
454 29
110 26
546 18
416 30
341 18
461 30
358 22
171 9
117 25
154 13
201 10
51 22
310 23
505 17
321 19
437 24
408 22
123 7
151 12
56 9
249 12
296 18
393 23
39 6
288 5
238 11
83 25
191 4
455 26
543 16
471 26
196 11
260 16
7 12
186 7
99 11
37 12
316 10
167 20
157 9
17 27
368 12
449 24
295 18
183 1
283 7
375 13
97 4
489 27
258 14
371 15
264 20
431 28
515 27
312 24
270 4
263 17
536 17
413 22
225 5
390 15
90 20
482 29
374 12
156 2
300 16
19 28
93 27
303 10
409 24
208 8
331 22
101 6
194 3
67 19
305 7
347 10
162 1
118 27
125 1
345 20
213 7
153 9
166 12
527 30
197 12
88 3
422 25
144 1
232 19
57 10
98 5
45 15
494 22
343 18
71 22
421 30
432 24
266 24
234 13
160 10
361 17
255 4
16 22
391 20
31 24
488 26
410 25
428 26
355 25
259 16
78 3
252 19
42 6
211 5
419 21
484 27
236 1
328 8
521 29
218 4
434 23
267 9
21 19
222 13
384 18
544 3
276 1
79 4
464 26
286 12
212 6
63 6
533 2
531 21
282 6
214 11
47 1
502 30
352 13
475 29
85 11
490 28
149 11
131 20
27 23
395 29
277 2
215 1
13 21
281 5
136 18
309 8
503 30
271 5
81 24
525 13
389 14
251 17
511 23
268 10
92 14
129 5
396 25
403 27
354 14
476 30
66 20
293 5
269 11
382 24
362 18
74 5
534 26
342 29
492 30
280 27
365 15
323 12
524 20
517 29
143 16
344 19
219 12
62 17
426 23
43 7
65 8
199 22
119 17
523 25
412 28
187 8
287 4
14 10
298 4
507 19
453 26
8 7
443 23
240 6
96 4
52 7
59 3
339 14
102 9
308 5
48 2
247 1
54 1
75 6
549 6
161 11
122 1
485 28
442 26
224 21
61 24
399 26
401 16
326 9
512 24
377 16
297 12
60 23
190 14
514 26
414 23
189 13
242 6
290 14
463 28
254 7
528 1
2 2
68 25
372 10
373 11
336 11
223 20
319 9
460 29
44 14
466 29
126 19
148 19
501 29
495 23
86 1
491 29
346 12
10 4
386 23
406 18
244 6
486 29
440 22
257 9
438 28
314 20
497 25
465 27
519 30
203 26
450 27
176 15
204 3
380 20
216 2
329 21
18 17
430 27
200 9
550 8
246 6
180 12
498 26
138 22
448 26
41 13
253 16
291 26
532 22
248 7
418 20
429 26
335 10
398 22
159 10
506 18
112 30
209 9
4 24
424 19
206 6
518 29
20 20
182 5
49 27
46 26
130 6
526 10
302 4
313 26
462 27
325 20
275 23
284 28
207 7
400 15
164 6
9 13
279 14
334 13
26 11
435 30
230 3
547 4
150 8
140 1
327 10
415 19
103 3
111 20
76 1
402 17
337 8
324 19
135 15
379 19
184 2
11 26
80 23
165 7
113 26
127 8
404 28
256 8
158 10
439 26
73 4
522 29
243 6
307 4
245 2
317 11
376 14
493 21
70 21
145 23
301 26
58 11
289 19
359 13
433 25
174 10
340 15
228 11
38 7
262 16
34 17
220 1
139 4
40 3
1 8
108 11
417 26
508 20
436 28
233 21
265 21
385 22
141 5
69 26
116 27
474 28
423 18
87 2
24 3
530 28
217 3
179 21
120 12
360 24
447 24
105 20
5 25
172 4
241 2
504 30
124 25
64 7
445 25
292 22
540 29
142 26
472 27
72 3
170 8
192 5
383 21
22 18
459 28
198 13
147 8
348 21
356 14
195 3
84 28
364 14
425 20
370 14
10
901 15
337 1
223 8
536 5
404 29
818 11
724 23
447 26
64 9
475 19
162
369 2
306 2
865 2
181 2
818 2
31 2
836 2
395 2
610 2
593 2
357 2
298 2
40 2
959 2
513 2
226 2
177 2
347 2
777 2
387 2
52 2
3 2
602 2
870 2
139 2
185 2
169 2
799 2
830 2
971 2
978 2
481 2
584 2
747 2
991 2
214 2
115 2
505 2
26 2
65 2
410 2
553 2
563 2
429 2
898 2
16 2
314 2
61 2
88 2
403 2
939 2
446 2
765 2
188 2
626 2
994 2
202 2
717 2
418 2
230 2
135 2
264 2
269 2
285 2
108 2
917 2
48 2
787 2
98 2
666 2
519 2
618 2
501 2
304 2
955 2
381 2
288 2
121 2
983 2
880 2
661 2
497 2
255 2
860 2
124 2
251 2
198 2
200 2
691 2
686 2
752 2
727 2
129 2
378 2
755 2
944 2
81 2
244 2
709 2
529 2
156 2
456 2
664 2
582 2
424 2
634 2
179 2
324 2
642 2
143 2
19 2
492 2
675 2
586 2
855 2
416 2
207 2
279 2
936 2
647 2
7 2
538 2
224 2
623 2
580 2
969 2
160 2
148 2
735 2
772 2
317 2
826 2
801 2
598 2
570 2
952 2
360 2
892 2
653 2
680 2
340 2
472 2
463 2
487 2
75 2
846 2
605 2
235 2
333 2
700 2
544 2
930 2
790 2
739 2
437 2
905 2
175 2
884 2
908 2
337 2
925 2
809 2
90
135 2
149 3
233 1
91 2
79 2
220 1
86 3
209 1
243 2
151 3
214 1
278 2
30 1
255 1
83 3
31 1
199 3
242 3
266 1
108 2
55 1
232 2
68 3
211 1
25 2
101 3
219 1
208 3
4 2
164 2
18 2
147 1
62 2
240 3
121 3
90 3
205 2
110 2
260 3
16 3
166 2
161 1
159 3
212 2
23 2
168 1
21 2
64 3
277 1
140 1
215 2
206 2
191 1
163 1
82 2
189 2
217 3
300 2
7 1
153 1
194 2
13 3
71 1
2 1
289 3
80 3
290 1
107 1
185 3
106 2
187 2
125 1
299 2
294 2
257 3
184 1
175 3
78 3
56 1
6 1
252 3
73 2
281 3
63 1
182 3
196 2
45 1
195 3
223 3
99 3
35
25 29
8 28
30 28
22 28
15 28
4 29
34 28
26 30
1 29
23 28
18 28
5 30
27 28
3 30
16 29
29 30
6 30
2 30
12 28
24 28
31 28
17 29
7 28
32 29
20 28
33 30
13 28
19 28
35 29
14 28
28 28
21 28
9 29
11 28
10 28
30
16 29
19 28
7 28
3 28
11 28
13 29
1 29
8 30
28 30
14 28
18 28
5 30
9 28
10 28
4 29
27 29
26 28
15 28
12 30
29 28
17 29
21 28
30 29
25 28
22 29
20 28
23 28
2 30
24 30
6 30
536
136 6
142 17
60 28
282 18
320 16
351 10
295 19
450 1
237 23
238 10
286 4
141 18
26 28
215 12
119 13
508 30
3 12
191 22
131 22
331 21
299 18
366 13
124 28
443 5
96 27
415 3
513 26
500 6
181 16
39 19
377 6
278 29
322 2
391 8
252 29
213 13
426 4
173 30
7 22
507 1
229 23
170 9
151 26
376 3
150 8
292 3
432 2
241 11
341 14
112 21
50 21
423 5
462 4
218 30
196 28
129 25
176 12
372 12
55 30
159 23
448 2
130 8
242 8
459 7
65 16
365 15
343 18
356 10
261 16
517 8
474 10
452 14
412 8
262 15
525 6
398 9
499 7
41 24
442 6
31 17
371 12
226 20
125 9
2 8
263 28
93 29
116 14
239 13
260 10
235 12
220 8
6 23
95 28
267 16
497 9
133 28
417 1
194 21
401 4
266 17
475 9
105 16
214 13
11 19
388 11
359 15
175 28
330 10
207 14
185 13
23 7
199 23
17 4
247 24
21 13
198 15
478 6
121 15
115 28
154 7
301 6
467 17
285 17
92 30
383 4
396 11
384 13
233 7
188 19
269 22
217 24
33 6
461 5
248 22
361 15
240 12
18 26
430 1
328 11
114 7
485 21
268 14
118 23
80 30
355 8
523 15
387 10
308 19
140 20
488 18
321 20
227 9
183 18
137 14
12 14
532 10
470 14
421 6
420 7
503 3
296 22
249 3
281 19
403 12
71 23
309 23
464 2
197 20
486 20
53 6
57 12
265 25
471 13
158 16
160 22
212 24
422 4
433 1
373 11
149 1
169 10
127 4
46 6
399 8
495 11
439 9
362 14
110 22
465 1
314 23
290 28
216 27
195 29
306 16
326 12
305 17
161 11
323 7
297 21
307 20
178 26
98 30
349 11
522 5
302 6
407 7
231 25
67 27
27 17
348 11
397 10
190 22
444 4
392 7
456 10
386 5
64 17
350 14
271 26
496 10
479 5
434 5
451 1
352 1
250 7
29 30
531 7
68 26
437 2
10 20
219 29
134 27
360 9
288 26
225 21
38 27
512 4
400 7
35 30
83 24
520 2
122 14
304 18
59 29
113 14
85 12
527 11
528 25
300 20
44 5
489 17
166 18
70 24
144 13
518 29
354 3
519 23
324 13
56 26
405 10
287 15
222 11
180 4
284 24
14 15
193 29
529 28
316 4
521 3
230 26
257 7
106 16
276 21
428 4
312 5
155 15
303 13
358 16
317 18
466 18
146 12
228 24
78 28
234 30
177 11
143 23
40 8
494 12
473 11
16 21
264 10
107 29
209 14
445 3
379 2
340 15
1 16
168 18
315 21
42 7
283 21
375 3
164 24
353 14
367 11
72 28
104 17
338 20
357 17
45 13
246 25
66 14
510 18
253 11
152 25
81 25
221 11
153 8
167 21
103 17
30 1
258 26
509 14
256 16
100 19
339 16
132 18
427 1
47 24
120 5
43 15
163 25
325 16
311 15
310 22
419 8
279 13
435 4
8 9
293 14
48 23
319 17
502 4
272 15
369 10
393 11
147 30
139 21
530 24
476 8
108 28
533 17
232 17
36 30
413 5
460 6
477 7
223 10
25 24
73 27
34 20
346 19
329 19
202 28
22 2
74 26
431 3
243 3
410 6
298 24
102 18
49 22
291 27
335 15
211 25
109 15
526 12
382 10
516 16
492 14
289 29
394 6
94 29
536 20
273 9
380 4
487 19
82 21
157 13
186 18
469 15
200 22
336 14
368 10
458 8
172 26
126 17
76 22
404 11
480 4
406 9
84 30
447 2
483 1
337 13
501 5
165 23
201 26
409 3
88 20
189 16
389 9
534 21
123 25
370 2
449 1
138 22
418 5
441 7
275 19
4 27
490 16
468 16
440 8
205 21
99 29
378 2
457 9
97 12
61 27
19 18
482 2
344 21
20 11
187 17
156 12
484 22
424 2
51 20
63 15
32 3
446 2
402 13
345 20
86 30
91 28
318 22
416 5
5 6
145 23
15 29
390 1
111 24
505 2
24 3
506 2
79 27
90 29
77 29
333 6
69 25
374 4
385 3
381 9
244 6
37 29
274 20
28 10
429 1
313 22
192 30
363 7
171 8
204 25
327 17
411 9
436 3
148 1
162 19
89 19
206 26
254 5
75 13
259 25
454 12
472 12
52 13
224 18
364 14
174 29
334 5
182 15
280 12
515 19
210 26
504 2
203 27
481 3
332 20
408 6
347 12
342 19
453 13
395 2
9 5
13 25
511 9
270 13
117 17
58 30
463 3
62 11
135 26
438 1
101 29
493 13
128 9
535 13
208 30
255 4
87 21
524 27
498 8
414 3
514 22
245 5
251 30
491 15
179 10
455 11
277 30
425 5
236 11
54 27
294 20
184 14
480
298 28
287 17
331 1
151 1
218 8
122 2
191 11
140 20
363 3
360 30
330 30
468 18
317 17
356 26
478 28
96 6
128 8
239 29
328 28
85 25
479 29
168 18
313 13
329 29
249 9
271 1
188 8
371 11
47 17
129 9
109 19
470 20
33 3
111 21
197 17
357 27
282 12
244 4
355 25
420 30
349 19
125 5
467 17
18 18
69 9
296 26
87 27
94 4
443 23
65 5
455 5
229 19
338 8
382 22
336 6
75 15
473 23
256 16
246 6
160 10
192 12
428 8
269 29
159 9
401 11
261 21
310 10
388 28
99 9
305 5
105 15
164 14
476 26
25 25
289 19
186 6
202 22
477 27
413 23
364 4
353 23
204 24
81 21
130 10
16 16
377 17
29 29
314 14
158 8
312 12
54 24
245 5
295 25
116 26
100 10
30 30
101 11
351 21
178 28
463 13
387 27
36 6
301 1
480 30
231 21
294 24
430 10
107 17
139 19
410 20
325 25
113 23
375 15
208 28
424 4
90 30
190 10
425 5
41 11
278 8
441 21
361 1
219 9
334 4
70 10
175 25
418 28
126 6
307 7
68 8
193 13
72 12
213 3
22 22
283 13
362 2
205 25
182 2
211 1
66 6
1 1
277 7
26 26
284 14
323 23
216 6
412 22
176 26
46 16
450 30
372 12
44 14
247 7
451 1
3 3
220 10
76 16
427 7
45 15
459 9
2 2
34 4
15 15
214 4
267 27
333 3
474 24
11 11
237 27
8 8
397 7
143 23
365 5
56 26
464 14
227 17
280 10
53 23
59 29
52 22
40 10
378 18
31 1
133 13
154 4
230 20
171 21
120 30
411 21
354 24
254 14
48 18
444 24
209 29
12 12
285 15
276 6
224 14
248 8
327 27
6 6
302 2
291 21
431 11
115 25
422 2
21 21
228 18
146 26
268 28
345 15
460 10
165 15
161 11
142 22
436 16
394 4
343 13
447 27
170 20
370 10
82 22
232 22
383 23
458 8
103 13
93 3
62 2
406 16
337 7
398 8
281 11
238 28
166 16
195 15
98 8
475 25
346 16
55 25
74 14
446 26
117 27
39 9
466 16
91 1
311 11
20 20
391 1
38 8
89 29
251 11
309 9
71 11
273 3
348 18
275 5
421 1
369 9
124 4
221 11
118 28
392 2
203 23
136 16
196 16
452 2
339 9
321 21
304 4
167 17
163 13
194 14
185 5
403 13
88 28
341 11
453 3
426 6
440 20
162 12
415 25
225 15
332 2
456 6
402 12
50 20
324 24
95 5
135 15
137 17
148 28
434 14
19 19
389 29
84 24
352 22
322 22
226 16
207 27
184 4
445 25
461 11
380 20
423 3
465 15
408 18
416 26
37 7
64 4
262 22
121 1
381 21
442 22
316 16
270 30
472 22
435 15
290 20
342 12
106 16
253 13
300 30
206 26
250 10
292 22
57 27
235 25
462 12
399 9
396 6
123 3
5 5
198 18
454 4
258 18
147 27
347 17
152 2
61 1
67 7
303 3
138 18
439 19
23 23
390 30
306 6
108 18
320 20
404 14
367 7
119 29
432 12
181 1
97 7
395 5
92 2
266 26
414 24
172 22
32 2
112 22
417 27
437 17
210 30
335 5
183 3
141 21
132 12
242 2
318 18
319 19
274 4
102 12
78 18
234 24
222 12
187 7
157 7
49 19
200 20
419 29
279 9
264 24
297 27
42 12
104 14
405 15
180 30
241 1
134 14
433 13
293 23
217 7
407 17
149 29
177 27
144 24
393 3
366 6
438 18
43 13
272 2
77 17
215 5
173 23
79 19
114 24
252 12
308 8
315 15
13 13
51 21
263 23
156 6
358 28
73 13
155 5
368 8
14 14
243 3
326 26
385 25
257 17
80 20
4 4
259 19
260 20
265 25
386 26
449 29
83 23
86 26
58 28
35 5
10 10
374 14
429 9
344 14
63 3
7 7
233 23
24 24
174 24
199 19
471 21
376 16
299 29
255 15
153 3
127 7
409 19
189 9
179 29
27 27
17 17
359 29
448 28
288 18
240 30
201 21
350 20
28 28
145 25
110 20
9 9
469 19
384 24
60 30
340 10
236 26
212 2
379 19
400 10
457 7
373 13
131 11
286 16
150 30
169 19
223 13
90
73 21
76 5
296 9
12 15
30 27
133 23
98 8
79 16
153 17
117 3
138 24
66 6
89 28
201 22
179 8
148 2
152 13
255 3
108 9
10 12
183 22
47 2
62 22
49 1
75 29
53 23
283 29
74 14
293 27
61 13
244 25
100 25
214 2
134 16
261 30
29 20
185 14
166 12
33 10
38 7
291 19
15 24
246 20
14 4
106 5
279 5
210 1
26 18
155 1
250 13
181 25
202 11
178 18
135 4
156 21
132 30
242 14
6 3
154 10
292 12
112 29
272 24
102 19
101 20
238 18
32 19
170 28
257 4
285 17
282 21
5 9
110 6
264 8
230 16
281 6
165 7
269 7
129 27
65 26
11 30
200 11
198 26
295 26
233 23
71 11
17 17
258 10
139 15
271 28
231 15
28
10 3
23 3
3 1
20 1
4 3
25 2
11 3
2 1
12 3
27 3
14 3
9 2
13 3
1 2
18 1
7 3
5 1
6 1
24 3
16 2
8 2
15 3
17 2
19 3
26 1
28 2
21 3
22 2
504
324 12
461 1
215 26
68 28
492 28
155 18
10 27
131 6
474 2
221 19
308 9
466 1
177 29
462 2
501 22
72 20
409 4
278 27
436 4
300 16
137 13
400 9
216 30
121 26
32 16
316 10
163 29
404 7
150 14
58 4
426 5
494 5
257 25
334 11
472 4
224 22
241 29
142 20
304 22
148 18
64 30
385 7
442 6
69 13
369 6
483 13
192 12
135 6
370 13
185 23
139 21
9 9
116 14
190 29
159 25
303 23
162 30
18 7
277 28
24 11
371 8
497 10
145 19
34 24
372 4
286 9
351 8
390 9
448 3
31 17
30 1
365 10
223 17
485 12
434 1
311 18
46 28
70 3
53 5
171 26
40 29
97 15
498 8
323 13
487 19
407 6
57 28
325 21
260 22
356 10
437 3
408 5
76 22
88 26
360 8
238 1
342 19
89 22
107 21
178 28
39 30
380 13
207 24
460 1
114 18
95 19
489 27
173 18
288 26
16 25
338 10
358 12
452 5
493 17
230 23
189 30
219 27
29 30
188 9
395 5
476 1
467 1
272 13
456 3
80 6
20 8
195 11
340 17
63 27
4 17
284 23
418 9
262 16
232 23
197 10
327 17
61 6
349 14
343 16
235 12
83 25
440 8
126 23
376 9
478 3
98 14
99 4
186 16
439 9
417 10
128 13
258 18
271 26
206 28
281 9
132 23
315 11
266 22
387 5
450 1
429 7
341 20
75 16
175 12
169 28
381 7
96 20
106 22
23 14
200 28
143 29
158 26
362 15
110 27
499 11
287 27
301 15
503 15
65 25
133 17
255 27
389 10
396 4
275 30
405 9
320 9
350 13
117 22
8 10
382 12
391 12
464 1
446 1
247 7
239 23
384 2
447 4
289 25
170 27
22 5
181 27
368 8
299 17
44 25
416 11
122 25
250 17
496 6
153 17
319 17
459 2
161 17
140 30
403 3
475 9
328 19
490 4
419 8
364 15
268 6
313 17
103 15
435 5
359 9
280 21
13 29
205 29
259 23
377 12
35 23
204 30
102 7
415 7
113 22
305 2
279 10
74 13
256 26
425 7
479 24
222 18
85 21
93 29
49 24
120 27
273 11
481 26
111 20
19 6
38 19
168 29
322 14
486 16
267 16
458 2
427 4
424 5
463 1
231 12
373 8
242 28
394 8
504 20
431 2
134 30
240 22
123 11
502 14
326 20
5 24
398 5
172 30
375 8
48 26
182 26
414 8
125 16
410 7
357 13
455 1
470 6
330 18
156 24
312 22
201 27
296 22
422 7
253 24
21 15
411 6
193 29
62 26
138 12
25 21
17 13
310 19
179 27
157 27
367 9
337 6
285 1
374 14
465 2
428 3
220 30
209 21
104 20
401 4
6 23
302 11
252 15
118 21
92 19
264 30
3 19
86 28
451 1
218 28
354 8
386 6
254 19
217 29
229 24
366 9
225 21
383 11
412 10
291 2
180 17
147 3
112 23
347 11
392 11
227 26
15 20
468 2
333 14
344 7
423 5
226 27
261 17
28 4
355 7
210 20
469 1
443 5
243 26
290 24
194 15
73 19
336 7
42 17
245 21
283 5
109 28
453 4
37 12
59 28
276 29
66 30
191 9
81 10
495 29
457 3
50 16
393 10
55 30
33 15
413 9
43 26
454 3
402 7
406 8
318 17
244 25
130 28
449 2
87 27
420 5
388 11
27 3
198 1
263 14
127 14
473 3
298 23
378 11
292 10
12 22
54 4
488 21
115 20
105 19
82 20
176 18
248 19
184 24
101 13
297 24
91 5
445 2
79 2
213 22
236 12
41 18
211 13
480 18
214 27
361 12
329 19
274 17
164 20
265 29
2 26
246 11
251 16
11 18
282 21
433 2
203 25
71 21
154 19
430 6
36 4
444 4
477 30
331 16
90 19
196 29
249 11
151 30
321 15
160 16
237 11
60 21
183 25
7 16
270 27
421 8
295 20
314 12
233 26
491 25
165 19
202 26
345 10
317 8
363 11
307 10
199 29
187 15
14 12
234 29
144 25
352 15
339 6
67 29
84 24
438 2
306 11
26 2
348 10
94 28
353 4
441 7
141 30
152 27
56 29
500 23
212 20
228 20
471 5
309 13
346 9
399 5
482 2
129 25
1 28
166 30
167 30
335 14
47 27
51 3
52 24
124 18
146 18
174 7
294 24
293 21
397 4
136 27
484 7
332 15
100 14
149 12
78 20
379 10
119 18
108 26
45 29
77 21
432 2
208 14
269 28
35
35 2
23 3
33 1
26 3
19 3
9 3
14 2
4 3
7 1
31 3
22 3
8 3
17 3
29 1
3 3
16 3
34 3
1 2
11 1
12 1
2 1
13 2
24 3
18 1
15 2
10 3
21 3
27 3
5 3
30 3
25 2
28 3
6 2
20 3
32 2
35
35 29
4 30
26 28
27 28
22 28
32 29
34 28
8 28
20 28
29 29
15 28
13 28
6 29
10 28
1 29
3 30
23 28
31 28
12 28
21 28
24 28
5 28
17 30
11 28
2 30
30 28
9 30
14 28
19 29
28 28
16 30
33 30
25 28
7 29
18 29
28
12 2
27 3
2 1
13 2
5 1
15 1
8 3
4 1
7 1
1 2
20 3
26 1
14 3
10 3
11 2
28 2
9 3
24 3
17 3
22 3
19 3
6 2
3 1
25 2
21 3
16 3
18 2
23 3
500
473 15
372 26
37 13
302 11
90 13
356 21
339 26
41 8
422 27
83 12
221 1
56 21
237 17
283 5
10 23
65 3
82 11
408 25
273 17
145 22
398 25
368 19
326 19
497 6
115 22
500 13
361 16
352 19
259 4
487 28
246 21
140 15
172 18
47 1
84 8
341 14
460 30
209 1
461 30
197 2
353 20
344 13
243 18
312 9
245 20
449 26
429 29
392 23
192 3
331 15
433 27
299 16
468 30
64 16
142 2
340 13
484 24
296 26
53 27
116 25
7 2
305 22
198 21
242 7
196 5
208 18
205 5
260 5
280 17
240 14
48 2
175 4
278 15
410 27
5 21
289 20
409 26
238 23
459 30
346 20
301 10
319 20
294 14
330 14
467 29
79 13
94 1
345 14
184 4
304 13
491 20
217 3
76 5
120 1
419 29
177 1
483 8
404 24
107 12
249 22
254 3
61 11
384 18
26 15
490 27
87 6
493 19
70 3
143 3
25 13
432 30
395 26
282 18
161 1
211 19
421 25
332 21
59 24
29 1
334 17
397 27
480 3
112 16
187 3
155 11
23 3
329 20
44 11
2 16
3 14
313 12
308 23
110 21
207 17
333 16
144 4
40 4
232 7
212 12
106 10
19 10
464 27
316 17
489 18
114 6
274 18
234 26
51 28
369 24
190 20
164 2
169 12
396 26
444 30
21 27
327 25
85 8
492 25
117 12
438 26
215 24
124 6
365 18
496 7
291 21
279 16
129 2
380 27
292 22
286 11
452 29
63 15
158 15
52 26
355 17
321 24
218 4
42 9
30 30
176 19
364 24
73 11
466 29
119 16
100 7
474 10
322 9
263 2
271 4
45 1
458 29
18 11
411 23
204 4
50 25
450 27
389 25
420 26
465 28
15 26
442 30
394 24
486 12
478 4
49 3
454 30
418 26
235 21
298 19
125 1
417 25
250 1
328 19
113 9
224 3
287 15
471 30
335 21
427 28
348 18
479 22
32 5
101 8
475 17
193 7
185 5
216 2
134 7
105 6
151 9
230 25
362 17
317 27
165 9
269 5
4 17
27 7
434 27
171 10
75 4
481 23
189 19
199 23
307 10
28 29
60 17
34 16
118 13
170 9
139 18
186 6
35 11
311 8
74 3
1 5
462 25
482 29
253 8
97 18
266 21
374 18
424 26
147 1
43 10
349 19
303 12
179 5
264 16
284 13
255 19
399 30
210 2
247 14
111 15
445 27
391 26
370 24
494 9
66 4
320 23
195 4
99 13
67 11
81 9
423 28
239 7
98 19
358 16
58 23
223 3
121 17
387 24
148 2
378 26
86 9
338 23
194 3
89 10
127 8
17 24
363 23
437 25
133 6
213 20
228 14
428 29
166 18
448 30
415 23
463 26
233 20
241 19
39 3
203 28
256 8
258 8
309 13
219 14
350 29
182 8
200 16
472 1
9 6
275 19
201 3
160 16
325 18
347 17
102 3
22 12
167 11
11 8
306 9
68 2
77 21
46 7
132 5
386 21
6 22
178 4
381 28
92 10
443 29
69 1
154 9
33 6
220 15
88 7
226 16
277 14
360 23
163 17
413 23
262 1
146 6
414 28
108 20
406 29
136 8
222 2
14 20
131 4
20 28
93 25
343 12
431 29
498 2
130 3
453 29
412 28
470 29
426 27
430 26
149 27
71 19
337 22
126 7
377 25
57 22
447 29
267 24
366 28
265 12
297 18
354 18
188 22
371 28
495 16
288 20
261 15
180 3
156 1
135 7
407 24
183 24
300 10
270 6
225 4
109 15
181 4
24 18
293 13
285 14
457 30
174 17
290 12
78 22
202 4
393 21
376 29
439 27
314 19
276 12
388 21
416 24
62 13
385 19
441 30
16 4
336 20
80 14
55 9
122 11
342 15
252 3
229 11
382 30
451 28
367 18
104 5
257 20
476 21
440 29
390 21
248 2
456 30
455 30
425 27
54 8
168 9
157 25
357 22
123 12
227 13
173 1
295 10
153 8
272 5
310 7
446 28
96 7
379 20
152 10
191 10
91 23
499 5
268 28
95 2
324 11
375 25
138 9
231 17
103 4
281 8
244 6
72 20
485 26
359 22
383 20
128 1
435 27
251 15
318 19
405 28
488 14
477 11
436 28
469 28
13 25
236 22
159 19
150 15
36 12
8 19
400 27
206 16
323 10
141 1
214 23
402 22
401 21
315 16
31 14
373 17
137 6
162 2
403 23
351 26
12 9
38 3
35
5 30
35 29
8 28
25 28
10 28
30 28
15 28
31 28
22 28
6 30
3 30
14 29
32 29
1 29
13 28
20 30
2 30
26 28
11 28
29 29
34 28
7 28
18 28
24 28
16 28
12 28
4 29
21 28
17 30
19 29
33 30
28 28
27 28
9 29
23 28
35
3 3
29 3
4 2
16 3
14 1
23 3
26 3
8 1
19 3
27 3
33 1
31 2
9 3
20 3
35 2
15 3
28 3
7 2
11 1
12 3
34 3
24 3
5 3
10 3
32 2
18 2
2 1
1 2
30 3
22 3
25 3
13 1
6 1
21 2
17 3
35
17 28
6 29
7 30
4 30
1 29
2 30
25 28
22 28
30 28
33 30
23 28
9 29
14 28
34 28
15 28
12 29
28 28
20 28
31 28
35 29
29 30
11 28
26 28
24 28
27 28
18 28
21 28
13 29
5 30
3 30
8 28
19 29
16 28
32 29
10 28
1
86 26
488
386 24
98 14
168 2
384 19
121 4
144 12
454 29
47 7
483 8
5 12
210 4
353 16
82 2
90 25
101 1
15 26
165 21
289 15
244 10
421 25
39 25
223 3
285 9
292 15
131 7
424 30
259 8
469 6
298 4
348 13
221 18
442 30
294 7
115 4
32 5
315 11
8 19
261 2
473 21
371 18
24 13
334 21
34 2
340 17
401 23
352 15
71 2
83 9
238 26
291 16
176 14
398 23
299 5
201 2
4 21
397 22
332 12
274 4
185 16
438 29
56 3
364 16
96 19
325 15
317 28
49 12
68 8
431 29
481 20
275 5
460 1
463 4
137 5
434 28
129 1
381 21
392 20
234 23
172 2
391 27
215 5
314 10
466 14
387 26
241 15
57 13
77 12
18 20
20 29
146 13
205 7
302 6
53 8
1 7
12 10
360 16
141 4
462 26
319 30
235 5
413 25
10 11
258 19
153 3
486 16
366 22
219 14
58 8
134 23
229 3
448 30
415 23
428 26
447 29
140 7
164 11
2 8
63 9
46 30
408 27
476 18
394 28
356 23
435 28
467 17
403 24
288 11
257 2
133 9
202 3
305 22
48 11
14 25
402 22
54 10
307 18
385 21
284 7
128 26
351 20
126 25
433 30
265 7
233 26
193 2
245 14
36 6
329 13
216 6
27 2
478 27
355 25
347 20
16 3
40 1
376 17
43 18
118 20
38 8
488 11
226 6
444 27
125 18
459 30
183 9
37 10
225 5
175 27
157 2
383 18
231 20
484 3
440 29
324 12
373 20
26 28
405 26
100 17
92 17
108 13
369 20
251 9
395 24
159 20
91 18
28 27
461 28
199 6
389 19
344 30
69 8
323 11
480 15
86 2
300 5
85 18
42 17
187 7
320 28
151 19
130 6
67 7
416 24
367 19
388 24
184 10
297 10
475 7
350 15
374 22
102 2
29 1
166 14
218 11
457 28
327 21
487 13
306 21
119 2
423 26
188 8
213 8
81 13
104 19
281 8
254 11
186 6
450 29
138 1
228 2
190 17
267 19
169 2
280 7
326 12
194 3
195 1
191 18
363 24
52 9
464 24
380 20
142 15
255 12
375 16
260 4
152 11
465 12
396 21
120 21
109 20
346 16
162 9
105 5
107 12
196 9
313 9
203 4
308 12
124 6
123 26
266 18
429 28
349 14
425 27
177 15
224 4
253 18
316 14
147 2
51 18
399 25
75 10
328 15
286 10
330 16
9 16
45 14
7 14
268 4
270 13
365 21
310 9
358 14
322 14
161 16
378 29
252 16
84 21
455 29
222 19
207 1
453 28
456 30
445 28
276 6
74 19
110 23
343 19
114 18
301 5
156 12
354 17
143 24
61 15
420 30
412 25
65 5
178 15
111 26
249 9
19 17
296 9
3 15
227 1
31 9
232 23
30 30
116 19
426 30
35 3
468 29
414 26
208 2
250 15
335 17
273 15
112 28
76 11
132 8
263 21
279 6
485 23
21 6
237 13
342 13
17 18
264 22
262 20
393 27
359 15
198 5
170 2
246 16
167 1
256 19
180 1
220 7
94 1
197 4
192 25
136 14
311 12
13 9
66 6
479 25
339 16
283 6
95 10
361 26
160 9
277 21
239 5
88 5
236 12
331 11
336 22
409 29
318 11
89 27
482 19
158 3
189 9
73 17
287 7
304 8
443 30
449 28
282 5
269 20
427 27
149 14
55 11
278 20
139 6
439 29
295 8
211 7
23 24
419 28
206 18
182 8
404 30
150 22
400 25
436 30
173 3
135 13
179 7
127 25
418 25
377 18
70 10
99 5
243 2
181 2
25 5
59 14
6 4
458 29
212 1
470 10
477 9
417 29
242 1
432 28
472 5
474 22
72 3
122 5
309 23
217 9
155 5
390 20
230 4
50 13
64 4
290 16
372 19
407 23
113 29
41 22
22 22
333 17
451 29
357 24
60 3
406 27
422 28
452 30
410 27
209 3
312 13
200 10
103 11
93 5
62 8
117 19
471 2
441 30
154 4
362 24
382 23
272 16
271 21
214 4
446 29
338 22
368 23
411 27
106 11
379 22
437 28
79 1
171 2
44 13
303 7
293 17
337 18
148 3
321 27
370 21
11 23
174 7
87 4
345 15
145 4
33 1
204 5
80 22
247 17
430 29
341 12
78 15
240 6
163 10
248 8
97 13
90
232 3
126 3
203 1
2 2
146 3
151 3
134 2
89 1
53 1
161 2
221 2
43 3
276 1
139 1
76 2
127 1
140 2
103 1
110 2
33 3
135 1
108 3
6 3
153 3
68 3
120 1
170 1
296 3
38 2
57 2
45 1
274 2
217 2
101 3
3 3
168 1
174 2
270 2
29 3
35 3
111 1
138 3
210 3
299 2
22 1
228 1
285 2
74 1
75 3
96 2
235 1
248 3
201 3
14 2
222 3
77 1
147 2
58 3
260 3
7 1
92 2
133 1
149 2
62 1
295 1
20 2
109 2
251 3
213 2
283 3
185 3
39 2
202 3
9 1
280 2
281 1
236 1
78 2
105 2
273 2
268 1
220 1
162 2
277 1
184 3
123 3
88 1
179 1
227 2
86 3
250
663 5
9 6
169 5
27 6
486 5
284 6
43 6
782 5
864 5
848 5
922 6
340 6
607 6
232 5
348 5
872 5
225 6
996 5
860 6
157 6
415 5
401 5
690 6
462 5
615 5
408 5
414 6
752 6
835 5
474 6
774 5
246 5
61 6
689 6
247 5
53 5
226 5
604 6
135 5
684 5
833 5
713 5
800 6
871 6
412 6
852 6
82 5
331 5
989 5
242 5
692 5
942 5
504 5
730 6
305 6
936 6
892 5
152 6
184 5
773 6
516 5
903 5
432 6
317 5
465 6
869 6
535 6
494 5
561 6
160 6
812 6
489 6
270 5
509 5
208 6
344 6
389 6
455 5
677 5
137 6
500 6
779 6
865 5
703 6
297 5
333 6
380 5
983 6
368 5
386 5
682 5
694 5
791 6
113 5
102 6
839 5
33 5
650 5
584 6
68 5
971 6
874 6
459 5
438 6
960 6
107 5
74 6
131 5
810 5
402 6
573 5
955 5
532 6
96 5
359 5
775 6
443 5
642 5
613 5
48 6
911 5
658 6
488 5
754 6
382 6
108 6
851 6
887 5
430 5
342 6
695 5
836 5
840 5
375 5
854 6
158 6
186 6
620 6
634 6
792 5
688 6
795 5
413 5
589 6
862 6
58 6
902 6
31 5
248 6
670 5
681 6
325 5
54 5
105 6
132 6
567 5
5 6
282 5
228 5
939 5
947 5
592 5
609 6
470 5
29 6
998 6
475 6
877 5
880 6
884 6
763 6
89 6
38 6
491 5
814 5
950 5
858 5
121 6
632 6
311 5
307 6
635 6
236 6
377 6
300 6
55 5
512 6
127 6
422 6
144 6
951 6
631 6
309 6
269 5
781 5
825 6
705 5
72 6
406 5
487 6
42 6
895 5
1 6
915 5
371 5
618 5
350 5
614 6
330 6
477 5
86 6
279 5
809 5
88 6
957 6
881 5
202 5
764 6
11 6
605 6
199 5
789 5
357 5
847 5
324 5
337 6
133 5
141 6
420 5
278 5
538 6
596 6
740 6
201 6
863 6
761 5
378 6
934 5
230 5
927 6
587 5
456 5
437 6
162 6
396 6
968 6
6 5
508 5
581 5
716 5
10
729 3
341 9
179 29
152 22
756 24
203 13
12 6
920 19
570 26
908 15
33
26 1
29 3
32 3
8 3
9 2
13 3
27 3
25 2
31 1
18 3
6 1
21 3
5 1
19 3
15 3
12 1
14 3
7 1
2 1
20 3
3 3
16 3
30 2
24 3
23 3
28 3
10 2
11 2
22 3
4 2
17 3
1 2
33 2
493
282 20
800 22
474 14
78 18
170 28
235 10
313 18
652 20
872 12
648 6
523 26
492 6
968 4
89 6
769 8
404 14
876 10
945 26
231 4
246 2
869 28
408 18
543 30
790 16
506 8
45 20
766 12
851 28
781 18
574 2
250 18
317 24
278 26
975 22
84 12
783 12
420 12
722 30
249 20
600 10
165 20
406 16
327 22
899 22
475 6
114 26
352 28
118 22
413 22
923 20
456 24
702 24
623 28
331 10
329 4
785 12
634 20
630 24
26 17
227 14
482 2
957 28
234 8
627 22
385 28
101 10
113 22
890 6
279 10
897 8
535 22
597 18
814 2
659 30
572 14
199 4
190 30
136 8
373 16
318 2
319 22
243 14
166 10
562 10
294 16
56 18
488 30
99 18
255 28
654 22
414 4
811 18
533 30
728 4
127 28
772 22
123 8
714 14
29 3
286 30
416 18
485 2
537 20
962 26
447 2
744 20
886 28
691 24
902 4
709 8
675 28
34 8
22 27
268 8
910 18
467 22
847 4
963 2
59 20
797 26
106 18
579 4
911 16
396 12
861 16
341 10
904 26
33 2
539 18
969 10
540 14
916 28
563 14
487 28
892 10
195 2
258 26
312 8
717 20
417 10
898 18
308 24
632 4
332 22
643 6
656 18
999 16
80 12
507 6
908 22
723 12
584 30
943 2
13 9
307 2
181 10
621 12
515 20
46 8
299 26
510 8
549 22
502 30
602 8
777 8
24 19
403 22
461 26
105 16
298 10
547 28
139 24
448 24
464 2
287 4
987 20
178 20
94 20
191 28
663 24
427 2
155 22
874 4
503 24
662 6
775 26
130 4
277 14
568 28
383 30
207 20
554 2
854 6
669 12
651 10
805 14
948 18
201 28
205 12
614 26
108 18
873 2
673 20
350 18
839 30
157 28
121 8
20 29
223 12
218 10
490 30
321 6
69 14
601 10
103 16
770 16
560 14
381 12
273 6
115 16
437 4
658 4
610 20
188 18
344 20
895 16
617 4
10 21
803 2
956 12
808 24
742 26
189 22
761 18
877 12
937 2
259 20
880 8
95 28
701 24
896 20
865 10
552 2
138 26
929 24
740 6
150 2
678 26
469 20
128 26
509 10
704 2
763 24
160 10
521 8
749 26
862 26
883 6
398 4
891 20
5 25
974 24
646 6
989 14
61 30
47 18
494 16
681 10
534 10
193 4
557 26
356 30
146 14
248 22
762 18
542 24
765 12
88 6
724 20
593 22
432 30
941 26
303 24
361 10
900 20
23 15
174 10
561 2
225 20
635 6
213 4
68 16
241 20
826 12
608 24
824 18
712 2
605 26
131 10
367 22
40 22
565 28
918 22
694 22
842 14
613 20
912 8
505 10
778 6
745 2
685 28
64 18
882 16
180 28
590 18
641 6
435 12
580 10
871 12
21 23
169 2
57 18
429 10
468 2
719 12
779 16
971 10
544 22
771 10
79 26
164 18
961 20
893 4
436 12
628 12
378 24
409 8
776 8
804 12
364 26
497 28
30 1
320 24
667 10
758 22
37 30
688 18
183 12
8 5
455 22
888 26
972 20
726 26
184 6
813 8
541 28
566 10
161 4
466 26
838 18
764 28
757 24
787 16
809 4
244 28
664 6
795 4
870 16
754 4
866 6
265 30
519 18
843 22
545 20
222 2
479 30
156 22
698 24
517 8
314 14
650 10
362 26
548 30
28 11
857 22
827 16
431 6
917 28
586 8
481 24
828 2
849 26
638 24
799 6
333 8
233 16
480 6
302 6
990 8
54 6
887 12
700 22
806 6
269 26
423 4
780 22
732 10
55 8
922 4
737 30
571 6
72 8
850 22
194 22
841 28
386 30
703 26
77 20
711 20
411 18
495 22
27 13
581 8
230 20
683 14
821 12
553 28
527 14
868 24
405 26
440 30
125 4
820 18
326 20
840 10
460 26
955 10
644 6
981 8
476 8
260 2
228 20
371 10
707 30
596 20
905 22
212 26
256 10
280 2
859 28
690 2
111 20
734 12
380 26
500 28
743 24
389 26
980 22
951 16
752 14
419 10
198 30
25 7
914 14
988 2
751 30
63 24
966 12
655 18
784 28
173 26
75 12
275 26
949 20
384 26
120 6
834 6
720 18
224 22
263 14
53 26
175 16
167 10
454 2
810 6
399 30
835 26
415 26
559 10
424 20
284 4
831 8
927 20
35
33 30
10 29
28 28
22 28
9 28
2 30
7 29
20 28
21 28
30 28
34 28
17 28
23 29
14 28
4 28
19 28
6 29
8 30
1 29
26 28
11 30
18 28
35 29
24 28
13 30
29 28
3 28
12 28
16 30
5 28
27 28
15 29
31 30
25 28
32 29
33
19 29
24 28
7 28
22 28
20 28
21 28
8 29
18 28
25 28
6 30
28 30
14 28
31 30
27 29
30 29
12 29
2 30
13 28
17 30
16 28
4 28
15 28
5 28
11 29
10 28
26 28
9 28
3 30
29 30
33 29
23 28
32 28
1 29
35
8 3
14 3
27 3
9 1
5 3
10 3
29 3
34 3
1 2
12 1
2 1
22 2
15 3
20 1
17 3
6 2
31 2
3 1
18 3
28 3
24 3
19 1
21 3
23 2
16 3
13 3
35 2
33 1
25 3
7 3
4 3
26 3
32 2
11 2
30 3
37
24 28
29 28
9 29
5 28
27 30
15 30
12 28
31 28
33 28
1 29
18 28
32 28
25 29
8 28
16 28
28 28
21 28
13 28
14 29
19 29
7 30
37 29
2 30
3 30
36 28
17 28
20 28
26 28
23 28
4 30
30 28
35 30
34 29
10 28
6 29
22 28
11 28
35
25 2
10 3
20 3
5 2
16 3
13 3
23 3
7 1
27 3
17 2
9 3
19 3
29 1
3 1
14 1
33 1
12 2
24 3
2 1
6 3
35 2
15 3
32 2
8 3
21 3
31 3
18 3
26 3
28 1
34 3
30 3
4 2
1 2
22 3
11 3
42
814 19
508 3
703 11
105 22
357 3
92 27
310 5
1000 16
12 6
431 1
351 23
28 21
1 16
635 5
602 10
2 17
31 28
40 25
606 4
596 30
247 21
130 8
448 11
58 2
46 1
277 26
143 23
802 24
824 29
487 27
680 13
976 14
733 9
80 12
657 7
543 13
184 29
96 9
137 25
522 19
604 7
528 20
33
29 28
6 28
31 30
12 29
13 28
14 28
33 29
16 30
30 29
7 30
23 28
22 28
26 28
5 30
9 28
4 28
17 28
32 28
15 29
25 28
18 28
20 28
21 28
19 28
24 28
3 30
2 30
11 29
27 29
8 28
1 29
10 29
28 30
35
26 3
31 3
16 2
33 1
9 3
17 3
30 3
27 3
25 3
2 1
4 2
32 2
22 3
35 2
5 1
29 2
19 2
20 1
11 2
12 3
13 3
6 1
21 3
34 3
10 3
7 3
8 1
23 3
28 3
15 3
24 3
18 3
3 1
1 2
14 3
28
20 3
18 3
19 1
14 1
16 2
25 2
5 1
26 1
22 2
8 1
15 3
1 2
4 2
7 2
6 1
24 3
2 1
10 3
3 3
21 2
12 3
11 3
13 3
9 3
17 3
28 2
23 3
27 3
35
32 2
9 2
12 2
26 3
16 3
6 2
3 1
17 3
21 3
18 3
31 3
2 1
22 3
20 3
13 3
35 2
14 3
33 1
1 2
27 3
4 1
5 3
24 3
10 1
34 3
15 2
25 3
29 2
30 1
28 3
23 3
8 3
7 3
11 3
19 1
675
501 16
361 17
293 20
569 30
245 13
16 5
360 28
103 1
311 18
506 17
663 27
474 30
589 26
480 17
498 26
313 22
436 20
299 14
368 13
497 16
100 3
203 10
519 20
153 11
377 20
315 20
198 9
237 15
611 26
417 14
351 27
138 7
283 20
258 17
431 16
508 16
342 28
559 30
98 9
322 15
657 26
566 25
47 2
209 8
12 1
524 18
575 21
425 18
7 1
459 18
668 26
535 23
617 21
382 22
87 10
278 9
405 23
94 1
127 8
597 27
670 28
69 9
221 17
502 19
392 23
420 26
565 23
111 12
548 22
401 27
434 15
447 26
375 22
341 10
4 4
250 14
475 26
199 10
513 24
157 4
393 22
256 18
413 21
64 10
10 6
645 25
181 14
476 25
637 23
160 8
562 21
105 1
640 28
15 1
61 7
319 10
169 9
232 11
284 14
549 21
252 18
304 18
352 17
634 22
472 27
93 9
165 1
426 17
453 19
58 8
345 15
520 21
531 19
390 25
471 24
243 10
557 24
91 4
612 26
378 19
224 12
133 11
24 2
539 21
163 6
25 1
543 27
666 26
333 17
196 4
525 30
128 7
195 2
327 17
479 15
400 28
326 13
348 28
324 28
371 13
383 21
236 9
651 24
202 13
457 29
546 26
588 20
647 24
407 29
177 9
189 13
337 9
571 23
308 16
82 11
52 6
253 17
325 14
164 5
11 4
580 22
19 2
78 6
55 2
230 7
444 22
424 18
592 20
156 5
186 15
433 25
409 27
523 19
379 18
85 7
336 10
495 22
625 22
247 15
290 13
166 11
464 26
183 7
141 2
595 29
582 26
547 23
362 23
481 16
42 4
432 16
652 26
119 7
298 19
179 6
619 27
509 17
110 9
275 17
396 30
526 29
68 9
584 24
310 19
586 27
510 22
406 30
259 7
482 29
148 9
73 2
72 3
241 12
331 18
22 10
90 5
364 14
76 4
41 8
630 25
674 30
414 20
191 2
254 8
210 14
271 15
354 16
246 16
242 11
328 16
411 29
154 16
53 8
289 18
366 25
518 29
563 20
478 24
404 24
627 28
661 28
576 20
207 13
99 8
66 9
57 3
26 4
492 23
300 18
208 12
458 21
408 28
489 28
516 22
197 2
615 23
373 25
628 27
125 1
114 4
610 27
213 12
581 21
620 21
365 23
200 8
38 7
214 17
567 24
6 6
491 21
555 21
220 13
86 6
265 15
121 5
65 5
669 27
227 13
462 27
49 2
152 12
261 11
44 3
77 11
654 24
578 23
335 11
499 23
490 27
347 13
226 13
244 14
332 17
500 17
130 12
201 14
538 30
662 24
27 3
339 10
146 6
118 7
176 10
340 11
182 8
149 15
101 5
302 13
494 24
35 3
281 8
255 19
463 29
248 14
50 2
107 11
192 2
388 11
363 16
419 22
39 5
443 23
635 23
257 18
143 15
139 12
59 5
301 28
399 29
147 10
391 24
397 21
40 6
374 23
273 19
648 23
450 15
215 10
5 2
604 22
638 30
338 28
381 23
21 5
629 26
124 9
218 2
540 20
427 16
577 24
410 30
616 30
286 9
602 23
56 1
170 8
285 10
454 22
67 4
287 20
412 28
532 18
473 27
96 9
451 13
642 29
429 29
70 8
603 23
667 27
238 8
144 1
568 19
75 4
184 6
190 15
622 25
655 28
323 14
32 5
89 6
653 25
205 6
36 6
357 19
280 7
223 9
34 4
671 30
295 16
2 6
579 29
554 19
279 8
621 26
30 6
204 1
305 13
386 17
529 20
470 16
517 30
545 27
521 29
585 29
115 9
468 14
31 7
63 2
217 11
486 22
251 9
350 18
633 23
367 13
570 24
131 11
20 1
445 28
18 2
222 12
262 10
542 24
228 12
607 23
437 19
306 19
456 30
178 8
330 19
507 20
527 17
590 25
288 19
659 29
415 15
62 10
624 23
106 13
421 25
28 3
452 27
239 5
344 11
430 25
641 30
173 13
117 8
467 25
643 27
294 16
355 15
398 30
389 26
29 3
158 14
187 4
33 4
263 19
534 26
418 23
13 1
512 18
172 6
483 28
346 14
84 9
104 5
155 15
274 18
48 7
240 7
601 30
658 25
219 14
631 21
180 5
660 30
168 1
225 8
136 8
511 21
175 11
460 17
102 13
541 27
370 27
9 1
455 22
129 13
276 20
122 11
402 26
17 3
675 29
594 20
623 24
504 23
292 21
416 18
466 27
384 20
92 10
95 7
487 30
665 25
558 20
194 14
211 12
80 10
309 19
614 24
593 21
1 6
43 4
644 26
3 4
439 29
422 18
639 29
461 16
537 22
109 10
234 11
296 19
469 20
530 25
135 9
553 18
441 21
188 3
349 12
88 3
297 15
318 16
442 25
266 14
312 15
493 25
598 25
303 11
613 25
428 30
81 12
650 25
649 24
235 10
496 15
465 28
231 12
162 13
536 26
260 15
605 22
435 22
448 17
151 13
60 8
161 7
591 19
438 18
249 12
544 27
132 6
533 27
369 28
212 7
37 6
632 22
573 23
522 30
140 11
561 22
316 19
664 26
174 12
8 4
343 20
514 17
321 16
599 24
359 29
317 17
268 18
673 28
329 12
282 11
403 25
45 1
97 4
608 30
488 29
503 18
113 14
233 17
618 22
376 21
550 17
291 12
307 17
126 9
626 29
394 12
358 18
528 26
270 16
583 25
600 24
609 22
120 6
356 20
229 3
159 9
440 14
264 18
71 3
515 21
206 8
606 21
269 17
446 20
79 5
216 12
646 28
142 2
108 3
552 30
380 24
423 13
46 3
564 24
672 29
387 16
395 16
185 4
656 27
83 3
587 19
23 3
167 10
150 14
560 19
123 10
485 26
51 7
596 28
556 25
171 7
334 16
320 9
353 11
137 14
572 29
551 19
449 16
14 6
134 10
74 2
54 5
116 13
636 24
277 16
372 12
385 17
484 27
112 11
505 22
574 22
193 15
267 13
272 12
477 23
145 7
314 21
