100
12 2 0
3 -1 1
6 2 0
1 -2 0
15 1 3
11 -2 0
18 1594 0
14 2 2
7 0 0
20 8378 0
5 2 0
19 -3 3
8 6729 8897
16 -2036 0
5 0 2
19 -2 4
17 -2 0
11 -3 1
1 2 0
9 0 2058
6 0 2
8 0 0
1 0 2
6 -2 0
17 2 2
20 0 4
20 -4 2
10 -1 3
6 2 0
4 -686 0
15 9884 4748
19 0 4
17 0 0
4 0 0
15 0 4
7 2 0
5 0 2
7 265 9277
15 0 4
11 -1 3
17 6 0
4 0 0
16 -2 0
6 0 2
6 -3 1
1 0 2
1 2 2
5 -2 0
5 0 2
3 2 0
13 -4 0
14 6054 3760
2 6498 2850
5 -4 0
3 0 8438
20 -1 1
10 0 0
1 0 0
15 1 3
18 -5 1
19 0 2
5 0 2
5 0 4
1 7060 0
8 4 0
16 0 0
19 6182 6874
10 4252 9344
4 2 0
3 1 1
5 4 0
13 0 5024
10 -3 1
11 -2 0
8 4 0
3 1 1
10 -3 1
11 -3 1
20 0 7418
14 0 2
19 -3 3
1 0 2
12 -4504 0
6 -6394 0
18 0 2
9 0 0
13 0 0
19 -3 1
5 0 4
4 5535 7115
10 1 3
18 0 0
6 4 0
6 -1 1
17 -1 1
20 0 2
13 0 0
10 1 3
6 -2 2
20 -2 4
