100
1 12
79556 129618
125748 225748
964963 964963
186204 192034
999994 1000000
964964 964964
444302 544302
749917 749917
1 17
1 16
645206 645206
509598 609598
1 7
749920 749920
140213 240213
900007 1000000
168494 197337
551242 585526
645207 645207
741913 754525
999999 1000000
900006 1000000
964961 964961
211829 311829
999989 1000000
645205 645205
686095 705149
999993 1000000
382797 470152
999991 1000000
1 9
478181 578181
21233 45643
900003 1000000
900002 1000000
153885 253885
1 100000
269742 369742
1 13
609857 709857
771580 828624
900000 1000000
900010 1000000
1 8
188350 197837
900009 1000000
469271 569271
664892 670414
900014 1000000
999995 1000000
1 11
999958 999958
900001 1000000
999956 999956
999988 1000000
1 6
964962 964962
1 14
900004 1000000
1 15
720181 820181
999998 1000000
125624 225624
999996 1000000
760982 860982
409295 509295
900011 1000000
999997 1000000
1 10
900008 1000000
806372 906372
1 3
999986 1000000
1 1
701539 801539
900005 1000000
999990 1000000
508388 577963
999987 1000000
1 5
1 4
1000000 1000000
749919 749919
900013 1000000
764311 864311
1 2
645208 645208
749918 749918
653491 753491
653906 753906
900012 1000000
53944 153944
999992 1000000
56465 132416
899983 999983
230831 288482
671303 686575
69585 118117
999983 999983
