100
0 0 0 1 0 0 0 0 1 0
33
0 1 1 1 0 0 0 0 0 1
64
0 0 0 0 1 1 1 0 1 0
48
1 0 0 0 0 1 0 1 0 0
5
0 0 0 0 0 0 1 0 0 0
36
0 0 0 0 0 0 0 1 0 0
77
0 0 1 1 1 1 0 0 1 1
93
0 0 0 0 0 0 1 0 0 1
74
0 1 0 1 0 0 0 0 0 1
39
1 0 1 0 0 0 1 0 1 0
96
0 1 1 0 1 0 1 1 1 1
28
0 0 0 1 0 0 0 0 0 0
33
0 0 0 1 1 0 0 0 0 0
3
0 0 0 1 0 0 0 0 0 0
9
0 1 0 0 0 1 0 0 0 1
55
0 0 1 1 1 0 1 0 0 0
2
0 0 0 0 0 1 0 0 0 0
25
0 1 0 0 0 0 0 0 1 1
53
1 0 0 0 0 0 0 0 1 1
42
0 0 0 0 0 0 0 0 1 1
89
0 1 0 0 1 1 1 0 0 0
15
1 0 0 0 0 1 1 0 0 1
59
0 1 0 0 1 0 0 0 0 1
19
0 1 0 0 0 0 1 0 0 1
19
0 0 1 0 0 1 1 0 1 1
48
0 0 0 0 0 0 0 0 0 1
99
0 1 1 0 0 1 0 0 1 0
8
0 1 1 1 0 0 1 1 0 0
32
1 0 1 0 0 0 0 0 0 0
20
1 0 0 0 0 0 0 0 1 0
80
0 0 1 0 0 0 0 0 0 0
88
0 0 0 0 0 1 0 0 1 0
58
0 0 1 1 1 0 0 0 0 1
9
0 0 0 0 0 0 0 0 1 0
88
1 0 0 1 1 0 0 0 0 1
34
1 1 0 0 1 0 0 1 0 0
100
0 0 1 0 1 1 0 0 0 1
25
0 0 0 0 0 1 1 0 0 1
78
0 0 0 0 1 0 0 0 0 0
44
1 0 0 1 0 0 1 0 0 0
3
1 1 0 1 0 1 0 0 0 0
3
1 1 1 0 1 1 1 1 1 1
97
0 1 1 0 1 1 0 0 1 0
12
1 0 0 0 0 1 1 1 0 0
3
0 0 0 0 0 1 0 1 1 1
8
0 0 0 1 0 0 0 0 1 1
88
1 1 0 0 1 0 0 1 1 0
11
0 1 0 1 0 0 0 0 0 0
33
0 1 0 0 0 0 0 0 0 0
11
0 0 0 1 0 0 1 0 0 0
36
0 0 0 1 0 0 0 0 1 0
99
0 1 1 1 0 1 1 1 0 0
52
0 0 1 0 0 0 0 0 0 1
92
1 0 0 1 0 0 0 0 1 0
83
0 1 0 0 0 1 1 1 1 0
67
0 0 1 0 1 0 0 0 0 0
88
0 1 0 1 0 0 1 0 0 1
9
0 1 0 1 0 0 0 1 1 1
39
0 1 0 1 0 1 0 0 0 0
45
0 0 0 0 1 1 1 1 1 0
67
0 0 0 0 0 1 0 0 0 1
95
0 0 1 0 0 0 0 0 0 0
44
0 0 1 0 0 0 1 1 0 0
54
1 1 0 0 1 0 0 0 1 0
4
0 0 0 0 0 0 0 1 0 0
77
0 0 0 1 0 0 0 0 0 0
99
0 0 1 0 0 0 1 1 0 0
26
1 1 1 1 1 1 1 0 0 0
24
0 0 0 0 0 0 0 0 1 0
64
0 1 0 1 0 0 0 0 0 0
93
0 1 0 0 0 0 0 0 0 0
11
1 0 0 1 1 0 0 1 0 0
7
1 1 1 1 1 1 1 1 0 0
56
0 0 0 0 0 1 1 0 1 0
71
0 0 1 0 0 1 0 0 0 1
61
0 1 1 1 1 1 1 0 1 1
61
1 0 1 0 0 0 0 0 1 0
54
1 1 1 1 0 1 1 0 0 0
52
0 1 0 0 0 0 1 1 0 0
11
0 0 0 0 1 0 0 0 0 0
64
1 0 0 0 0 1 0 0 1 0
64
0 0 0 0 0 0 0 1 0 0
49
1 1 1 1 1 0 0 1 1 0
87
0 0 0 0 0 0 1 1 0 0
67
0 0 1 0 1 0 1 1 0 0
68
0 0 0 0 0 0 0 0 0 1
81
0 0 1 0 0 0 0 0 0 1
9
1 0 1 1 0 1 0 0 1 1
89
1 1 0 0 0 0 0 0 0 1
1
0 0 0 0 0 0 1 0 0 0
6
1 1 1 0 1 1 0 0 1 0
5
0 0 0 0 0 1 0 0 0 1
99
0 0 0 0 0 1 0 1 0 0
55
0 1 1 0 1 1 0 0 0 0
45
1 0 0 0 1 1 0 0 0 0
55
1 1 0 0 0 0 1 0 1 0
6
0 1 1 0 1 0 0 0 0 0
12
0 1 0 0 0 0 0 0 0 0
11
1 1 0 0 1 1 0 1 0 1
65
0 0 0 0 1 0 0 0 0 0
44
