100
49
35 26
11 36
16 49
27 9
19 47
18 33
24 19
49 35
37 3
43 18
33 21
15 31
31 20
2 30
44 46
7 23
3 8
5 17
6 15
34 42
32 6
46 12
22 27
12 41
14 24
39 40
13 32
26 22
25 38
38 48
4 14
45 25
48 4
10 10
41 34
28 1
36 43
29 28
9 16
17 44
40 11
42 7
20 5
47 29
23 2
1 45
30 37
21 13
8 39
12
1 2
2 5
3 8
4 11
5 1
6 3
12 4
7 6
11 7
9 12
10 10
8 9
50
6 1
34 3
22 5
39 7
49 9
48 11
45 13
35 15
14 17
40 19
5 21
13 23
31 25
4 27
50 29
36 31
38 33
23 35
41 37
11 39
16 41
46 43
7 45
21 47
9 49
20 2
26 4
3 6
28 8
12 10
8 12
10 14
24 16
32 18
29 20
18 22
15 24
17 26
43 28
25 30
44 32
47 34
37 36
33 38
1 40
27 42
42 44
19 46
2 48
30 50
48
2 1
5 2
8 3
11 4
14 5
17 6
20 7
23 8
26 9
29 10
32 11
35 12
38 13
41 14
44 15
47 16
1 17
3 18
4 48
6 19
7 47
9 20
10 46
12 21
13 45
15 22
16 44
18 23
19 43
21 24
22 42
24 25
25 41
27 26
28 40
30 27
31 39
33 28
34 38
36 29
37 37
39 30
40 36
42 31
43 35
45 32
46 34
48 33
49
22 7
1 4
8 47
27 17
2 10
3 8
24 31
21 14
40 27
48 11
9 21
28 28
33 1
23 46
31 40
14 39
16 43
44 41
19 25
35 42
26 33
20 35
12 9
11 15
29 13
30 45
34 5
15 2
10 24
36 38
32 44
42 22
37 26
25 29
41 19
38 6
43 30
7 20
4 37
18 12
45 32
5 23
13 3
49 36
39 48
17 34
47 16
46 49
6 18
24
21 13
24 2
9 7
17 15
14 24
4 1
7 10
20 11
12 9
2 23
23 3
11 16
16 20
13 22
6 18
15 5
3 12
22 14
19 8
8 19
5 6
1 21
10 17
18 4
50
1 47
3 40
5 36
7 28
9 30
11 11
13 21
15 41
17 34
19 23
21 18
23 3
25 39
27 8
29 27
31 49
33 17
35 2
37 1
39 38
41 48
43 19
45 44
47 6
49 26
2 7
4 43
6 46
8 15
10 35
12 42
14 32
16 12
18 16
20 33
22 29
24 9
26 5
28 10
30 31
32 37
34 25
36 45
38 13
40 24
42 22
44 14
46 50
48 20
50 4
48
1 2
2 5
3 8
4 11
5 14
6 17
7 20
8 23
9 26
10 29
11 32
12 35
13 38
14 41
15 44
16 47
17 1
18 3
48 4
19 6
47 7
20 9
46 10
21 12
45 13
22 15
44 16
23 18
43 19
24 21
42 22
25 24
41 25
26 27
40 28
27 30
36 42
28 36
38 48
30 43
39 40
34 31
33 45
31 46
29 34
32 37
37 33
35 39
48
2 1
5 2
8 3
11 4
14 5
17 6
20 7
23 8
26 9
29 10
32 11
35 12
38 13
41 14
44 15
47 16
1 17
3 18
4 48
6 19
7 47
9 20
10 46
12 21
13 45
15 22
16 44
18 23
48 24
25 33
37 31
36 36
46 30
24 41
31 42
40 32
43 43
34 29
39 27
21 28
28 37
19 25
33 39
45 34
30 38
27 35
42 40
22 26
49
8 1
25 3
21 5
2 7
45 9
14 11
22 13
3 15
4 17
43 19
10 21
9 23
31 25
26 27
7 29
15 31
1 33
42 35
16 37
29 39
35 41
18 43
11 45
41 47
32 49
12 2
27 4
23 6
49 8
48 10
46 12
34 14
38 16
30 18
28 20
39 22
6 24
36 26
40 28
37 30
5 32
20 34
19 36
44 38
47 40
33 42
24 44
13 46
17 48
50
46 32
16 39
34 1
32 49
8 19
36 16
2 4
38 29
43 22
41 2
39 31
25 38
20 40
4 24
29 43
33 5
1 21
27 47
17 13
13 9
49 45
10 28
30 6
21 14
22 26
5 48
23 37
11 10
28 36
44 20
50 41
47 30
6 15
3 44
31 17
14 18
37 27
7 34
15 50
19 8
48 33
26 7
24 12
18 3
40 25
35 35
12 42
45 46
9 23
42 11
50
2 1
5 2
8 3
11 4
14 5
17 6
20 7
23 8
26 9
29 10
32 11
35 12
38 13
41 14
44 15
47 16
50 17
1 18
9 37
10 20
49 46
18 38
4 29
21 19
48 36
28 26
15 30
27 43
37 23
46 39
6 21
24 50
7 34
43 27
34 35
31 49
45 24
30 28
25 45
39 40
40 48
42 31
22 47
3 44
36 41
13 32
16 33
19 25
12 22
33 42
50
12 1
38 3
37 5
10 7
7 9
28 11
50 13
49 15
39 17
8 19
16 21
23 23
18 25
31 27
1 29
42 31
45 33
44 35
40 37
20 39
25 41
15 43
29 45
47 47
2 49
3 2
33 4
24 6
26 8
9 10
11 12
17 14
43 16
36 18
22 20
19 22
48 24
13 26
34 28
30 30
27 32
21 34
6 36
5 38
41 40
46 42
35 44
14 46
4 48
32 50
19
14 12
5 11
16 8
18 14
4 18
11 10
8 13
12 7
17 16
9 9
15 6
3 5
6 1
19 3
10 19
1 17
13 15
2 4
7 2
50
1 50
3 13
5 11
7 31
9 1
11 28
13 26
15 35
17 43
19 22
21 15
23 17
25 42
27 4
29 30
31 21
33 5
35 12
37 7
39 23
41 3
43 40
45 2
47 9
49 18
2 39
4 29
6 24
8 45
10 20
12 47
14 48
16 27
18 37
20 10
22 32
24 44
26 19
28 8
30 46
32 38
34 49
36 36
38 33
40 14
42 16
44 34
46 25
48 6
50 41
47
47 13
32 1
2 26
4 10
6 29
17 9
14 16
27 41
21 6
40 42
36 35
1 44
37 31
31 2
35 45
18 38
29 20
16 23
23 4
8 40
38 32
15 28
9 39
45 14
33 11
19 22
7 34
34 24
42 19
30 17
26 43
28 47
39 5
12 15
10 37
25 27
20 7
41 8
5 18
11 30
24 36
46 33
3 21
13 3
44 12
22 25
43 46
50
1 15
4 50
7 46
10 36
13 37
16 20
19 42
22 23
25 19
28 17
31 29
34 27
37 39
40 25
43 21
46 38
49 7
2 8
5 6
8 3
11 45
14 32
17 14
20 44
23 49
26 13
29 12
32 43
35 11
38 10
41 22
44 28
47 4
50 48
3 5
6 41
9 30
12 9
15 40
18 18
21 26
24 1
27 33
30 24
33 47
36 35
39 31
42 16
45 2
48 34
11
2 1
5 2
8 3
11 4
1 5
4 6
7 9
10 8
9 10
6 11
3 7
48
13 12
35 35
14 30
46 26
24 43
9 40
1 17
12 37
37 1
36 45
33 48
6 14
45 41
16 24
18 46
3 18
7 7
44 9
43 29
5 42
8 11
42 34
23 38
32 3
47 2
4 33
48 5
29 16
21 15
19 22
40 32
25 44
28 27
26 28
39 39
38 19
10 4
17 10
34 20
22 13
20 31
41 8
31 23
27 25
30 36
15 47
2 6
11 21
50
26 26
28 28
29 30
30 32
31 34
32 36
33 38
34 40
35 42
36 44
37 46
38 48
39 50
40 2
41 4
42 6
43 8
44 10
45 12
46 14
47 16
48 18
49 20
50 22
1 24
2 29
3 31
4 33
5 35
6 37
7 39
8 41
9 43
10 45
11 47
12 49
13 1
14 3
15 5
16 7
17 9
18 11
19 13
20 15
21 17
22 19
23 21
24 23
25 25
27 27
12
1 2
2 5
3 8
4 11
5 1
6 3
12 4
7 6
11 10
10 12
9 9
8 7
50
1 24
9 36
35 34
48 6
30 13
3 31
49 48
31 27
29 38
38 23
46 45
4 35
44 39
28 1
41 50
50 30
40 44
6 28
7 42
20 11
24 46
37 16
12 4
22 40
11 21
42 33
13 37
27 12
43 15
10 29
2 49
8 14
47 41
18 43
21 26
34 25
23 9
36 47
16 19
32 20
19 5
5 8
26 17
14 18
45 32
15 7
39 10
33 22
17 2
25 3
50
32 31
6 1
12 20
2 23
44 30
4 4
21 3
35 11
18 16
14 26
43 17
31 21
50 42
48 38
41 46
11 22
33 48
36 6
23 10
28 19
30 25
39 14
8 33
19 34
1 43
22 29
20 40
42 37
13 12
16 7
26 45
40 35
34 32
10 9
5 47
27 8
29 36
9 18
15 44
47 5
38 24
3 13
17 15
45 39
24 27
7 50
25 2
49 41
46 28
37 49
49
39 1
6 4
4 7
13 10
35 13
47 16
18 19
27 22
24 25
40 28
7 31
43 34
23 37
42 40
45 43
1 46
49 49
16 2
48 5
34 8
25 11
32 14
20 17
31 20
8 23
14 26
38 29
26 32
9 35
29 38
22 41
12 44
28 47
10 3
21 6
15 9
11 12
41 15
5 18
17 21
44 24
30 27
2 30
3 33
46 36
33 39
36 42
37 45
19 48
50
48 43
47 46
46 48
43 47
49 49
50 1
1 3
2 5
3 7
4 9
5 11
6 13
7 15
8 17
9 19
10 21
11 23
12 25
13 27
14 29
15 31
16 33
17 35
18 37
19 39
20 41
21 50
22 2
23 4
24 6
25 8
26 10
27 12
28 14
29 16
30 18
31 20
32 22
33 24
34 26
35 28
36 30
37 32
38 34
39 36
40 38
41 40
42 42
44 44
45 45
50
43 1
1 3
50 5
25 7
4 9
5 11
26 13
32 15
23 17
39 19
31 21
12 23
46 25
15 27
17 29
22 31
42 33
35 35
8 37
49 39
30 41
21 43
3 45
34 47
27 49
47 2
29 4
33 6
6 8
13 10
7 12
14 14
19 16
28 18
9 20
18 22
37 24
38 26
36 28
40 30
44 32
20 34
45 36
24 38
2 40
48 42
11 44
41 46
10 48
16 50
50
1 21
3 11
5 9
7 45
9 23
11 14
13 36
15 6
17 42
19 15
21 49
23 37
25 22
27 28
29 25
31 40
33 26
35 38
37 44
39 8
41 48
43 31
45 46
47 50
49 5
2 27
4 13
6 2
8 47
10 41
12 29
14 30
16 17
18 4
20 39
22 18
24 19
26 7
28 3
30 32
32 12
34 34
36 20
38 35
40 43
42 16
44 33
46 24
48 10
50 1
50
27 50
21 42
35 16
38 8
42 14
18 33
9 38
24 20
44 36
26 10
45 39
25 45
13 26
50 11
5 22
17 40
12 28
40 47
47 21
19 9
14 44
34 2
39 6
29 48
37 32
49 34
1 15
20 1
10 18
46 37
22 27
43 31
48 49
31 12
28 35
6 5
7 13
23 46
4 30
33 4
2 3
32 24
36 43
8 25
16 29
15 19
41 7
11 23
3 41
30 17
32
25 21
13 10
3 4
1 26
15 27
16 3
28 11
4 6
21 1
27 14
9 12
24 19
7 30
29 20
22 7
11 13
31 22
8 2
18 29
5 8
12 32
6 24
30 5
23 28
26 9
10 15
19 16
20 25
17 31
2 18
32 17
14 23
50
23 1
10 4
27 7
33 10
45 13
30 16
21 19
36 22
50 25
22 28
40 31
42 34
25 37
26 40
18 43
9 46
43 49
44 2
32 5
48 8
5 11
47 14
1 17
11 20
6 23
3 26
29 29
17 32
4 35
31 38
12 41
7 44
16 47
34 50
19 3
2 6
15 9
41 12
20 15
37 18
24 21
38 24
14 27
35 30
13 33
28 36
46 39
8 42
39 45
49 48
50
1 2
2 4
3 6
4 8
5 10
6 12
7 14
8 16
9 18
10 20
11 22
12 24
13 26
14 28
15 30
16 32
17 34
18 36
19 38
20 40
21 42
22 44
23 46
24 48
25 50
26 1
29 17
34 9
50 13
48 3
40 23
35 15
46 11
41 43
49 35
39 5
31 7
30 39
32 31
33 27
28 49
44 37
42 33
47 45
43 29
27 47
45 19
38 21
37 25
36 41
36
15 16
9 36
19 11
27 12
13 6
10 23
17 34
33 9
11 1
32 26
21 32
22 21
6 5
14 20
12 17
31 22
5 31
26 25
30 4
4 14
28 2
35 33
36 10
23 3
3 29
8 8
7 15
29 28
16 7
34 27
2 35
1 18
18 24
20 30
24 19
25 13
50
1 8
3 16
5 40
7 22
9 34
11 28
13 21
15 48
17 47
19 19
21 41
23 46
25 7
27 9
29 42
31 39
33 4
35 31
37 15
39 14
41 32
43 11
45 6
47 18
49 20
2 50
4 25
6 27
8 1
10 30
12 49
14 23
16 29
18 35
20 43
22 26
24 17
26 5
28 24
30 10
32 37
34 36
36 38
38 33
40 3
42 45
44 13
46 12
48 2
50 44
49
1 30
3 29
5 17
7 39
9 7
11 25
13 45
15 27
17 35
19 26
21 4
23 2
25 38
27 1
29 12
31 23
33 15
35 6
37 42
39 10
41 5
43 46
45 11
47 21
49 43
2 32
4 33
6 19
8 44
10 20
12 13
14 3
16 8
18 9
20 49
22 28
24 41
26 16
28 22
30 34
32 18
34 48
36 40
38 47
40 31
42 24
44 37
46 36
48 14
49
34 45
37 44
39 43
38 40
40 46
42 47
44 48
46 49
48 1
1 2
3 3
5 4
7 5
9 6
11 7
13 8
15 9
17 10
19 11
21 12
23 13
25 14
27 15
29 16
31 17
33 18
41 19
43 20
45 21
47 22
49 23
2 24
4 25
6 26
8 27
10 28
12 29
14 30
16 31
18 32
20 33
22 34
24 35
26 36
28 37
30 38
32 39
35 41
36 42
49
1 5
4 37
7 33
10 4
13 34
16 7
19 3
22 41
25 22
28 2
31 17
34 38
37 19
40 46
43 48
46 32
49 12
2 14
5 25
8 6
11 16
14 15
17 30
20 47
23 27
26 49
29 43
32 40
35 18
38 8
41 42
44 20
47 44
3 28
6 29
9 45
12 9
15 31
18 35
21 36
24 11
27 23
30 10
33 13
36 26
39 39
42 1
45 24
48 21
11
1 2
2 4
3 7
4 10
5 1
9 11
7 6
10 8
8 3
11 5
6 9
48
2 1
5 2
8 3
11 4
14 5
17 6
20 7
23 8
26 9
29 10
32 11
35 12
38 13
41 14
44 15
47 16
1 17
3 18
4 48
6 19
7 47
9 20
10 46
12 21
13 45
15 22
16 44
18 23
19 43
21 24
22 42
24 25
25 41
27 26
28 40
30 27
31 39
33 28
34 38
36 29
42 37
39 33
45 31
37 34
40 30
46 36
43 32
48 35
49
41 1
16 3
27 5
26 7
20 9
31 11
23 13
21 15
25 17
6 19
13 21
46 23
35 25
17 27
15 29
4 31
11 33
7 35
29 37
24 39
32 41
44 43
37 45
12 47
18 49
45 2
19 4
3 6
10 8
36 10
40 12
5 14
28 16
39 18
30 20
48 22
9 24
38 26
1 28
42 30
14 32
22 34
49 36
47 38
43 40
8 42
33 44
2 46
34 48
36
28 16
31 21
16 24
11 10
8 2
2 25
15 9
25 30
17 7
18 36
20 22
26 4
29 33
9 5
14 17
21 19
27 18
5 32
32 6
23 14
35 35
3 34
30 26
33 31
19 3
24 27
34 20
6 12
4 28
1 13
13 8
36 15
12 29
7 23
22 1
10 11
49
6 23
5 26
4 28
1 27
7 29
8 31
9 33
10 35
11 37
12 39
13 41
14 43
15 45
16 47
17 49
18 1
19 3
20 5
21 7
22 9
23 11
24 13
25 15
26 17
27 19
28 21
29 30
30 32
31 34
32 36
33 38
34 40
35 42
36 44
37 46
38 48
39 2
40 4
41 6
42 8
43 10
44 12
45 14
46 16
47 18
48 20
49 22
2 24
3 25
49
1 15
3 3
5 5
7 9
9 2
11 39
13 13
15 48
17 27
19 18
21 25
23 49
25 45
27 19
29 12
31 41
33 37
35 26
37 10
39 16
41 29
43 8
45 14
47 28
49 24
2 31
4 47
6 46
8 30
10 23
12 35
14 43
16 22
18 11
20 38
22 17
24 33
26 1
28 4
30 32
32 44
34 34
36 40
38 6
40 7
42 36
44 21
46 42
48 20
50
2 1
5 2
7 3
9 4
12 5
14 6
16 7
18 8
20 9
22 10
24 11
26 12
28 13
30 14
32 15
34 16
37 17
40 18
42 19
44 20
47 21
49 22
1 23
48 26
25 50
41 27
39 35
8 42
6 31
29 49
15 33
35 25
23 38
31 46
19 34
33 43
10 45
27 24
13 41
38 44
4 47
11 32
17 30
46 36
45 48
50 28
36 29
3 39
43 37
21 40
50
7 1
24 3
5 5
41 7
12 9
19 11
35 13
3 15
47 17
4 19
13 21
6 23
22 25
48 27
2 29
15 31
49 33
11 35
17 37
27 39
29 41
10 43
31 45
16 47
50 49
26 2
46 4
38 6
18 8
33 10
42 12
30 14
8 16
36 18
32 20
44 22
20 24
25 26
34 28
9 30
28 32
21 34
1 36
14 38
43 40
39 42
45 44
37 46
40 48
23 50
50
40 1
29 4
30 7
18 10
44 13
19 16
31 19
36 22
48 25
28 28
50 31
32 34
13 37
2 40
24 43
8 46
35 49
38 2
46 5
4 8
41 11
27 14
39 17
5 20
6 23
42 26
17 29
10 32
9 35
33 38
7 41
47 44
1 47
3 50
15 3
23 6
22 9
49 12
21 15
20 18
34 21
25 24
45 27
26 30
12 33
16 36
11 39
14 42
37 45
43 48
38
31 24
29 18
35 38
17 19
11 16
9 28
23 3
34 15
16 2
28 12
33 23
1 17
26 9
37 31
21 22
30 14
6 32
14 29
22 5
8 33
19 6
12 20
18 8
13 11
10 21
36 26
27 1
3 35
4 7
2 4
32 13
38 27
7 36
25 34
20 37
5 10
24 30
15 25
48
1 2
2 5
3 8
4 11
5 14
6 17
7 20
8 23
9 26
10 29
11 32
12 35
13 38
14 41
15 44
16 47
17 1
18 3
48 4
19 6
47 7
20 9
46 10
21 12
45 13
22 15
44 16
23 18
43 19
24 21
42 22
25 24
41 25
26 27
40 28
27 30
39 31
28 33
38 34
29 36
37 37
30 39
36 40
31 42
35 43
32 45
34 46
33 48
12
1 2
2 5
3 8
4 11
5 1
6 3
12 4
7 6
11 7
8 9
10 10
9 12
50
1 17
3 24
5 30
7 21
9 35
11 29
13 19
15 49
17 37
19 3
21 45
23 11
25 38
27 31
29 27
31 13
33 32
35 22
37 43
39 50
41 44
43 34
45 36
47 2
49 4
2 5
4 15
6 14
8 42
10 41
12 16
14 46
16 1
18 33
20 40
22 26
24 20
26 8
28 23
30 47
32 48
34 10
36 9
38 12
40 7
42 39
44 18
46 6
48 28
50 25
50
9 1
37 4
47 7
21 10
34 13
17 16
31 19
15 22
22 25
50 28
5 31
14 34
27 37
1 40
35 43
7 46
30 49
13 2
29 5
6 8
33 11
43 14
26 17
40 20
12 23
42 26
19 29
10 32
38 35
39 38
20 41
16 44
4 47
45 50
41 3
3 6
11 9
36 12
25 15
2 18
18 21
49 24
48 27
44 30
8 33
32 36
46 39
23 42
24 45
28 48
50
48 1
1 4
29 7
4 10
35 13
40 16
5 19
6 22
41 25
24 28
39 31
28 34
36 37
21 40
38 43
8 46
23 49
26 2
47 5
20 8
44 11
3 14
30 17
2 20
32 23
18 26
16 29
15 32
22 35
46 38
10 41
19 44
27 47
34 50
17 3
43 6
49 9
31 12
33 15
25 18
37 21
13 24
7 27
11 30
9 33
14 36
12 39
50 42
42 45
45 48
50
1 27
4 16
7 18
10 28
13 43
16 41
19 45
22 17
25 33
28 22
31 21
34 5
37 40
40 31
43 3
46 6
49 42
2 23
5 19
8 35
11 30
14 1
17 47
20 11
23 2
26 25
29 15
32 38
35 36
38 50
41 10
44 24
47 14
50 34
3 20
6 37
9 26
12 49
15 4
18 7
21 8
24 13
27 44
30 9
33 29
36 46
39 39
42 48
45 32
48 12
49
44 1
2 4
18 7
46 10
40 13
38 16
34 19
11 22
10 25
14 28
1 31
8 34
3 37
25 40
19 43
35 46
49 49
30 2
43 5
42 8
32 11
31 14
21 17
12 20
29 23
17 26
26 29
13 32
48 35
23 38
37 41
41 44
33 47
22 3
5 6
20 9
6 12
47 15
9 18
24 21
4 24
7 27
28 30
36 33
15 36
27 39
39 42
16 45
45 48
48
2 1
5 2
8 3
11 4
14 5
17 6
20 7
23 8
26 9
29 10
32 11
35 12
38 13
41 14
44 15
47 16
1 17
3 18
4 48
6 19
7 47
9 20
10 46
12 21
13 45
15 22
16 44
18 23
19 43
21 24
22 42
24 25
46 26
30 28
34 40
28 27
48 31
36 34
37 30
27 41
45 33
39 32
33 36
40 39
25 37
31 38
42 35
43 29
49
1 5
4 9
7 21
10 46
13 18
16 22
19 39
22 7
25 31
28 4
31 11
34 20
37 17
40 27
43 25
46 19
49 10
2 2
5 29
8 49
11 43
14 1
17 30
20 47
23 12
26 42
29 35
32 6
35 26
38 36
41 38
44 23
47 14
3 34
6 8
9 13
12 41
15 24
18 48
21 15
24 28
27 33
30 37
33 32
36 3
39 44
42 16
45 40
48 45
50
8 14
46 36
42 25
10 49
43 18
22 1
21 6
38 5
13 39
36 26
20 23
41 11
14 17
45 42
32 34
27 21
37 45
30 44
17 19
12 12
26 16
44 28
29 7
1 50
9 20
2 48
39 41
25 33
35 40
5 3
34 15
11 31
16 30
31 47
33 10
23 43
48 32
50 9
49 29
40 2
3 13
47 38
15 35
19 37
6 46
24 24
18 22
7 4
28 8
4 27
32
2 9
28 17
10 5
31 19
13 22
6 16
4 13
25 27
1 26
22 7
8 31
20 11
16 18
30 3
24 10
32 21
21 20
26 14
9 28
17 32
3 2
11 30
29 23
15 25
12 24
19 1
18 12
23 6
27 4
14 29
7 8
5 15
30
21 11
22 18
15 21
30 27
3 5
16 16
25 29
9 8
19 14
6 3
2 19
7 24
13 2
1 13
20 25
27 23
29 15
18 6
8 30
14 4
11 26
26 20
4 17
10 10
5 9
24 12
28 22
17 7
12 28
23 1
50
2 1
4 2
6 3
8 4
10 5
12 6
14 7
16 8
18 9
20 10
22 11
24 12
26 13
28 14
30 15
32 16
34 17
36 18
38 19
40 20
42 21
44 22
46 23
48 24
50 25
1 26
15 44
21 35
41 40
3 29
13 45
31 38
7 37
43 34
17 31
23 47
35 36
37 28
45 50
29 42
39 39
5 46
9 30
25 41
11 33
27 32
19 27
33 49
47 48
49 43
49
19 45
29 6
21 24
45 40
6 10
1 11
42 29
16 46
23 18
34 35
46 33
24 47
12 2
49 12
5 13
14 44
18 38
27 41
44 4
41 32
9 16
33 37
20 9
30 27
43 36
13 31
7 25
15 39
36 21
40 7
32 8
35 15
17 3
39 19
47 49
4 30
38 23
37 26
26 43
3 1
8 14
2 28
25 22
31 5
48 17
22 34
11 48
10 42
28 20
11
1 2
2 4
3 6
4 8
5 10
6 1
8 3
10 11
9 7
7 9
11 5
11
4 4
1 9
7 5
5 1
10 11
8 3
11 7
6 10
2 6
3 2
9 8
17
17 7
12 6
7 13
6 17
9 14
5 12
13 10
10 8
11 11
16 5
4 1
2 9
1 4
14 15
8 16
15 2
3 3
50
35 24
38 23
40 22
39 19
41 25
43 26
45 27
47 28
49 29
1 30
3 31
5 32
7 33
9 34
11 35
13 36
15 37
17 38
19 39
21 40
23 41
25 42
27 43
29 44
31 45
33 46
42 47
44 48
46 49
48 50
50 1
2 2
4 3
6 4
8 5
10 6
12 7
14 8
16 9
18 10
20 11
22 12
24 13
26 14
28 15
30 16
32 17
34 18
36 20
37 21
28
10 23
28 6
1 1
24 25
3 8
11 27
23 16
4 26
8 24
5 5
20 18
15 2
7 22
19 21
25 14
17 19
26 20
13 10
18 13
9 17
22 9
14 7
12 3
6 11
21 28
27 12
2 4
16 15
50
50 37
16 17
31 49
17 14
49 36
28 11
34 3
45 24
26 22
6 35
13 45
41 43
8 18
47 4
5 30
14 26
37 6
39 44
40 48
25 9
15 2
19 50
36 5
33 42
24 41
2 29
12 32
48 15
35 38
44 21
7 40
42 16
11 47
18 31
23 23
20 34
21 46
27 7
32 20
10 8
4 12
3 25
1 28
22 19
29 1
38 33
30 13
9 10
46 27
43 39
50
20 1
34 4
9 7
25 10
26 13
30 16
32 19
17 22
24 25
14 28
16 31
39 34
1 37
33 40
18 43
13 46
4 49
7 2
31 5
44 8
43 11
29 14
47 17
35 20
50 23
22 26
45 29
37 32
2 35
46 38
8 41
23 44
48 47
11 50
42 3
15 6
38 9
6 12
27 15
36 18
3 21
12 24
40 27
19 30
28 33
10 36
49 39
21 42
5 45
41 48
50
1 45
4 20
7 34
10 24
13 48
16 35
19 14
22 10
25 17
28 49
31 21
34 6
37 27
40 32
43 50
46 4
49 9
2 31
5 37
8 5
11 47
14 42
17 1
20 29
23 43
26 22
29 16
32 12
35 15
38 23
41 28
44 3
47 39
50 18
3 38
6 44
9 46
12 7
15 13
18 40
21 26
24 11
27 25
30 2
33 8
36 36
39 30
42 19
45 41
48 33
12
2 1
5 2
8 3
11 4
1 5
3 6
9 11
6 8
4 10
7 12
12 9
10 7
30
3 24
10 20
6 26
16 25
27 13
1 9
23 19
7 30
15 8
24 27
4 22
19 23
21 28
17 15
18 1
9 16
30 21
14 14
8 3
28 2
25 5
5 11
2 18
20 6
22 12
11 7
13 10
26 4
12 17
29 29
50
1 10
3 26
5 42
7 23
9 8
11 34
13 36
15 17
17 29
19 37
21 47
23 24
25 35
27 33
29 13
31 19
33 28
35 14
37 12
39 49
41 7
43 5
45 45
47 41
49 6
2 38
4 15
6 16
8 43
10 11
12 18
14 22
16 48
18 39
20 32
22 50
24 2
26 1
28 40
30 27
32 25
34 21
36 20
38 9
40 30
42 46
44 31
46 4
48 3
50 44
50
43 47
50 36
35 43
19 19
47 30
49 27
40 35
26 5
22 46
15 9
21 29
48 22
11 18
24 25
17 10
2 31
34 2
3 48
46 44
20 21
31 32
10 50
25 40
37 38
45 13
27 17
9 33
6 23
38 24
12 1
4 20
13 26
28 42
30 6
23 41
18 8
33 28
16 7
44 15
32 16
1 45
42 14
14 39
39 3
41 12
36 49
8 4
29 34
5 11
7 37
11
2 1
4 2
6 3
8 4
10 5
1 6
5 7
11 11
3 9
9 8
7 10
50
30 29
38 47
1 8
31 28
32 13
40 27
7 35
21 37
3 6
14 14
47 19
46 39
23 17
8 7
17 16
11 49
6 11
39 38
19 22
49 34
43 31
28 1
22 9
18 44
9 3
35 25
2 43
27 42
45 36
26 33
24 24
25 40
36 20
50 12
13 45
20 41
29 15
4 2
44 30
34 10
42 46
48 48
15 4
41 23
12 26
37 50
16 21
10 5
33 32
5 18
50
36 46
41 9
30 17
25 34
46 1
34 50
27 15
33 18
16 6
14 48
43 37
22 21
32 49
47 28
23 45
39 25
4 3
10 30
5 38
40 35
24 23
26 2
44 12
31 5
2 47
8 29
48 19
3 16
11 40
13 31
50 11
35 8
17 36
6 20
7 24
18 22
9 7
15 26
1 39
38 13
42 33
45 41
12 42
21 32
28 43
20 44
29 14
19 10
37 4
49 27
49
19 46
21 48
22 1
23 3
24 5
25 7
26 9
27 11
28 13
29 15
30 17
31 19
32 21
33 23
34 25
35 27
36 29
37 31
38 33
39 35
40 37
41 39
42 41
43 43
44 45
45 49
46 2
47 4
48 6
49 8
1 10
2 12
3 14
4 16
5 18
6 20
7 22
8 24
9 26
10 28
11 30
12 32
13 34
14 36
15 38
16 40
17 42
18 44
20 47
12
2 1
5 2
8 3
11 4
1 5
3 6
4 12
6 7
7 11
9 8
10 10
12 9
49
32 35
34 37
36 38
38 39
40 40
42 41
44 42
46 43
48 44
1 45
3 46
5 47
7 48
9 49
11 1
13 2
15 3
17 4
19 5
21 6
23 7
25 8
27 9
29 10
31 11
35 12
37 13
39 14
41 15
43 16
45 17
47 18
49 19
2 20
4 21
6 22
8 23
10 24
12 25
14 26
16 27
18 28
20 29
22 30
24 31
26 32
28 33
30 34
33 36
50
19 1
18 3
20 5
3 7
9 9
43 11
5 13
32 15
33 17
37 19
50 21
28 23
16 25
4 27
26 29
44 31
31 33
12 35
8 37
7 39
24 41
48 43
2 45
35 47
25 49
39 2
6 4
36 6
23 8
15 10
45 12
46 14
47 16
29 18
17 20
11 22
49 24
13 26
30 28
10 30
1 32
34 34
41 36
38 38
40 40
22 42
14 44
27 46
21 48
42 50
50
32 38
49 9
45 19
5 1
17 42
47 17
28 41
3 34
13 49
24 50
41 13
48 11
27 24
43 20
38 16
31 36
1 27
26 10
42 26
15 46
7 12
4 32
37 48
40 21
46 3
11 44
30 28
8 43
12 22
33 6
14 37
19 45
23 5
25 31
2 29
50 14
22 47
39 40
44 7
20 4
36 18
18 33
29 15
9 35
21 30
34 39
10 23
16 2
35 25
6 8
49
32 31
21 24
41 36
26 11
16 22
42 8
18 48
12 19
13 37
10 21
17 46
38 1
2 39
39 4
48 35
36 5
9 49
30 28
37 6
34 20
11 7
22 38
6 17
8 12
3 43
35 29
24 33
29 16
45 13
47 34
40 47
19 25
5 15
14 40
25 30
20 10
49 44
43 23
28 3
31 26
44 45
27 27
7 14
23 32
4 42
33 9
15 2
1 18
46 41
50
1 32
4 28
7 41
10 19
13 30
16 38
19 16
22 17
25 21
28 7
31 50
34 49
37 33
40 25
43 31
46 18
49 47
2 44
5 9
8 4
11 40
14 1
17 29
20 37
23 3
26 26
29 2
32 46
35 14
38 36
41 45
44 34
47 10
50 23
3 15
6 5
9 42
12 27
15 35
18 22
21 20
24 11
27 48
30 24
33 13
36 8
39 6
42 43
45 39
48 12
11
1 2
2 5
3 8
4 11
5 1
10 10
8 7
7 3
9 4
11 6
6 9
50
36 5
6 48
25 40
50 18
47 3
34 43
4 12
15 23
24 2
23 30
32 37
48 36
43 11
12 7
16 14
2 8
27 29
7 45
35 49
29 46
10 32
37 9
5 27
3 19
49 34
26 26
19 24
38 25
39 33
20 17
13 28
22 1
21 38
11 35
18 13
40 15
46 16
31 20
45 47
30 42
33 4
42 21
14 22
41 39
8 50
17 41
28 31
44 6
9 10
1 44
50
1 35
4 31
7 38
10 33
13 32
16 6
19 7
22 49
25 42
28 34
31 19
34 25
37 3
40 43
43 16
46 29
49 9
2 18
5 23
8 12
11 48
14 17
17 22
20 15
23 39
26 2
29 27
32 21
35 40
38 5
41 13
44 28
47 46
50 36
3 11
6 47
9 24
12 4
15 8
18 26
21 20
24 1
27 41
30 37
33 44
36 45
39 14
42 30
45 10
48 50
49
13 19
41 36
32 32
6 34
45 4
10 37
39 8
43 27
3 28
35 15
15 43
11 35
4 21
18 30
48 3
29 49
7 47
26 5
44 2
12 20
38 25
23 9
36 24
21 14
14 7
33 22
42 46
5 40
24 1
37 26
27 45
47 41
9 42
8 29
16 39
2 44
40 17
28 13
17 31
22 48
25 12
49 18
31 6
20 23
34 33
30 11
1 38
46 10
19 16
50
28 1
14 3
23 5
18 7
24 9
30 11
15 13
10 15
47 17
31 19
50 21
3 23
41 25
26 27
27 29
20 31
2 33
12 35
40 37
29 39
45 41
49 43
9 45
17 47
16 49
35 2
19 4
48 6
5 8
4 10
46 12
39 14
33 16
21 18
1 20
42 22
37 24
6 26
44 28
38 30
11 32
36 34
8 36
43 38
13 40
7 42
34 44
25 46
32 48
22 50
50
38 7
8 2
28 23
13 16
41 12
43 11
19 25
29 1
25 42
22 31
30 49
4 34
7 6
16 40
3 47
37 21
21 38
32 10
1 48
17 28
6 36
48 8
14 18
18 29
9 46
27 19
45 9
47 13
10 5
15 41
20 43
46 27
50 50
36 45
31 37
5 24
12 17
49 26
2 20
44 39
24 35
23 22
11 30
34 14
35 4
42 44
39 32
33 3
40 15
26 33
48
1 2
2 5
3 8
4 11
5 14
6 17
7 20
8 23
9 26
10 29
11 32
12 35
13 38
14 41
15 44
16 47
17 1
18 3
48 4
19 6
47 7
20 9
46 10
21 12
45 13
22 15
44 16
23 18
43 19
24 21
42 22
25 24
41 25
26 27
40 28
27 30
39 31
28 33
38 34
29 36
37 37
30 39
36 40
32 46
35 45
33 48
31 43
34 42
50
9 47
11 49
13 50
15 1
17 2
19 3
21 4
23 5
25 6
27 7
29 8
31 9
33 10
35 11
37 12
39 13
41 14
43 15
45 16
47 17
49 18
1 19
3 20
5 21
7 22
12 23
14 24
16 25
18 26
20 27
22 28
24 29
26 30
28 31
30 32
32 33
34 34
36 35
38 36
40 37
42 38
44 39
46 40
48 41
50 42
2 43
4 44
6 45
8 46
10 48
50
15 18
10 10
16 44
18 6
13 8
43 30
6 23
25 7
24 1
29 45
37 9
1 31
40 11
44 26
19 36
47 4
21 13
9 48
2 49
8 29
46 43
20 42
38 2
11 40
45 24
3 34
12 47
41 25
34 21
50 50
7 39
31 14
48 19
4 33
42 37
36 12
30 35
23 32
35 20
14 5
5 38
26 46
32 16
17 17
27 15
33 27
39 41
49 22
22 28
28 3
11
2 1
5 2
7 3
9 4
11 5
1 6
4 9
6 10
8 11
3 7
10 8
50
1 5
4 29
7 42
10 24
13 22
16 43
19 10
22 21
25 44
28 27
31 33
34 26
37 7
40 17
43 15
46 8
49 9
2 3
5 49
8 37
11 45
14 25
17 50
20 2
23 30
26 31
29 6
32 47
35 35
38 1
41 48
44 23
47 13
50 39
3 34
6 4
9 16
12 32
15 11
18 19
21 36
24 41
27 18
30 28
33 40
36 14
39 20
42 38
45 12
48 46
50
27 1
8 4
48 7
44 10
10 13
9 16
34 19
14 22
33 25
45 28
31 31
30 34
50 37
23 40
29 43
37 46
20 49
42 2
40 5
17 8
6 11
1 14
41 17
15 20
12 23
43 26
7 29
36 32
38 35
28 38
11 41
16 44
35 47
47 50
4 3
26 6
32 9
21 12
18 15
39 18
24 21
5 24
49 27
19 30
25 33
46 36
3 39
22 42
13 45
2 48
48
1 2
2 5
3 8
4 11
5 14
6 17
7 20
8 23
9 26
10 29
11 32
12 35
13 38
14 41
15 44
16 47
17 1
18 3
48 4
19 6
47 7
20 9
46 10
21 12
45 13
22 15
44 16
23 18
43 19
24 21
42 22
25 24
41 25
26 27
40 28
27 30
39 31
28 33
38 34
29 36
37 37
32 48
36 40
31 39
33 42
34 45
30 46
35 43
26
11 18
8 1
23 26
14 9
22 6
4 22
12 11
17 5
10 16
1 12
15 13
24 25
19 14
20 15
25 3
18 17
5 2
13 4
2 23
9 21
7 8
21 19
16 20
3 10
6 7
26 24
11
4 1
5 2
10 6
2 7
9 5
7 9
6 10
1 3
8 11
3 4
11 8
50
1 2
2 5
3 7
4 9
5 12
6 15
7 18
8 20
9 22
10 24
11 26
12 29
13 31
14 34
15 36
16 38
17 41
18 43
19 46
20 49
21 1
33 13
34 21
36 10
25 30
22 23
28 44
29 32
44 27
43 37
23 16
35 3
37 35
26 47
42 4
32 17
47 50
39 8
27 6
40 45
46 25
24 14
49 48
31 40
50 33
48 39
38 28
30 19
41 42
45 11
48
2 1
5 2
8 3
11 4
14 5
17 6
20 7
23 8
26 9
29 10
32 11
35 12
38 13
41 14
44 15
47 16
1 17
3 18
4 48
6 19
7 47
9 20
10 46
12 21
13 45
15 22
16 44
18 23
19 43
21 24
22 42
24 25
25 41
27 26
28 40
30 27
31 39
33 28
34 38
36 29
37 37
39 30
40 36
42 31
43 35
45 32
48 33
46 34
50
1 2
2 5
3 8
4 11
5 14
6 17
7 20
8 23
9 26
10 29
11 32
12 35
13 38
14 41
15 44
16 47
17 50
18 1
42 18
28 30
46 48
30 7
21 24
29 10
43 15
49 49
25 6
44 34
41 25
32 16
36 19
22 46
48 27
19 12
34 22
39 36
35 39
23 4
37 28
47 33
20 37
33 9
50 13
27 40
38 21
26 42
24 45
40 43
31 31
45 3
