20
7
1 2 3 4 5 6 7
4
1 10 11 200
4
1000 1520 7520 7521
5
1 2 3 4 5
5
0 1 2 3 4
5
1 600 601 8 9
5
600 601 8 9 608
6
601 8 9 608 609 9884
6
8 9 608 609 9884 9885
6
9 608 609 9884 9885 477
1000
0 0 0 0 0 0 0 0 0 0 0 0 0 0 0 0 0 0 0 0 0 0 0 0 0 0 0 0 0 0 0 0 0 0 0 0 0 0 0 0 0 0 0 0 0 0 0 0 0 0 0 0 0 0 0 0 0 0 0 0 0 0 0 0 0 0 0 0 0 0 0 0 0 0 0 0 0 0 0 0 0 0 0 0 0 0 0 0 0 0 0 0 0 0 0 0 0 0 0 0 0 0 0 0 0 0 0 0 0 0 0 0 0 0 0 0 0 0 0 0 0 0 0 0 0 0 0 0 0 0 0 0 0 0 0 0 0 0 0 0 0 0 0 0 0 0 0 0 0 0 0 0 0 0 0 0 0 0 0 0 0 0 0 0 0 0 0 0 0 0 0 0 0 0 0 0 0 0 0 0 0 0 0 0 0 0 0 0 0 0 0 0 0 0 0 0 0 0 0 0 0 0 0 0 0 0 0 0 0 0 0 0 0 0 0 0 0 0 0 0 0 0 0 0 0 0 0 0 0 0 0 0 0 0 0 0 0 0 0 0 0 0 0 0 0 0 0 0 0 0 0 0 0 0 0 0 0 0 0 0 0 0 0 0 0 0 0 0 0 0 0 0 0 0 0 0 0 0 0 0 0 0 0 0 0 0 0 0 0 0 0 0 0 0 0 0 0 0 0 0 0 0 0 0 0 0 0 0 0 0 0 0 0 0 0 0 0 0 0 0 0 0 0 0 0 0 0 0 0 0 0 0 0 0 0 0 0 0 0 0 0 0 0 0 0 0 0 0 0 0 0 0 0 0 0 0 0 0 0 0 0 0 0 0 0 0 0 0 0 0 0 0 0 0 0 0 0 0 0 0 0 0 0 0 0 0 0 0 0 0 0 0 0 0 0 0 0 0 0 0 0 0 0 0 0 0 0 0 0 0 0 0 0 0 0 0 0 0 0 0 0 0 0 0 0 0 0 0 0 0 0 0 0 0 0 0 0 0 0 0 0 0 0 0 0 0 0 0 0 0 0 0 0 0 0 0 0 0 0 0 0 0 0 0 0 0 0 0 0 0 0 0 0 0 0 0 0 0 0 0 0 0 0 0 0 0 0 0 0 0 0 0 0 0 0 0 0 0 0 0 0 0 0 0 0 0 0 0 0 0 0 0 0 0 0 0 0 0 0 0 0 0 0 0 0 0 0 0 0 0 0 0 0 0 0 0 0 0 0 0 0 0 0 0 0 0 0 0 0 0 0 0 0 0 0 0 0 0 0 0 0 0 0 0 0 0 0 0 0 0 0 0 0 0 0 0 0 0 0 0 0 0 0 0 0 0 0 0 0 0 0 0 0 0 0 0 0 0 0 0 0 0 0 0 0 0 0 0 0 0 0 0 0 0 0 0 0 0 0 0 0 0 0 0 0 0 0 0 0 0 0 0 0 0 0 0 0 0 0 0 0 0 0 0 0 0 0 0 0 0 0 0 0 0 0 0 0 0 0 0 0 0 0 0 0 0 0 0 0 0 0 0 0 0 0 0 0 0 0 0 0 0 0 0 0 0 0 0 0 0 0 0 0 0 0 0 0 0 0 0 0 0 0 0 0 0 0 0 0 0 0 0 0 0 0 0 0 0 0 0 0 0 0 0 0 0 0 0 0 0 0 0 0 0 0 0 0 0 0 0 0 0 0 0 0 0 0 0 0 0 0 0 0 0 0 0 0 0 0 0 0 0 0 0 0 0 0 0 0 0 0 0 0 0 0 0 0 0 0 0 0 0 0 0 0 0 0 0 0 0 0 0 0 0 0 0 0 0 0 0 0 0 0 0 0 0 0 0 0 0 0 0 0 0 0 0 0 0 0 0 0 0 0 0 0 0 0 0 0 0 0 0 0 0 0 0 0 0 0 0 0 0 0 0 0 0 0 0 0 0 0 0 0 0 0 0 0 0 0 0 0 0 0 0 0 0 0 0 0 0 0 0 0 0 0 0 0 0 0 0 0 0 0 0 0 0 0 0 0 0 0 0 0 0 0 0 0 0 0 0 0 0 0 0 0 0 0 0 0 0 0 0 0 0 0 0 0 0 0 0 0 0 0 0 0 0 0 0 0 0 0 0 0 0 0 0 0 0 0 0 0 0 0 0 0 0 0 0 0 0 0 0 0 0 0 0 0 0 0 0 0 0 0 0 0 0 0 0 0 0 0 0 0 0 0 0 0 0 0 0 0 0 0 0 0 0 0 0 0 0 0 0 0 0 0 0 0 0 0 0
5
0 9907 9912 9812 9822
7
1866 1 668 1200 1867 9999 659
824
5384 6841 9936 1386 3090 4547 7642 9099 2437 3894 6989 8446 143 1600 4695 6152 2701 4158 7253 8710 407 1864 4959 6416 9761 1211 4306 5763 7467 8924 2012 3469 9722 1172 4267 5724 7428 8885 1973 3430 6775 8232 1320 2777 4481 5938 9033 483 7039 8496 1584 3041 4745 6202 9297 747 4092 5549 8644 94 1798 3255 6350 7807 3382 4839 7934 9391 1088 2545 5640 7097 435 1892 4987 6444 8148 9605 2693 4150 699 2156 5251 6708 8412 9869 2957 4414 7759 9216 2304 3761 5465 6922 10 1467 7720 9177 2265 3722 5426 6883 9978 1428 4773 6230 9325 775 2479 3936 7031 8488 5037 6494 9589 1039 2743 4200 7295 8752 2090 3547 6642 8099 9803 1253 4348 5805 854 2311 5406 6863 8567 17 3112 4569 7914 9371 2459 3916 5620 7077 165 1622 8178 9635 2723 4180 5884 7341 429 1886 5231 6688 9783 1233 2937 4394 7489 8946 5192 6649 9744 1194 2898 4355 7450 8907 2245 3702 6797 8254 9958 1408 4503 5960 2509 3966 7061 8518 215 1672 4767 6224 9569 1019 4114 5571 7275 8732 1820 3277 8859 309 3404 4861 6565 8022 1110 2567 5912 7369 457 1914 3618 5075 8170 9627 6176 7633 721 2178 3882 5339 8434 9891 3229 4686 7781 9238 935 2392 5487 6944 3190 4647 7742 9199 896 2353 5448 6905 243 1700 4795 6252 7956 9413 2501 3958 507 1964 5059 6516 8220 9677 2765 4222 7567 9024 2112 3569 5273 6730 9825 1275 6186 7643 731 2188 3892 5349 8444 9901 3239 4696 7791 9248 945 2402 5497 6954 3503 4960 8055 9512 1209 2666 5761 7218 556 2013 5108 6565 8269 9726 2814 4271 517 1974 5069 6526 8230 9687 2775 4232 7577 9034 2122 3579 5283 6740 9835 1285 7841 9298 2386 3843 5547 7004 92 1549 4894 6351 9446 896 2600 4057 7152 8609 4184 5641 8736 186 1890 3347 6442 7899 1237 2694 5789 7246 8950 400 3495 4952 1501 2958 6053 7510 9214 664 3759 5216 8561 11 3106 4563 6267 7724 812 2269 8522 9979 3067 4524 6228 7685 773 2230 5575 7032 120 1577 3281 4738 7833 9290 5839 7296 384 1841 3545 5002 8097 9554 2892 4349 7444 8901 598 2055 5150 6607 4614 6071 9166 616 2320 3777 6872 8329 1667 3124 6219 7676 9380 830 3925 5382 1931 3388 6483 7940 9644 1094 4189 5646 8991 441 3536 4993 6697 8154 1242 2699 8952 402 3497 4954 6658 8115 1203 2660 6005 7462 550 2007 3711 5168 8263 9720 6269 7726 814 2271 3975 5432 8527 9984 3322 4779 7874 9331 1028 2485 5580 7037 2612 4069 7164 8621 318 1775 4870 6327 9672 1122 4217 5674 7378 8835 1923 3380 9936 1386 4481 5938 7642 9099 2187 3644 6989 8446 1534 2991 4695 6152 9247 697 6950 8407 1495 2952 4656 6113 9208 658 4003 5460 8555 5 1709 3166 6261 7718 4267 5724 8819 269 1973 3430 6525 7982 1320 2777 5872 7329 9033 483 3578 5035 9946 1396 4491 5948 7652 9109 2197 3654 6999 8456 1544 3001 4705 6162 9257 707 7263 8720 1808 3265 4969 6426 9521 971 4316 5773 8868 318 2022 3479 6574 8031 4277 5734 8829 279 1983 3440 6535 7992 1330 2787 5882 7339 9043 493 3588 5045 1594 3051 6146 7603 9307 757 3852 5309 8654 104 3199 4656 6360 7817 905 2362 7944 9401 2489 3946 5650 7107 195 1652 4997 6454 9549 999 2703 4160 7255 8712 5261 6718 9813 1263 2967 4424 7519 8976 2314 3771 6866 8323 20 1477 4572 6029 2275 3732 6827 8284 9988 1438 4533 5990 9335 785 3880 5337 7041 8498 1586 3043 9599 1049 4144 5601 7305 8762 1850 3307 6652 8109 1197 2654 4358 5815 8910 360 5416 6873 9968 1418 3122 4579 7674 9131 2469 3926 7021 8478 175 1632 4727 6184 2733 4190 7285 8742 439 1896 4991 6448 9793 1243 4338 5795 7499 8956 2044 3501 9754 1204 4299 5756 7460 8917 2005 3462 6807 8264 1352 2809 4513 5970 9065 515 7071 8528 1616 3073 4777 6234 9329 779 4124 5581 8676 126 1830 3287 6382 7839 3414 4871 7966 9423 1120 2577 5672 7129 467 1924 5019 6476 8180 9637 2725 4182 731 2188 5283 6740 8444 9901 2989 4446 7791 9248 2336 3793 5497 6954 42 1499 7752 9209 2297 3754 5458 6915 3 1460 4805 6262 9357 807 2511 3968 7063 8520 5069 6526 9621 1071 2775 4232 7327 8784 2122 3579 6674 8131 9835 1285 4380 5837 741 2198 5293 6750 8454 9911 2999 4456 7801 9258 2346 3803 5507 6964 52 1509 8065 9522 2610 4067 5771 7228 316 1773 5118 6575 9670 1120 2824 4281 7376 8833 5079 6536 9631 1081 2785 4242 7337 8794 2132 3589 6684 8141 9845 1295 4390 5847 2396 3853 6948 8405 102 1559 4654 6111
970
5155 9112 3684 7641 1417 5374 9349 3299 7082 1032 2484 6441 217 4174 8149 2099 5882 9839 4411 8368 2144 6101 69 4026 7809 1759 894 4851 8634 2584 6559 509 4292 8249 2821 6778 554 4511 8486 2436 6219 169 5720 9677 3453 7410 1378 5335 9118 3068 7647 1597 5380 9337 3305 7262 1038 4995 4130 8087 1863 5820 9795 3745 7528 1478 6057 7 3790 7747 1715 5672 9455 3405 4857 8814 2590 6547 515 4472 8255 2205 6784 734 4517 8474 2442 6399 175 4132 3267 7224 1000 4957 8932 2882 6665 615 5194 9151 2927 6884 852 4809 8592 2542 7832 1782 5565 9522 3490 7447 1223 5180 9759 3709 7492 1442 5417 9374 3150 7107 6242 192 3975 7932 1900 5857 9640 3590 8169 2119 5902 9859 3827 7784 1560 5517 6969 919 4702 8659 2627 6584 360 4317 8896 2846 6629 579 4554 8511 2287 6244 5379 9336 3112 7069 1037 4994 8777 2727 7306 1256 5039 8996 2964 6921 697 4654 198 4155 7938 1888 5863 9820 3596 7553 2125 6082 9865 3815 7790 1740 5523 9480 8615 2565 6348 298 4273 8230 2006 5963 535 4492 8275 2225 6200 150 3933 7890 9342 3292 7075 1025 5000 8957 2733 6690 1262 5219 9002 2952 6927 877 4660 8617 7752 1702 5485 9442 3410 7367 1143 5100 9679 3629 7412 1362 5337 9294 3070 7027 9729 3679 7462 1412 5387 9344 3120 7077 1649 5606 9389 3339 7314 1264 5047 9004 8139 2089 5872 9829 3797 7754 1530 5487 59 4016 7799 1749 5724 9681 3457 7414 8866 2816 6599 549 4524 8481 2257 6214 786 4743 8526 2476 6451 401 4184 8141 7276 1226 5009 8966 2934 6891 667 4624 9203 3153 6936 886 4861 8818 2594 6551 2095 6052 9835 3785 7760 1710 5493 9450 4022 7979 1755 5712 9687 3637 7420 1370 505 4462 8245 2195 6170 120 3903 7860 2432 6389 165 4122 8097 2047 5830 9787 1232 5189 8972 2922 6897 847 4630 8587 3159 7116 892 4849 8824 2774 6557 507 9649 3599 7382 1332 5307 9264 3040 6997 1569 5526 9309 3259 7234 1184 4967 8924 4207 8164 1940 5897 9872 3822 7605 1555 6134 84 3867 7824 1792 5749 9532 3482 2617 6574 350 4307 8282 2232 6015 9972 4544 8501 2277 6234 202 4159 7942 1892 3344 7301 1077 5034 9009 2959 6742 692 5271 9228 3004 6961 929 4886 8669 2619 1754 5711 9494 3444 7419 1369 5152 9109 3681 7638 1414 5371 9346 3296 7079 1029 6580 530 4313 8270 2238 6195 9978 3928 8507 2457 6240 190 4165 8122 1898 5855 4990 8947 2723 6680 648 4605 8388 2338 6917 867 4650 8607 2575 6532 308 4265 5717 9674 3450 7407 1375 5332 9115 3065 7644 1594 5377 9334 3302 7259 1035 4992 4127 8084 1860 5817 9792 3742 7525 1475 6054 4 3787 7744 1712 5669 9452 3402 2369 6326 102 4059 8034 1984 5767 9724 4296 8253 2029 5986 9961 3911 7694 1644 779 4736 8519 2469 6444 394 4177 8134 2706 6663 439 4396 8371 2321 6104 54 1506 5463 9246 3196 7171 1121 4904 8861 3433 7390 1166 5123 9098 3048 6831 781 9923 3873 7656 1606 5581 9538 3314 7271 1843 5800 9583 3533 7508 1458 5241 9198 4742 8699 2475 6432 400 4357 8140 2090 6669 619 4402 8359 2327 6284 60 4017 3152 7109 885 4842 8817 2767 6550 500 5079 9036 2812 6769 737 4694 8477 2427 3879 7836 1612 5569 9544 3494 7277 1227 5806 9763 3539 7496 1464 5421 9204 3154 2289 6246 22 3979 7954 1904 5687 9644 4216 8173 1949 5906 9881 3831 7614 1564 6854 804 4587 8544 2512 6469 245 4202 8781 2731 6514 464 4439 8396 2172 6129 5264 9221 2997 6954 922 4879 8662 2612 7191 1141 4924 8881 2849 6806 582 4539 5991 9948 3724 7681 1649 5606 9389 3339 7918 1868 5651 9608 3576 7533 1309 5266 4401 8358 2134 6091 59 4016 7799 1749 6328 278 4061 8018 1986 5943 9726 3676 9227 3177 6960 910 4885 8842 2618 6575 1147 5104 8887 2837 6812 762 4545 8502 7637 1587 5370 9327 3295 7252 1028 4985 9564 3514 7297 1247 5222 9179 2955 6912 8364 2314 6097 47 4022 7979 1755 5712 284 4241 8024 1974 5949 9906 3682 7639 6774 724 4507 8464 2432 6389 165 4122 8701 2651 6434 384 4359 8316 2092 6049 8751 2701 6484 434 4409 8366 2142 6099 671 4628 8411 2361 6336 286 4069 8026 7161 1111 4894 8851 2819 6776 552 4509 9088 3038 6821 771 4746 8703 2479 6436 7888 1838 5621 9578 3546 7503 1279 5236 9815 3765 7548 1498 5473 9430 3206 7163 6298 248 4031 7988 1956 5913 9696 3646 8225 2175 5958 9915 3883 7840 1616 5573 1117 5074 8857 2807 6782 732 4515 8472 3044 7001 777 4734 8709 2659 6442 392 9534 3484 7267 1217 5192 9149 2925 6882 1454 5411 9194 3144 7119 1069 4852 8809 254 4211 7994 1944 5919 9876 3652 7609 2181 6138 9921 3871 7846 1796 5579 9536 8671 2621 6404 354 4329 8286 2062 6019 591 4548 8331 2281 6256 206 3989 7946 3229 7186 962 4919 8894 2844 6627 577 5156 9113 2889 6846 814 4771 8554 2504 1639 5596 9379 3329 7304 1254 5037 8994 3566 7523 1299 5256 9231 3181 6964 914 2366 6323 99 4056 8031 1981 5764 9721 4293 8250 2026 5983 9958 3908 7691 1641 776 4733 8516 2466 6441 391 4174 8131 2703 6660 436 4393 8368 2318 6101 51 5602 9559 3335 7292 1260 5217 9000 2950 7529 1479 5262 9219 3187 7144 920 4877 4012 7969 1745 5702 9677 3627 7410 1360 5939 9896 3672 7629 1597 5554 9337 3287
880
6320 3465 3987 1132 1452 8604 9126 6271 1251 8403 8925 6070 6390 3535 4057 1202 1962 9114 9636 6781 7101 4246 4768 1913 6900 4045 4567 1712 2032 9184 9706 6851 7792 4937 5459 2604 2924 69 591 7743 2723 9875 390 7542 7862 5007 5529 2674 7254 4399 4921 2066 2386 9538 53 7205 2185 9337 9859 7004 7324 4469 4991 2136 3077 222 744 7896 8216 5361 5883 3028 8015 5160 5682 2827 3147 292 814 7966 8726 5871 6393 3538 3858 1003 1525 8677 3657 802 1324 8476 8796 5941 6463 3608 4549 1694 2216 9368 9688 6833 7355 4500 9487 6632 7154 4299 4619 1764 2286 9438 7774 4919 5441 2586 2906 51 573 7725 2705 9857 372 7524 7844 4989 5511 2656 3597 742 1264 8416 8736 5881 6403 3548 8535 5680 6202 3347 3667 812 1334 8486 9246 6391 6913 4058 4378 1523 2045 9197 4177 1322 1844 8996 9316 6461 6983 4128 5069 2214 2736 9888 201 7353 7875 5020 0 7152 7674 4819 5139 2284 2806 9958 4531 1676 2198 9350 9670 6815 7337 4482 9469 6614 7136 4281 4601 1746 2268 9420 354 7506 8028 5173 5493 2638 3160 305 5292 2437 2959 104 424 7576 8098 5243 6003 3148 3670 815 1135 8287 8809 5954 934 8086 8608 5753 6073 3218 3740 885 1826 8978 9500 6645 6965 4110 4632 1777 6764 3909 4431 1576 1896 9048 9570 6715 6386 3531 4053 1198 1518 8670 9192 6337 1317 8469 8991 6136 6456 3601 4123 1268 2209 9361 9883 7028 7348 4493 5015 2160 7147 4292 4814 1959 2279 9431 9953 7098 7858 5003 5525 2670 2990 135 657 7809 2789 9941 456 7608 7928 5073 5595 2740 3681 826 1348 8500 8820 5965 6487 3632 8619 5764 6286 3431 3751 896 1418 8570 3143 288 810 7962 8282 5427 5949 3094 8081 5226 5748 2893 3213 358 880 8032 8973 6118 6640 3785 4105 1250 1772 8924 3904 1049 1571 8723 9043 6188 6710 3855 4615 1760 2282 9434 9754 6899 7421 4566 9553 6698 7220 4365 4685 1830 2352 9504 438 7590 8112 5257 5577 2722 3244 389 5376 2521 3043 188 508 7660 8182 5327 9422 6567 7089 4234 4554 1699 2221 9373 4353 1498 2020 9172 9492 6637 7159 4304 5245 2390 2912 57 377 7529 8051 5196 176 7328 7850 4995 5315 2460 2982 127 887 8039 8561 5706 6026 3171 3693 838 5825 2970 3492 637 957 8109 8631 5776 6717 3862 4384 1529 1849 9001 9523 6668 1648 8800 9322 6467 6787 3932 4454 1599 6179 3324 3846 991 1311 8463 8985 6130 1110 8262 8784 5929 6249 3394 3916 1061 2002 9154 9676 6821 7141 4286 4808 1953 6940 4085 4607 1752 2072 9224 9746 6891 7651 4796 5318 2463 2783 9935 450 7602 2582 9734 249 7401 7721 4866 5388 2533 3474 619 1141 8293 8613 5758 6280 3425 8412 5557 6079 3224 3544 689 1211 8363 8034 5179 5701 2846 3166 311 833 7985 2965 110 632 7784 8104 5249 5771 2916 3857 1002 1524 8676 8996 6141 6663 3808 8795 5940 6462 3607 3927 1072 1594 8746 9506 6651 7173 4318 4638 1783 2305 9457 4437 1582 2104 9256 9576 6721 7243 4388 5329 2474 2996 141 461 7613 8135 5280 260 7412 7934 5079 5399 2544 3066 211 4791 1936 2458 9610 9930 7075 7597 4742 9729 6874 7396 4541 4861 2006 2528 9680 614 7766 8288 5433 5753 2898 3420 565 5552 2697 3219 364 684 7836 8358 5503 6263 3408 3930 1075 1395 8547 9069 6214 1194 8346 8868 6013 6333 3478 4000 1145 2086 9238 9760 6905 7225 4370 4892 2037 7024 4169 4691 1836 2156 9308 9830 6975 7296 4441 4963 2108 2428 9580 95 7247 2227 9379 9901 7046 7366 4511 5033 2178 3119 264 786 7938 8258 5403 5925 3070 8057 5202 5724 2869 3189 334 856 8008 8768 5913 6435 3580 3900 1045 1567 8719 3699 844 1366 8518 8838 5983 6505 3650 4591 1736 2258 9410 9730 6875 7397 4542 9529 6674 7196 4341 4661 1806 2328 9480 4053 1198 1720 8872 9192 6337 6859 4004 8991 6136 6658 3803 4123 1268 1790 8942 9883 7028 7550 4695 5015 2160 2682 9834 4814 1959 2481 9633 9953 7098 7620 4765 5525 2670 3192 337 657 7809 8331 5476 456 7608 8130 5275 5595 2740 3262 407 1348 8500 9022 6167 6487 3632 4154 1299 6286 3431 3953 1098 1418 8570 9092 6237 5908 3053 3575 720 1040 8192 8714 5859 839 7991 8513 5658 5978 3123 3645 790 1731 8883 9405 6550 6870 4015 4537 1682 6669 3814 4336 1481 1801 8953 9475 6620 7380 4525 5047 2192 2512 9664 179 7331 2311 9463 9985 7130 7450 4595 5117 2262 3203 348 870 8022 8342 5487 6009 3154 8141 5286 5808 2953 3273 418 940 8092 2665 9817 332 7484 7804 4949 5471 2616 7603 4748 5270 2415 2735 9887 402 7554 8495 5640 6162 3307 3627 772 1294 8446 3426 571 1093 8245 8565 5710 6232 3377 4137 1282 1804 8956 9276 6421 6943 4088 9075 6220 6742 3887 4207 1352 1874 9026 9967 7112 7634 4779 5099 2244 2766 9918 4898 2043 2565 9717 30 7182 7704 4849
920
8719 4901 5313 1495 3482 9671 76 6265 271 6460 6872 3054 5041 1223 1635 7824 5725 1907 2319 8508 488 6677 7089 3271 2394 8583 8995 5177 7164 3346 3758 9947 7848 4030 4442 624 2611 8800 9212 5394 9407 5589 6001 2183 4170 352 764 6953 4854 1036 1448 7637 9624 5806 6218 2400 4006 188 600 6789 8776 4958 5370 1552 9460 5642 6054 2236 4223 405 817 7006 1012 7201 7613 3795 5782 1964 2376 8565 6466 2648 3060 9249 1229 7418 7830 4012 380 6569 6981 3163 5150 1332 1744 7933 5834 2016 2428 8617 597 6786 7198 3380 7393 3575 3987 169 2156 8345 8757 4939 2840 9029 9441 5623 7610 3792 4204 386 1992 8181 8593 4775 6762 2944 3356 9545 7446 3628 4040 222 2209 8398 8810 4992 9005 5187 5599 1781 3768 9957 362 6551 4452 634 1046 7235 9222 5404 5816 1998 4138 320 732 6921 8908 5090 5502 1684 9592 5774 6186 2368 4355 537 949 7138 1144 7333 7745 3927 5914 2096 2508 8697 6598 2780 3192 9381 1361 7550 7962 4144 5750 1932 2344 8533 513 6702 7114 3296 1197 7386 7798 3980 5967 2149 2561 8750 2756 8945 9357 5539 7526 3708 4120 302 8210 4392 4804 986 2973 9162 9574 5756 2124 8313 8725 4907 6894 3076 3488 9677 7578 3760 4172 354 2341 8530 8942 5124 9137 5319 5731 1913 3900 82 494 6683 4584 766 1178 7367 9354 5536 5948 2130 3736 9925 330 6519 8506 4688 5100 1282 9190 5372 5784 1966 3953 135 547 6736 742 6931 7343 3525 5512 1694 2106 8295 6196 2378 2790 8979 959 7148 7560 3742 2865 9054 9466 5648 7635 3817 4229 411 8319 4501 4913 1095 3082 9271 9683 5865 9878 6060 6472 2654 4641 823 1235 7424 5325 1507 1919 8108 88 6277 6689 2871 4477 659 1071 7260 9247 5429 5841 2023 9931 6113 6525 2707 4694 876 1288 7477 1483 7672 8084 4266 6253 2435 2847 9036 6937 3119 3531 9720 1700 7889 8301 4483 851 7040 7452 3634 5621 1803 2215 8404 6305 2487 2899 9088 1068 7257 7669 3851 7864 4046 4458 640 2627 8816 9228 5410 3311 9500 9912 6094 8081 4263 4675 857 2463 8652 9064 5246 7233 3415 3827 9 7917 4099 4511 693 2680 8869 9281 5463 9476 5658 6070 2252 4239 421 833 7022 4923 1105 1517 7706 9693 5875 6287 2469 5649 1831 2243 8432 412 6601 7013 3195 1096 7285 7697 3879 5866 2048 2460 8649 2655 8844 9256 5438 7425 3607 4019 201 8109 4291 4703 885 2872 9061 9473 5655 7261 3443 3855 37 2024 8213 8625 4807 2708 8897 9309 5491 7478 3660 4072 254 4267 449 861 7050 9037 5219 5631 1813 9721 5903 6315 2497 4484 666 1078 7267 3635 9824 229 6418 8405 4587 4999 1181 9089 5271 5683 1865 3852 34 446 6635 641 6830 7242 3424 5411 1593 2005 8194 6095 2277 2689 8878 858 7047 7459 3641 5247 1429 1841 8030 10 6199 6611 2793 694 6883 7295 3477 5464 1646 2058 8247 2253 8442 8854 5036 7023 3205 3617 9806 7707 3889 4301 483 2470 8659 9071 5253 4376 558 970 7159 9146 5328 5740 1922 9830 6012 6424 2606 4593 775 1187 7376 1382 7571 7983 4165 6152 2334 2746 8935 6836 3018 3430 9619 1599 7788 8200 4382 5988 2170 2582 8771 751 6940 7352 3534 1435 7624 8036 4218 6205 2387 2799 8988 2994 9183 9595 5777 7764 3946 4358 540 8448 4630 5042 1224 3211 9400 9812 5994 2362 8551 8963 5145 7132 3314 3726 9915 7816 3998 4410 592 2579 8768 9180 5362 9375 5557 5969 2151 4138 320 732 6921 4822 1004 1416 7605 9592 5774 6186 2368 3974 156 568 6757 8744 4926 5338 1520 9428 5610 6022 2204 4191 373 785 6974 980 7169 7581 3763 5750 1932 2344 8533 6434 2616 3028 9217 1197 7386 7798 3980 6120 2302 2714 8903 883 7072 7484 3666 1567 7756 8168 4350 6337 2519 2931 9120 3126 9315 9727 5909 7896 4078 4490 672 8580 4762 5174 1356 3343 9532 9944 6126 7732 3914 4326 508 2495 8684 9096 5278 3179 9368 9780 5962 7949 4131 4543 725 4738 920 1332 7521 9508 5690 6102 2284 185 6374 6786 2968 4955 1137 1549 7738 4106 288 700 6889 8876 5058 5470 1652 9560 5742 6154 2336 4323 505 917 7106 1112 7301 7713 3895 5882 2064 2476 8665 6566 2748 3160 9349 1329 7518 7930 4112 5718 1900 2312 8501 481 6670 7082 3264 1165 7354 7766 3948 5935 2117 2529 8718 2724 8913 9325 5507 7494 3676 4088 270 8178 4360 4772 954 2941 9130 9542 5724 4847 1029 1441 7630 9617 5799 6211 2393 294 6483 6895 3077 5064 1246 1658 7847 1853 8042 8454 4636 6623 2805 3217 9406 7307 3489 3901 83 2070 8259 8671 4853 6459 2641 3053 9242 1222 7411 7823 4005 1906 8095 8507 4689 6676 2858 3270 9459 3465 9654 59 6248 8235 4417 4829 1011 8919 5101 5513 1695 3682 9871 276 6465 2833 9022 9434 5616 7603 3785 4197 379 8287 4469 4881 1063 3050 9239 9651 5833 9846 6028 6440 2622 4609 791 1203 7392 5293 1475 1887 8076 56 6245 6657 2839 4445 627 1039 7228 9215 5397 5809 1991 9899 6081 6493 2675 4662 844 1256 7445 1451 7640 8052 4234 6221 2403 2815 9004 6905 3087 3499 9688 1668 7857 8269 4451
960
8962 2965 1561 5571 6066 69 8672 2675 861 4871 3467 7477 7972 1975 571 4581 8942 2945 1541 5551 6046 49 8652 2655 841 4851 3447 7457 7952 1955 551 4561 2863 6873 5469 9479 9974 3977 2573 6583 4769 8779 7375 1378 1873 5883 4479 8489 2843 6853 5449 9459 9954 3957 2553 6563 4749 8759 7355 1358 1853 5863 4459 8469 8961 2964 1560 5570 6065 68 8671 2674 860 4870 3466 7476 7971 1974 570 4580 8941 2944 1540 5550 6045 48 8651 2654 840 4850 3446 7456 7951 1954 550 4560 2862 6872 5468 9478 9973 3976 2572 6582 4768 8778 7374 1377 1872 5882 4478 8488 2842 6852 5448 9458 9953 3956 2552 6562 4748 8758 7354 1357 1852 5862 4458 8468 1669 5679 4275 8285 8780 2783 1379 5389 3575 7585 6181 184 679 4689 3285 7295 1649 5659 4255 8265 8760 2763 1359 5369 3555 7565 6161 164 659 4669 3265 7275 5577 9587 8183 2186 2681 6691 5287 9297 7483 1486 82 4092 4587 8597 7193 1196 5557 9567 8163 2166 2661 6671 5267 9277 7463 1466 62 4072 4567 8577 7173 1176 9293 3296 1892 5902 6397 400 9003 3006 1192 5202 3798 7808 8303 2306 902 4912 9273 3276 1872 5882 6377 380 8983 2986 1172 5182 3778 7788 8283 2286 882 4892 3194 7204 5800 9810 298 4308 2904 6914 5100 9110 7706 1709 2204 6214 4810 8820 3174 7184 5780 9790 278 4288 2884 6894 5080 9090 7686 1689 2184 6194 4790 8800 2001 6011 4607 8617 9112 3115 1711 5721 3907 7917 6513 516 1011 5021 3617 7627 1981 5991 4587 8597 9092 3095 1691 5701 3887 7897 6493 496 991 5001 3597 7607 5909 9919 8515 2518 3013 7023 5619 9629 7815 1818 414 4424 4919 8929 7525 1528 5889 9899 8495 2498 2993 7003 5599 9609 7795 1798 394 4404 4899 8909 7505 1508 2000 6010 4606 8616 9111 3114 1710 5720 3906 7916 6512 515 1010 5020 3616 7626 1980 5990 4586 8596 9091 3094 1690 5700 3886 7896 6492 495 990 5000 3596 7606 5908 9918 8514 2517 3012 7022 5618 9628 7814 1817 413 4423 4918 8928 7524 1527 5888 9898 8494 2497 2992 7002 5598 9608 7794 1797 393 4403 4898 8908 7504 1507 4715 8725 7321 1324 1819 5829 4425 8435 6621 624 9227 3230 3725 7735 6331 334 4695 8705 7301 1304 1799 5809 4405 8415 6601 604 9207 3210 3705 7715 6311 314 8623 2626 1222 5232 5727 9737 8333 2336 522 4532 3128 7138 7633 1636 232 4242 8603 2606 1202 5212 5707 9717 8313 2316 502 4512 3108 7118 7613 1616 212 4222 5613 9623 8219 2222 2717 6727 5323 9333 7519 1522 118 4128 4623 8633 7229 1232 5593 9603 8199 2202 2697 6707 5303 9313 7499 1502 98 4108 4603 8613 7209 1212 9521 3524 2120 6130 6625 628 9231 3234 1420 5430 4026 8036 8531 2534 1130 5140 9501 3504 2100 6110 6605 608 9211 3214 1400 5410 4006 8016 8511 2514 1110 5120 8328 2331 927 4937 5432 9442 8038 2041 227 4237 2833 6843 7338 1341 9944 3947 8308 2311 907 4917 5412 9422 8018 2021 207 4217 2813 6823 7318 1321 9924 3927 2229 6239 4835 8845 9340 3343 1939 5949 4135 8145 6741 744 1239 5249 3845 7855 2209 6219 4815 8825 9320 3323 1919 5929 4115 8125 6721 724 1219 5229 3825 7835 8327 2330 926 4936 5431 9441 8037 2040 226 4236 2832 6842 7337 1340 9943 3946 8307 2310 906 4916 5411 9421 8017 2020 206 4216 2812 6822 7317 1320 9923 3926 2228 6238 4834 8844 9339 3342 1938 5948 4134 8144 6740 743 1238 5248 3844 7854 2208 6218 4814 8824 9319 3322 1918 5928 4114 8124 6720 723 1218 5228 3824 7834 1035 5045 3641 7651 8146 2149 745 4755 2941 6951 5547 9557 45 4055 2651 6661 1015 5025 3621 7631 8126 2129 725 4735 2921 6931 5527 9537 25 4035 2631 6641 4943 8953 7549 1552 2047 6057 4653 8663 6849 852 9455 3458 3953 7963 6559 562 4923 8933 7529 1532 2027 6037 4633 8643 6829 832 9435 3438 3933 7943 6539 542 8659 2662 1258 5268 5763 9773 8369 2372 558 4568 3164 7174 7669 1672 268 4278 8639 2642 1238 5248 5743 9753 8349 2352 538 4548 3144 7154 7649 1652 248 4258 2560 6570 5166 9176 9671 3674 2270 6280 4466 8476 7072 1075 1570 5580 4176 8186 2540 6550 5146 9156 9651 3654 2250 6260 4446 8456 7052 1055 1550 5560 4156 8166 1367 5377 3973 7983 8478 2481 1077 5087 3273 7283 5879 9889 377 4387 2983 6993 1347 5357 3953 7963 8458 2461 1057 5067 3253 7263 5859 9869 357 4367 2963 6973 5275 9285 7881 1884 2379 6389 4985 8995 7181 1184 9787 3790 4285 8295 6891 894 5255 9265 7861 1864 2359 6369 4965 8975 7161 1164 9767 3770 4265 8275 6871 874 1366 5376 3972 7982 8477 2480 1076 5086 3272 7282 5878 9888 376 4386 2982 6992 1346 5356 3952 7962 8457 2460 1056 5066 3252 7262 5858 9868 356 4366 2962 6972 5274 9284 7880 1883 2378 6388 4984 8994 7180 1183 9786 3789 4284 8294 6890 893 5254 9264 7860 1863 2358 6368 4964 8974 7160 1163 9766 3769 4264 8274 6870 873 4081 8091 6687 690 1185 5195 3791 7801 5987 9997 8593 2596 3091 7101 5697 9707 4061 8071 6667 670 1165 5175 3771 7781 5967 9977 8573 2576 3071 7081 5677 9687 7989 1992 588 4598 5093 9103 7699 1702 9895 3898 2494 6504 6999 1002 9605 3608 7969 1972 568 4578 5073 9083 7679 1682 9875 3878 2474 6484 6979 982 9585 3588
1
2
888
8920 7828 8952 7860 8602 7510 8634 7542 5952 4860 5984 4892 6640 5548 6672 5580 3990 2898 4022 2930 3672 2580 3704 2612 1022 9937 1054 9969 3309 2217 3341 2249 659 9574 691 9606 341 9256 373 9288 7698 6606 7730 6638 8386 7294 8418 7326 5736 4644 5768 4676 5418 4326 5450 4358 2768 1676 2800 1708 2760 1668 2792 1700 110 9025 142 9057 9799 8707 9831 8739 7149 6057 7181 6089 7837 6745 7869 6777 5187 4095 5219 4127 4869 3777 4901 3809 2219 1127 2251 1159 4506 3414 4538 3446 1856 764 1888 796 1538 446 1570 478 8895 7803 8927 7835 9583 8491 9615 8523 6933 5841 6965 5873 6615 5523 6647 5555 3965 2873 3997 2905 6584 5492 6616 5524 3934 2842 3966 2874 3616 2524 3648 2556 966 9881 998 9913 1654 562 1686 594 9011 7919 9043 7951 8693 7601 8725 7633 6043 4951 6075 4983 8330 7238 8362 7270 5680 4588 5712 4620 5362 4270 5394 4302 2712 1620 2744 1652 3400 2308 3432 2340 750 9665 782 9697 432 9347 464 9379 7789 6697 7821 6729 7229 6137 7261 6169 4579 3487 4611 3519 4261 3169 4293 3201 1611 519 1643 551 2299 1207 2331 1239 9656 8564 9688 8596 9338 8246 9370 8278 6688 5596 6720 5628 8975 7883 9007 7915 6325 5233 6357 5265 6007 4915 6039 4947 3357 2265 3389 2297 4045 2953 4077 2985 1395 303 1427 335 1077 9992 1109 17 8434 7342 8466 7374 1046 9961 1078 9993 8403 7311 8435 7343 8085 6993 8117 7025 5435 4343 5467 4375 6123 5031 6155 5063 3473 2381 3505 2413 3155 2063 3187 2095 505 9420 537 9452 2792 1700 2824 1732 142 9057 174 9089 9831 8739 9863 8771 7181 6089 7213 6121 7869 6777 7901 6809 5219 4127 5251 4159 4901 3809 4933 3841 2251 1159 2283 1191 4887 3795 4919 3827 2237 1145 2269 1177 1919 827 1951 859 9276 8184 9308 8216 9964 8872 9996 8904 7314 6222 7346 6254 6996 5904 7028 5936 4346 3254 4378 3286 6633 5541 6665 5573 3983 2891 4015 2923 3665 2573 3697 2605 1015 9930 1047 9962 1703 611 1735 643 9060 7968 9092 8000 8742 7650 8774 7682 6092 5000 6124 5032 8711 7619 8743 7651 6061 4969 6093 5001 5743 4651 5775 4683 3093 2001 3125 2033 3781 2689 3813 2721 1131 39 1163 71 813 9728 845 9760 8170 7078 8202 7110 450 9365 482 9397 7807 6715 7839 6747 7489 6397 7521 6429 4839 3747 4871 3779 5527 4435 5559 4467 2877 1785 2909 1817 2559 1467 2591 1499 9916 8824 9948 8856 9356 8264 9388 8296 6706 5614 6738 5646 6388 5296 6420 5328 3738 2646 3770 2678 4426 3334 4458 3366 1776 684 1808 716 1458 366 1490 398 8815 7723 8847 7755 1095 3 1127 35 8452 7360 8484 7392 8134 7042 8166 7074 5484 4392 5516 4424 6172 5080 6204 5112 3522 2430 3554 2462 3204 2112 3236 2144 554 9469 586 9501 3173 2081 3205 2113 523 9438 555 9470 205 9120 237 9152 7562 6470 7594 6502 8250 7158 8282 7190 5600 4508 5632 4540 5282 4190 5314 4222 2632 1540 2664 1572 4919 3827 4951 3859 2269 1177 2301 1209 1951 859 1983 891 9308 8216 9340 8248 9996 8904 21 8936 7346 6254 7378 6286 7028 5936 7060 5968 4378 3286 4410 3318 9580 8488 9612 8520 6930 5838 6962 5870 6612 5520 6644 5552 3962 2870 3994 2902 4650 3558 4682 3590 2000 908 2032 940 1682 590 1714 622 9039 7947 9071 7979 1319 227 1351 259 8676 7584 8708 7616 8358 7266 8390 7298 5708 4616 5740 4648 6396 5304 6428 5336 3746 2654 3778 2686 3428 2336 3460 2368 778 9693 810 9725 3397 2305 3429 2337 747 9662 779 9694 429 9344 461 9376 7786 6694 7818 6726 8474 7382 8506 7414 5824 4732 5856 4764 5506 4414 5538 4446 2856 1764 2888 1796 5143 4051 5175 4083 2493 1401 2525 1433 2175 1083 2207 1115 9532 8440 9564 8472 213 9128 245 9160 7570 6478 7602 6510 7252 6160 7284 6192 4602 3510 4634 3542 4042 2950 4074 2982 1392 300 1424 332 1074 9989 1106 14 8431 7339 8463 7371 9119 8027 9151 8059 6469 5377 6501 5409 6151 5059 6183 5091 3501 2409 3533 2441 5788 4696 5820 4728 3138 2046 3170 2078 2820 1728 2852 1760 170 9085 202 9117 858 9773 890 9805 8215 7123 8247 7155 7897 6805 7929 6837 5247 4155 5279 4187 7866 6774 7898 6806 5216 4124 5248 4156 4898 3806 4930 3838 2248 1156 2280 1188 2936 1844 2968 1876 286 9201 318 9233 9975 8883 0 8915 7325 6233 7357 6265 9612 8520 9644 8552 6962 5870 6994 5902 6644 5552 6676 5584 3994 2902 4026 2934 4682 3590 4714 3622 2032 940 2064 972 1714 622 1746 654 9071 7979 9103 8011 1700 608 1732 640 9057 7965 9089 7997 8739 7647 8771 7679 6089 4997 6121 5029 6777 5685 6809 5717 4127 3035 4159 3067 3809 2717 3841 2749 1159 67 1191 99 3446 2354 3478 2386 796 9711 828 9743 478 9393 510 9425 7835 6743 7867 6775 8523 7431 8555 7463 5873 4781 5905 4813 5555 4463 5587 4495
