100
2525 1
2400 5
300 2
120 60
60 90
329498607 100
19414642 5981
41194131 4868
304347454 6681
121546465 3409
329003194 8326
234216770 5600
134971284 4460
263794533 7061
11689835 1743
105852520 8542
141305460 7399
288930259 3155
193208132 5478
119698287 6486
314841898 9157
221366018 9495
140627254 6986
40429014 1127
74736027 4535
145765271 7152
328726704 7275
187636850 5648
213898314 5789
102130521 642
68382119 9948
79844561 6360
289745222 520
175429724 602
110904182 4706
18176644 1025
255534753 8515
281055234 9645
248167073 8303
101519693 1946
181684045 826
104760383 8945
216162759 7413
248917845 6381
101019716 7511
51583006 1876
59752922 1853
10736595 7767
115699213 3727
185734999 5473
157884065 2633
320172130 35
206093890 2935
74414920 1251
200019722 7598
9323337 1836
199813350 844
152869167 3359
220187363 1777
277590552 2215
31153223 8188
163756776 8027
85806856 6335
31356334 5371
164084331 3851
116668907 5558
259648518 8427
261326508 1504
286613232 412
297702616 8166
218281870 9621
108001549 8366
270314786 2942
307560345 6258
235695307 4553
50619111 833
266926312 4636
263906896 1004
264337795 9374
20099948 2061
235574759 1868
77566134 5492
98697017 6486
63765743 7004
1786768 351
81237466 694
178331871 6031
266159868 1791
282799715 3924
311139712 1429
20148702 8721
262571941 1664
70076929 8688
89306344 5328
42835525 60
144985325 2050
154344088 1842
63798610 2941
267334318 8238
143787047 5797
316396788 6945
46664780 2083
176222965 3455
77336858 2669
23241225 6036
261520415 2927
725917895 24
399585313 222
303122484 1585
611722075 1333
452400626 318
117504559 5762
414170064 3396
624757774 6944
272024627 4686
89155929 294
574854888 8728
138833218 6762
518635994 6781
243048627 2121
485504602 3671
368253062 2271
58324316 2619
304480401 2527
150119543 2201
566984260 3199
421501144 6276
699755301 1507
66872823 2357
249393308 9941
52932841 4365
178851798 19
133924099 5175
20810154 2091
56486829 9138
146142990 9716
81561434 5510
128473814 7823
9725777 8845
131560845 7448
44835623 4358
63668787 1045
110037351 1765
3457053 6163
36672333 7325
118816503 3258
30226292 2109
3461046 7582
73119299 7510
81085023 4847
81080295 6829
21774479 64
12468867 9102
18228431 1826
19163559 8404
12297260 7016
92458 6727
2431451 3620
16911964 514
21188634 9838
1074885 5736
8192893 4794
17895072 9640
12706348 8783
17335471 7297
6241570 6174
20448295 3697
7923142 6145
1566044 9683
17966072 2142
20572476 6171
9607814 3118
20504340 5902
1790812 4067
13989894 1998
7210838 1218
21671336 6123
10652807 6263
9600138 7635
21313779 8714
3898558 2237
20842570 9301
9903007 8032
21198355 548
12642034 4242
7578749 9067
11993133 4398
16220524 8224
18523136 4759
18263254 1430
2064340 2531
6290293 2008
4585744 9104
5266090 6720
20519120 460
14977409 4091
11949208 8985
17757133 7046
720878 2796
12111286 4462
14205634 9199
963465 7365
15080305 5255
4591002 5872
16114198 3130
13782994 7981
16000256 7165
7839785 7147
2006401 5996
7867417 4012
6870620 5698
6763973 4740
12519042 3624
16238204 7281
15268058 6859
18839107 5646
2 1
1 10000
37034666 3
1861976 8198
12369445 2310
28272463 3680
1000000000 100
999999989 10
999999953 46
999999968 31
999999949 50
999999908 91
999999964 35
999999978 21
999999928 71
999999943 56
999999906 93
999999936 63
999999974 25
999999981 18
999999971 28
999999950 49
999999937 62
999999931 68
999999942 57
999999976 23
999999957 42
999999973 26
999999975 24
999999977 22
999999938 61
999999961 38
999999927 72
999999900 99
999999992 7
999999954 45
999999985 14
999999933 66
999999941 58
999999965 34
999999956 43
999999913 86
999999948 51
999999970 29
999999991 8
999999962 37
999999935 64
999999966 33
999999979 20
999999969 30
999999986 13
999999988 11
999999983 16
999999922 77
999999963 36
999999915 84
999999911 88
999999920 79
999999940 59
999999918 81
999999916 83
999999903 96
999999909 90
999999947 52
999999939 60
999999980 19
999999990 9
999999944 55
999999984 15
999999997 2
999999898 101
999999921 78
999999959 40
999999926 73
999999951 48
999999945 54
999999923 76
999999919 80
999999995 4
999999907 92
999999934 65
999999930 69
999999905 94
999999982 17
999999958 41
999999899 100
999999993 6
999999946 53
999999904 95
999999952 47
999999955 44
999999996 3
999999994 5
999999967 32
999999929 70
999999932 67
999999972 27
999999914 85
999999925 74
999999912 87
999999901 98
999999902 97
999999917 82
999999987 12
999999910 89
999999960 39
999999924 75
108894162 3
39096696 9236
84132278 8641
96039412 969
345597262 4
149552744 5670
167206852 537
175043889 8650
252666052 3192
2 1
1 1
260183117 1
244179146 836
170853198 2
97193343 6126
112387065 6108
995145912 6
121392551 7534
6837193 9415
146163491 9368
733102919 5156
336760186 2303
445283191 4547
200000 1000
9318 6
1475 6
6843 6
1254 5
1299 2
1661 8
609 6
2825 10
4811 8
3319 6
1962 6
9509 2
8192 10
1080 5
9828 7
5507 5
3471 9
6867 4
2572 7
7560 6
6761 10
5616 8
1339 2
7371 4
7390 2
3195 7
2999 10
1057 3
8086 5
9379 9
87 7
7609 3
1085 8
6023 3
2116 6
1382 2
6511 5
7059 9
1451 8
9714 4
1149 2
3904 5
147 5
5185 6
1409 7
2519 2
3671 7
4526 8
7072 3
503 8
479 8
7678 9
6205 3
5923 10
7982 8
9434 7
9515 9
8732 2
9913 10
9581 4
5899 7
2499 8
8847 8
8688 7
4159 9
4028 9
6926 2
3403 7
2161 8
3470 2
1211 2
9235 8
4743 3
1332 2
2693 2
92 7
8314 3
8763 5
1274 10
4049 10
1746 6
3814 4
1277 2
3256 4
9978 4
9438 3
6616 2
947 5
6043 9
2745 6
5824 2
323 5
6221 2
177 6
9126 7
1988 8
9826 3
3103 2
2047 5
4557 5
66 4
8212 8
6151 9
8749 9
9953 4
2570 10
6001 5
9531 7
8220 6
2 7
4245 9
7597 4
8254 9
544 5
173 2
8701 8
9479 5
8561 6
5607 4
6694 9
7948 2
9761 5
7297 4
1874 5
5368 7
4619 5
6156 8
1796 6
7723 4
6083 6
6671 4
1336 3
5274 10
5239 9
5964 8
401 9
9100 8
5291 6
5814 2
119 7
6291 9
3783 6
2640 4
1571 5
7905 2
6462 9
7469 6
2225 4
4151 10
7209 9
3107 2
4004 2
9818 7
7135 9
2868 2
2489 3
3358 5
3326 5
5737 8
8363 7
6046 9
9313 3
6471 8
7530 5
6335 5
5574 7
7309 9
1712 10
5041 3
8242 5
5131 10
4347 4
1629 6
8900 2
9629 4
7915 6
4614 4
7351 5
8738 9
8848 4
3701 6
7437 10
4624 5
2353 3
1221 2
9685 3
4344 6
9976 6
2500 10
5341 8
2212 7
1832 7
819 4
9817 5
6066 9
1582 8
7765 6
4703 7
1672 10
7885 6
6872 8
9041 7
4173 5
8809 7
5000 7
9975 3
3839 9
5868 6
7318 5
6693 10
9289 6
7493 10
8417 2
4696 3
2462 8
948 10
3473 6
993 7
3309 2
3284 8
3035 4
2262 2
8257 6
5069 5
4468 8
6743 7
3135 9
9366 10
9219 9
4994 4
778 2
3644 4
9708 6
9886 7
1861 4
2043 6
8310 5
3132 8
4193 10
1507 9
9713 8
7020 2
2747 7
3110 8
1192 5
7901 7
9133 9
3668 3
2279 10
5399 2
7599 5
4383 10
7810 7
2346 8
9281 9
2767 9
157 3
3908 8
838 9
8784 10
110 6
1900 5
2762 6
3131 3
1384 2
3961 8
4291 4
190 3
4564 2
1344 2
2998 8
7571 3
2929 6
4147 5
3046 10
9274 5
9700 7
1986 2
2501 10
5254 2
3872 7
7388 8
9014 5
8356 7
8988 2
4751 3
1718 9
6725 6
3788 7
5278 6
1433 8
749 5
3408 7
3576 3
8341 8
6840 7
6269 4
1472 5
4802 7
2052 4
8597 6
2749 2
3864 4
5751 9
239 7
3012 9
3550 5
6980 8
6614 7
1355 9
6527 4
9866 4
6414 8
6021 3
6951 4
6022 10
6173 9
992 3
3553 3
9032 8
5350 8
734 4
6428 2
7831 9
8644 6
4150 10
964 8
9961 2
121 5
156 6
7797 6
8009 9
7760 8
3279 10
8970 10
7445 9
9730 10
5699 5
8240 5
1951 6
2818 7
8152 6
5827 6
8591 4
5726 3
7981 8
3486 3
1440 9
5351 5
2629 5
9242 6
7769 2
4874 9
2393 10
302 6
8693 6
5067 5
5162 2
6010 10
3078 4
521 4
5056 2
2615 7
6389 9
4243 10
2605 8
6688 8
8439 2
841 2
4915 7
387 3
6886 9
9967 9
8479 9
4980 7
3495 3
6249 3
8862 4
9846 9
2936 9
9068 10
6941 9
7737 10
2630 6
3063 3
5671 4
9196 3
8266 4
1279 10
7085 3
351 2
6852 10
4843 9
839 4
1028 6
7163 8
5123 10
1157 4
6036 5
3713 10
2996 7
664 10
8468 7
8401 9
583 4
264 3
8605 10
6059 6
4089 8
7613 2
1113 2
3986 7
3272 7
9463 9
4324 3
3117 2
3166 2
1000 9
6638 7
2411 4
1292 3
8055 10
2163 4
6535 9
3258 9
249 6
3696 3
7075 6
8278 5
3317 2
4077 8
9656 10
5774 9
2505 7
4442 7
8675 2
5772 7
4387 6
8046 4
6972 7
279 2
4424 7
7876 10
3346 9
9246 9
374 10
9177 6
5743 7
852 3
1585 10
2336 6
8758 2
8832 3
2337 10
6053 10
7283 7
5599 4
2090 5
2091 2
4392 9
4143 4
5166 8
8925 3
3966 3
6187 5
9516 8
6392 7
2845 7
2769 4
1352 5
4584 8
1592 3
3496 3
3568 10
5492 10
7423 5
2165 5
2656 10
9016 6
9176 9
1683 9
7017 8
5111 2
873 4
6434 3
8747 2
3150 2
7451 4
4030 7
512 7
5665 2
9717 2
783 10
1599 6
4799 9
3925 8
3247 4
1825 7
9308 5
9083 5
9065 8
471 7
308 8
4281 4
4189 2
3405 9
9358 9
1947 3
5510 6
7598 9
3724 5
4219 10
1295 8
3767 3
1903 6
7537 2
2665 8
9279 7
8289 4
8153 8
3167 9
8621 10
7088 6
5034 10
1174 6
7519 4
3787 8
960 7
6958 8
2596 8
2230 7
9354 2
2978 2
8038 2
3073 2
8959 3
8961 5
7079 4
2705 8
1354 8
7989 7
2170 5
5459 3
94 8
4606 9
657 8
2947 7
4768 8
4259 3
7614 9
927 6
6697 2
5149 7
6263 10
4778 5
8029 2
3472 2
7203 7
3359 9
7434 7
7855 4
6042 5
382 7
9433 6
8166 9
7080 6
3444 7
810 8
7565 5
4971 3
794 6
661 3
3172 6
9061 10
8887 2
6385 7
4121 10
3106 7
8526 9
7543 3
1588 7
8269 2
7455 5
6378 2
5366 7
8775 2
7840 7
9716 7
5189 4
2131 4
2651 3
9743 7
6027 2
8129 10
4831 6
967 4
2934 4
998 5
8844 5
4808 4
2761 5
4165 9
7384 6
7096 7
7907 8
2270 8
4236 3
2403 9
1266 2
8357 4
5076 3
9013 6
2985 7
328 6
4042 2
4305 10
5212 5
6217 6
5290 8
140 7
7154 8
362 7
6657 7
4198 4
5830 3
4592 8
3337 6
7266 6
9280 9
6899 9
2854 4
8419 9
5650 2
6706 2
3499 5
3370 10
2218 2
5490 7
837 7
4887 5
5526 4
7551 9
7461 10
8567 8
3439 5
5840 7
3959 3
823 3
4776 2
3354 9
5687 2
4700 5
5628 8
3278 10
7650 7
6399 7
2657 3
7197 5
9278 10
9416 2
311 4
4421 6
4339 3
5385 5
6383 10
6157 4
6652 4
8039 10
1997 7
1690 3
2945 5
3128 3
5134 5
1937 6
1666 9
3492 6
4493 2
3406 4
428 2
9883 10
7198 3
4859 10
5480 2
2328 4
9269 7
6134 5
4711 3
7103 6
9630 5
3387 5
8067 9
6123 4
7168 2
2782 9
1389 4
5839 8
2907 7
2460 3
8670 2
6895 8
1696 2
3684 3
5413 8
1528 3
7800 7
6624 5
344 4
4518 4
2751 7
4652 2
879 7
1074 4
3633 4
914 6
942 2
8462 2
3459 10
468 3
6504 10
4599 5
2586 2
3998 7
2932 2
8655 3
6116 6
6795 5
1220 3
4115 6
1380 9
1612 8
6596 8
5153 3
765 8
2315 3
363 5
9824 3
5663 8
3561 3
8712 3
8614 8
453 7
5295 9
4789 7
2000 9
6763 10
8550 10
7779 5
9582 8
4202 10
366 10
8991 3
1523 2
1474 8
725 2
4553 7
7889 3
2676 10
1260 8
7302 7
6752 7
4209 7
3446 4
616 2
3693 10
3292 7
9090 7
9928 3
9853 8
8671 9
6890 8
6336 3
9728 2
8244 2
4611 4
9268 4
5029 8
4123 8
4668 3
3934 2
1194 3
1839 7
4396 7
6695 10
7030 4
3229 6
8321 10
9095 2
5593 9
7355 6
7301 10
2703 5
4957 10
4328 7
33 3
8101 7
8491 5
2776 6
9858 7
5114 4
5119 8
1575 3
8836 4
9539 6
3995 7
9292 8
2821 3
5407 8
5581 3
7258 6
2189 4
6457 10
6339 9
8092 8
242 8
6272 6
3139 8
1843 10
8822 3
3000 9
9881 6
9924 10
3424 6
2635 7
531 6
1137 10
3455 6
5940 5
6165 6
3965 10
7011 4
4033 5
3841 4
1741 4
6558 5
5771 3
2449 9
7642 7
7695 7
4588 3
8323 9
9167 4
9429 7
4543 6
7170 3
8755 5
9977 10
24 4
9591 7
3207 9
706 6
2866 4
2980 4
6309 8
1710 7
4860 9
9120 10
3331 5
1922 2
541 6
350 2
2832 9
5572 5
9067 3
4423 3
2616 3
6952 4
8476 8
8077 9
3325 8
4072 3
912 9
682 6
8193 4
3849 9
6340 9
5740 9
9997 5
6821 10
6160 8
1156 7
5068 8
751 2
2661 5
5637 7
6888 8
1886 9
2341 6
4574 7
3045 9
5588 10
4264 6
3651 6
2731 7
8733 2
3958 3
4019 7
7152 4
8563 3
1679 7
4074 9
2850 8
2342 10
8743 9
6746 5
1598 4
2431 7
3019 5
5797 4
986 9
4491 5
3536 6
5260 2
4898 2
2470 5
4708 9
3227 6
516 2
3308 6
5229 4
9588 2
3876 2
9037 2
4475 7
6033 8
2251 7
8725 3
5297 6
5664 5
194 6
5706 3
9307 2
3900 8
143 4
3882 2
6753 5
1128 6
7526 3
1854 7
2549 6
7808 5
6828 9
6198 5
9369 4
744 3
8751 2
7192 7
8090 8
2773 9
8340 6
9322 2
6178 7
3815 5
8642 2
3211 9
2373 2
8230 3
6575 7
3077 10
5794 7
4705 8
8663 10
7866 3
1117 10
7379 8
1740 7
9622 6
1498 4
4605 4
767 10
7587 5
5853 3
9149 6
7440 7
8587 10
9282 7
5270 5
2150 7
2347 3
9445 9
8940 8
6127 6
7780 9
693 10
7859 3
7106 5
4525 2
6505 2
7458 9
3570 6
1719 9
3238 3
8122 9
4082 10
7594 10
310 6
7617 6
4985 10
4738 6
9998 1
89 9
144138798 12
102513351 2265
123347771 1731
137016431 110
10839513 2304
19708392 5683
103151224 7752
41478743 1479
1760182 8835
51353575 1238
101948293 8100
57884937 5534
6751508 3253
200000 100
3646 6
5500 3
2058 8
2730 7
9560 4
7278 3
8818 4
3863 8
2367 10
4447 8
1770 2
8674 2
6630 8
2965 8
3228 10
2263 5
444 2
8810 9
7789 7
5986 7
1775 3
9610 9
196 3
7438 6
5966 3
3037 3
2206 4
7305 3
2323 7
4539 6
5567 5
7085 8
2371 2
3272 9
1799 5
5137 9
7876 3
4586 6
944 10
2713 2
2265 6
5266 2
9120 7
7929 3
5989 9
5932 9
9987 8
8116 4
4114 3
7445 3
3014 4
5644 2
2459 6
9644 9
1329 6
4875 7
6635 9
4711 3
3904 9
9988 1
9507 7
5430 6
9631 3
2112 10
6273 3
8171 7
3622 9
4564 7
349 7
2625 5
1945 2
4049 5
5000 7
8651 9
5165 8
9863 6
548 8
5249 8
7159 8
7148 5
9477 7
6017 3
9930 4
1697 2
4372 8
3070 2
3811 6
8048 7
8235 7
514 10
8816 5
7745 3
7634 2
5157 8
8800 10
9618 2
6658 7
2399 4
6948 4
8994 8
535116460 12
204205667 6985
383391349 7131
228637171 1112
314755035 6472
167840472 9458
190584593 3174
219434115 8221
379266609 1704
276450598 4156
279176783 7474
358411826 6458
114503766 9526
526016490 19
391998726 7069
107378098 7629
253020207 2063
206442729 4043
276446938 9720
67562863 9902
445075180 5552
398535041 896
369788125 3380
102040408 9321
187084157 7352
400880698 2357
233811010 7504
150166194 8174
314762613 1644
215702448 480
210214863 5423
251546334 4379
47711258 3977
200000 100
9165 2
3477 3
9977 1
6288 2
9603 3
6208 3
680 8
5716 7
6506 7
8107 2
9780 5
2113 8
8778 3
5852 7
245 5
7744 7
7638 4
8302 6
2893 8
5306 5
9502 3
3495 8
5737 7
9076 9
7128 3
9976 9
9474 3
6877 5
9587 2
2847 4
4681 9
6974 7
7299 7
6157 10
4248 2
144 9
1983 7
9175 6
4958 3
8954 9
8679 7
4219 10
2160 6
993 3
743 9
6376 3
3849 7
1825 8
4200 4
7582 8
5031 8
9378 8
5820 4
5696 5
473 8
7225 4
6901 8
6230 2
2753 7
4462 7
4444 5
1037 4
1905 9
5976 4
8734 5
9551 7
5471 10
5000 6
6083 9
7414 3
8807 7
201 5
6472 8
1431 10
9427 5
4737 9
594 4
4885 4
7621 2
3892 5
9348 6
4825 5
6027 7
6771 10
2813 7
822 9
6189 9
1730 6
4615 2
2181 6
1548 9
1346 4
7681 4
2644 4
8121 3
1615 4
5334 10
9381 10
1724 4
2852 6
280584920 1000
150678128 5038
213947423 6188
20028331 335
25217330 5393
263714062 2038
40281332 172
161074699 2229
238351909 7511
43206482 5422
263221789 4666
230311518 8369
36528419 1608
21131678 8390
276890759 1318
210164866 7834
40781999 869
1764036 848
159446463 4087
94180733 5607
39047234 6495
48558555 7016
100881944 560
76786357 5682
205967718 361
39962897 6399
146353067 8691
98765418 2046
166521493 4827
271848947 6548
163914591 8288
70273978 6535
132907348 8963
99073333 354
256701155 1086
26557381 6304
112664888 5996
59344682 358
234838215 7668
253834070 7356
60862164 1257
74706460 163
191719097 9590
28202118 8550
105894948 3836
140795194 4064
270848759 9181
194897807 2200
125988112 3886
270027376 213
251119324 4802
41784090 1852
182999983 3844
11816583 9825
32851894 4484
258468950 6194
266883146 8445
236951444 319
160567101 3588
43981783 2601
189855208 897
116877542 8105
162356901 9739
3421124 4269
217826178 742
239651289 8143
55111491 8329
41090677 8596
227212343 3885
68303838 9511
226988636 5285
52911420 2782
87461749 7779
149948383 7631
93073631 7530
122868479 6441
218765600 5671
97082200 9698
123394352 3854
265891253 5449
49967840 432
119555955 9881
106803882 3595
21506078 1288
55362045 2184
257112844 9818
41805136 1474
201482658 1130
245979489 6283
224395824 3309
68849321 9086
33119532 6706
224556737 3326
244631058 5522
30867536 5220
143106458 3974
150740323 3559
263162598 9335
202670359 3085
265451235 6122
132592646 6097
143355663 124
273891005 1285
89478580 4734
190540381 1308
58162568 9023
163039515 9536
233574987 9573
95864402 5763
135451768 1136
45375620 149
93150710 4770
92216005 526
93751441 9067
221854789 7165
223449132 7053
144319432 2288
10306423 9616
244151508 457
201450231 4900
145534900 3169
125652620 6902
138624342 7807
202053518 6161
164741493 7856
217264152 6186
239243582 1900
241456025 2269
256525351 6791
270895496 8029
14796268 1073
82058753 6313
208375895 2913
59100917 9035
159513660 2366
14991677 1228
229407340 5177
1856417 2408
151692133 7638
238276368 735
201814872 586
90954945 3172
233085743 503
182873563 8745
143672571 1868
92208135 3649
78776976 7551
168958514 2975
257988332 5578
227894885 8918
115772378 6559
75899235 2503
126732814 8675
128262364 103
120288692 4987
139508225 9140
102641221 489
189885582 8368
146066025 5030
265912150 863
111462468 5628
244226034 7438
180198602 2206
60336653 6198
215527123 1331
27564246 5611
87060146 907
18231123 7628
138485248 9413
44220059 9881
272721466 7230
52957878 4034
18087390 3858
86338226 328
83591851 8515
17800893 867
144882202 54
132330835 9925
199915138 889
66486843 6712
5193016 2253
61891218 2286
89130207 5345
70411703 7862
236740519 3897
181354465 2304
133512859 2048
250414284 3453
258961333 2615
45325795 5149
78722162 5575
17584845 1584
65821769 1771
175698970 2707
236470474 6300
63480115 1969
202120309 5021
130024467 9128
151963785 8838
208839878 8419
191663231 5324
269158006 906
56906168 1964
49907334 7
87609699 2464
84333608 9461
172090500 2470
23274150 5018
154391490 8685
108955639 2421
219471398 6988
175728466 7635
125839134 7365
179887672 1526
201720228 1080
75983794 8141
182169742 3227
162100452 9045
156363905 5533
80280689 2725
194049533 9557
82216485 9779
165884024 8751
137593540 7784
86469888 480
272656047 6011
168029354 8702
222433594 202
87310454 3277
197245654 7189
65151441 7080
218304156 3951
76524716 5729
74436322 842
245067256 5586
32988877 6401
35827174 2717
11190617 7923
131008315 8190
236820759 795
268716955 6543
270313397 1965
240372999 521
150853 4804
74168899 1711
123153248 8805
197366065 8636
68771661 5894
103331878 4341
105637963 2179
161541003 641
29309455 3584
169773525 6212
180712998 4074
248752199 93
200612109 947
93704008 6648
170411123 9957
217170591 5828
97331787 4421
111406200 6129
161695752 7138
218786172 8092
38296211 8584
17713638 2379
244440217 6846
32550424 4684
154792214 6654
171423893 225
62498436 9586
13851943 1185
183154148 7918
76980522 8374
89767918 4446
161632991 32
23858248 1897
80024493 7476
167924254 8117
274260877 3661
169021016 5238
122128912 825
121953376 986
225152809 1322
39641470 7951
184692372 3712
255511420 2581
147509552 1643
179061574 8819
240447985 6591
201625980 5528
64112989 7622
272151330 1488
223255716 5661
57455574 1214
210523748 1526
237068514 9176
195502159 8471
54205159 1059
261461858 2643
264622785 4605
40163294 4975
192547521 6734
53043305 1418
257122471 6284
140577856 9948
245887671 69
110522842 2767
251442105 513
131315507 2461
141774890 4057
49157876 7248
225267225 9521
184744835 1026
241379434 6458
181058862 2918
17994896 1004
230898627 3283
21357715 4721
117488356 4312
33038787 5179
185357613 299
3532049 9869
218464489 6680
195564334 7670
230837045 4093
63455533 1600
133820253 6273
274362763 4244
127092373 4221
76920757 1963
270342039 9945
28719097 7032
201507813 8877
75278050 7083
13830003 5687
89932921 6314
158106927 813
30553014 8689
174448370 2026
36864255 2147
84081863 6338
237026833 7472
156185806 8896
139150845 3944
204097462 5007
60043740 2353
100251720 7517
201866573 2902
136665320 1459
123976669 7936
96378602 2758
54354468 3009
52817751 1733
35152136 3015
131660002 4774
263750420 4242
259672826 3160
155799952 9003
264304029 414
40920678 9275
20222924 8817
46466975 4822
88210922 8432
67819239 1179
105147645 2115
226619009 4798
18286925 6671
12791723 4324
38055121 8429
32841022 2351
234392230 1416
251308396 5692
46559324 2348
195284639 1999
181047963 6447
99822142 4658
270716517 9560
161428315 5510
48115630 9898
265741821 7692
13070722 921
184870479 897
2165067 1876
220396009 8201
206809460 5170
131895779 4117
276806832 2735
22131293 1833
55543521 9616
228458510 2889
104602784 5603
71323386 4180
114392658 4109
268671651 5876
191979771 4324
9764117 5192
258463590 1269
266782046 1911
68734615 3541
123468442 6196
40858770 6651
174216496 9829
9222670 6148
13280737 5291
163028585 8877
167291138 3750
211842763 3583
254127613 6071
75774997 7707
89765802 5975
125227043 6702
120693486 8191
274673862 3553
13439056 3309
267123759 3528
240771802 3064
111356518 7720
243858972 2220
236096034 6517
204718823 2759
272664582 4584
37458699 8770
198307402 6696
138588859 6265
242506822 7815
1706344 6834
28995541 2
163694738 5588
8148065 4213
234089838 6597
162515709 1515
116903619 1946
26196966 6606
242615098 5801
198109819 7155
99938517 462
56503826 6319
49325217 9526
115291349 7725
5178956 5160
143730562 6047
256285619 2210
214117440 295
152861912 8728
20847874 2792
167736260 9078
77962006 5533
253770406 5615
265641274 4301
23376227 7061
45748824 8531
148868316 8991
148507099 295
82256861 9144
272542279 9532
97712978 1885
266636725 6201
104183211 3491
192457040 1850
139682638 3668
276183108 6547
59519179 8265
239839154 1327
20395632 7796
36833513 159
151993878 3598
270304675 5961
166096347 3540
65740747 2195
207816782 5364
68873798 9553
174870732 775
204648706 1653
151981994 4927
225363544 9059
9690308 6895
239189735 5489
240768081 7926
31317885 5384
65124071 2889
85075900 4296
34987208 832
17922413 3748
194711768 3148
78570841 9844
56405755 6147
152864699 7610
114075307 8287
34932375 3683
31373072 8394
146171147 1424
262626928 2268
43864256 6394
154597631 7204
268774186 9744
263943034 2128
276093869 2892
74983366 8653
115199937 2955
116652498 5561
219630114 990
270811639 2987
76597221 8818
223612711 4549
240428852 4847
87002236 914
54005662 9757
208290333 256
86328647 5326
103048515 6596
153699828 7926
275885379 4294
48950382 396
21950048 1376
177607408 9142
47399220 1987
180617114 212
132671709 7975
267325140 5480
83648444 4016
99298285 5261
65065776 6826
250300440 428
136410937 8547
233284057 8660
89545725 4468
70189900 3914
84454399 3980
3834679 9255
96093246 8154
128079071 980
97116643 6033
87088098 6677
190782307 1357
175826044 5397
15242309 9271
235771928 7138
88827884 509
158082026 4248
186484591 4675
67919393 3337
165505593 3619
207864796 4236
61395753 5635
154670542 7778
67125885 6127
29449040 7586
254398062 538
242462625 593
229051932 2144
208657629 4753
78715673 8585
114530329 396
260791827 2251
108051399 6724
130979081 2281
136376154 68
231290111 8231
215085363 5245
224298944 4392
261863702 6707
67030031 3629
2058642 4629
268541959 2216
178621513 2142
46734747 4645
187639107 818
162518247 5297
186662182 9968
13279330 4397
93999846 7394
145032300 122
80419893 7411
176236897 8731
185280647 3179
188971516 4813
203820854 795
62135015 940
75615318 2040
120210135 5538
203033460 7908
255540652 2866
187998618 538
20682974 6610
126220221 7059
274928295 8913
60352645 2414
52400410 4793
197377909 9994
69249142 3862
61392819 2205
81117271 24
5997802 104
229159646 8076
261421316 6670
272731504 3264
149611997 3513
141875471 6665
272913709 3772
62762503 8243
28376126 8842
5229642 3503
70902814 2050
116882596 9939
4764503 5612
104411723 8378
245016644 7420
231866333 651
207217603 8608
72744667 7590
181051858 367
33516675 9014
213790805 1970
262939102 7988
231504468 1881
7647417 4311
14341571 637
67508476 4812
135763082 4706
127460362 3556
40738202 4261
105350973 6215
64673234 5244
139123059 8130
88334507 8185
27806411 5429
164131205 7576
7768445 5305
52707194 2165
133249007 4703
205385976 9427
163841405 2327
244471744 2134
119663397 4495
224058347 9367
114605616 6622
34108252 3101
26669511 2870
116157595 3510
26948869 7410
238660365 5049
26628327 2623
35926479 909
228161868 7421
109553689 4537
265556207 3751
245735285 1044
23889770 706
179967015 206
227114367 2912
200065150 8769
32875844 6410
237353546 1778
243524396 4490
43845252 1358
175336226 7972
3112016 9001
203925832 5143
48367517 3208
158397560 5413
141731577 1789
80840213 5305
81030673 7212
106312289 2588
121330910 4984
37242468 3203
104403933 2190
240624153 1442
237004270 8922
90329485 4153
228902665 8697
47090960 2685
274304356 2991
8808128 2577
160295030 9510
21308302 2726
248311737 4528
108477129 5311
49104876 3270
138975543 4720
201445631 4979
162940974 416
19355190 8678
67366602 4713
129218541 8262
153661917 4952
260473435 2846
75469363 5438
152896213 6629
143754188 267
141693241 2273
15928058 4254
182452908 642
231373952 2403
13668418 9890
222593594 6685
22454970 6001
139064881 3891
126939352 1776
172779456 9785
108510574 2547
264969145 2578
139845672 1657
121198989 6895
57286937 7175
104024700 3091
145721160 515
204678645 3244
188386271 6991
47719220 6782
275540764 8467
153679632 1876
166124706 9516
142310459 6813
126404780 2111
69238755 5707
10924588 1778
68925909 8925
191430281 2963
184848722 945
116085310 1175
137506801 4659
70418893 5270
4414340 4731
150849542 188
163577264 3689
192698792 8019
213907909 4253
223452680 7563
153101930 2634
226614565 1288
75978320 7578
243372401 5287
116416052 2449
55130800 6151
142755530 7636
24327005 2167
33544713 3538
32981047 9649
249962013 6947
174879986 2951
261697130 2059
140032372 5166
69284596 2859
16419922 2849
260862173 2992
184329887 9963
146214611 787
51600726 4028
121510116 4981
233404339 9784
98630353 767
181313648 9042
219476331 4175
133353027 529
217760904 8075
148837207 7698
113235662 1072
144841803 7872
251679828 366
52078440 6487
123816699 8032
172249019 6980
87710882 7886
103880053 798
143337492 7570
154092558 1114
2557211 8366
158496846 4882
247860252 114
176964201 284
68212328 8719
133396755 5369
106582399 3148
146507584 7897
239308273 3
220821493 1842
271090199 4598
90019716 8896
252057246 3771
121051383 3470
160849384 1751
249333251 483
7833248 6306
90622438 1534
66394113 2873
271515620 4486
115023375 874
266525384 8281
72666314 9790
128515309 3672
225837984 8665
154529712 4870
16719138 1427
215007349 5805
250396395 9412
212283418 2424
141386839 6113
155080461 4757
87273899 223
245062062 7650
91829157 7387
33832990 1868
110847137 1288
6198298 539
141168813 872
199998964 3643
266867254 781
19685621 5385
142259967 3735
250316077 7890
123674424 5348
235665086 1895
206949181 8623
125949529 555
27939601 4396
257550391 7372
103654274 2472
159454399 3071
87477639 9583
46061648 6388
244843449 9540
85374674 2406
225124336 4843
138881460 245
63721507 8912
129764550 7988
55766810 512
209185242 7137
217130673 829
27579997 5078
264699991 6082
113222509 2852
200875824 4340
235715412 9497
48308550 1184
175428483 7692
276212121 717
246850492 7076
163220604 6316
191758045 9121
252146755 9037
168682948 7572
8395968 8526
20989394 1331
38127042 6029
13627907 6069
128954756 4537
68522221 442
175710980 442
118872000 2017
223008469 24
69421220 1990
223921044 9451
270044390 8583
163403247 8440
262562677 2834
213174514 8992
24487075 8665
42128274 8482
37935014 4000
186220528 8829
11777205 8554
118156830 8131
72753877 5921
259957217 3025
112758204 1570
258441868 3174
192831857 3578
182524517 6490
194562772 5689
165937236 5540
248421107 5755
121626947 3823
51391796 4178
244063102 5694
238016933 476
212572473 3162
118918239 1054
176371779 7844
21822856 9297
142289946 923
162885421 1850
215288929 8678
228882497 9866
196380995 1785
97972831 4769
151871785 9944
134841536 5593
229653802 9692
88136677 5262
120161449 1556
64693983 3909
138319970 2573
255181343 346
198536697 1640
29463975 4437
179721748 3965
64852403 5307
66127590 1102
198411105 9042
73908024 4564
276004049 7009
192059347 5918
238099432 5858
251236617 7355
87718122 4164
133400260 9998
36941297 6061
90920447 8465
68874951 2993
157883221 6131
70129330 3561
156765597 2427
50131018 9953
192829449 8968
109130167 3219
129738643 7554
271010432 3864
199670360 322
149158492 9398
9925000 6835
121109858 1447
169499530 2217
206385892 7600
147222214 4053
48143763 827
172649901 5585
274500885 5874
81270098 2539
196319283 5218
112013053 3772
279246879 4671
121536417 5774
19461106 6226
257166187 4037
149432965 3474
180847157 2217
243125595 68
174523111 7652
140653773 863
127216830 4368
218890759 2820
25114507 1086
256835078 1618
146523831 8171
146264576 4783
251484568 5467
254484863 5467
1059151 8891
213657283 8841
110076162 2403
247799408 2784
195434110 1169
19345780 4386
153705771 2683
269908851 1238
264055128 2553
197061620 6462
89759939 5920
278798265 6301
52007469 4583
190527444 790
162233020 3820
194551360 5167
208598517 4642
227622855 7622
143189084 1491
193560112 6404
160687823 759
170180836 7848
234694370 3464
240036967 7024
116758871 1551
195032368 2559
9054248 2710
171401871 2106
172596986 6043
85431648 748
196483452 670
173420922 2379
9875671 3387
2916861 3427
134087998 5320
116223412 1131
234222158 8662
49183499 6941
13183035 6310
270980146 498
59084798 9411
222833947 9636
277905623 9690
137436791 5942
157732454 3962
130970053 2225
165242452 6875
261237383 5952
75528285 5947
100288016 8321
167971781 9718
25983791 1811
746038374 33
261409714 5784
697404531 5900
190582475 9863
196749571 9815
566158645 4986
139626119 9309
473147343 6646
448355764 8791
416116413 5749
708156520 8414
85701782 8324
158407655 3984
132323849 9995
440284555 629
508566319 190
592122562 901
342742208 2372
496161867 5050
234280754 9111
186853729 3691
536060027 4543
136565676 846
12625378 8633
173562413 1616
96298481 2794
513687377 8704
460706230 1115
24427307 6450
798168 7552
301358308 6438
19714510 8714
719994026 9055
423023070 5413
921184250 3
706163686 2222
506191005 2747
604486549 9681
1000000000 100
900 10000
7700 10000
300 10000
7300 10000
700 10000
7900 10000
5200 384
2200 909
8800 227
5600 357
9600 208
9100 10000
9400 212
7800 256
1800 1111
3800 526
6400 312
8000 250
4600 434
8600 232
3500 10000
6300 10000
9000 222
1700 10000
4900 10000
7200 277
5800 344
5000 400
3400 588
9700 10000
5300 10000
8400 238
9200 217
5400 370
600 3333
6500 10000
4400 454
2900 10000
1200 1666
9300 10000
6800 294
2300 10000
2800 714
4700 10000
4100 10000
3300 10000
6100 10000
2400 833
2100 10000
4200 476
7500 10000
5100 10000
1000 2000
200 10000
2700 10000
6000 333
7400 270
5500 10000
4800 416
8300 10000
3200 625
800 2500
3000 666
8900 10000
7000 285
6600 303
9500 10000
8500 10000
4300 10000
4500 10000
400 5000
5700 10000
3100 10000
3900 10000
6200 322
3600 555
5900 10000
6900 10000
8700 10000
8200 243
7100 10000
1900 10000
3700 10000
7600 263
1600 1250
2000 1000
2500 10000
1400 1428
8100 10000
10000 200
1500 10000
100 10000
6700 10000
1300 10000
9800 204
9900 10000
4000 500
1100 10000
500 10000
2600 769
411243665 100
183893656 7550
6115862 1731
356347325 1228
312645170 224
246680681 5078
360690972 6399
331328914 7575
352156604 3186
293193469 358
285840669 6769
114043211 3678
218484414 7617
249054675 8884
110664929 1662
138742950 8348
122681691 1670
224110414 1218
22366245 2325
384743706 7109
200904613 4401
166339336 8689
47119420 8734
314195197 8945
138513056 788
356089278 1693
236034458 7432
128681399 7406
305712460 8718
63651149 7318
172646535 1732
43812402 3800
292468218 4698
180868697 795
278031339 4097
255930746 3905
335775195 932
152781435 6328
353781497 1331
333033271 7555
84521018 4714
404270533 9334
36024709 4892
159094892 1330
386995134 9442
113817987 3853
367282394 8576
281621430 9607
293778758 4769
70610866 2208
149658900 3914
367986265 6655
97593531 8551
160903696 5702
33377772 6909
87481930 448
17771144 2604
197114278 2833
178650893 4546
144515361 7820
373563917 3813
194497671 7541
87364029 7875
23098998 7990
321782432 684
160468813 4224
76183963 7147
379856829 598
300430289 2671
214850199 3370
110334583 9717
60388833 5640
217941525 1599
197445166 47
162821466 9249
155994298 1511
24659030 5867
68866294 2967
349339726 6362
161003611 9287
293663788 9975
152740774 8607
229660884 209
321837006 1034
368468673 8149
285591663 6297
190787235 5349
234132081 6144
199800349 7800
335548622 240
223487777 3836
237439270 7321
51577450 4021
82580843 359
185740148 655
44722934 5725
257172239 1628
140444257 744
348264323 6442
256726979 3378
407661352 7690
200000 100
655 3
9947 1
1571 5
2370 3
1526 8
9493 9
3331 5
5368 2
8973 5
7794 7
8494 3
4907 7
5000 3
2991 9
7988 4
267 10
9430 2
8114 8
7921 4
9549 3
5872 10
8103 6
4308 4
314 2
2404 2
5822 3
2989 7
4300 5
768 4
9946 2
6939 7
7439 4
7597 4
8464 2
6643 3
2120 9
982 4
4917 3
4744 7
39 8
5533 9
7834 5
531 2
5146 3
7791 3
1520 4
2590 10
8318 10
2438 6
2694 9
3377 8
4117 9
1064 5
6326 8
6043 5
7216 2
3770 5
3924 9
4848 9
6684 3
5162 6
4456 2
3089 9
6294 10
8489 10
864 2
3757 8
1206 8
9550 5
6117 7
5576 7
5991 2
7358 6
484 7
3071 10
6828 10
8134 3
934 4
4199 7
1244 7
7810 7
8484 7
7409 7
2095 9
3491 5
1554 5
4242 10
788 10
589 4
5345 5
4792 9
3665 9
7086 10
40 4
9704 9
4883 4
7816 8
6226 10
1003 6
8412 7
200000 100
2765 9
2651 9
5111 3
5534 8
5611 4
6221 4
2548 9
8887 10
1946 6
6495 4
1708 9
9164 6
2172 5
3810 10
6433 10
6597 8
4562 10
6013 10
9646 4
3901 5
8807 7
2118 9
1842 3
4860 2
2049 6
3491 2
3616 9
7243 8
3259 7
3463 5
1144 4
1759 2
421 5
3168 3
3751 8
5527 2
5279 6
740 5
4573 5
4954 4
7108 6
5568 9
4193 7
6925 6
9650 2
3967 5
2995 8
6701 6
7899 6
9713 5
9688 9
7221 4
8081 2
783 4
3584 9
4269 4
4646 2
5487 10
9714 1
2917 3
7384 3
7534 5
2646 7
514 7
212 3
5491 5
5000 3
2755 5
5476 4
4808 3
5022 4
8068 5
8663 8
1749 4
5367 10
1175 3
6642 8
6774 10
2437 9
1867 6
5048 4
1996 2
3793 2
1225 6
2077 5
2750 9
9559 10
8718 10
1052 10
6382 9
3938 9
695 2
2624 8
1660 4
4602 8
1676 6
5490 10
1506 8
3697 7
8578 6
200000 100
6412 10
7267 10
9067 3
3201 10
3153 7
2769 8
2299 3
4047 5
502 6
5125 7
9271 8
2366 5
6342 5
5344 4
6184 7
4993 2
6812 4
230 9
7311 3
8406 8
9823 5
7874 7
5662 8
9296 7
3252 8
9193 10
9633 3
3812 6
9506 4
6747 10
2469 8
7202 9
7608 4
7350 3
2067 3
3181 3
223 7
1250 7
785 4
8137 10
5221 6
5878 9
2831 5
6080 8
8054 9
6489 6
9966 1
6846 8
3776 6
220 8
4822 8
2057 8
3648 6
401 9
4955 7
8608 7
3959 10
6806 4
3500 5
6235 4
6687 5
133 8
3608 4
3151 5
1113 9
9187 3
3001 7
9185 7
5032 9
8211 4
5000 6
6973 9
6288 6
7567 8
5787 4
6128 3
8078 10
7616 9
6781 5
4339 3
3126 3
6147 4
905 8
9965 5
7260 8
8423 8
3564 2
8 3
9510 5
3745 5
5959 2
1814 6
3560 2
6316 4
5012 10
9945 3
566 6
9908 4
3984 7
8808 5
334061113 38
166032327 9944
258771776 4208
190599556 5861
59280940 5887
12701060 8511
74794736 7600
158707968 4437
313787000 3307
245085268 6876
170213672 6871
274399905 2259
296959326 965
9672237 5916
304415657 5611
29970882 7788
145894286 6539
226714343 3260
179497738 2618
324563478 5800
133874973 3679
28579661 2662
233040058 6277
180549181 1110
243015991 530
119542976 1388
126544024 8469
193116383 3165
275046513 9165
84088775 9538
167158803 5176
192043950 1255
82481617 2962
43456818 8438
258604061 2205
34304731 9145
60319604 238
100638503 6180
37203305 78
1000000000 100
999999920 81
999999985 16
999999918 83
999999981 20
999999941 60
999999936 65
999999960 41
999999988 13
999999911 90
999999921 80
999999986 15
999999977 24
999999903 98
999999928 73
999999994 7
999999927 74
999999926 75
999999937 64
999999945 56
999999995 6
999999905 96
999999990 11
999999951 50
999999996 5
999999919 82
999999954 47
999999969 32
999999991 10
999999939 62
999999984 17
999999982 19
999999901 100
999999942 59
999999948 53
999999961 40
999999914 87
999999900 101
999999965 36
999999917 84
999999955 46
999999909 92
999999924 77
999999967 34
999999962 39
999999907 94
999999940 61
999999966 35
999999913 88
999999992 9
999999910 91
999999947 54
999999972 29
999999979 22
999999999 2
999999908 93
999999957 44
999999971 30
999999943 58
999999932 69
999999925 76
999999958 43
999999956 45
999999952 49
999999922 79
999999916 85
999999930 71
999999974 27
999999933 68
999999904 97
999999980 21
999999975 26
999999912 89
999999973 28
999999944 57
999999929 72
999999902 99
999999987 14
999999959 42
999999978 23
999999946 55
999999993 8
999999915 86
999999968 33
999999964 37
999999998 3
999999935 66
999999997 4
999999931 70
999999949 52
999999989 12
999999938 63
999999934 67
999999906 95
999999963 38
999999950 51
999999970 31
999999983 18
999999953 48
999999976 25
999999923 78
200000 100
4305 6
1905 7
5257 8
7234 4
8104 8
8827 8
5051 3
2692 10
7944 3
9198 4
572 4
6396 10
4986 10
6203 7
7925 4
1890 7
3466 5
1130 3
1990 7
3158 10
455 10
6771 8
7700 2
9635 5
524 7
79 6
9879 8
9590 10
98 7
1681 8
8707 4
5771 5
4353 3
456 10
5473 8
5414 8
1786 8
3699 7
8846 10
6073 3
4223 4
7866 6
7311 8
8745 10
5013 5
6925 9
7963 9
9807 6
7342 8
9942 7
5153 4
9948 2
2732 10
4398 6
1296 3
2911 5
5818 7
505 4
3180 4
4079 5
3495 5
5937 2
4490 5
6792 8
4799 5
8075 2
4815 4
8999 10
7268 2
1774 10
6677 10
5398 9
5723 10
3007 2
5568 7
9949 1
344 10
82 4
1663 6
7495 7
8983 3
5000 10
5762 4
2148 3
8874 5
7102 7
3849 5
3105 5
631 7
3120 10
2042 2
1222 9
9913 9
1494 9
2967 10
7322 2
2922 5
1359 4
7177 7
4867 8
65049517 23
39661823 9836
16835656 9006
29139792 2507
53273022 1293
63082562 2994
32910441 3685
45108659 8710
64528731 7484
59450996 3363
61813795 471
41517652 8414
60813412 1605
43291875 7502
28352654 51
40414911 2903
62148586 8818
14395559 4592
7842313 2846
784748 9742
21571508 6345
15057410 2580
43515458 4586
29915443 1758
473241509 51
74385463 1794
22354784 2385
417918140 9923
309609491 7247
426060411 8359
465095946 7319
216532993 5750
432851605 4906
181307542 5850
23316282 1892
375702517 4400
330181822 1059
279343551 2259
245731745 6972
4009870 3833
122047291 1728
292400705 1934
361304392 1172
454085081 4707
17669729 895
165955004 2163
153388763 482
95508081 1414
310674513 9239
216802839 2874
195879726 9296
274709104 6586
227319543 141
331583488 5553
427888298 7988
465627305 3333
408506501 6381
248887746 7219
80682707 9462
143874795 4307
304045765 954
92522280 4731
37536984 8903
420736029 3423
450743334 6794
447552970 8122
423486698 8772
176312077 4979
247849422 8487
378188275 9086
366439241 6224
100813344 4194
285145696 859
49910860 2779
14625899 8619
470314744 5203
446707932 6
306410256 6584
429712887 9562
305372408 4020
40991281 3413
226784771 4649
391202994 3232
736313696 26
277798063 2959
316245806 6497
26348536 5468
618427836 3598
552580424 699
208689589 5249
303272578 5485
549303346 3132
551808722 9248
554432194 9918
181168881 943
642325275 2803
82260449 8047
350877633 4125
189760274 5121
484505952 6334
476796895 2401
530726660 1620
662965126 5289
382871570 2368
482919633 4320
713917494 1813
207420788 1073
383506450 3807
568808040 2075
385011731 1877
151616082 1
9378458 4081
200000 100
990 2
5460 4
2709 9
2248 4
6262 10
9112 9
3350 4
9568 6
2477 8
3464 7
8894 7
1668 4
1479 4
9857 4
8650 5
4432 9
5000 9
4397 5
6568 10
7191 9
2012 4
4831 4
5787 7
4264 9
6120 2
319 9
4803 5
484 3
8135 4
9428 9
3387 7
7368 5
9497 7
5135 5
9161 8
9451 10
7277 6
4144 10
6200 6
6304 10
1361 2
5518 4
2097 9
9910 8
6899 3
8398 2
1343 4
6217 7
105 3
6415 6
7816 7
6921 2
8195 4
947 6
2007 10
4813 4
4384 2
5697 2
5174 2
2306 8
8606 8
3893 4
1607 6
4690 7
8839 2
5537 3
8481 7
9037 7
9406 8
9345 4
4819 8
6564 5
5376 2
3177 6
8309 3
3659 7
8962 10
7846 3
3467 5
5618 8
2404 4
7764 4
3322 9
6933 8
8971 2
6273 2
6097 7
2579 10
8437 4
4448 9
6805 7
9217 7
3778 6
4983 3
70 8
5505 7
6101 5
3882 10
1546 9
9911 1
142723389 16
27510506 2699
131780476 7719
127791921 536
80016733 9809
126698939 2669
104027959 7422
22721196 1071
24087835 9211
1422946 8242
99633146 2126
8568905 5067
78973953 2204
120746930 7508
14095127 317
56087079 7778
114950261 830
2587653 26
2303204 3334
797009 5873
2356317 6868
480629 6625
736801 8553
2378198 4361
1386012 1842
2421383 9972
2394751 9630
1140156 5358
909456 8163
281775 5008
1980221 8570
2122246 5743
2295735 9205
1230010 6834
636152 2152
1156196 3968
2273948 4650
2029649 9871
869041 8677
2506695 7952
21618 876
501781 8634
1583075 6630
465421 5827
115956446 100
41005689 5909
33740062 3659
11151384 4110
2673582 8551
78814066 3894
108636082 7064
105456833 76
84874620 8679
26858180 3874
60398283 3252
21903386 4246
33073976 9354
30472452 9620
37516847 6967
106285458 915
65268795 5905
76627167 5515
96027428 9145
114535354 3169
96643252 884
37298550 6675
6556735 8764
103997618 4257
67678472 9150
38527912 8010
66646722 8042
64365924 9352
88403997 462
111094067 9209
53355850 5109
64661718 6343
114108875 8860
29944273 7500
108398533 3791
19209867 7904
18429043 2970
87888657 945
42899049 6056
820049 584
38640139 5787
82532461 7971
110015730 3655
51173945 9116
41970573 103
28732872 9145
57455373 1818
76294621 8701
112626138 2757
70354329 5951
91019730 2934
25016091 5218
22433401 9432
44235118 6337
62026777 1396
109272125 3312
37177987 3187
23659378 4632
25791107 7659
5580627 9763
92077813 3232
99616737 9714
75310675 3141
107567963 8351
50097880 6672
43000048 8224
29760732 2497
16043320 9044
75545955 8610
98240495 6977
71794417 8666
92883961 7623
66568447 3257
11931457 1204
14127396 5031
14889111 9789
92931865 8377
16940171 2750
60467071 8216
93341489 4411
66464 9658
4672291 3785
88455931 6839
29688647 4914
18494946 5648
110398988 3927
83647300 2757
16645011 8691
95667649 9675
58546576 9302
76072941 9189
85076434 3074
94074727 3423
105706892 6375
76291812 2151
56756919 1663
47624343 9986
49190698 7475
58879550 1142
92083312 7157
84709220 8201
434740513 31
92618660 8031
69787144 2503
99693626 8011
152726124 713
84959501 3313
332242354 159
63171312 8399
245265249 1797
418120664 1475
67337438 2354
265857988 9377
378496450 7689
427229489 4458
335453 3943
9477052 6811
296384171 1501
111092122 9166
257874969 5956
29564299 5904
99256667 1849
422984216 8258
219745934 8508
3343250 9195
236662498 9533
314304665 6966
189573451 3301
249522975 9910
17506273 2646
56903909 3431
401377779 45
303674158 6935
931072966 46
729619707 5347
32967119 5162
418508054 1647
538322207 8125
363342405 1983
381077786 3677
342552938 4656
458182855 5173
612962652 7878
753840630 6391
151963434 6040
375848514 994
50130757 2145
901876156 8043
743983488 2057
536061396 1916
553124171 281
82254736 1752
37624368 6610
313667333 5268
685668093 9150
181302179 6224
182766034 1283
70154052 1286
11840224 8559
677086251 2511
803784 2261
296476766 418
5056988 1982
374430526 9659
464701897 7424
479246211 7147
237713104 1071
923936467 7278
879332503 3561
247100849 9959
796857532 6199
649313190 2982
721062466 5989
543792887 4601
141688713 2107
86043343 9632
522597412 5968
443195833 5773
755989047 6264
822570824 2829
1000000000 100
12345652 26
12345596 82
12345642 36
12345664 14
12345643 35
12345624 54
12345578 100
12345655 23
12345666 12
12345599 79
12345589 89
12345607 71
12345651 27
12345584 94
12345592 86
12345634 44
12345627 51
12345650 28
12345654 24
12345626 52
12345645 33
12345616 62
12345605 73
12345633 45
12345613 65
12345674 4
12345661 17
12345621 57
12345673 5
12345598 80
12345622 56
12345582 96
12345609 69
12345636 42
12345671 7
12345669 9
12345600 78
12345614 64
12345632 46
12345610 68
12345648 30
12345601 77
12345611 67
12345637 41
12345586 92
12345623 55
12345577 101
12345587 91
12345675 3
12345620 58
12345667 11
12345618 60
12345581 97
12345619 59
12345603 75
12345631 47
12345594 84
12345640 38
12345639 39
12345659 19
12345579 99
12345676 2
12345662 16
12345588 90
12345612 66
12345615 63
12345595 83
12345608 70
12345658 20
12345649 29
12345606 72
12345583 95
12345625 53
12345580 98
12345646 32
12345602 76
12345630 48
12345604 74
12345644 34
12345593 85
12345585 93
12345656 22
12345628 50
12345660 18
12345638 40
12345647 31
12345635 43
12345629 49
12345641 37
12345591 87
12345670 8
12345665 13
12345617 61
12345663 15
12345668 10
12345653 25
12345657 21
12345672 6
12345590 88
12345597 81
530394216 100
287504640 3357
353834893 7343
498315874 8747
467033494 9758
357900858 8188
359258028 7409
323150426 924
517107458 3561
479279907 2482
198755198 1704
232474811 4094
374415376 1004
241891554 4022
239727913 2210
508769232 6581
411649553 4389
488768197 32
226421219 2443
493096097 2242
161174507 7379
327156621 7038
25656390 4425
359341532 8317
338738927 3004
514040453 2317
29746674 573
36314604 1508
199134123 3800
99015633 5029
119868408 2296
360233521 6984
506519169 1315
176338252 1785
380282896 3660
26695498 3159
42502391 895
311665745 8563
85326568 3548
41689066 8871
400378584 5053
355376253 6347
61776328 4133
68553949 9986
358648 3419
201305401 4338
45892439 3613
174002120 9938
347242798 6937
74380947 2727
505866465 6073
250805927 361
152620499 3653
340233658 8501
509233022 4138
316754928 1508
390055873 6284
261156216 3439
241397192 3782
376105834 1536
234651269 7730
383559568 9819
367981255 9252
253379565 5362
431672931 9182
484482265 8334
385325168 5622
305311020 3416
361740781 8883
495943696 4752
481914887 2242
384185105 4239
248355687 1388
116802117 4123
407931601 7840
469049577 2658
304678413 2268
154384601 5701
396918125 7391
480293766 9396
210099615 9280
253548979 7356
280039228 4888
485223862 433
165001196 786
435983973 3303
315678401 9060
467224376 8825
212716918 5535
285613297 2357
151216987 3109
249384479 7484
120042935 8271
281307789 1733
529338744 6980
417586945 1878
392686904 8368
473179209 5375
77642639 3719
273078177 7938
271362243 7088
857500536 100
693330248 6951
439482514 3784
737847463 1381
585239890 8822
13590076 2919
797431577 1106
785976033 4330
775011347 1227
131455874 4240
161021473 5649
348329667 5384
481236927 6680
329010276 9581
38188430 9266
586414590 2872
652677069 1708
312601610 1391
659905325 3109
512535446 9078
128236971 3943
499951281 643
832579587 2396
90212568 7113
606596455 8816
595578755 4236
619117014 4342
273272485 8641
67123533 8222
182104739 7578
168372077 6935
26837470 1382
194578697 1867
570987627 8082
668695970 5468
40186316 245
405121828 1642
160513289 5913
475085157 3609
745669643 9167
284728383 2634
585729914 5737
312389532 5941
94093511 8092
537375788 3597
751779569 2866
668253279 5640
440195392 602
384689216 1273
221589377 2837
715185022 5041
162956075 1329
477884072 4159
696104455 6290
303429844 3588
530611755 9417
467388734 7671
346044198 8152
808355511 8897
160910428 2038
759942152 7637
261989904 7660
857386913 9320
416170781 1516
320935253 8843
278091889 8021
851538079 8724
729553930 4362
606506041 4226
568599540 1898
847403611 3231
501596107 3989
133416301 8126
441073856 6127
714259369 6535
223437964 1020
489342072 4131
553989564 3546
167575796 7929
432522725 6896
639645481 5562
204277133 8310
248529640 7822
692975083 7003
833660156 1027
49388986 4502
184566118 7604
455710368 8060
416795756 4629
776993763 241
497909322 3064
620158575 2242
773504960 7245
582458874 9958
710321033 4987
249681548 9942
549195917 5298
154405129 4628
824670705 9611
768767980 1043
358364774 7803
42349780 100
18231828 5922
36201618 5878
25402151 223
981445 6690
15100267 1352
32224688 4094
1555998 9943
11864435 7970
11142339 4862
841516 8720
4225599 9844
11037408 2860
1465221 1581
31209540 1221
21120508 6052
35230202 7327
38243482 2401
28117599 776
34292187 7609
37164391 682
6330194 4208
25778899 6003
33515729 3180
4384717 1248
10140817 7509
25519436 4908
19297354 744
37553322 1437
18895787 8691
19347077 5043
10268921 1855
32661789 9444
14431353 5833
15371926 8455
904416 778
21059029 3275
12540023 9461
30220323 2805
14804363 1154
8786827 254
34667097 4512
41224886 5237
14314278 4021
16531512 9237
32466175 1652
13212140 7292
4577513 7422
16294305 7035
29407485 818
24755375 1988
845664 667
1184942 8744
20802188 6732
3031585 2192
31537572 7996
38410835 7615
3081981 8367
28038735 22
33192245 360
15775327 8518
5368098 2812
38481596 6781
32692699 9613
31328228 3290
39055133 4591
13824940 339
19405047 6042
18518202 5994
36254284 384
24111705 9032
23312211 779
16127860 4682
599 4926
6457874 8005
15033040 1986
9489178 7456
9363403 1255
17195006 6366
20408646 7186
28240013 3777
8075722 5690
14429786 6564
28359095 8893
2184426 5475
14766638 1516
31903493 234
36113542 1062
15734579 3070
23696950 7478
16144665 830
30444066 3419
33428685 1389
33154013 6092
36513899 1978
41890947 5766
21201976 3493
42317984 4105
21197615 4457
24445485 7005
4967530 4063
471388865 3
291650826 1295
73091236 6172
184636196 9967
1000000000 100
986000000 10000
985000000 10000
921000000 10000
901000000 10000
972000000 10000
995000000 10000
949000000 10000
962000000 10000
965000000 10000
982000000 10000
903000000 10000
945000000 10000
937000000 10000
981000000 10000
911000000 10000
931000000 10000
989000000 10000
933000000 10000
987000000 10000
913000000 10000
922000000 10000
928000000 10000
964000000 10000
954000000 10000
999000000 10000
955000000 10000
976000000 10000
918000000 10000
992000000 10000
926000000 10000
947000000 10000
984000000 10000
970000000 10000
951000000 10000
930000000 10000
914000000 10000
936000000 10000
973000000 10000
905000000 10000
916000000 10000
912000000 10000
959000000 10000
939000000 10000
983000000 10000
919000000 10000
915000000 10000
968000000 10000
909000000 10000
979000000 10000
977000000 10000
940000000 10000
991000000 10000
956000000 10000
998000000 10000
927000000 10000
993000000 10000
974000000 10000
924000000 10000
923000000 10000
978000000 10000
948000000 10000
910000000 10000
969000000 10000
980000000 10000
942000000 10000
975000000 10000
961000000 10000
917000000 10000
904000000 10000
906000000 10000
988000000 10000
963000000 10000
908000000 10000
952000000 10000
938000000 10000
900000000 10000
957000000 10000
958000000 10000
943000000 10000
946000000 10000
997000000 10000
990000000 10000
929000000 10000
960000000 10000
953000000 10000
925000000 10000
902000000 10000
950000000 10000
934000000 10000
907000000 10000
971000000 10000
920000000 10000
932000000 10000
944000000 10000
935000000 10000
996000000 10000
966000000 10000
994000000 10000
967000000 10000
941000000 10000
286134528 63
64077427 6946
123046417 8989
166102078 7230
132528613 4569
282079176 7999
90657453 9565
121995900 309
48643300 4598
251807295 2873
283339804 4800
86301178 9435
154351859 8834
41540691 3996
152891739 8609
225440436 7045
17387297 8587
233605743 5644
115776670 9658
108166665 4246
237257320 2323
205706099 7461
82812885 830
154834779 1376
236214614 4218
148471728 1790
192610689 7614
57654238 2428
202796650 1394
101372842 4529
164746272 2750
166516069 8484
123296737 4651
197991193 7124
15700219 3906
65505798 3406
154523826 5144
243258475 9120
4668531 8666
240855977 4686
271037394 1275
266195921 6028
260712039 8228
191600002 2667
230299002 3192
270503142 6158
161792748 5774
154794434 1570
67455739 6791
234081454 2934
16186627 4651
174455950 6730
115014752 2196
255156078 9897
17643768 6932
84001572 1898
68987943 3516
282705760 5909
125036746 4129
154158380 5303
5445568 456
225728650 7096
280354462 5140
34663773 3645
65887919 68
57767395 7862
58010169 3577
29201679 2319
24443166 5856
59169717 8721
48360091 2121
59196436 168
59234791 1352
58356743 7616
65855338 5216
33961662 1509
44823186 6681
10048531 5144
12073832 5961
55086888 1115
9129534 3361
64517706 3307
8007180 6237
38778634 7240
51296915 7837
53195853 4112
30164227 6733
44234531 8729
63453541 6928
28043616 5643
22783900 6817
25298689 1779
23936040 8834
65762483 9721
50639238 9253
356204 8201
147045 690
43105779 2553
13311319 8626
16403826 4241
29137506 2996
6499974 4754
40263383 2488
24991423 4496
127673 7995
48978265 2060
36744604 4165
59133033 1093
23196489 5136
16068156 5326
59203210 2365
61708046 2235
57559554 8649
20149724 1209
3931953 1997
40949017 1625
32253949 5939
44657436 5285
19467711 790
45994578 3954
49380091 7965
855608 8944
56138406 5413
29040831 4223
12268311 8288
11956510 3166
41207583 1833
5734780 5984
57228708 5911
39724757 1369
50119220 908
42848012 3570
33068872 8885
482746201 69
433690022 3781
141580088 5762
55492799 4273
174948611 9789
115402908 5905
369178303 1689
221158836 5963
442730426 1485
224694426 5542
427081983 3086
401456920 1197
448975570 1641
161999247 8550
394439132 6688
86108125 560
209623671 4363
284131085 3370
185513610 1383
185862785 6086
440972144 733
351347517 3639
121188356 6125
107608960 9074
74641065 6733
113495643 462
427996124 9963
411782331 5936
348522821 8550
407095684 6716
371329849 7718
243990528 1589
288688373 2266
292837343 5421
134049795 3085
95981420 7878
159818509 620
76146250 6359
470103834 5216
354795515 9660
116156432 434
335366962 2153
365662611 5297
403782959 2643
311965500 7555
345669542 8875
322280073 4858
215425436 2819
266810394 5419
390933020 410
433921110 958
65591734 975
79608682 1695
130566359 9272
256139216 4567
283536550 9722
413851326 7165
284893635 1538
223653026 265
248292750 3865
59425416 8011
364957223 413
32847642 848
220994181 5110
70187319 454
419983648 6958
173582928 8603
441051351 3027
180226164 2846
460266730 5978
981507063 13
793234106 4375
34195823 8301
487602831 3980
639208687 9730
226162831 1177
779698757 1918
900165777 3713
289061193 5844
112525213 8856
847718097 5673
953690944 2939
724044328 90
550171375 1398
840853530 1
112757669 9381
831715641 34
495053569 3009
685157494 7741
547524386 1576
82504671 8650
642115792 3382
675574747 6068
429372744 3715
427710504 7556
344739316 4061
642756845 9135
492586504 3331
559735660 1616
262837691 3649
86058287 950
349898017 2024
478638989 5098
602322281 8128
375684121 2478
442274799 7489
112614312 1140
747374676 8071
105642309 3589
192169158 7658
204916416 9749
595692532 9677
469175205 7616
725053419 1964
275507538 6864
538948388 1561
288919340 1700
377749433 9542
287427470 7551
215282123 1765
211070265 1790
787977481 1
712264478 673
98334640 5
39944184 2810
27532345 241
94923192 5904
34018127 1988
7371868 5616
37653371 46
12229548 1182
5243814 3986
3067051 9945
1868300 9345
31112113 8711
13313234 6576
2887355 4303
8365070 9598
6221636 6280
31624784 8948
33197264 5248
24144653 5915
15569982 9766
598448 5033
21786353 4063
20091978 2297
9653339 2201
24879719 865
35453185 6422
7472328 4807
13994628 171
10990944 7967
6169753 7408
8775839 5297
24232248 1812
18477107 1630
17672340 2491
482131 9136
15668230 1955
12412721 1945
18818842 9615
1903150 6172
23813075 2189
6907821 1576
9685542 7834
35537093 9113
20515265 899
24319637 9859
18074541 1194
8156872 1243
1796011 9058
19529398 670
3063004 6763
11513620 3316
37431451 2753
22291590 2798
116415814 95
70975909 2930
79910498 9642
91437120 7828
17051070 3373
54351931 7558
94080050 3843
21408933 6441
36117171 2250
24422274 5339
15600502 2019
3175759 3842
56709939 2119
61179438 9583
7347791 3893
86292123 872
13465610 2372
32344046 3696
90070659 2785
44940628 3488
93641269 9626
30050246 1027
28983757 6691
34854699 5431
17539895 5253
97499546 9075
3098202 4248
25905792 8005
66513232 6744
46360440 9899
107082110 3923
96712949 5017
82681978 2040
3406558 2386
20849161 1989
69050994 4036
93274588 5343
73198142 5077
41907488 4443
36946963 6025
50913925 3404
54915131 2795
10127110 7796
29985699 5428
14399247 1982
19106871 1660
100996625 6124
7664738 6783
68555790 9214
83528938 4255
43748641 3850
1604679 5346
30355893 3197
29954493 1880
88549873 3601
92886532 542
88860483 3031
41545730 5124
36787572 1648
27598664 2460
98920596 3728
39475128 8953
66515690 8981
12132993 615
40742042 6928
72833623 8670
7008859 239
57406961 8479
36133214 9965
6508279 5726
23278242 9140
45271254 5048
85459320 537
90010110 5298
68293985 601
92037373 7315
17098439 587
98121164 6332
91468320 5145
14445086 9640
102096967 2710
15743577 3215
104755413 9661
108865692 2180
55396374 9463
59424297 1382
15054583 3420
113256899 2632
6824677 7002
81390460 8498
94788068 8879
50437747 5997
13256852 3802
111768234 768
102591455 1499
73612499 4773
1000000000 1
1 10000
356186189 56
272566971 1686
206515642 3114
264057318 1568
169444950 8761
83779639 3102
274402651 6103
237731238 9848
242119852 2883
207299503 5835
85731554 7119
95481765 5496
83172192 22
101286092 9092
307744125 126
325106093 1509
339704743 3133
152421819 9790
32868115 7599
351246796 2620
269907716 5235
161970089 2354
238373372 2408
137274935 1581
25494961 852
228737295 4809
60070976 1543
166554455 5407
187765343 5059
193188983 6582
336440595 9349
105455981 33
182110632 6759
305110561 8398
220867262 9995
312943498 9039
82833249 941
274380389 293
59561235 1378
164756492 1703
345411062 329
9124424 3708
330801930 262
244068987 6810
296509156 3095
308756682 2077
100296971 4542
60633251 2294
122259215 3287
238876777 3646
178885623 7501
26381754 2858
342949127 7025
225697596 7993
81450986 6194
336012434 9148
182281878 4181
290148801 31
125110542 7169
129308795 2465
97933851 8977
176361378 9451
172120883 4395
183216618 1433
114699167 6146
262714740 3660
123796528 4639
44048473 2308
262224033 2491
239624933 2713
111885468 8151
60415879 8181
256646949 6103
249711637 4297
1003663 7498
155362621 3296
9781592 6911
153852711 1598
47644667 8720
256929778 6771
97595666 3113
213709903 7931
86137839 3575
64219009 2332
156062999 8121
99045786 4877
166719454 326
96731404 9421
25256079 9067
141782463 100
123884126 1426
99000867 372
35664738 1222
6853377 5246
121515112 6630
55521567 428
40674568 1355
70589938 7819
97814146 1983
61457972 601
89872293 6415
30200439 1272
70518949 6724
52725626 4073
53016115 1257
17678551 1177
73434018 9823
24020681 7999
128685956 3841
109920297 4197
141457882 621
19915458 1014
16771823 913
89704025 853
111007882 6843
91313630 3570
9361074 8345
141456622 3299
119366763 7325
51645077 4265
71406855 5636
25595694 1247
50009189 5678
98248441 8074
107841854 3469
138873068 6828
6329346 4759
77822916 5362
11831064 7709
124034064 913
135429651 130
6159577 8036
96754321 599
25511083 1827
126695103 7085
89695363 6933
120950432 8678
100647140 9965
115128097 4004
94670322 376
79814616 1796
2463221 3428
11281153 4080
124348658 6177
59113069 2033
125388057 9515
45210731 6231
65852397 513
54368013 41
96000454 1584
95643467 8415
80116320 4452
2888963 6364
104066907 1953
122645867 8446
72563998 5247
3965124 12
68937289 8284
62762156 1215
130735837 956
79139415 4012
116214876 7220
18140756 2118
78771377 5963
79395370 7245
17451782 1773
126495514 7680
44335763 1891
8915329 2281
141162005 5764
70224632 6271
12037984 5034
46291536 3983
66877706 7617
37909941 6945
39396049 6173
6433916 5252
41523664 6867
66821521 8464
9150401 6412
78237017 4841
61136289 5640
48879557 1917
95550918 8097
125078760 22
140148738 1096
44233166 4611
117977165 3711
77781426 95
75818075 3235
200000 100
6264 8
9964 4
2262 3
1177 3
7871 7
4669 10
3523 4
1892 5
5593 7
4595 6
3568 6
3822 9
2629 10
7127 6
7287 10
8816 3
1351 10
819 2
5018 9
8253 6
7860 3
3135 7
9531 2
9204 5
2666 2
3434 3
3177 3
541 7
5653 5
9236 7
3610 10
383 3
720 7
5000 9
916 2
9475 5
9938 4
7623 8
6665 7
4755 8
5364 9
9692 5
1948 4
1290 2
1566 3
9229 4
6504 5
422 2
265 4
7084 4
7575 6
1176 4
4199 4
5784 10
9553 5
2812 2
3911 7
7707 8
6086 5
221 2
140 10
6199 4
4936 10
3130 3
9906 2
1423 5
7819 6
596 2
7356 5
3192 10
8113 4
390 9
1220 3
5328 7
9687 10
9965 1
6901 10
5476 4
6929 6
7214 4
7309 2
5505 8
8373 4
1590 6
5039 5
1510 7
3538 9
1189 7
6936 6
6972 6
2735 6
3564 4
9369 9
1995 3
3272 4
9436 10
3989 6
8922 10
7089 5
5798 3
1000000000 1
999999999 1
683280471 65
261799145 2520
368188343 9350
330074151 1421
191678187 6311
444775313 3382
281912100 7859
610512710 6005
624570008 5616
134569800 6489
85250738 9295
653617339 7112
109305303 6272
654805045 9817
156228177 7267
401448401 1566
413102715 6052
360492336 9820
522821353 6247
377289405 7268
665217100 503
442857368 5775
76275139 9368
499450260 3144
246560406 5387
5872065 9663
453316513 5295
265099340 7306
117415772 4438
579085566 8804
489411353 1360
636423470 3809
43206855 9342
354305546 8247
226251971 9638
281229954 9529
305317076 4225
196558768 3864
360867917 8041
233283570 657
389363796 2433
248182095 5753
258383912 1761
307118865 3774
418707330 5149
412669909 4509
138001634 4365
508815814 2532
362913524 4891
332090932 669
283992361 3022
421184135 302
519258595 2088
369202423 1219
500945460 1424
178733080 1525
529129999 9240
663960591 1004
595109518 1442
58983864 1589
262713084 890
259398941 6980
332984829 1414
157664288 556
98893792 4896
97990811 2733
842564180 21
830729362 3387
430096742 8248
578709832 9863
442265669 2370
444493489 6392
825865020 7138
487671934 2814
99324762 8486
709931578 6638
758114215 4246
31531122 996
115813408 9566
573518553 9697
64473168 8282
532524057 6362
462903417 7990
73964669 9607
804509575 6969
7369893 824
477755474 2283
426067456 6444
235886101 8
188046380 1763
178554690 7101
121457910 8319
126439621 8141
226321064 435
5110708 1216
111241584 8427
26647462 1128
694479068 100
289553929 295
402138856 9106
48306974 230
385463609 6173
62133209 6590
379164691 8989
66610091 1373
525692002 3065
234512614 7344
31146635 1080
272354083 3524
415966826 7024
142438079 1145
51664758 8474
194026443 5601
521704503 6888
534086372 993
258541379 3603
43469271 4605
246399266 7599
557690854 961
121345371 2833
551936082 5239
650274423 8923
197231093 7847
375018415 9536
41952832 1845
270139058 8585
579353627 1848
118942236 8116
77371328 8065
33108652 4464
68723747 7484
210632058 7194
593165110 8815
477917128 3665
585752971 7992
671042784 1861
77510018 638
442612232 9061
51792121 9208
325019355 1237
81517006 220
648620790 650
426604421 915
673495886 1677
214417535 9773
45819655 7212
542229034 4990
342788698 6214
221236882 7220
405690179 1702
610685585 3471
13427384 5207
417971779 2544
37216248 7016
68810504 8584
366106601 8707
354973543 4821
594421229 1563
167475996 9198
81792835 946
426994883 3080
92303491 6311
296965653 9451
647312363 9925
372792368 3388
282555132 2115
508998972 168
513532522 5725
199806970 5586
575748436 5312
107750140 1312
315407351 3711
328708472 6362
203152591 7398
268193877 1414
520791933 9282
15241598 2712
76719502 6613
342845965 4146
304560640 5575
331074302 1026
282338671 5792
269136954 2818
557889822 6518
334669294 5168
358422493 5293
655636994 5657
378535348 4955
600404593 3898
509139232 4995
43419796 1359
39886725 6762
607025555 4371
67921758 3073
216247779 7829
359522957 153
182720535 2238
271207007 2472
1000000000 100
49 53
52 50
80 22
56 46
28 74
5 97
7 95
77 25
21 81
16 86
14 88
34 68
91 11
2 100
98 4
75 27
31 71
94 8
60 42
76 26
64 38
87 15
37 65
95 7
38 64
99 3
97 5
41 61
69 33
43 59
8 94
79 23
11 91
81 21
29 73
82 20
20 82
53 49
57 45
67 35
90 12
39 63
22 80
65 37
44 58
78 24
13 89
47 55
23 79
26 76
70 32
19 83
15 87
10 92
61 41
66 36
45 57
68 34
9 93
36 66
62 40
4 98
18 84
42 60
46 56
88 14
63 39
48 54
73 29
100 2
92 10
54 48
89 13
40 62
33 69
58 44
27 75
84 18
24 78
50 52
72 30
85 17
1 101
83 19
35 67
74 28
71 31
12 90
17 85
96 6
6 96
93 9
51 51
3 99
59 43
30 72
32 70
25 77
55 47
86 16
197292201 1
24417690 6485
1000000000 1
999999999 10000
848431067 55
814650397 2259
636535272 8490
537698955 2471
832683355 7490
630043545 954
838659931 6211
376763863 7173
626565713 9614
620401706 9768
723700249 1616
810117968 6441
239066598 6577
15450857 1470
678279925 3257
165481884 7149
283978959 5823
720116356 1660
282175449 6399
640448939 2007
191317565 6815
459391669 2873
561737851 9789
183639888 2493
248345414 9174
416054497 2913
434182896 6974
222808659 8978
15726565 302
531115576 8675
522174068 7117
668429771 1529
490205177 5231
679547124 237
435291248 7385
620818199 8441
651474130 2087
696966482 6889
298020699 3
33146803 636
63845600 6404
666713345 8843
385257022 3743
366247388 8909
355631400 3854
586527935 3134
675343023 727
505947554 7420
806999398 6636
270517039 3831
548806207 5286
638466906 4435
118894160 4356
61562808 990
3611921 9241
228803001 1636
417187088 12
135604148 9868
143241453 1164
291103108 9900
387161862 8683
20109051 5064
199563482 3400
155729465 4863
725549 2899
194952150 2237
142432551 601
357503427 1473
80758249 3199
892971916 53
366208291 9477
630097996 1443
158265189 8891
717176127 8769
498102733 8134
460227556 1208
267465654 6330
744932754 8769
531130554 9045
535604006 7280
464438407 7482
632416970 1636
827623545 5897
348407100 5678
615590278 7531
866797401 8379
298034536 1488
465894671 5792
344655252 6662
541802744 7294
270469337 6235
69004458 8501
536414495 2823
132269851 2590
141564787 6322
215379315 5089
600689004 4983
331182690 1094
649484800 103
360648176 2294
69116196 3257
167284652 3877
170649513 1367
608217654 3677
582177971 9623
834272598 9435
242119169 868
478382746 446
135570814 3301
67236082 2555
731838796 6830
607791750 4503
403635281 9583
139121992 4934
636352060 3841
608646967 2827
290521655 7601
804755752 2213
521825682 5369
662909849 6705
817170882 3530
165674885 7372
611677151 1665
1000000000 1
1 1
169499138 32
138432796 1553
161474606 5559
75958146 9723
126382890 1300
125722765 1137
148466097 9801
43261969 8963
6470084 8090
48933599 3255
83447313 8810
77345213 2798
104760812 3435
52556723 4560
145762818 7940
41467435 6794
154263737 8105
169082531 5698
43159913 9564
132608863 3654
63712752 9110
29899539 9747
19266328 9847
7062733 8667
75576743 5668
107599456 2341
46281696 920
11727249 4642
48350678 5244
80145690 6850
92926685 7882
160402127 4647
11999613 4739
260204585 34
194445651 6136
249358866 3638
145026734 1592
139464726 6981
252994887 1156
9106724 9515
45303599 7144
167906791 1363
40073559 4330
163428889 9859
151924799 5805
116604040 2724
75776407 1001
240047028 4441
3838897 6086
253288978 8390
106884991 236
255685563 685
27540269 6694
93928778 4805
86132004 5830
91862934 3744
168440651 9800
163139082 7962
59793134 1467
4952308 7631
150026207 2545
252920298 4587
253401249 928
69627629 8507
102288314 7589
130027931 7142
220458649 5118
215104189 8546
200000 100
9110 2
1960 10
840 9
4328 3
798 10
7787 2
5865 5
7014 10
8638 9
5616 5
9612 10
4464 7
2720 10
879 5
3510 4
6733 5
1878 2
3729 7
2603 5
393 3
2583 3
6826 9
5424 2
577 9
2360 5
2648 7
4608 10
1505 9
6135 9
1910 4
9363 2
5292 7
1040 7
4405 6
4929 2
407 5
5000 10
222 2
4392 2
6282 2
4167 5
6660 6
2328 10
3115 6
5276 7
1939 9
9128 8
9608 3
7296 8
9004 9
3166 5
2941 10
625 5
103 5
5124 2
9989 1
4299 5
4808 2
186 8
6419 6
2221 8
9479 2
4785 6
7341 4
8868 10
4560 4
9087 2
9371 5
6249 10
8790 3
3658 4
9489 2
5724 9
5930 6
8390 4
9988 2
723 2
3774 4
9663 9
604 3
7794 10
2452 2
3876 6
3488 7
968 10
9069 2
3578 7
5832 5
4336 2
8429 3
6732 6
6463 10
1076 9
8363 10
6577 7
3263 3
8586 10
7093 7
5460 6
4915 5
364809336 32
147810395 5028
89823138 5777
60029643 3572
179307746 2645
20335384 4906
136282013 5623
320994280 3939
123688461 7839
131661126 1721
198591646 6818
117149744 5463
312228742 5559
151111718 8005
345222764 1383
194740921 7776
41852557 1618
106620459 6275
299918865 8738
88088280 6955
169524852 9015
58378773 9847
130179110 8385
194542977 3918
183598377 3953
138999671 549
50702725 6785
185436262 9645
220064786 554
354497503 8793
162615830 2946
186644147 8108
111529712 4148
178469548 50
114222709 5782
35027296 1326
2851323 9964
50290618 5781
151858291 7951
116358405 4285
150651391 8858
165237408 6582
168734921 7930
119303905 2146
139114797 8783
140357904 2072
7167851 7342
126596524 3775
47017092 8745
28513804 822
69042827 2888
108855507 8176
167081691 4485
176953632 2579
169837976 407
153396010 4366
124356567 2199
12495920 2271
14358781 839
48171042 6574
113625515 1957
156412003 1727
26859739 9613
43391139 8614
34482311 8589
60718970 9845
36815533 722
53431014 374
64878278 1577
123105178 2527
74676383 924
157981297 3502
74356142 8989
105095962 9487
86796971 5579
18533402 3886
123583 8153
137258323 7674
126059421 8290
47209150 5006
112613596 6108
141456051 1166
5574359 4612
16183981 7105
962678756 30
212692228 6169
423267301 901
555313312 2782
491737559 7187
845619201 8199
530577817 1969
825978088 7982
336500454 2318
917593142 8111
202295140 1934
533041317 495
143363799 4677
231961838 9159
240459286 6739
20059740 7357
375741239 2819
489129644 1063
270220662 140
283842651 7451
172496115 3991
905853179 61
914639988 3521
582286597 5773
43713421 3373
888962332 5283
659205773 8649
455181269 7185
252092898 8288
941200996 7361
22948112 8383
877629807 8
654560663 1763
560690307 2867
310963107 5982
791551828 9912
338468705 4536
221502570 7879
90854128 7542
582509809 7776
916766611 6
487821144 4593
77388530 4951
509615503 5966
356015136 6396
761566995 2045
634052040 5173
1000000000 100
999999961 39
999999997 3
999999907 93
999999948 52
999999911 89
999999979 21
999999922 78
999999913 87
999999900 100
999999975 25
999999994 6
999999991 9
999999952 48
999999918 82
999999912 88
999999910 90
999999988 12
999999944 56
999999914 86
999999966 34
999999983 17
999999970 30
999999989 11
999999998 2
999999946 54
999999987 13
999999980 20
999999921 79
999999976 24
999999939 61
999999931 69
999999903 97
999999953 47
999999985 15
999999916 84
999999899 101
999999954 46
999999986 14
999999951 49
999999935 65
999999972 28
999999978 22
999999995 5
999999908 92
999999958 42
999999938 62
999999937 63
999999957 43
999999905 95
999999960 40
999999984 16
999999934 66
999999925 75
999999965 35
999999909 91
999999993 7
999999959 41
999999923 77
999999967 33
999999902 98
999999940 60
999999996 4
999999924 76
999999929 71
999999974 26
999999919 81
999999941 59
999999927 73
999999928 72
999999936 64
999999950 50
999999964 36
999999955 45
999999947 53
999999901 99
999999926 74
999999982 18
999999920 80
999999933 67
999999949 51
999999917 83
999999992 8
999999981 19
999999990 10
999999956 44
999999977 23
999999945 55
999999904 96
999999968 32
999999932 68
999999915 85
999999969 31
999999962 38
999999971 29
999999930 70
999999943 57
999999942 58
999999973 27
999999906 94
999999963 37
392157986 1
123909990 300
987342116 28
189356556 8284
471613100 4574
925751746 7516
804985262 5819
855632089 8576
721417656 4533
260437958 5736
854579252 9564
492199327 6899
788966150 7009
768563210 8523
768838701 5355
827673904 113
603355329 3633
215155321 6460
447658486 9987
61014506 8630
261051162 1743
492378960 5492
816235529 1762
338907585 742
140234122 2227
577427005 108
675905363 8468
17543390 9357
832155031 6737
706553724 4061
379669853 8120
35022818 7
23530047 9340
3166937 2696
32015454 7189
21083876 806
26716356 4395
12416349 1858
1620570 8939
626320765 81
305828006 3408
436498295 3922
607661865 2302
478869315 2725
16857212 7716
185426436 7105
262606504 9201
471446303 22
532560297 1538
198351027 5645
135808664 4378
159374903 3644
208214070 5834
432361129 8291
582746032 9364
580810668 2686
560608602 1081
141368502 6516
488240713 7126
164677768 2819
565469364 815
244552408 3870
484497778 9932
194623987 5445
184762956 2645
212461559 9559
376349760 9261
71585376 4629
613250640 6930
310442851 1522
22860937 4600
157775970 3691
255441943 3917
378028244 7195
175179477 6156
360060384 678
197717475 2812
371510829 926
323624899 8218
19478476 5263
509776457 8558
43474673 3688
247478228 2925
446388292 7152
574397501 6378
544301229 7895
292441754 8922
415801901 8756
428141910 2500
236021658 107
559298239 2919
98848531 3212
237200770 5460
172233052 2806
389738148 3498
396007665 2339
581564453 5898
60914910 9103
19196041 9702
16200624 8637
297511662 5550
251722208 2304
554019392 5081
177746617 8866
231680496 455
52118097 2456
571918208 8342
616579863 3643
259723594 5818
200142919 6836
392838822 4625
140709748 2565
246229130 1868
428069747 7587
359859113 4897
237526141 4933
107209140 4847
520423822 792
470489263 9566
258472417 7469
220206780 5714
847035682 48
452463105 6633
589092583 6043
84825221 2216
21983014 3444
203922718 2327
36531602 2572
599747583 343
639192799 6276
823340899 2099
114329927 1768
426686168 3929
409840861 4956
822499344 1799
698773068 635
825885083 2066
210647605 5520
307986444 9408
218261647 9860
230597131 1320
85100684 6879
218693420 7649
545636417 4834
215668886 7162
176209049 1488
266419988 3317
156490228 6574
408040833 4548
727053719 4819
216664329 2483
4823586 4096
128494029 3586
762580042 1436
315527096 3753
431121850 4211
336753737 7926
10032132 8751
793723081 1386
389943082 8132
72809335 1790
836836934 1582
642177575 3232
217924892 9799
260976437 9023
833979176 5707
299453940 6513
535204687 8574
680944033 551
521594166 3315
951346092 100
874217841 6151
86817959 5309
609268837 6064
898496002 6162
158750754 2010
54228190 3861
55073677 7652
741115043 9690
857600532 5615
704219447 5997
389829683 291
750153084 6266
557471608 4196
849989560 9213
152947019 3126
169478213 3708
899097566 8699
287478909 2051
489846319 9893
271124648 2557
77217377 1178
359024981 6940
451471691 132
332191810 5276
649824689 6379
243634606 6464
145447084 159
632397789 3917
378213947 414
322541188 8652
903203444 5897
744250781 680
624885048 568
101627246 2218
173496023 6764
507151691 4998
695055356 8213
205373465 5343
643445590 6828
600767636 8156
113092323 2130
338396081 1364
303283597 3743
205254182 5786
194994710 7765
158273531 7863
150935589 7449
937604565 6794
84968241 9855
572361895 5963
69916190 7873
519973714 4463
523988695 9238
281959294 2553
312528780 4724
466232179 8934
235333108 8058
631892983 907
77621243 9297
879105382 1193
446069903 449
629515113 1797
697308540 9289
337814134 5553
433021745 8790
163770548 6704
690780484 3300
902830361 4099
653251837 1302
759839308 5789
93832350 512
809124434 188
794649313 2270
751965433 1811
335648755 1019
337326085 8842
606773511 9130
555643479 6659
935769317 1222
67483805 9153
797771422 2124
193072055 977
781986398 2785
2877179 2101
708651041 2480
155352752 6727
33771403 4863
916621956 2593
276990776 6690
505150871 2269
10555008 4607
639620479 7763
432490070 5102
369396235 6440
111081669 1297
682707582 7555
571935419 3541
948160176 143
801340495 2420
640552160 4940
943246904 17
44822962 2630
887169416 7535
194848236 8457
482074296 8839
662609713 5684
306057295 2191
422962172 4579
263186619 5460
47975742 8777
435370211 6259
753380477 1680
690603340 6887
235994160 3905
452673447 240
203827352 4316
505481043 7867
358194560 5884
619793734 1
150389640 4301
1000000000 100
981000000 1
927000000 1
921000000 1
987000000 1
946000000 1
939000000 1
949000000 1
988000000 1
903000000 1
986000000 1
974000000 1
984000000 1
947000000 1
904000000 1
938000000 1
925000000 1
917000000 1
980000000 1
908000000 1
919000000 1
935000000 1
955000000 1
936000000 1
934000000 1
969000000 1
916000000 1
966000000 1
993000000 1
992000000 1
931000000 1
924000000 1
976000000 1
914000000 1
900000000 1
982000000 1
905000000 1
971000000 1
979000000 1
978000000 1
932000000 1
973000000 1
956000000 1
929000000 1
941000000 1
991000000 1
965000000 1
998000000 1
915000000 1
985000000 1
945000000 1
963000000 1
958000000 1
902000000 1
901000000 1
922000000 1
994000000 1
942000000 1
968000000 1
997000000 1
999000000 1
954000000 1
923000000 1
928000000 1
920000000 1
940000000 1
948000000 1
996000000 1
918000000 1
913000000 1
959000000 1
967000000 1
953000000 1
911000000 1
910000000 1
977000000 1
951000000 1
964000000 1
957000000 1
943000000 1
995000000 1
983000000 1
961000000 1
990000000 1
989000000 1
926000000 1
950000000 1
962000000 1
912000000 1
975000000 1
970000000 1
909000000 1
906000000 1
907000000 1
933000000 1
930000000 1
960000000 1
972000000 1
952000000 1
944000000 1
937000000 1
133811126 3
67955525 2924
129382533 9882
118276995 2369
572569804 3
133943280 6550
113672328 7142
240452409 448
438674275 17
123666128 3114
373879094 8226
341717910 8126
325656393 7241
280944803 7934
353652770 120
256871669 7336
183698813 5801
318650347 9936
412472666 9147
260671461 3924
261278712 5723
421040151 5350
275161515 566
28039308 9742
310095193 1476
264684932 6030
942908551 1000
369850963 8897
375648180 9550
554183779 4021
668505315 7644
160075578 6691
298891543 9777
369341420 8205
401298235 6192
500654391 4856
724445293 1242
177992643 1122
606019068 6539
755264188 2745
727869986 24
865610201 2011
707519541 6126
936935814 1932
607658212 704
665639513 2902
383536288 9665
703207980 4698
502817923 6313
727049133 6425
92572427 3716
365155359 3635
179308529 9199
441684154 3478
365969295 9441
942789956 7593
410440541 3444
240361975 1942
87668220 1553
213867537 9216
149326382 3433
394511203 2809
593895533 1173
196885860 6389
719420439 4395
667315016 6832
233694412 1728
253558213 9131
336280067 4084
287304767 262
392076072 9387
255488667 7876
799125083 385
206366909 7292
765943726 531
605383839 2484
773315988 6152
384666608 6750
415258103 8101
897770617 5938
247473028 9673
350543728 3014
532776617 982
204682473 9335
346392001 2547
453094299 2598
405085270 6375
915447996 8624
639153933 1036
503191575 8736
235322086 5311
850864610 4921
931078693 8700
295553582 4785
529716705 8444
332858350 6107
531189271 3067
232198192 6716
73653909 6604
171106108 3271
355477324 2557
613933770 6373
735796027 1317
594633409 3740
32230780 4647
95192929 3537
522389539 7179
661621029 9681
57053548 8450
876877746 2019
456365832 8
168394352 4054
751488322 6640
822096270 9850
841963278 7168
115143839 2125
371391775 4932
193792171 594
804195425 4330
650998138 5145
16001991 9688
203547032 1064
246016241 2575
27027173 9257
64371445 9150
638317257 2237
187932773 8804
594399565 6948
89846036 192
433097987 3294
850635039 6762
137140887 2963
379221301 5677
114066659 7532
215683782 1864
680704568 7006
163970669 8041
441243714 9038
527219534 8025
51014869 5611
700966643 1059
44680287 9304
53643962 786
162772102 9029
497497484 680
936015627 415
366123437 7027
59896005 7241
630843799 3035
830779305 210
783805942 7081
833843005 9859
95520968 6979
621295575 1249
612847939 7020
685224274 1055
698872624 7766
163310772 4504
471782589 9264
278214148 8996
322984985 7036
775479826 8239
102821147 2200
913839737 4656
693687581 9230
515236649 4910
276408913 8432
915190924 6278
84917640 6927
330094302 7235
913205104 680
637813752 8755
361572926 8870
853474367 8203
144761005 5156
131215183 5756
803295429 316
276582995 5126
838516995 1323
29873258 2178
120918346 3304
880216851 7583
640200572 1836
793271171 3151
60385408 3262
914769425 1372
88645784 4234
876579586 7153
715915803 1150
409201504 7437
181218124 6124
1198439 6978
436468637 6429
429186701 5330
194749936 1118
194979986 7174
274052547 8178
592135284 6910
653521203 5630
623005460 8217
326253890 5450
693781340 2852
735955092 7819
245434021 7966
840210096 9456
403550086 9574
581690997 8356
631897472 2265
421339781 4541
24662896 6734
335110749 3775
869189158 2829
477766042 8201
294656791 8643
454686454 7052
236986270 9568
266436061 1308
876767443 7827
105624622 8158
835979707 7856
530156951 1635
238250116 3235
895318228 5202
177943742 9999
528571167 4588
706416908 1017
60272546 4113
432028328 415
185889348 4822
54875253 9410
34172348 5575
740607140 6324
810271787 6533
712740338 9946
403310783 6534
700333881 4988
560401472 6226
293812735 6028
710193014 7070
473452950 6063
562059694 1649
416635386 5430
232145587 3815
94942004 7538
252145335 5494
602051235 8222
329967480 2807
606395754 9793
94076768 2526
275518319 845
627047918 6093
305067760 2770
496867695 465
733562564 4850
476747182 2923
254947448 135
114353783 2866
18997904 4675
106276873 2372
348274929 7636
838490109 6578
110858069 3565
121127514 7619
134362327 7882
424749685 434
411275172 9732
149827064 2123
454885902 8623
455176092 1949
673557682 3906
211643244 2934
129463758 3707
886900916 1162
252188285 9620
453202539 4206
352614909 9431
690257516 2299
144985726 9667
770279486 1311
875585814 5044
384672424 5164
869988533 2605
122973598 6707
203500199 9395
522558761 5065
388014256 6010
422328555 8054
874056841 4065
681456147 7706
134218950 3437
373116341 4335
929082493 4408
182662314 7266
304618012 4788
915120895 754
107605259 6818
523654201 3662
435899347 3922
79722571 4548
752621656 3647
899682990 1423
896386673 2940
63822893 7865
47067727 3388
558567858 6457
305481997 6867
345972281 2409
538897374 7538
863569455 6916
792695023 5778
807379907 3747
568427049 7273
267766856 1079
170528390 5770
104142024 2138
121303262 9361
578652112 948
886153611 9703
905478559 3564
811946632 7218
46560869 1510
832441404 7471
678872631 3924
256729522 6886
848986966 3542
696828696 7532
799287692 7003
497058322 7236
516163991 711
370755697 1052
612732859 8936
706518400 2799
926001145 9715
478120213 991
279780684 185
180305559 9868
481887793 2564
749690921 9035
189596259 5957
359251150 1315
1506295 6472
784461900 9577
879591212 2850
494463347 504
708018040 5379
200549679 3570
117524922 1089
380119998 1397
848273872 8021
728262448 9857
648815021 9490
926489971 8295
589699621 6174
605879250 8749
895100817 2746
650807146 7260
576752113 9523
821387403 1951
814848554 9562
799968818 7876
400809972 7974
643372093 2364
760927495 4184
884737276 4220
667863039 502
742118158 5441
72484887 471
374734874 4259
668439388 4967
617431519 471
683001065 7423
232724865 1562
59465803 852
873532211 4700
597539623 1406
752842979 6059
253086564 327
599170066 6529
451292025 8955
185417696 8842
119340862 2932
648141792 392
276374856 9366
551503543 7063
225017601 1618
595121406 8042
421777342 8209
920860473 3601
639063503 2060
45236214 3888
435758511 2653
147832693 8750
707507515 9315
389272007 369
258304447 5140
826664563 9561
512011153 9372
777601390 5533
151108726 883
622879889 9442
666587706 5125
202510605 4158
360862192 6753
33872142 1928
651938146 6113
439314926 592
702206911 3596
375763037 8215
731691311 7961
62781374 4638
516201523 6970
792065038 5621
782332077 7223
256366127 7339
108864594 2935
695454020 6569
359932256 1883
801747960 1369
651789200 4955
150899609 343
579855051 5834
832490872 2848
131816592 1742
581138981 22
257445583 961
656562154 974
152001615 3339
115394811 7731
270964352 5044
876331287 5449
369464857 430
706860186 5623
736110564 3443
719416564 3015
902121421 9680
685084022 6988
434309501 8084
856440281 6642
695014805 3223
809842954 6928
495056593 2102
245404575 3018
63121417 8102
421652586 6009
128429344 6860
424706272 212
521793473 5093
772505552 369
628572969 2121
160845798 1809
697595850 849
133170609 9435
329886174 710
875244166 4194
486222603 1912
487563599 574
261252387 9615
680534445 4263
21676913 1233
326800489 8977
242693969 4154
438007367 9616
248023110 8697
518068927 2495
909435149 8927
1363009 1152
508187508 1674
919234670 2457
630725330 7905
268013449 1974
392786616 2694
925021165 3681
608939974 5990
285720447 4426
209519842 1582
237135240 3862
432250440 6454
909009706 4123
693688390 9836
645419067 5342
710578325 1232
589978279 303
808547414 617
548480430 2344
432015927 4489
313979459 3900
599626920 7120
438160750 4196
640931673 7670
689932747 191
157206337 100
251270086 7058
824152312 4734
284185208 3644
457547743 3375
803044965 3847
343147978 1702
61114498 1861
268287448 9907
872159520 6689
355980401 7624
128562447 7968
263250360 8590
469238744 9357
345420598 2329
46302033 12
766601361 2809
824648066 144
632767385 8248
650913813 6417
128421609 2826
637406263 5820
230339655 7100
221601953 8793
912805238 2430
63729664 5719
918985230 3033
535170509 4970
653005678 1829
847779764 6960
633331839 535
242930762 5990
81085158 9666
747908881 4119
683692320 3205
52159564 4274
160984692 8408
841018562 6809
6224019 8291
197857804 215
922866606 1733
917095992 4832
548725468 970
893625358 7319
421043362 8906
703855428 7319
634580536 2984
39095028 7034
93965423 8633
168110052 8568
470416795 6291
163551992 9911
335244484 2700
152409026 4696
222122527 2471
693299674 9331
223531185 7827
190737083 4445
303001586 9324
177015046 3884
48545521 5225
664221341 5934
422748082 2213
258598955 6189
242468101 5701
221740446 7265
646414370 8593
448787958 9353
273380174 2103
60699659 5629
783781 8880
26627588 9006
528925888 3804
147822937 6139
335292108 5867
718035903 5723
530271988 2208
266956078 1176
709488393 107
180149344 552
607123815 878
261631573 1532
887257717 9223
153742370 3654
711080476 3974
807990799 6535
480879896 9838
114805154 3704
934661897 980
262524610 7462
713493548 5303
434330172 628
390394156 3558
525636942 8405
63357883 7873
601678052 517
488740526 5473
68133723 7261
167335650 4062
338732498 5087
612959632 8135
29449360 9652
440030739 1055
615221549 2148
437557490 6903
256439919 5629
312114898 2133
21839961 7188
458486967 8618
245476467 1613
243261799 7097
541709572 5303
693160951 4088
594285512 3303
295361192 7598
621213015 6955
644975280 7167
737358508 2507
579908084 7963
611985309 5506
385040365 6494
130765674 7429
799316105 5309
812928340 7357
871965939 9527
187111738 2437
653840326 9270
438039691 1648
72604182 2392
430585333 8692
890765970 108
891804852 9235
939011287 1459
142143573 2166
316494541 8289
909638230 254
329970028 8578
177862208 9644
918990639 4502
753838016 5695
922775754 7817
229854608 9301
866321395 4992
248561604 1111
284559060 9003
476818377 8290
866552586 9330
428498205 8293
455423065 6517
437614232 900
895903970 8007
479079327 1058
10665168 1324
224718626 9224
660099477 6650
286846911 2002
101224097 9955
489314946 8764
891198504 9901
710749436 5109
615747758 5693
692118495 7237
861780326 1547
784005110 6563
154514416 6395
668064011 737
45211454 3181
785154433 7302
464665195 3663
254847453 1755
628360386 2634
224330545 6057
870995447 5887
857057059 6039
516781550 7565
73744611 2090
705940699 8013
32618744 1071
208715137 645
534806482 7069
832762210 1035
382933817 1390
649430680 1072
352018210 1270
404950768 4605
765830000 988
54549248 8958
12288868 4816
103975076 1551
549158195 864
652947815 8343
81133391 1297
3246392 3664
315162593 5298
806259376 9303
130952047 6978
940216629 5876
290694486 8371
702322194 805
631757716 3304
484225123 317
142856337 4321
521886377 9605
338522811 2985
392238697 8898
513149344 2153
780174016 8979
523808898 379
328349092 6359
898277118 366
233639198 4288
609382027 5933
69312723 7297
14184799 3972
407825370 8279
154376309 9407
778783363 6852
441172674 3411
922067268 5247
62556390 2610
538109124 1760
265932209 6823
866013411 6227
64513235 6533
303177674 1092
159847599 5480
816796359 8879
201275011 7821
776519193 6373
286339966 2517
498887760 3936
121513007 1580
679585595 2678
438156304 825
680334282 6816
922020670 151
436538108 6697
324161704 2622
879120505 9095
329146650 9942
525638851 6298
399307937 1618
914280542 8697
276339715 8293
884597369 2590
330750697 2590
673461239 4369
883666616 8688
555851671 2021
324214160 4111
436933375 3187
87448372 4110
593324594 6776
156908182 2684
565191100 19
498298200 8014
780088004 8559
483572480 2150
227636564 7043
531954469 817
217641820 743
365543539 9996
543030252 9940
57086401 6981
884159217 4494
685491952 9687
458728980 3461
181596142 1358
141090375 8590
317974805 3227
771879725 9804
592120349 5695
769826649 5016
295811121 7628
117446593 4981
656615856 7682
765436426 3440
936141047 3543
158816391 9913
464918236 6833
263979704 4932
292347672 7190
876432968 2560
416726067 9961
666742674 7743
446406178 5692
314195226 2179
420448337 582
509826485 7049
411017290 5192
270088393 1036
396718290 9527
575310961 3771
697992076 8146
581417049 7158
150536006 148
485038243 4116
743517257 5622
376954490 1515
33074822 8790
263441067 4311
105036046 7455
563801098 280
621608182 2442
43877371 4224
875612731 7114
132606405 8014
487247864 5468
24590654 3717
625559838 6128
213154713 6300
499644683 439
612769032 9094
205443658 5330
868040226 5332
470429476 8562
118641315 3665
569385169 7135
771165631 5970
15409916 2088
433804702 6552
891198515 9459
905240553 7782
803225456 4298
911449136 9873
809549605 1259
784750574 8860
146136198 2876
265597208 302
592972205 2526
538574978 1686
816445916 7824
307030396 4980
265634969 6035
642607606 7918
3840381 1302
579575422 8131
848329566 3214
6306364 1834
701565315 7536
481835967 1341
905133286 6324
794716593 4671
333222479 3194
732745866 5524
376429533 3322
492245631 2080
717981461 5329
661263939 6942
580845376 464
483832921 527
146687267 7536
89901276 6894
434359543 526
912485565 4896
747093899 3872
366703046 5305
712503846 152
595326415 7209
707495451 3985
572229542 1191
505128974 3228
755393876 9935
471759022 9194
471103841 4026
749262198 8826
5921688 427
662696179 3843
179935781 248
500007678 7411
75909930 7803
530644303 4855
193599435 7852
828932134 3599
131800815 7883
739531495 7013
102004773 8648
275318858 7757
913046800 8974
802758951 6061
413831066 6758
867997389 1099
606493821 8760
495496252 9710
685600059 5447
45578400 3341
139625625 9093
78022085 2477
368192769 6365
783801671 6670
430762856 8416
285833490 7345
322233239 4844
99801677 3493
877620419 6614
414271630 1103
540945107 8297
388624450 7717
193110685 7850
916825307 30
218629851 6850
295651054 7637
452262095 6430
914148673 4613
551127866 2673
669905706 5317
65490038 6659
100821146 8289
916743893 3273
230319653 6807
320428316 5981
878487078 4401
368004335 6151
134790180 2302
888301961 9450
661509406 4269
583334053 8527
535667531 9534
118772408 1190
298386084 1697
11446990 7648
452597224 7775
591219003 9778
875055234 9787
412758230 4900
248688431 9752
565539172 3649
502662097 1854
327854507 813
567906920 4408
514743649 6277
650707373 2486
573265619 4913
583257249 8706
192266106 1868
883251781 1072
215911510 9837
742520960 9912
239805121 2688
83485191 748
377672005 6450
651477177 6759
174617813 6280
245306125 482
693323162 4990
363431927 4934
441143770 3536
840880358 9387
559641869 2183
702012678 2025
531110862 7050
847246854 9495
172403029 347
383544332 4224
155855050 9017
926168401 8321
50754970 7776
911939931 5046
346539838 6737
282547563 9187
251062598 102
697626801 2718
67075462 8065
263011939 3168
644752050 265
341381868 3452
79803726 6166
369943345 6488
37423125 4701
246047961 950
212364313 229
778364824 3418
753372049 3235
118896926 1121
230760223 3910
737487456 5087
908251391 9386
860359727 8882
314980485 338
721742307 7480
300139382 7023
760489684 9504
713552678 3261
939116188 1635
533148484 2846
209508209 3127
756162264 6854
335518777 8426
568645365 2243
197607701 826
773811462 1306
416827102 5441
81442745 8423
33976807 3215
813862799 7414
218813318 3664
525736115 2687
794478785 9089
272072736 7083
893016765 4321
713655903 4858
254868142 6359
18593555 6954
914945486 937
827508565 1974
278742069 3504
599753175 3995
76518491 5990
124233689 3192
597217834 6743
525593106 2613
732616457 3875
264474621 212
169311619 9286
838742146 4858
759266801 6094
890554957 4101
387989369 6251
135683341 4896
468667135 7522
801754064 3187
85779753 975
396039338 609
218212312 4869
689417849 5176
132456847 29
911222462 8113
375313028 3710
86439223 5632
63503640 5281
387756348 3263
938765242 1774
434431736 6083
736893884 6157
459417109 4481
68449116 8730
406497878 8704
646124422 100
177881578 1476
536355176 576
462444910 8312
321207806 6272
492930807 863
339914781 6324
272158892 6950
324982289 1651
148017721 488
16683929 8731
148663901 1152
173975660 5948
200094316 2276
351133146 7620
495148458 1901
252651931 7984
354378123 7782
109856475 6154
307886121 2651
459198536 7151
25807759 7173
121528024 2953
642446404 3949
630957531 8091
343773520 1059
375499464 4517
10493106 3315
478831982 2771
639713734 7484
521357117 7249
608928893 5854
113658767 4403
94084345 745
539191203 8755
319261144 166
532015778 2002
424668870 8869
619478695 7461
293623980 1957
74313908 3735
220190796 882
391711007 9135
561836816 1243
222617154 9325
217114967 2433
412238515 7744
635304547 7356
290802493 2599
216964457 388
480621320 1573
86057765 9908
339665557 7092
287720343 9627
377533140 8074
590254086 9804
321534503 255
588083865 5091
46171274 4449
261257268 7552
625574766 9174
425011251 7042
282714035 8001
433164753 223
496070801 4586
36015088 1923
631294786 7074
219338698 4166
163082956 6961
361876688 7186
629306469 1841
250429012 8976
41233381 1991
9664156 1059
254244254 7215
121489042 6401
50225135 4065
608368953 379
434507113 97
364785829 8466
299768791 6635
363480639 9690
546605037 4482
272498582 3854
287016472 4946
637900684 2950
341302211 5159
79984466 5158
349703654 454
262005964 4063
40233919 8247
66762374 662
532863157 7920
387420831 8904
480868374 8333
396874843 91
108305534 1045
153414713 7153
512926956 4443
266115794 3493
490627525 2655
200000 100
3246 10
185 2
3544 8
6258 4
1990 3
2843 3
1174 10
5261 9
3518 6
3711 9
1372 10
6423 2
7887 5
5039 3
8329 4
9963 6
2429 7
5225 10
1943 8
9341 3
3355 2
9864 10
7982 3
1362 6
1047 6
3951 8
2440 4
1624 3
8735 4
845 10
418 2
5656 7
7158 4
9547 8
8969 10
350 6
4022 10
2646 2
434 6
530 4
7950 5
3860 6
6954 9
7418 10
626 2
8962 9
3678 8
497 3
9964 1
4181 3
8261 9
1353 7
715 3
8664 2
5900 10
6484 7
6861 9
7549 9
7855 6
1199 2
3993 8
5205 4
7238 7
2532 2
1837 7
7628 5
5773 3
3164 2
9825 3
7524 7
1112 5
9328 9
4093 8
8560 2
5605 6
1803 5
3681 7
4584 9
2894 2
5000 10
7461 6
8874 2
4545 8
3980 8
2736 9
627 9
524 6
9948 5
8685 5
6506 6
7318 7
8961 4
939 4
7063 7
154 5
3907 8
2124 3
9146 9
9522 9
3024 7
