100
33 22 572801880 273
572774594 572775657 572775985 572776726 572776854 572777757 572778031 572779203 572779888 572781204 572781724 572781749 572781922 572784533 572784755 572786311 572786442 572787199 572787562 572789676 572790508 572791879 572792262 572793591 572795992 572796713 572797391 572797733 572797919 572798185 572798374 572800463 572800617
100 99 32 36 89 69 4 84 83 92 95 53 12 75 35 25 57 49 62 60 11 15 88 99 14 68 60 9 22 51 11 82 17
32 7 6616239 518
67970 6567441 6568206 6574015 6576786 6577271 6578310 6578836 6579693 6580704 6581062 6581291 6583151 6585598 6587601 6587881 6590697 6592163 6593040 6595319 6597862 6598074 6601324 6603157 6603604 6606090 6607039 6607988 6608924 6609283 6610170 6611591
28 96 55 83 47 52 74 81 11 71 62 33 63 32 1 16 45 36 82 40 50 50 22 49 12 40 83 3 48 70 32 5
45 35 651073260 402
651033199 651034108 651034906 651037150 651038711 651040825 651041799 651041937 651042578 651044000 651045944 651046017 651046143 651046269 651046340 651049245 651051224 651051303 651051434 651051455 651051824 651052157 651052340 651053121 651054939 651056632 651057879 651058473 651059534 651060045 651061233 651061587 651064502 651064877 651065082 651065165 651065704 651066183 651067237 651067819 651068806 651069585 651070389 651071191 651072849
100 98 98 97 90 94 38 62 76 89 45 79 12 85 70 61 38 87 57 77 55 57 12 62 61 30 88 33 72 85 74 7 28 79 10 21 53 24 16 16 78 44 43 27 1
10 10 306158145 263
306132576 306132615 306133453 306135840 306139646 306141260 306143027 306144074 306151284 306153870
98 98 92 97 99 67 75 59 29 65
12 1 251839055 825
251761091 251781433 251783472 251784372 251785073 251790453 251795480 251796012 251813563 251814959 251829187 251836838
90 27 9 27 63 77 32 30 2 73 7 2
3 2 117581115 284
117553015 117558086 117573870
99 99 2
5 5 163048050 707
162979411 163014395 163014485 163037058 163040274
100 18 67 10 72
3 2 375889324 562
375847570 375874488 375888430
74 27 2
44 14 209472417 185
209454215 209455039 209455864 209456037 209456160 209456504 209457146 209457794 209458131 209458329 209458496 209459079 209459337 209460278 209460300 209460797 209461570 209461606 209461708 209462145 209462357 209462468 209462692 209462904 209462939 209463371 209464169 209464589 209464659 209464984 209465162 209465676 209466159 209467133 209467232 209467541 209467617 209468178 209469257 209469921 209469993 209470032 209470352 209472145
100 36 96 92 96 93 95 51 99 1 19 83 14 95 6 36 38 88 52 77 18 55 10 62 90 90 74 98 59 32 77 55 52 10 47 10 97 29 5 1 62 25 69 99
23 10 773832677 371
773796366 773797011 773804645 773805061 773806176 773807497 773808061 773808635 773810182 773810407 773813901 773814609 773816708 773816936 773818265 773822057 773822680 773823998 773824614 773826378 773829321 773829729 773831859
98 96 76 75 72 68 67 64 61 60 50 48 43 42 39 29 26 23 21 17 10 8 2
32 32 85300362 323
85269546 85270480 85270839 85271005 85271732 85272152 85272679 85272731 85275047 85275333 85276503 85276637 85277535 85278091 85278766 85281495 85281661 85282961 85283093 85283789 85285106 85287656 85287758 85288197 85292021 85292908 85294445 85297549 85298353 85298762 85299358 85299705
98 100 93 100 96 97 90 96 96 92 90 77 78 93 75 74 36 81 94 74 48 45 85 53 29 31 52 13 17 18 73 3
32 8 170489037 295
170459599 170459684 170462136 170462181 170464143 170465526 170466057 170466203 170466481 170466640 170467413 170468927 170471345 170472210 170473437 170474108 170477525 170477796 170477851 170478204 170478694 170480492 170480751 170481146 170481453 170481617 170481756 170483232 170485580 170485898 170485950 170486344
100 100 99 92 96 91 85 78 80 81 78 48 86 3 59 69 62 78 59 59 62 56 65 100 59 72 67 60 17 67 32 38
34 5 690325497 825
690247366 690247515 690248517 690250020 690254120 690256941 690257927 690262192 690262835 690262949 690264039 690266074 690267763 690269171 690276635 690277899 690283587 690289353 690289703 690290529 690291915 690295399 690297856 690298209 690299560 690299836 690300980 690302218 690307781 690314811 690316431 690321942 690322064 690322599
96 96 25 7 66 19 65 87 51 99 61 45 71 33 18 24 73 34 32 17 30 16 49 10 10 5 16 96 15 31 10 59 4 1
39 24 172136337 786
172059370 172060644 172062460 172062901 172063406 172065108 172067235 172071102 172073300 172076202 172078911 172082860 172083213 172084498 172084964 172085000 172086089 172086147 172088248 172090143 172093755 172093808 172096262 172103396 172107475 172109550 172114517 172114969 172119338 172124114 172124683 172125147 172128244 172128801 172130151 172130258 172130276 172133677 172135256
43 24 65 100 97 91 93 51 43 4 90 72 81 94 78 83 90 96 95 98 71 77 95 49 38 77 39 86 66 23 57 93 75 49 32 50 5 1 79
16 10 620330609 308
620302281 620302350 620302366 620309997 620311837 620311846 620312864 620313839 620316337 620316665 620321691 620322735 620326461 620328440 620328475 620329896
92 91 92 66 61 60 57 55 47 46 28 25 14 7 6 2
50 32 396084706 438
2234743 396042250 396042580 396043535 396044598 396046780 396047541 396047568 396047815 396047883 396048319 396048808 396051325 396051578 396051740 396052119 396052400 396053604 396054389 396054505 396057712 396057817 396058067 396058153 396058998 396060738 396061412 396064640 396065257 396066157 396066616 396069923 396070123 396070599 396071234 396071641 396072234 396073239 396074431 396075191 396076838 396077076 396079022 396080983 396081397 396081524 396083026 396083100 396083942 396083957
7 97 99 13 93 96 54 93 74 7 30 100 77 100 78 83 33 83 15 1 30 61 69 12 94 32 3 4 23 16 39 9 65 53 4 3 25 9 1 19 17 37 2 7 6 3 100 2 19 1
13 6 326333653 973
326238148 326246094 326257899 326260694 326270094 326270188 326272679 326285059 326287715 326300551 326315754 326321524 326330046
100 32 75 78 7 16 50 4 90 6 34 12 45
33 28 330870250 800
330791231 330798962 330799598 330800424 330800606 330806667 330809683 330814675 330815506 330816586 330818433 330821724 330827676 330827742 330830644 330830714 330831591 330832799 330833976 330836270 330838530 330838732 330843356 330844033 330847457 330853635 330859301 330861709 330862205 330864179 330864532 330865178 330867560
99 90 89 88 88 80 76 70 69 68 65 61 54 54 50 49 48 47 46 43 40 40 34 33 29 21 14 11 11 7 8 7 4
11 8 243421318 79
243414395 243415348 243415632 243416094 243416514 243416974 243417501 243418702 243419009 243420005 243420469
94 90 97 84 85 88 57 86 77 74 37
46 43 236579107 754
236504431 236506435 236509903 236509905 236512430 236513866 236522926 236525617 236527241 236527829 236528002 236530506 236530934 236533204 236534277 236535610 236537129 236537573 236540172 236543081 236544818 236547476 236548495 236549094 236549460 236550068 236551607 236552486 236555516 236556278 236558226 236561015 236562977 236563826 236564155 236566981 236570023 236570748 236570879 236571685 236572152 236572465 236572910 236573467 236574841 236576392
31 98 94 98 98 5 10 81 15 81 42 76 72 12 92 21 98 75 98 2 18 26 100 54 19 13 78 64 95 73 17 74 77 14 58 75 11 68 28 36 5 1 20 23 1 82
4 1 423575143 569
423523647 423530262 423537413 423571933
93 85 98 41
11 10 548840816 853
548760910 548762539 548764941 548766046 548775116 548779905 548781121 548791787 548800974 548822440 548827979
96 93 99 94 67 99 77 64 81 65 77
29 8 531627902 913
531542552 531542981 531546142 531553552 531554107 531557877 531558299 531560861 531571027 531571107 531575804 531577882 531579065 531579841 531585299 531589382 531591600 531591839 531595277 531598165 531599369 531599585 531604787 531607666 531610315 531611795 531617686 531618123 531620119
94 99 58 90 61 53 82 81 16 7 41 3 47 31 29 55 5 36 24 32 21 28 18 4 5 32 55 98 8
28 21 284918326 933
284829678 284835075 284836538 284837925 284844671 284850384 284857995 284862262 284873463 284874703 284881524 284882044 284882792 284884377 284888583 284888778 284892077 284894383 284896366 284899109 284901640 284905836 284908122 284912680 284912709 284912979 284915784 284916066
96 84 89 99 42 90 56 92 80 34 41 14 14 19 93 25 92 22 46 7 17 10 95 61 2 28 18 64
19 11 254621004 668
23199121 28138347 41401874 254573899 254576981 254577814 254587136 254588602 254588849 254590056 254592433 254594010 254594358 254597368 254597369 254602366 254602954 254610006 254618406
70 73 41 91 98 16 85 99 60 30 39 82 25 50 17 88 21 1 2
37 10 922942780 666
24249396 922878236 922879746 922882158 922884685 922885455 922885562 922885671 922886132 922892244 922892498 922897225 922899352 922900343 922901382 922901765 922905130 922905232 922907514 922908725 922911548 922914407 922916403 922918187 922922918 922924683 922924997 922926997 922927732 922929676 922932520 922933968 922934311 922936871 922937761 922938653 922941357
47 77 78 76 95 32 1 74 3 14 49 79 22 37 36 17 39 23 18 4 32 39 31 80 78 8 1 17 89 9 3 8 3 6 1 3 2
40 12 482428441 213
482409590 482409891 482409904 482410036 482410383 482411249 482411692 482411874 482411988 482412633 482412780 482413327 482414955 482415026 482415376 482415743 482415818 482416008 482416585 482417276 482417320 482417775 482417820 482418028 482418827 482419813 482421282 482422204 482422577 482424124 482424367 482425322 482426597 482426688 482426722 482426950 482426975 482427028 482427425 482427525
99 96 14 37 98 88 92 22 56 77 60 88 57 49 67 4 23 62 98 2 3 33 7 14 43 34 93 8 8 13 42 74 1 6 3 77 1 2 55 2
15 11 108765946 871
11484943 12031865 21657880 22572202 108718221 108718702 108725579 108729266 108729984 108743014 108749110 108755908 108758269 108758375 108764739
54 79 6 55 81 30 62 34 7 86 71 27 1 38 85
13 6 504880098 851
504802171 504802650 504802993 504803786 504805785 504817096 504826599 504827892 504833218 504857515 504863506 504868782 504874734
91 92 90 90 88 75 62 61 56 27 19 13 7
48 18 289427671 616
289366122 289368007 289369031 289369139 289371427 289373902 289374417 289375086 289378746 289379912 289380425 289381934 289383519 289383839 289384816 289386554 289388201 289389184 289390210 289390646 289390773 289390972 289393743 289394941 289399375 289399474 289404823 289404914 289404917 289405144 289405991 289406319 289407202 289409703 289410506 289410771 289412116 289414018 289414053 289416073 289417874 289418420 289420014 289420667 289422376 289423758 289424313 289426407
100 97 93 43 35 80 30 39 8 80 80 18 50 48 92 64 68 77 75 84 88 68 61 57 7 61 73 85 81 9 42 22 58 34 15 53 7 85 30 33 40 83 6 1 1 33 2 55
35 7 497666579 286
23512063 29552331 497640915 497641789 497641962 497642360 497642551 497644428 497645349 497645850 497645942 497646523 497647189 497647822 497648639 497649925 497651010 497651562 497653081 497654899 497655201 497655784 497655951 497656297 497659604 497659728 497659905 497660568 497660910 497661486 497663130 497663407 497663957 497665671 497665936
56 88 93 16 28 92 36 87 6 37 15 16 21 3 63 42 3 68 40 88 76 59 49 31 20 19 56 92 11 4 3 7 13 69 30
44 28 150750115 146
150735678 150735881 150736814 150737043 150737120 150737427 150738241 150738645 150738959 150739038 150739325 150739877 150739912 150740366 150740573 150742020 150742083 150742223 150742496 150742729 150742824 150742858 150743745 150744933 150745126 150745633 150746812 150747070 150747087 150747495 150747496 150747501 150747912 150748527 150748794 150748798 150748846 150748957 150748999 150749248 150749453 150749458 150749602 150749660
99 97 91 90 89 86 82 79 77 75 74 71 69 66 65 55 55 55 52 50 50 49 43 36 35 30 22 21 21 17 18 18 16 11 10 10 8 8 8 5 5 5 3 4
50 25 454927005 146
454912486 454913097 454913563 454914198 454914235 454914723 454914984 454915130 454915189 454915351 454915452 454915833 454916594 454916877 454917252 454917366 454917420 454918121 454918671 454918883 454918995 454919734 454920039 454920107 454920411 454920432 454920588 454920938 454921208 454921457 454921623 454921779 454922602 454922772 454922984 454923505 454923545 454923585 454923606 454923968 454924228 454924563 454925430 454925447 454925612 454925890 454926094 454926224 454926328 454926404
100 96 93 88 88 85 83 82 81 80 80 77 72 70 67 67 66 61 58 56 55 50 48 48 46 45 43 41 39 37 36 35 30 28 27 23 23 23 23 20 19 16 10 10 9 7 6 5 4 4
22 5 840607862 63
15477856 37674075 43989754 83013477 840602411 840602574 840602812 840603379 840603535 840603559 840603652 840603964 840604396 840604823 840605568 840606316 840606520 840606757 840606901 840606979 840607010 840607151
97 47 61 29 27 98 95 24 66 35 18 22 14 21 2 8 2 3 14 2 12 4
15 9 48602592 582
48548758 48549847 48555736 48558284 48563507 48566094 48569963 48575224 48579696 48579883 48585322 48587900 48590657 48592541 48592851
96 60 90 85 24 95 81 100 27 92 22 1 10 57 66
28 27 620904703 666
620840270 620841223 620841261 620855909 620859196 620859919 620861361 620861528 620861726 620862825 620866464 620867529 620872982 620876412 620877414 620877493 620878129 620878635 620882291 620887883 620888912 620892106 620894681 620896629 620897819 620900873 620902647 620902903
99 81 98 79 71 89 96 85 90 90 73 58 58 79 51 98 65 87 35 64 63 68 93 10 3 8 56 88
7 2 801843543 687
801792751 801803762 801811954 801826280 801826693 801829007 801829773
90 28 87 32 41 19 13
34 11 461465980 441
461423207 461424047 461425704 461426611 461426898 461427430 461428100 461428154 461432226 461433093 461433427 461433855 461434248 461435323 461437521 461438583 461439534 461443796 461445422 461446488 461446573 461446707 461447147 461448028 461449880 461454049 461454284 461455444 461458886 461462904 461462983 461463568 461464984 461465195
97 96 91 89 89 87 85 85 76 75 74 73 71 69 64 63 59 51 46 45 44 44 42 40 37 27 27 23 16 6 6 5 2 1
9 3 432377430 46
432373363 432373447 432373474 432373585 432373900 432375422 432376634 432376668 432376908
89 87 85 84 77 43 18 17 11
13 8 78761297 707
78703091 78703998 78705220 78707180 78708723 78709974 78716246 78731345 78746041 78748705 78753120 78757032 78757436
89 95 96 84 67 87 54 85 64 50 55 30 45
44 16 776377723 631
776318133 776320789 776323036 776323661 776323980 776324836 776325517 776325954 776326204 776327640 776327656 776328407 776328569 776328912 776329572 776333719 776334592 776335626 776336663 776337416 776340032 776346259 776346342 776348696 776349126 776350841 776356456 776356877 776358766 776361040 776361350 776363062 776364339 776365931 776366578 776367024 776367976 776371128 776371265 776371280 776372815 776373044 776373195 776374818
95 91 87 86 85 84 83 83 82 79 79 79 77 78 77 69 69 66 66 64 60 49 50 47 46 43 34 33 31 27 26 24 21 19 17 17 16 10 11 11 7 8 8 5
31 2 945017992 799
944941412 944944995 944948786 944949968 944950504 944958602 944960501 944962016 944963197 944966392 944969732 944969880 944971402 944984157 944984923 944989548 944990590 944992454 944998189 945002407 945004850 945005182 945005754 945005977 945006632 945007922 945009215 945010950 945011377 945012112 945014221
96 60 45 39 1 39 88 95 3 44 29 35 49 33 25 18 26 3 24 6 14 15 9 6 49 10 5 7 8 3 1
3 3 831431321 961
831347432 831387027 831411663
96 51 11
45 38 740254265 378
740217018 740217440 740217512 740217777 740218107 740218206 740220633 740221727 740222133 740222439 740224618 740224924 740225600 740226920 740230371 740231425 740231865 740232269 740232596 740235135 740235715 740235802 740236294 740236408 740236417 740236926 740237500 740238841 740239396 740239540 740240038 740240784 740241135 740241292 740243086 740243249 740244362 740245973 740246454 740246947 740248504 740249358 740250496 740250915 740251216
99 98 98 97 96 96 89 87 86 85 79 78 76 73 64 61 59 59 58 51 50 49 48 48 48 46 45 41 40 39 38 36 35 34 30 30 27 22 21 20 16 13 10 9 9
8 3 152521235 751
152454007 152460498 152465783 152497938 152508953 152509109 152514350 152515416
96 91 1 4 17 50 35 91
18 10 120508995 196
120491245 120491847 120492308 120492634 120495940 120497009 120497470 120498140 120498279 120502173 120502880 120503052 120505211 120507102 120507462 120507690 120507763 120507793
93 99 99 88 80 73 68 93 92 84 63 35 15 61 43 57 47 55
49 37 267169069 671
267102720 267105267 267112684 267112782 267115903 267120462 267121289 267125096 267125233 267125828 267126328 267127678 267127974 267128472 267129325 267130013 267131082 267134811 267136385 267136452 267136637 267137021 267138036 267140116 267142867 267144239 267146656 267148878 267149099 267151552 267151961 267151965 267152367 267152507 267154730 267155966 267156167 267156449 267158389 267159332 267161292 267161483 267161948 267162680 267164083 267165600 267167167 267167403 267168165
100 98 95 89 88 82 26 82 86 84 85 63 14 97 62 90 82 14 49 50 77 77 52 88 45 94 7 81 5 19 71 27 82 38 25 81 24 71 97 7 60 79 77 5 12 1 74 49 68
9 4 67194091 841
67114290 67116007 67124766 67143809 67153146 67155554 67163119 67170438 67175538
97 98 87 83 66 57 38 8 60
23 20 674257993 634
674195917 674200303 674203624 674205863 674210990 674212198 674214591 674218911 674220327 674220420 674225080 674225318 674225790 674229579 674232836 674233822 674241800 674243360 674245134 674247962 674250425 674252874 674253874
98 91 86 83 75 72 69 62 60 60 51 52 51 45 40 39 26 24 20 16 12 9 7
47 6 411463061 49
411458190 411458386 411458443 411458584 411458922 411459005 411459243 411459294 411459326 411459404 411459407 411459578 411459651 411459689 411459883 411459926 411460043 411460092 411460228 411460243 411460281 411460289 411460343 411460364 411460424 411460702 411460784 411460808 411460850 411460911 411461076 411461162 411461167 411461172 411461606 411461748 411461779 411461828 411461942 411461994 411462452 411462605 411462704 411462737 411462832 411462848 411462878
26 77 76 75 31 67 12 31 86 52 38 67 47 2 83 58 58 16 53 65 20 35 65 43 21 44 5 23 11 30 36 14 4 65 10 11 19 11 19 21 81 7 7 3 2 2 1
34 14 968734080 17
968732412 968732428 968732494 968732540 968732559 968732583 968732624 968732672 968732693 968732715 968732743 968732756 968732764 968732813 968732819 968732878 968732934 968733056 968733153 968733167 968733335 968733440 968733518 968733519 968733549 968733558 968733594 968733647 968733733 968733861 968733898 968733901 968733919 968733937
99 100 99 92 94 95 99 88 99 87 94 96 96 77 80 100 83 90 97 79 71 56 90 99 75 37 78 52 78 98 17 71 89 44
10 8 310294626 831
310213740 310215610 310218054 310220702 310221644 310250261 310252827 310263656 310272325 310276243
98 96 92 89 87 54 51 37 26 22
19 1 825493441 23
825491217 825491396 825491428 825491698 825491865 825491877 825491901 825491919 825492031 825492299 825492740 825492844 825492883 825492921 825492960 825493163 825493218 825493278 825493334
96 89 87 75 69 67 66 66 61 49 30 25 24 22 20 12 9 7 4
17 15 460486825 1000
460391449 460394977 460395842 460401608 460409197 460409947 460417894 460429205 460435075 460435316 460441073 460441622 460443983 460465579 460468197 460470390 460484301
96 92 74 99 85 38 81 86 72 94 45 50 53 77 25 36 2
49 19 155361114 40
155357154 155357201 155357287 155357449 155357461 155357478 155357512 155357532 155357539 155357709 155357993 155358144 155358191 155358347 155358386 155358467 155358495 155358516 155358520 155358530 155358605 155358606 155358608 155358938 155359060 155359065 155359089 155359255 155359276 155359286 155359338 155359371 155359453 155359462 155359543 155359717 155359718 155359891 155360003 155360050 155360054 155360480 155360492 155360606 155360705 155360753 155360871 155360985 155361069
99 100 100 94 100 95 97 98 55 95 47 97 100 6 79 73 66 73 83 98 99 63 96 74 41 93 82 38 13 53 81 80 74 68 11 35 27 14 83 21 25 73 46 59 18 80 69 48 49
6 4 625224204 119
375874304 625219157 625220639 625221365 625222668 625223901
15 47 39 20 66 7
41 36 908296230 809
908217020 908218278 908219922 908220691 908221015 908222124 908226238 908226641 908228992 908229814 908230636 908232162 908232310 908236174 908237520 908239496 908241140 908243350 908248915 908249465 908251145 908251404 908256113 908256629 908256743 908257380 908259651 908263453 908268519 908268721 908270264 908270810 908273134 908274364 908274584 908280216 908280946 908284118 908289673 908290891 908292334
100 99 99 94 98 92 99 87 93 63 44 89 86 85 90 92 83 80 87 90 88 56 58 49 36 85 94 69 54 59 65 55 90 56 53 33 24 12 35 100 1
46 27 781837914 371
11537210 19727530 781802070 781803373 781804355 781805839 781807345 781807825 781807971 781808511 781808957 781809247 781809274 781809721 781810545 781810840 781812316 781813554 781815760 781816582 781817389 781817556 781817592 781818743 781819316 781821093 781821316 781821458 781821559 781823455 781823500 781826851 781827011 781827044 781827605 781827643 781827676 781828457 781828501 781829231 781830931 781831153 781831380 781832771 781834732 781835492
35 22 98 96 93 93 89 95 81 80 84 91 65 93 75 80 65 91 87 80 95 85 87 3 67 3 96 90 9 95 98 18 40 77 34 16 88 59 13 98 43 80 59 80 29 7
3 1 977824339 628
191883324 977787919 977789700
30 17 7
8 1 571288827 258
571264966 571267497 571269988 571272901 571274591 571276590 571285631 571287314
94 91 86 94 80 74 94 33
12 5 812199656 461
2796367 812156196 812157483 812157498 812158065 812158588 812160631 812175532 812180136 812185160 812191631 812194437
92 99 61 45 91 91 48 24 2 20 12 7
32 3 71380640 619
71319125 71319790 71320791 71323355 71323931 71324061 71324247 71326717 71326816 71327537 71327646 71328176 71328588 71331224 71332394 71339309 71343783 71347329 71351783 71351965 71353563 71353919 71364640 71364765 71366743 71369041 71370022 71370153 71370797 71376228 71376336 71379214
100 40 76 89 15 22 9 24 90 75 63 83 27 4 70 10 75 72 23 28 2 4 8 20 58 12 1 18 2 4 6 2
39 21 458026428 979
457930669 457930687 457933746 457934303 457935327 457936088 457936972 457940214 457941011 457942356 457946624 457952021 457958674 457960248 457963830 457964112 457964724 457966817 457974625 457975719 457977291 457977366 457977668 457980714 457981906 457982096 457984788 457987767 457997612 458000119 458001855 458002667 458002796 458006538 458012504 458013178 458015021 458019743 458020710
98 98 94 95 94 93 92 89 87 86 82 77 70 68 64 64 64 61 53 52 51 51 50 47 46 46 42 40 29 27 26 25 25 21 15 14 11 7 5
28 1 695092126 156
34583723 695077024 695077069 695077251 695077560 695077679 695078272 695079233 695079777 695080199 695080477 695080710 695081228 695081756 695081817 695082923 695083906 695084741 695085858 695085960 695086026 695086071 695086270 695087244 695087340 695089418 695089903 695091441
21 100 97 97 96 96 89 85 88 81 85 98 98 8 72 96 93 98 100 59 62 46 74 53 73 14 20 97
25 1 605941638 678
605878981 605879223 605882691 605884093 605886130 605887612 605892769 605893022 605896098 605897840 605898756 605901694 605902332 605906067 605906160 605907852 605910211 605911401 605920635 605924753 605927794 605930720 605933887 605934337 605934580
92 92 86 84 81 79 72 71 67 64 63 58 57 52 52 49 46 45 30 24 20 16 11 11 10
47 13 692508120 748
27221209 692436672 692436684 692441750 692444380 692444616 692445768 692447315 692447424 692454875 692456424 692456908 692458236 692458927 692458988 692461420 692463525 692463738 692465891 692466712 692468978 692470724 692470836 692475380 692475702 692477555 692479031 692479253 692481242 692483461 692483636 692484603 692485392 692487141 692489060 692491883 692492149 692492916 692493333 692497798 692499036 692500310 692503398 692504338 692505943 692506732 692506899
96 5 96 40 94 12 2 23 41 7 76 89 77 98 68 25 71 98 64 16 53 62 68 16 88 22 33 59 43 91 62 63 9 11 63 13 9 24 6 10 9 16 97 3 6 100 80
45 26 736831709 861
736745639 736747224 736748428 736751888 736755035 736757089 736766018 736768300 736772587 736772680 736775127 736776919 736779417 736780889 736780951 736782191 736784044 736784630 736786355 736788768 736789686 736789882 736792311 736792316 736794927 736795892 736796818 736797098 736800013 736801212 736801274 736805098 736807490 736811795 736813354 736815399 736817354 736818020 736818983 736820101 736821962 736822196 736825637 736827203 736830284
73 5 97 15 35 91 49 30 81 1 25 65 51 95 56 63 74 97 34 31 89 17 11 31 34 7 31 11 89 24 71 23 11 30 49 67 6 7 64 65 14 83 1 2 90
5 3 621997475 7
621996834 621997077 621997089 621997122 621997305
44 92 27 74 93
36 25 208598466 443
208554704 208557750 208559076 208560732 208562168 208562437 208562562 208562873 208564952 208565662 208565872 208566268 208567883 208568248 208568429 208569019 208569196 208569356 208571838 208572404 208574230 208578317 208579590 208581431 208582187 208582311 208583212 208585389 208588836 208589908 208590242 208590323 208590658 208591739 208592918 208592971
100 94 78 66 94 100 87 20 80 77 77 80 87 80 73 86 73 90 23 96 84 96 47 70 55 45 58 69 5 43 8 1 95 36 86 25
4 3 100395041 65
100389030 100390653 100391578 100393836
93 68 54 19
4 4 371083911 294
371073897 371075578 371076227 371080364
35 29 26 13
7 5 929708459 285
929682178 929685147 929688399 929691322 929694662 929698494 929708068
99 89 85 63 11 7 54
37 3 158137863 42
1398686 1479244 158133811 158133877 158134024 158134193 158134303 158134396 158134542 158134576 158134791 158134805 158134964 158135116 158135284 158135377 158135408 158135845 158135932 158136140 158136267 158136280 158136366 158136423 158136451 158136516 158136788 158136897 158136954 158136971 158136996 158137074 158137156 158137433 158137457 158137548 158137807
64 43 100 98 99 98 87 90 18 96 5 96 70 88 78 96 65 86 73 94 80 90 57 83 33 25 67 70 26 70 99 12 72 49 84 97 1
47 19 513272713 664
513208184 513208185 513213062 513213674 513215157 513218586 513218856 513219959 513221325 513224470 513226610 513227190 513227562 513228254 513232107 513237360 513237568 513237595 513237777 513239174 513240898 513242325 513243577 513246095 513246158 513246681 513247011 513247681 513248015 513248021 513250888 513254708 513256605 513256709 513257235 513257378 513258901 513259490 513260980 513262473 513262646 513262763 513263429 513264956 513264972 513265773 513265989
99 100 59 10 98 73 8 34 66 78 49 55 72 39 16 2 49 44 37 89 35 36 41 4 36 12 27 14 33 99 97 4 67 33 1 31 18 22 27 14 79 3 2 75 1 7 5
40 21 910923210 439
910881275 910881633 910882590 910883019 910884333 910884526 910885113 910889505 910889758 910892069 910893687 910893692 910893887 910894396 910894645 910895392 910895493 910898427 910899528 910900434 910900670 910901584 910904326 910904466 910905112 910905392 910909917 910911033 910911378 910912315 910912382 910912395 910913375 910914845 910917395 910918698 910919635 910921898 910922192 910922277
100 96 96 25 98 46 100 71 93 73 62 75 77 83 86 88 92 97 34 74 58 65 16 9 90 87 84 59 95 89 14 23 11 100 99 4 12 3 23 35
14 12 584021951 710
583953469 583954630 583957862 583974219 583975139 583991922 583992764 583994440 583998577 584002340 584003302 584012555 584013899 584019559
97 95 90 67 66 42 41 39 33 27 26 14 11 4
45 7 64041638 316
1675085 64012979 64013534 64013633 64014328 64016050 64016499 64016507 64018181 64018958 64019130 64020240 64020862 64023282 64023427 64023614 64024277 64024519 64026710 64027085 64027648 64029195 64029337 64029683 64030149 64030708 64031652 64031720 64031867 64032412 64032478 64033056 64033301 64033790 64034455 64034497 64034956 64035620 64035741 64036176 64037914 64039121 64039619 64039988 64040388
45 98 33 13 30 96 1 46 91 93 36 28 25 72 83 15 16 27 19 19 37 22 18 53 23 41 8 23 14 11 88 18 19 9 99 20 16 43 25 6 66 5 33 3 3
15 10 495624929 601
495574683 495575394 495576976 495579980 495580166 495587839 495587976 495590529 495591746 495594483 495601467 495605851 495607519 495621016 495623043
92 95 44 80 56 27 63 65 42 95 81 52 76 6 44
48 11 78229608 40
531496 78225691 78225777 78225823 78225996 78226145 78226152 78226276 78226394 78226526 78226598 78226788 78226799 78226837 78226861 78226871 78226964 78226978 78227009 78227157 78227183 78227198 78227377 78227415 78227480 78227533 78227691 78227745 78227777 78227996 78228089 78228114 78228157 78228251 78228300 78228310 78228434 78228765 78228836 78228900 78228935 78228992 78229037 78229140 78229227 78229272 78229279 78229380
54 100 74 35 93 72 47 28 82 91 36 24 100 71 83 46 18 84 64 73 90 86 7 85 37 85 73 13 42 32 34 54 29 19 15 82 7 93 43 6 16 22 71 7 3 1 90 26
32 7 914370272 969
15888266 914277042 914277370 914284661 914285135 914287141 914288391 914288624 914290158 914291027 914293434 914295065 914300343 914303399 914309611 914316002 914318136 914318381 914318882 914321707 914324149 914326182 914327025 914331123 914339844 914341444 914341746 914343274 914343487 914346046 914362659 914366348
100 97 96 89 87 85 84 84 83 81 79 78 72 69 62 56 53 53 53 50 47 46 44 40 31 29 29 27 27 25 7 4
48 22 123635117 469
2069526 2713395 12681551 123591233 123591280 123592461 123592606 123592817 123593667 123593685 123594388 123595470 123596002 123596115 123599413 123600028 123602513 123602552 123603008 123604330 123608071 123610597 123611134 123611384 123611949 123612391 123612693 123615340 123616161 123616738 123616764 123617065 123617518 123620791 123621698 123621738 123624468 123627958 123628068 123628643 123629045 123630922 123631494 123631582 123632098 123633245 123633591 123634295
100 100 100 94 93 91 90 90 89 88 86 84 83 83 77 74 69 70 68 65 57 52 51 50 49 48 47 42 40 39 40 38 37 31 29 28 22 15 16 13 13 8 8 8 7 3 4 1
16 14 486013129 533
485960309 485961898 485966132 485969494 485974311 485981085 485987820 485990431 485990716 485992528 485995120 485995216 486000067 486000933 486002496 486003061
100 98 64 98 73 27 77 71 26 44 72 72 96 20 29 1
4 2 190016688 670
189968589 189975473 189998338 190003769
83 55 90 87
15 2 495931303 890
495855151 495861158 495863029 495866602 495867864 495872568 495873784 495877051 495881234 495885218 495886415 495905693 495906394 495908534 495912224
85 78 76 72 71 65 64 60 57 52 50 29 28 25 21
25 22 183198342 793
183120495 183121929 183122232 183123566 183124717 183126106 183126810 183141252 183141784 183142410 183147425 183149666 183152794 183152873 183161471 183163978 183166381 183174730 183176040 183180180 183180612 183184912 183187387 183192615 183196197
99 96 96 95 92 91 90 72 72 70 64 62 58 58 47 43 41 30 28 22 23 17 14 7 2
23 17 921547011 639
921496101 921500982 921508930 921508978 921510050 921511079 921511404 921513273 921514927 921520022 921523457 921525223 921525673 921526384 921527361 921530084 921534685 921535687 921536754 921537651 921539671 921542446 921543375
92 80 66 15 22 78 87 53 94 92 39 55 44 39 61 41 83 59 15 42 70 3 4
41 38 25762694 978
25668240 25668307 25671469 25672087 25676118 25682561 25683165 25683714 25684089 25687303 25691548 25694442 25698732 25699776 25702277 25706027 25708094 25712901 25713674 25715715 25717396 25721550 25722760 25723905 25725535 25726630 25728092 25728330 25731434 25731479 25733091 25733981 25738311 25738840 25739323 25741473 25743390 25747798 25752776 25755406 25760432
98 98 29 6 27 93 86 98 70 41 96 98 60 89 97 84 99 98 44 87 56 54 7 57 26 81 78 5 12 16 23 11 35 91 9 58 23 15 7 4 87
44 17 513427021 205
513406574 513407760 513407832 513407931 513408109 513408904 513409987 513410090 513410217 513410308 513410735 513411465 513411902 513412244 513412518 513413155 513413162 513413853 513413860 513414296 513415185 513415877 513416036 513416943 513417656 513417974 513419146 513419577 513420947 513421176 513421811 513422590 513422755 513423890 513423930 513424394 513424543 513425121 513425290 513425480 513425921 513426099 513426105 513426183
100 95 68 11 89 52 38 5 64 14 75 31 33 11 52 10 33 69 58 7 91 76 47 78 71 27 17 36 16 24 16 1 10 12 6 4 7 7 71 1 49 1 3 2
50 25 94339848 249
94315188 94315510 94316594 94316920 94317980 94318398 94318489 94318530 94319490 94319643 94319735 94320092 94320666 94321140 94321368 94321635 94321638 94322293 94322453 94323419 94323636 94323640 94324575 94324827 94324858 94325121 94325901 94326144 94326635 94328272 94328713 94329239 94329686 94330173 94330388 94330760 94330793 94331558 94332466 94332899 94334687 94335187 94335983 94337882 94338038 94338263 94339020 94339124 94339406 94339551
100 100 95 98 98 91 86 86 91 92 83 93 79 87 88 79 75 98 96 86 67 84 99 91 88 57 24 43 1 46 35 6 36 27 26 5 11 3 24 25 14 5 6 1 3 6 3 2 1 1
36 22 311033259 99
311023540 311023602 311023641 311023766 311023833 311023919 311024238 311024249 311024380 311024608 311024799 311024888 311025346 311026134 311027037 311027433 311028535 311028569 311028634 311029031 311029125 311029153 311029390 311029511 311029814 311030564 311030768 311030952 311031271 311031275 311031545 311032105 311032233 311032747 311032770 311033085
99 100 99 96 100 100 100 97 100 96 35 96 98 98 98 98 59 73 57 77 91 64 41 83 69 60 50 92 9 4 8 17 72 97 4 90
12 1 842776847 271
842755029 842755816 842762179 842763215 842764277 842766646 842768073 842769073 842769715 842772334 842773457 842774236
74 39 80 7 29 29 7 79 10 4 7 3
14 10 249939769 614
249889229 249893115 249897934 249900011 249901850 249902010 249906475 249912330 249920143 249921625 249924285 249932876 249937080 249938868
32 89 2 86 73 71 87 74 59 19 100 53 46 59
44 10 646268534 443
646224523 646225910 646226042 646226381 646227375 646229900 646231240 646232125 646232663 646232688 646232931 646234499 646235088 646235368 646235940 646236149 646236480 646237967 646238781 646239107 646239345 646241409 646242128 646242337 646245499 646246085 646246455 646246650 646246874 646248789 646249226 646250651 646255399 646256789 646257908 646258408 646259360 646261938 646262502 646262932 646263758 646264441 646264936 646267710
72 11 86 78 45 86 31 44 68 11 75 56 76 49 15 40 68 14 14 13 3 1 27 28 34 77 46 21 8 83 75 19 8 4 1 4 20 11 78 3 3 4 6 1
42 32 10976871 247
10952323 10952567 10952952 10952966 10952991 10953699 10954775 10957052 10957907 10959247 10960161 10960298 10960375 10960563 10961877 10962001 10962753 10962926 10963472 10963939 10965516 10966018 10966063 10967135 10967643 10968047 10968089 10968659 10969188 10969765 10969936 10970704 10972152 10972282 10972901 10973021 10973825 10974116 10974736 10975786 10976340 10976378
100 98 96 97 97 94 89 80 77 72 67 68 67 67 61 61 58 57 55 53 46 44 44 40 37 36 35 34 32 29 29 25 20 19 16 16 13 12 8 5 2 1
25 24 513384561 446
513340884 513341058 513341729 513344939 513344981 513349784 513351212 513353205 513353616 513362026 513362240 513363789 513365744 513366746 513367951 513369403 513370376 513373046 513376649 513377608 513377951 513379167 513379865 513380679 513381967
98 97 96 89 89 77 74 71 70 50 51 46 42 40 37 33 32 25 18 16 14 12 11 9 6
4 4 757514415 585
757457518 757466794 757468449 757486633
98 81 79 47
38 6 106925689 666
106859889 106866932 106867394 106868514 106870273 106874263 106875194 106876478 106879954 106880668 106881495 106884822 106887231 106887951 106888104 106890737 106891395 106896546 106898522 106898634 106899640 106899879 106900430 106903965 106905345 106909512 106910347 106913736 106915306 106920278 106920518 106921204 106921396 106921949 106923193 106923382 106923558 106923614
99 93 99 100 94 83 20 79 87 91 97 99 65 58 74 73 60 95 99 90 43 87 98 67 56 76 47 94 38 9 76 32 13 82 31 34 70 6
29 19 663193623 37
25312675 663190156 663190268 663190313 663190474 663190645 663190941 663191009 663191524 663191551 663191566 663191687 663192009 663192144 663192223 663192267 663192349 663192440 663192518 663192887 663192916 663192939 663192956 663193009 663193031 663193199 663193244 663193255 663193271
5 95 98 91 91 91 90 77 75 63 72 11 57 60 75 49 93 54 21 45 56 55 11 51 32 17 2 85 77
49 44 99517826 840
695872 99437937 99442634 99443568 99446124 99447190 99447693 99450511 99452225 99452847 99453755 99454091 99456277 99456342 99461681 99465238 99466925 99467689 99470281 99470750 99472825 99473770 99473997 99474285 99476343 99476854 99478936 99480547 99481200 99482209 99484982 99485902 99486253 99487171 99490800 99493625 99495103 99497148 99499074 99500268 99501975 99502930 99504356 99505393 99505765 99511320 99511743 99513238 99513398
100 96 90 88 86 84 84 80 78 78 77 75 73 74 66 63 60 60 56 57 54 53 52 51 50 49 47 45 44 42 39 38 37 37 32 29 27 24 22 20 19 17 17 15 14 7 7 5 5
25 2 758423340 55
758418311 758418600 758418925 758419073 758419104 758419511 758420405 758420452 758420697 758420834 758421080 758421101 758421129 758421185 758421738 758421966 758421990 758422049 758422081 758422289 758422307 758422806 758423017 758423072 758423278
92 87 81 78 78 70 54 53 49 45 42 41 41 40 30 25 25 24 23 20 19 10 6 5 2
