100
3
0 10 -10
40
5
0 1 2 3 4
13
5
0 1 2 3 4
7
8
0 789059689301482 -910931693858101 -956193093955857 343509202930243 920374185149989 -689955229424826 722030552663468
482269012678218
7
0 999999999999544 999999999999389 999999999999930 -999999999999063 -999999999999192 -999999999999596
4175873593694704
10
0 874935 624560 207565 395140 317816 -572602 964234 995334 -60745
4071046
10
0 159808021578650 903723998338554 987030211867284 -245549974662886 -710237395541091 -333901026002040 154088842214467 -20767471638574 -462972232499625
2927388032896575
8
0 992488220182539 -544506675577747 780392904729889 -795737084175876 -197337054275338 -50054058849603 -784855966253485
1881917083370353
2
0 999999999999479
4750314016464996
10
0 -823465131012343 543386779423456 375330179743434 729645245781715 -348480293929253 405873219878023 -60545329623343 124529315780961 -94206619462630
9314717853097189
9
0 842475275815757 -381839485751688 364960725961265 93398278794661 704863896300184 174870425671787 202261788879205 105419154340393
5213511513855585
10
0 187621375381472 173416318584800 50917329933563 240968412346828 -803209875308333 602011727891800 -494659215264867 879686977260380 442455561418809
3568056104492553
8
0 -122239860902744 -655559475536774 250309106598622 21958724345053 -136139249520161 858790372470531 -537581752194183
2107600366051546
8
0 612814992573769 -557512744135004 -598602150307688 -454948277408705 -621497021761986 288308646823822 -743849091753370
682911263439195
10
0 524783297611864 -979639070719535 575193600993192 600089578780485 -156934784750631 -337389627782349 -532751339302561 -810920155989396 867874330087031
3138958048653726
9
0 477269492878049 -124214677685919 -714017292787612 87940009119653 -149696320392802 -283651143777880 -175931584915783 -975089309596095
8952284875275665
10
0 -687261990639320 -420956439165519 79541946147921 -802431829494978 -446545292914733 -722461599248895 487615789221022 -452021781010907 59351067924973
9863548962506904
3
0 -999999999999405 999999999999354
4598702282125673
9
0 500000000000000 750000000000000 1000000000000000 -750000000000000 -500000000000000 -250000000000000 -1000000000000000 250000000000000
7464847513511885
9
0 999999999999993 999999999999734 -999999999999930 -999999999999693 999999999999003 -999999999999052 -999999999999704 999999999999991
4740804802466475
9
0 910697167698852 693726850846494 -47739887193258 -858914721629967 -459176691338686 -687394812400204 -436574291988654 354675701183822
3233730386154414
8
0 -164580877 -441472163 -940575865 814829650 745504373 -942548503 731597060
4536084087
9
0 935701584 790584367 -844936133 827158583 255892275 -616411031 428994495 -23900640
11028278977
8
0 895188034153647 376052589352074 -988241631609503 907187952881164 -935155320980752 -525329584550351 451177975818410
3322129460858316
9
0 -143649787418383 -894168135923138 -988622345971923 584403832694417 960129634650419 743597321568252 -830852398296366 -556360641859793
3604874905045416
7
0 -666666666666666 666666666666666 999999999999999 333333333333333 -333333333333333 -999999999999999
7558859688813259
4
0 999999999999296 -999999999999057 999999999999772
4143922928483749
10
0 -481564275190065 198534031844267 871291173334859 -823179234442020 -416394701223265 -574339740186608 313411352866747 -537568251419421 -23834250143228
10158081966134564
9
0 951201 -199129 664116 576946 -259617 -962605 -808618 431456
1360738
9
0 -713202785838267 720228179780274 835009546500803 964584859515166 -852996869204318 -526718657304666 757556482497342 -442068902645522
5727681598720140
8
0 534175 -628239 -728769 968569 392939 712544 -422117
2845233
8
0 437658836 476632472 110848542 -408754735 -702216815 273666990 -37804170
163146551
3
0 -999999999999069 999999999999763
9471409487757320
9
0 29098 -781071 625231 996090 393324 -882745 -214512 -970396
9255407
8
0 819812187569997 -706589917285667 35780239600258 761816591912287 -563436804210700 865300800288249 -244467574423214
10809899955298263
9
0 968375054 278082923 -479007604 399071872 748790049 -557521053 307650476 -749950531
7864186729
10
0 -200000000000000 1000000000000000 -600000000000000 800000000000000 400000000000000 600000000000000 200000000000000 -400000000000000 -800000000000000
7419167637483652
9
0 377940 -109595 242440 -357535 -476930 -439179 462305 870734
7795315
8
0 -363929162712574 248231292080915 130214934659021 -822708873125144 303568624941539 905701117208122 387578128389186
4759214446961610
8
0 -58643726 -20825183 -156529925 -828386926 704950309 -153737066 889020748
4715126
10
0 143267130917200 459598454819434 -912196816794003 -510834304770037 396601656667363 990730100639568 526174085326525 272265933958144 -542749973167314
1772884829882688
8
0 217224680642936 761604838062351 -265960806397220 -245290150667669 112351127129557 75346010342486 805183235588776
9936859228378990
9
0 -821238283066483 278203957163622 -816706345367651 559746374975397 -158117656938446 -696453336712274 -622390039829190 -850484945518106
221015886591442
8
0 635388427529321 -112543670268093 303339152747101 -793458369672024 235061895980913 943732967295352 267846775857429
1281840132407891
8
0 -743072 -75282 -303965 -480619 -292365 326453 901015
1455705
8
0 653020105743279 994466320494717 566438645201295 592360269535341 -418580751776700 -683752974474733 520393067928166
6490009482720268
8
0 -999999999999378 999999999999100 -999999999999440 999999999999221 999999999999431 -999999999999187 999999999999087
9110018427260252
8
0 -229463174332109 533466622750481 346248990684666 -744071467119856 527014500899305 971564596548112 -411678263171189
1241571169973508
8
0 -186478401648312 -790632644756134 -31902381419240 349961793688879 -413540449168028 -853885859714206 434965099313778
2615095769201606
9
0 -999999999999252 999999999999087 -999999999999397 -999999999999406 999999999999878 -999999999999913 999999999999501 999999999999034
9129214828599794
9
0 -368887281 930154579 25117464 -576498113 -318851251 -404240403 -865215625 456957159
5054441633
7
0 -927069688628134 -239794277487992 410077168747713 841231294161277 -262755105585303 -207489550967821
3207054496443469
2
0 999999999999102
9618034857519881
9
0 -819538319507429 -78913320278036 -602297054607202 -728304317267507 -956073155388925 -251633182752114 950201602160637 -293816074028020
6672544106350283
4
0 999999999999288 999999999999330 -999999999999576
9657841326737142
10
0 -693707275662716 3650974424567 -420099436697267 808591823140644 -120277668428259 -70345047182767 -511279725832707 789211026926853 770312648859839
980623441749901
8
0 422833062143672 266383600834615 606457983556013 -309642588021238 -573809294713727 300456312625643 -543254951960975
3219213182929786
10
0 208967396643396 694274818212810 -213136257361216 -776594066203874 697185113073936 18133107972639 -312628382371379 -258168577544638 317096710591580
1774773809676271
10
0 -298778592 -954683793 -782518538 -754967641 -389137487 301603730 -418959779 75648460 824731615
3534664578
9
0 -210524993704117 -690696703200735 331679449497535 536268881880936 724048529743089 -41770212612931 -636449908676469 678510454321442
5319753841263350
9
0 347054 180525 -150662 78600 -987230 506675 -161453 -236587
9577366
8
0 259537067 204971634 924234325 -384669155 -925492274 -964080140 85132828
34652919
8
0 783603 -895650 -649029 -728132 66036 345407 709213
5892989
5
0 -999999999999292 -999999999999895 999999999999996 999999999999051
9849323153031651
8
0 -466792177282444 -404191527634059 -985309700001642 622017212542713 222535586262626 -598804743261622 -227419827876652
10642881692925845
10
0 693552982 -409346346 270493128 -137140138 -551706438 783609168 349505419 -136507789 -131582052
1120799450
10
0 442597716 532051375 133841851 -519205324 256172530 725700159 -936972807 -649799967 567297047
7283477652
6
0 -333333333333333 666666666666666 999999999999999 333333333333333 -666666666666666
7049483663537824
9
0 -388049748 300020473 -237533553 -350050681 -238205529 958403275 -208290207 -155160563
4784046200
9
0 -558167111663064 937047433794470 871842400936909 363617879879562 -291270685319182 -156612179345600 160391319460627 -545218843033000
443456643475649
8
0 844022125 -716457995 -734163456 910927309 491504754 -367195012 -204275459
6665551562
8
0 -16920852542091 -587608469920567 -806397160735273 402942629428490 -102357347150979 134381156097612 271298743124598
4734399038048699
9
0 407507684932831 735068240390803 -801340464618692 123609378232315 702486402330611 674942428357803 -639068780754284 -884605188755966
523589690921519
8
0 250000000000000 -750000000000000 1000000000000000 750000000000000 -500000000000000 -250000000000000 500000000000000
7997843168102770
10
0 -999999999999739 999999999999190 999999999999716 999999999999401 999999999999902 -999999999999089 -999999999999411 999999999999630 -999999999999202
9098063543667604
6
0 -999999999999043 999999999999591 -999999999999231 999999999999753 999999999999640
4439709136775822
5
0 999999999999648 -999999999999231 999999999999467 -999999999999107
4452201401334436
3
0 -1000000000000000 1000000000000000
7591287860145863
10
0 -999999999999396 999999999999885 -999999999999381 999999999999493 999999999999469 -999999999999833 999999999999875 999999999999457 -999999999999133
97271407005905943
10
0 285324714910928 447107178380885 -836385193561505 -407150135141270 -724913514604396 670256150133788 408603317059226 544018422887341 -396693035623638
1360684675972990
5
0 500000000000000 -1000000000000000 1000000000000000 -500000000000000
7926628437961914
2
0 340642408066650
2240705419436313
8
0 999999999999717 -999999999999520 999999999999298 999999999999996 999999999999753 -999999999999351 -999999999999655
4762314079011773
8
0 544094677069683 821967365466578 944502155371729 -917412253329108 -908096662241872 -689530262711886 -729340253844379
5541330420798104
10
0 -999999999999037 -999999999999548 999999999999590 999999999999452 -999999999999560 -999999999999985 999999999999376 999999999999156 999999999999509
4559801462960511
4
0 -500000000000000 500000000000000 1000000000000000
7422165518648425
9
0 658600042 340320941 -593836616 -859511568 -660862605 -93438063 -27607302 167423973
3154230894
6
0 -999999999999902 -999999999999335 999999999999771 999999999999327 999999999999376
9754461574511539
10
0 -956073 -507707 869665 -240354 401318 -68335 -632887 -544298 -331573
284234
8
0 -32975044 968478960 632266130 -434319172 -784795792 556522042 -517610994
719119605
7
0 999999999999819 -999999999999068 -999999999999628 -999999999999648 999999999999912 999999999999336
9080760860588184
8
0 844301131182822 49362362392885 121915816692722 -299662980090234 -764107721744524 734800363772223 543430049192404
3928310113023636
7
0 3 -3 2 -2 1 -1
15
8
0 442846448477832 519224588854718 -294405535543958 794349652594424 612517115624354 -24057946200682 -507452526161840
1284945823780840
2
0 1000000000000000
7881643461140829
8
0 19659866 846720190 -553720342 -642083986 -282973519 -592775933 902143831
3762325851
8
0 125043667934443 768211828038614 -754438680004065 -221183118813016 -229927113496099 753805443936720 754775093768567
8002883481137836
10
0 197500 -340633 -864871 -577707 866553 261767 -255277 347862 -210554
9963151
9
0 -747950694213825 -514018776972805 872091391179950 51461598534101 579937083298656 -105982499149746 705020676529183 -86389283969141
6917755177812572
9
0 233807752786227 820280334699456 611431610461468 -940934993905066 -794176664618688 -110939162787771 -800748180081168 -612402602740406
823544859648116
