20
1
0 0
1 0
0 1
1 1
1
1 0
0 1
-1 0
0 -1
1
0 -1000000
0 -999999
1 1000000
1 999999
1
-1000000 -1000000
-999999 -1000000
999999 999999
999999 1000000
8
57368 226073
312812 821115
-311975 331456
-176842 236454
-274714 982445
-50024 45038
-144831 825573
-481706 -913807
-127186 341662
-52973 -46573
-853072 -304741
-272992 -195813
376640 -424597
95038 73965
-206101 -700349
-964693 573315
-38288 -762360
-79272 -258176
451959 -407202
61228 -57955
-214926 2258
208837 -643241
272834 -933237
-213457 312087
13230 -613819
-531620 -272824
623011 -54279
64157 -183661
-300656 675547
-746266 381436
40294 -34516
238416 -833960
9
-999286 -122715
-356338 379213
342318 447304
-4032 481209
235458 778013
201743 647335
-81863 361431
587150 790748
208393 751557
-329233 -332044
174453 730377
309459 662263
713968 824155
-357659 255213
-299350 409784
-948797 44713
187986 -572831
-121431 650114
-373680 394646
-887696 178421
206781 660211
-966944 -44269
-948138 -303322
-15421 497146
261718 667388
-590735 317810
467634 713404
521839 816634
309609 149582
-628146 -42547
-494564 49362
-334578 -70310
607315 855127
-185433 542767
500985 959729
447078 689868
9
154258 -445455
-561767 481098
396186 -167583
-994875 235457
554677 -192246
502587 -168144
757744 -386206
-18401 -232720
666880 -551340
794264 60480
-281558 364181
-286664 239884
266740 50746
145482 -158814
310296 -84811
-91744 119299
82730 204374
86619 76172
241735 6148
427205 -181772
240303 137615
916393 -443593
35209 32469
-228877 419471
23294 59210
65996 240927
115544 -85417
-147238 500501
141786 63353
119972 -885890
416926 421452
764286 -216121
-182509 -413109
35723 77910
-349754 -520858
294364 -372082
9
177570 57856
563148 -755740
325605 -38363
241506 -176423
248607 -479963
723323 365291
808726 -498028
-505778 -491882
-960639 -34441
-128960 271759
-100932 2188
241353 807116
-343717 -133650
735444 -563536
155822 537930
-254610 391533
-991057 -984449
823141 91638
930728 -352296
407084 -628968
-184939 -499992
-527146 -569702
6835 -413965
-293069 507536
373221 969747
573171 817175
249885 798141
-171276 -204103
-227326 -186580
-264751 809687
-148748 -575050
606360 -260430
-33540 -307479
999100 130620
-711955 -303918
-323963 687534
6
319162 -548580
-409039 -916604
-610256 640364
-948128 -860460
285792 371034
832438 -365746
-886087 -575798
741284 -591445
596096 -39240
-683436 60494
252931 -109904
56864 465460
31484 -267814
66695 -351546
-951081 -729002
857858 -204304
766832 -741332
831724 -876442
331035 -531638
275238 884271
-532219 -498715
231872 -573100
628572 -234168
-468023 -315030
6
-103019 458034
-658907 -619784
868315 253003
-867140 -660612
155407 -430939
755736 -33284
-280396 281919
931166 -905102
331190 -494788
-844434 -681342
690857 -46771
-497198 -648354
-631595 -526047
-936705 65511
-495362 -581083
-487347 -814020
392678 316223
572724 -972323
-486184 -331781
398690 643581
-550588 875012
-868894 942951
933253 1603
413605 -637569
10
-65 76
75 -38
-76 84
-68 -29
61 -17
86 95
-15 41
-23 -5
-8 -47
85 23
-15 -90
44 -3
90 5
-34 -67
10 -71
-53 6
-73 79
66 31
-86 -62
42 0
54 -85
77 -88
-7 -90
-16 -37
-88 -41
41 -29
95 -2
94 -63
67 94
-49 -59
78 86
-61 2
-36 -18
19 -21
-64 47
54 88
90 -19
32 -93
7 82
-11 42
9
-871437 -519835
992990 548528
-52939 788336
76678 812492
611808 -42144
461575 -23878
-563155 -616336
-340196 342453
182763 -774470
775094 -374331
-887529 965590
747034 926797
547282 654612
19440 577915
607498 317399
-685011 986294
664513 -300252
-948722 740288
764652 614633
968745 840115
-764051 687403
250558 -364225
504700 -995056
-212576 -698063
368625 776984
715116 -884015
-491337 -746514
-367320 -436056
204928 292079
-736090 970238
912325 413179
-332969 455724
-958179 -662886
693775 -535597
295838 635926
-882254 -341966
6
409031 731117
280303 -149542
-135997 -28535
-625828 356278
-17868 978601
-594603 -873751
-512524 173087
269467 -594560
-905353 -998307
322438 -48912
976394 -513595
352536 183552
681621 -642563
750726 -142856
-113790 767402
629364 -605768
-702658 -16068
268760 621419
-503114 658591
896259 -260454
-125936 -322210
-429752 665851
216022 653668
1781 954555
10
415850 345683
369671 825518
257186 -398256
267512 467261
-245625 -107379
103805 90088
221453 -746432
407497 341718
290492 -328659
515971 -365513
477602 883463
281753 -649178
-39708 459887
284855 -726682
-238547 247932
389474 612581
292424 -437541
226595 -714145
475208 433045
295999 -716083
218187 -827991
478904 50672
438183 379449
535439 355810
206085 -655102
475278 317527
227234 -12459
301530 -193556
404115 152744
590167 -208512
349808 -222515
443040 -508921
287346 -388630
335314 -621607
895538 101062
-360803 -40738
337964 -238760
559838 -962318
218955 -184682
446924 708260
10
-837462 -662376
-114668 -222910
520582 658068
994843 -741838
439048 -808267
-217752 668531
762239 -497775
443865 -447117
663812 370303
-476420 127310
712057 570506
489555 -955695
213733 260346
548908 733584
90678 970613
-101423 -344087
830459 -627966
370900 -284770
-528839 285223
-744690 -55214
-555882 -389426
-891235 -725242
-289801 -242935
903126 -798782
-12514 -67572
721876 -32302
-152354 142888
950986 331177
460938 -93253
95745 -333226
816482 -684144
677119 578295
-815248 389255
191903 49974
-448760 -892129
-257012 -371365
-843430 683166
-131260 -501498
501067 -779849
-669090 762598
10
262137 505176
567845 -379868
651485 330115
370541 399481
539494 242673
141055 723977
511394 484249
-108101 -886605
80675 257815
-87603 825432
-887268 -27027
594758 529602
-422426 406922
334105 370191
-363636 -53759
-511884 -134870
-322845 -6732
-453012 -71822
36345 915822
643408 376630
-36519 574398
-327126 269840
-411640 25886
113596 230163
793889 -255567
524780 482076
-867827 -823599
-225465 161539
473682 332193
545181 893735
128803 221511
82620 829764
-14273 400304
959885 -16069
912112 558948
27381 217174
691259 654895
-570360 -343017
517239 495416
354582 171640
10
81 73
-73 -97
27 55
-84 85
58 -99
41 -38
-65 -38
-33 12
3 11
-69 -77
21 -60
-3 -56
-11 -7
7 22
55 -51
-53 72
-95 -67
-10 82
-32 57
-24 -60
-7 -52
-53 -11
-74 -34
-62 -25
46 14
-74 99
61 75
74 32
59 12
58 73
-88 6
94 20
8 -44
80 7
31 -75
-50 -49
31 -84
79 -82
30 -81
16 85
8
-866220 -965802
-859001 -282337
818010 -195385
-999852 786247
40910 -849100
-277912 176069
999004 435747
-311445 94532
-329165 -355821
-840278 -439905
-209293 -712435
-269514 -246656
-546293 -707240
-817314 -797355
-716630 -141140
142023 594847
259480 541456
-264366 521194
-758736 54335
473753 713187
950450 809382
-321623 -342571
53247 107301
966599 189963
-986575 -415266
418498 13509
-580817 -661509
502877 107738
991373 97142
-597085 -55331
-648358 942819
660115 -356845
9
-50583 -15143
913317 -673684
-887883 -154350
-851321 528768
811210 29820
442074 208793
-734912 -580402
-242699 -846593
882852 352516
-498935 -514966
412236 -599806
-691562 411960
-476689 944117
-67873 -714899
246658 -91083
-722313 -456581
172941 301768
-128592 319340
-297096 111352
-668706 -494615
722666 -454908
464648 687138
-557339 278799
834926 -59621
477208 305825
507845 80806
433415 349785
-288925 376717
-789316 153736
-310204 -640410
551546 437962
749980 568699
-118860 431014
-302541 793988
-939147 835184
-995928 681518
7
249979 -793695
355230 431284
815825 -630647
286183 -290766
-459917 837661
864392 -520551
627174 511424
-624016 -534974
569725 966673
-758603 -600722
-121272 -831904
759849 -714649
-654854 -131984
-225122 -569260
-991344 -224617
-920522 -226064
-878096 576647
-341822 151913
351806 994822
525357 -787889
-907921 972102
219943 385084
379230 -519244
628014 -596263
-336664 553544
166278 -376785
-74072 -354004
27462 -665635
