100
1
1 10 10
0
1
1 10 10
1
1 10 10
1
1 10 10
2
1 10 10
1 10 10
1
2 16 3
73
1 23 0
2 17 0
1 23 0
2 35 3
1 5 0
2 3 0
1 5 0
2 19 3
2 10 0
1 17 0
1 17 0
2 3 3
1 23 0
2 19 0
1 23 0
2 38 3
1 11 0
2 8 0
1 11 0
2 15 3
1 13 0
2 10 0
1 13 0
2 35 3
1 14 0
2 12 0
1 14 0
2 1 3
2 18 0
1 20 0
1 20 0
2 7 3
2 19 0
1 20 0
1 20 0
2 36 3
2 25 0
1 26 0
1 26 0
2 42 3
2 30 0
1 37 0
1 37 0
2 42 3
1 34 0
2 30 0
1 34 0
2 7 3
1 17 0
2 16 0
1 17 0
2 37 3
2 22 0
1 24 0
1 24 0
2 24 3
2 19 0
1 25 0
1 25 0
2 26 3
2 31 0
1 46 0
1 46 0
0 11 0
0 12 0
0 24 0
0 37 0
0 34 0
0 45 0
0 35 0
0 17 0
0 50 0
0 46 0
1
2 44 17
79
2 6 0
1 8 0
1 8 0
1 8 0
1 8 0
1 8 0
1 8 0
1 8 0
1 8 0
1 8 0
1 8 0
1 8 0
1 8 0
1 8 0
1 8 0
1 8 0
1 8 0
2 25 17
2 13 0
1 20 0
1 20 0
1 20 0
1 20 0
1 20 0
1 20 0
1 20 0
1 20 0
1 20 0
1 20 0
1 20 0
1 20 0
1 20 0
1 20 0
1 20 0
1 20 0
2 32 17
1 13 0
2 8 0
1 13 0
1 13 0
1 13 0
1 13 0
1 13 0
1 13 0
1 13 0
1 13 0
1 13 0
1 13 0
1 13 0
1 13 0
1 13 0
1 13 0
1 13 0
2 14 17
1 21 0
2 15 0
1 21 0
1 21 0
1 21 0
1 21 0
1 21 0
1 21 0
1 21 0
1 21 0
1 21 0
1 21 0
1 21 0
1 21 0
1 21 0
1 21 0
1 21 0
0 22 0
0 12 0
0 17 0
0 19 0
0 17 0
0 24 0
0 42 0
0 46 0
1
2 32 4
73
1 13 0
2 11 0
1 13 0
1 13 0
2 33 4
1 11 0
2 6 0
1 11 0
1 11 0
2 50 4
1 35 0
2 20 0
1 35 0
1 35 0
2 36 4
2 12 0
1 13 0
1 13 0
1 13 0
2 14 4
1 22 0
2 20 0
1 22 0
1 22 0
2 46 4
1 11 0
2 8 0
1 11 0
1 11 0
2 29 4
1 29 0
2 21 0
1 29 0
1 29 0
2 11 4
1 11 0
2 8 0
1 11 0
1 11 0
2 28 4
1 27 0
2 22 0
1 27 0
1 27 0
2 42 4
2 22 0
1 32 0
1 32 0
1 32 0
2 49 4
2 19 0
1 30 0
1 30 0
1 30 0
2 40 4
2 30 0
1 42 0
1 42 0
1 42 0
2 4 4
2 32 0
1 39 0
1 39 0
1 39 0
0 28 0
0 27 0
0 21 0
0 17 0
0 46 0
0 29 0
0 13 0
0 20 0
0 29 0
1
2 13 20
77
2 5 0
1 6 0
1 6 0
1 6 0
1 6 0
1 6 0
1 6 0
1 6 0
1 6 0
1 6 0
1 6 0
1 6 0
1 6 0
1 6 0
1 6 0
1 6 0
1 6 0
1 6 0
1 6 0
1 6 0
2 29 20
1 26 0
2 19 0
1 26 0
1 26 0
1 26 0
1 26 0
1 26 0
1 26 0
1 26 0
1 26 0
1 26 0
1 26 0
1 26 0
1 26 0
1 26 0
1 26 0
1 26 0
1 26 0
1 26 0
1 26 0
2 42 20
1 18 0
2 16 0
1 18 0
1 18 0
1 18 0
1 18 0
1 18 0
1 18 0
1 18 0
1 18 0
1 18 0
1 18 0
1 18 0
1 18 0
1 18 0
1 18 0
1 18 0
1 18 0
1 18 0
1 18 0
0 10 0
0 11 0
0 34 0
0 14 0
0 37 0
0 13 0
0 16 0
0 30 0
0 46 0
0 19 0
0 47 0
0 18 0
0 29 0
0 32 0
0 48 0
1
2 36 28
63
2 14 0
1 25 0
1 25 0
1 25 0
1 25 0
1 25 0
1 25 0
1 25 0
1 25 0
1 25 0
1 25 0
1 25 0
1 25 0
1 25 0
1 25 0
1 25 0
1 25 0
1 25 0
1 25 0
1 25 0
1 25 0
1 25 0
1 25 0
1 25 0
1 25 0
1 25 0
1 25 0
1 25 0
2 20 28
2 20 0
1 21 0
1 21 0
1 21 0
1 21 0
1 21 0
1 21 0
1 21 0
1 21 0
1 21 0
1 21 0
1 21 0
1 21 0
1 21 0
1 21 0
1 21 0
1 21 0
1 21 0
1 21 0
1 21 0
1 21 0
1 21 0
1 21 0
1 21 0
1 21 0
1 21 0
1 21 0
1 21 0
0 23 0
0 36 0
0 23 0
0 33 0
0 40 0
0 30 0
1
2 31 30
64
2 16 0
1 30 0
1 30 0
1 30 0
1 30 0
1 30 0
1 30 0
1 30 0
1 30 0
1 30 0
1 30 0
1 30 0
1 30 0
1 30 0
1 30 0
1 30 0
1 30 0
1 30 0
1 30 0
1 30 0
1 30 0
1 30 0
1 30 0
1 30 0
1 30 0
1 30 0
1 30 0
1 30 0
1 30 0
1 30 0
2 10 30
2 21 0
1 34 0
1 34 0
1 34 0
1 34 0
1 34 0
1 34 0
1 34 0
1 34 0
1 34 0
1 34 0
1 34 0
1 34 0
1 34 0
1 34 0
1 34 0
1 34 0
1 34 0
1 34 0
1 34 0
1 34 0
1 34 0
1 34 0
1 34 0
1 34 0
1 34 0
1 34 0
1 34 0
1 34 0
1 34 0
0 10 0
0 48 0
0 11 0
1
2 27 9
79
2 13 0
1 19 0
1 19 0
1 19 0
1 19 0
1 19 0
1 19 0
1 19 0
1 19 0
2 44 9
1 20 0
2 16 0
1 20 0
1 20 0
1 20 0
1 20 0
1 20 0
1 20 0
1 20 0
2 46 9
1 9 0
2 5 0
1 9 0
1 9 0
1 9 0
1 9 0
1 9 0
1 9 0
1 9 0
2 7 9
1 8 0
2 6 0
1 8 0
1 8 0
1 8 0
1 8 0
1 8 0
1 8 0
1 8 0
2 23 9
1 20 0
2 16 0
1 20 0
1 20 0
1 20 0
1 20 0
1 20 0
1 20 0
1 20 0
2 28 9
2 11 0
1 20 0
1 20 0
1 20 0
1 20 0
1 20 0
1 20 0
1 20 0
1 20 0
2 50 9
2 22 0
1 24 0
1 24 0
1 24 0
1 24 0
1 24 0
1 24 0
1 24 0
1 24 0
0 21 0
0 43 0
0 23 0
0 26 0
0 20 0
0 16 0
0 28 0
0 36 0
0 29 0
0 24 0
1
2 40 5
79
2 3 0
1 5 0
1 5 0
1 5 0
1 5 0
2 47 5
2 10 0
1 11 0
1 11 0
1 11 0
1 11 0
2 41 5
1 9 0
2 7 0
1 9 0
1 9 0
1 9 0
2 44 5
1 21 0
2 16 0
1 21 0
1 21 0
1 21 0
2 2 5
1 13 0
2 10 0
1 13 0
1 13 0
1 13 0
2 40 5
2 12 0
1 17 0
1 17 0
1 17 0
1 17 0
2 16 5
1 15 0
2 11 0
1 15 0
1 15 0
1 15 0
2 13 5
1 16 0
2 14 0
1 16 0
1 16 0
1 16 0
2 9 5
1 13 0
2 11 0
1 13 0
1 13 0
1 13 0
2 2 5
1 38 0
2 28 0
1 38 0
1 38 0
1 38 0
2 47 5
2 22 0
1 43 0
1 43 0
1 43 0
1 43 0
2 41 5
1 29 0
2 27 0
1 29 0
1 29 0
1 29 0
2 38 5
2 16 0
1 24 0
1 24 0
1 24 0
1 24 0
0 39 0
0 20 0
1
2 5 5
74
1 9 0
2 8 0
1 9 0
1 9 0
1 9 0
2 0 5
1 25 0
2 17 0
1 25 0
1 25 0
1 25 0
2 20 5
2 13 0
1 19 0
1 19 0
1 19 0
1 19 0
2 7 5
2 12 0
1 16 0
1 16 0
1 16 0
1 16 0
2 38 5
1 25 0
2 24 0
1 25 0
1 25 0
1 25 0
2 48 5
1 27 0
2 25 0
1 27 0
1 27 0
1 27 0
2 15 5
1 27 0
2 18 0
1 27 0
1 27 0
1 27 0
2 48 5
1 17 0
2 9 0
1 17 0
1 17 0
1 17 0
2 22 5
2 19 0
1 20 0
1 20 0
1 20 0
1 20 0
2 11 5
2 16 0
1 18 0
1 18 0
1 18 0
1 18 0
2 15 5
2 23 0
1 25 0
1 25 0
1 25 0
1 25 0
2 18 5
1 29 0
2 25 0
1 29 0
1 29 0
1 29 0
0 47 0
0 43 0
0 21 0
1
2 1 25
79
2 3 0
1 6 0
1 6 0
1 6 0
1 6 0
1 6 0
1 6 0
1 6 0
1 6 0
1 6 0
1 6 0
1 6 0
1 6 0
1 6 0
1 6 0
1 6 0
1 6 0
1 6 0
1 6 0
1 6 0
1 6 0
1 6 0
1 6 0
1 6 0
1 6 0
2 26 25
1 26 0
2 18 0
1 26 0
1 26 0
1 26 0
1 26 0
1 26 0
1 26 0
1 26 0
1 26 0
1 26 0
1 26 0
1 26 0
1 26 0
1 26 0
1 26 0
1 26 0
1 26 0
1 26 0
1 26 0
1 26 0
1 26 0
1 26 0
1 26 0
1 26 0
2 30 25
1 11 0
2 9 0
1 11 0
1 11 0
1 11 0
1 11 0
1 11 0
1 11 0
1 11 0
1 11 0
1 11 0
1 11 0
1 11 0
1 11 0
1 11 0
1 11 0
1 11 0
1 11 0
1 11 0
1 11 0
1 11 0
1 11 0
1 11 0
1 11 0
1 11 0
0 17 0
0 25 0
1
2 8 21
77
2 4 0
1 7 0
1 7 0
1 7 0
1 7 0
1 7 0
1 7 0
1 7 0
1 7 0
1 7 0
1 7 0
1 7 0
1 7 0
1 7 0
1 7 0
1 7 0
1 7 0
1 7 0
1 7 0
1 7 0
1 7 0
2 31 21
1 8 0
2 7 0
1 8 0
1 8 0
1 8 0
1 8 0
1 8 0
1 8 0
1 8 0
1 8 0
1 8 0
1 8 0
1 8 0
1 8 0
1 8 0
1 8 0
1 8 0
1 8 0
1 8 0
1 8 0
1 8 0
2 13 21
1 6 0
2 5 0
1 6 0
1 6 0
1 6 0
1 6 0
1 6 0
1 6 0
1 6 0
1 6 0
1 6 0
1 6 0
1 6 0
1 6 0
1 6 0
1 6 0
1 6 0
1 6 0
1 6 0
1 6 0
1 6 0
0 40 0
0 33 0
0 12 0
0 33 0
0 19 0
0 43 0
0 14 0
0 33 0
0 26 0
0 11 0
0 37 0
0 41 0
1
2 18 5
75
1 13 0
2 12 0
1 13 0
1 13 0
1 13 0
2 1 5
1 13 0
2 11 0
1 13 0
1 13 0
1 13 0
2 47 5
2 11 0
1 13 0
1 13 0
1 13 0
1 13 0
2 50 5
1 10 0
2 8 0
1 10 0
1 10 0
1 10 0
2 42 5
1 14 0
2 12 0
1 14 0
1 14 0
1 14 0
2 23 5
1 25 0
2 22 0
1 25 0
1 25 0
1 25 0
2 41 5
2 16 0
1 25 0
1 25 0
1 25 0
1 25 0
2 15 5
1 14 0
2 13 0
1 14 0
1 14 0
1 14 0
2 3 5
2 18 0
1 26 0
1 26 0
1 26 0
1 26 0
2 34 5
2 12 0
1 18 0
1 18 0
1 18 0
1 18 0
2 34 5
2 12 0
1 13 0
1 13 0
1 13 0
1 13 0
0 31 0
0 32 0
0 38 0
0 45 0
0 27 0
0 47 0
0 29 0
0 41 0
0 40 0
0 46 0
1
2 48 24
78
1 8 0
2 6 0
1 8 0
1 8 0
1 8 0
1 8 0
1 8 0
1 8 0
1 8 0
1 8 0
1 8 0
1 8 0
1 8 0
1 8 0
1 8 0
1 8 0
1 8 0
1 8 0
1 8 0
1 8 0
1 8 0
1 8 0
1 8 0
1 8 0
2 28 24
2 15 0
1 18 0
1 18 0
1 18 0
1 18 0
1 18 0
1 18 0
1 18 0
1 18 0
1 18 0
1 18 0
1 18 0
1 18 0
1 18 0
1 18 0
1 18 0
1 18 0
1 18 0
1 18 0
1 18 0
1 18 0
1 18 0
1 18 0
1 18 0
2 6 24
1 18 0
2 13 0
1 18 0
1 18 0
1 18 0
1 18 0
1 18 0
1 18 0
1 18 0
1 18 0
1 18 0
1 18 0
1 18 0
1 18 0
1 18 0
1 18 0
1 18 0
1 18 0
1 18 0
1 18 0
1 18 0
1 18 0
1 18 0
1 18 0
0 49 0
0 47 0
0 12 0
0 14 0
8
2 37 0
1 13 0
1 13 1
2 20 1
1 50 0
2 32 0
0 35 0
2 50 3
72
2 49 1
1 9 0
1 38 0
0 29 0
1 14 0
2 14 0
2 43 0
0 43 0
2 24 0
0 49 0
1 22 3
0 24 3
0 48 0
1 38 0
2 37 0
2 45 2
2 7 0
1 45 0
2 19 0
0 16 0
1 41 0
1 41 0
2 1 0
0 42 0
2 11 0
0 47 0
1 17 1
2 5 0
0 38 1
2 2 3
1 9 0
2 15 2
0 13 0
0 26 0
2 11 0
0 37 1
1 15 0
1 34 1
0 9 0
0 32 0
2 22 0
0 44 0
0 40 0
2 26 0
0 43 0
1 38 0
1 8 0
0 34 1
0 14 0
0 3 0
0 41 0
0 31 0
2 28 2
1 17 4
2 36 0
0 32 0
0 42 1
1 5 1
1 27 1
0 14 0
0 34 0
2 35 0
1 22 0
1 20 0
0 7 0
0 31 4
2 7 0
2 18 0
1 29 1
1 34 0
0 13 0
2 33 0
1
2 4 19
77
1 7 0
2 4 0
1 7 0
1 7 0
1 7 0
1 7 0
1 7 0
1 7 0
1 7 0
1 7 0
1 7 0
1 7 0
1 7 0
1 7 0
1 7 0
1 7 0
1 7 0
1 7 0
1 7 0
2 19 19
2 21 0
1 23 0
1 23 0
1 23 0
1 23 0
1 23 0
1 23 0
1 23 0
1 23 0
1 23 0
1 23 0
1 23 0
1 23 0
1 23 0
1 23 0
1 23 0
1 23 0
1 23 0
1 23 0
2 38 19
2 21 0
1 37 0
1 37 0
1 37 0
1 37 0
1 37 0
1 37 0
1 37 0
1 37 0
1 37 0
1 37 0
1 37 0
1 37 0
1 37 0
1 37 0
1 37 0
1 37 0
1 37 0
1 37 0
0 24 0
0 21 0
0 48 0
0 32 0
0 21 0
0 21 0
0 50 0
0 41 0
0 49 0
0 30 0
0 49 0
0 14 0
0 16 0
0 43 0
0 50 0
0 44 0
0 38 0
0 33 0
1
2 1 14
77
2 4 0
1 5 0
1 5 0
1 5 0
1 5 0
1 5 0
1 5 0
1 5 0
1 5 0
1 5 0
1 5 0
1 5 0
1 5 0
1 5 0
2 38 14
2 3 0
1 5 0
1 5 0
1 5 0
1 5 0
1 5 0
1 5 0
1 5 0
1 5 0
1 5 0
1 5 0
1 5 0
1 5 0
1 5 0
2 46 14
1 14 0
2 13 0
1 14 0
1 14 0
1 14 0
1 14 0
1 14 0
1 14 0
1 14 0
1 14 0
1 14 0
1 14 0
1 14 0
1 14 0
2 20 14
1 20 0
2 13 0
1 20 0
1 20 0
1 20 0
1 20 0
1 20 0
1 20 0
1 20 0
1 20 0
1 20 0
1 20 0
1 20 0
1 20 0
2 16 14
2 16 0
1 19 0
1 19 0
1 19 0
1 19 0
1 19 0
1 19 0
1 19 0
1 19 0
1 19 0
1 19 0
1 19 0
1 19 0
1 19 0
0 47 0
0 25 0
0 38 0
1
2 41 27
58
1 22 0
2 13 0
1 22 0
1 22 0
1 22 0
1 22 0
1 22 0
1 22 0
1 22 0
1 22 0
1 22 0
1 22 0
1 22 0
1 22 0
1 22 0
1 22 0
1 22 0
1 22 0
1 22 0
1 22 0
1 22 0
1 22 0
1 22 0
1 22 0
1 22 0
1 22 0
1 22 0
2 2 27
2 14 0
1 18 0
1 18 0
1 18 0
1 18 0
1 18 0
1 18 0
1 18 0
1 18 0
1 18 0
1 18 0
1 18 0
1 18 0
1 18 0
1 18 0
1 18 0
1 18 0
1 18 0
1 18 0
1 18 0
1 18 0
1 18 0
1 18 0
1 18 0
1 18 0
1 18 0
1 18 0
0 11 0
0 45 0
0 28 0
6
2 23 4
0 6 1
0 14 0
0 18 0
1 45 0
0 19 1
74
1 11 0
2 31 3
1 33 0
1 22 0
1 0 0
2 40 0
0 40 3
2 5 1
1 40 0
1 34 0
0 14 0
1 15 0
1 2 0
2 23 0
1 16 0
2 43 0
2 16 0
2 1 1
2 11 0
1 35 1
1 8 1
2 7 1
0 39 0
2 25 0
1 31 9
1 13 2
0 1 0
0 49 0
0 29 0
1 43 0
1 35 0
0 44 6
2 4 0
0 9 1
1 50 1
0 9 0
1 12 5
2 27 2
0 35 2
0 41 1
2 42 1
0 8 0
0 34 0
2 26 1
2 3 6
0 3 8
1 31 0
1 18 0
1 27 4
2 30 4
2 1 0
1 9 0
1 45 0
0 27 2
2 25 5
0 10 0
2 22 0
0 44 14
1 0 2
0 43 3
2 4 0
0 8 0
2 41 0
1 8 15
1 50 0
1 34 0
0 46 1
1 19 0
1 43 0
0 37 0
0 42 1
2 35 1
2 15 1
0 41 0
1
2 49 9
73
2 14 0
1 25 0
1 25 0
1 25 0
1 25 0
1 25 0
1 25 0
1 25 0
1 25 0
2 15 9
2 18 0
1 30 0
1 30 0
1 30 0
1 30 0
1 30 0
1 30 0
1 30 0
1 30 0
2 36 9
1 27 0
2 15 0
1 27 0
1 27 0
1 27 0
1 27 0
1 27 0
1 27 0
1 27 0
2 9 9
1 11 0
2 8 0
1 11 0
1 11 0
1 11 0
1 11 0
1 11 0
1 11 0
1 11 0
2 1 9
1 8 0
2 6 0
1 8 0
1 8 0
1 8 0
1 8 0
1 8 0
1 8 0
1 8 0
2 19 9
1 11 0
2 9 0
1 11 0
1 11 0
1 11 0
1 11 0
1 11 0
1 11 0
1 11 0
2 6 9
2 13 0
1 17 0
1 17 0
1 17 0
1 17 0
1 17 0
1 17 0
1 17 0
1 17 0
0 34 0
0 26 0
0 18 0
0 30 0
1
2 14 33
78
2 15 0
1 18 0
1 18 0
1 18 0
1 18 0
1 18 0
1 18 0
1 18 0
1 18 0
1 18 0
1 18 0
1 18 0
1 18 0
1 18 0
1 18 0
1 18 0
1 18 0
1 18 0
1 18 0
1 18 0
1 18 0
1 18 0
1 18 0
1 18 0
1 18 0
1 18 0
1 18 0
1 18 0
1 18 0
1 18 0
1 18 0
1 18 0
1 18 0
2 12 33
2 17 0
1 20 0
1 20 0
1 20 0
1 20 0
1 20 0
1 20 0
1 20 0
1 20 0
1 20 0
1 20 0
1 20 0
1 20 0
1 20 0
1 20 0
1 20 0
1 20 0
1 20 0
1 20 0
1 20 0
1 20 0
1 20 0
1 20 0
1 20 0
1 20 0
1 20 0
1 20 0
1 20 0
1 20 0
1 20 0
1 20 0
1 20 0
1 20 0
0 13 0
0 43 0
0 29 0
0 27 0
0 49 0
0 27 0
0 35 0
0 47 0
0 45 0
0 10 0
0 27 0
3
1 50 50
2 50 50
1 50 50
77
1 50 0
0 50 0
0 50 0
2 50 0
1 50 0
2 50 0
0 50 0
0 50 0
1 50 0
2 50 0
1 50 0
0 50 0
2 50 0
2 50 0
2 50 0
2 50 0
2 50 0
0 50 0
1 50 0
2 50 0
1 50 0
0 50 0
0 50 0
2 50 0
1 50 0
0 50 0
0 50 0
1 50 0
0 50 0
1 50 0
0 50 0
1 50 0
2 50 0
1 50 0
2 50 0
2 50 0
0 50 0
1 50 0
1 50 0
1 50 0
1 50 0
1 50 0
1 50 0
2 50 0
2 50 0
2 50 0
1 50 0
1 50 0
2 50 0
1 50 0
0 50 0
1 50 0
2 50 0
2 50 0
2 50 0
2 50 0
0 50 0
0 50 0
2 50 0
1 50 0
0 50 0
0 50 0
1 50 0
0 50 0
1 50 0
2 50 0
1 50 0
0 50 0
2 50 0
2 50 0
2 50 0
0 50 0
2 50 0
2 50 0
0 50 0
1 50 0
1 50 0
1
2 28 50
79
2 11 0
1 12 0
1 12 0
1 12 0
1 12 0
1 12 0
1 12 0
1 12 0
1 12 0
1 12 0
1 12 0
1 12 0
1 12 0
1 12 0
1 12 0
1 12 0
1 12 0
1 12 0
1 12 0
1 12 0
1 12 0
1 12 0
1 12 0
1 12 0
1 12 0
1 12 0
1 12 0
1 12 0
1 12 0
1 12 0
1 12 0
1 12 0
1 12 0
1 12 0
1 12 0
1 12 0
1 12 0
1 12 0
1 12 0
1 12 0
1 12 0
1 12 0
1 12 0
1 12 0
1 12 0
1 12 0
1 12 0
1 12 0
1 12 0
1 12 0
1 12 0
1 12 0
1 12 0
1 12 0
1 12 0
1 12 0
1 12 0
1 12 0
1 12 0
1 12 0
1 12 0
1 12 0
1 12 0
1 12 0
1 12 0
1 12 0
1 12 0
1 12 0
0 39 0
0 19 0
0 29 0
0 24 0
0 29 0
0 42 0
0 20 0
0 16 0
0 10 0
0 27 0
0 31 0
1
2 1 50
79
2 6 0
1 7 0
1 7 0
1 7 0
1 7 0
1 7 0
1 7 0
1 7 0
1 7 0
1 7 0
1 7 0
1 7 0
1 7 0
1 7 0
1 7 0
1 7 0
1 7 0
1 7 0
1 7 0
1 7 0
1 7 0
1 7 0
1 7 0
1 7 0
1 7 0
1 7 0
1 7 0
1 7 0
1 7 0
1 7 0
1 7 0
1 7 0
1 7 0
1 7 0
1 7 0
1 7 0
1 7 0
1 7 0
1 7 0
1 7 0
1 7 0
1 7 0
1 7 0
1 7 0
1 7 0
1 7 0
1 7 0
1 7 0
1 7 0
1 7 0
1 7 0
1 7 0
1 7 0
1 7 0
1 7 0
1 7 0
1 7 0
1 7 0
1 7 0
1 7 0
1 7 0
1 7 0
1 7 0
1 7 0
1 7 0
1 7 0
1 7 0
1 7 0
1 7 0
1 7 0
1 7 0
1 7 0
0 21 0
0 40 0
0 36 0
0 42 0
0 21 0
0 16 0
0 45 0
1
2 7 3
72
1 19 0
2 18 0
1 19 0
2 7 3
1 14 0
2 10 0
1 14 0
2 0 3
1 28 0
2 22 0
1 28 0
2 17 3
2 19 0
1 20 0
1 20 0
2 49 3
1 35 0
2 18 0
1 35 0
2 8 3
1 27 0
2 21 0
1 27 0
2 7 3
2 13 0
1 16 0
1 16 0
2 29 3
2 17 0
1 19 0
1 19 0
2 49 3
1 10 0
2 9 0
1 10 0
2 0 3
1 22 0
2 18 0
1 22 0
2 18 3
1 25 0
2 19 0
1 25 0
2 14 3
1 15 0
2 14 0
1 15 0
2 21 3
1 19 0
2 17 0
1 19 0
2 11 3
2 15 0
1 16 0
1 16 0
2 2 3
1 36 0
2 21 0
1 36 0
2 25 3
1 41 0
2 22 0
1 41 0
0 29 0
0 49 0
0 47 0
0 42 0
0 41 0
0 23 0
0 17 0
0 24 0
0 24 0
1
2 10 9
75
2 15 0
1 19 0
1 19 0
1 19 0
1 19 0
1 19 0
1 19 0
1 19 0
1 19 0
2 26 9
2 12 0
1 16 0
1 16 0
1 16 0
1 16 0
1 16 0
1 16 0
1 16 0
1 16 0
2 40 9
1 23 0
2 21 0
1 23 0
1 23 0
1 23 0
1 23 0
1 23 0
1 23 0
1 23 0
2 12 9
2 11 0
1 12 0
1 12 0
1 12 0
1 12 0
1 12 0
1 12 0
1 12 0
1 12 0
2 34 9
2 14 0
1 21 0
1 21 0
1 21 0
1 21 0
1 21 0
1 21 0
1 21 0
1 21 0
2 11 9
1 21 0
2 20 0
1 21 0
1 21 0
1 21 0
1 21 0
1 21 0
1 21 0
1 21 0
2 22 9
1 24 0
2 15 0
1 24 0
1 24 0
1 24 0
1 24 0
1 24 0
1 24 0
1 24 0
0 24 0
0 20 0
0 26 0
0 42 0
0 21 0
0 23 0
1
2 12 11
79
1 9 0
2 7 0
1 9 0
1 9 0
1 9 0
1 9 0
1 9 0
1 9 0
1 9 0
1 9 0
1 9 0
2 43 11
2 6 0
1 8 0
1 8 0
1 8 0
1 8 0
1 8 0
1 8 0
1 8 0
1 8 0
1 8 0
1 8 0
2 3 11
2 16 0
1 25 0
1 25 0
1 25 0
1 25 0
1 25 0
1 25 0
1 25 0
1 25 0
1 25 0
1 25 0
2 15 11
1 16 0
2 9 0
1 16 0
1 16 0
1 16 0
1 16 0
1 16 0
1 16 0
1 16 0
1 16 0
1 16 0
2 27 11
1 13 0
2 8 0
1 13 0
1 13 0
1 13 0
1 13 0
1 13 0
1 13 0
1 13 0
1 13 0
1 13 0
2 10 11
2 16 0
1 17 0
1 17 0
1 17 0
1 17 0
1 17 0
1 17 0
1 17 0
1 17 0
1 17 0
1 17 0
0 17 0
0 50 0
0 34 0
0 44 0
0 20 0
0 23 0
0 39 0
0 13 0
1
2 6 29
65
2 19 0
1 20 0
1 20 0
1 20 0
1 20 0
1 20 0
1 20 0
1 20 0
1 20 0
1 20 0
1 20 0
1 20 0
1 20 0
1 20 0
1 20 0
1 20 0
1 20 0
1 20 0
1 20 0
1 20 0
1 20 0
1 20 0
1 20 0
1 20 0
1 20 0
1 20 0
1 20 0
1 20 0
1 20 0
2 19 29
2 15 0
1 23 0
1 23 0
1 23 0
1 23 0
1 23 0
1 23 0
1 23 0
1 23 0
1 23 0
1 23 0
1 23 0
1 23 0
1 23 0
1 23 0
1 23 0
1 23 0
1 23 0
1 23 0
1 23 0
1 23 0
1 23 0
1 23 0
1 23 0
1 23 0
1 23 0
1 23 0
1 23 0
1 23 0
0 20 0
0 24 0
0 20 0
0 13 0
0 32 0
0 29 0
1
2 40 5
70
1 10 0
2 9 0
1 10 0
1 10 0
1 10 0
2 13 5
2 9 0
1 10 0
1 10 0
1 10 0
1 10 0
2 30 5
1 24 0
2 22 0
1 24 0
1 24 0
1 24 0
2 22 5
2 16 0
1 19 0
1 19 0
1 19 0
1 19 0
2 2 5
2 14 0
1 21 0
1 21 0
1 21 0
1 21 0
2 47 5
2 15 0
1 18 0
1 18 0
1 18 0
1 18 0
2 4 5
1 23 0
2 20 0
1 23 0
1 23 0
1 23 0
2 0 5
1 13 0
2 12 0
1 13 0
1 13 0
1 13 0
2 49 5
2 23 0
1 36 0
1 36 0
1 36 0
1 36 0
2 26 5
1 25 0
2 24 0
1 25 0
1 25 0
1 25 0
0 13 0
0 27 0
0 40 0
0 26 0
0 49 0
0 17 0
0 23 0
0 17 0
0 22 0
0 42 0
0 23 0
1
2 50 50
79
2 50 0
2 50 0
2 50 0
2 50 0
2 50 0
2 50 0
2 50 0
2 50 0
2 50 0
2 50 0
2 50 0
2 50 0
2 50 0
2 50 0
2 50 0
2 50 0
2 50 0
2 50 0
2 50 0
2 50 0
2 50 0
2 50 0
2 50 0
2 50 0
2 50 0
2 50 0
2 50 0
2 50 0
2 50 0
2 50 0
2 50 0
2 50 0
2 50 0
2 50 0
2 50 0
2 50 0
2 50 0
2 50 0
2 50 0
2 50 0
2 50 0
2 50 0
2 50 0
2 50 0
2 50 0
2 50 0
2 50 0
2 50 0
2 50 0
2 50 0
2 50 0
2 50 0
2 50 0
2 50 0
2 50 0
2 50 0
2 50 0
2 50 0
2 50 0
2 50 0
2 50 0
2 50 0
2 50 0
2 50 0
2 50 0
2 50 0
2 50 0
2 50 0
2 50 0
2 50 0
2 50 0
2 50 0
2 50 0
2 50 0
2 50 0
2 50 0
2 50 0
2 50 0
2 50 0
1
2 20 34
72
1 24 0
2 14 0
1 24 0
1 24 0
1 24 0
1 24 0
1 24 0
1 24 0
1 24 0
1 24 0
1 24 0
1 24 0
1 24 0
1 24 0
1 24 0
1 24 0
1 24 0
1 24 0
1 24 0
1 24 0
1 24 0
1 24 0
1 24 0
1 24 0
1 24 0
1 24 0
1 24 0
1 24 0
1 24 0
1 24 0
1 24 0
1 24 0
1 24 0
1 24 0
2 2 34
1 25 0
2 21 0
1 25 0
1 25 0
1 25 0
1 25 0
1 25 0
1 25 0
1 25 0
1 25 0
1 25 0
1 25 0
1 25 0
1 25 0
1 25 0
1 25 0
1 25 0
1 25 0
1 25 0
1 25 0
1 25 0
1 25 0
1 25 0
1 25 0
1 25 0
1 25 0
1 25 0
1 25 0
1 25 0
1 25 0
1 25 0
1 25 0
1 25 0
1 25 0
0 21 0
0 47 0
0 34 0
1
2 21 3
68
1 15 0
2 10 0
1 15 0
2 2 3
2 9 0
1 10 0
1 10 0
2 43 3
2 6 0
1 8 0
1 8 0
2 21 3
2 6 0
1 7 0
1 7 0
2 10 3
1 16 0
2 13 0
1 16 0
2 12 3
2 8 0
1 9 0
1 9 0
2 44 3
2 12 0
1 20 0
1 20 0
2 37 3
1 31 0
2 24 0
1 31 0
2 36 3
2 23 0
1 31 0
1 31 0
2 30 3
1 26 0
2 19 0
1 26 0
2 14 3
1 16 0
2 14 0
1 16 0
2 17 3
1 29 0
2 21 0
1 29 0
2 13 3
2 31 0
1 33 0
1 33 0
2 26 3
1 33 0
2 29 0
1 33 0
2 47 3
1 40 0
2 27 0
1 40 0
2 24 3
1 50 0
2 35 0
1 50 0
0 36 0
0 31 0
0 28 0
0 15 0
0 26 0
41
1 11 0
1 49 0
0 15 1
1 40 0
2 42 0
0 39 0
1 36 0
0 41 0
0 25 2
2 48 0
0 31 0
0 40 0
1 7 0
1 24 1
0 8 0
0 50 1
1 33 0
1 43 0
2 31 0
2 17 0
1 5 0
1 10 0
2 33 2
0 37 0
0 10 0
1 31 0
0 7 0
0 10 0
2 44 0
2 8 1
0 23 1
0 33 0
1 50 0
0 5 0
0 20 0
0 9 0
2 44 0
1 14 0
0 19 1
1 42 2
0 46 0
39
0 41 1
1 0 0
0 31 0
1 4 0
2 12 0
1 14 0
1 26 0
1 2 1
2 28 2
1 1 0
0 45 0
0 48 2
2 13 0
0 14 0
2 15 0
2 45 1
1 21 0
1 35 0
2 44 0
1 19 1
0 40 2
0 10 0
2 3 2
2 27 0
0 33 0
0 0 0
2 25 0
1 0 0
2 13 0
1 11 0
0 28 0
0 9 0
0 14 1
2 47 0
1 9 1
1 50 0
1 1 0
0 43 0
2 23 0
1
2 38 37
43
1 8 0
2 7 0
1 8 0
1 8 0
1 8 0
1 8 0
1 8 0
1 8 0
1 8 0
1 8 0
1 8 0
1 8 0
1 8 0
1 8 0
1 8 0
1 8 0
1 8 0
1 8 0
1 8 0
1 8 0
1 8 0
1 8 0
1 8 0
1 8 0
1 8 0
1 8 0
1 8 0
1 8 0
1 8 0
1 8 0
1 8 0
1 8 0
1 8 0
1 8 0
1 8 0
1 8 0
1 8 0
0 49 0
0 48 0
0 17 0
0 49 0
0 13 0
0 14 0
41
2 31 0
1 3 0
0 16 0
1 11 0
2 42 0
2 41 0
1 26 0
1 21 0
0 25 0
0 27 0
0 24 0
1 35 0
1 25 0
1 1 0
2 17 0
0 11 1
1 44 0
2 32 0
0 9 0
2 26 0
0 25 0
2 7 1
0 26 0
0 38 0
2 3 0
2 13 2
0 21 0
2 18 0
2 44 1
2 14 0
2 10 0
1 8 0
1 47 0
2 12 0
1 13 0
0 37 0
2 46 0
0 37 2
0 10 0
2 26 0
2 12 0
39
2 5 0
1 49 0
0 42 0
2 23 0
1 5 0
1 41 0
2 26 0
2 37 0
1 33 0
1 21 2
2 0 0
1 2 2
1 11 0
0 22 0
2 12 1
0 30 3
2 12 0
0 6 3
2 18 0
1 44 0
1 21 0
2 20 0
1 12 0
0 26 0
2 10 0
0 40 0
2 23 0
1 1 0
0 0 0
0 50 0
1 8 0
0 30 1
2 22 0
0 36 0
2 37 0
0 23 0
1 16 0
0 17 0
2 43 0
1
2 4 25
79
2 1 0
1 2 0
1 2 0
1 2 0
1 2 0
1 2 0
1 2 0
1 2 0
1 2 0
1 2 0
1 2 0
1 2 0
1 2 0
1 2 0
1 2 0
1 2 0
1 2 0
1 2 0
1 2 0
1 2 0
1 2 0
1 2 0
1 2 0
1 2 0
1 2 0
2 32 25
1 13 0
2 9 0
1 13 0
1 13 0
1 13 0
1 13 0
1 13 0
1 13 0
1 13 0
1 13 0
1 13 0
1 13 0
1 13 0
1 13 0
1 13 0
1 13 0
1 13 0
1 13 0
1 13 0
1 13 0
1 13 0
1 13 0
1 13 0
1 13 0
1 13 0
2 21 25
2 4 0
1 5 0
1 5 0
1 5 0
1 5 0
1 5 0
1 5 0
1 5 0
1 5 0
1 5 0
1 5 0
1 5 0
1 5 0
1 5 0
1 5 0
1 5 0
1 5 0
1 5 0
1 5 0
1 5 0
1 5 0
1 5 0
1 5 0
1 5 0
1 5 0
0 25 0
0 21 0
5
1 50 50
2 50 50
0 50 50
2 50 50
0 50 50
75
0 50 0
1 50 0
2 50 0
1 50 0
1 50 0
1 50 0
1 50 0
1 50 0
2 50 0
2 50 0
0 50 0
0 50 0
1 50 0
0 50 0
1 50 0
2 50 0
1 50 0
1 50 0
0 50 0
1 50 0
1 50 0
2 50 0
0 50 0
0 50 0
0 50 0
1 50 0
2 50 0
0 50 0
1 50 0
0 50 0
0 50 0
0 50 0
0 50 0
2 50 0
1 50 0
0 50 0
2 50 0
1 50 0
1 50 0
0 50 0
2 50 0
2 50 0
0 50 0
2 50 0
0 50 0
0 50 0
1 50 0
2 50 0
0 50 0
1 50 0
2 50 0
0 50 0
2 50 0
0 50 0
2 50 0
0 50 0
0 50 0
2 50 0
1 50 0
1 50 0
0 50 0
1 50 0
2 50 0
2 50 0
2 50 0
1 50 0
0 50 0
0 50 0
2 50 0
2 50 0
1 50 0
1 50 0
1 50 0
0 50 0
0 50 0
1
2 47 6
77
1 31 0
2 19 0
1 31 0
1 31 0
1 31 0
1 31 0
2 19 6
1 21 0
2 13 0
1 21 0
1 21 0
1 21 0
1 21 0
2 22 6
2 9 0
1 14 0
1 14 0
1 14 0
1 14 0
1 14 0
2 13 6
1 29 0
2 23 0
1 29 0
1 29 0
1 29 0
1 29 0
2 46 6
2 8 0
1 13 0
1 13 0
1 13 0
1 13 0
1 13 0
2 47 6
1 22 0
2 21 0
1 22 0
1 22 0
1 22 0
1 22 0
2 24 6
2 19 0
1 31 0
1 31 0
1 31 0
1 31 0
1 31 0
2 31 6
1 28 0
2 20 0
1 28 0
1 28 0
1 28 0
1 28 0
2 12 6
2 19 0
1 29 0
1 29 0
1 29 0
1 29 0
1 29 0
2 11 6
2 25 0
1 38 0
1 38 0
1 38 0
1 38 0
1 38 0
0 31 0
0 38 0
0 48 0
0 40 0
0 28 0
0 12 0
0 46 0
0 32 0
1
2 2 50
79
2 13 0
1 21 0
1 21 0
1 21 0
1 21 0
1 21 0
1 21 0
1 21 0
1 21 0
1 21 0
1 21 0
1 21 0
1 21 0
1 21 0
1 21 0
1 21 0
1 21 0
1 21 0
1 21 0
1 21 0
1 21 0
1 21 0
1 21 0
1 21 0
1 21 0
1 21 0
1 21 0
1 21 0
1 21 0
1 21 0
1 21 0
1 21 0
1 21 0
1 21 0
1 21 0
1 21 0
1 21 0
1 21 0
1 21 0
1 21 0
1 21 0
1 21 0
1 21 0
1 21 0
1 21 0
1 21 0
1 21 0
1 21 0
1 21 0
1 21 0
1 21 0
1 21 0
1 21 0
1 21 0
1 21 0
1 21 0
1 21 0
1 21 0
1 21 0
1 21 0
1 21 0
1 21 0
1 21 0
0 23 0
0 45 0
0 19 0
0 21 0
0 42 0
0 32 0
0 19 0
0 13 0
0 14 0
0 23 0
0 34 0
0 14 0
0 42 0
0 19 0
0 21 0
0 43 0
1
2 4 13
76
2 10 0
1 12 0
1 12 0
1 12 0
1 12 0
1 12 0
1 12 0
1 12 0
1 12 0
1 12 0
1 12 0
1 12 0
1 12 0
2 27 13
1 18 0
2 14 0
1 18 0
1 18 0
1 18 0
1 18 0
1 18 0
1 18 0
1 18 0
1 18 0
1 18 0
1 18 0
1 18 0
2 33 13
2 4 0
1 6 0
1 6 0
1 6 0
1 6 0
1 6 0
1 6 0
1 6 0
1 6 0
1 6 0
1 6 0
1 6 0
1 6 0
2 32 13
1 17 0
2 16 0
1 17 0
1 17 0
1 17 0
1 17 0
1 17 0
1 17 0
1 17 0
1 17 0
1 17 0
1 17 0
1 17 0
2 48 13
1 19 0
2 16 0
1 19 0
1 19 0
1 19 0
1 19 0
1 19 0
1 19 0
1 19 0
1 19 0
1 19 0
1 19 0
1 19 0
0 30 0
0 47 0
0 25 0
0 10 0
0 37 0
0 46 0
0 39 0
1
2 24 50
79
1 32 50
2 48 0
1 19 0
1 43 0
2 40 0
1 2 0
2 14 0
2 6 0
1 3 0
2 6 0
1 32 0
1 23 0
2 12 0
2 47 0
2 9 0
2 11 0
1 31 0
1 1 0
2 16 0
2 41 0
2 16 0
1 22 0
2 37 0
1 39 0
2 35 0
2 9 0
1 18 0
2 4 0
2 33 0
1 22 0
2 27 0
2 29 0
2 4 0
2 6 0
1 12 0
2 32 0
1 47 0
2 24 0
2 14 0
1 26 0
2 7 0
1 7 0
2 12 0
2 26 0
2 1 0
1 36 0
1 15 0
1 3 0
1 16 0
1 47 0
1 33 0
2 39 0
1 2 0
2 21 0
1 41 0
1 33 0
2 9 0
1 24 0
1 21 0
1 2 0
2 16 0
1 46 0
2 34 0
1 5 0
2 18 0
1 27 0
2 34 0
1 18 0
1 0 0
1 31 0
1 35 0
2 8 0
1 45 0
2 25 0
2 48 0
2 18 0
1 23 0
2 12 0
1 9 0
1
2 39 33
70
1 22 0
2 19 0
1 22 0
1 22 0
1 22 0
1 22 0
1 22 0
1 22 0
1 22 0
1 22 0
1 22 0
1 22 0
1 22 0
1 22 0
1 22 0
1 22 0
1 22 0
1 22 0
1 22 0
1 22 0
1 22 0
1 22 0
1 22 0
1 22 0
1 22 0
1 22 0
1 22 0
1 22 0
1 22 0
1 22 0
1 22 0
1 22 0
1 22 0
2 28 33
2 19 0
1 24 0
1 24 0
1 24 0
1 24 0
1 24 0
1 24 0
1 24 0
1 24 0
1 24 0
1 24 0
1 24 0
1 24 0
1 24 0
1 24 0
1 24 0
1 24 0
1 24 0
1 24 0
1 24 0
1 24 0
1 24 0
1 24 0
1 24 0
1 24 0
1 24 0
1 24 0
1 24 0
1 24 0
1 24 0
1 24 0
1 24 0
1 24 0
0 25 0
0 39 0
0 37 0
1
2 35 35
79
1 23 0
2 19 0
1 23 0
1 23 0
1 23 0
1 23 0
1 23 0
1 23 0
1 23 0
1 23 0
1 23 0
1 23 0
1 23 0
1 23 0
1 23 0
1 23 0
1 23 0
1 23 0
1 23 0
1 23 0
1 23 0
1 23 0
1 23 0
1 23 0
1 23 0
1 23 0
1 23 0
1 23 0
1 23 0
1 23 0
1 23 0
1 23 0
1 23 0
1 23 0
1 23 0
2 40 35
2 20 0
1 32 0
1 32 0
1 32 0
1 32 0
1 32 0
1 32 0
1 32 0
1 32 0
1 32 0
1 32 0
1 32 0
1 32 0
1 32 0
1 32 0
1 32 0
1 32 0
1 32 0
1 32 0
1 32 0
1 32 0
1 32 0
1 32 0
1 32 0
1 32 0
1 32 0
1 32 0
1 32 0
1 32 0
1 32 0
1 32 0
1 32 0
1 32 0
1 32 0
1 32 0
0 15 0
0 48 0
0 43 0
0 44 0
0 25 0
0 27 0
0 15 0
0 15 0
1
2 45 17
77
1 17 0
2 16 0
1 17 0
1 17 0
1 17 0
1 17 0
1 17 0
1 17 0
1 17 0
1 17 0
1 17 0
1 17 0
1 17 0
1 17 0
1 17 0
1 17 0
1 17 0
2 12 17
1 5 0
2 3 0
1 5 0
1 5 0
1 5 0
1 5 0
1 5 0
1 5 0
1 5 0
1 5 0
1 5 0
1 5 0
1 5 0
1 5 0
1 5 0
1 5 0
1 5 0
2 5 17
2 19 0
1 20 0
1 20 0
1 20 0
1 20 0
1 20 0
1 20 0
1 20 0
1 20 0
1 20 0
1 20 0
1 20 0
1 20 0
1 20 0
1 20 0
1 20 0
1 20 0
2 42 17
1 15 0
2 9 0
1 15 0
1 15 0
1 15 0
1 15 0
1 15 0
1 15 0
1 15 0
1 15 0
1 15 0
1 15 0
1 15 0
1 15 0
1 15 0
1 15 0
1 15 0
0 43 0
0 15 0
0 10 0
0 15 0
0 15 0
0 42 0
1
2 21 26
59
1 13 0
2 8 0
1 13 0
1 13 0
1 13 0
1 13 0
1 13 0
1 13 0
1 13 0
1 13 0
1 13 0
1 13 0
1 13 0
1 13 0
1 13 0
1 13 0
1 13 0
1 13 0
1 13 0
1 13 0
1 13 0
1 13 0
1 13 0
1 13 0
1 13 0
1 13 0
2 3 26
2 12 0
1 24 0
1 24 0
1 24 0
1 24 0
1 24 0
1 24 0
1 24 0
1 24 0
1 24 0
1 24 0
1 24 0
1 24 0
1 24 0
1 24 0
1 24 0
1 24 0
1 24 0
1 24 0
1 24 0
1 24 0
1 24 0
1 24 0
1 24 0
1 24 0
1 24 0
0 15 0
0 50 0
0 22 0
0 13 0
0 25 0
0 48 0
6
2 13 1
2 30 1
0 46 0
2 8 0
0 33 0
1 47 0
74
1 5 2
1 45 0
2 43 0
0 41 3
0 18 0
1 43 0
1 22 0
1 49 0
0 16 1
1 36 0
2 6 1
1 7 4
2 25 4
0 14 0
2 16 0
0 10 1
1 23 2
1 34 0
2 25 0
1 27 2
1 24 3
1 48 1
0 16 0
0 14 1
1 32 1
1 7 2
2 9 0
1 25 0
1 39 4
0 8 0
1 41 0
0 37 0
0 35 0
0 16 0
2 27 0
1 37 0
2 19 2
1 13 0
1 24 1
1 28 0
1 3 5
0 50 2
2 38 1
0 31 0
1 30 0
0 0 0
2 38 1
1 46 4
0 50 0
2 45 1
0 50 1
2 34 0
1 48 0
2 11 0
2 15 0
0 9 2
2 23 0
1 3 1
2 37 0
0 19 3
1 5 0
1 37 0
0 1 1
2 19 0
0 40 0
2 26 2
1 29 0
1 50 2
0 42 0
1 39 6
2 7 0
2 37 0
0 20 1
2 10 2
1
2 30 3
79
1 4 0
2 3 0
1 4 0
2 19 3
1 22 0
2 12 0
1 22 0
2 47 3
1 18 0
2 16 0
1 18 0
2 11 3
1 15 0
2 14 0
1 15 0
2 13 3
1 20 0
2 17 0
1 20 0
2 31 3
2 19 0
1 24 0
1 24 0
2 18 3
2 19 0
1 23 0
1 23 0
2 19 3
2 16 0
1 18 0
1 18 0
2 5 3
2 21 0
1 25 0
1 25 0
2 35 3
2 14 0
1 19 0
1 19 0
2 6 3
1 14 0
2 12 0
1 14 0
2 15 3
1 23 0
2 22 0
1 23 0
2 0 3
1 24 0
2 21 0
1 24 0
2 34 3
2 18 0
1 21 0
1 21 0
2 3 3
1 34 0
2 30 0
1 34 0
2 15 3
1 34 0
2 24 0
1 34 0
2 20 3
1 21 0
2 18 0
1 21 0
2 36 3
2 31 0
1 35 0
1 35 0
2 26 3
2 37 0
1 44 0
1 44 0
0 30 0
0 35 0
0 33 0
0 34 0
1
2 0 36
75
2 15 0
1 25 0
1 25 0
1 25 0
1 25 0
1 25 0
1 25 0
1 25 0
1 25 0
1 25 0
1 25 0
1 25 0
1 25 0
1 25 0
1 25 0
1 25 0
1 25 0
1 25 0
1 25 0
1 25 0
1 25 0
1 25 0
1 25 0
1 25 0
1 25 0
1 25 0
1 25 0
1 25 0
1 25 0
1 25 0
1 25 0
1 25 0
1 25 0
1 25 0
1 25 0
1 25 0
2 19 36
1 25 0
2 21 0
1 25 0
1 25 0
1 25 0
1 25 0
1 25 0
1 25 0
1 25 0
1 25 0
1 25 0
1 25 0
1 25 0
1 25 0
1 25 0
1 25 0
1 25 0
1 25 0
1 25 0
1 25 0
1 25 0
1 25 0
1 25 0
1 25 0
1 25 0
1 25 0
1 25 0
1 25 0
1 25 0
1 25 0
1 25 0
1 25 0
1 25 0
1 25 0
1 25 0
1 25 0
0 21 0
0 48 0
35
0 20 1
1 47 0
0 49 0
1 28 0
0 13 0
2 7 1
0 25 0
2 16 2
0 17 0
0 8 0
1 32 0
0 23 0
0 7 0
1 3 0
2 46 0
0 4 0
0 3 0
1 11 0
0 26 0
2 13 0
1 19 4
1 8 0
0 30 0
2 27 0
0 45 1
1 50 0
1 29 0
1 47 0
0 2 0
1 43 0
1 15 0
1 14 0
1 0 0
1 32 0
2 10 1
45
1 38 0
0 4 2
2 31 0
1 43 0
2 18 0
1 23 0
0 39 0
1 22 0
1 42 0
2 26 0
2 36 1
0 20 1
0 12 0
0 19 0
0 7 0
1 44 0
2 48 3
2 33 1
1 7 0
1 13 0
2 43 0
2 8 0
1 29 0
0 44 0
1 5 0
2 8 0
2 13 0
1 18 1
2 14 0
0 8 0
1 16 1
1 1 0
1 23 0
2 26 0
0 32 0
1 47 0
1 12 0
2 2 0
0 13 0
2 42 0
0 25 0
2 42 0
0 28 1
0 4 1
2 50 0
1
2 9 5
77
2 20 0
1 21 0
1 21 0
1 21 0
1 21 0
2 44 5
2 3 0
1 4 0
1 4 0
1 4 0
1 4 0
2 38 5
1 11 0
2 10 0
1 11 0
1 11 0
1 11 0
2 1 5
1 21 0
2 16 0
1 21 0
1 21 0
1 21 0
2 32 5
2 19 0
1 29 0
1 29 0
1 29 0
1 29 0
2 8 5
2 10 0
1 14 0
1 14 0
1 14 0
1 14 0
2 35 5
1 18 0
2 15 0
1 18 0
1 18 0
1 18 0
2 7 5
1 28 0
2 15 0
1 28 0
1 28 0
1 28 0
2 44 5
2 17 0
1 22 0
1 22 0
1 22 0
1 22 0
2 10 5
2 26 0
1 33 0
1 33 0
1 33 0
1 33 0
2 32 5
1 29 0
2 22 0
1 29 0
1 29 0
1 29 0
2 50 5
2 14 0
1 15 0
1 15 0
1 15 0
1 15 0
0 38 0
0 20 0
0 19 0
0 14 0
0 14 0
0 28 0
1
2 38 24
78
1 19 0
2 11 0
1 19 0
1 19 0
1 19 0
1 19 0
1 19 0
1 19 0
1 19 0
1 19 0
1 19 0
1 19 0
1 19 0
1 19 0
1 19 0
1 19 0
1 19 0
1 19 0
1 19 0
1 19 0
1 19 0
1 19 0
1 19 0
1 19 0
2 22 24
1 27 0
2 16 0
1 27 0
1 27 0
1 27 0
1 27 0
1 27 0
1 27 0
1 27 0
1 27 0
1 27 0
1 27 0
1 27 0
1 27 0
1 27 0
1 27 0
1 27 0
1 27 0
1 27 0
1 27 0
1 27 0
1 27 0
1 27 0
1 27 0
2 17 24
1 18 0
2 16 0
1 18 0
1 18 0
1 18 0
1 18 0
1 18 0
1 18 0
1 18 0
1 18 0
1 18 0
1 18 0
1 18 0
1 18 0
1 18 0
1 18 0
1 18 0
1 18 0
1 18 0
1 18 0
1 18 0
1 18 0
1 18 0
1 18 0
0 48 0
0 38 0
0 32 0
0 28 0
43
0 23 0
0 21 0
1 24 1
2 5 0
2 26 0
1 47 0
2 49 2
2 40 0
1 39 0
2 5 0
0 9 0
2 38 0
1 18 1
1 44 0
1 6 0
1 48 0
0 44 0
0 17 0
2 41 0
1 6 0
2 44 0
2 43 2
1 19 0
0 6 0
2 50 0
1 13 0
0 17 0
2 30 0
0 9 0
1 33 1
1 42 0
1 33 0
1 14 0
1 10 0
0 29 0
1 25 0
2 16 1
2 25 0
1 20 1
0 19 0
0 22 1
0 44 0
0 33 0
37
1 7 0
1 8 0
2 0 2
2 29 0
1 0 0
2 26 0
2 18 0
1 43 0
0 41 2
1 25 0
2 43 0
1 3 0
0 19 0
1 39 0
0 32 1
1 3 0
1 5 0
1 23 0
2 36 1
2 43 1
2 16 0
0 19 0
1 45 0
0 3 0
2 13 1
1 2 0
0 23 0
0 10 0
0 8 0
0 44 0
2 16 3
2 31 0
0 35 0
2 28 1
1 0 0
2 36 0
2 42 2
1
2 11 17
75
1 19 0
2 17 0
1 19 0
1 19 0
1 19 0
1 19 0
1 19 0
1 19 0
1 19 0
1 19 0
1 19 0
1 19 0
1 19 0
1 19 0
1 19 0
1 19 0
1 19 0
2 18 17
1 17 0
2 16 0
1 17 0
1 17 0
1 17 0
1 17 0
1 17 0
1 17 0
1 17 0
1 17 0
1 17 0
1 17 0
1 17 0
1 17 0
1 17 0
1 17 0
1 17 0
2 40 17
1 21 0
2 18 0
1 21 0
1 21 0
1 21 0
1 21 0
1 21 0
1 21 0
1 21 0
1 21 0
1 21 0
1 21 0
1 21 0
1 21 0
1 21 0
1 21 0
1 21 0
2 9 17
1 22 0
2 12 0
1 22 0
1 22 0
1 22 0
1 22 0
1 22 0
1 22 0
1 22 0
1 22 0
1 22 0
1 22 0
1 22 0
1 22 0
1 22 0
1 22 0
1 22 0
0 22 0
0 22 0
0 25 0
0 39 0
1
2 6 5
79
2 2 0
1 4 0
1 4 0
1 4 0
1 4 0
2 45 5
2 6 0
1 7 0
1 7 0
1 7 0
1 7 0
2 41 5
2 17 0
1 30 0
1 30 0
1 30 0
1 30 0
2 17 5
1 10 0
2 8 0
1 10 0
1 10 0
1 10 0
2 37 5
2 10 0
1 12 0
1 12 0
1 12 0
1 12 0
2 8 5
2 24 0
1 29 0
1 29 0
1 29 0
1 29 0
2 18 5
2 14 0
1 22 0
1 22 0
1 22 0
1 22 0
2 28 5
2 27 0
1 38 0
1 38 0
1 38 0
1 38 0
2 33 5
2 21 0
1 22 0
1 22 0
1 22 0
1 22 0
2 10 5
2 28 0
1 41 0
1 41 0
1 41 0
1 41 0
2 4 5
2 28 0
1 41 0
1 41 0
1 41 0
1 41 0
2 1 5
2 12 0
1 14 0
1 14 0
1 14 0
1 14 0
2 28 5
1 23 0
2 20 0
1 23 0
1 23 0
1 23 0
0 46 0
0 11 0
8
1 35 0
0 0 0
2 14 0
2 11 0
2 8 0
2 42 3
0 25 0
1 6 1
72
0 47 0
1 9 2
0 11 0
1 44 0
2 34 0
0 42 0
2 31 0
0 3 1
2 9 1
0 13 0
2 50 0
2 14 0
0 30 0
2 1 0
2 3 0
0 16 0
2 43 0
2 35 0
1 12 0
2 12 2
0 12 0
0 4 3
0 0 0
1 7 0
1 11 0
2 23 0
0 1 0
1 32 1
2 32 0
1 13 0
1 47 0
0 42 1
1 8 1
2 5 0
0 8 0
0 27 0
0 31 0
1 47 0
0 9 0
1 38 0
2 47 0
1 44 0
0 47 0
2 24 0
0 22 0
0 45 0
2 45 0
0 22 0
0 14 0
2 41 0
2 44 1
1 0 0
1 19 0
1 17 0
1 3 0
1 44 0
2 26 0
2 27 0
2 36 1
2 11 0
1 40 0
0 20 0
0 14 0
2 19 0
0 12 0
0 10 0
2 36 0
1 17 0
0 24 3
0 24 0
1 9 0
1 12 0
1
2 30 29
64
1 14 0
2 13 0
1 14 0
1 14 0
1 14 0
1 14 0
1 14 0
1 14 0
1 14 0
1 14 0
1 14 0
1 14 0
1 14 0
1 14 0
1 14 0
1 14 0
1 14 0
1 14 0
1 14 0
1 14 0
1 14 0
1 14 0
1 14 0
1 14 0
1 14 0
1 14 0
1 14 0
1 14 0
1 14 0
2 34 29
2 12 0
1 23 0
1 23 0
1 23 0
1 23 0
1 23 0
1 23 0
1 23 0
1 23 0
1 23 0
1 23 0
1 23 0
1 23 0
1 23 0
1 23 0
1 23 0
1 23 0
1 23 0
1 23 0
1 23 0
1 23 0
1 23 0
1 23 0
1 23 0
1 23 0
1 23 0
1 23 0
1 23 0
1 23 0
0 22 0
0 44 0
0 23 0
0 16 0
0 12 0
1
2 21 50
79
1 17 0
2 15 0
1 17 0
1 17 0
1 17 0
1 17 0
1 17 0
1 17 0
1 17 0
1 17 0
1 17 0
1 17 0
1 17 0
1 17 0
1 17 0
1 17 0
1 17 0
1 17 0
1 17 0
1 17 0
1 17 0
1 17 0
1 17 0
1 17 0
1 17 0
1 17 0
1 17 0
1 17 0
1 17 0
1 17 0
1 17 0
1 17 0
1 17 0
1 17 0
1 17 0
1 17 0
1 17 0
1 17 0
1 17 0
1 17 0
1 17 0
1 17 0
1 17 0
1 17 0
1 17 0
1 17 0
1 17 0
1 17 0
1 17 0
1 17 0
1 17 0
1 17 0
1 17 0
1 17 0
1 17 0
1 17 0
1 17 0
1 17 0
1 17 0
1 17 0
1 17 0
1 17 0
1 17 0
1 17 0
1 17 0
1 17 0
1 17 0
1 17 0
1 17 0
1 17 0
1 17 0
0 43 0
0 14 0
0 24 0
0 41 0
0 50 0
0 30 0
0 10 0
0 22 0
1
2 42 21
67
1 12 0
2 10 0
1 12 0
1 12 0
1 12 0
1 12 0
1 12 0
1 12 0
1 12 0
1 12 0
1 12 0
1 12 0
1 12 0
1 12 0
1 12 0
1 12 0
1 12 0
1 12 0
1 12 0
1 12 0
1 12 0
2 43 21
1 16 0
2 14 0
1 16 0
1 16 0
1 16 0
1 16 0
1 16 0
1 16 0
1 16 0
1 16 0
1 16 0
1 16 0
1 16 0
1 16 0
1 16 0
1 16 0
1 16 0
1 16 0
1 16 0
1 16 0
1 16 0
2 15 21
1 30 0
2 20 0
1 30 0
1 30 0
1 30 0
1 30 0
1 30 0
1 30 0
1 30 0
1 30 0
1 30 0
1 30 0
1 30 0
1 30 0
1 30 0
1 30 0
1 30 0
1 30 0
1 30 0
1 30 0
1 30 0
0 22 0
0 14 0
1
2 40 11
79
1 7 0
2 6 0
1 7 0
1 7 0
1 7 0
1 7 0
1 7 0
1 7 0
1 7 0
1 7 0
1 7 0
2 1 11
1 5 0
2 4 0
1 5 0
1 5 0
1 5 0
1 5 0
1 5 0
1 5 0
1 5 0
1 5 0
1 5 0
2 13 11
2 3 0
1 4 0
1 4 0
1 4 0
1 4 0
1 4 0
1 4 0
1 4 0
1 4 0
1 4 0
1 4 0
2 19 11
2 23 0
1 24 0
1 24 0
1 24 0
1 24 0
1 24 0
1 24 0
1 24 0
1 24 0
1 24 0
1 24 0
2 41 11
1 17 0
2 16 0
1 17 0
1 17 0
1 17 0
1 17 0
1 17 0
1 17 0
1 17 0
1 17 0
1 17 0
2 12 11
1 22 0
2 21 0
1 22 0
1 22 0
1 22 0
1 22 0
1 22 0
1 22 0
1 22 0
1 22 0
1 22 0
0 17 0
0 24 0
0 43 0
0 41 0
0 15 0
0 26 0
0 31 0
0 41 0
1
2 12 12
75
2 18 0
1 20 0
1 20 0
1 20 0
1 20 0
1 20 0
1 20 0
1 20 0
1 20 0
1 20 0
1 20 0
1 20 0
2 49 12
2 5 0
1 6 0
1 6 0
1 6 0
1 6 0
1 6 0
1 6 0
1 6 0
1 6 0
1 6 0
1 6 0
1 6 0
2 28 12
1 11 0
2 7 0
1 11 0
1 11 0
1 11 0
1 11 0
1 11 0
1 11 0
1 11 0
1 11 0
1 11 0
1 11 0
2 19 12
1 28 0
2 23 0
1 28 0
1 28 0
1 28 0
1 28 0
1 28 0
1 28 0
1 28 0
1 28 0
1 28 0
1 28 0
2 30 12
1 7 0
2 5 0
1 7 0
1 7 0
1 7 0
1 7 0
1 7 0
1 7 0
1 7 0
1 7 0
1 7 0
1 7 0
0 27 0
0 36 0
0 38 0
0 17 0
0 29 0
0 41 0
0 10 0
0 28 0
0 22 0
0 28 0
0 34 0
1
2 6 36
76
1 27 0
2 20 0
1 27 0
1 27 0
1 27 0
1 27 0
1 27 0
1 27 0
1 27 0
1 27 0
1 27 0
1 27 0
1 27 0
1 27 0
1 27 0
1 27 0
1 27 0
1 27 0
1 27 0
1 27 0
1 27 0
1 27 0
1 27 0
1 27 0
1 27 0
1 27 0
1 27 0
1 27 0
1 27 0
1 27 0
1 27 0
1 27 0
1 27 0
1 27 0
1 27 0
1 27 0
2 35 36
2 19 0
1 25 0
1 25 0
1 25 0
1 25 0
1 25 0
1 25 0
1 25 0
1 25 0
1 25 0
1 25 0
1 25 0
1 25 0
1 25 0
1 25 0
1 25 0
1 25 0
1 25 0
1 25 0
1 25 0
1 25 0
1 25 0
1 25 0
1 25 0
1 25 0
1 25 0
1 25 0
1 25 0
1 25 0
1 25 0
1 25 0
1 25 0
1 25 0
1 25 0
1 25 0
1 25 0
0 10 0
0 29 0
0 24 0
1
1 50 50
79
1 50 0
1 50 0
1 50 0
1 50 0
1 50 0
1 50 0
1 50 0
1 50 0
1 50 0
1 50 0
1 50 0
1 50 0
1 50 0
1 50 0
1 50 0
1 50 0
1 50 0
1 50 0
1 50 0
1 50 0
1 50 0
1 50 0
1 50 0
1 50 0
1 50 0
1 50 0
1 50 0
1 50 0
1 50 0
1 50 0
1 50 0
1 50 0
1 50 0
1 50 0
1 50 0
1 50 0
1 50 0
1 50 0
1 50 0
1 50 0
1 50 0
1 50 0
1 50 0
1 50 0
1 50 0
1 50 0
1 50 0
1 50 0
1 50 0
1 50 0
1 50 0
1 50 0
1 50 0
1 50 0
1 50 0
1 50 0
1 50 0
1 50 0
1 50 0
1 50 0
1 50 0
1 50 0
1 50 0
1 50 0
1 50 0
1 50 0
1 50 0
1 50 0
1 50 0
1 50 0
1 50 0
1 50 0
1 50 0
1 50 0
1 50 0
1 50 0
1 50 0
1 50 0
1 50 0
1
2 27 6
79
2 7 0
1 8 0
1 8 0
1 8 0
1 8 0
1 8 0
2 24 6
2 8 0
1 10 0
1 10 0
1 10 0
1 10 0
1 10 0
2 5 6
1 26 0
2 22 0
1 26 0
1 26 0
1 26 0
1 26 0
2 41 6
2 17 0
1 20 0
1 20 0
1 20 0
1 20 0
1 20 0
2 44 6
1 16 0
2 9 0
1 16 0
1 16 0
1 16 0
1 16 0
2 42 6
1 28 0
2 24 0
1 28 0
1 28 0
1 28 0
1 28 0
2 30 6
1 33 0
2 20 0
1 33 0
1 33 0
1 33 0
1 33 0
2 16 6
1 34 0
2 26 0
1 34 0
1 34 0
1 34 0
1 34 0
2 3 6
1 26 0
2 22 0
1 26 0
1 26 0
1 26 0
1 26 0
2 6 6
2 28 0
1 50 0
1 50 0
1 50 0
1 50 0
1 50 0
2 20 6
1 19 0
2 17 0
1 19 0
1 19 0
1 19 0
1 19 0
0 22 0
0 48 0
0 42 0
11
1 28 2
1 19 0
0 37 0
2 3 0
2 14 0
1 27 0
0 19 2
2 26 3
0 6 0
2 5 0
1 24 0
69
1 28 1
0 10 1
2 22 2
1 24 2
0 3 0
0 18 1
0 28 0
2 14 4
1 49 0
0 49 2
1 44 2
0 3 4
0 16 0
1 23 0
1 8 0
0 28 1
1 15 0
1 37 0
1 16 0
0 23 1
1 43 2
2 38 0
0 24 0
2 15 0
0 19 0
2 16 0
2 19 0
1 37 0
1 17 1
2 33 0
2 45 3
0 43 1
1 13 4
1 43 0
2 2 0
2 37 0
0 37 2
2 5 0
0 44 0
2 5 0
0 3 0
2 9 2
1 1 2
0 44 0
2 14 2
0 6 0
1 9 0
1 2 0
2 20 1
0 7 0
0 26 0
2 43 1
1 28 1
0 10 2
2 32 1
2 38 1
2 0 0
0 7 0
2 23 0
0 44 6
2 17 0
2 4 1
0 0 0
2 21 3
0 48 1
2 23 8
1 16 2
2 44 0
0 43 2
1
2 42 24
77
2 5 0
1 6 0
1 6 0
1 6 0
1 6 0
1 6 0
1 6 0
1 6 0
1 6 0
1 6 0
1 6 0
1 6 0
1 6 0
1 6 0
1 6 0
1 6 0
1 6 0
1 6 0
1 6 0
1 6 0
1 6 0
1 6 0
1 6 0
1 6 0
2 45 24
1 33 0
2 21 0
1 33 0
1 33 0
1 33 0
1 33 0
1 33 0
1 33 0
1 33 0
1 33 0
1 33 0
1 33 0
1 33 0
1 33 0
1 33 0
1 33 0
1 33 0
1 33 0
1 33 0
1 33 0
1 33 0
1 33 0
1 33 0
1 33 0
2 28 24
2 8 0
1 11 0
1 11 0
1 11 0
1 11 0
1 11 0
1 11 0
1 11 0
1 11 0
1 11 0
1 11 0
1 11 0
1 11 0
1 11 0
1 11 0
1 11 0
1 11 0
1 11 0
1 11 0
1 11 0
1 11 0
1 11 0
1 11 0
1 11 0
0 31 0
0 47 0
0 26 0
7
0 7 1
2 47 0
1 27 0
2 4 0
1 0 1
1 13 0
0 10 0
73
1 49 0
2 43 1
1 24 0
2 47 2
2 0 0
1 35 0
2 21 0
2 3 19
2 6 0
1 48 0
1 43 1
2 4 1
0 47 1
1 33 2
1 2 1
1 13 0
0 30 15
1 24 0
0 27 1
0 27 1
2 16 0
2 22 1
1 34 5
1 40 0
0 9 1
2 7 4
0 43 0
1 10 3
1 19 4
0 49 0
0 41 1
1 43 0
0 35 0
1 6 0
0 12 15
1 44 0
1 43 0
0 25 0
2 30 0
2 32 0
2 22 0
2 36 2
2 14 1
1 1 0
1 22 5
0 18 3
0 35 22
1 38 1
2 39 2
2 42 0
2 19 0
0 27 0
2 27 0
2 1 0
2 5 0
0 45 0
0 36 2
0 41 0
1 30 1
2 39 0
1 22 1
0 31 0
1 37 8
0 46 0
2 23 1
2 1 1
1 44 0
2 19 0
0 2 0
2 30 1
0 7 0
1 45 1
2 38 4
10
2 50 50
1 50 50
2 50 50
0 50 50
1 50 50
1 50 50
0 50 50
1 50 50
1 50 50
1 50 50
70
1 50 0
1 50 0
2 50 0
2 50 0
2 50 0
0 50 0
2 50 0
1 50 0
0 50 0
2 50 0
2 50 0
1 50 0
0 50 0
2 50 0
2 50 0
1 50 0
1 50 0
1 50 0
1 50 0
0 50 0
1 50 0
0 50 0
0 50 0
2 50 0
0 50 0
0 50 0
2 50 0
0 50 0
2 50 0
1 50 0
2 50 0
0 50 0
2 50 0
2 50 0
2 50 0
1 50 0
1 50 0
2 50 0
0 50 0
2 50 0
1 50 0
0 50 0
0 50 0
2 50 0
2 50 0
0 50 0
2 50 0
0 50 0
0 50 0
0 50 0
1 50 0
1 50 0
0 50 0
2 50 0
0 50 0
0 50 0
0 50 0
2 50 0
2 50 0
1 50 0
0 50 0
2 50 0
2 50 0
2 50 0
1 50 0
0 50 0
2 50 0
1 50 0
2 50 0
1 50 0
1
2 49 6
79
2 1 0
1 2 0
1 2 0
1 2 0
1 2 0
1 2 0
2 37 6
2 20 0
1 26 0
1 26 0
1 26 0
1 26 0
1 26 0
2 34 6
1 10 0
2 7 0
1 10 0
1 10 0
1 10 0
1 10 0
2 23 6
2 18 0
1 22 0
1 22 0
1 22 0
1 22 0
1 22 0
2 41 6
2 14 0
1 28 0
1 28 0
1 28 0
1 28 0
1 28 0
2 40 6
2 7 0
1 14 0
1 14 0
1 14 0
1 14 0
1 14 0
2 41 6
1 16 0
2 12 0
1 16 0
1 16 0
1 16 0
1 16 0
2 35 6
2 8 0
1 13 0
1 13 0
1 13 0
1 13 0
1 13 0
2 48 6
2 18 0
1 21 0
1 21 0
1 21 0
1 21 0
1 21 0
2 7 6
1 24 0
2 20 0
1 24 0
1 24 0
1 24 0
1 24 0
2 16 6
1 28 0
2 23 0
1 28 0
1 28 0
1 28 0
1 28 0
0 19 0
0 48 0
0 26 0
28
0 22 0
2 42 3
1 1 2
0 14 0
2 5 1
0 20 1
2 4 1
1 18 0
2 13 0
1 15 0
1 41 1
0 46 1
0 6 0
1 40 0
1 12 0
0 11 0
2 50 0
2 44 3
0 44 1
1 47 0
1 13 0
0 44 0
0 20 0
2 35 0
2 50 0
1 7 0
2 15 1
0 35 0
52
2 19 1
1 43 0
1 24 1
2 39 0
1 2 0
1 40 0
0 34 0
0 21 1
1 12 0
0 27 0
1 40 0
0 18 1
1 29 0
0 4 0
2 40 0
1 45 0
1 8 0
0 24 3
2 15 0
2 31 2
0 2 0
1 42 2
2 20 0
1 21 0
0 8 0
0 1 0
0 50 0
1 26 0
2 36 1
1 5 1
0 19 3
2 14 0
0 26 0
2 49 0
2 39 0
1 26 1
1 15 0
0 33 0
2 4 0
2 43 0
1 9 0
2 36 0
2 22 0
2 0 0
0 46 0
0 38 0
1 25 0
2 7 0
1 32 0
1 0 0
1 14 0
2 48 0
1
2 38 7
75
2 13 0
1 24 0
1 24 0
1 24 0
1 24 0
1 24 0
1 24 0
2 47 7
1 21 0
2 11 0
1 21 0
1 21 0
1 21 0
1 21 0
1 21 0
2 43 7
2 19 0
1 27 0
1 27 0
1 27 0
1 27 0
1 27 0
1 27 0
2 31 7
2 14 0
1 20 0
1 20 0
1 20 0
1 20 0
1 20 0
1 20 0
2 19 7
2 13 0
1 17 0
1 17 0
1 17 0
1 17 0
1 17 0
1 17 0
2 5 7
1 26 0
2 13 0
1 26 0
1 26 0
1 26 0
1 26 0
1 26 0
2 29 7
1 27 0
2 18 0
1 27 0
1 27 0
1 27 0
1 27 0
1 27 0
2 46 7
2 15 0
1 25 0
1 25 0
1 25 0
1 25 0
1 25 0
1 25 0
2 26 7
1 19 0
2 16 0
1 19 0
1 19 0
1 19 0
1 19 0
1 19 0
0 28 0
0 31 0
0 13 0
0 15 0
1
2 31 14
77
1 9 0
2 7 0
1 9 0
1 9 0
1 9 0
1 9 0
1 9 0
1 9 0
1 9 0
1 9 0
1 9 0
1 9 0
1 9 0
1 9 0
2 21 14
1 11 0
2 9 0
1 11 0
1 11 0
1 11 0
1 11 0
1 11 0
1 11 0
1 11 0
1 11 0
1 11 0
1 11 0
1 11 0
1 11 0
2 19 14
2 20 0
1 22 0
1 22 0
1 22 0
1 22 0
1 22 0
1 22 0
1 22 0
1 22 0
1 22 0
1 22 0
1 22 0
1 22 0
1 22 0
2 42 14
2 4 0
1 8 0
1 8 0
1 8 0
1 8 0
1 8 0
1 8 0
1 8 0
1 8 0
1 8 0
1 8 0
1 8 0
1 8 0
1 8 0
2 2 14
2 14 0
1 23 0
1 23 0
1 23 0
1 23 0
1 23 0
1 23 0
1 23 0
1 23 0
1 23 0
1 23 0
1 23 0
1 23 0
1 23 0
0 25 0
0 15 0
0 19 0
1
0 50 50
79
0 50 0
0 50 0
0 50 0
0 50 0
0 50 0
0 50 0
0 50 0
0 50 0
0 50 0
0 50 0
0 50 0
0 50 0
0 50 0
0 50 0
0 50 0
0 50 0
0 50 0
0 50 0
0 50 0
0 50 0
0 50 0
0 50 0
0 50 0
0 50 0
0 50 0
0 50 0
0 50 0
0 50 0
0 50 0
0 50 0
0 50 0
0 50 0
0 50 0
0 50 0
0 50 0
0 50 0
0 50 0
0 50 0
0 50 0
0 50 0
0 50 0
0 50 0
0 50 0
0 50 0
0 50 0
0 50 0
0 50 0
0 50 0
0 50 0
0 50 0
0 50 0
0 50 0
0 50 0
0 50 0
0 50 0
0 50 0
0 50 0
0 50 0
0 50 0
0 50 0
0 50 0
0 50 0
0 50 0
0 50 0
0 50 0
0 50 0
0 50 0
0 50 0
0 50 0
0 50 0
0 50 0
0 50 0
0 50 0
0 50 0
0 50 0
0 50 0
0 50 0
0 50 0
0 50 0
10
1 15 1
2 39 0
0 27 0
1 12 0
2 39 1
2 14 0
1 17 0
1 31 0
2 18 0
0 45 3
70
2 11 0
2 49 0
1 26 0
1 36 3
0 8 0
2 5 0
2 9 0
0 21 0
2 39 0
1 0 1
2 1 1
1 21 0
1 25 0
1 44 0
2 45 0
2 20 1
0 22 0
2 10 0
1 8 1
2 21 0
0 44 0
2 22 0
0 0 4
1 17 5
0 23 3
0 15 0
2 4 0
1 6 0
0 32 0
1 40 1
2 37 0
0 14 5
2 12 1
0 43 0
2 38 0
2 28 5
2 40 1
1 32 0
0 10 0
0 11 0
1 32 3
1 31 2
2 6 0
1 42 0
2 2 1
0 24 16
1 12 4
2 3 0
2 22 1
2 27 5
0 36 1
0 41 0
1 49 8
1 32 0
0 7 3
1 41 1
1 38 2
0 49 1
0 18 0
1 8 1
1 6 0
1 33 3
1 18 0
0 5 0
0 44 3
2 3 0
2 32 2
2 40 0
1 35 3
2 16 0
1
2 47 9
74
2 15 0
1 20 0
1 20 0
1 20 0
1 20 0
1 20 0
1 20 0
1 20 0
1 20 0
2 36 9
1 15 0
2 14 0
1 15 0
1 15 0
1 15 0
1 15 0
1 15 0
1 15 0
1 15 0
2 18 9
1 21 0
2 20 0
1 21 0
1 21 0
1 21 0
1 21 0
1 21 0
1 21 0
1 21 0
2 26 9
2 12 0
1 13 0
1 13 0
1 13 0
1 13 0
1 13 0
1 13 0
1 13 0
1 13 0
2 43 9
2 15 0
1 16 0
1 16 0
1 16 0
1 16 0
1 16 0
1 16 0
1 16 0
1 16 0
2 7 9
1 28 0
2 16 0
1 28 0
1 28 0
1 28 0
1 28 0
1 28 0
1 28 0
1 28 0
2 36 9
1 16 0
2 13 0
1 16 0
1 16 0
1 16 0
1 16 0
1 16 0
1 16 0
1 16 0
0 25 0
0 25 0
0 31 0
0 21 0
0 10 0
1
2 30 14
65
1 14 0
2 11 0
1 14 0
1 14 0
1 14 0
1 14 0
1 14 0
1 14 0
1 14 0
1 14 0
1 14 0
1 14 0
1 14 0
1 14 0
2 34 14
1 33 0
2 19 0
1 33 0
1 33 0
1 33 0
1 33 0
1 33 0
1 33 0
1 33 0
1 33 0
1 33 0
1 33 0
1 33 0
1 33 0
2 32 14
2 21 0
1 26 0
1 26 0
1 26 0
1 26 0
1 26 0
1 26 0
1 26 0
1 26 0
1 26 0
1 26 0
1 26 0
1 26 0
1 26 0
2 31 14
1 22 0
2 20 0
1 22 0
1 22 0
1 22 0
1 22 0
1 22 0
1 22 0
1 22 0
1 22 0
1 22 0
1 22 0
1 22 0
1 22 0
0 18 0
0 41 0
0 35 0
0 13 0
0 41 0
0 22 0
1
2 17 7
77
1 6 0
2 5 0
1 6 0
1 6 0
1 6 0
1 6 0
1 6 0
2 15 7
2 10 0
1 13 0
1 13 0
1 13 0
1 13 0
1 13 0
1 13 0
2 25 7
1 14 0
2 12 0
1 14 0
1 14 0
1 14 0
1 14 0
1 14 0
2 9 7
2 9 0
1 13 0
1 13 0
1 13 0
1 13 0
1 13 0
1 13 0
2 20 7
2 23 0
1 24 0
1 24 0
1 24 0
1 24 0
1 24 0
1 24 0
2 15 7
2 24 0
1 26 0
1 26 0
1 26 0
1 26 0
1 26 0
1 26 0
2 32 7
1 25 0
2 19 0
1 25 0
1 25 0
1 25 0
1 25 0
1 25 0
2 44 7
2 19 0
1 22 0
1 22 0
1 22 0
1 22 0
1 22 0
1 22 0
2 38 7
1 28 0
2 27 0
1 28 0
1 28 0
1 28 0
1 28 0
1 28 0
0 49 0
0 17 0
0 28 0
0 22 0
0 24 0
0 43 0
1
2 6 6
72
1 2 0
2 1 0
1 2 0
1 2 0
1 2 0
1 2 0
2 41 6
1 33 0
2 21 0
1 33 0
1 33 0
1 33 0
1 33 0
2 10 6
2 3 0
1 4 0
1 4 0
1 4 0
1 4 0
1 4 0
2 4 6
2 20 0
1 21 0
1 21 0
1 21 0
1 21 0
1 21 0
2 16 6
2 9 0
1 10 0
1 10 0
1 10 0
1 10 0
1 10 0
2 39 6
2 25 0
1 32 0
1 32 0
1 32 0
1 32 0
1 32 0
2 2 6
1 33 0
2 23 0
1 33 0
1 33 0
1 33 0
1 33 0
2 14 6
1 25 0
2 22 0
1 25 0
1 25 0
1 25 0
1 25 0
2 0 6
1 21 0
2 19 0
1 21 0
1 21 0
1 21 0
1 21 0
2 37 6
1 30 0
2 27 0
1 30 0
1 30 0
1 30 0
1 30 0
0 46 0
0 27 0
0 31 0
1
2 23 31
65
1 22 0
2 20 0
1 22 0
1 22 0
1 22 0
1 22 0
1 22 0
1 22 0
1 22 0
1 22 0
1 22 0
1 22 0
1 22 0
1 22 0
1 22 0
1 22 0
1 22 0
1 22 0
1 22 0
1 22 0
1 22 0
1 22 0
1 22 0
1 22 0
1 22 0
1 22 0
1 22 0
1 22 0
1 22 0
1 22 0
1 22 0
2 9 31
2 16 0
1 27 0
1 27 0
1 27 0
1 27 0
1 27 0
1 27 0
1 27 0
1 27 0
1 27 0
1 27 0
1 27 0
1 27 0
1 27 0
1 27 0
1 27 0
1 27 0
1 27 0
1 27 0
1 27 0
1 27 0
1 27 0
1 27 0
1 27 0
1 27 0
1 27 0
1 27 0
1 27 0
1 27 0
1 27 0
1 27 0
0 30 0
0 50 0
1
2 29 23
75
2 12 0
1 19 0
1 19 0
1 19 0
1 19 0
1 19 0
1 19 0
1 19 0
1 19 0
1 19 0
1 19 0
1 19 0
1 19 0
1 19 0
1 19 0
1 19 0
1 19 0
1 19 0
1 19 0
1 19 0
1 19 0
1 19 0
1 19 0
2 13 23
2 19 0
1 21 0
1 21 0
1 21 0
1 21 0
1 21 0
1 21 0
1 21 0
1 21 0
1 21 0
1 21 0
1 21 0
1 21 0
1 21 0
1 21 0
1 21 0
1 21 0
1 21 0
1 21 0
1 21 0
1 21 0
1 21 0
1 21 0
2 32 23
1 13 0
2 11 0
1 13 0
1 13 0
1 13 0
1 13 0
1 13 0
1 13 0
1 13 0
1 13 0
1 13 0
1 13 0
1 13 0
1 13 0
1 13 0
1 13 0
1 13 0
1 13 0
1 13 0
1 13 0
1 13 0
1 13 0
1 13 0
0 44 0
0 35 0
0 26 0
0 46 0
1
2 10 50
79
1 11 0
2 8 0
1 11 0
1 11 0
1 11 0
1 11 0
1 11 0
1 11 0
1 11 0
1 11 0
1 11 0
1 11 0
1 11 0
1 11 0
1 11 0
1 11 0
1 11 0
1 11 0
1 11 0
1 11 0
1 11 0
1 11 0
1 11 0
1 11 0
1 11 0
1 11 0
1 11 0
1 11 0
1 11 0
1 11 0
1 11 0
1 11 0
1 11 0
1 11 0
1 11 0
1 11 0
1 11 0
1 11 0
1 11 0
1 11 0
1 11 0
1 11 0
1 11 0
1 11 0
1 11 0
1 11 0
1 11 0
1 11 0
1 11 0
1 11 0
1 11 0
1 11 0
1 11 0
1 11 0
1 11 0
1 11 0
1 11 0
1 11 0
1 11 0
1 11 0
1 11 0
1 11 0
1 11 0
1 11 0
1 11 0
1 11 0
1 11 0
1 11 0
1 11 0
0 36 0
0 33 0
0 20 0
0 42 0
0 16 0
0 26 0
0 15 0
0 50 0
0 12 0
0 17 0
3
2 5 0
2 5 1
1 35 0
77
1 26 0
2 39 0
2 8 0
1 36 0
2 5 1
0 35 2
2 19 0
0 13 0
0 38 4
2 8 0
0 42 0
1 22 0
2 18 1
0 45 3
2 48 1
1 50 3
1 38 0
0 11 1
0 26 5
1 44 2
2 10 0
0 7 0
2 14 2
1 16 0
0 29 1
0 45 2
0 22 2
2 30 0
2 26 0
2 35 1
2 34 2
0 27 0
2 32 3
1 36 0
1 46 1
1 50 1
1 45 1
2 40 1
2 6 1
0 43 2
0 19 0
2 31 1
0 28 0
2 19 0
2 3 0
0 11 0
2 29 1
2 46 1
2 3 0
1 44 0
0 45 0
0 26 0
1 41 0
2 22 2
2 48 0
1 42 0
2 6 4
1 24 6
1 41 0
0 37 3
2 5 0
2 46 0
2 47 2
0 10 1
2 22 0
0 42 1
2 1 1
2 17 0
2 1 4
0 3 1
0 14 0
1 8 0
2 37 7
1 11 2
2 50 0
0 36 0
2 1 0
1
2 50 50
79
1 50 0
2 50 0
1 50 0
0 50 0
2 50 0
2 50 0
0 50 0
2 50 0
1 50 0
2 50 0
2 50 0
0 50 0
1 50 0
2 50 0
0 50 0
2 50 0
2 50 0
0 50 0
1 50 0
0 50 0
0 50 0
0 50 0
2 50 0
1 50 0
0 50 0
0 50 0
2 50 0
2 50 0
0 50 0
1 50 0
1 50 0
2 50 0
1 50 0
0 50 0
0 50 0
1 50 0
1 50 0
0 50 0
1 50 0
0 50 0
0 50 0
1 50 0
0 50 0
1 50 0
1 50 0
1 50 0
2 50 0
0 50 0
1 50 0
1 50 0
1 50 0
0 50 0
1 50 0
2 50 0
2 50 0
2 50 0
1 50 0
2 50 0
1 50 0
0 50 0
2 50 0
1 50 0
2 50 0
2 50 0
1 50 0
2 50 0
0 50 0
1 50 0
0 50 0
2 50 0
0 50 0
2 50 0
0 50 0
2 50 0
1 50 0
0 50 0
2 50 0
1 50 0
0 50 0
1
2 50 12
67
1 8 0
2 5 0
1 8 0
1 8 0
1 8 0
1 8 0
1 8 0
1 8 0
1 8 0
1 8 0
1 8 0
1 8 0
2 43 12
2 18 0
1 21 0
1 21 0
1 21 0
1 21 0
1 21 0
1 21 0
1 21 0
1 21 0
1 21 0
1 21 0
1 21 0
2 32 12
1 8 0
2 6 0
1 8 0
1 8 0
1 8 0
1 8 0
1 8 0
1 8 0
1 8 0
1 8 0
1 8 0
1 8 0
2 7 12
1 11 0
2 8 0
1 11 0
1 11 0
1 11 0
1 11 0
1 11 0
1 11 0
1 11 0
1 11 0
1 11 0
1 11 0
2 34 12
1 17 0
2 13 0
1 17 0
1 17 0
1 17 0
1 17 0
1 17 0
1 17 0
1 17 0
1 17 0
1 17 0
1 17 0
0 13 0
0 22 0
0 17 0
1
2 20 8
74
1 15 0
2 13 0
1 15 0
1 15 0
1 15 0
1 15 0
1 15 0
1 15 0
2 7 8
2 7 0
1 8 0
1 8 0
1 8 0
1 8 0
1 8 0
1 8 0
1 8 0
2 36 8
2 6 0
1 11 0
1 11 0
1 11 0
1 11 0
1 11 0
1 11 0
1 11 0
2 17 8
2 8 0
1 11 0
1 11 0
1 11 0
1 11 0
1 11 0
1 11 0
1 11 0
2 48 8
2 14 0
1 23 0
1 23 0
1 23 0
1 23 0
1 23 0
1 23 0
1 23 0
2 16 8
2 15 0
1 16 0
1 16 0
1 16 0
1 16 0
1 16 0
1 16 0
1 16 0
2 44 8
1 43 0
2 23 0
1 43 0
1 43 0
1 43 0
1 43 0
1 43 0
1 43 0
2 41 8
1 35 0
2 20 0
1 35 0
1 35 0
1 35 0
1 35 0
1 35 0
1 35 0
0 11 0
0 25 0
0 38 0
20
2 50 50
0 50 50
0 50 50
2 50 50
2 50 50
0 50 50
2 50 50
1 50 50
1 50 50
2 50 50
2 50 50
1 50 50
0 50 50
0 50 50
1 50 50
1 50 50
1 50 50
2 50 50
2 50 50
0 50 50
60
1 50 0
1 50 0
2 50 0
0 50 0
2 50 0
0 50 0
0 50 0
0 50 0
2 50 0
1 50 0
1 50 0
0 50 0
2 50 0
1 50 0
2 50 0
0 50 0
2 50 0
0 50 0
1 50 0
1 50 0
0 50 0
1 50 0
1 50 0
2 50 0
2 50 0
2 50 0
2 50 0
1 50 0
2 50 0
0 50 0
1 50 0
2 50 0
2 50 0
2 50 0
0 50 0
2 50 0
1 50 0
0 50 0
1 50 0
0 50 0
2 50 0
2 50 0
0 50 0
2 50 0
2 50 0
0 50 0
0 50 0
2 50 0
1 50 0
2 50 0
2 50 0
1 50 0
2 50 0
2 50 0
2 50 0
0 50 0
0 50 0
2 50 0
0 50 0
1 50 0
4
0 25 1
2 28 6
1 44 0
2 8 0
76
2 48 0
2 0 0
1 44 0
0 36 3
0 48 1
2 21 0
2 22 5
1 22 0
0 11 0
0 46 1
2 1 0
1 8 0
1 48 0
2 0 0
2 22 0
0 3 0
2 12 0
0 40 2
2 19 1
1 35 1
2 22 0
0 18 1
2 8 2
1 15 0
0 5 0
2 50 2
1 10 3
2 5 0
0 47 0
2 30 1
0 31 0
0 12 0
2 48 0
2 2 0
1 4 1
1 36 0
2 9 0
2 38 0
0 23 0
2 28 0
1 18 0
2 12 0
2 3 3
1 38 0
0 13 1
0 6 0
2 46 0
0 5 0
0 0 0
0 26 0
0 7 0
0 42 1
1 41 0
2 39 0
0 33 0
0 16 2
0 43 0
0 23 0
2 27 0
1 3 0
0 23 0
1 45 0
2 3 1
1 42 0
2 31 0
1 21 0
0 17 0
2 32 1
0 1 0
1 24 5
0 37 0
1 13 3
0 9 2
2 41 0
1 8 1
1 22 0
1
2 10 22
79
1 19 0
2 14 0
1 19 0
1 19 0
1 19 0
1 19 0
1 19 0
1 19 0
1 19 0
1 19 0
1 19 0
1 19 0
1 19 0
1 19 0
1 19 0
1 19 0
1 19 0
1 19 0
1 19 0
1 19 0
1 19 0
1 19 0
2 28 22
2 15 0
1 24 0
1 24 0
1 24 0
1 24 0
1 24 0
1 24 0
1 24 0
1 24 0
1 24 0
1 24 0
1 24 0
1 24 0
1 24 0
1 24 0
1 24 0
1 24 0
1 24 0
1 24 0
1 24 0
1 24 0
1 24 0
2 27 22
1 27 0
2 20 0
1 27 0
1 27 0
1 27 0
1 27 0
1 27 0
1 27 0
1 27 0
1 27 0
1 27 0
1 27 0
1 27 0
1 27 0
1 27 0
1 27 0
1 27 0
1 27 0
1 27 0
1 27 0
1 27 0
1 27 0
0 29 0
0 32 0
0 31 0
0 18 0
0 35 0
0 19 0
0 33 0
0 37 0
0 42 0
0 35 0
0 12 0
1
0 50 50
79
2 50 50
0 50 50
1 50 50
1 50 50
0 50 50
1 50 50
0 50 50
1 50 50
1 50 50
1 50 50
0 50 50
1 50 50
1 50 50
0 50 50
1 50 50
0 50 50
1 50 50
1 50 50
1 50 50
0 50 50
1 50 50
0 50 50
2 50 50
2 50 50
1 50 50
2 50 50
1 50 50
1 50 50
1 50 50
0 50 50
0 50 50
1 50 50
0 50 50
0 50 50
1 50 50
2 50 50
1 50 50
2 50 50
2 50 50
0 50 50
1 50 50
2 50 50
0 50 50
0 50 50
2 50 50
2 50 50
2 50 50
1 50 50
0 50 50
1 50 50
2 50 50
0 50 50
2 50 50
0 50 50
0 50 50
1 50 50
1 50 50
2 50 50
1 50 50
2 50 50
2 50 50
2 50 50
2 50 50
1 50 50
1 50 50
1 50 50
1 50 50
1 50 50
1 50 50
2 50 50
0 50 50
1 50 50
1 50 50
2 50 50
1 50 50
1 50 50
1 50 50
1 50 50
1 50 50
1
2 31 6
72
1 7 0
2 5 0
1 7 0
1 7 0
1 7 0
1 7 0
2 1 6
2 16 0
1 26 0
1 26 0
1 26 0
1 26 0
1 26 0
2 24 6
2 21 0
1 31 0
1 31 0
1 31 0
1 31 0
1 31 0
2 8 6
1 22 0
2 19 0
1 22 0
1 22 0
1 22 0
1 22 0
2 50 6
1 7 0
2 6 0
1 7 0
1 7 0
1 7 0
1 7 0
2 22 6
1 13 0
2 10 0
1 13 0
1 13 0
1 13 0
1 13 0
2 22 6
1 13 0
2 9 0
1 13 0
1 13 0
1 13 0
1 13 0
2 2 6
2 8 0
1 10 0
1 10 0
1 10 0
1 10 0
1 10 0
2 14 6
1 25 0
2 21 0
1 25 0
1 25 0
1 25 0
1 25 0
2 34 6
1 27 0
2 21 0
1 27 0
1 27 0
1 27 0
1 27 0
0 16 0
0 43 0
0 41 0
9
2 33 0
1 11 1
2 30 1
1 49 0
1 35 3
1 40 0
0 48 0
2 12 2
2 16 0
71
0 9 0
0 42 0
1 35 1
0 11 0
1 39 0
2 25 0
1 2 1
0 45 0
1 2 0
1 12 0
0 10 4
0 26 0
1 35 1
0 7 0
2 19 1
1 17 0
0 34 1
1 23 0
2 20 0
2 40 1
1 5 0
0 16 0
0 7 0
2 11 0
2 20 0
2 32 3
0 28 0
2 8 1
0 39 0
0 6 0
1 0 0
2 16 0
0 20 0
0 9 1
2 15 1
1 21 0
2 7 0
0 36 0
1 5 0
0 17 0
2 29 0
0 18 0
2 49 0
2 18 0
0 49 0
0 0 0
0 2 0
2 7 0
0 1 0
1 23 1
1 27 1
0 46 0
0 30 1
1 31 0
2 25 0
2 1 0
1 48 0
2 14 0
0 31 0
0 33 0
2 2 1
1 45 0
1 34 1
2 7 0
0 37 1
0 23 0
0 38 0
1 35 1
2 24 1
0 8 0
2 13 0
1
2 40 50
79
2 3 0
1 5 0
1 5 0
1 5 0
1 5 0
1 5 0
1 5 0
1 5 0
1 5 0
1 5 0
1 5 0
1 5 0
1 5 0
1 5 0
1 5 0
1 5 0
1 5 0
1 5 0
1 5 0
1 5 0
1 5 0
1 5 0
1 5 0
1 5 0
1 5 0
1 5 0
1 5 0
1 5 0
1 5 0
1 5 0
1 5 0
1 5 0
1 5 0
1 5 0
1 5 0
1 5 0
1 5 0
1 5 0
1 5 0
1 5 0
1 5 0
1 5 0
1 5 0
1 5 0
1 5 0
1 5 0
1 5 0
1 5 0
1 5 0
1 5 0
1 5 0
1 5 0
1 5 0
1 5 0
1 5 0
1 5 0
1 5 0
1 5 0
1 5 0
1 5 0
1 5 0
0 30 0
0 16 0
0 41 0
0 39 0
0 35 0
0 19 0
0 32 0
0 34 0
0 42 0
0 42 0
0 50 0
0 34 0
0 14 0
0 30 0
0 16 0
0 10 0
0 27 0
0 46 0
1
2 37 20
64
1 8 0
2 5 0
1 8 0
1 8 0
1 8 0
1 8 0
1 8 0
1 8 0
1 8 0
1 8 0
1 8 0
1 8 0
1 8 0
1 8 0
1 8 0
1 8 0
1 8 0
1 8 0
1 8 0
1 8 0
2 41 20
2 9 0
1 15 0
1 15 0
1 15 0
1 15 0
1 15 0
1 15 0
1 15 0
1 15 0
1 15 0
1 15 0
1 15 0
1 15 0
1 15 0
1 15 0
1 15 0
1 15 0
1 15 0
1 15 0
1 15 0
2 29 20
1 9 0
2 7 0
1 9 0
1 9 0
1 9 0
1 9 0
1 9 0
1 9 0
1 9 0
1 9 0
1 9 0
1 9 0
1 9 0
1 9 0
1 9 0
1 9 0
1 9 0
1 9 0
1 9 0
1 9 0
0 31 0
0 12 0
1
2 32 26
59
2 10 0
1 17 0
1 17 0
1 17 0
1 17 0
1 17 0
1 17 0
1 17 0
1 17 0
1 17 0
1 17 0
1 17 0
1 17 0
1 17 0
1 17 0
1 17 0
1 17 0
1 17 0
1 17 0
1 17 0
1 17 0
1 17 0
1 17 0
1 17 0
1 17 0
1 17 0
2 11 26
1 16 0
2 14 0
1 16 0
1 16 0
1 16 0
1 16 0
1 16 0
1 16 0
1 16 0
1 16 0
1 16 0
1 16 0
1 16 0
1 16 0
1 16 0
1 16 0
1 16 0
1 16 0
1 16 0
1 16 0
1 16 0
1 16 0
1 16 0
1 16 0
1 16 0
1 16 0
0 17 0
0 36 0
0 11 0
0 22 0
0 28 0
0 42 0
15
1 50 50
2 50 50
1 50 50
1 50 50
1 50 50
1 50 50
2 50 50
0 50 50
1 50 50
0 50 50
1 50 50
2 50 50
2 50 50
2 50 50
0 50 50
65
2 50 0
1 50 0
2 50 0
2 50 0
2 50 0
1 50 0
2 50 0
0 50 0
2 50 0
1 50 0
2 50 0
2 50 0
1 50 0
2 50 0
2 50 0
0 50 0
0 50 0
0 50 0
2 50 0
2 50 0
2 50 0
2 50 0
1 50 0
0 50 0
1 50 0
2 50 0
2 50 0
0 50 0
1 50 0
0 50 0
2 50 0
2 50 0
2 50 0
0 50 0
2 50 0
0 50 0
2 50 0
2 50 0
0 50 0
0 50 0
2 50 0
0 50 0
1 50 0
2 50 0
2 50 0
1 50 0
2 50 0
2 50 0
2 50 0
0 50 0
2 50 0
1 50 0
1 50 0
2 50 0
1 50 0
0 50 0
0 50 0
1 50 0
1 50 0
2 50 0
2 50 0
1 50 0
2 50 0
0 50 0
0 50 0
1
2 24 3
65
1 19 0
2 15 0
1 19 0
2 3 3
2 8 0
1 13 0
1 13 0
2 3 3
1 4 0
2 3 0
1 4 0
2 38 3
1 25 0
2 19 0
1 25 0
2 34 3
1 27 0
2 24 0
1 27 0
2 29 3
1 19 0
2 12 0
1 19 0
2 47 3
2 22 0
1 23 0
1 23 0
2 16 3
2 13 0
1 15 0
1 15 0
2 28 3
2 20 0
1 29 0
1 29 0
2 45 3
1 14 0
2 13 0
1 14 0
2 6 3
2 13 0
1 16 0
1 16 0
2 41 3
1 19 0
2 17 0
1 19 0
2 3 3
2 19 0
1 24 0
1 24 0
2 26 3
2 18 0
1 25 0
1 25 0
2 39 3
2 31 0
1 42 0
1 42 0
0 25 0
0 35 0
0 39 0
0 13 0
0 36 0
0 33 0
1
2 38 8
73
2 14 0
1 24 0
1 24 0
1 24 0
1 24 0
1 24 0
1 24 0
1 24 0
2 0 8
1 15 0
2 9 0
1 15 0
1 15 0
1 15 0
1 15 0
1 15 0
1 15 0
2 35 8
2 20 0
1 28 0
1 28 0
1 28 0
1 28 0
1 28 0
1 28 0
1 28 0
2 11 8
1 15 0
2 13 0
1 15 0
1 15 0
1 15 0
1 15 0
1 15 0
1 15 0
2 0 8
1 18 0
2 16 0
1 18 0
1 18 0
1 18 0
1 18 0
1 18 0
1 18 0
2 17 8
2 18 0
1 20 0
1 20 0
1 20 0
1 20 0
1 20 0
1 20 0
1 20 0
2 15 8
1 20 0
2 15 0
1 20 0
1 20 0
1 20 0
1 20 0
1 20 0
1 20 0
0 42 0
0 17 0
0 41 0
0 19 0
0 31 0
0 25 0
0 26 0
0 18 0
0 19 0
0 18 0
0 27 0
1
2 45 23
77
2 3 0
1 6 0
1 6 0
1 6 0
1 6 0
1 6 0
1 6 0
1 6 0
1 6 0
1 6 0
1 6 0
1 6 0
1 6 0
1 6 0
1 6 0
1 6 0
1 6 0
1 6 0
1 6 0
1 6 0
1 6 0
1 6 0
1 6 0
2 17 23
2 17 0
1 21 0
1 21 0
1 21 0
1 21 0
1 21 0
1 21 0
1 21 0
1 21 0
1 21 0
1 21 0
1 21 0
1 21 0
1 21 0
1 21 0
1 21 0
1 21 0
1 21 0
1 21 0
1 21 0
1 21 0
1 21 0
1 21 0
2 29 23
1 28 0
2 22 0
1 28 0
1 28 0
1 28 0
1 28 0
1 28 0
1 28 0
1 28 0
1 28 0
1 28 0
1 28 0
1 28 0
1 28 0
1 28 0
1 28 0
1 28 0
1 28 0
1 28 0
1 28 0
1 28 0
1 28 0
1 28 0
0 13 0
0 39 0
0 12 0
0 19 0
0 14 0
0 36 0
1
2 30 25
79
2 3 0
1 4 0
1 4 0
1 4 0
1 4 0
1 4 0
1 4 0
1 4 0
1 4 0
1 4 0
1 4 0
1 4 0
1 4 0
1 4 0
1 4 0
1 4 0
1 4 0
1 4 0
1 4 0
1 4 0
1 4 0
1 4 0
1 4 0
1 4 0
1 4 0
2 40 25
2 9 0
1 10 0
1 10 0
1 10 0
1 10 0
1 10 0
1 10 0
1 10 0
1 10 0
1 10 0
1 10 0
1 10 0
1 10 0
1 10 0
1 10 0
1 10 0
1 10 0
1 10 0
1 10 0
1 10 0
1 10 0
1 10 0
1 10 0
1 10 0
1 10 0
2 49 25
1 5 0
2 3 0
1 5 0
1 5 0
1 5 0
1 5 0
1 5 0
1 5 0
1 5 0
1 5 0
1 5 0
1 5 0
1 5 0
1 5 0
1 5 0
1 5 0
1 5 0
1 5 0
1 5 0
1 5 0
1 5 0
1 5 0
1 5 0
1 5 0
1 5 0
0 25 0
0 46 0
