100
5
56 15 74 15 15
5
24 24 53 24 8
5
2 2 13 2 2
5
98 98 9 64 64
5
100 100 100 100 100
5
28 92 65 92 92
5
59 81 100 88 59
5
73 61 61 61 73
5
70 67 85 85 82
5
25 85 25 75 65
5
9 32 100 100 9
5
45 34 83 45 28
5
1 1 35 49 49
5
16 32 32 84 32
5
89 34 39 87 34
5
8 63 8 8 8
5
42 42 42 42 42
5
12 42 42 42 42
5
31 20 63 60 3
5
12 53 44 53 98
5
66 66 45 66 66
5
17 74 17 74 23
5
49 26 49 49 49
5
79 79 79 79 79
5
47 64 91 64 62
5
39 24 52 10 20
5
7 8 8 8 8
5
97 4 97 88 76
5
29 29 29 77 29
5
34 56 56 59 40
5
86 86 72 94 39
5
18 18 46 46 18
5
51 51 51 51 24
5
20 31 42 31 66
5
53 53 53 39 50
5
95 47 9 95 95
5
87 87 87 87 87
5
16 16 26 26 26
5
89 22 100 50 80
5
92 48 52 99 88
5
72 72 63 72 72
5
13 92 61 13 13
5
96 11 8 48 96
5
48 48 88 88 88
5
77 77 57 83 79
5
16 16 16 16 27
5
81 81 81 16 16
5
70 58 58 91 58
5
6 66 37 6 22
5
30 80 46 30 30
5
36 36 36 36 36
5
23 23 52 59 52
5
61 61 61 61 61
5
27 22 15 36 81
5
95 34 95 34 38
5
83 83 66 53 66
5
23 7 23 99 23
5
66 66 30 64 100
5
89 67 67 89 89
5
6 23 23 23 6
5
51 12 53 12 11
5
99 73 81 99 79
5
38 59 49 55 52
5
4 39 94 15 62
5
54 79 79 54 8
5
49 49 49 49 59
5
1 1 1 1 1
5
49 48 42 42 48
5
2 2 2 2 80
5
48 48 48 48 12
5
36 28 51 51 51
5
34 89 31 61 34
5
32 44 12 32 96
5
13 57 90 40 52
5
82 90 27 82 30
5
46 92 92 46 92
5
48 48 48 48 48
5
38 38 38 30 9
5
65 77 39 30 65
5
47 47 47 49 49
5
66 66 38 57 66
5
22 22 22 22 22
5
6 67 15 40 65
5
76 14 16 68 48
5
91 91 35 45 35
5
3 60 41 48 3
5
31 47 73 47 10
5
82 82 32 82 71
5
87 67 44 12 89
5
81 3 34 34 81
5
6 22 19 3 69
5
12 26 61 40 40
5
52 39 96 73 70
5
83 83 83 83 83
5
25 33 46 17 25
5
35 35 35 35 35
5
10 19 76 9 9
5
51 51 51 51 51
5
30 74 74 74 30
5
42 42 43 43 42
