100
2
1 1
2
1000000000 1000000000
9
1 1 1 1 1 1 1 1 1
9
1000000000 1000000000 1000000000 1000000000 1000000000 1000000000 1000000000 1000000000 1000000000
9
53 28 53 22 46 95 45 9 34
9
999999983 999999932 999999948 999999918 999999946 999999997 999999971 999999977 999999972
9
74 31 35 8 999999930 999999912 999999903 999999948 999999943
3
196596560 448654894 963049407
7
816752605 269590629 56942697 374484921 852413246 518136335 387258523
9
261779028 181582339 519540718 393397880 559670381 576620496 428249689 868552757 895477009
3
296772456 765784486 405194579
7
816881578 488488782 266675896 572140975 603724304 925220830 905439596
8
179154428 666637680 943714941 105882261 67195532 143335078 289609240 25946877
7
902748601 266906097 740394794 458495444 510811495 86074222 277997817
8
559857376 302726374 750732997 642776017 191186752 432041311 91268298 606834991
7
674060666 292372891 550433583 849101778 26738408 58186242 263028191
9
925861905 126097674 130377721 720162026 720151862 729008689 669874652 859787244 135678921
3
720347717 306513975 488038615
2
917049987 168653669
5
571789748 614505841 196947764 544120981 645274234
5
988070229 937072366 292017351 672507377 417380371
6
69152982 448390094 680506684 815717177 324152969 892775171
6
648783446 145827287 661247879 670926112 151280890 612839156
7
775524125 501128086 33606353 718659853 780284036 313992125 647879850
4
359708904 293108711 466647796 82985972
5
905200869 222381159 678879314 780120338 110402190
7
224321341 716672407 88817898 549862607 568811252 860119955 561536464
4
511803954 999351344 779828757 287105120
4
451057238 368055857 684760645 490098846
9
271193465 91182608 671086469 842659294 740167138 513085847 431084381 389274757 885995348
8
205918009 117660452 914737603 703694188 250166685 216687009 216041275 314130353
4
149912549 927846386 347043928 56950076
8
974628929 409163371 805556449 25338572 48106262 533752786 412583968 324825759
8
305929110 765789489 482195736 246607130 277719900 69520413 78233697 966059929
7
414468035 336057876 105543140 431091999 514415372 736610204 275888117
8
469192922 211989084 558306181 604569015 295110692 116570133 165967111 942857693
2
194611035 411289784
8
355052506 873352444 954919199 554389874 166560140 849245154 752429951 520909525
7
186224640 566029600 944133091 861816681 545517867 737237627 312864194
5
873624861 541734264 720199940 739247092 101393225
4
198404689 864593086 309751211 464162746
3
821280489 279318118 782145221
7
344729015 80615365 196026610 546433873 322516407 324701481 172320174
9
528762951 577856664 366278319 894715687 839190678 908764619 168090037 167818621 210509187
9
400116914 571740139 736614415 563776232 375780957 345197785 484878287 407148090 34036186
2
115071283 960153317
6
390604053 183547680 771812782 867400327 73986924 902303300
4
680588235 729985050 662238958 581331038
7
559236442 456626084 175549089 647258612 708187609 405466497 902969805
2
279438054 457651162
6
361447943 992039297 260145945 53915210 503498649 667647164
8
564577921 329957739 756567869 500109049 912605237 238835119 427738645 864623362
5
958313838 110945411 116576452 280562036 221225848
9
839258328 552107 15907642 696334651 302082500 656695808 560133968 902846506 981880896
2
390031010 156826136
8
148861659 913257062 686348831 14974685 848793843 629555916 246964165 426564688
5
570490939 736161716 328681698 493600874 868100804
8
643415384 627399426 618178127 349116882 261030538 967801088 555006510 475820276
4
212798467 774176247 232355258 110839778
4
90939821 638317954 724089056 755606044
8
458564083 499042692 8610016 50029020 438574198 217454901 117100296 664305637
4
449804215 188612090 376435322 625510210
2
756461896 198409459
8
405889024 33572576 66875607 867844998 490962650 363151118 928228017 552021595
8
494909767 738404733 186993023 374517879 699628797 867659867 525759993 104076415
2
451490309 163593665
7
776043728 665339276 817091039 599444009 72263613 630968321 284978403
2
883645161 339232468
6
154990418 956466713 50502013 170375578 348880921 875499214
2
954764774 242099736
5
901428280 300720971 917896489 469759624 194693479
3
32118292 474183631 448796519
9
467152821 834060322 178154514 861074495 694113781 483016006 624176140 642124256 229040489
8
133197462 392677381 942574838 30580370 235360097 318047326 704414704 583212605
2
826489899 289362136
8
552612493 365390244 186027141 315364112 773693478 896871376 377773885 600387561
6
887753492 974040055 260728702 102092387 955070422 451763023
2
204878529 375973223
7
238396020 346648911 619316720 252421482 392328621 341126181 571262806
2
936992277 481323427
8
139995865 875868629 538774780 452623174 74557590 180405305 470633259 964010209
4
385305816 466836400 584105396 132486237
4
151841061 186801965 578665524 69339126
7
481169174 590876207 593641661 761581479 378113931 131206558 559548489
5
891686707 286989933 704720071 144744325 487960106
8
221800658 970913872 946933582 270765652 95391528 41433004 709197509 863920047
3
118793707 607156352 337105855
7
101367929 389004371 194269914 665382429 403581541 443557975 840935405
3
50391075 735215576 504029041
7
374618311 948216206 864796736 933464255 7686675 410668168 627669138
4
860453002 976395638 10063604 941080691
9
643590868 444527248 862551778 842965732 783745984 179659190 630092483 655346874 949376969
6
351369528 522520202 464706695 907084161 368199347 453329356
6
784276642 216880377 316448143 222549233 816375347 416021601
3
980918524 241557453 712879984
5
304693835 23930197 646239942 859138554 610861400
5
693832184 232112812 281651863 38608667 150958313
3
140085147 320620655 436719809
7
304694795 573780434 974098487 775227265 438480546 940010962 980334072
5
743370319 253577383 177445200 623265558 752435058
