Case #1: 5
6 2
4 3
3 7
2 16
1 53
Case #2: 1
1 16
Case #3: 2
2 1
1 12
Case #4: 1
2 4
Case #5: 1
1 128
Case #6: 1
1 224
Case #7: 1
1 32
Case #8: 6
6 1
5 3
4 2
3 4
2 16
1 117
Case #9: 4
5 3
3 4
2 17
1 121
Case #10: 3
3 1
2 6
1 23
Case #11: 2
2 14
1 104
Case #12: 3
3 2
2 13
1 150
Case #13: 3
4 1
2 4
1 64
Case #14: 3
3 4
2 6
1 84
Case #15: 3
3 1
2 5
1 83
Case #16: 3
4 1
2 7
1 52
Case #17: 2
2 2
1 40
Case #18: 6
7 1
5 2
4 2
3 4
2 15
1 157
Case #19: 3
3 2
2 11
1 98
Case #20: 4
5 1
3 2
2 12
1 149
Case #21: 4
4 1
3 2
2 12
1 86
Case #22: 2
2 5
1 36
Case #23: 2
2 11
1 76
Case #24: 2
2 7
1 20
Case #25: 2
2 1
1 32
Case #26: 1
1 24
Case #27: 2
2 4
1 56
Case #28: 4
4 1
3 6
2 6
1 74
Case #29: 3
3 2
2 6
1 42
Case #30: 3
4 1
2 5
1 44
Case #31: 2
2 1
1 20
Case #32: 5
6 1
4 3
3 5
2 5
1 75
Case #33: 2
2 1
1 36
Case #34: 1
1 48
Case #35: 2
2 3
1 48
Case #36: 3
3 3
2 9
1 105
Case #37: 4
5 1
3 3
2 19
1 136
Case #38: 3
3 2
2 16
1 142
Case #39: 3
3 2
2 20
1 154
Case #40: 4
4 1
3 4
2 11
1 128
Case #41: 4
4 1
3 3
2 10
1 85
Case #42: 5
5 1
4 4
3 5
2 8
1 186
Case #43: 2
2 9
1 68
Case #44: 2
2 11
1 116
Case #45: 3
3 1
2 3
1 39
Case #46: 2
2 1
1 8
Case #47: 5
7 2
4 2
3 3
2 18
1 191
Case #48: 3
3 1
2 4
1 15
Case #49: 2
2 2
1 16
Case #50: 4
4 1
3 2
2 11
1 138
Case #51: 3
3 3
2 6
1 89
Case #52: 5
5 1
4 3
3 5
2 8
1 130
Case #53: 1
1 8
Case #54: 2
2 1
1 20
Case #55: 1
1 24
Case #56: 3
4 1
2 4
1 32
Case #57: 4
4 2
3 2
2 7
1 54
Case #58: 4
4 1
3 3
2 8
1 33
Case #59: 2
2 4
1 44
Case #60: 7
7 1
6 1
5 1
4 3
3 7
2 11
1 127
Case #61: 2
2 2
1 56
Case #62: 2
2 3
1 20
Case #63: 2
2 5
1 76
Case #64: 5
6 1
4 1
3 1
2 21
1 219
Case #65: 5
5 1
4 1
3 5
2 8
1 146
Case #66: 4
4 1
3 4
2 7
1 80
Case #67: 2
2 3
1 52
Case #68: 2
2 3
1 16
Case #69: 4
5 2
3 2
2 9
1 136
Case #70: 4
4 1
3 1
2 11
1 147
Case #71: 2
2 1
1 20
Case #72: 3
3 1
2 7
1 103
Case #73: 1
1 4
Case #74: 5
5 1
4 2
3 1
2 16
1 182
Case #75: 1
1 24
Case #76: 2
2 6
1 16
Case #77: 4
5 1
3 2
2 10
1 77
Case #78: 2
2 2
1 16
Case #79: 5
6 1
5 1
3 4
2 8
1 51
Case #80: 5
5 1
4 2
3 4
2 18
1 155
Case #81: 2
2 14
1 200
Case #82: 2
2 13
1 108
Case #83: 4
5 1
3 1
2 7
1 58
Case #84: 6
8 1
6 1
5 1
3 3
2 11
1 104
Case #85: 2
2 4
1 24
Case #86: 6
6 1
5 1
4 1
3 1
2 11
1 130
Case #87: 3
3 3
2 9
1 133
Case #88: 2
2 4
1 16
Case #89: 5
5 1
4 1
3 2
2 14
1 193
Case #90: 3
3 1
2 7
1 71
Case #91: 2
2 3
1 28
Case #92: 2
2 3
1 16
Case #93: 6
6 1
5 2
4 1
3 1
2 11
1 105
Case #94: 3
3 1
2 8
1 119
Case #95: 1
1 24
Case #96: 2
2 2
1 32
Case #97: 3
3 2
2 4
1 62
Case #98: 7
14 1
13 1
9 1
4 2
3 2
2 31
1 404
Case #99: 4
12 1
3 3
2 57
1 625
Case #100: 9
17 1
9 1
7 2
6 3
5 3
4 9
3 3
2 23
1 110
