100
808414811895036975220679246057291733461300294658019892639919967222380
36515768704348717844393723346005311
954655548804651917806497684291918835396110760462319055132287037
333604292581
2575214084844695663521519597340833547738396121838665286
9090909090909090909090909090909090909090909090909090909090909090909090909090909090909090909090909090
442430181793
0540339255938358113907155303345679865
1148988799813661516515
00147953249514113042526767961744468407342197295
1
86975355438204870
46339284897436979729194819171190135856860078039528879847066289602256543231913528412
86738988787545968811987997622636286031756111445609802022191
64465490454949
6
23733453723521775642125981178199713454167811517068791072492659935907845745
73502661579282155134647289702780486104877055388444193995757973693009162489377
706076932461587695388058321964552295449630638854009834460367
34069705123145567545441695270770531591803905
34533980
43601595700679708319038079854865246246782927154
10716661848948684801127721053491800819025
8832894961727352234565055597759337827285641535905708558603049991651
4999698919892939395989894929497929597999996969198949999979994969895969694949293949797989895939694959
2635245852143625499683394121308910905241887423790250427476
2602338544442985700376880624638928626098787960720117560
49891131477106530264255732022
861131998992792921831767529356618657665712396340
965431406272347483995239988212863236
08995909
019151515950057805387278789951502058472557568769827287606187835112992013011279418400615847220
905420860
73766931242261316520005277232092422869354176044
72662595311711
957421466312051515462506718639923188791888
413844835077995623455960448195385887703254933020
8450906893179975068433966381818694935807045561681225411386878034800262
156229943393105565543307873115571358772101574289953
454978789599123224931860178220345384906
9999999999999999999999999999999999999999999999999999999999999999999999999999999999999999999999999999
30294466764656963908610477245508906153267694620067459665564178027908
220510651506343665267037429960897701153842982840687164753769069
58270180886061752592617454588170785628360747672251093042590707366969884586778880670776
5462112587848003456928462190346517529594613264563438272006236041856520058337749271688
8148945067029642183323977044041971135833652083972864876483656479849387
532131999657978006772542840
303519493175
10897196633380850229850828569061704724
717140748548126540952
281492345190
09382360329783249511649255107544320154203507
4243572181082499931
18520542710452153061442844483722418849314323016771074421
6793354495670028878977730062261345518003048406596503289
67287457397519458
51928585390
74248226217835908223952574099676
4805382820784960855190665104628186455200829126243713458786814952846956113148066981324541830460763
018219333630096618408445833796810839456420431129220716290583825108756
77248299965004121338826521582205831997388343449826625461893
254917763750242877880103329172682442396625728380831887491036047400369055740308
115337641741303785706243984046245677845178748226129494927648801685758777698951146434354046665875507
953288421311224190028881096434916471200928168207946887279440658540
049390810
6050207030206090805010301070302060203030701020109070207060108020603030701030707020604020409050707080
2548823512579834523751667755154932902263028698550664316618391287118286481469768503615
88
575713853751
2813592395644586237990778718
86876160319255101449550443746730082419100027270103440372982468172646431855379973674391737968
6686914760415610364733792550089192110900432885908108682219880614015360595827930296974387
589792612238569448114813787377702902971986689490103853342330319058382886773369
621912814006427722339264435551600936571533
775387978355676923448400981362427804850487318986602064437111954076409938877424
18779557943745600786607143986002127663186575866187152077420586080512481835570295579373
927584732338307660502978780412205081155301242028423540758439937688904942035328518302258182687768
709994
945789608
289763026530684222254318001924365714802607822430688141962486776594
2
5568677993799772236319
89006331661807166804766435965069044253045483515277567741511883259671425005956921756021
53125422097732930993101392159017305004556740234089326157791930762656462428440176435609430964484
0730942888042191050046040207008134333945650241605833725956208346427454476131368828
181
52844538824991684175402206887593766903878322282874373202325471016116143575780992960
43077556226744204694927537044839213200844556865811328018153023874507295283566589223499700
77010465721199843715767644179000979729483649353858348208663679568219891013572373199524121220976
5670095936111889616526777478989493439513505155190324935374270834507772225016
6552409011052839203802059133482404199586412313222701313798405333415670546141878235
658284746299774399015437570378073799758567161922415290363135683324653921178056652220420699042565
012345678987654321012345678987654321012345678987654321012345678987654321012345678987654321
7622576173480077355222462162069061333823
435894803302
8707906006354581665014957387114117592140501575291368893684928740748856399551
628682002864938225762367175272451
345220264412069209487250802557782678176334425270332917636204
47774669692487937999630750248199373256283927063479495423773071002254130396
542535173421384554551342596082401939933265373144356200589780972872906414122021782796006954753837
