99
3 2
1 1
10 3
1 3 2
6 2
3 1
9 8
1 1 1 1 1 1 1 1
13 5
3 4 3 1 1
8 1
1
19 2
7 1
22 12
2 2 1 2 1 2 1 1 2 1 3 1
6 1
5
11 6
1 3 1 1 1 1
16 3
4 5 1
12 11
1 1 1 1 1 1 1 1 1 1 1
12 8
1 1 1 1 1 1 1 1
12 6
1 1 1 1 5 1
23 6
2 6 3 1 4 5
18 6
1 1 2 1 2 4
15 13
1 1 1 1 1 1 1 1 1 2 1 1 1
22 16
2 1 1 1 1 1 2 1 2 1 1 1 1 1 1 1
22 2
1 1
6 5
1 1 1 1 1
22 11
1 3 1 2 1 1 1 2 1 1 1
15 13
1 1 1 1 1 1 1 1 1 1 1 1 1
21 8
1 1 5 1 5 1 1 1
8 1
4
11 9
1 1 1 1 1 1 2 1 1
21 7
1 3 2 5 1 2 2
24 7
1 1 1 1 1 2 1
24 17
1 1 1 1 1 1 1 1 1 1 1 2 2 1 1 1 1
9 7
1 1 1 1 1 1 1
25 1
1
6 1
4
18 1
9
24 7
1 1 3 4 1 7 1
17 11
1 1 1 1 1 1 1 1 1 1 1
18 2
8 1
15 5
4 3 1 3 1
6 3
1 1 3
14 1
10
22 18
1 1 1 1 1 1 1 1 1 1 1 1 1 1 1 1 1 1
22 7
1 1 5 1 3 1 1
23 3
20 1 1
16 4
1 1 11 1
9 3
1 1 1
18 11
1 2 1 2 1 1 1 1 1 1 4
6 2
2 2
19 10
1 2 1 3 1 1 1 1 1 1
23 6
1 5 7 1 1 3
8 1
5
13 5
1 1 1 1 1
8 5
1 2 1 1 2
15 7
1 1 1 1 2 1 1
6 4
1 1 1 1
7 5
1 1 2 1 1
25 1
24
7 3
1 1 1
15 4
1 2 1 1
22 17
1 1 1 1 4 1 1 1 1 1 1 1 2 1 1 1 1
6 1
1
8 1
7
19 17
1 1 1 1 1 1 1 1 1 1 1 1 1 1 1 1 1
23 16
1 1 1 1 2 1 1 1 1 1 1 1 1 1 1 1
11 10
1 1 1 1 1 1 1 1 1 1
2 1
1
25 12
2 2 4 3 2 1 2 1 1 2 3 1
15 8
4 1 2 2 1 2 1 1
6 3
1 2 1
19 18
1 1 1 1 1 1 1 1 1 1 1 1 1 1 1 1 1 1
11 4
2 1 1 1
22 4
10 1 1 1
23 21
1 1 1 1 1 1 1 1 1 1 1 1 1 1 1 1 1 1 1 1 1
6 4
1 1 2 1
18 1
4
13 1
11
6 1
3
13 1
6
23 11
2 2 3 2 2 4 1 1 3 1 1
19 10
4 1 2 1 1 1 1 1 1 1
15 5
2 1 3 3 3
6 3
2 1 2
6 2
2 1
19 13
2 1 1 1 1 1 3 1 1 1 1 1 2
6 2
1 1
6 2
3 2
8 4
1 3 1 1
12 5
2 1 2 1 1
23 22
1 1 1 1 1 1 1 1 1 1 1 1 1 1 1 1 1 1 1 1 1 1
6 3
1 1 1
25 24
1 1 1 1 1 1 1 1 1 1 1 1 1 1 1 1 1 1 1 1 1 1 1 1
9 3
1 2 2
12 5
1 1 3 2 2
22 15
1 1 1 1 1 1 1 1 1 1 1 1 1 2 1
24 1
18
18 6
2 1 2 4 1 2
11 1
10
14 4
1 5 1 1
6 1
2
22 14
1 1 1 1 1 1 4 1 1 1 1 1 1 1
6 2
1 4
21 7
3 3 5 1 2 2 1
