20
46 100
22 44 9
15 27 12
14 16 67
30 43 19
29 42 86
4 46 17
9 11 27
39 44 67
6 31 79
12 32 98
6 25 3
2 6 8
30 42 61
10 31 47
35 38 65
17 37 82
24 30 54
5 22 49
10 18 83
6 36 62
17 18 65
3 45 69
22 39 69
18 30 43
15 18 66
15 22 57
23 35 4
3 16 40
11 18 94
6 27 7
18 27 81
8 45 73
9 41 27
8 40 36
7 15 68
20 25 11
26 34 50
41 45 20
1 2 8
11 26 97
26 38 80
2 14 51
17 45 10
18 35 8
4 30 81
39 46 16
15 34 41
9 35 12
20 31 46
30 41 61
9 46 60
29 39 83
24 25 40
33 44 54
9 25 16
9 37 44
38 44 6
10 33 84
8 23 53
4 34 2
12 19 35
25 36 61
19 46 43
6 34 7
21 24 81
5 39 54
1 3 34
41 45 5
17 38 53
5 29 99
20 34 58
24 25 52
31 45 71
15 41 33
27 30 72
27 35 54
37 44 5
6 12 8
14 31 76
19 37 28
27 29 1
26 38 56
42 43 54
33 37 24
19 29 42
25 30 81
14 21 79
25 26 82
20 37 65
12 46 76
37 44 58
12 19 89
21 26 15
4 41 99
11 26 77
9 28 57
38 43 43
10 20 74
34 46 37
16 40 8
6 2
1 3 2
4 6 1
54 1
25 46 81
2 100
1 2 21
1 2 80
1 2 30
1 2 25
1 2 22
1 2 7
1 2 53
1 2 26
1 2 16
1 2 16
1 2 69
1 2 85
1 2 17
1 2 61
1 2 99
1 2 7
1 2 15
1 2 13
1 2 49
1 2 53
1 2 61
1 2 17
1 2 71
1 2 85
1 2 14
1 2 81
1 2 15
1 2 7
1 2 6
1 2 43
1 2 18
1 2 84
1 2 67
1 2 13
1 2 47
1 2 32
1 2 32
1 2 49
1 2 36
1 2 46
1 2 23
1 2 20
1 2 58
1 2 52
1 2 83
1 2 32
1 2 96
1 2 74
1 2 28
1 2 23
1 2 10
1 2 64
1 2 9
1 2 31
1 2 51
1 2 61
1 2 2
1 2 38
1 2 47
1 2 23
1 2 95
1 2 24
1 2 67
1 2 64
1 2 89
1 2 5
1 2 62
1 2 41
1 2 9
1 2 21
1 2 100
1 2 49
1 2 62
1 2 70
1 2 88
1 2 48
1 2 32
1 2 30
1 2 95
1 2 16
1 2 71
1 2 27
1 2 3
1 2 14
1 2 96
1 2 58
1 2 7
1 2 8
1 2 50
1 2 90
1 2 45
1 2 2
1 2 86
1 2 33
1 2 53
1 2 76
1 2 71
1 2 20
1 2 60
1 2 53
100 100
31 94 53
9 81 60
5 52 92
6 87 88
42 99 43
4 85 36
13 55 54
38 85 39
5 74 13
15 96 6
39 90 54
50 91 82
35 74 28
26 90 96
14 63 61
15 63 83
16 77 75
20 75 62
23 95 13
7 74 96
48 52 18
40 70 41
30 62 16
2 53 58
8 76 29
10 99 13
22 78 70
1 71 91
13 89 3
14 56 53
32 57 5
39 60 20
9 87 23
13 96 40
50 83 28
28 91 5
24 68 46
8 77 38
7 88 11
7 73 95
46 95 44
24 78 7
7 85 11
27 85 25
49 76 56
45 82 4
41 81 24
38 91 71
7 63 73
38 53 73
2 81 12
30 90 46
14 59 97
22 86 7
11 73 62
30 76 30
25 86 38
45 75 25
48 69 21
12 61 24
3 76 33
38 65 40
20 86 22
1 57 35
17 91 96
49 94 66
6 66 11
39 87 72
2 79 71
44 53 42
23 62 17
3 100 27
41 52 81
32 80 87
16 98 22
11 86 19
19 90 24
9 87 58
31 96 74
45 73 39
30 84 98
16 92 65
41 96 22
42 97 63
49 88 48
46 88 91
32 73 87
18 94 61
28 88 77
12 75 53
20 59 46
27 84 68
37 93 33
13 93 51
32 57 99
6 57 8
25 76 75
5 69 7
44 80 93
23 53 76
11 50
7 11 100
4 6 97
5 8 26
7 11 20
2 7 45
9 11 93
1 8 60
2 5 61
8 10 61
4 7 4
8 11 58
7 11 63
7 8 98
4 5 64
6 11 32
4 9 13
3 11 69
3 5 16
8 9 42
6 11 33
4 5 89
3 9 99
4 5 44
2 8 5
1 2 96
5 7 43
1 9 42
5 8 66
2 11 88
3 4 54
2 6 16
3 4 88
2 4 41
6 8 70
2 7 72
3 4 74
7 10 82
1 5 60
1 11 44
3 8 83
5 11 81
6 11 17
4 8 6
6 7 67
2 10 63
6 7 81
2 7 41
3 4 57
3 5 65
1 10 37
67 83
23 59 17
11 15 93
22 67 96
41 48 93
14 51 32
28 37 97
38 66 80
12 59 62
8 40 63
5 41 13
7 56 66
33 50 17
18 45 96
25 61 12
29 60 20
2 64 27
1 10 52
32 41 99
51 60 70
21 38 6
5 50 49
20 30 3
20 51 73
10 37 29
8 29 39
11 25 82
18 41 19
25 41 74
43 58 10
55 56 32
11 64 56
23 64 14
16 25 64
12 37 10
23 40 37
36 45 50
25 65 31
38 45 52
5 57 12
30 67 12
39 54 17
7 21 57
49 57 57
4 39 20
9 48 81
3 26 15
35 49 100
27 48 64
1 42 82
15 16 31
17 33 96
24 31 15
22 42 88
11 46 65
36 64 34
20 45 80
31 42 49
56 63 51
12 57 100
30 62 66
12 22 24
11 14 38
34 44 97
9 67 2
40 43 28
43 65 2
10 49 84
8 11 58
6 36 29
18 62 46
36 53 14
11 42 27
2 52 48
13 45 34
26 61 80
18 20 69
6 10 24
48 53 36
50 66 99
29 58 79
39 51 48
43 51 1
26 30 52
15 67
10 14 50
4 9 32
12 15 27
3 9 48
3 10 9
7 15 63
4 8 89
4 7 97
3 12 5
7 14 93
1 11 83
1 6 65
6 15 24
1 13 67
10 15 3
2 8 82
6 15 35
4 10 91
2 13 36
8 15 30
2 10 48
1 15 2
1 13 85
9 11 61
7 13 54
10 13 75
3 10 97
1 11 74
2 10 14
7 8 70
5 9 62
2 6 79
14 15 84
2 3 63
2 6 90
3 12 51
9 13 26
4 11 35
12 13 78
2 12 68
2 12 89
3 12 69
2 10 44
2 13 49
1 5 60
13 15 36
2 7 99
4 14 46
1 7 16
10 11 15
3 11 21
6 8 96
5 12 13
7 8 52
9 11 46
11 15 72
3 12 27
5 14 81
9 12 54
6 14 10
2 11 20
7 8 46
1 8 44
11 14 8
3 11 53
5 14 19
10 14 30
6 2
1 3 1
3 6 1
75 42
12 16 51
9 56 86
18 31 9
57 60 97
20 73 2
11 68 95
18 68 68
33 53 49
15 58 89
9 75 77
64 72 93
36 41 83
41 68 48
63 65 33
22 47 14
17 62 95
11 42 65
5 47 61
13 19 44
7 24 72
14 51 3
59 67 35
36 48 65
21 60 62
5 8 14
10 20 68
21 63 29
23 29 55
37 74 99
41 46 53
20 56 67
25 29 96
6 34 92
10 54 67
42 60 51
23 46 56
15 58 100
16 49 44
17 69 30
20 72 39
33 50 47
13 56 4
60 25
4 43 90
31 42 74
41 43 98
15 21 90
18 23 51
4 29 89
3 51 100
7 51 46
4 39 72
9 32 97
12 26 76
45 59 30
36 39 65
8 29 53
17 51 56
14 37 74
28 60 12
31 42 48
36 60 33
32 44 34
24 34 53
20 44 94
44 49 39
27 55 51
48 58 29
53 58
30 48 50
16 43 58
11 22 56
9 16 20
2 26 60
4 18 71
14 27 97
4 15 75
18 27 17
32 37 72
9 16 79
20 25 77
32 44 6
8 38 64
7 31 86
21 34 14
20 37 14
27 51 30
24 48 78
6 31 10
41 47 64
22 50 12
7 51 26
9 52 82
6 8 56
6 28 6
12 21 97
21 34 85
28 44 62
5 24 21
12 17 51
20 23 57
23 40 84
17 43 5
7 19 54
26 46 86
7 38 29
8 53 57
3 14 13
23 50 59
1 28 98
26 40 98
15 23 1
8 50 44
21 51 17
3 25 79
4 20 88
12 48 88
11 48 77
15 34 90
2 8 29
2 53 99
15 31 42
14 39 7
6 50 66
1 5 99
10 11 65
14 29 75
85 91
48 71 41
20 68 46
49 63 77
6 67 26
3 82 29
80 84 56
10 80 32
17 79 47
1 40 38
41 54 95
20 26 1
69 83 4
25 36 41
11 42 76
24 31 74
20 65 71
4 52 97
34 61 88
15 40 2
35 77 29
59 75 17
29 54 35
19 21 8
26 36 12
42 76 37
36 61 77
63 85 30
12 77 98
11 77 12
16 77 14
13 42 71
26 35 29
33 64 82
26 32 87
27 74 84
2 27 98
52 59 16
11 28 35
44 48 54
35 47 85
50 77 38
31 33 38
20 47 70
10 16 87
5 60 57
39 65 74
19 27 6
21 35 80
9 24 26
15 56 11
12 44 58
17 58 53
50 78 7
11 82 97
33 66 98
21 83 70
37 49 74
6 32 13
5 32 22
42 57 62
45 58 69
18 77 4
45 84 41
14 28 74
6 49 91
21 72 10
35 38 34
52 68 86
57 75 5
58 85 27
26 60 69
64 77 93
18 80 60
5 80 24
62 72 72
3 52 18
17 78 58
5 39 7
21 84 64
2 20 61
64 82 35
43 73 10
78 85 49
13 27 86
51 70 55
26 85 51
47 77 34
48 51 72
18 30 45
78 84 6
16 24 54
10 2
1 7 2
6 9 1
58 75
32 37 2
3 48 89
17 44 37
13 23 89
7 31 73
21 46 30
18 45 26
8 55 75
33 47 23
3 46 63
5 17 30
11 29 35
35 42 100
12 29 74
13 15 7
13 19 9
11 45 28
9 22 67
42 55 97
13 30 80
19 26 21
47 58 11
8 26 86
25 42 31
24 26 78
15 55 10
32 49 11
4 31 82
12 32 61
12 39 38
1 39 85
14 18 8
25 45 84
29 47 33
13 35 3
18 54 84
37 47 84
42 51 25
46 54 93
3 20 69
24 58 5
8 15 39
1 14 19
7 14 13
22 28 49
22 37 45
14 15 12
47 54 63
6 8 26
14 22 99
1 12 11
15 42 93
5 34 70
11 27 50
35 40 45
5 13 40
20 31 78
15 19 67
13 55 14
42 49 63
16 22 90
14 30 33
4 32 83
14 43 93
25 40 26
30 48 16
22 49 97
17 40 29
29 34 98
38 58 33
2 45 24
4 7 30
14 37 59
26 33 83
1 33 3
100 100
66 85 94
41 92 94
15 56 26
10 61 19
26 75 34
65 99 23
2 79 5
42 89 69
25 40 43
76 81 46
10 63 69
18 38 86
68 85 88
79 88 98
15 35 39
67 68 94
22 73 19
41 57 67
60 99 9
50 93 43
73 78 78
24 98 52
28 79 64
15 89 74
15 69 46
13 25 14
35 50 99
67 79 66
61 98 34
78 86 80
14 20 43
15 93 80
47 90 16
41 46 91
53 60 45
5 9 86
64 68 57
60 79 100
62 77 37
1 49 55
33 93 33
34 48 24
67 91 56
57 97 7
15 62 69
9 99 44
9 64 26
2 49 91
42 76 29
33 58 16
35 44 72
85 90 55
11 91 79
60 70 55
12 99 1
24 87 52
12 40 64
20 24 59
50 73 73
23 82 77
13 18 48
30 85 36
5 21 60
9 46 20
27 100 52
74 89 71
17 24 88
1 97 23
7 42 35
15 76 18
45 49 80
11 22 7
4 97 38
18 94 39
60 89 51
3 30 44
55 79 34
72 92 38
40 50 53
33 84 21
12 52 74
36 58 25
73 82 4
15 81 2
71 98 70
19 92 88
18 85 82
33 60 64
2 86 23
53 96 46
79 82 61
21 79 96
38 40 47
59 75 73
8 9 85
52 96 10
38 92 29
27 78 8
13 50 3
60 96 19
23 34
11 21 81
8 18 62
1 15 86
13 17 87
16 20 1
17 23 24
10 19 48
5 22 68
1 8 62
10 13 31
2 16 73
10 20 23
6 9 54
2 13 65
7 11 14
9 19 59
16 18 89
6 7 5
13 18 37
8 16 100
2 10 51
4 10 12
17 21 68
6 17 63
13 16 68
5 6 86
1 12 96
9 16 16
1 16 58
17 20 78
9 20 31
10 14 15
4 10 29
8 11 33
69 9
22 23 69
6 43 44
19 63 5
18 41 3
2 55 83
25 50 12
32 48 73
15 30 68
23 58 13
63 17
24 33 30
6 61 49
45 48 44
43 49 44
5 37 69
40 53 74
8 9 11
11 19 27
39 61 96
9 46 87
52 63 56
14 34 10
31 32 12
24 58 32
10 54 92
9 38 54
19 26 15
100 100
57 86 64
51 56 31
30 37 100
57 100 100
78 100 78
58 93 76
60 97 9
90 93 86
57 94 56
55 98 70
55 97 99
19 26 88
3 13 18
11 31 47
7 37 88
20 24 87
17 18 42
72 73 68
73 97 16
28 47 92
3 7 90
69 71 48
60 86 47
78 88 85
57 68 98
17 28 82
89 98 97
7 11 91
58 91 100
14 29 34
65 76 56
57 60 25
10 38 53
20 25 72
62 80 32
1 27 64
70 96 82
92 99 88
69 91 51
55 79 55
26 27 96
16 23 46
75 89 45
28 45 50
4 33 8
33 34 13
73 74 93
12 46 18
59 66 31
63 88 48
1 49 11
9 47 25
3 33 43
7 14 67
19 46 86
20 35 44
25 43 94
17 46 54
76 92 32
66 75 34
5 11 46
13 47 73
97 100 91
24 48 31
88 99 49
54 95 40
31 48 84
3 31 26
77 94 59
16 42 55
53 76 50
25 35 31
3 20 93
88 96 52
43 46 21
9 20 73
72 93 14
51 90 25
17 25 31
17 38 80
65 90 21
57 90 55
88 97 96
18 23 100
74 79 51
79 83 40
60 61 22
61 79 54
53 75 46
1 29 85
40 42 96
24 48 55
61 80 35
53 89 5
6 29 96
98 100 17
18 20 80
8 50 74
27 37 54
5 34 11
