100
5 1011011 1011111 1010000 1011111 1011011
1 1111111
5 0000000 0000000 0000000 0000100 0000000
4 0001000 0010000 0011010 0011010
1 1110110
5 1010110 1010010 0110010 1110000 1100100
3 1011110 1011011 1011111
3 1011010 1011011 1011011
4 0011010 0110010 0111000 0101100
2 1100000 1001110
4 1010000 1011011 1011011 0010011
2 0110000 0011111
5 0010000 1011100 1011001 1011101 1010000
3 0111110 0111011 0111111
1 0110011
5 0010000 0011111 0011011 0010011 0011001
3 1110000 1011110 1011010
5 1101001 1101101 0100000 1101100 1101001
5 0010000 1011010 1011011 1011011 1010000
5 1101110 1100000 1001110 1001010 0100010
3 0100000 1100110 1100011
1 1011100
4 1010101 1010001 0110001 1110001
4 1111001 1101001 0110000 1111000
3 0101101 0110000 0111100
5 1111001 1101101 0110000 1111100 1111001
5 1011111 1010000 1011111 1011011 0010011
2 0110000 0011011
2 0110010 1111000
5 1110001 1100001 0110000 1110010 1110011
4 0111110 0111010 0111110 0110000
2 1100000 1001111
2 0110000 1111100
1 0110000
1 0110001
4 1010111 1010000 1010111 1010011
2 1111000 1111100
5 0110000 0111110 0111010 0111110 0110000
3 1001001 1001101 0000000
1 0110000
5 1001011 1001011 0100011 1101001 1101001
4 0110000 0111010 0111011 0111011
4 0011011 0011111 0010000 0011111
3 0101100 0110000 0111110
1 1011101
2 1101101 0100000
1 1000101
4 0100011 1101001 1101001 0100000
2 0101100 0110000
4 1011010 0010010 1011000 1001100
5 1011110 1011011 1011111 1010000 1011111
3 1100000 1001011 1001011
2 0110000 0010111
1 1110001
4 1101000 1101100 0100000 1101110
4 1101101 0110000 1111100 1111001
4 1000000 1001111 1001011 0000011
3 0110000 1111000 1111001
4 1110111 1110000 1010111 1010011
3 1101101 0100000 1101100
2 0110000 0111100
4 1111100 1111001 1111101 1110000
5 1111001 1111101 1110000 1011101 1011001
1 1110011
1 0100010
2 0011111 0010000
2 1001101 0010000
5 0100000 1101110 1101011 1101111 1100000
4 1101001 1101001 0100000 1101010
2 0110000 0011111
2 0110000 1111100
3 0010000 1011010 1011011
2 0011111 0011011
5 0110010 1111000 1101100 0110000 1111110
3 0110000 1110100 1110001
3 1110000 1011001 1011001
3 1011010 0110010 1111000
1 0011111
3 0101101 0100000 0101110
4 1011110 1011011 1011111 1010000
5 1110100 1110001 1110101 1110000 1010101
2 1010111 1010000
3 1011111 1011011 0110011
3 0110001 0100101 0110000
4 1101100 0100000 1101110 1101010
3 0110011 0110111 0110000
2 0110000 1111000
2 1101100 1101001
2 0100000 0101110
5 1100011 1100111 1100000 1000111 1000011
3 1111011 1111011 1110000
4 1001011 0100011 1101001 1101101
3 1011001 1011101 1010000
4 1011010 1011110 1010000 1011110
1 0110011
1 1000101
2 1100110 1100011
4 0110010 1111000 1101100 0110000
3 0111001 0111101 0110000
1 0110000
