100
2 1 2
3 2 2
1 10 1
1 10 2
10 10 1
8 1 2
8 6 4
9 10 3
4 10 10
4 10 2
6 10 9
4 9 6
9 9 1
9 10 6
10 10 6
9 10 3
2 10 8
10 10 6
4 10 2
4 10 2
6 10 9
2 10 10
2 10 4
2 10 8
6 10 1
9 10 9
8 10 8
2 10 6
4 10 4
6 10 10
2 10 6
2 10 2
7 10 1
5 10 10
3 10 1
9 10 9
10 10 8
1 10 1
6 10 3
5 10 5
5 10 5
4 10 6
10 10 6
2 10 6
5 10 1
10 10 2
8 10 10
10 10 8
6 10 2
6 10 2
4 10 6
1 10 1
6 10 10
8 9 8
8 10 6
2 10 4
1 10 1
4 10 1
6 10 1
6 10 1
8 10 2
2 10 2
4 10 6
9 10 9
4 10 1
8 10 8
8 10 4
5 10 10
10 10 6
3 10 6
6 10 3
6 10 6
6 10 1
3 10 3
4 10 2
10 6 2
8 1 4
8 9 4
10 3 5
9 10 3
8 3 4
10 9 5
10 2 2
9 7 3
8 3 4
6 10 9
7 5 2
4 9 6
8 3 8
9 10 3
4 2 4
2 10 5
5 2 9
9 9 2
8 2 9
8 10 8
10 1 1
9 10 6
4 1 9
4 9 10
