100
1000 561 243
958 401 386
687 387 246
1000 278 125
971 113 44
654 172 73
4 3 2
871 455 174
937 554 35
273 175 57
207 202 129
1000 974 704
444 403 344
461 36 27
996 919 90
266 171 9
916 880 21
154 143 110
268 91 7
732 580 499
377 28 6
922 835 28
922 893 45
973 754 151
774 602 148
1000 929 218
951 882 54
895 768 205
618 428 43
559 9 7
933 920 19
927 603 197
700 146 76
955 595 458
1000 100 51
461 140 100
157 156 155
849 456 417
1000 961 82
957 878 22
992 91 79
912 361 49
975 927 565
975 735 631
138 81 71
903 878 59
893 642 527
747 455 187
918 734 336
767 706 20
949 870 86
473 23 13
910 863 31
665 516 152
1000 709 490
916 832 53
589 498 454
535 377 48
920 395 2
940 850 61
994 940 90
1000 705 313
689 676 605
932 743 127
634 67 44
946 811 535
243 76 55
520 343 333
908 820 60
467 212 67
3 2 1
931 909 65
904 601 120
35 9 1
986 755 216
616 46 18
975 878 12
672 657 4
883 355 107
773 250 57
922 404 217
271 45 11
678 608 14
996 985 2
998 990 93
956 664 589
394 237 15
834 312 182
343 235 88
115 69 42
99 46 8
636 88 60
1000 153 78
1000 782 601
1000 999 998
910 604 499
603 574 466
994 926 84
967 879 17
1000 351 165
