100
22954424888751 26062424888751 32273424888751
29335968441698 34519968441698 42007968441698
17617010391223 31246010391223 36445010391223
13030831984012 13030831984012 34630831984012
15995540086213 33497540086213 40259540086213
21359660074220 24104660074220 39764660074220
4487338277077 4487338277077 33287338277077
31629768603272 32510768603272 37761768603272
20361346138157 27561346138157 27561346138157
11616971491721 30401971491721 39636971491721
15242482609945 20954482609945 25558482609945
22681391577248 31805391577248 34249391577248
15605475609337 17465475609337 25060475609337
16704403422552 23339403422552 27924403422552
706441899731 22407441899731 24238441899731
13275420979753 29399420979753 36843420979753
23076000000000 23760000000000 25323000000000
7960731818285 15100731818285 37055731818285
21213059704311 28376059704311 31449059704311
20303842755339 20303842755339 20303842755339
198655180031 25488655180031 33678655180031
12981162920875 12981162920875 38181162920875
16707893157566 34661893157566 40635893157566
22511845522884 29420845522884 29459845522884
10420061918249 12770061918249 34970061918249
17981198898212 18842198898212 21833198898212
32972918304320 34736918304320 41180918304320
10800000000000 32400000000000 34200000000000
8046997753680 8046997753680 11646997753680
8609968267710 21265968267710 30673968267710
24366226949362 25530226949362 42653226949362
972096629726 20737096629726 36157096629726
3864027883051 35500027883051 41308027883051
15366569479362 16132569479362 31420569479362
518431479107 26714431479107 37921431479107
20311330665301 30019330665301 41580330665301
27475603565885 32851603565885 40083603565885
8316191026359 21060191026359 32058191026359
11252227137160 16053227137160 16424227137160
20344439118067 26260439118067 26657439118067
5500651791384 40444651791384 41292651791384
4631710167049 19835710167049 26478710167049
28820307096072 37991307096072 42419307096072
6915908002326 21394908002326 42766908002326
7274592816052 25742592816052 40673592816052
17825983933486 23021983933486 23968983933486
24295720788756 30679720788756 31783720788756
11035684164396 14292684164396 37039684164396
890861756553 13748861756553 17666861756553
6251514293752 9671514293752 10286514293752
10332782328419 10332782328419 42732782328419
29677861404404 31544861404404 37820861404404
18988847597851 20419847597851 32920847597851
9101855200347 17290855200347 34942855200347
3946340732208 24592340732208 37858340732208
6075716671455 19086716671455 36567716671455
9633518179724 24897518179724 35145518179724
14170842962391 24154842962391 31082842962391
5300669668015 9760669668015 13840669668015
13823400942059 19159400942059 30007400942059
15366875072578 31652875072578 35358875072578
6289918782057 24522918782057 40045918782057
4103692831394 27395692831394 33047692831394
12510227040204 16112227040204 20168227040204
13625087232077 28005087232077 30645087232077
11341387916942 19315387916942 40069387916942
17818657334632 22886657334632 42710657334632
22084976341777 32716976341777 33390976341777
8757353959332 9696353959332 26865353959332
43199999999999 43199999999999 43199999999999
641407491348 3113407491348 27267407491348
32824538733878 32824538733878 40024538733878
15828101607275 39660101607275 42654101607275
413402479330 4937402479330 21970402479330
12982393044993 14062393044993 22072393044993
4732680705959 6916680705959 25180680705959
17228207284386 25799207284386 37427207284386
239097351013 19097097351013 39041097351013
17194233036788 22180233036788 38146233036788
13445973828219 29503973828219 31901973828219
9655451162334 27146451162334 33067451162334
13840673956981 20675673956981 36455673956981
10430550159501 18278550159501 25844550159501
7261261193612 7261261193612 21661261193612
8928314118661 21985314118661 41581314118661
3473860411042 7073860411042 7073860411042
11635368014828 18595368014828 30015368014828
1685536839092 13839536839092 38151536839092
3020585270802 3020585270802 21020585270802
12564641208379 12564641208379 23364641208379
3148859264527 22381859264527 29824859264527
478378498693 2230378498693 26664378498693
923014709193 14639014709193 15476014709193
14305274645441 37224274645441 39373274645441
8353170690884 21409170690884 32801170690884
10982216417208 14907216417208 21482216417208
5275533419729 23755533419729 41415533419729
6708669652371 6837669652371 36336669652371
31284169804845 33180169804845 36502169804845
5400000000000 5400000000000 5400000000000
