50
25
-190983006 -412214748
-937209480 -1973272
-229486757 -362576010
-518246326 -123693320
-271031373 -315452894
-362576010 -229486757
-123693320 -518246326
-690983006 -48943484
-464173205 -155672074
-631875447 -70223514
-70223514 -631875447
-48943484 -690983006
0 -1000000000
-574220708 -95172948
-1973272 -937209480
-874666766 -7885299
-17712749 -812618685
-315452894 -271031373
-31416839 -751310113
-95172948 -574220708
-155672074 -464173205
-7885299 -874666766
-412214748 -190983006
-751310113 -31416839
-812618685 -17712749
10
565311131 -750592292
-356141344 782905164
-783094977 861227619
-275542272 -85512325
-337744583 -717817990
20315761 884439246
-385673323 904452621
-265820666 -503081310
-366445723 -798210510
868196542 821807217
25
574359727 363841415
644972585 -702683215
-418337579 -506144978
-504714888 490174213
533029965 532288057
-152707698 -736186456
575420559 173711074
-340983370 -926671210
762634103 780312802
341028832 -207112039
670820777 -237171674
867842170 -890033608
420664491 -938874434
-455471939 512764356
986265479 953152002
273778569 83761579
196306799 -150037540
-859105262 -629087622
23204587 677322337
-366446835 715292400
83133741 477712995
-7802365 -386910974
978544965 -870007150
162546685 -852926244
-676950567 -527097229
12
-450472076 628341198
635563033 -279897402
-77937256 -370355992
-77937168 -370355991
-77937206 -370355991
-450472119 628341198
635562983 -279897405
635563052 -279897404
-450472219 628341197
-77937103 -370355990
-450471985 628341199
635563142 -279897404
24
308282159 980463302
478204909 967010300
453964561 -516902344
852943318 448457097
308282159 967010300
308604069 -650797062
-307338014 -255464425
873478526 511056337
-78949033 -242181974
989404580 511056337
453964561 -519454981
873478526 881448896
989404580 881448896
-307338014 -650797062
-129083910 -512990020
852943318 375440169
478204909 980463302
308604069 -255464425
-78949033 -512990020
-314570839 448457097
-129083910 -242181974
-314570839 375440169
723324022 -516902344
723324022 -519454981
24
884536182 -829192679
843174311 785181274
843174312 785181278
843174313 785181239
-869251398 926024831
843174312 785181127
-713420986 784352348
-713420987 784352348
-869251396 926024890
-530627137 847682568
-869251396 926024936
-713420987 784352255
50734141 516165374
884536183 -829192710
-530627138 847682548
884536184 -829192761
-713420988 784352412
-530627137 847682452
50734142 516165363
50734140 516165399
-869251395 926024945
884536183 -829192767
-530627136 847682654
50734141 516165420
11
705630594 458018738
254036337 50813955
210717918 -479999390
-351964909 -631019392
-50981298 532259290
388510950 203247300
27428296 -259969780
344136705 523798436
823558010 884010411
677149436 610036263
-285988553 823902767
24
-7593116 -18644785
-630787834 580027343
-755357367 922768348
-225298666 19336698
449513455 -327694933
716193685 -570237830
613705031 688886732
449513455 580027343
-880056842 415453876
-240821660 160509985
-225298666 -570237830
995246883 -90694863
716193685 19336698
-755357367 -453986130
992249738 -90694863
-880056842 160509985
613705031 -18644785
35804932 922768348
35804932 -453986130
995246883 -762084795
-7593116 688886732
-240821660 415453876
-630787834 -327694933
992249738 -762084795
7
867461247 -663455237
59809050 -947341662
-291972533 -456100851
-782040715 -275096555
94918433 78791197
864648620 -805709666
-31747992 21130686
20
695117474 -70229685
447360293 98928015
-500971362 739861864
540212418 637522573
-926400714 768538178
298089302 -400074292
-39266767 932572612
-443770008 -981275635
-385111269 -710153999
445593905 -658158611
-785068617 -88119692
188974069 -227453987
107217843 -739056704
-341288176 -888668009
818043659 -16539120
-857468575 -317891182
-789262810 -125983699
936154257 -389299742
838435517 477691690
-323559882 -977469434
4
13 18
13 17
12 17
12 16
4
-15246309 -776961471
120508420 -370907097
24817827 659581423
901354827 -713528883
24
-48516060 406677407
-227597158 594280926
-169255777 325012904
-227597159 594280847
-20663576 -589497399
930751695 -419696719
930751697 -419696839
-278268968 45591723
-278268967 45591639
-169255774 325012945
-48516059 406677414
-20663573 -589497436
-20663574 -589497583
-227597159 594281044
-20663574 -589497488
-169255776 325012934
930751696 -419696853
-227597160 594280829
-48516060 406677482
-278268967 45591493
-169255776 325012914
930751696 -419696750
-48516062 406677574
-278268966 45591432
7
-546275602 -118011955
918569216 -103443148
-814151790 895453473
750926258 472856506
-168371033 572360355
-675901142 171899170
-79495521 229043741
6
-419695331 -867008054
-712935202 546761288
-83134232 453674497
423956288 205006132
-477123472 511904594
529332512 -526483485
6
-245334980 -915608395
585773677 -961070594
891175345 979348190
486185638 507526017
997254096 370984097
255015386 -966489711
24
868617080 771283361
423454466 806124749
166953220 694113727
-88355413 130397735
-152752538 727641755
-548797071 773505287
877164204 771283361
-550741858 727641755
124395566 130397735
-550741858 123880733
-263030284 -738932303
-548797071 806124749
423454466 773505287
-152752538 123880733
406070699 441295756
406070699 694113727
124395566 135464574
-263030284 701490386
868617080 235003532
-663465510 -738932303
-663465510 701490386
877164204 235003532
166953220 441295756
-88355413 135464574
15
237219889 926260422
727903378 -610481129
-674045251 -262075729
411212426 -183759392
935315486 462675520
342408689 194666711
-291642294 91182610
-427794464 -970264479
-22812343 401439725
396833290 949410495
607403943 736636705
209958111 -541175373
437848605 -598174205
45530949 671114915
-468626135 -934749299
25
736371330 -916964282
927749496 -264046868
-488498876 177367598
101371920 -417200686
233677481 -340165439
-934922295 988796330
389781251 962434616
-108511701 -788488136
-813787882 247393255
131436838 -764711796
-232112573 116158298
108558855 -255351178
-416567074 -770508074
190729876 -123596774
-415931255 391304585
-601697273 -503924801
-443548393 -187548974
-896746025 420519575
-433212526 514204307
715299100 -175195635
-681230401 -163327441
-284633838 -363842080
180968157 -474959718
-218299465 428986486
-450187917 -21329327
25
330549104 -804280743
843489190 -760108254
75264652 -459596333
330373162 501226193
774776768 83921044
307609460 -642592018
-419135970 82625805
523350698 -14025193
-3795197 -299984766
379690813 196377488
395664318 -470260313
-897051192 36384073
-620664237 -467532459
298448956 -121938575
-611681337 -202115372
594177658 -721802521
178080120 287679285
298185266 715405860
-313292239 945142753
843408913 883602541
843560736 -978298476
-169074336 -83945326
-138863713 -291452953
75652025 -513481255
154712942 909440830
11
-982011722 183429351
-208089735 -52020346
-693181000 -806061668
-705484932 -648685533
93566316 261492126
-707336372 688639052
238260048 -886489929
-743824253 555060467
219897255 933873907
-465045962 777502343
443578376 403375070
25
-863245835 738081054
829293064 262098529
705529693 -900083671
-502309967 735413761
386177657 268906842
542210953 -170339461
-807821889 -386352273
-704749029 690565808
941081105 127883727
-961725000 -429272829
456940319 983116323
674598745 -682006412
993261430 -762801119
-503440994 328698697
-591823118 367398322
266339857 -657158719
-627547851 634047708
-460369452 -704670275
292460041 105931507
-486031834 862427558
-609846446 592359410
366909941 -762705937
625312151 215180568
577163942 -285884578
-700908569 735747481
24
694021857 -405651519
-4645577 -926459431
131617332 -82791732
25174664 -151666521
-4645578 -926459536
904226508 284138739
-687525006 -192004010
904226510 284138672
694021855 -405651447
-4645578 -926459348
-687525005 -192004014
25174665 -151666594
131617333 -82791741
-687525007 -192004091
-687525006 -192003904
25174665 -151666793
131617332 -82791681
25174666 -151666839
694021856 -405651509
904226509 284138716
694021856 -405651558
904226509 284138736
-4645579 -926459602
131617331 -82791735
22
-822134064 527870046
-794488650 973213002
822819705 99990757
-865416728 231011967
-31351514 -728196320
900102616 -6732485
540054123 -126740670
-162189563 753801554
849989000 -670467685
673377822 562831239
-377850864 -380226363
-356073770 989027871
-551510604 -320242136
573121771 46343242
791141043 979322084
939787874 -45340003
406779073 321463727
650416723 -7115562
426293066 -490863932
-207853370 79365149
-260110098 351906909
695600015 102156360
24
58482673 517224820
-121271904 302642789
318766155 660144318
-184010886 -204730775
936427005 846514157
-499591956 230859907
-295465617 -327321361
-767262396 -987507666
-27077702 456079920
805022009 831151190
-762483077 -908346791
-102799954 414489040
-545674098 494178573
-680926571 -178081685
-558386923 37866281
-933894624 612030458
-278205088 -358167906
-987784024 143693313
-605472433 -414811522
-967240207 248523295
-728012081 -630759488
-300244936 -406482236
-72922323 501861853
-445702556 699197052
15
21055429 -334809389
-957909709 -400593202
-91870854 -415144719
-576521638 895059342
-32201429 -197504907
-610883745 -236712768
495724336 121339987
-643648692 -954610767
-901662812 250171947
616626518 214546176
-154335243 -13215580
-806590787 -650292283
303997989 514647940
-664140180 -980940699
-124652323 928723219
25
3686594 -722978915
-843215646 874581331
-24691193 -677055443
-800885601 958846524
834905618 288475178
-764620879 674027584
-901144791 -477787448
15197948 461868941
-548198552 328531174
287027288 -792674066
-636955520 502448617
-870210537 -804683852
32881140 874143374
975785972 601195467
-13116004 36866603
688469456 -321317104
286297939 -209699648
369634475 -851524731
-955655431 466100956
175747297 -496937513
694181629 401823442
-309872128 585188675
666338260 -416541181
-884668647 375380469
-835412846 208915604
11
99130822 -130905352
125328243 -595948181
731485737 -946025051
727416697 -418252411
-682815729 -854469901
415117497 -14589522
-181793105 -543960681
-128691727 -714292454
-690564911 338704960
36343627 -558856332
125773718 -748789059
25
1000000000 0
728968627 -684547106
-187381315 -982287251
535826795 844327926
62790520 998026728
-637423990 -770513243
968583161 248689887
-809016994 587785252
-809016994 -587785252
968583161 -248689887
-187381315 982287251
728968627 684547106
309016994 951056516
535826795 -844327926
-992114701 125333234
-637423990 770513243
309016994 -951056516
876306680 -481753674
-992114701 -125333234
-929776486 368124553
-425779292 904827052
876306680 481753674
-425779292 -904827052
62790520 -998026728
-929776486 -368124553
4
-1000000000 1000000000
999999999 -1000000000
-1000000000 -1000000000
1000000000 1000000000
24
574094823 -574862098
468753849 998837859
298415025 992803783
-234724913 638242579
-456728511 207700587
-183719319 846279928
-128376505 988161096
-209548600 716422948
-334563394 17699150
-208895632 768099559
-285845849 368971174
-330841198 302374006
173747875 -803407654
67088749 -907872788
344247667 279116630
-30279962 68071761
961676754 -34661180
-87647492 -954159100
19011634 -849693966
-709091023 -193345719
41962319 994195172
637444386 -78250967
-411733162 274297755
898327191 -531272311
22
463131684 805174922
756715578 53352958
-13113183 653826542
-68175273 -172831612
-775801404 216947631
-61059841 -418387174
-802464438 8890200
-889297269 531016885
701513012 505273211
-128097645 593161551
-61013641 -52468948
-19635157 752347403
443820706 -776976495
658784135 790650397
-670815845 -768680523
539488360 -101579858
-852884936 -119861407
808475658 222484969
-141194288 -786529085
901494030 91167876
-407843860 -555383723
524361843 932934638
5
990412491 655077211
-340239116 -66060841
-699924002 827324302
-415454490 334194372
-853586055 -184197408
13
-500538060 118245724
-937211442 287932991
587166597 691326392
645093774 -522015263
95630606 -591943567
-180232493 -359883161
635676701 -389581119
-626889185 -737509214
985339617 -921127460
-816201390 -607690457
-270047397 46100905
216199655 80243730
532515840 670695792
24
-134820975 66819911
-208800557 -805797070
-763672758 -201703937
-54560236 537750747
-208800638 -805797069
-134821009 66819912
-208800868 -805797068
-763673015 -201703936
-763672959 -201703935
-480609307 431981437
-763672849 -201703936
-480609344 431981436
-391960693 -470548007
-134820913 66819910
-391960710 -470548007
-208800777 -805797069
-54560337 537750748
-391960658 -470548006
-54560468 537750746
-54560368 537750747
-134821079 66819911
-480609412 431981437
-391960714 -470548008
-480609210 431981438
19
359333330 -874819425
284867914 -357225947
180352221 368643521
262791717 -46713783
-305727404 521118187
-929365424 -256034077
-34630128 -333580302
-148451731 327924487
110449377 -238771425
427616840 99392565
394183825 -891559186
588770070 108621002
-738640660 532322876
787857815 -897728024
892951670 -868332445
463164532 -738811712
-486160988 -447197634
179795302 419047449
-37627170 258771707
5
-22132650 -755014565
991342633 92260180
774628110 -122145410
744264114 776703193
585812585 430352579
4
0 0
984950027 884899008
792448245 711951517
1 0
25
-692188547 -777903892
30134498 670066713
-586562838 104156928
64769600 -54165121
729089775 111147502
-894545717 -813821786
845625436 -822110257
-60972312 -88827728
120711160 -975751073
541334921 512937237
-882495319 -926862069
-408769370 535489815
474914743 -562039203
560814532 -223332871
-972886227 -431573100
719041770 923012774
-326086923 347938813
-94583286 -674870575
-542680402 742025544
803822051 -349755496
-978667563 707608819
696008881 -714695293
-210463201 892023765
-95145045 68396078
215476568 545811500
4
563634048 384876791
-413405356 -461024166
434099942 -809678382
597206496 -238227611
24
900207880 -233084822
795579393 651662248
183174264 -871275554
183174256 -871275555
706989064 -269447078
249496733 -622426615
706989147 -269447079
183174098 -871275555
900207976 -233084821
-179782665 -54108720
795579398 651662247
706989138 -269447080
795579606 651662250
-179782695 -54108720
-179782789 -54108718
900207918 -233084820
249496603 -622426615
249496788 -622426617
183174205 -871275556
706989329 -269447079
249496527 -622426613
795579560 651662248
900208172 -233084821
-179782693 -54108721
24
-434426204 -180743321
915171438 710267193
984392995 272163943
506087179 838920747
506087244 838920745
18616751 828868057
18616926 828868059
740693839 -116808376
915171448 710267192
506087229 838920745
915171434 710267192
984392926 272163942
18616829 828868058
18616727 828868058
740693896 -116808375
915171481 710267191
506087153 838920744
740694087 -116808375
984393069 272163942
-434426134 -180743323
-434426274 -180743321
-434426240 -180743320
984393016 272163941
740693879 -116808374
14
-76178080 33932392
53778509 -788893045
-598886231 35445802
-773910440 -242888127
870562024 490512074
520158675 -857887736
93222430 412995879
644118985 203290902
529244517 -908706425
-935295463 -320511469
981135580 380654380
-986421782 130747676
929097495 568546722
-946793278 604771578
24
574216967 661462251
913305574 350572009
-546927293 -962585361
777851443 851629722
928928719 792954133
-416247701 -10865546
577363175 796790439
-339836145 418936892
-244614969 -901048138
10005858 872503946
567992537 498374317
-75017536 -914672057
755364436 -654803700
686986509 -75333472
583587605 959878373
-934413477 845987434
-281982285 736632244
-358393841 306829806
-332640605 846605752
776919517 173206133
671363364 -517715596
-591767014 871885628
756296362 23619889
227294788 -853134834
14
443114783 -79837733
286349201 -858991826
220004212 391390929
-998954691 612442096
-611161267 -349805957
-6201436 994666056
77448646 -717176406
512414957 576177727
77636487 -89494551
-869712821 598063777
307085351 -644986172
390672141 148555564
663374973 710879261
680263397 256944509
10
-726153859 -128117864
-949105521 198536856
-569449702 439159490
-381914848 43053991
-709895577 -348716483
902372176 220949608
167570037 471986504
-195721174 79038453
348289793 186547894
860804971 -653982198
24
263954324 906172509
650926342 840169122
233536159 181700209
424376617 -280807611
-31593311 181700209
-710264256 -134647884
424376617 -387851387
351404616 678724266
650926342 938365300
918744906 -387851387
-31593311 -461338042
-16584204 877595008
263954324 846783446
244636192 938365300
233536159 -461338042
244636192 840169122
597915108 906172509
-710264256 877595008
597915108 846783446
351404616 308137786
-16584204 -134647884
918744906 -280807611
117036563 308137786
117036563 678724266
21
-485845885 675465129
-319075986 248726805
-893706291 -480948616
-430059311 368622259
-753491555 -506919573
-192531841 859400802
-864286681 271777522
-5248180 855282827
-128680015 226624952
79928849 -58211190
-725823069 -121205996
-552291547 -13288331
212604432 -192384134
346349933 651721342
-394644545 -394242510
-747888815 -198729893
-488920736 -612481686
821570649 838232418
923504154 717925907
937479826 569705628
310810928 -117431161
13
735968370 434386828
746677354 -519517271
-732788732 -877049644
963837710 -566340704
-326193709 -771263438
916603484 -809352614
560443187 -663551652
637007288 -156812241
-796213507 765942311
-233621509 293993637
428027131 390045324
460097830 181217283
-980702834 380406455
20
912686487 -434018470
-956915347 -432324177
-475975617 -708723616
-849100626 -952735688
361236230 -262697045
491948526 959630492
13853495 -966106335
-781980381 -504193801
-771919717 574161587
-763068683 839090811
-810082203 -756584962
-130521203 473542326
-471839106 625985033
414704092 817687804
-767646069 -86052403
-51233905 115269818
-410702598 844102141
57584856 -417848664
-567799841 -188010612
884124860 -88482311
