100
5 1
0
0
0
0
1
4 1
0
0
0
1
5 1
0
0
1
0
0
10 10
0000000000
0000000000
0000000000
0000000000
0000000000
0000010000
0000000000
0000000000
0000000000
0000000000
4 5
00000
00000
00000
00100
3 5
10101
00000
10101
1 2
10
10 10
1010101010
0000000000
1000101010
0000000000
1010101010
0000000000
1010101010
0000000000
1010101010
0000000000
10 10
0101010101
1010101010
0101010101
1010101010
0101010101
1010101010
0101010101
1010101010
0101010101
1010101010
2 5
00010
00000
3 3
101
000
101
2 5
00000
01000
5 3
000
000
000
100
000
5 3
001
000
000
000
000
4 1
0
1
0
0
10 10
1000000000
0000000000
0000000000
0000000000
0000000000
0000000000
0000000000
0000000000
0000000000
0000000000
3 3
111
101
111
1 5
00010
3 1
0
1
0
4 5
00000
00000
10000
00000
10 10
0000000000
0000000000
0000000000
0000000000
0000000000
0000000000
0000000000
0000000000
0000000000
0000000001
10 10
0000000000
0000000000
0000000000
0000000000
0000000000
0000000000
0000001000
0000000000
0000000000
0000000000
10 10
1000010000
0000000000
0000000000
0000000000
0000000000
1000010000
0000000000
0000000000
0000000000
0000000000
2 4
0100
0000
5 2
10
00
00
00
00
10 9
000000000
000000000
000000000
000100000
000000000
000000000
000000000
000000000
000000000
000000000
3 4
0000
0000
0100
3 4
0000
0010
0000
5 4
0000
0000
0000
0100
0000
5 2
00
10
00
00
00
1 2
11
3 4
1000
0000
0000
1 5
00001
5 1
0
1
0
0
0
1 5
00100
2 2
11
11
1 1
1
10 10
0000010000
0000101000
0001000100
0010000010
0100000001
1000000000
0100000001
0010000010
0001000100
0000101000
4 3
010
000
000
000
2 3
000
100
1 2
01
4 5
00000
00000
01000
00000
2 1
1
0
2 2
00
01
1 4
0010
10 10
1111111111
1111111111
1111111111
1111111111
1111111111
1111111111
1111111111
1111111111
1111111111
1111111111
5 4
0000
0000
0000
0000
0100
3 1
1
0
0
3 2
00
10
00
5 5
10000
00000
00000
00000
00000
4 2
01
00
00
00
4 4
0000
0000
0000
1000
1 4
0001
10 10
0000000000
0000000000
0010001000
0000000000
0000000000
0000000000
0000001000
0000000000
0000000000
0000000000
2 1
0
1
5 3
000
100
000
000
000
3 4
0000
0001
0000
5 1
1
0
0
0
0
4 5
00000
01000
00000
00000
4 4
0000
0010
0000
0000
5 5
00000
00000
00000
00000
01000
2 2
11
01
3 5
00000
00001
00000
3 5
00000
00000
00100
5 4
0000
0100
0000
0000
0000
10 10
1111111111
1000000001
1000000001
1000000001
1000000001
1000000001
1000000001
1000000001
1000000001
1111111111
5 2
01
00
00
00
00
10 10
1001001001
0000000000
0000000000
1001001001
0000000000
0000000000
1001001001
0000000000
0000000000
1001001001
1 4
1000
2 2
00
10
4 2
10
00
00
00
5 5
00000
00000
00001
00000
00000
2 3
000
010
5 2
00
00
00
01
00
3 3
000
001
000
10 10
1000000000
0100000000
0010000000
0001000000
0000100000
0000010000
0000001000
0000000100
0000000010
0000000001
4 5
00000
00010
00000
00000
5 5
00000
00000
00010
00000
00000
6 6
111111
100001
100001
100001
100001
111111
5 5
00100
00000
00000
00000
00000
10 10
1000100010
0000000000
0000000000
0000000000
1000000010
0000000000
0000000000
0000000000
1000100010
0000000000
10 10
1010101010
0000000000
1010101010
0000000000
1010101010
0000000000
1010101010
0000000000
1010101010
0000000000
3 3
000
000
010
2 5
01000
00000
5 5
00000
00001
00000
00000
00000
1 4
0100
4 2
00
00
10
00
4 2
00
01
00
00
5 2
00
00
00
10
00
4 4
0001
0000
0000
0000
5 5
10001
00000
00000
00000
10001
1 3
001
3 3
001
000
000
1 3
010
3 3
000
000
100
2 4
0000
0001
4 4
1000
0000
0000
0000
5 3
000
010
000
000
000
2 2
01
00
3 3
010
000
000
