100
3 2 4
3 2 9
4 44 985234202286
1 75 119324579069
1 5 3
20 41 924388274770
23 59 830814497791
7 15 264861148548
1 100 100
1 99 1000000000000
2 100 3007316006
9 42 779201817649
2 100 96234111004
3 3 16
2 100 352061984901
2 93 706278319432
5 10 7323
2 100 102273908761
11 14 614337710747
26 1 3
3 18 6851
15 40 904221873507
26 1 1
26 1 926777133590
3 5 51
24 35 767091706761
4 54 791462110113
17 79 932705906503
1 100 1000000000000
20 4 584597657354
20 34 918634172249
23 90 453492198220
26 54 949696824550
2 96 30536796568
3 15 1015
2 96 196262602627
18 96 588414530517
1 5 2
8 60 868203354318
5 47 810785330846
2 25 527512151994
12 42 826083898882
4 40 897687891441
2 100 2936890
1 1 1
2 100 549755813913
10 15 975912308937
12 30 263180874667
2 100 3121207
14 31 314672342932
26 52 983918769953
2 49 870697087627
12 10 631152517631
7 4 164219605264
25 41 385161242088
13 61 331827857263
6 90 713912663697
2 90 562350833381
2 92 104225685908
13 16 926962862090
20 14 921391672566
3 3 97843
1 2 150367781303
11 35 671424874998
2 92 609506158506
2 100 3196059683
26 16 753047334956
23 44 851166911049
25 57 905781040327
1 5 5
10 16 69608996202
3 2 125833065920
26 1 5
17 6 650200444989
16 56 574378744441
17 8 171603786895
14 17 961841150049
5 84 648974074518
21 55 932176987064
1 5 1
3 2 7
8 14 933016658524
23 49 884924819273
2 100 353414451810
6 22 106373246384
25 13 743981678832
17 5 58170822247
2 91 342919259123
6 96 893712771561
2 98 897741900655
2 91 347827967753
4 52 911307122051
24 40 36370319870
2 100 1000000000000
23 46 796149140233
5 10 7322
26 100 1000000000000
20 60 931585990015
14 56 897844650031
1 1 2
