Case #1: 1 0 0 0 1 
Case #2: 0 0 0 
Case #3: 0 0 1 1 0 1 1 2 3 0 2 0 2 
Case #4: 1 0 1 0 0 0 2 1 1 
Case #5: 0 0 1 0 0 0 1 1 1 0 1 1 2 1 0 1 2 2 3 0 
Case #6: 0 1 2 0 1 2 0 
Case #7: 0 0 1 0 1 0 2 2 1 1 1 0 3 2 3 2 0 0 0 1 1 0 3 2 4 3 2 3 4 
Case #8: 1 0 0 2 1 3 2 3 2 4 3 1 3 2 3 5 0 
Case #9: 0 0 0 1 1 
Case #10: 0 1 0 1 1 1 2 0 0 3 2 1 1 
Case #11: 0 0 1 2 0 3 1 0 3 0 
Case #12: 0 0 0 1 2 1 1 2 3 
Case #13: 0 0 0 1 1 1 2 
Case #14: 0 0 0 1 1 0 0 0 0 0 0 1 0 1 0 2 1 1 
Case #15: 1 0 2 0 0 1 1 2 2 1 2 1 2 0 2 
Case #16: 0 0 1 0 0 2 1 2 3 1 3 0 1 1 0 4 4 1 
Case #17: 0 0 0 1 1 1 1 1 0 1 1 2 1 2 2 
Case #18: 0 0 1 1 1 2 3 1 1 0 1 
Case #19: 0 0 1 0 1 1 1 1 1 1 2 1 2 
Case #20: 1 0 2 0 0 0 0 1 3 
Case #21: 1 0 2 3 0 3 4 5 4 0 1 2 0 4 0 3 0 1 2 4 1 
Case #22: 0 0 0 1 0 1 0 1 1 2 3 3 1 2 1 1 4 4 
Case #23: 0 0 0 1 1 1 1 1 1 2 2 
Case #24: 4 3 4 2 5 1 2 0 2 3 6 4 3 0 3 7 0 4 4 4 2 5 4 0 4 1 2 5 
Case #25: 0 1 2 0 0 1 3 0 1 1 2 0 1 1 2 4 2 1 2 2 2 1 0 2 2 4 1 1 2 
Case #26: 1 0 2 0 2 1 0 
Case #27: 0 1 2 3 1 0 1 4 2 0 5 3 2 0 4 0 2 6 
Case #28: 2 3 1 0 0 1 0 1 1 2 2 2 3 
Case #29: 1 0 2 2 3 3 1 2 2 3 3 4 0 1 2 3 1 0 4 5 1 3 5 4 2 1 3 2 6 
Case #30: 1 0 1 0 1 2 3 2 1 3 3 3 0 3 3 1 3 2 4 5 6 4 2 1 4 3 2 3 0 4 
Case #31: 0 1 0 1 0 
Case #32: 1 2 0 1 0 2 3 2 3 2 3 0 2 3 3 2 4 3 4 4 4 
Case #33: 0 1 0 2 0 3 1 2 3 0 1 1 2 2 0 1 1 1 3 1 2 2 
Case #34: 1 0 0 1 2 2 1 0 2 2 3 3 2 3 1 4 1 0 4 2 2 1 5 3 0 
Case #35: 2 1 0 3 3 0 3 0 4 4 5 1 1 1 3 5 2 1 1 5 4 0 6 4 4 2 5 
Case #36: 0 0 1 1 2 1 2 3 2 1 2 3 2 1 2 3 4 4 5 3 2 0 1 1 1 3 
Case #37: 0 0 0 0 0 0 0 0 0 0 0 0 0 0 0 0 0 0 0 0 0 0 0 0 0 0 0 0 0 0 
Case #38: 0 1 1 0 2 1 0 2 1 3 2 1 3 3 4 4 5 2 4 5 0 2 4 6 4 2 6 5 
Case #39: 0 0 0 1 2 
Case #40: 0 0 1 1 1 0 2 0 1 1 1 
Case #41: 0 0 1 2 1 1 1 0 0 2 1 2 3 1 
Case #42: 0 1 0 0 2 1 2 1 2 1 3 4 3 2 3 
Case #43: 0 0 0 1 2 2 1 0 0 0 1 0 1 2 3 1 1 2 1 3 3 3 
Case #44: 0 0 1 1 1 1 0 2 2 2 0 3 2 2 2 1 0 3 1 2 
Case #45: 0 0 0 0 
Case #46: 0 1 0 0 0 1 1 
Case #47: 0 1 0 2 0 2 3 0 2 
Case #48: 0 0 1 1 0 1 1 1 1 
Case #49: 0 1 0 1 2 0 
Case #50: 0 1 0 0 2 1 1 1 0 1 2 0 1 1 2 3 4 4 4 2 0 
Case #51: 2 1 0 3 0 0 0 1 1 0 0 0 2 1 3 1 2 2 1 1 4 4 
Case #52: 0 0 0 0 1 
Case #53: 1 0 0 1 0 2 2 1 1 2 3 2 4 3 0 0 3 3 4 
Case #54: 27 26 25 24 23 22 21 20 19 18 17 16 15 14 13 12 11 10 9 8 7 6 5 4 3 2 1 0 0 0 
Case #55: 3 2 3 1 4 2 4 5 0 0 5 6 0 1 6 
Case #56: 0 1 0 1 0 1 2 2 3 3 1 
Case #57: 0 0 0 1 0 1 1 1 0 1 0 1 1 1 1 1 2 
Case #58: 2 1 0 0 0 0 3 2 3 1 1 4 2 5 2 3 
Case #59: 0 0 1 0 0 
Case #60: 0 0 0 1 
Case #61: 0 1 0 1 1 1 1 2 2 0 1 2 2 0 2 2 3 3 2 3 
Case #62: 0 0 0 0 1 1 2 1 2 3 3 3 1 0 0 0 3 
Case #63: 0 0 0 0 1 1 1 1 2 0 1 1 2 
Case #64: 2 3 1 3 2 0 3 1 0 4 1 5 6 0 7 6 2 6 2 8 1 7 4 2 2 1 5 
Case #65: 1 0 0 0 1 2 3 1 4 5 1 2 2 3 3 2 2 
Case #66: 0 0 0 1 0 1 1 1 1 0 2 1 1 0 2 1 1 2 1 1 2 3 
Case #67: 0 1 0 2 0 0 3 4 1 2 1 3 5 4 1 0 2 3 3 1 3 2 2 2 3 4 2 6 3 2 
Case #68: 1 0 1 0 0 1 1 2 
Case #69: 0 0 0 1 1 0 
Case #70: 1 2 2 3 0 0 0 0 4 5 1 
Case #71: 1 0 0 1 1 1 1 2 2 1 0 1 2 0 2 2 2 2 2 1 
Case #72: 1 2 0 0 1 0 1 3 0 0 1 
Case #73: 2 1 2 2 0 0 2 3 0 0 1 1 2 0 1 1 2 3 2 1 2 3 2 2 0 3 
Case #74: 0 0 0 1 1 0 1 1 2 2 3 3 0 1 1 1 1 1 2 0 
Case #75: 0 1 0 1 2 0 1 1 2 2 0 2 2 0 3 0 1 0 1 1 2 2 3 2 
Case #76: 1 0 0 0 1 0 0 1 1 2 2 3 2 0 0 1 1 1 4 2 1 3 0 
Case #77: 0 0 1 0 1 2 0 3 
Case #78: 0 0 0 0 1 
Case #79: 0 0 0 0 0 0 1 1 1 2 2 0 1 1 2 2 1 1 2 2 1 2 0 0 1 
Case #80: 0 1 0 0 0 
Case #81: 0 1 0 0 
Case #82: 1 0 0 2 0 
Case #83: 1 2 0 1 0 1 3 0 1 2 1 2 3 4 1 4 2 2 3 4 3 
Case #84: 0 0 0 1 
Case #85: 2 3 3 3 1 4 0 4 2 2 0 1 1 4 1 2 4 5 2 1 1 2 4 4 2 0 2 3 2 3 
Case #86: 1 0 0 1 1 2 0 1 2 0 2 3 0 1 1 1 1 4 1 3 2 2 2 1 
Case #87: 1 0 0 0 1 
Case #88: 1 0 0 1 0 2 0 1 1 2 0 2 3 3 0 3 1 1 1 3 2 1 1 4 2 3 2 2 
Case #89: 3 2 3 1 4 0 0 2 0 
Case #90: 0 0 1 0 1 1 
Case #91: 0 0 1 2 0 1 2 3 2 1 3 4 0 3 1 4 4 2 2 1 3 4 3 0 1 1 1 1 3 5 
Case #92: 0 0 1 0 2 0 1 
Case #93: 1 2 0 0 0 
Case #94: 4 3 2 5 1 0 5 6 6 0 6 6 3 6 7 4 8 4 5 8 1 6 6 1 0 4 7 4 5 6 
Case #95: 0 0 0 1 2 3 4 5 6 7 8 9 10 11 12 13 14 15 16 17 18 19 20 21 22 23 24 25 26 27 
Case #96: 2 3 3 1 4 3 2 3 3 4 4 0 2 5 0 1 3 0 0 6 4 3 1 5 4 6 2 
Case #97: 0 1 2 3 1 0 2 0 1 3 3 2 4 4 2 3 2 4 4 2 3 5 3 5 6 3 
Case #98: 1 2 0 0 0 2 1 1 0 2 1 1 3 1 2 3 3 
Case #99: 0 0 1 0 2 1 0 0 0 2 1 
Case #100: 0 1 0 1 0 2 1 0 2 3 1 0 3 
