100
3 2
1 1
10 3
1 3 2
6 2
3 1
9 8
1 1 1 1 1 1 1 1
123 56
1 1 1 1 1 2 1 3 1 3 1 1 1 1 1 1 1 1 1 1 1 1 1 5 1 1 1 1 1 2 1 1 1 1 1 2 1 1 1 1 1 1 3 5 1 4 1 1 1 1 1 1 4 3 1 1
6 2
2 1
243 162
1 1 1 1 1 1 1 1 1 1 1 1 1 1 1 1 1 1 1 1 1 3 1 1 1 1 1 1 1 1 1 1 1 1 1 1 1 1 2 1 1 1 1 1 1 1 2 1 1 1 1 1 1 1 1 1 1 1 1 1 1 1 1 1 1 1 1 1 1 1 1 1 2 1 1 1 1 2 1 1 1 1 1 1 1 1 1 1 1 1 1 1 1 1 1 1 1 2 1 1 1 1 2 1 1 2 1 1 1 1 1 1 1 1 1 1 1 1 1 1 1 2 1 1 1 1 1 1 1 1 1 1 1 1 1 1 1 1 1 1 1 1 1 1 1 1 1 1 1 1 1 2 1 1 2 1 1 1 1 1 1 1
22 4
2 1 1 1
6 1
4
39 6
6 3 4 3 5 3
143 131
1 1 1 1 1 1 1 1 1 2 1 1 1 1 1 1 2 1 1 1 1 1 1 1 1 1 1 1 1 1 1 1 1 1 1 1 1 1 1 1 1 1 1 1 1 1 1 1 1 1 2 1 1 1 1 1 1 1 1 1 1 1 1 1 1 1 2 1 1 1 1 1 1 1 1 1 1 1 1 1 1 1 1 1 1 2 2 1 1 1 1 1 1 2 1 1 1 1 1 1 1 1 1 1 1 1 1 3 1 1 1 1 1 1 1 1 1 1 1 1 1 1 1 1 1 1 1 1 1 1 1
145 48
1 1 1 1 3 1 1 1 1 1 1 1 1 1 2 1 1 1 1 1 1 3 1 2 2 1 1 1 2 1 1 1 1 1 1 1 1 1 1 3 1 1 1 1 1 2 2 1
241 21
19 17 21 4 2 9 8 20 14 10 7 18 6 16 11 5 1 15 12 3 13
6 1
1
154 130
1 1 1 1 1 1 1 1 1 1 2 1 1 1 1 3 1 1 1 1 1 1 1 1 1 1 1 1 1 1 1 1 1 1 2 1 2 1 1 1 1 2 1 1 1 1 1 1 2 1 1 1 1 2 1 1 1 1 2 1 1 2 1 1 1 1 1 1 2 1 1 1 1 2 1 1 1 1 1 1 1 1 1 1 1 1 1 1 1 2 1 1 2 2 2 2 1 1 1 1 1 1 1 1 1 1 1 1 2 1 1 2 1 1 1 1 1 1 2 1 1 1 1 1 1 1 1 1 1 1
250 249
1 1 1 1 1 1 1 1 1 1 1 1 1 1 1 1 1 1 1 1 1 1 1 1 1 1 1 1 1 1 1 1 1 1 1 1 1 1 1 1 1 1 1 1 1 1 1 1 1 1 1 1 1 1 1 1 1 1 1 1 1 1 1 1 1 1 1 1 1 1 1 1 1 1 1 1 1 1 1 1 1 1 1 1 1 1 1 1 1 1 1 1 1 1 1 1 1 1 1 1 1 1 1 1 1 1 1 1 1 1 1 1 1 1 1 1 1 1 1 1 1 1 1 1 1 1 1 1 1 1 1 1 1 1 1 1 1 1 1 1 1 1 1 1 1 1 1 1 1 1 1 1 1 1 1 1 1 1 1 1 1 1 1 1 1 1 1 1 1 1 1 1 1 1 1 1 1 1 1 1 1 1 1 1 1 1 1 1 1 1 1 1 1 1 1 1 1 1 1 1 1 1 1 1 1 1 1 1 1 1 1 1 1 1 1 1 1 1 1 1 1 1 1 1 1 1 1 1 1 1 1 1 1 1 1 1 1 1 1 1 1 1 1 1 1 1 1 1 1
196 174
1 1 1 1 1 1 1 1 1 1 1 1 2 1 1 2 1 1 1 1 1 1 1 1 1 1 1 1 2 2 1 1 1 1 1 1 1 2 1 3 1 2 1 2 1 1 3 1 1 1 1 1 1 1 1 1 1 1 1 1 1 1 1 1 1 1 1 1 1 1 1 1 1 1 2 1 1 1 1 1 1 1 1 1 1 1 1 1 1 1 1 1 1 1 1 1 1 1 1 1 1 2 1 1 1 1 1 2 1 1 1 1 1 1 1 1 2 1 1 1 1 1 1 2 1 1 1 1 1 1 1 1 2 1 1 1 1 2 2 1 1 1 1 1 1 1 1 1 1 1 1 1 1 1 1 1 1 1 1 1 1 1 1 1 1 1 1 1 1 1 1 1 3 1
109 14
1 11 4 12 8 9 13 10 6 3 5 14 2 7
6 1
2
185 109
1 2 3 5 1 1 1 1 3 2 1 1 2 2 1 3 3 1 1 1 1 1 1 1 1 2 2 2 2 2 1 3 1 3 3 4 1 1 1 3 1 1 2 1 4 1 1 1 4 2 2 1 1 2 1 1 1 1 1 1 1 1 1 3 1 3 1 1 1 1 2 1 3 1 1 2 1 2 1 2 1 2 1 3 2 1 3 1 1 1 1 1 3 1 1 2 3 1 1 1 3 1 1 1 1 3 3 1 2
6 3
1 1 1
154 89
1 1 1 1 1 1 1 1 1 1 1 1 1 1 1 1 1 1 1 1 1 1 1 1 1 1 1 1 1 1 1 1 1 1 1 1 1 1 1 1 1 1 1 1 32 1 1 1 1 1 1 1 1 1 1 1 1 1 1 1 1 1 1 1 1 1 1 1 1 1 1 1 1 1 1 1 1 1 1 1 1 1 1 1 1 1 1 1 1
126 115
1 1 1 1 1 1 1 1 1 1 2 1 1 1 1 1 1 1 1 1 1 1 1 1 1 1 1 1 1 1 1 1 1 1 1 1 1 1 1 1 1 1 1 1 1 1 1 1 1 1 1 1 1 1 1 1 1 1 1 1 1 1 1 1 1 1 1 1 1 1 1 1 1 2 1 1 1 1 1 1 1 1 1 1 1 1 1 1 1 1 1 1 1 1 1 1 1 1 1 1 1 1 1 1 1 1 1 1 1 1 1 1 1 1 1
99 89
1 1 1 1 1 1 1 1 1 1 1 1 1 1 1 1 1 1 1 1 1 1 1 1 1 1 1 1 1 1 1 1 1 1 1 1 1 1 1 1 1 1 1 1 1 10 1 1 1 1 1 1 1 1 1 1 1 1 1 1 1 1 1 1 1 1 1 1 1 1 1 1 1 1 1 1 1 1 1 1 1 1 1 1 1 1 1 1 1
6 2
2 2
225 196
1 1 1 1 1 1 1 1 3 1 1 1 1 1 2 1 1 1 2 1 3 1 1 1 1 1 1 1 1 1 1 1 1 1 1 1 1 1 1 2 1 1 1 1 1 2 1 1 1 1 1 1 1 1 1 1 1 1 1 1 1 1 1 1 1 1 2 1 1 1 2 1 1 1 2 1 2 1 2 1 1 1 1 1 1 1 1 2 1 1 1 1 1 1 1 1 2 1 1 1 1 1 1 2 1 1 1 1 1 1 1 1 1 1 1 1 1 1 1 1 1 1 1 1 1 1 1 1 1 1 1 1 1 1 2 1 1 1 1 1 2 1 1 1 1 1 4 1 1 1 1 1 1 1 1 1 1 1 1 2 2 1 1 1 1 1 1 1 1 1 1 1 2 1 1 1 2 1 1 1 1 1 1 1 1 1 1 1 2 1 1 1 1 1 1 1
201 200
1 1 1 1 1 1 1 1 1 1 1 1 1 1 1 1 1 1 1 1 1 1 1 1 1 1 1 1 1 1 1 1 1 1 1 1 1 1 1 1 1 1 1 1 1 1 1 1 1 1 1 1 1 1 1 1 1 1 1 1 1 1 1 1 1 1 1 1 1 1 1 1 1 1 1 1 1 1 1 1 1 1 1 1 1 1 1 1 1 1 1 1 1 1 1 1 1 1 1 1 1 1 1 1 1 1 1 1 1 1 1 1 1 1 1 1 1 1 1 1 1 1 1 1 1 1 1 1 1 1 1 1 1 1 1 1 1 1 1 1 1 1 1 1 1 1 1 1 1 1 1 1 1 1 1 1 1 1 1 1 1 1 1 1 1 1 1 1 1 1 1 1 1 1 1 1 1 1 1 1 1 1 1 1 1 1 1 1 1 1 1 1 1 1 1 1 1 1 1 1
75 21
1 1 1 1 1 1 1 3 2 2 3 3 1 3 6 1 5 2 2 4 1
119 7
21 1 15 1 1 1 20
6 3
1 2 1
32 4
12 5 5 1
235 140
1 1 1 1 2 1 1 1 3 1 1 1 2 1 1 1 1 2 1 1 1 1 1 1 1 1 1 1 2 1 1 2 2 1 1 1 1 1 1 1 1 2 1 2 2 1 2 1 1 1 1 1 1 2 1 1 1 1 1 1 2 1 1 1 2 1 1 1 1 2 2 1 1 1 1 1 1 3 2 1 2 2 1 1 1 1 1 2 1 2 1 1 1 2 3 1 1 1 2 1 2 1 2 1 4 1 3 1 1 1 3 1 1 1 1 1 1 2 1 1 1 1 1 1 1 1 1 1 2 1 1 2 1 1 2 1 1 1 1 1
11 10
1 1 1 1 1 1 1 1 1 1
23 11
2 1 3 1 1 2 2 4 3 1 2
215 138
1 1 1 1 1 1 1 1 2 1 2 1 1 2 1 1 1 1 3 2 2 1 2 2 1 1 1 1 1 1 2 1 1 2 1 1 1 1 3 1 1 1 1 1 1 1 1 1 2 3 1 1 1 1 1 1 1 1 1 4 1 1 1 1 1 1 1 1 1 1 1 1 1 2 1 1 2 2 1 1 1 1 1 1 1 2 1 1 1 1 2 3 1 1 2 1 2 1 1 1 1 1 1 1 1 1 1 1 2 1 1 1 1 1 1 2 3 1 1 1 1 1 1 2 2 2 2 1 1 1 2 1 1 1 1 2 2 3
6 1
3
49 16
1 1 1 1 1 1 6 1 1 11 6 1 4 1 9 1
23 6
2 6 4 1 5 3
135 108
1 1 1 1 1 1 1 1 1 1 1 2 1 1 1 1 1 1 1 1 1 1 2 1 1 1 1 1 1 1 1 1 1 1 1 1 1 1 1 1 1 1 1 1 1 1 1 3 1 1 1 1 1 1 1 1 1 1 1 1 1 1 1 1 1 1 1 1 1 1 1 1 1 1 1 1 1 1 1 1 1 1 1 1 1 1 1 1 1 1 1 1 1 1 1 1 1 1 1 2 1 1 1 1 1 1 1 1
60 19
1 1 4 2 1 5 1 4 2 4 3 1 1 3 4 1 2 4 3
175 76
1 3 1 2 1 5 1 1 1 3 3 1 2 2 1 2 1 1 2 3 1 1 1 1 2 1 2 3 1 1 2 3 2 2 2 2 1 1 3 3 1 2 1 4 1 2 1 1 1 2 1 1 1 2 3 3 1 2 4 5 3 2 2 1 1 2 3 1 1 2 1 1 1 2 1 3
157 101
1 1 1 1 1 2 1 1 1 1 1 1 1 2 1 1 1 2 1 1 1 1 1 1 1 2 1 1 1 1 1 1 1 1 1 1 1 1 1 1 1 1 1 1 2 1 1 1 1 1 1 1 1 1 1 1 1 1 1 1 1 1 1 1 1 1 1 1 1 1 1 1 1 2 1 3 1 1 1 1 1 1 2 1 1 1 1 1 2 1 1 1 1 1 1 1 2 2 1 1 1
200 1
1
22 2
1 1
62 22
2 1 3 1 3 1 2 1 1 1 2 1 1 1 1 1 2 2 1 1 1 1
77 64
1 1 1 1 1 1 1 1 1 1 1 2 1 1 1 1 1 2 3 1 1 1 1 1 1 1 2 1 2 1 1 2 1 1 1 1 2 1 1 1 1 1 1 2 1 1 3 1 1 1 1 1 1 2 1 1 1 1 1 1 1 1 1 1
141 8
6 1 1 4 8 1 1 1
249 131
1 1 1 1 1 1 1 1 1 1 1 1 1 1 1 1 1 1 1 1 8 1 1 1 1 1 1 1 1 1 1 1 1 1 1 1 1 1 1 1 1 1 3 1 1 1 1 1 1 1 1 1 1 1 1 1 1 1 10 1 1 1 8 1 1 9 1 1 10 1 1 1 9 8 1 1 1 1 1 1 1 1 1 8 1 1 1 1 1 1 12 1 6 1 1 1 1 10 1 1 1 1 11 1 1 1 1 1 1 1 1 1 1 1 1 1 1 10 1 1 1 1 1 1 1 1 1 1 1 1 9
185 57
4 3 1 3 1 2 1 3 5 3 1 1 5 1 2 2 4 3 2 2 2 2 1 2 3 4 3 3 3 5 3 4 1 3 1 2 4 2 3 1 2 1 1 2 2 3 1 2 2 3 2 1 2 1 3 2 1
191 83
1 4 1 1 4 1 2 1 1 1 3 3 4 3 3 3 1 1 1 1 2 1 1 1 3 1 1 1 3 3 1 3 3 1 2 1 1 1 1 1 1 2 2 1 1 1 5 1 3 3 4 1 2 1 1 1 1 2 3 4 2 1 1 1 1 1 2 1 4 1 2 3 1 1 5 1 1 1 1 1 4 1 1
250 125
2 2 3 2 1 5 2 1 1 2 3 2 2 4 1 3 2 3 3 2 2 2 2 2 1 3 1 1 2 2 1 4 2 2 2 3 2 4 1 2 5 2 3 4 1 2 3 2 1 1 1 3 3 2 1 3 3 5 1 2 2 3 2 1 1 2 2 2 1 2 3 2 2 3 2 2 2 2 1 1 2 1 2 3 2 2 1 1 1 1 1 2 2 1 3 1 3 1 1 2 2 1 1 1 2 2 2 1 1 3 1 1 2 2 4 1 1 2 1 2 1 2 1 3 3
168 66
1 1 5 2 1 1 3 2 1 3 1 6 3 1 1 2 4 2 2 2 3 4 2 4 3 3 2 1 3 1 4 3 4 2 1 5 5 4 2 3 1 4 1 3 3 2 2 1 1 5 1 3 1 2 3 2 2 1 4 1 1 1 2 3 2 1
235 113
1 1 1 1 4 1 5 1 1 1 1 1 4 1 3 1 1 1 1 1 1 4 1 1 1 1 3 1 7 1 1 1 1 4 1 1 1 1 1 5 1 1 1 1 1 1 1 1 1 1 3 1 1 1 7 1 1 2 1 1 6 1 1 1 1 6 1 1 1 1 1 6 1 1 9 1 5 1 1 1 1 1 1 1 5 1 1 4 1 4 1 1 1 1 4 1 1 1 1 1 1 1 4 5 1 6 3 3 6 1 1 1 5
2 1
1
126 6
1 6 6 1 4 10
246 79
5 1 1 1 3 8 1 1 1 1 1 1 7 1 8 1 4 1 8 1 1 1 9 5 1 1 1 7 1 5 1 1 7 9 1 1 1 1 1 1 6 8 1 1 5 2 1 9 1 1 6 6 1 1 1 9 1 1 3 8 4 1 1 1 6 1 5 7 1 1 5 1 1 9 1 1 9 1 1
6 3
1 2 2
125 100
1 1 1 1 1 1 1 1 1 1 1 3 1 1 1 1 4 1 1 1 1 1 1 1 1 1 1 1 1 1 1 1 1 1 1 1 1 1 1 1 1 1 1 1 1 1 1 1 1 1 1 1 1 1 1 1 1 1 1 1 1 1 1 1 1 1 1 1 1 1 1 1 1 1 1 1 1 1 1 1 1 1 1 1 1 1 1 1 1 1 1 1 1 1 1 1 1 1 1 1
250 1
249
124 54
1 9 1 1 1 1 6 1 1 1 10 1 1 1 1 1 1 1 1 1 1 1 1 1 1 1 1 9 1 8 1 1 1 1 1 1 6 10 1 1 1 1 1 1 1 1 1 1 1 9 1 1 1 1
222 129
1 3 2 1 1 1 1 1 2 1 1 1 1 2 1 1 1 2 1 1 1 1 2 2 1 1 1 1 1 1 1 2 1 2 1 1 1 1 1 1 1 1 2 1 1 1 1 1 1 1 1 1 1 2 1 1 1 1 1 1 1 2 1 1 1 1 4 2 1 1 1 1 2 1 1 1 1 1 1 1 2 1 1 1 2 1 1 1 2 1 1 3 2 1 1 1 1 2 3 1 1 1 1 1 1 3 1 1 1 1 1 3 2 2 1 1 1 2 1 1 1 1 2 2 1 1 1 1 1
154 14
13 16 12 17 1 1 11 1 8 14 8 12 6 12
191 80
4 1 1 1 2 1 3 1 2 1 1 1 1 1 1 1 1 2 1 1 2 2 1 1 2 1 2 1 2 2 1 1 2 1 1 2 1 1 5 2 1 3 1 1 1 1 1 1 3 2 1 1 1 2 1 1 1 2 1 2 2 1 1 1 1 3 1 1 2 1 1 1 3 1 1 1 1 2 1 2
86 52
1 1 1 1 1 1 1 1 1 1 1 1 1 1 1 1 2 1 1 1 1 1 1 1 1 1 1 1 1 1 1 1 1 1 1 1 1 1 1 1 1 1 1 1 1 1 1 1 1 1 1 1
196 105
1 1 1 1 1 1 1 2 1 1 2 1 1 1 1 1 1 1 1 1 1 1 1 1 1 2 1 1 1 1 1 1 1 1 1 1 1 1 1 2 1 1 2 1 1 1 1 1 1 1 2 1 2 1 2 1 1 1 1 1 2 2 1 1 1 1 1 1 1 1 1 2 1 1 1 1 1 1 1 1 2 2 1 1 1 1 1 1 1 1 1 1 1 1 1 3 2 2 1 1 1 1 1 1 1
18 6
2 2 1 1 4 2
237 27
11 10 1 12 11 7 8 1 8 14 9 11 7 7 7 12 1 12 12 4 10 8 10 9 10 8 12
6 5
1 1 1 1 1
229 103
1 1 1 2 1 1 1 1 1 1 1 1 1 1 1 1 1 1 1 2 1 1 1 1 1 1 1 1 2 1 1 1 1 1 1 1 1 1 1 1 1 2 1 2 1 1 2 1 1 2 1 1 1 1 1 1 1 1 2 1 1 1 1 1 1 1 1 1 1 2 1 1 1 1 1 2 1 1 2 1 1 1 2 1 1 2 1 1 1 1 1 1 1 1 1 1 1 1 1 1 1 1 1
6 4
1 1 1 1
250 1
1
99 71
1 1 1 1 1 1 1 1 1 1 1 1 1 1 1 1 1 1 1 1 1 1 1 1 1 1 1 1 1 1 1 1 1 1 1 1 1 1 1 1 2 1 1 2 1 1 1 2 1 1 1 1 1 1 1 1 1 1 1 1 1 1 1 1 1 1 1 1 1 1 1
175 124
1 11 1 1 1 1 1 1 1 1 1 1 1 1 1 1 1 1 1 1 1 1 1 1 1 1 1 1 1 1 1 1 1 1 1 1 1 1 1 1 1 1 1 1 1 1 1 1 1 1 1 1 1 1 1 1 1 1 1 1 1 1 7 1 1 1 1 1 1 1 1 1 1 1 1 1 1 1 7 1 1 1 1 1 1 1 1 1 1 1 1 1 1 1 1 1 5 1 1 1 1 1 1 1 1 1 1 7 1 1 1 1 1 1 1 1 1 1 1 1 1 1 1 1
177 1
81
6 3
3 1 1
21 7
1 5 2 1 3 2 2
115 58
4 3 1 1 1 1 1 6 1 1 1 1 1 1 1 1 1 4 2 1 1 6 1 1 5 1 1 1 1 1 1 5 1 1 1 5 2 1 4 5 1 1 1 1 1 1 3 1 1 4 1 1 2 1 1 1 1 3
17 13
1 1 1 1 1 1 2 1 1 1 1 1 1
6 2
1 4
246 113
1 2 1 2 3 2 3 5 2 3 4 3 2 3 4 4 1 1 1 1 1 2 2 2 1 5 4 2 1 1 1 4 2 1 1 1 1 1 2 1 1 1 2 1 2 4 3 1 1 1 3 1 2 1 1 2 4 1 5 3 2 1 1 4 1 1 3 2 2 5 3 1 3 4 1 1 3 2 4 2 3 3 1 2 1 1 1 2 3 2 5 1 1 2 1 1 2 4 1 4 2 4 4 1 1 3 3 1 1 3 3 2 6
217 67
1 5 1 1 1 1 1 1 4 1 1 1 1 1 3 1 1 1 1 1 1 4 1 1 1 1 1 1 9 1 5 1 1 1 1 1 1 1 1 1 1 1 6 1 1 9 1 1 1 1 1 1 5 10 1 1 1 1 1 1 1 9 1 9 1 1 4
6 2
1 1
62 58
1 1 1 1 1 1 1 2 1 1 1 1 1 1 1 1 1 1 1 1 1 1 1 1 1 1 1 1 1 1 1 1 1 1 1 1 1 1 2 1 1 1 2 1 1 1 1 1 1 1 1 1 1 1 1 1 1 1
43 13
1 1 1 6 1 1 1 6 7 1 5 1 1
19 8
1 1 1 2 1 1 1 1
205 65
1 1 1 1 1 2 1 2 1 2 1 1 1 2 1 1 2 1 1 1 2 2 2 1 3 1 1 1 1 1 1 1 1 1 1 1 2 1 1 1 1 1 1 1 1 3 1 1 1 1 1 1 1 1 1 2 1 2 1 1 2 1 1 1 1
239 119
1 1 1 4 1 1 1 2 3 1 1 2 1 1 1 1 1 1 3 1 1 1 1 1 1 1 1 1 1 2 1 1 1 1 3 1 1 1 1 1 1 4 4 1 3 1 1 1 6 1 1 1 3 3 1 2 2 3 1 1 1 1 1 1 5 2 1 1 1 1 1 1 1 1 1 4 1 1 1 1 2 1 5 1 1 2 1 1 1 2 1 2 1 1 2 1 3 1 1 4 2 1 1 1 1 1 1 1 2 4 1 1 1 1 1 3 1 3 1
21 7
3 2 1 2 5 1 3
32 30
1 2 1 1 1 1 1 1 1 1 1 1 1 1 1 1 1 1 1 1 1 1 1 1 1 1 1 1 1 1
18 6
1 4 1 2 1 2
23 22
1 1 1 1 1 1 1 1 1 1 1 1 1 1 1 1 1 1 1 1 1 1
243 164
1 1 1 1 1 1 1 5 1 1 1 1 1 1 1 1 1 1 1 1 1 10 1 1 1 1 1 1 1 1 1 1 1 1 1 1 9 1 1 1 1 1 1 1 1 1 1 1 1 1 1 1 1 1 1 1 1 1 1 1 1 1 1 1 1 1 1 1 1 1 1 1 1 1 1 1 1 1 1 1 1 1 1 1 1 1 1 1 1 1 1 1 1 1 1 1 1 1 1 1 1 1 7 1 1 1 1 1 1 1 1 1 1 1 1 1 1 1 1 1 1 1 7 1 1 1 1 1 1 1 1 1 1 1 1 1 1 1 1 1 1 1 1 1 1 1 1 1 1 1 1 1 1 4 1 1 1 1 1 1 1 1 1 1
223 192
1 1 1 1 1 1 1 1 1 1 1 1 1 1 1 1 1 1 1 1 1 1 1 1 1 1 1 1 1 1 1 1 1 1 1 1 1 1 1 1 1 1 1 1 1 1 1 1 1 1 1 1 1 1 1 1 1 1 1 1 1 1 1 1 1 1 1 1 1 1 1 1 1 1 1 1 1 1 1 1 1 1 1 1 1 1 1 1 1 1 1 1 1 1 1 1 1 1 1 1 1 1 1 1 1 1 1 1 1 1 1 1 1 1 1 2 1 1 1 2 1 1 1 1 1 1 2 1 1 3 1 1 1 1 1 1 1 1 1 1 1 1 1 1 1 1 1 1 1 2 1 1 1 1 2 1 1 2 1 1 1 1 1 1 1 1 1 1 1 1 1 1 1 1 1 1 1 1 1 1 1 1 1 1 1 1 1 1 1 1 1 1
90 72
1 1 1 1 1 1 1 1 1 1 1 1 1 1 1 1 1 1 1 1 1 1 1 1 1 1 3 1 1 1 1 1 1 1 1 1 1 1 2 3 1 1 1 1 1 1 1 1 1 2 1 1 1 1 2 1 1 1 1 1 1 1 1 1 1 1 1 1 1 1 1 1
86 49
1 1 1 1 1 1 1 1 1 1 1 1 1 1 1 1 2 1 1 1 1 1 1 1 1 1 1 1 1 1 1 1 1 1 1 1 1 1 1 1 1 1 1 1 1 1 1 1 1
127 80
1 1 1 1 1 1 1 1 1 1 1 1 1 1 1 1 1 1 1 1 1 1 1 1 1 1 1 1 1 1 1 1 1 1 1 1 1 1 1 1 1 1 1 1 1 1 1 1 1 1 1 1 1 1 1 1 1 1 1 1 1 1 1 1 1 1 1 1 1 1 1 1 1 1 1 1 1 1 1 1
6 2
3 2
142 101
1 1 1 1 1 1 1 1 1 1 1 1 1 1 1 2 1 1 1 1 1 1 2 1 2 1 1 1 2 2 2 1 1 1 1 2 1 1 1 1 1 1 2 1 1 1 1 1 1 1 1 2 1 1 1 1 1 1 1 1 1 1 1 1 1 1 2 1 1 1 1 1 1 2 1 1 1 2 1 1 1 1 2 1 2 1 2 1 1 1 2 1 1 1 1 1 1 1 1 1 1
6 4
1 1 2 1
6 1
5
