100
2
9 1
3
8 4 100
9
10 10 10 10 10 10 10 10 100
50
762 522 713 578 632 419 594 637 733 567 441 583 612 535 451 744 481 757 459 587 709 523 752 792 418 683 588 796 417 521 782 595 566 537 768 495 719 667 470 690 640 655 501 517 647 638 725 796 516 529
50
571 479 763 489 586 799 541 527 750 406 489 584 604 528 543 557 523 773 642 652 482 511 701 557 498 425 725 741 562 663 634 653 714 716 564 445 727 730 719 581 599 585 636 496 602 451 712 575 619 538
50
780 572 543 596 461 674 575 588 566 490 624 433 478 661 578 565 440 546 576 585 748 722 673 635 634 639 461 595 436 747 622 424 584 767 481 476 600 534 401 554 498 647 461 502 782 522 447 701 564 777
50
1 21 41 61 81 101 121 141 161 181 201 221 241 261 281 301 321 341 361 381 401 421 441 461 481 501 521 541 561 581 601 621 641 661 681 701 721 741 761 781 801 821 841 861 881 901 921 941 961 981
50
1000 1000 1000 1000 1000 883 1000 1000 867 817 923 863 895 1000 999 1000 880 1000 1000 946 950 862 946 913 840 1000 914 1000 853 929 1000 988 1000 1000 939 961 1000 1000 846 1000 952 1000 898 1000 1000 973 1000 1000 883 870
7
10 10 10 10 10 10 10
50
677 918 1000 1000 1000 866 535 766 1000 1000 986 719 1000 706 578 465 640 791 1000 792 1000 1000 1000 907 1000 710 1000 1000 689 1000 545 461 972 848 1000 1000 1000 600 1000 613 422 440 1000 1000 585 1000 893 511 754 881
50
1000 888 1000 977 850 1000 1000 977 937 961 1000 1000 801 1000 1000 1000 828 1000 868 1000 1000 999 933 1000 937 1000 1000 882 1000 1000 1000 800 958 1000 813 1000 1000 1000 1000 986 860 1000 1000 1000 1000 860 1000 944 819 1000
50
12 587 608 681 845 442 728 9 699 956 277 192 968 216 825 932 746 978 588 502 753 93 939 69 213 503 731 794 952 294 393 215 994 946 963 639 549 819 50 708 132 485 319 914 154 967 646 781 365 588
50
1 1 17 1 1 1 444 1 1 164 228 261 1 417 1 126 116 1 1 1 54 1 134 1 1 552 471 324 98 535 111 398 552 451 318 531 28 233 1 34 227 1 362 535 519 1 1 396 1 1
50
16 49 69 60 124 116 136 168 204 136 197 216 254 302 298 291 333 298 389 368 358 412 462 449 529 495 480 491 526 533 629 625 650 696 714 747 733 745 806 817 783 834 801 844 842 911 892 906 1000 985
50
785 1000 496 771 1000 696 1000 660 962 1000 946 447 923 945 445 1000 482 1000 419 470 1000 985 449 681 769 1000 1000 923 1000 683 1000 625 435 977 1000 648 1000 584 977 864 1000 1000 672 1000 859 433 1000 1000 1000 780
50
800 462 712 785 537 482 487 482 426 475 656 568 532 693 509 615 492 767 461 765 646 583 702 657 478 482 584 584 738 637 546 532 474 641 512 421 438 757 530 587 701 558 453 569 502 407 765 568 621 410
50
495 334 20 707 13 755 904 735 107 357 547 916 217 327 510 874 214 715 745 579 614 467 487 165 903 501 69 683 125 63 959 500 102 151 325 542 340 41 442 438 863 224 814 564 708 340 219 444 469 31
50
244 686 676 9 960 181 556 265 675 366 603 776 723 732 461 973 628 84 363 568 225 289 65 50 460 459 442 836 95 908 135 644 73 121 683 896 214 55 998 407 894 72 166 212 409 423 978 680 862 140
50
874 953 903 695 713 784 1000 949 1000 1000 877 1000 1000 1000 1000 976 1000 1000 1000 1000 1000 1000 1000 1000 1000 1000 1000 1000 1000 1000 1000 1000 1000 1000 1000 1000 1000 1000 1000 1000 1000 1000 1000 1000 1000 1000 1000 1000 1000 1000
50
435 996 1000 1000 1000 1000 560 1000 800 543 749 865 823 1000 597 410 1000 1000 560 771 1000 605 1000 793 1000 758 1000 984 1000 1000 1000 896 1000 910 670 736 1000 1000 1000 820 946 417 1000 1000 1000 1000 546 474 1000 999
2
20 3
50
86 466 835 667 887 805 213 767 901 303 901 174 760 399 528 378 985 378 691 868 626 495 641 781 597 647 285 95 161 448 904 824 375 779 381 281 496 302 792 808 303 770 353 587 877 320 885 501 701 367
50
1000 856 932 1000 869 1000 1000 820 982 1000 1000 1000 985 871 863 1000 825 904 1000 1000 847 1000 981 970 951 865 927 863 915 1000 883 1000 824 943 1000 1000 821 1000 864 1000 1000 1000 1000 876 830 1000 861 912 1000 1000
50
554 592 1000 738 82 111 660 1 990 1 413 167 342 581 447 640 1000 1000 226 521 454 341 466 104 611 1000 159 661 241 1000 1000 1000 235 1000 498 705 729 1000 905 1000 1000 1000 651 270 1000 318 992 770 1000 715
2
20 4
4
10 10 10 1
50
102 1 252 1 1 1 468 511 1 503 564 1 1 339 180 169 31 459 317 1 30 431 173 1 45 416 567 1 595 496 486 1 1 225 429 1 1 1 594 515 1 1 1 264 1 1 255 584 565 1
50
1000 1000 930 733 1000 437 681 598 844 493 496 929 599 933 484 1000 556 630 501 1000 637 1000 913 1000 1000 925 1000 904 1000 432 1000 437 1000 1000 617 571 860 1000 1000 534 437 611 564 906 1000 1000 831 1000 403 897
4
1 5 5 2
100
678 691 765 733 408 591 514 530 509 453 765 696 589 421 428 751 429 766 781 518 747 628 688 454 737 717 604 472 734 449 614 707 777 687 706 451 675 764 548 475 406 420 676 713 589 786 545 412 495 482 554 636 630 568 748 451 773 746 596 629 564 620 419 654 794 543 631 618 660 406 773 784 653 446 462 435 558 573 706 460 480 489 443 430 411 457 429 502 786 715 572 504 531 648 791 513 622 522 636 606
50
45 908 442 99 794 728 491 411 996 705 135 232 456 755 479 203 294 42 665 689 425 120 836 615 26 783 810 474 255 648 939 291 144 376 738 69 373 579 482 345 155 789 940 111 617 828 856 779 709 661
50
393 400 515 291 244 214 288 153 1 1 600 510 1 579 259 500 1 1 1 1 162 1 370 402 564 445 78 267 301 1 230 1 36 471 537 64 226 1 140 7 1 1 103 145 12 50 83 1 239 567
50
429 719 605 463 756 452 448 491 454 466 464 482 425 602 606 687 519 473 687 444 610 481 526 667 405 680 702 674 792 418 568 666 622 404 535 419 730 616 540 699 520 410 459 447 697 410 547 781 457 460
50
1 1 1 531 444 1 1 437 1 1 270 183 492 161 1 1 287 311 1 521 332 1 570 229 1 470 1 275 22 1 1 1 305 239 1 1 440 29 419 1 1 24 1 596 1 204 1 1 1 593
50
551 152 1 231 461 1 1 1 1 1 1 1 404 1 515 140 5 1 81 563 129 121 588 1 444 144 567 1 457 295 251 548 77 299 1 440 1 1 1 66 592 578 332 444 65 571 1 1 133 1
50
605 294 657 557 749 63 447 875 151 52 446 597 273 73 522 105 434 676 945 375 424 964 609 158 893 479 788 706 810 604 699 156 168 578 944 770 617 899 832 15 943 582 445 217 932 976 393 616 600 961
50
825 166 924 15 535 880 716 819 88 787 478 219 556 749 364 979 331 946 136 900 289 513 359 576 368 535 582 549 443 445 832 603 707 285 277 372 476 297 953 1 842 352 589 619 574 261 45 556 628 519
50
205 920 414 525 118 578 713 785 803 884 670 756 328 816 490 672 801 101 793 99 663 999 462 508 797 122 440 159 322 401 384 391 997 275 579 895 565 3 143 445 845 893 666 447 88 88 640 993 874 591
50
1000 854 873 1000 1000 815 803 953 868 912 1000 998 968 919 1000 1000 1000 803 1000 959 961 1000 1000 883 830 1000 1000 1000 897 868 861 1000 1000 954 847 970 1000 1000 923 932 919 1000 1000 1000 991 1000 1000 961 1000 1000
50
531 488 465 688 780 675 767 476 627 795 401 795 766 431 724 782 525 757 767 515 404 763 776 795 441 672 657 588 504 522 728 775 608 661 737 659 523 700 505 703 469 673 532 706 744 721 438 635 751 448
50
748 496 769 571 755 540 746 555 429 787 430 514 404 648 400 412 499 727 737 526 539 724 780 652 765 627 410 627 515 728 492 405 779 752 407 616 723 509 772 782 535 570 785 792 763 660 596 762 695 707
50
981 961 941 921 901 881 861 841 821 801 781 761 741 721 701 681 661 641 621 601 581 561 541 521 501 481 461 441 421 401 381 361 341 321 301 281 261 241 221 201 181 161 141 121 101 81 61 41 21 1
50
162 540 267 1 1 1 214 463 77 520 22 1 1 1 1 449 404 1 177 1 231 415 406 428 45 348 1 297 1 1 1 112 378 1 1 1 1 1 1 208 141 509 1 1 1 149 1 1 217 235
50
593 638 614 751 758 497 673 518 659 499 660 710 647 795 450 583 683 705 741 430 624 527 611 499 579 574 584 473 696 596 488 784 709 770 724 424 548 565 490 451 733 405 577 707 780 448 401 431 497 456
50
1000 1000 914 961 1000 1000 970 1000 861 973 922 1000 983 824 994 874 945 1000 1000 1000 947 1000 1000 1000 1000 876 900 1000 1000 1000 945 934 1000 814 970 1000 961 806 1000 1000 1000 1000 876 866 1000 1000 822 866 904 905
50
1 340 1 305 42 261 1 491 1 1 1 1 1 1 417 304 78 1 57 1 1 1 1 556 1 448 187 230 156 1 1 1 79 386 97 263 1 135 332 23 35 120 1 1 177 506 1 329 106 143
50
853 1000 843 944 800 1000 1000 896 859 1000 1000 981 1000 1000 912 879 839 1000 1000 828 844 866 804 1000 1000 1000 845 893 948 1000 1000 1000 1000 817 1000 850 1000 865 953 1000 832 856 1000 974 930 857 1000 1000 1000 1000
50
42 17 1 1 117 284 236 1 1 7 254 374 213 349 120 419 37 174 380 23 384 184 628 454 424 361 305 487 549 368 462 623 191 578 268 266 483 705 776 687 462 877 431 672 897 784 702 781 453 457
4
259 43 7 1
49
1 1 1 1 1 1 1 2 2 2 3 3 4 4 5 6 7 8 9 11 13 15 17 20 23 27 32 37 43 50 59 69 80 93 109 127 148 173 202 235 275 320 374 436 509 594 693 808 943
50
555 642 830 529 154 403 75 215 418 999 765 865 79 797 604 973 582 4 735 547 674 375 553 678 472 862 224 451 437 216 323 323 885 746 452 339 836 782 726 353 896 542 306 347 291 802 171 124 737 1
50
1 1 512 33 1 1 559 1 1 369 110 422 3 1 387 1 532 462 158 1 1 1 438 152 527 141 149 244 1 1 128 1 1 56 351 1 1 523 1 1 1 361 384 1 1 570 1 429 1 104
50
1 176 1 722 78 688 1 159 602 49 795 9 193 684 982 612 656 402 203 772 733 164 484 759 1000 648 259 602 1000 1000 989 747 1000 1000 634 1000 1000 749 1000 662 916 1000 1000 810 943 1000 767 761 1000 1000
100
1 1 1 1 1 1 3 3 3 3 3 3 3 3 3 3 3 3 3 3 3 3 3 3 3 3 3 3 3 3 3 3 3 3 3 3 3 3 3 3 3 3 3 3 3 3 3 3 3 3 3 3 3 3 3 3 3 3 3 3 3 3 3 3 3 3 3 3 3 3 3 3 3 3 3 3 3 3 3 3 3 3 3 3 3 3 3 3 3 3 3 3 3 3 3 3 3 3 3 1000
50
500 212 369 232 853 423 755 1000 243 1000 667 709 796 110 1000 153 437 1000 430 221 459 1000 460 916 123 897 869 953 364 1000 1000 626 1000 1000 948 726 899 1000 845 591 274 937 1000 774 370 596 1000 493 934 1000
50
281 453 61 104 785 931 397 553 148 397 928 385 264 501 368 19 189 673 890 732 750 125 250 511 96 771 703 99 193 440 883 241 36 407 713 527 878 988 743 789 589 697 865 200 41 67 937 994 812 907
50
124 690 814 254 87 436 550 117 224 163 970 57 250 144 339 940 264 280 172 230 522 408 260 107 209 27 906 159 470 546 323 239 322 751 606 890 699 638 74 41 696 750 685 944 610 237 943 303 571 691
50
416 143 411 227 419 128 308 138 223 466 242 392 154 314 319 89 438 220 401 54 155 203 270 427 333 181 153 437 155 292 369 236 102 333 372 165 149 360 41 129 165 196 229 228 1 55 1 177 1 29
50
684 457 686 697 681 499 415 402 455 536 684 762 585 474 636 602 658 736 522 757 704 668 459 443 520 538 733 723 448 748 502 623 719 438 787 769 655 438 447 686 483 765 548 454 591 661 775 474 690 786
50
310 1 776 897 1000 352 283 1 1000 1 508 64 1000 720 1 472 415 1000 539 473 368 1 710 1000 1000 236 597 209 1000 480 1000 916 672 782 698 735 1000 295 451 1000 1000 717 1000 558 1000 385 1000 331 1000 704
50
847 808 500 693 56 88 318 629 377 220 630 988 591 215 224 500 827 390 907 884 278 299 531 824 43 340 871 719 108 710 300 403 588 901 345 503 820 875 202 208 558 834 671 340 105 844 223 117 867 272
50
600 703 913 340 126 348 675 357 893 702 613 375 117 819 24 265 238 34 701 75 611 122 436 961 829 53 699 312 148 24 865 748 850 487 248 518 678 698 446 951 757 342 531 686 32 223 218 135 527 864
100
1 1 1 1 1 1 1 2 2 2 3 3 4 4 5 6 7 8 9 11 13 15 17 20 23 27 32 37 43 50 59 69 80 93 109 127 148 173 202 235 275 320 374 436 509 594 693 808 943 360 324 26 626 869 571 935 141 283 586 477 952 852 490 48 508 375 200 75 681 685 381 906 20 725 750 222 220 789 734 825 332 337 864 407 565 812 276 352 913 502 300 991 200 299 744 251 566 944 497 536
50
20 542 255 755 373 398 336 122 741 215 837 981 117 801 246 548 513 530 173 158 752 44 190 598 714 305 898 558 177 476 266 188 443 901 992 594 280 718 493 128 462 510 699 440 776 806 202 804 120 926
50
21 162 845 107 59 274 605 505 183 372 256 719 894 757 260 86 690 292 294 97 339 679 168 912 828 392 832 325 732 329 350 857 772 626 7 217 962 399 15 421 379 730 669 856 419 503 719 51 327 451
50
824 675 833 791 889 61 356 629 361 266 958 839 921 523 290 234 127 408 267 677 902 672 855 953 585 997 284 916 607 82 442 821 252 528 649 566 598 546 247 772 313 971 391 823 785 110 549 333 549 196
50
545 103 443 684 925 718 298 603 890 55 401 394 917 897 655 101 80 811 985 554 302 83 432 976 558 288 213 397 906 490 406 599 9 971 897 545 127 345 745 150 145 61 502 987 525 915 818 181 498 69
50
457 669 641 679 669 647 518 640 496 530 748 466 462 451 694 624 401 643 751 582 574 491 455 603 433 457 657 799 579 780 505 657 472 690 497 566 520 437 689 774 629 580 744 526 468 497 685 572 530 678
50
440 794 478 1000 705 582 1000 474 400 1000 544 1000 579 1000 669 1000 421 1000 835 680 1000 1000 595 1000 1000 1000 926 405 560 1000 477 762 491 879 1000 832 1000 1000 1000 803 403 1000 584 630 1000 1000 926 646 599 1000
100
222 140 163 481 107 882 92 553 702 982 556 696 343 229 837 474 29 549 218 90 275 789 815 477 488 813 959 688 726 974 846 822 755 401 783 414 178 399 338 494 257 223 740 957 357 786 995 17 408 907 203 59 604 485 617 389 410 891 885 629 120 256 244 350 552 827 735 854 70 698 855 101 849 868 1 712 366 79 912 160 869 72 46 460 390 378 657 566 45 963 587 320 349 660 161 786 631 775 322 674
50
1000 1000 1000 1000 1000 811 1000 876 1000 806 1000 952 838 1000 827 1000 825 810 950 1000 824 1000 1000 1000 1000 812 1000 947 1000 1000 846 847 1000 1000 895 866 1000 1000 1000 1000 1000 1000 1000 1000 1000 900 934 1000 852 965
50
620 917 207 159 143 902 316 220 493 504 546 480 539 222 70 342 500 9 198 28 695 932 200 842 112 684 759 934 429 602 442 899 321 141 709 45 136 610 337 375 363 966 109 194 696 569 865 526 228 545
100
1000 1000 975 1000 810 942 882 1000 871 975 1000 1000 1000 1000 905 806 1000 897 1000 1000 1000 880 1000 867 1000 986 906 885 1000 964 928 1000 858 846 897 1000 935 985 1000 1000 917 871 992 1000 821 915 944 1000 1000 813 1000 809 1000 1000 858 1000 1000 1000 1000 1000 884 888 915 979 1000 949 853 879 1000 866 1000 993 1000 843 1000 829 1000 890 996 915 1000 1000 1000 890 1000 1000 822 1000 816 878 1000 1000 1000 906 1000 1000 986 1000 831 914
50
659 481 448 230 962 264 748 760 644 161 112 210 63 542 882 663 968 702 780 430 142 901 697 494 880 454 680 364 60 21 272 610 427 959 72 756 930 831 69 847 268 552 398 857 458 498 794 200 435 266
50
219 1 1 1 140 1 1 168 239 299 192 112 61 361 389 1 78 351 348 290 219 388 427 90 500 516 144 367 604 307 324 544 326 325 476 438 432 387 584 262 488 292 648 477 601 827 446 366 657 657
50
533 957 817 808 523 836 28 176 170 822 263 96 905 327 739 988 356 547 352 874 34 244 867 590 862 342 272 982 884 130 493 241 539 544 411 184 925 204 439 597 686 735 499 121 614 950 272 122 643 501
50
1 927 1 468 1 32 1 1 203 445 1 1 83 399 1 1 208 130 378 1 1 309 1 1 1 236 1 604 1 1 1 1 404 687 1 1 346 1 1 314 1 1 1 255 1 1 1 1 1 1
7
1 1 1 100 1 1 1
100
1000 1000 1000 1000 1000 1000 1000 1000 1000 1000 1000 1000 1000 1000 1000 1000 1000 1000 1000 1000 1000 1000 1000 1000 1000 1000 1000 1000 1000 1000 8 9 8 5 13 16 1 9 9 20 1 20 7 9 20 18 16 16 19 5 11 10 14 5 3 12 19 9 19 12 18 18 20 7 10 20 6 11 11 7 2 1000 1000 1000 1000 1000 1000 1000 1000 1000 1000 1000 1000 1000 1000 1000 1000 1000 1000 1000 1000 1000 1000 1000 1000 1000 1000 1000 1000 1000
50
1000 858 992 948 920 1000 964 1000 1000 879 998 1000 967 841 961 1000 942 875 1000 948 865 1000 877 1000 911 1000 1000 1000 1000 931 1000 855 901 1000 994 998 813 954 1000 803 1000 1000 863 1000 956 1000 942 1000 875 1000
50
175 33 262 846 223 470 691 425 887 69 228 989 574 62 772 581 364 9 157 593 843 973 943 329 814 182 261 690 159 824 869 951 335 658 467 976 792 193 931 820 755 359 245 433 974 818 676 217 413 142
50
993 308 489 280 406 93 649 960 504 469 876 858 231 9 21 146 37 473 741 172 832 698 50 394 677 687 776 893 229 432 265 36 599 503 842 783 56 910 198 903 831 719 724 216 24 400 230 598 419 503
50
1000 692 922 862 836 868 1000 943 736 515 820 474 808 1000 1000 929 1000 587 1000 621 440 969 1000 1000 1000 452 1000 1000 1000 741 944 409 870 1000 533 1000 786 468 687 1000 1000 892 770 687 557 639 1000 565 876 815
50
676 573 472 1000 743 409 1000 664 955 903 831 539 543 1000 715 829 1000 1000 1000 1000 732 1000 630 772 959 723 1000 455 995 688 603 1000 478 1000 609 494 965 930 1000 620 416 836 1000 814 1000 423 1000 426 451 1000
50
1 1 1 522 1 1 393 1 1 388 580 472 1 1 176 421 1 1 1 321 445 360 376 527 185 300 448 514 502 528 594 1 1 1 1 87 376 463 107 1 306 1 460 1 380 243 1 1 562 455
50
468 342 813 686 745 407 957 701 865 528 195 290 358 175 303 552 279 800 100 173 814 890 39 515 253 158 628 83 173 328 283 439 129 711 170 629 953 143 941 134 665 550 351 453 636 346 20 456 204 767
50
579 662 598 756 113 793 397 714 392 939 824 502 429 318 877 821 93 622 793 331 474 76 386 208 839 557 675 267 26 779 661 279 224 496 165 607 872 340 72 543 898 15 683 910 27 309 582 504 888 351
50
1000 923 935 459 821 687 843 1000 628 1000 1000 843 1000 946 1000 1000 1000 1000 1000 579 1000 646 463 949 710 749 1000 965 1000 1000 517 482 849 877 899 918 1000 962 946 919 1000 695 1000 1000 1000 1000 721 653 728 867
50
866 161 779 513 375 757 668 173 641 971 285 36 293 944 847 428 503 69 254 172 990 520 808 105 241 152 951 20 919 844 29 820 501 408 707 284 161 778 259 349 777 143 562 510 621 37 107 265 288 926
50
573 1 1 349 522 520 121 1 236 1 1 1 405 47 312 1 37 422 294 571 1 377 1 382 577 1 1 1 250 552 1 547 1 1 1 39 512 200 304 375 1 1 294 1 511 372 180 1 1 260
50
978 1000 918 884 873 890 887 794 831 763 739 712 781 767 704 647 627 681 594 647 584 542 542 501 504 441 433 412 428 363 334 386 311 336 267 315 243 285 235 230 162 127 103 138 144 124 109 51 1 1
50
823 835 934 1000 1000 1000 900 822 1000 1000 1000 1000 982 869 960 1000 954 942 842 1000 886 1000 1000 1000 886 961 1000 954 898 886 959 852 873 929 962 1000 1000 1000 840 1000 1000 1000 1000 1000 944 865 1000 989 1000 991
50
883 402 68 431 280 73 929 185 332 490 570 342 811 161 482 124 556 6 511 437 685 934 896 739 1 491 541 906 484 85 458 581 972 670 274 529 984 78 842 12 472 702 806 122 369 871 512 423 852 922
50
758 848 814 566 676 693 599 773 671 594 659 864 742 527 701 387 533 504 579 615 294 325 265 492 236 226 282 365 311 190 135 229 391 594 256 315 415 464 133 234 251 456 283 30 277 16 1 176 380 227
50
1000 917 1000 937 1000 1000 1000 1000 1000 1000 903 1000 956 1000 1000 919 922 867 1000 809 930 1000 1000 1000 1000 1000 829 1000 1000 833 1000 809 921 1000 1000 1000 1000 1000 1000 957 871 1000 957 1000 830 990 827 806 862 817
50
496 1000 1000 1000 767 779 1000 1000 1000 707 493 589 558 528 776 469 673 1000 475 876 1000 598 415 988 530 1000 664 675 541 840 742 1000 673 414 1000 617 521 1000 574 1000 1000 524 861 516 465 1000 753 829 617 772
50
30 633 123 359 910 342 285 286 737 905 16 167 823 845 845 333 29 577 1000 364 660 362 365 289 738 928 733 732 649 516 620 496 555 355 637 62 208 792 812 779 57 988 374 94 340 947 617 185 72 138
50
906 8 502 32 68 422 16 753 705 780 317 715 274 702 409 593 750 986 662 678 793 318 337 422 658 804 921 645 245 404 883 576 831 427 311 569 644 177 371 934 921 116 90 963 604 221 95 458 387 888
50
1000 801 747 1000 580 1000 1000 861 1000 1000 1000 493 710 587 901 1000 801 1000 413 625 891 958 995 1000 1000 617 636 1000 934 1000 1000 1000 1000 598 1000 462 562 829 963 1000 1000 1000 823 1000 722 810 1000 781 579 1000
50
707 36 277 267 527 728 844 595 633 879 986 433 413 428 273 976 339 647 336 976 765 967 956 631 999 909 956 868 856 852 271 574 420 297 972 222 501 330 547 865 134 810 919 611 279 714 24 602 162 50
