100
58 15
3 3
52 6
80 86
94 81
91 92
83 85
70 93
100 100
81 99
69 68
83 91
42 27
80 93
84 89
60 40
88 30
45 78
59 75
89 95
59 23
17 8
32 57
89 100
12 24
91 51
42 8
67 44
44 76
94 99
2 3
4 72
5 72
95 95
90 85
81 94
97 98
62 4
92 92
96 88
2 4
38 60
2 5
2 6
68 20
94 90
19 30
76 63
40 78
87 97
99 93
3 6
100 96
6 8
82 75
92 56
24 60
100 94
54 40
34 69
35 39
89 88
87 98
45 6
3 4
97 87
49 16
44 78
67 75
97 91
19 74
22 16
91 3
84 96
80 99
27 52
29 6
90 97
2 18
98 75
96 100
82 87
61 21
46 33
88 25
91 86
81 90
3 5
95 60
70 69
60 44
28 52
12 76
83 92
86 75
64 63
65 40
91 89
58 80
86 32
