100
5
-1 0 3
1 2 4
1 -2 4
3 1 3
3 -1 2
4
1 1 1
2 2 3
2 3 4
10 11 120
4
1 1 1
2 2 3
2 3 4
10 11 12
7
-921821 564708 925733
-867790 576946 927821
-77097 756037 999460
562132 900823 983079
203111 819504 986712
233752 826445 984803
1000000 1000000 1000000
9
725302 774509 993719
519510 605581 843796
552899 632989 587775
-31386 153368 49067
648056 711100 779589
15970 192241 92729
612030 681528 805629
1000000 1000000 1000000
658860 719969 708743
5
192386 -435404 8000
202303 -442337 33724
-358023 -50618 57412
1000000 -1000000 1
-808801 264517 76469
9
-62465 237602 504764
-535143 788197 729327
201400 -69759 53971
664188 -608833 16136
-33725 204125 1528
372793 -269404 4046
463792 -375403 114831
1000000 -1000000 1
-339966 560847 636601
7
992763 990643 2140
-991518 -991389 4863
-1000000 -1000000 1000000
-999436 2493 3680
-1000000 1000000 1000000
1000000 -1000000 1000000
-999322 998611 4262
5
69028 -132802 371517
2407 44336 113196
-100709 -279315 285051
385590 -403304 421903
669270 -418171 129007
5
2315 550831 4554
-4101 311015 4425
3936 -147006 1361
-3527 501341 398
-4501 -224825 4778
7
-321016 947060 999994
540295 841456 999997
700130 -713997 999976
-940598 339508 999995
994747 102223 999959
-851878 -523698 999982
-121696 -992562 999985
8
-652350 -947917 816206
-751924 -962835 827093
-426125 -914026 952326
-152113 -872976 120687
-553737 -933144 654163
-367983 -905316 344558
-633228 -945053 619634
-1000000 -1000000 1000000
8
-1000000 1000000 1
-386434 -637829 126446
-632430 18825 23537
-408833 -578038 121830
-829965 546115 32156
-569924 -148028 88632
-767491 379350 14937
-585641 -106072 44844
9
194118 -798710 55452
597147 -899377 221400
507545 -876996 6909
-131547 -717367 924049
601179 -900384 73859
1000000 -1000000 1
25128 -756501 796104
230970 -807915 628009
193297 -798505 446996
5
-266656 -765568 439679
382302 -558113 945068
431325 -542439 978585
-1000000 -1000000 1
-170742 -734907 566957
10
1000000 -1000000 1000000
997337 4593 2230
-1605 998336 999709
991077 -999844 998668
-2307 998715 3724
991252 -990176 1560
-723 991978 4455
-1000000 -1000000 1000000
997081 368 1199
-1000000 1000000 1000000
5
-478017 -210322 39044
-279755 -26226 378745
-156866 -210449 253140
-395396 137608 359783
103990 11223 223282
8
7 -902463 1289
213 -414188 1867
-4735 779013 3308
-265 216709 77
3366 -774720 3814
1396 -899832 3980
-3196 466660 4129
3977 15610 1778
6
-579405 -815038 999981
-995543 94262 999996
416139 -909285 999989
-416143 909290 999998
995530 -94246 999978
579405 815044 999970
5
-1000000 -1000000 1000000
-741095 331612 695407
-934116 -661146 927337
-643489 833623 580577
-805531 201 771214
4
-1000000 1000000 1
47267 -581212 30362
-263244 -112388 21360
202734 -815943 34869
5
-1000000 1000000 1
683637 -582232 534776
-395892 432278 25104
749103 -643755 555570
230057 -155971 390705
7
-499551 893879 823835
119712 762564 187057
-572287 909303 689468
-403052 873416 947619
-1000000 1000000 1000000
232289 738692 105323
-630582 921664 865976
10
-1000000 1000000 1000000
1837 -2547 1351
-3022 3413 2484
742 -992255 1904
1000000 -1000000 1000000
-2756 -997172 997042
998353 999474 996953
-1000000 -1000000 1000000
-994117 -999018 998875
997859 996083 995461
6
386486 -118147 195805
304679 23796 180068
418618 133487 84056
296030 -155027 160915
329568 -27223 200846
401957 32161 188017
6
-859 -195623 1805
367 292389 1028
1042 414328 902
-3882 752123 1913
-42 -733261 982
-4569 830752 2346
4
-999995 -2 999986
5 -999980 999986
999986 5 999984
2 999998 999997
10
657955 280884 810288
572141 602242 436420
803655 -264730 805977
494646 892444 334343
651506 305034 555719
720881 45241 735697
701701 117065 614451
473591 971291 306609
815687 -309787 982300
1000000 -1000000 1000000
8
-122634 843959 688497
486719 928656 57892
-295079 819990 794255
7830 862093 312378
147711 881535 437505
380834 913938 97874
44702 867218 585872
1000000 1000000 1
5
401669 707625 285822
1000000 1000000 1000000
714999 860734 659818
829825 916843 968332
210508 614214 57649
9
240581 -755859 127488
356496 -793124 38072
544439 -853544 77542
169322 -732951 22137
301155 -775333 67041
-793566 -423399 461677
1000000 -1000000 1
-477036 -525158 380200
-449383 -534048 373082
4
-1000000 -1000000 1000000
997222 994966 971
1000000 -1000000 1000000
-1000000 1000000 1000000
9
-258273 -298825 381097
-237435 -203682 389944
-329388 -40689 359970
-690222 -156772 74750
-277670 -442584 313741
-149531 32876 277320
-267742 -370239 356699
-302814 -17166 349296
-167808 64765 257244
5
3313 255003 1896
-1851 787069 1773
425 -819225 2300
221 -848955 1580
-3378 -315791 177
7
994753 102216 999977
540299 841455 999990
700134 -714002 999968
-940584 339499 999985
-121687 -992553 999981
-321009 947073 999979
-851885 -523695 999994
6
509206 213557 141732
-171028 568023 24594
-1000000 1000000 1
87959 433065 24860
-278177 623860 67788
963807 -23341 184414
8
-955717 -839781 895074
-920945 -713972 410272
-963110 -866531 950236
-905355 -657566 293975
-936205 -769186 761217
-1000000 -1000000 1000000
-902823 -648405 275087
-922495 -719583 548730
9
-984203 -891525 762848
-940351 -590363 19932
-954975 -690803 513577
-979360 -858260 759833
-1000000 -1000000 1000000
-973637 -818961 793598
-977677 -846705 633241
-956804 -703367 290304
-982101 -877086 766569
8
634881 765392 643956
-1000000 -1000000 1000000
-40508 36086 860369
-405498 -358040 874322
-180666 -115260 835539
463878 580738 681197
-243061 -182636 902242
753147 893099 618200
5
996666 -169 999419
-997479 -994236 884
-1000000 1000000 1000000
1000000 -1000000 1000000
-1000000 -1000000 1000000
4
106077 53244 28024
118280 48653 38827
150011 93836 51077
155410 105561 44021
5
213 -621807 3585
1109 526720 4753
98 -53290 2450
3813 563871 2026
4527 -233735 702
7
-900960 433876 999974
623478 -781831 999959
999982 10 999987
-900954 -433881 999973
-222527 974913 999981
-222528 -974925 999973
623490 781833 999992
6
184608 -634622 68673
-936444 -132279 450335
46635 -572796 148189
-415411 -365754 329165
1000000 -1000000 1
-393494 -375575 324068
10
1000000 1000000 1
879500 723167 279961
835773 622709 779178
937016 855303 71167
881372 727467 562833
872992 708215 602592
955274 897249 17588
934305 849075 121038
959524 907012 57106
943598 870424 252615
5
-1000000 -1000000 1
-995780 -785339 822614
-996450 -819351 455262
-997246 -859811 537219
-995347 -763205 907427
7
-143435 -364880 891413
1000000 1000000 1000000
446 -193132 973215
-463077 -746426 861058
-647270 -966291 843566
402782 287120 971246
-66382 -272904 929597
9
215 996461 996860
-1000000 -1000000 1000000
-1000000 1000000 1000000
997946 -997839 2871
992288 -994142 150
-994562 4141 999561
2249 996344 995644
991553 999225 996391
1000000 -1000000 1000000
10
72773 -245913 31244
-48556 -322573 6025
-13809 -316700 63428
37103 -347671 51446
22778 -274700 74043
-25673 -322240 52436
48376 -335229 58051
6546 -243868 56133
5700 -275045 72379
-2166 -316231 68827
9
3134 774477 2021
-2939 -628902 4905
423 830229 1355
-3835 577801 4661
-284 208296 1650
2258 -495732 3602
4499 283807 3905
4447 204687 591
3439 68320 1080
4
7 999998 999994
-8 -999994 999978
999981 -8 999996
-999993 -8 999992
5
655882 -977509 329879
881242 -992238 798067
574255 -972174 170922
496484 -967091 19474
1000000 -1000000 1000000
10
760306 -885803 586903
764741 -887916 628584
872369 -939193 192411
898610 -951695 252215
893202 -949118 58541
1000000 -1000000 1
690394 -852495 827230
747720 -879807 270468
697818 -856032 807394
876369 -941099 245944
7
93900 -713489 193120
294352 -776872 437092
189652 -743766 278387
1000000 -1000000 1000000
219715 -753272 305158
657042 -891556 848321
518040 -847603 690954
9
1000000 1000000 1000000
235988 881711 728619
636306 943691 848767
-554605 759308 249338
486064 920429 887061
-211011 812505 415247
140293 866895 647736
157071 869493 718698
-760773 727388 149787
9
-475 -991937 995746
-1000000 -1000000 1000000
1000000 -1000000 1000000
-2705 990133 117
-1000000 1000000 1000000
4191 411 3004
995744 997499 405
996816 2209 3490
-998139 997798 999984
4
179704 -61342 54086
220529 -240389 46631
22785 -160835 55960
94338 -236368 93167
7
4239 -130173 3580
1762 -628518 3479
347 716963 1301
-3785 425020 4149
-2619 202685 2025
49 219065 1968
3322 -809881 4
9
-579389 -815025 999985
823208 567708 999953
702047 -712117 999985
-903259 429073 999989
-967740 -251930 999986
265698 964045 999964
80045 -996783 999976
995546 -94261 999975
-416146 909284 999989
5
581644 271861 137370
428133 738556 187776
1000000 -1000000 1
351478 971598 212946
764474 -283969 48109
8
-64867 -208663 125306
-420038 -509219 195795
943631 644758 790803
-270347 -382546 58958
47951 -113193 426379
672205 415069 680368
-1000000 -1000000 1
-328416 -431685 86402
8
-436686 956030 758178
-32905 924513 118095
-481186 959503 948030
-616780 970087 714053
-505851 961429 892040
-1000000 1000000 1000000
-238925 940594 305967
68754 916578 25391
4
-1000000 -1000000 1
860559 -320164 62963
226905 -551697 41520
75668 -606958 36402
5
1000000 -1000000 1000000
454 -990841 4821
-1000000 -1000000 1000000
-1000000 1000000 1000000
-997536 -998935 999117
10
-463748 -322671 234436
-269887 -349162 245460
-413477 -145787 210891
-431432 -172435 220758
-250976 -350530 238362
-280058 -45413 73685
-234689 -315747 237555
-369440 -56371 120939
-299872 -357135 250921
-573276 -212849 111780
7
1018 -635030 4131
-4132 125619 4300
-1379 -145136 831
-4377 656795 4246
-1983 -267429 3571
4868 627120 4496
-680 10806 1955
6
-499994 -866010 999970
500004 -866006 999981
-499988 866010 999977
499996 866019 999989
999989 3 999996
-999998 3 999987
5
-405344 -714561 227533
-1000000 1000000 1
-804602 436612 63820
-882306 660655 45034
-369291 -818512 241328
10
-618463 961489 760319
-570055 956602 884458
-439081 943382 766381
-474459 946953 817629
210861 877780 239339
419190 856752 108467
-802807 980096 974684
-582118 957820 803308
-1000000 1000000 1000000
-752534 975021 935769
7
-332261 -707850 594026
207952 -826312 270727
165458 -816994 342441
1000000 -1000000 1
-885283 -586579 872057
-407976 -691247 651274
-987646 -564132 919406
5
-748596 438644 947594
-210951 -761856 448737
-1000000 1000000 1000000
-728137 392961 810065
-344603 -463426 542112
4
1000000 -1000000 1000000
991826 3214 995016
-1000000 -1000000 1000000
-1000000 1000000 1000000
10
-46724 -333953 262444
-64228 -422251 251500
-149491 -278564 212259
-9819 -604617 93441
208812 -316268 148021
-119236 -543885 151965
-187774 -465400 163277
-83171 -502947 208589
-157261 -561430 79542
-213033 -525876 5411
5
-1377 -655548 464
3093 117525 174
4383 377667 1303
204 -384580 3383
154 -768248 558
5
999986 0 999988
309018 951045 999995
-809001 587783 999979
-809016 -587769 999984
309003 -951052 999970
4
-1000000 -1000000 1000000
-954050 -619457 295594
-976267 -803451 636177
-939931 -502528 79152
8
-677676 590887 652255
-276265 210241 943784
1000000 -1000000 1000000
346974 -380756 902103
-989654 886726 587589
-617443 533770 664740
-488215 411227 973209
601311 -621936 995211
5
957950 903773 801629
1000000 1000000 1000000
804555 552744 73282
938519 859307 708483
792655 525512 16857
7
46698 361228 616560
-578745 -452160 93693
-1000000 -1000000 1
255048 632186 787378
532971 993624 961738
-441728 -273969 350243
-517039 -371910 295882
4
995712 -995685 2605
-1000000 -1000000 1000000
-1000000 1000000 1000000
1000000 -1000000 1000000
7
-225473 -59251 203514
-300824 75951 223863
-149640 -30095 161542
-413983 -76827 187817
-309528 -171535 140455
-482046 149791 79721
-370694 21320 224655
10
2849 -432412 1068
3099 -295874 2220
-4265 -468827 2927
2690 28036 66
925 -828556 793
4051 332034 3299
1636 -673392 2052
-4465 -322304 4678
-1664 -851310 1082
-3676 995336 1691
5
309017 -951054 999989
-809006 587769 999981
309020 951053 999987
-808998 -587783 999985
999990 8 1000000
4
659183 -994156 784872
645376 -993919 816668
712439 -995069 662228
1000000 -1000000 1
7
-380988 -927326 721661
583283 -814118 2092
-505539 -941948 872543
-275174 -914903 776094
-741744 -969680 837227
376108 -838441 132670
-1000000 -1000000 1000000
5
664797 -922937 713870
337469 -847686 69575
786274 -950865 699854
470050 -878166 255765
1000000 -1000000 1000000
10
954688 -927717 898068
1000000 -1000000 1000000
795363 -673552 204217
933540 -893980 853093
926938 -883448 718397
944627 -911666 784668
925088 -880497 867652
778634 -646865 139162
919263 -871205 699377
927077 -883670 799379
9
-991002 998976 998247
-993888 3239 1728
-1000000 1000000 1000000
994961 -991601 999722
-1000000 -1000000 1000000
1000000 -1000000 1000000
-996935 990137 745
-991168 -990671 998856
-991732 -991127 2443
5
-413409 -260330 209718
-304270 65946 79223
-93612 -150743 128157
-434371 -271118 192625
-342456 14885 163701
6
4136 286490 4836
1866 310644 518
1066 558556 3588
1183 816178 2106
-3519 -212907 3322
4717 773817 3399
7
-121693 -992555 999970
994758 102226 999970
540300 841452 999997
-851888 -523714 999984
700131 -714002 999984
-321021 947068 999997
-940590 339502 999997
6
538730 -638582 29938
322871 -469451 985267
383121 -516659 201518
473010 -587089 766805
1000000 -1000000 1
343026 -485243 955940
7
-992168 960883 89654
-978208 891157 205921
-964291 821646 437709
-1000000 1000000 1
-935305 676871 793009
-948481 742685 404191
-923525 618034 937404
9
-235127 972252 675494
393934 986384 794950
1000000 1000000 1000000
-295871 970887 480029
523315 989291 821364
-269445 971482 471008
-840376 958655 233095
5134 977649 793089
-964023 955877 181570
8
-421417 -227762 200245
280038 378126 785899
520800 586087 763414
721207 759190 949432
-100544 49395 380783
1000000 1000000 1000000
570787 629263 849374
-6556 130578 433665
7
1000000 -1000000 1000000
4373 3867 998928
-993224 -2170 999162
-1000000 1000000 1000000
-1000000 -1000000 1000000
-4889 -990380 2202
104 -992625 4662
10
119918 477911 124438
-43152 450449 40933
24950 506119 55164
185664 380104 148421
195414 397892 138442
137294 494216 101456
186612 375178 148479
41015 401505 158052
117381 282865 154676
197023 281297 119677
9
3893 -14757 342
1482 -128342 2560
-3998 -210067 4412
-3745 -330081 3584
4965 595735 516
-401 661160 164
-589 -857124 4154
-1301 918472 2789
4744 -128339 1996
6
995532 -94264 999987
-416143 909281 999998
416143 -909290 999984
-995528 94260 999984
579393 815024 999972
-579405 -815029 999991
10
770438 945610 758938
874485 970262 856743
702802 929585 708553
1000000 1000000 1000000
215340 814092 104425
878073 971112 969738
768417 945131 800333
860589 966969 956263
186044 807151 70988
764090 944106 879725
