100
3 4 2
1 1 1
3 3 2
5 5 2
4 1 2
3 2 2
82582445 900800730 3
58258044 380010210 33068057
6588061 246871992 33606615
30598454 701103847 46737472
1000000000 1000000000 15
882251880 270797488 425858788
705644841 36820182 736947223
565633363 383384912 513478492
356866290 920994208 614148811
21099917 192227834 597153732
779650283 673568535 36789069
582525468 169187764 56260222
654779889 402915411 814138567
196729055 508692535 605054988
135989668 272348773 984792725
481363069 7117004 255590214
907221857 712761844 144926747
496685431 130911559 528311658
10163921 487777848 301822216
476829082 508877765 494050050
20 20 11
8 8 7
3 3 2
3 8 2
3 13 2
8 3 2
8 13 2
13 3 2
13 8 2
13 13 2
18 18 2
19 19 1
1000000000 1000000000 15
650508334 819043391 1
74537725 365673919 1
773863947 343387944 1
584949927 244542868 1
508016924 821803671 1
66892741 683398246 1
68178371 461624203 1
368224786 886219498 1
696533005 911227692 1
944016000 198669068 1
902535015 849177401 1
847386443 923715125 1
582979469 550095423 1
120463344 135045349 1
108828236 495578625 1
677741241 611911302 9
64775908 132200685 54353283
368047950 274437687 88905725
491230128 321450866 88937823
629420995 183628108 25652523
139716169 529166847 26126058
412171599 285044552 104704021
7829053 435514704 99782999
396946003 310302746 19505443
87593173 89927736 62382360
5 9 3
3 2 1
3 6 2
3 7 2
1000000000 1000000000 2
1 1 999999999
1000000000 1000000000 1
630992645 458451358 7
152625693 126975081 147571461
196491179 137392292 497258644
625843580 116767652 286313005
298640839 310038457 381206166
608898819 78021403 379739930
507056948 360812092 427928285
266888785 388173876 326398645
630992645 458451358 7
222576756 255126067 9697461
39956429 23768624 592602348
549655770 66765626 3897649
516745053 79462229 497891143
252780119 448360091 426162238
187392488 178630781 568965930
210742097 33889966 525461507
1000000000 1000000000 15
1 418801943 413268387
1 552881862 13139043
1 105441869 513039679
1 111070735 592129188
1 158757257 967456377
1 21451139 787516260
1 2897613 744636735
1 485745032 40522534
1 680263226 306063327
1 359175180 299856968
1 685010917 718658910
1 326513937 124057123
1 23545755 82015342
1 285696130 45602429
1 230383938 204359685
1000000000 1000000000 15
244272223 66311304 102900540
477184993 450468949 129017124
275375959 832069692 6321918
204478483 594498443 4505872
621358855 658749409 59425023
252149694 69566776 88050239
23984932 500519078 32756787
371906386 120794078 11423135
803210298 185823539 78002533
514625722 204299994 15746404
494658678 448572216 82057707
372155881 925757208 30540228
759371893 53649519 55217703
5508494 258128001 18630273
268213254 879486855 46293809
1000000000 1000000000 15
585512965 566700362 862697830
622279304 107183051 613034061
792122849 926224743 560486531
306945685 766977440 253303311
513504007 589359648 51066798
992374747 887655738 239847708
536529017 576166857 204139022
909269432 67417602 750719190
481103711 417745454 110220522
227239561 883100364 83031907
551337141 407481697 664194350
304219995 306765301 197701882
85987900 799118109 558265557
103607272 412955966 102383936
449354494 859077083 749385318
515724907 587153567 12
1 332646004 12782021
1 273835373 458679112
1 258381879 37103746
1 441890712 17060500
1 327639869 580702807
1 14737518 36523085
1 525858783 149049262
1 293352444 51121904
1 374641239 337579937
1 281596839 138729596
1 543432380 471375600
1 215319592 359188024
222354054 385695487 5
119057511 181283094 177006058
80329107 57940107 143860940
192218517 382635815 67703501
140708764 174414599 223373748
142093891 358229163 99486379
1000000000 1000000000 15
32407052 559679777 4768817
806984307 500528441 175413528
452886450 540404833 53452293
626865862 640055928 595875144
101189874 76390166 417814076
715239280 443149123 80741306
284017502 262359181 812812739
826585548 267613481 112402203
689669134 44507979 815566399
777228659 387599961 53048566
402835633 272523364 465244693
260120800 79507671 965773133
435534327 384910472 358694317
341502969 11776333 998750244
937378111 112966206 927656761
775241327 38151300 3
415521326 21055229 347951700
452801051 985930 218390077
201220289 1629378 86437752
981319919 774008969 6
486436041 75907062 901509258
472279151 234600113 285007722
80168624 122484550 815921945
587487503 368162710 749260977
485996029 541160116 10569767
321847886 598491000 186701514
9 9 9
5 5 4
2 2 1
2 5 1
2 8 1
5 2 1
5 8 1
8 2 1
8 5 1
8 8 1
1000000000 1000000000 15
539667407 175418756 773389719
63433640 728627602 534097641
292283372 102021800 979196853
139312747 502441811 625066529
338669088 27704243 375257211
193953342 509407949 253671738
658849618 237588046 83912088
719004134 470020538 731052769
911463734 756400038 928784741
9394383 201626940 939482549
363760066 741294346 114901305
989666135 804727986 696045257
523763775 97011357 798067058
355476978 88840456 153025219
980543507 427509543 33245813
2 2 2
1 1 1
2 2 1
1000000000 1000000000 15
73982813 141044399 1
110771881 576086218 1
19548453 83382458 1
686203370 280111513 1
291258357 416101180 1
128567434 897464249 1
384157646 657202457 1
381600743 6404239 1
909912400 16568159 1
64250967 345913592 1
558301016 272412756 1
578435951 235700989 1
620275001 107765793 1
65029461 793969163 1
18476456 85227519 1
981319919 774008969 6
109105218 244073302 70227645
740183351 264862785 82593030
323280597 151393104 24287436
149006552 473240989 151496770
335708066 381591597 140278849
180869998 571053319 148499815
82582445 900800730 3
72464126 384879709 1
10661344 28418478 1
22400562 476115103 1
443195492 720230918 9
394478567 497433948 445939357
251358693 237021155 374203116
313701902 630864374 655512062
396480485 476996573 223739182
397010036 261808118 223822740
62586472 717263014 283520413
29627294 53205235 56971190
265082217 376031517 456377858
415826379 46618070 209144951
1000000000 1000000000 15
64033956 640903754 122699897
226992858 745977244 3137741
469459430 521856570 13704124
949352825 803913859 25682043
146055256 937237744 38546412
455723893 850734741 15331779
446114367 135037621 36779448
106276884 905021916 108309940
410280638 280817458 84126571
900311115 306932227 99612873
206113325 223482534 95019407
878006549 450475391 80811334
881144290 919934820 86270127
651060873 721803996 899226
676742915 867859251 48852209
1000000000 1000000000 15
1 235572955 733627157
1 414578411 3354655
1 624124094 884970395
1 548796047 772094629
1 635609064 927432117
1 543312553 812117560
1 193989643 12214767
1 88159410 644455835
1 346615932 490887706
1 860215451 127526483
1 980741608 215615788
1 861799322 630194199
1 281662152 106834644
1 588946913 508147041
1 746814309 143756105
82582445 900800730 3
17801749 85794302 409003067
81162413 851932095 374799233
11571693 374428965 539341159
646013996 756840488 13
334683337 430187893 153859091
406987153 21289324 567980623
161754785 539835530 70322284
405600452 225050665 517072731
301116547 628818854 644201649
153069211 159120059 28365490
88706132 189937709 243533937
468530541 396636744 739363352
640234472 387346694 599225666
589510340 355228127 208582505
88040688 579084971 4967724
143284609 130616467 26257049
65251235 181544760 566092578
515724907 587153567 12
397540752 297106742 211689755
173273852 84390467 354879942
15771439 168411378 383228187
12618030 244766474 313288511
55975167 165578201 531399602
53806874 365979703 164175030
472902725 563642306 363327223
287406576 42973845 152887816
511121266 498549126 535347789
367802589 288095590 234919328
81288796 85327414 146003123
507264528 388303226 230393592
645520115 656761725 8
23636132 13094563 562615712
560046524 500475650 341977719
622593634 192590746 351193507
33630527 287652381 75440128
580617881 98640222 294686754
199188873 199624334 620166583
297222708 326860850 176756440
282929213 582610019 556151199
914181057 245370531 6
664857571 200290359 628818854
394878162 143917910 787938912
265903081 23182381 63695564
789815400 156244793 898051260
295876160 186394139 371216897
737761255 165819353 726445023
677741241 611911302 9
361912644 195098555 115325624
546912665 247335365 429119742
244665131 264508879 322411829
581868357 132603144 640512251
205603061 229978181 516319059
567764311 110931340 84926815
91128501 447440213 469391176
147991066 589847810 541930972
313388377 173141304 303272045
3 3 2
1 1 1
3 3 1
1000000000 1000000000 15
811327782 617766607 876432942
528953973 262129915 700862506
466659267 183722214 131478575
717647379 65016183 91057604
799899413 319015721 457165289
783011942 44176780 997261158
408150698 104598492 589227140
450452238 794771880 290501229
414183432 477638504 210347595
87188098 816091185 119921214
158105845 912204278 425981331
759431797 231286990 561736061
853384712 999998585 454113238
193880018 242617179 548496847
651775972 915646433 137385619
1000000000 1000000000 15
748084878 176099496 803283058
777828004 622213862 790837029
201905783 728490745 548375296
826613499 138771382 829192754
570648637 891598848 988641331
168275081 97712173 212123865
554288927 828235073 662599255
391312721 561895714 435050426
897676731 212956586 9370773
912987304 889699500 729746375
865535620 490300730 905845870
521335028 120645085 380576083
164688408 322550868 109066830
713063703 1680718 100354563
394772808 424845706 844469761
1000000000 1000000000 15
788699924 36732791 1
128274122 726664750 1
60579793 59356812 1
881630972 97816611 1
451084596 126566148 1
806200461 142551472 1
428097164 257776003 1
242079547 697178262 1
215616912 104900395 1
55996688 935593103 1
457556298 576809378 1
489167537 705083499 1
536907641 618179644 1
495737762 499810615 1
104321005 803411562 1
1000000000 1000000000 15
431668657 768817582 16034646
76672890 123299229 667961385
645392248 312669117 755383943
764207029 827798837 963269847
723099862 618263962 985016687
177571319 653351808 929414869
899546844 468976974 714483191
957204807 379280012 409533493
423802698 122996773 500438304
290840817 758838596 531472212
207367867 43023604 152806145
75918863 119696494 128621725
596396598 765088741 293807192
351780540 381812121 121606031
167566737 104911982 592386342
645520115 656761725 8
620789530 236208421 52866518
273127667 173861810 11477061
348932744 10067655 75769356
6779654 457881717 59048000
254021568 468654942 13065657
27149072 321684315 98187850
403414975 377652904 28476306
346076121 367424847 89792733
1000000000 1000000000 15
275707495 462128374 117376949
99309472 890225538 116954063
964383981 132305084 39535661
550591290 200438347 29747959
960449486 108951386 61644953
164720947 419024035 122056554
553208847 908191572 99750289
520877847 445099212 72432712
547903659 793353326 70256898
525262433 750190682 99071795
629187354 25898176 44802392
875663746 977723999 45743169
232432493 794624331 30564604
433863149 197731972 116314854
592710551 10697809 63371243
1000000000 1000000000 15
922651340 414987717 5940656
988153790 335682439 80266526
57465628 703907224 77201263
543338160 252956581 99144195
940129095 196972580 39614374
737783676 99507594 114195110
354481647 799410388 52321583
336853537 234906208 86019229
515129721 207885903 73580930
937948773 169230490 67173126
35087847 944398182 62066958
815625166 932551971 24862412
57786687 842533950 97683764
891200410 238388461 92441456
635841824 31033907 127519039
1000000000 1000000000 15
339314745 441937133 691629804
390240283 5154266 288924336
448235898 75968213 743681341
132303111 335570079 90984809
583325260 814430354 538961192
640340716 514181765 33026464
820429454 182669270 331944012
380108823 593989411 138453541
688320139 452260580 752187767
994135341 404150661 886029303
610721551 743465405 327966436
154867705 986222039 185637052
443792040 434457936 114121617
39989731 419277399 449691696
130974539 855119010 116638401
1000000000 1000000000 15
653697123 159799815 57176597
218601665 4375767 123709658
769728246 887105123 37634531
607829115 31439742 53167382
717723733 330498760 37779775
682737361 893679826 14035127
995727066 940197408 109373700
329638654 652720775 44927929
64580946 625239337 53565155
593906785 162530025 18462680
59235159 816227147 63574399
776320323 887345164 49565961
900029981 509589761 32974975
726672523 117418875 46030513
296237680 687658960 118330384
515724907 587153567 12
349733748 579832428 20612064
232014786 470269172 58915913
354369574 485048185 18077734
387592653 529213137 4323960
97176271 28348244 79246674
76355097 316083274 43357138
378263335 218111091 805499
343258823 219928995 65197318
210817964 199152192 11431626
8211807 175583544 29760707
82707694 382459971 53609098
376700032 85594489 75516262
1000000000 1000000000 15
669935731 347976078 1
702962194 20921883 1
34906205 401030705 1
25876097 89350844 1
778063864 936002536 1
664093166 399240438 1
844575953 406624494 1
30213004 850416533 1
144334620 742922616 1
446542667 873897154 1
563181067 396349236 1
46517583 951827782 1
860007016 839250338 1
120002211 865126435 1
684774337 643190298 1
1000000000 1000000000 15
1 593120786 942181934
1 147409713 622933357
1 391238785 184829072
1 141431867 250302008
1 54419171 140001510
1 772471142 482818590
1 146322522 603463674
1 311010929 778530892
1 24074632 780211610
1 418847439 57573666
1 654777928 650694452
1 102832281 650620516
1 66002240 41859301
1 316738975 183291167
1 576846481 90226688
829067890 379886508 6
474849378 143284608 58389066
356651620 94776823 435199042
288941524 245494191 362153814
713774712 150578745 224117345
109290973 71927332 29708427
153275160 18708878 54283999
645520115 656761725 8
436782288 148922485 321819402
412036700 157299979 380137690
210650938 189432138 111001830
487603264 543251982 642837218
174449968 242273344 177514000
49206190 71035757 444944878
22141421 458850386 497539947
616898335 135809017 264245163
677741241 611911302 9
111420631 404773840 361446093
593436019 469549747 181897036
324931667 45596531 390504784
97908740 356736794 34214410
609241348 374246486 583834015
601138281 333872791 320999694
89744821 199963026 474384369
334670564 93532153 663979268
186036089 244558352 50620969
1000000000 1000000000 15
62488748 772452668 961551757
655425356 963036071 26925807
241941946 374051948 16251269
488075237 525545239 874880480
23857857 551368877 51576630
672312930 752164946 652317382
574527702 308590973 245055545
567791285 69870622 181788526
169077193 455260470 588361002
622249075 29390829 549815336
579385683 91879576 174784354
393453791 747304932 137820425
420379597 989246877 364388723
436630864 329838465 889933961
164027696 206212673 293819189
1000000000 1000000000 15
207708538 680721838 1
288449843 964739339 1
953778932 643841238 1
66181135 186026724 1
881747533 963255382 1
787312448 218607366 1
105073491 478728165 1
923362974 914262491 1
282057290 255765460 1
133323885 45659922 1
60980646 105884811 1
284302881 394334654 1
769984296 200629937 1
523279191 266811071 1
26114769 1074955 1
981319919 774008969 6
510273120 699875016 698942287
320383577 362524353 88975583
738339273 59121562 150288732
840047270 90530008 314193409
761733480 14791415 558266710
21594720 362820005 223663785
645520115 656761725 8
1 307357087 291351623
1 642191597 2014745
1 617737426 345287026
1 299069443 7960541
1 591183604 268940367
1 107811425 614607774
1 652682317 652446200
1 180913423 486140977
276331148 523845209 11
48209809 250095716 77276434
210673799 439879373 485702440
151807127 360594446 355424335
28228099 366123069 191943922
95045344 2829009 218634947
2113228 176135770 344731251
175771154 408105321 397527798
192525896 480220172 153319154
3424116 462600955 209305639
137861963 108938225 161615223
137861962 491113355 359608124
300075619 443205700 8
159742507 302924608 62343210
213847280 281308946 14274564
193162134 275248935 498931
191757739 83558 40237288
275458958 170542408 341701675
163043714 314292109 166930490
262910023 233226186 82209523
77532747 127427941 412026517
1000000000 1000000000 15
1 878525602 45984137
1 305569655 207091460
1 873360940 129478433
1 894954484 584738902
1 369719911 466646081
1 949105593 558525658
1 342559383 158346941
1 762938979 110169
1 52086195 329948633
1 216113890 536161305
1 284234564 267203259
1 857188971 572772913
1 675198921 298650204
1 674997396 46121039
1 115673224 415840949
1000000000 1000000000 15
573704781 589893463 64115031
604646397 446244433 498885691
707718601 28261806 747896547
346874063 66658424 409916830
784912539 858519670 215583311
270696097 986332413 571513040
546630528 938225247 699326224
125197674 801890850 958569630
901154925 598364666 70550648
724744451 972941861 558875817
861594576 399162994 1285631
925709606 3809390 447530063
424595296 564044342 328308220
25008195 910918404 247482995
434925024 548347295 106002666
20 20 10
8 8 7
3 3 2
3 8 2
3 13 2
8 3 2
8 13 2
13 3 2
13 8 2
13 13 2
18 18 2
630992645 458451358 7
1 358456770 507465032
1 48165776 232098048
1 143622677 181537228
1 10338298 625826736
1 206829477 449540811
1 233084769 566308462
1 245815536 562668702
683735049 13045801 9
553954476 4604586 113484099
445951999 8032512 639054021
176883414 6139022 656434525
369483993 1041483 17837354
52764122 2612592 410750289
173306761 1597411 595247470
72079712 2626512 244105999
328283193 9620692 38249477
186446313 9762397 410768996
82582445 900800730 3
38854399 632765417 241666982
19164072 201242592 117614073
48330719 303772152 443692284
82582445 900800730 3
4526520 783686291 666139102
58350885 94511014 398103790
52270532 23146398 253464193
515724907 587153567 12
5593670 458714969 1
151521066 134244726 1
86037570 304080471 1
477590312 86560611 1
86207673 296928007 1
501616560 511060734 1
157717335 154349005 1
300890390 46510547 1
430908085 340497518 1
1817905 291562185 1
122080517 284000494 1
433882960 435521559 1
1000000000 1000000000 2
1 1 999999999
1000000000 1000000000 999999999
1000000000 1000000000 15
571528253 401243348 83019722
139481060 91048812 42958627
196511169 755505973 111685280
617323145 851885975 41256863
554881857 651448375 86648710
958481983 856931500 76538833
190583404 212857699 55707466
411015878 989325462 117033848
298976939 6112861 115688737
25823639 176696149 117645949
200796070 748224401 16902869
703909675 740221813 89567476
761279650 936732981 70476785
532873497 554056125 65873551
574130359 961454334 71824705
1000000000 1000000000 15
519086371 250300842 78327175
230827195 469323221 318502662
8484558 470931118 253441074
839877052 411020849 923503868
868549126 324782255 575135089
157692293 480025904 102321051
547925376 475631608 578944576
958818278 306930382 771729369
740155737 491714014 499995962
265201463 345232872 976875082
234608274 395971427 621662495
607311972 736313189 482153979
382635058 686551600 610076821
203570966 596751770 494161193
199936526 861170066 823256974
1000000000 1000000000 15
562169002 189725733 817568607
92528424 8342396 879573043
838568176 956592700 754504734
301638840 461836068 104030099
955208728 239552088 116620024
350413007 11025346 473682723
871096795 444512209 869671939
460216491 832608111 587616335
576656293 805176680 202270312
134542783 788753130 733160780
886314376 422649863 87964796
799624965 933998600 188534767
896183803 663857103 901788220
10732122 831129656 816995954
579320014 986287936 535962999
981319919 774008969 6
1 293945841 375056888
1 442952393 848297876
1 4651489 837734711
1 185521486 809322319
1 695794606 135722655
1 624023422 83625109
981319919 774008969 6
962772047 196198965 731911827
774338331 687617274 19032830
88240921 658823059 136225820
216746723 668448609 486272731
776299103 682276748 882425225
139962227 302353124 360095173
1000000000 1000000000 15
592216342 370396320 413719890
137060592 218639738 353917298
633732623 548278391 6638074
822171344 465375688 484393760
875736498 59282472 646923785
425008302 971033982 315667283
134079920 747354305 203012447
700043656 499900637 712602208
5628867 226573159 682537434
195170171 375327190 222712744
862693882 967543531 593109065
128930123 957120475 811748802
482847420 443369449 212543544
342001843 265540792 530435582
826395602 141277290 442234405
630992645 458451358 7
134098303 94893162 5327376
81661163 425580766 93283177
568700761 48188356 5381778
27361785 71011647 79179989
224788607 181066388 56000118
148160365 69715589 66921094
522503902 90576110 86104623
1000000000 1000000000 15
1 134999652 245738150
1 34546495 567231474
1 844267654 946511487
1 268070351 69508260
1 411427520 680863207
1 618795386 723886810
1 547230600 843583303
1 143627197 461188395
1 347924089 843000515
1 515490825 947912498
1 520590600 82912150
1 307621595 969974995
1 661652131 814242649
1 425216158 934829350
1 541734840 346256870
1000000000 1000000000 15
690248181 487267547 687068657
780464333 932267565 931849452
79237232 605296874 739040218
104926450 795748209 298688435
141835168 511439838 591075331
6302868 30063381 185703650
542539253 2573786 602748130
755632088 202251733 155737762
118901344 124421158 820389200
79935769 223461212 943472467
41821171 886778674 550441315
624713767 66771466 371322731
451143948 771275713 38202318
86154431 656288202 358404464
36721319 106369369 665891412
497966661 517772080 4
183884871 141004328 12032253
30817651 454236855 199735908
465572863 94087930 299945849
385419788 98930722 25671201
677741241 611911302 9
388156806 238971243 1
227103044 354964083 1
342428667 44045643 1
657288482 354540712 1
301959069 78577963 1
150470152 350010963 1
666789209 305863971 1
637456096 151072668 1
314846105 364893672 1
515724907 587153567 12
168120079 200495314 231546955
457949324 546424505 345511423
34770393 539855431 499166370
128760339 216721084 230555376
371382171 191277733 112306470
248225176 494368263 291548862
393143848 159661370 474014804
317011946 122365915 173725934
107364172 214401879 260483013
69582646 469926332 482104105
108114446 287482312 581033392
167833714 118689576 456243396
847177914 678501428 14
135525429 617142942 60288711
167617057 432205428 626924284
430278366 275572507 629753293
2247900 316198386 805889062
417696538 278803927 437533856
168558923 495982706 70576114
392595465 537919473 804406960
601901103 424103171 590012480
187568301 474638652 505177813
223843718 602450567 336501327
770715897 228151053 500516446
831004607 621141717 85543960
157623156 372918655 417813587
787376447 600540162 734011973
630992645 458451358 7
385543237 282413541 15538450
55252722 413743697 401065242
21538971 272118131 282636366
324865537 301484504 472037374
305838801 179009364 202068574
158146318 187488436 487039599
49654590 379297570 344159384
1000000000 1000000000 15
1 621462885 542653762
1 132828854 632758159
1 851832987 102778698
1 615813072 711695086
1 625207455 913322025
1 841483872 654616372
1 831150006 311860708
1 207430132 408872065
1 415423461 497712520
1 248483319 777738414
1 456800387 251717650
1 771305543 384546504
1 22239137 88895842
1 4225500 557225265
1 914996603 34949071
12815899 696738128 4
1315965 18692974 21579686
1912647 411288438 559499158
11733868 259182148 193121537
6315058 446750448 649523489
1000000000 1000000000 15
941928592 414264486 99239208
684224342 339569328 324177728
827143917 12071335 115803524
955034438 14326060 570454225
413213325 708663483 958007217
94835877 777535277 487057846
837415608 16128866 932305673
480175711 911090018 968534827
38459799 797236770 569453625
176233186 710286896 355115866
15985325 652215488 769380353
115224532 188956181 961466031
439402260 868616449 973537366
407722133 676167239 840379777
978176357 89380563 549043260
981319919 774008969 6
682359578 116966125 1
963470692 479502631 1
520976458 174342819 1
436658307 556197027 1
88751970 475935048 1
805417416 556059439 1
20 20 10
8 8 7
3 3 2
3 8 2
3 13 2
8 3 2
8 13 2
13 3 2
13 8 2
13 13 2
18 18 1
645520115 656761725 8
632307554 343272282 510670237
526533826 496633715 267657207
303355772 260979826 503865627
350588019 522865882 500528963
567354113 37838427 510596618
362191305 10893250 134518136
511426086 76474735 603173077
173550719 81140586 90897194
677741241 611911302 9
1 463811402 74718767
1 575232032 299402740
1 245007007 25381309
1 569938673 5147901
1 553587488 247624766
1 550917533 556041313
1 294224708 212172863
1 449799467 166216084
1 172558728 13828432
677741241 611911302 9
566464443 112675013 258386783
442210221 114223348 411593713
339047321 250523424 162378442
250587711 110589549 128136085
666183073 513681708 44562527
56802960 64938009 90990076
444647930 6305039 133649507
670743051 180991848 433017268
60007181 250024758 265433632
515724907 587153567 12
25250785 485497299 43100644
239476404 464768774 427396591
111855068 204695191 159082758
262683325 48344594 378812753
111562446 423881857 333279445
369633708 240073751 124342269
281796057 426593199 415408888
227288088 133812147 42123725
172168539 282750568 315738
492470469 238145393 315739
508272952 49110198 99790088
35648688 288586601 564558861
186850671 347148806 11
93917522 34923349 63260087
181101809 21125225 294019876
137736340 174007209 307107207
166194516 47988248 185244102
86066257 178338154 298552353
3811562 135795251 336703653
5270582 301464388 346397566
166371611 140911541 305795557
11060345 11335926 67506286
33210472 298350914 26059871
98957116 113291497 343541210
922675797 145700410 13
831831444 66029711 130529439
686357753 45805369 722214939
435713797 24530517 768833008
860512730 34516860 231852699
237515189 68717096 194129579
732495339 95213193 33063472
37243914 118313913 733673383
490642900 51882378 908087981
714016647 101512116 661615443
276522715 45541272 582508000
51714863 41192757 17262735
802788042 47521797 160295177
300195129 132630202 417021942
1000000000 1000000000 15
214826064 673105036 936034347
469553108 573417129 491401365
727220917 309787496 690438935
300448519 418743207 769483021
96778325 702738328 332554532
509943531 892005997 526492367
12346111 122614843 629551311
826681182 967261720 111479558
318840701 60959903 487957791
609240094 99665428 23096830
732531794 314491491 696201866
668566141 636560951 122135346
12483856 363781867 431922842
702922790 516746738 850666048
324922161 613525062 405920726
208212041 44346693 9
180140865 10646934 160249807
153231661 22320841 21994527
80186266 22435300 74512477
127953790 14744742 78601980
76369768 25391602 93865079
120840391 1401586 58039727
14331433 10457240 35138968
8233341 3552235 122682131
61074630 6735296 4469923
630992645 458451358 7
481274650 428495134 1
537101742 396363683 1
174559272 110453611 1
479311880 68949847 1
494850330 296743855 1
10417211 63777112 1
293053577 102732578 1
1000000000 1000000000 15
695242222 106164386 364946542
454083862 629683270 932886270
154014333 202783047 689216420
258203519 474536112 866592225
69706358 142986285 186906825
700751147 415770246 535165634
119603742 567215953 28808748
569925885 92092319 351399673
882701974 221104353 167660094
41353503 515959015 493652083
498440967 86442524 742426641
182130996 466054115 809476597
867558919 916798901 344235418
387067378 691071177 234585683
69636256 387309446 435221828
682751977 102591843 6
306552578 45800668 265763146
226446576 56273492 47560671
402340984 20140986 328219458
548656896 84622992 168638598
117698091 54518586 37570992
599985328 59295927 563723970
1000000000 1000000000 15
876831604 131636549 890457250
462895414 8137832 243492678
284660212 380044217 364286757
214190803 183254515 402626646
937690555 550396588 606926640
598934178 45055265 908015206
179005457 269727498 686288765
209545684 29099390 739938283
72155602 34607883 998066284
234296666 155337488 730069490
55187138 32169092 714222390
798160738 347580857 722360221
41653416 632241069 102404439
258456523 846431871 138175304
661083168 784122425 688571891
82582445 900800730 3
1 161665726 211354156
1 886843169 250351675
1 311481154 278770155
1 2 2
1 1 1
1 2 1
645520115 656761725 8
13404319 634196210 1
470297283 132232677 1
199213308 557773354 1
521032709 113366635 1
55968589 113094270 1
178212027 401015840 1
186770738 564224197 1
164603044 413748694 1
1000000000 1000000000 15
657476693 123468592 1
36485411 988331054 1
666036721 667528587 1
630032629 986369287 1
117990419 595609381 1
141087248 180657526 1
689805465 849223666 1
811940810 714223874 1
96380002 269663015 1
947046049 594585176 1
205483126 104578220 1
503409848 141063630 1
776467764 659616702 1
16787399 289649330 1
318066937 260156101 1
