100
0
1
9
13
011
12345
18215
48359
2078080801
6993391052
0088657885383
7893873476388
7079266484605389907
20403115933963775648
50386135175227026144
474476106171651947854
486398377886909996155
720232626325746153939209
2115455010844935141506175496
4019884883210135722388015050
8704789571143759073336572370
910943474891695323467663471541
7550711435046381322921722063244
8401781291728482549900552533689
01993790023420711686573259156920
487935223992895183034090227197244
4397951276738217297258426824980539
9932725909375431329666983532194457
78171543263805247479204533111050266
070291427369223050695316554626573408
690281625777659279466668484720561413
1231277343384914133616522653433706665
9584038127397204782666665988401439570
73314026056740922270677522147766188329
402990642315406142436437356394369574049
910885834461500791397347611786012737410
0000000000910943474891695323467663471541
0000000001993790023420711686573259156920
0000000007550711435046381322921722063244
0000000487935223992895183034090227197244
0000004397951276738217297258426824980539
0000055005055505005505555505505000005550
0000078171543263805247479204533111050266
0000690281625777659279466668484720561413
0001231277343384914133616522653433706665
0073314026056740922270677522147766188329
0306600336063666336066636633603660303033
0402990642315406142436437356394369574049
0486660048264624040800860486262284044288
0550005500505550005005550500055555555505
0550500050005500000005050550550500005055
0550555500005000500500505550555500555500
0555050500555550555005555005055050055055
0606330600030063660030300666060060603366
0660366306003306306666633363366360663363
0792715984269871056479861676100333831516
1111111111111111111111111111111111111111
1674162847265931340109234203963901190352
1777061433414826771680340777147139228940
2163012568883580831999926515406800471214
2307385871052113380640669918096656953652
2638016856399883676132486903026365724754
2989100921459342167517913116637116887564
3221960481603386235362713043740319531105
3254435714756556593766989254630809481659
3303603660660630033300600060660330663330
3333633036360000006633333363363633333633
3336000633330033036660300033006366606630
3666666330303333036333660606066303666636
3908307522091159256609944016904973511035
4006284424804202620884402224264246048448
4268820204244886448260222820222620866026
4422828482204684608664004820602426064484
4444406448664604226044806264040804680288
4474419305116439134602266958528285765621
4505096963731257026426730653075995017332
4751435644204038096356783641955286465878
5000550555005005555550505050055000055550
5005055050550505550550505005005500055550
5314121750327293866590500558389395420176
5500050500555005555055005055505550000050
5505005550555500005000500500050505005505
5505555000005555055550505000555550005555
6026880402880046682088286888608804846844
6033306603666033366333063303036660366330
6630606306600306606636300003006000000306
6660633003063003666603306033033330303366
7199049226782243312517405444315207103612
7201996018986579284648380937992318317118
7777777777777777777777777777777777777777
7964572543157616917564398284477551345978
8171508857616741234160435655625518881783
8357175053678932640295131443080294103887
8426206646688200824024060888002862224046
8622262086482222026644840066240884800426
8626444628028462844004684206866444860228
8826244442840002064664246480440286806202
9183843850372659640579377425481820243631
9537457155017884452435364196227116067525
9801035214975249919263953296560042192831
