100
604701253731366 514377328060216 604701253731374
7 31 292016135695981
2 8 719488542040142
152940462116849 562949953421311 1000000000000000
8 1 17
64527618115053 461876805435182 126252729767419
9 3 599782348936309
162779287173384 562949953421311 1000000000000000
530005616113635 609853324484610 530005616113644
1333 575827320455946 972830498751479
16383 134215480 541322400721575
2824 928917048142954 799880646908891
200393709743203 342020063210049 233674024058472
178 589879057374518 508529412049500
2605196 625559663000641 750719963551118
183109862369193 938141894979776 183109862369198
15 646533702551496 970965530957120
16 124 212760926613136
7 11 781077043917936
63 2026 337645774756855
8542 651037660202638 939822169796377
32262218446047 530271706026685 52257583689943
2097151 2199022777675 84182126098280
116974220 819318739900166 657865571430149
49 566242672621894 505178422051310
72 956440648285102 666018062004459
6 10 727248569897563
4 6 612714886456614
8 6 973914448701124
221465851 742011264702791 971397761996753
301479884856864 270981371180829 1000000000000000
512 130852 640707738327959
2500194 744802813241449 687307552773052
97281213787697 707859273682415 716634639084809
232141734231821 880293169406789 705609846078602
16 123 852143873789080
851571944864613 669438443234266 851571944864618
8445095 973388907590087 574411336666242
991463228078100 328356711897608 1000000000000000
3 10 540103518740512
356539572773496 1000000000000000 673406900283622
2999 663601201491111 991952636042397
226233813954500 494521790693062 332018048275809
39 822445842442518 758456284349494
315518586660996 562949953421311 1000000000000000
174650846187844 650775307765933 174650846187854
142 701549782607500 558160110972055
271776002716092 341976890717291 485798179490638
5373 684524715221318 755054466495301
1048575 549755797862 262502877975500
203027511890756 562949953421311 1000000000000000
206379463555565 766091455709344 483245407671621
497018020812751 134776255443602 1000000000000000
363803974305541 680152301648266 1000000000000000
51190892923725 575057245061934 51190892923732
5 10 856486407689653
247490301180539 562949953421311 1000000000000000
71857028888409 562949953421311 1000000000000000
24 912731254124865 929793921723134
13 6 20
2048 2096966 278391585094322
125558 791167104954089 519981143363032
5 8 516532415366069
7 5 648177525383941
541712314467854 472941753160821 1000000000000000
4 7 822946038219093
8 8 632263824085292
785955464984301 1000000000000000 943294741212727
982464843953562 650892690657959 1000000000000000
458609369199693 562949953421311 1000000000000000
629940152567358 526608228987305 706517645747952
60572 606842728362523 907650136948965
6033774 600069844419877 696543029968816
218933743 946465672996787 879345722844737
6 1 666093320606359
4 10 989371864045036
46638344346542 562949953421311 1000000000000000
67652394244645 758171309473961 1000000000000000
145531756136372 36755709983249 301864477481782
896117184035107 642311601246944 896117184035110
582701556845620 1000000000000000 628975395183769
64970610 810007382010428 502536184698291
33554431 562949943243348 139148321836102
303097890871885 1000000000000000 398899034717305
339 637841750673736 599723766329433
115470 684024599036474 845241685005744
961273785537221 907439471350548 961273785537231
3522791 782737815567188 953147792712419
535 732393761547833 807470870184778
1023 524277 567832038725664
8192 33553270 603017012996402
2 4 716839510287112
1363 820455715750065 927024594663559
13 827248493197265 742909768677453
8318 819890907195929 751706656805006
7492 661640077107720 950679486313658
573422291426423 1000000000000000 828167319436686
2 3 680388621982193
49001595 557713143913325 865803599391002
104040280655171 744177662742384 297333202371643
