50
2162792864001 45
76 24 86 18 66 78 10 58 50 72 84 44 12 60 28 82 70 16 36 46 98 40 8 20 54 62 74 90 68 42 26 52 6 48 30 94 56 4 2 96 100 32 88 34 14
10000000001 3
51 23 100
3900000000300 2
30 39
33356539273699 100
70 29 39 60 64 11 45 80 76 34 82 99 14 35 95 78 92 7 41 63 52 96 4 100 81 46 71 54 43 2 59 97 73 90 69 23 6 15 65 47 48 44 74 18 25 94 33 16 40 10 37 19 1 9 85 55 61 58 22 91 28 87 56 62 79 57 49 98 86 31 42 32 84 83 8 72 89 53 77 93 66 68 13 24 75 67 88 21 5 17 50 30 38 20 36 26 12 51 27 3
55338448667057 32
62 29 65 47 26 45 32 22 52 48 72 78 18 56 21 38 1 27 36 6 91 96 75 12 88 14 42 71 37 53 94 74
18843258138111 2
63 27
48128044455467 69
89 24 68 60 5 32 35 81 14 93 44 29 37 75 86 82 83 58 69 77 26 73 74 30 72 96 79 17 48 18 80 16 91 34 50 95 57 40 94 100 78 3 62 99 56 28 20 4 7 22 53 97 10 13 76 90 9 49 41 21 42 52 43 66 92 59 55 51 85
85489289449351 11
93 53 82 43 85 86 38 90 76 21 54
1928732188503 5
99 2 5 1 100
13366794934261 30
17 21 50 43 77 3 76 83 27 20 65 66 34 88 63 52 89 72 31 85 33 67 46 91 84 69 93 36 100 4
1000040731311 16
31 100 32 1 48 46 9 43 25 22 13 12 10 15 47 39
662585173040 12
18 6 27 30 42 12 36 15 21 39 51 24
12345679007100 98
36 49 22 47 54 55 75 39 85 53 98 95 99 61 100 88 43 18 63 100 41 33 94 20 80 19 34 45 12 83 62 8 58 7 73 93 76 26 13 90 15 96 24 1 46 17 52 23 74 30 71 44 50 6 67 82 81 70 3 28 92 79 56 68 40 32 51 65 66 25 72 42 2 4 86 27 69 31 89 5 87 91 38 48 78 77 14 11 37 9 10 60 57 16 84 64 59 35
31148251498355 76
78 52 47 34 93 72 50 97 36 92 48 58 21 60 11 67 24 95 83 61 20 13 84 18 57 81 74 15 87 27 86 44 100 69 39 59 49 56 94 73 31 43 96 1 71 76 42 65 85 28 3 26 75 88 82 64 29 32 45 38 66 90 53 14 2 99 62 6 46 9 30 70 16 80 22 68
67797262007298 77
70 38 78 54 10 85 27 19 15 81 14 97 42 45 41 91 89 56 34 35 40 30 47 99 73 22 7 26 46 71 82 20 86 2 23 16 58 72 80 100 39 63 79 48 6 62 18 49 9 67 95 59 3 36 24 68 17 29 11 31 96 52 53 94 43 44 55 64 90 75 76 33 65 83 92 4 37
80843237510031 41
60 99 85 58 91 82 52 13 77 72 86 94 34 81 93 84 43 55 36 40 64 80 90 68 19 70 47 29 21 39 24 65 22 46 49 76 15 73 14 97 75
80925030675083 90
78 58 73 22 79 15 100 39 86 41 85 26 95 98 25 45 88 36 9 93 16 72 20 1 11 59 92 40 28 46 74 8 44 27 32 67 18 48 29 89 69 47 50 12 91 81 6 97 62 52 31 87 90 42 55 30 17 49 54 71 19 57 51 68 64 99 3 2 43 33 96 77 5 37 24 76 65 23 34 35 10 75 53 56 66 63 70 84 21 61
41370833157312 91
74 99 45 79 13 44 85 76 22 36 37 31 57 6 70 53 2 19 47 100 92 9 26 96 82 62 80 17 18 5 30 61 83 3 14 1 33 21 46 64 69 89 48 98 50 72 73 90 16 27 60 15 67 4 58 87 71 39 63 77 56 43 91 95 25 40 29 7 66 93 38 94 86 84 28 68 75 23 78 52 8 88 20 34 41 81 54 35 42 51 10
10363414863099 100
10 39 95 63 52 87 58 15 59 56 33 51 21 49 30 2 34 73 88 27 90 44 72 68 60 29 3 65 12 35 70 86 32 69 62 24 41 36 45 31 57 97 55 75 14 26 7 16 93 1 53 8 11 17 85 22 89 76 98 50 77 74 84 82 43 23 66 4 6 99 96 9 37 42 67 61 19 18 13 47 25 79 80 20 92 48 78 94 40 54 46 5 64 38 100 81 28 71 91 83
82778257073047 32
59 39 77 92 56 91 2 35 98 18 24 46 40 23 95 31 29 71 53 50 49 81 20 94 75 63 54 30 99 22 64 34
64310204433709 31
93 28 22 47 63 68 69 43 5 65 14 42 88 18 21 51 85 10 35 54 26 96 81 59 23 70 66 58 79 30 4
12345679219800 98
72 9 45 67 100 26 17 39 13 69 11 70 48 62 7 63 8 98 60 44 31 35 42 92 99 40 3 86 96 53 6 20 89 84 59 37 56 82 91 27 10 43 16 94 18 68 71 29 61 38 97 66 80 74 4 30 85 32 75 87 88 15 47 12 33 64 100 46 28 54 79 76 25 24 51 19 52 90 95 65 23 41 73 22 83 57 58 1 14 34 5 77 2 93 78 36 49 81
6915568689506 27
57 42 12 36 60 15 54 24 90 63 27 84 51 6 66 45 21 96 81 9 87 33 39 30 3 72 18
12345679726313 100
7 53 58 82 43 13 97 34 83 38 1 74 14 87 10 47 94 51 6 32 81 4 50 92 46 16 2 73 19 86 37 99 61 80 3 69 78 21 88 28 8 44 63 41 40 23 65 49 64 95 56 91 70 93 31 52 57 15 5 75 71 55 54 30 12 17 62 26 77 60 45 25 76 27 24 29 11 39 98 48 84 9 66 90 59 18 89 35 33 68 96 72 100 67 42 22 20 85 36 79
1000055962154 11
19 22 9 100 17 15 45 8 27 14 47
1000042832050 18
100 8 45 19 33 36 2 39 23 49 25 26 6 4 21 50 18 28
79634235289641 15
17 74 6 2 31 60 50 70 75 24 87 11 15 89 59
36295489434499 100
68 20 55 12 57 65 78 67 60 19 15 52 25 39 96 58 26 31 93 86 69 50 46 14 22 83 37 6 3 59 9 21 47 23 27 13 36 70 79 28 44 75 42 40 74 34 94 24 18 29 100 76 4 81 64 54 49 32 35 16 56 41 77 99 97 66 71 92 53 91 30 82 17 45 43 7 48 72 87 98 1 84 63 95 11 5 51 8 80 2 33 90 61 62 38 10 88 89 73 85
80652816580673 85
40 83 32 21 39 82 75 96 56 79 31 37 87 50 15 76 85 13 4 51 17 59 63 16 36 77 97 95 8 54 60 41 42 25 49 74 5 26 9 91 61 57 67 11 64 80 24 10 52 86 6 43 12 98 19 38 7 46 53 47 14 84 89 29 71 68 78 94 62 30 92 3 69 100 93 55 18 27 35 99 70 1 28 22 33
12614698210588 94
19 24 91 28 14 42 71 22 79 75 95 21 83 12 96 41 67 15 51 43 40 92 13 3 52 16 80 29 17 94 26 50 1 53 90 78 38 82 100 97 59 74 9 56 85 4 30 2 47 54 36 65 99 61 5 37 66 31 89 34 60 55 48 32 98 49 93 46 39 73 10 68 63 77 6 72 64 69 44 86 23 45 27 18 57 8 33 11 81 7 84 58 20 25
1612865524875 18
26 30 22 18 40 8 46 16 12 38 36 42 32 10 14 20 24 34
1000078378945 13
32 22 40 33 31 47 43 20 24 25 34 11 100
69715383817662 64
71 72 94 11 55 100 63 25 23 87 82 68 27 99 38 83 78 1 41 42 21 24 29 30 36 22 53 90 26 56 51 16 4 64 44 81 33 54 35 13 9 45 84 74 5 31 6 50 18 47 76 80 95 52 92 70 97 15 77 7 93 88 17 96
7583993634999 12
43 15 82 51 54 90 77 65 53 70 81 59
98798798799348301 100
21 79 38 53 91 4 50 96 93 46 36 69 29 97 44 92 33 25 67 83 24 54 42 77 65 23 15 80 14 20 58 5 94 9 62 76 86 59 37 1 45 19 43 87 32 84 26 88 98 72 34 74 2 60 64 52 82 56 40 30 18 85 12 28 78 90 89 16 10 66 13 95 99 31 75 81 22 63 48 39 7 47 11 71 27 49 55 17 57 100 41 6 51 70 68 73 3 8 35 61
247474747474747457 1
50
25572213473096 87
46 59 79 13 57 48 37 87 52 64 8 33 81 91 50 56 16 41 12 25 28 18 27 22 97 14 83 95 66 24 10 72 70 82 45 1 23 30 44 98 71 15 85 29 31 84 67 55 36 40 77 4 100 20 61 6 2 53 65 76 68 47 73 94 34 89 99 62 75 38 58 26 11 63 5 90 86 88 51 54 49 78 93 92 42 9 19
11088484027725 83
67 45 2 99 46 55 79 33 7 69 78 42 85 60 63 61 90 22 82 26 91 50 29 53 76 97 92 52 68 43 13 36 65 24 70 40 15 94 3 44 66 51 83 30 74 8 89 4 37 87 81 20 34 10 17 28 5 49 62 80 19 98 73 41 58 6 14 100 27 75 57 84 31 38 88 48 11 54 59 71 93 47 9
18419430113662 27
76 53 4 5 27 83 39 46 74 17 52 13 99 91 72 32 18 57 44 29 50 1 12 34 64 96 10
94068003904931 21
95 56 76 38 78 98 68 35 96 26 93 52 83 50 55 89 45 100 66 62 16
83380724900322 59
100 90 65 87 38 48 68 97 47 82 95 60 62 35 51 93 78 76 50 32 94 46 44 64 42 23 7 73 84 63 11 12 28 96 86 24 79 2 98 52 61 66 8 27 3 40 80 9 53 58 54 92 26 91 5 34 15 71 16
33073767215629 74
66 59 89 99 74 3 77 1 86 51 26 76 46 13 37 17 45 42 93 80 39 16 90 70 24 23 83 8 92 97 2 79 57 68 41 85 31 96 44 60 35 71 50 47 54 81 61 15 91 58 32 20 98 38 73 62 30 43 7 18 100 19 53 69 67 64 63 95 33 10 34 4 49 78
1000000000000000000 1
1
98798798799395299 100
57 51 23 94 49 12 27 70 30 71 47 33 85 21 69 66 16 36 29 18 65 52 60 76 37 9 91 53 58 22 59 32 46 24 4 73 2 74 56 100 10 75 35 20 96 64 62 98 78 92 87 90 1 72 86 11 82 83 48 15 43 41 97 45 89 79 55 19 88 95 7 8 44 93 3 40 67 84 38 25 5 34 42 17 28 39 68 99 26 50 31 6 54 77 63 14 80 61 81 13
12345680033700 100
47 67 55 25 36 31 58 51 94 68 20 100 15 46 78 77 82 74 33 72 62 76 43 90 1 19 10 87 12 79 81 8 6 95 2 80 9 18 3 28 99 11 30 59 64 92 69 17 89 42 7 37 96 60 13 27 45 85 48 49 83 63 65 93 73 54 39 29 40 26 66 35 24 21 52 22 34 57 70 75 61 5 88 14 32 86 41 38 4 50 91 44 16 53 98 71 23 97 84 56
24463973321761 2
84 83
3107638896086 32
44 34 66 4 87 93 96 50 95 61 70 30 76 53 36 33 51 20 5 14 11 100 63 18 57 39 98 41 79 55 23 71
61343874675265 32
66 32 86 68 79 7 15 84 49 27 99 56 75 6 40 1 13 39 76 21 91 4 45 52 85 35 24 62 95 9 71 54
10000000001 3
52 100 22
1000046153809 15
15 12 26 28 24 34 20 17 33 36 4 48 32 100 25
