100
42 0 0
-567 0 0
-117 0 0
655 0 0
-639 0 0
410 0 0
460 0 0
-846 0 0
-934 0 0
-558 0 0
716 0 0
927 0 0
-611 0 0
751 0 0
634 0 0
-251 0 0
-226 0 0
-278 0 0
-308 0 0
352 0 0
-637 0 0
119 0 0
737 0 0
-228 0 0
-407 0 0
270 0 0
-837 0 0
-856 0 0
-23 0 0
208 0 0
535 0 0
525 0 0
-282 0 0
-642 0 0
-789 0 0
-421 0 0
-87 0 0
-114 0 0
1000 0 0
481 0 0
-828 0 0
182 0 0
-849 0 0
595 0 0
-395 0 0
-618 0 0
214 0 0
981 0 0
514 0 0
348 0 0
699 0 0
-474 0 0
-96 0 0
312 0 0
49 0 0
-748 0 0
441 0 0
720 0 0
-356 0 0
441 0 0
-822 0 0
835 0 0
944 0 0
536 0 0
229 0 0
291 0 0
231 0 0
379 0 0
-416 0 0
201 0 0
784 0 0
449 0 0
361 0 0
786 0 0
-426 0 0
-837 0 0
-709 0 0
-698 0 0
-985 0 0
800 0 0
-738 0 0
-933 0 0
-372 0 0
-283 0 0
-683 0 0
-67 0 0
41 0 0
-614 0 0
-556 0 0
-780 0 0
385 0 0
-90 0 0
-552 0 0
100 0 0
123 0 0
-129 0 0
24 0 0
-426 0 0
428 0 0
-98 0 0
-20 0 0
-58 0 0
849 0 0
-955 0 0
-818 0 0
481 0 0
-222 0 0
-613 0 0
595 0 0
-323 0 0
-765 0 0
-500 0 0
-372 0 0
-13 0 0
-701 0 0
-887 0 0
813 0 0
527 0 0
-263 0 0
611 0 0
68 0 0
617 0 0
258 0 0
445 0 0
-388 0 0
-507 0 0
-844 0 0
191 0 0
-884 0 0
518 0 0
-789 0 0
473 0 0
295 0 0
-46 0 0
890 0 0
-576 0 0
-410 0 0
886 0 0
636 0 0
669 0 0
-731 0 0
801 0 0
-290 0 0
109 0 0
505 0 0
381 0 0
403 0 0
-916 0 0
889 0 0
475 0 0
-145 0 0
-827 0 0
84 0 0
-798 0 0
212 0 0
-603 0 0
-72 0 0
-965 0 0
-442 0 0
-829 0 0
104 0 0
-388 0 0
-608 0 0
-351 0 0
-42 0 0
854 0 0
-693 0 0
58 0 0
790 0 0
-664 0 0
789 0 0
-493 0 0
56 0 0
731 0 0
473 0 0
-310 0 0
-932 0 0
-276 0 0
69 0 0
-969 0 0
602 0 0
544 0 0
805 0 0
965 0 0
361 0 0
163 0 0
259 0 0
-244 0 0
119 0 0
295 0 0
806 0 0
-412 0 0
238 0 0
-808 0 0
-442 0 0
-480 0 0
335 0 0
519 0 0
485 0 0
-674 0 0
513 0 0
-523 0 0
-108 0 0
956 0 0
917 0 0
-439 0 0
459 0 0
452 0 0
-935 0 0
679 0 0
393 0 0
120 0 0
-916 0 0
-220 0 0
-771 0 0
761 0 0
867 0 0
827 0 0
698 0 0
-147 0 0
-394 0 0
-986 0 0
-343 0 0
604 0 0
-341 0 0
909 0 0
287 0 0
-302 0 0
110 0 0
453 0 0
58 0 0
-536 0 0
651 0 0
-226 0 0
448 0 0
-282 0 0
-712 0 0
-582 0 0
-2 0 0
-123 0 0
329 0 0
-893 0 0
-100 0 0
251 0 0
-139 0 0
710 0 0
-690 0 0
-225 0 0
-188 0 0
736 0 0
857 0 0
644 0 0
445 0 0
607 0 0
477 0 0
399 0 0
-792 0 0
759 0 0
478 0 0
350 0 0
-901 0 0
331 0 0
-856 0 0
-994 0 0
768 0 0
-760 0 0
811 0 0
-690 0 0
-660 0 0
-962 0 0
910 0 0
689 0 0
793 0 0
-399 0 0
-611 0 0
445 0 0
-52 0 0
-384 0 0
-969 0 0
773 0 0
-66 0 0
723 0 0
248 0 0
581 0 0
634 0 0
797 0 0
-734 0 0
-939 0 0
409 0 0
713 0 0
-421 0 0
-476 0 0
115 0 0
874 0 0
-628 0 0
794 0 0
148 0 0
387 0 0
564 0 0
-479 0 0
