100
99986 1
99818 1
1 1
99910 1
99922 1
36150 1
99847 3
99977 1
19408 1
99840 1
99974 2
99823 46
99965 2
99955 55
99849 1
99994 1
99999 2
99889 1
7 1
100000 100
99906 1
99917 5
99944 1
40088 2
99936 3
99985 1
99867 5
99968 1
99824 2
26294 1
99864 6
99806 3
99920 3
7985 1
99851 1
44120 1
99932 3
99801 1
99839 3
100000 1
99907 1
99973 48
56170 90
72783 1
99912 100
99819 1
1942 1
99978 1
99928 1
6075 1
99893 1
95145 2
99836 1
99871 3
99803 1
99964 1
10 2
99856 2
34070 1
99848 5
99832 1
97365 1
99982 1
99957 1
99919 1
99884 1
66805 5
99941 5
99875 1
99821 1
99800 99
99812 5
47702 1
99990 1
99880 2
99835 3
99915 1
57539 3
99972 1
99816 32
99960 2
71598 34
99942 1
99843 3
59792 96
72268 1
99930 5
99885 5
99817 1
99868 10
99881 5
99954 83
99967 1
99862 34
99911 1
99937 5
99844 2
99813 87
99866 98
99825 1
