100
1 2
0
0
5434 8499
1
-20000 -20000
0
1 2
1
20000 20000
0
9999 10000
1
20000 20000
0
1 10
8
0 0
7 -6
-5 -5
-9 -4
2 18
3 11
1 13
-1 8
0
1 10
8
8 -4
-3 -5
-1 -7
-6 17
1 0
7 -7
2 2
-13 -15
0
1 10
8
-3 13
2 8
9 0
1 5
-8 4
-14 5
11 0
-3 0
0
1 10
8
-17 0
2 0
-11 14
2 -20
1 5
1 -2
2 14
4 0
0
77 8374
8
1783 8837
-2708 -8921
-2413 8240
-6600 -10710
-3627 -10752
-16655 -7573
-7569 -8994
214 19711
0
38 5719
8
17786 6846
-2132 -7493
-9616 -11158
-4564 -9147
-1289 5595
1171 -5602
-5235 -7138
-6725 -11434
0
96 8879
8
8810 1577
155 -8909
7776 10076
501 -8923
-3872 -11122
-7355 5073
-2098 9769
9810 16602
0
32 5047
8
3765 -5582
1430 4860
2827 4218
-435 -5031
-3040 -4055
1608 4797
2394 10582
-2487 4407
0
31 7310
8
725 7305
6210 -3896
-4974 5384
6651 3086
-4241 5987
-4875 -5450
-6977 -2201
-2047 7047
0
28 9770
8
-4495 -14757
-14012 9810
20 -16361
-2895 -14620
-224 14291
-1853 -16799
-915 -61
-948 -4399
0
28 5923
8
5843 976
15065 -7886
-6492 7515
452 9405
2787 -536
5507 -954
-4631 -3715
2143 -6150
0
25 2356
8
1023 2128
-903 -2192
-231 1275
369 2352
-62 -2362
-3719 -12720
-1072 -9134
446 -2311
0
33 8486
8
2635 8080
-1548 -6018
-6573 5396
-749 8485
3588 -7707
955 -1487
-6251 5785
-2655 8071
0
16 8914
8
-1935 8352
1751 -3848
-5655 9839
-5882 -13432
-847 -15651
10485 -10287
1816 541
5376 5182
0
67 2899
8
-1968 -2148
197 91
-2562 -15234
1089 2067
-2396 -12501
-14 735
432 -1574
2338 1724
0
70 4386
8
-1731 -689
2729 3443
-52 3444
3406 1602
852 4345
91 -24
-1810 4010
-612 -4404
0
60 9246
8
278 -3272
-3809 2505
1390 4931
4513 -6130
3052 7680
7492 -3423
-390 -13381
-298 12718
0
97 4795
8
-1136 694
-3140 3559
-1735 -944
1225 4639
-601 4842
-363 946
-892 293
-3138 -2540
0
84 4763
8
371 -828
2445 2351
240 -1116
371 3110
3149 2734
-2008 3562
2956 -1913
2770 -2831
0
44 5006
8
104 -2064
446 2411
2252 -2875
973 -1142
4162 -1622
-496 -2125
673 682
-2564 2435
0
78 1548
8
-1334 -618
-538 1134
132 -346
-515 -1449
19 102
1233 217
701 -1146
-262 -248
0
95 5917
8
-2162 -3084
-861 5425
1833 -2436
29 657
-551 4355
2561 2476
-406 -513
-9 1080
0
6 347
8
-244 54
-37 -91
151 -195
36 -273
-30 -37
-2 2
103 256
-227 107
0
73 3664
8
-454 -323
-903 1508
-1103 775
801 -2735
2409 -2150
-2654 1561
609 1552
-979 -529
0
11 7798
8
-490 6032
1319 6532
3934 -2539
202 2112
-208 -5452
762 -1075
2088 2989
-854 -535
0
72 2659
8
23 2060
100 35
796 1797
1507 350
238 -718
189 -384
-1634 1352
-179 251
0
87 9462
8
-948 -9135
1501 3221
467 461
-2142 8680
-1993 3018
-4506 1215
1346 7186
2237 7634
0
88 5192
8
1287 -4203
2790 -820
-3261 -1642
-175 2537
0 -2063
970 1334
-1817 -1235
-38 2276
0
97 7013
8
-3736 3069
-1438 -423
-1304 -3106
265 -683
-1506 3452
-86 -142
-1635 1024
-5874 -687
0
76 5752
8
-4462 -2800
178 -3241
329 -647
-3454 -6369
-3889 2045
-801 2154
15763 9038
-209 -2641
0
3 1915
8
-50 -123
137 -1640
666 -1651
-373 -1246
18 -25
-697 -933
1213 783
-465 -200
0
33 911
8
-307 -868
202 329
-174 792
324 -816
-12066 14412
-221 -455
390 -845
298 -224
0
15 3447
8
-238 -461
-5524 -8017
-622 -13969
1739 -8489
979 2609
4448 4413
-1233 -2618
549 -2363
0
52 3150
8
5011 -13102
-3433 -9166
1321 -9969
-987 -736
17502 -8918
5986 6805
-6107 -17143
1947 1581
0
49 4297
8
-7785 10182
-2119 -4487
599 -185
-4035 2819
149 -3710
-2821 9924
-291 -2102
-1290 -135
0
57 6503
8
5592 3424
4774 -2286
-1238 6403
667 -6499
-4680 -4554
-950 -955
-1896 -6222
835 3317
0
52 4477
8
558 1074
2047 -3784
130 -325
932 -554
-1265 -835
-5344 18016
2283 5323
3 580
0
18 7464
8
12546 -13267
4286 -9150
-1345 -19434
-11910 13574
2655 15466
3159 19626
1374 -7354
2431 -7062
0
76 7764
8
995 -1517
-9 254
-4124 5618
275 1921
276 -1096
-498 -535
778 -3476
-79 -494
0
35 351
8
302 -167
62 131
213 311
-5012 10526
51 -88
-46 100
-60 374
-270 177
0
65 5574
8
7549 12306
-3241 4577
18178 3232
3884 1577
3594 4304
-7510 -4746
-1552 -4472
1356 1891
0
2 6608
8
1290 773
-6053 -2653
99 476
-4213 -4143
-5464 3655
538 1685
-776 -1950
-93 -1055
0
56 5911
8
-3689 4645
-12364 -2327
-5443 2416
-5724 4862
1799 -5651
-5242 -2819
-5779 -1252
3872 -4528
0
74 5060
8
543 -801
-312 -436
2432 13660
1 73
-7318 -7094
206 -1698
414 328
3886 -552
0
5 5000
8
-2759 9007
4378 -2419
2277 8246
749 -4947
2472 -10276
-11482 8637
-1466 -1797
-4729 1636
0
44 9824
8
376 -1182
-6624 -6158
-1397 349
960 6632
160 270
-242 -1029
7279 12170
-2249 -9178
0
64 7838
8
7450 -2622
5527 -5589
-5401 5683
422 247
3476 -7079
1324 -7789
-3085 7249
7854 -217
0
68 2515
8
-894 2381
914 -1057
1732 1510
-1103 -2271
-8819 -15656
-1800 1802
-3988 -9360
1462 3904
0
15 4180
8
-555 -243
332 447
428 -307
12 4174
359 585
-999 -2380
162 -2152
2615 435
0
4 4689
8
-145 727
1142 2966
297 -1321
949 -4337
2910 -1704
-293 -444
309 -2493
107 -120
0
43 5631
8
618 -412
785 -2865
-3458 4084
221 -4224
673 -4029
1115 3285
-1978 -4370
543 -3186
0
44 3606
8
-36 -139
7781 -12211
-2212 -1035
1609 2404
-332 -218
2280 -12956
-733 -2758
-68 -3100
0
87 9290
8
1650 -3683
3175 -5567
-2272 -3724
2277 -7117
-1672 4756
1104 5654
1763 -4191
4617 6748
0
86 9094
8
-13841 -6069
-3645 -5742
-8333 -3672
-2350 8795
-3471 -8481
-3307 7851
6084 6836
6206 6675
0
71 4580
8
-9251 -16370
1908 -4235
-1240 -4456
-171 -4580
-1677 -8635
-2917 -3580
2522 -3903
-4045 2203
0
43 5324
8
-2953 -3157
-6521 11013
3295 4195
2899 6723
-467 5340
-75 71
-5428 1245
-174 -5352
0
88 8309
8
-400 865
-1115 5416
83 1406
-4783 2677
-1200 445
439 -2141
-1259 -1410
-5942 1566
0
30 4788
8
4773 -554
-4282 2202
-35 -1396
-3435 3377
-3623 3146
2053 -12340
99 -983
-4270 -2190
0
62 9117
8
-1289 -6738
1033 -2231
932 -7336
-4533 -7962
720 -9113
306 1498
481 -378
2267 763
0
1 1998
5
75 36
-3080 4208
-172 341
-16105 5549
-12905 7871
0
591 4006
7
-4590 12012
1864 -1553
2683 -5427
-786 -9267
-5633 5966
1320 -12062
-1565 5840
0
2359 9848
6
-11224 -10509
-4525 9037
4347 15843
749 10535
3366 -16266
12252 -11168
0
7094 9627
2
-8295 16469
6350 -7845
0
9985 9995
2
1165 18297
2623 -7187
0
4606 5067
4
3271 1989
-4959 -9274
-12230 11864
10692 9502
0
3482 9545
5
1508 -8235
-4004 11942
-3781 -14076
-11052 16650
3916 -17361
0
5246 5370
4
-13076 -11587
-4030 11711
504 1839
-3465 -17907
0
474 6411
6
-1964 4034
6042 17840
1116 -16115
-82 -97
7765 8694
9084 -1781
0
82 6159
8
397 2637
-943 5288
685 1522
-376 523
-534 -6835
-420 -1473
7090 -4445
-1025 -3700
0
1981 3636
6
-8998 -13237
5389 -12857
437 827
-9066 16704
2933 -4043
14558 -8718
0
1619 4296
6
138 -1270
-5863 11981
531 3122
-4005 6812
-4626 594
5485 1996
0
1635 4279
4
-2416 -5586
-2026 -9575
1389 4977
14817 -7205
0
1515 9021
0
0
1744 8600
6
2716 2278
949 -946
-11731 -9174
-6847 -9460
-787 11091
-2377 1959
0
6228 7109
4
8113 2264
-9660 -7763
3087 -11127
-7486 6831
0
121 9656
6
-2527 10261
3582 8580
2646 4059
-3429 -11910
-14961 -13193
-892 -13792
0
618 4538
5
6820 -9238
3562 12913
-7 -804
-4130 -8157
-3402 -1143
0
7213 9049
0
0
95 7492
6
1318 1288
11049 -8301
889 11651
-34 -125
6310 -18288
7093 5141
0
4308 5029
5
-6170 3854
-16701 7390
5587 7294
11146 -6951
-883 -5737
0
428 8039
4
-5863 -775
-2464 3176
-3806 -2756
-4406 6315
0
9198 9386
1
1164 3656
0
2494 2779
7
1816 15381
2256 -8756
13726 -9792
-7900 8208
1800 3587
105 -1116
5266 -15470
0
1921 5907
4
5900 -14013
1930 -4372
2455 2038
-12009 3073
0
930 1329
8
4392 -12798
-4488 4593
4734 -2434
-429 -5997
-259 -149
-17878 -7297
609 -7924
-2204 -1430
0
2840 7832
3
-2068 -5694
7492 4309
-1017 6729
0
1375 7487
8
10625 8033
-4786 2565
5292 -1454
318 874
-9680 5671
1993 -11349
3860 6688
-6087 -9135
0
2505 7724
2
664 -10781
-3265 17228
0
4803 5158
2
-3029 -7792
4706 12499
0
755 2952
3
14952 13036
2712 -5800
5118 4413
0
981 4345
2
-15 -5312
-326 -306
0
4250 6199
7
-8553 3933
-13585 13240
8730 12758
-1980 -2951
-807 10727
7451 -3452
16132 -7673
0
1327 4439
8
-8391 13961
7378 5383
12980 14641
4882 -3730
653 -5106
1116 3414
8805 -13322
1215 -15513
0
5497 6787
0
0
3674 3692
3
-5869 13895
14266 -8464
5634 7865
0
1788 3359
5
1526 -4217
4628 -7781
10279 17041
15043 -5091
-3346 5748
0
