100
15 3 3 3
0 6
10 8
15 9
0 10
5 11
15 13
8 3 4 2
0 2
5 4
8 3
0 5
3 4
4 7
8 5
91 17 22 2
0 1
5 -46
6 -46
12 -89
29 -10
33 -7
38 -22
41 -73
42 -68
46 -31
47 -62
56 -71
74 12
80 -6
83 -97
88 53
91 -91
0 47
11 -78
19 13
23 8
32 89
40 -40
42 -44
49 9
53 -57
55 0
56 15
58 86
63 8
67 52
68 9
71 59
72 72
73 18
75 42
80 68
81 71
91 77
71 10 14 3
0 -100
1 -19
8 92
26 -83
33 63
35 69
42 -47
48 -34
70 78
71 10
0 64
2 9
8 98
11 75
12 80
14 34
20 8
27 -48
30 68
32 92
47 -3
48 54
64 85
71 80
995 100 100 3
0 -88
507 -77
512 -100
513 -57
515 -23
516 -41
522 -83
524 -88
525 -29
526 -32
527 -69
529 -42
532 -85
533 -82
537 -86
538 -11
540 -16
541 -27
543 -20
544 -73
546 -15
549 -100
553 -39
558 -49
559 -71
561 -39
563 -17
564 -36
565 -26
569 -15
571 -27
572 -100
575 -33
576 -95
578 -91
580 -88
581 -88
582 -46
583 -16
586 -100
587 -50
589 -70
591 -25
592 -54
593 -55
594 -63
595 -23
599 -83
600 -59
601 -99
602 -30
604 -45
606 -87
607 -46
608 -26
610 -26
613 -84
614 -66
615 -45
625 -29
626 -23
630 -61
634 -84
635 -24
636 -74
638 -35
641 -45
643 -33
644 -20
645 -28
648 -33
651 -78
653 -46
654 -54
657 -62
659 -71
660 -43
662 -74
663 -78
664 -29
665 -26
666 -68
667 -27
669 -60
671 -38
672 -28
678 -89
679 -66
680 -84
681 -70
682 -99
687 -33
688 -10
689 -29
690 -83
694 -4
697 -55
699 -43
700 -81
995 -15
0 59
1 -12
2 -59
4 -70
5 -62
6 -44
9 9
12 75
17 -31
19 22
21 -14
26 18
27 55
29 15
30 72
31 51
32 -31
33 6
34 -74
35 -28
37 83
39 62
43 -43
47 62
53 -33
55 -5
57 -18
58 -83
62 -43
65 -42
66 -50
69 70
70 47
72 82
73 -1
76 -44
78 15
79 17
80 -76
81 -5
84 -53
85 -11
86 -17
89 -30
91 -47
92 -16
93 58
94 -17
100 -6
103 3
104 10
105 80
109 -6
110 -74
112 24
113 -49
116 -24
119 18
120 61
121 -1
123 -34
124 89
125 87
126 -49
128 -59
130 16
131 -20
132 -68
135 -31
137 94
138 -30
139 -2
142 92
143 -35
144 -68
145 -7
146 -75
150 -29
151 -72
153 -8
154 -50
156 89
157 -77
159 11
161 -79
163 84
165 88
166 99
170 -16
171 80
174 14
175 -35
180 -35
181 47
188 20
193 -78
194 -38
197 -43
198 -29
995 22
54 22 23 3
0 -83
4 20
5 -28
7 -95
8 13
13 -36
16 -24
18 -87
20 -96
25 4
28 93
32 -36
36 87
38 -65
41 -43
42 -76
43 -50
45 -98
47 -38
49 -95
53 -22
54 -99
0 69
1 -41
3 65
7 -91
8 15
9 87
13 64
15 -22
16 84
21 -11
25 70
27 91
29 98
34 80
35 60
36 89
37 36
40 -32
41 25
43 -38
48 -14
50 67
54 -23
59 24 14 3
0 -30
5 -75
6 -90
7 -89
8 -82
10 -71
15 -89
20 -99
21 -19
25 -16
27 -44
29 -98
31 -26
32 -73
34 5
39 -44
41 -82
42 -10
44 -82
45 -50
46 -33
51 -33
54 -63
59 -32
0 23
1 3
2 -4
3 27
6 -66
20 -75
21 15
29 -40
33 35
34 23
40 -23
48 30
53 -4
59 93
71 13 15 2
0 -39
4 -1
6 -62
11 -75
12 -94
13 -96
17 -96
31 -55
40 22
44 -19
48 81
52 -94
71 -78
0 -24
1 -22
3 45
4 99
10 -11
14 -94
26 58
27 -19
38 10
46 76
47 98
48 92
54 -85
56 81
71 74
99 100 100 3
0 -288
1 119
2 -609
3 -844
4 -822
5 -490
6 -313
7 -767
8 -399
9 -376
10 -613
11 485
12 -817
13 -247
14 -857
15 -703
16 -885
17 55
18 -940
19 -641
20 -373
21 -886
22 -697
23 -398
24 -821
25 -648
26 -692
27 -476
28 856
29 -817
30 2
31 -970
32 -800
33 -652
34 -766
35 -924
36 -907
37 -93
38 -999
39 -828
40 -910
41 -488
42 -636
43 -775
44 -314
45 191
46 -206
47 -13
48 -809
49 -928
50 -886
51 100
52 -437
53 -940
54 -652
55 -379
56 -916
57 -825
58 397
59 205
60 -917
61 -524
62 -939
63 -888
64 -950
65 -388
66 -952
67 -973
68 -1
69 -465
70 -877
71 -857
72 -365
73 -566
74 -778
75 -795
76 -123
77 -308
78 695
79 -897
80 -936
81 -614
82 -976
83 90
84 -65
85 -947
86 -185
87 -792
88 -103
89 -753
90 693
91 -921
92 -747
93 -308
94 -331
95 -740
96 472
97 -947
98 -924
99 -268
0 670
1 286
2 138
3 108
4 -376
5 602
6 353
7 -759
8 499
9 842
10 -167
11 546
12 -804
13 791
14 600
15 -33
16 -618
17 657
18 -861
19 -105
20 790
21 -553
22 -499
23 -204
24 189
25 115
26 -616
27 743
28 972
29 -327
30 628
31 -766
32 -757
33 879
34 358
35 847
36 972
37 -6
38 333
39 175
40 130
41 245
42 653
43 -557
44 223
45 547
46 106
47 563
48 -625
49 -919
50 -434
51 583
52 -76
53 -935
54 -283
55 128
56 -768
57 710
58 711
59 860
60 619
61 -160
62 -757
63 -576
64 -805
65 -300
66 487
67 -646
68 210
69 -334
70 -639
71 -525
72 -131
73 179
74 -312
75 -783
76 501
77 734
78 809
79 -641
80 365
81 468
82 -956
83 613
84 -58
85 -765
86 126
87 -403
88 245
89 -74
90 870
91 -410
92 -451
93 112
94 184
95 64
96 583
97 -897
98 55
99 936
928 100 100 3
0 -34
600 81
604 89
606 -66
607 -59
611 68
613 89
614 -72
616 66
618 43
619 -96
623 -28
624 -54
625 -76
626 -75
628 -85
629 -65
630 -98
632 58
636 -97
637 -41
638 -42
639 -8
641 42
644 -30
648 -66
649 93
658 -26
663 -25
665 -29
666 -85
667 -4
668 -83
669 -55
670 -37
671 -32
672 -75
673 -93
675 51
676 -86
677 -76
679 -58
680 -97
681 -97
682 -83
684 -55
687 -47
688 -84
689 -84
691 -7
693 -9
694 -37
695 -57
698 55
701 63
704 5
712 -75
713 36
714 50
715 -53
717 11
720 18
721 -15
722 -87
724 35
726 56
728 -4
729 -61
731 -53
732 -68
733 30
735 36
738 -29
739 39
741 27
743 24
744 -54
745 49
750 36
751 66
752 -20
757 61
761 -21
764 -16
769 49
770 -81
772 17
773 -9
774 7
775 -39
776 47
780 -100
781 -6
785 8
786 13
789 30
791 -99
792 -15
794 -32
928 60
0 28
504 69
505 63
506 93
508 92
509 84
510 89
511 69
512 74
513 75
514 94
515 72
517 95
520 97
521 96
526 71
527 77
529 88
530 75
531 81
532 70
533 85
536 85
537 93
538 98
542 95
544 75
545 76
546 90
550 82
555 74
556 89
557 94
558 84
560 97
561 96
562 75
563 80
565 83
569 96
570 89
572 76
573 88
575 91
576 85
577 85
580 79
581 100
582 96
586 94
589 80
591 81
598 98
600 97
602 92
604 91
607 -54
609 35
610 56
613 98
614 13
615 69
617 78
618 87
619 -59
622 -1
626 -71
627 -13
630 -82
631 49
635 99
636 -5
637 52
638 -40
639 85
642 32
648 -36
649 97
652 96
655 26
666 -25
667 37
668 -43
672 43
673 -33
674 49
679 92
681 -94
684 -31
685 46
688 -2
689 99
690 80
692 84
693 23
696 -17
697 34
699 99
700 64
928 75
74 13 14 3
0 92
4 29
10 -56
16 -54
24 -92
28 14
36 -35
46 13
52 -70
56 -37
71 -12
73 -70
74 23
0 99
12 -54
17 -10
20 15
41 51
42 12
46 20
53 57
58 89
61 -12
68 11
72 85
73 26
74 91
51 24 20 2
0 -69
3 78
5 53
8 -1
10 -79
11 6
12 -80
16 -83
20 -66
23 49
26 56
28 16
31 11
32 -92
34 -29
38 -27
39 69
40 -95
44 -94
45 -55
46 -77
48 -29
49 -16
51 -70
0 40
1 69
2 76
3 80
10 81
12 -33
15 71
20 10
21 94
22 45
24 98
30 34
31 63
33 -55
36 34
39 85
43 -63
45 72
47 -12
51 87
63 11 12 3
0 -9
15 -87
19 -89
33 -54
34 -72
39 43
40 -89
47 83
60 -20
62 -54
63 -37
0 10
4 93
9 -32
19 6
24 20
26 50
29 50
43 55
48 95
49 93
57 21
63 -30
72 22 19 3
0 -99
2 -64
3 -64
8 -44
9 -40
17 -69
20 -54
23 30
25 -85
31 -59
33 28
40 -64
41 -87
44 -100
49 -87
54 49
61 -82
62 -92
64 -75
67 -72
70 61
72 -10
0 -36
2 29
3 -6
14 45
20 51
24 98
25 -46
27 -44
32 96
35 91
40 19
43 -90
47 27
48 7
49 90
60 10
61 23
68 60
72 88
81 21 15 2
0 15
3 -91
8 30
10 -76
13 78
21 -27
29 -14
33 -66
37 -63
41 11
44 -30
49 -77
52 -69
54 -41
57 -44
62 54
63 -82
64 -24
76 0
78 -92
81 35
0 49
2 33
5 55
11 82
21 82
25 60
28 20
38 -9
42 20
47 -13
50 57
59 82
73 31
79 6
81 63
70 12 14 2
0 81
13 22
15 -70
28 -54
38 18
45 -64
52 7
56 -11
59 -82
61 -78
64 22
70 -71
0 85
11 37
13 59
16 68
22 -25
24 -50
26 9
28 26
37 53
45 -23
46 26
47 78
67 20
70 -51
997 100 100 3
0 -2
600 -62
602 27
603 -4
604 28
606 -15
608 84
611 92
613 -67
617 -25
618 -57
620 -72
622 99
623 -43
625 -33
632 26
634 -96
636 -73
639 19
641 -44
645 -93
647 -59
650 98
652 82
653 -14
657 -67
659 -85
660 -74
662 -90
663 -55
665 -19
667 -64
668 -24
670 22
674 65
675 2
677 -63
680 -49
681 -94
686 -88
687 13
688 -79
689 -35
691 -46
693 -59
695 -93
696 -32
697 -12
698 11
700 2
703 -92
704 10
705 -31
707 -47
710 73
713 18
715 -96
717 -76
718 12
722 -59
724 -46
725 -39
726 -98
728 57
732 -71
734 -1
735 16
744 -74
745 56
747 -89
748 -15
749 22
750 -8
751 16
754 -80
756 -68
758 -11
760 0
762 -7
764 -53
769 -57
770 51
771 16
772 -63
773 -64
774 -9
776 -65
777 0
779 41
780 44
781 -100
782 13
784 -3
788 1
791 -36
792 25
794 15
795 -96
800 -75
997 -72
0 96
500 96
501 -10
502 27
503 39
504 -41
508 -51
510 7
514 23
520 12
521 14
523 39
524 25
525 89
528 64
529 37
534 0
536 20
537 31
538 -39
544 100
548 29
549 57
552 48
554 75
555 -27
557 38
558 -31
560 4
563 66
566 76
567 42
569 -4
571 39
575 45
576 -31
577 7
584 49
585 34
586 72
588 0
589 -14
590 3
592 9
593 87
594 -16
595 99
598 88
599 -49
600 -38
601 52
605 79
606 83
607 44
608 85
610 99
612 91
614 98
616 76
617 83
618 24
620 -32
621 22
622 100
623 -20
625 64
627 2
630 33
632 44
633 43
636 18
639 57
644 -46
646 -70
647 -42
648 13
650 100
651 96
654 88
656 29
657 -5
658 -42
661 -80
665 46
666 16
667 -13
672 54
673 84
674 71
678 -47
681 73
684 -90
685 59
689 60
691 -25
693 -16
695 -92
697 91
700 79
997 -15
1000 100 100 3
0 1
6 -1
12 -3
25 -5
28 -2
47 -5
65 -5
82 -4
99 -3
105 -4
110 -3
113 -4
128 -3
136 -3
146 3
148 -3
157 2
165 -3
167 -4
168 -5
180 0
182 -3
185 1
190 -4
197 -3
199 -4
204 2
209 -1
211 -2
214 2
219 3
224 -1
243 -3
246 -5
267 -3
272 -2
274 -5
282 2
286 1
290 -2
319 4
338 -3
377 1
378 2
379 -1
399 -5
403 1
412 2
428 -3
447 -5
466 -3
482 0
498 -5
508 -4
509 -4
518 1
531 -4
548 -4
565 1
579 -5
587 -2
595 4
617 2
631 -5
639 -4
659 -4
661 -4
668 -5
695 -3
698 -5
702 3
704 -4
705 -5
709 1
729 -4
730 -2
733 -3
755 -4
772 -4
802 -2
809 -4
833 -3
840 -3
845 -1
847 -3
856 2
861 -2
869 -3
876 0
889 -5
912 -1
933 4
934 0
941 4
949 -4
975 -3
982 -4
988 -5
995 -4
1000 -2
0 3
26 -1
33 -2
34 0
43 4
52 -4
53 1
76 -3
111 -2
113 1
134 5
137 -2
140 3
142 3
155 5
162 4
165 1
182 2
192 0
202 2
219 5
229 -1
239 3
242 -2
249 3
263 -2
268 -1
289 4
298 1
310 4
311 4
313 5
323 4
326 4
344 -1
367 0
375 4
381 2
401 1
442 5
452 -3
453 -3
455 -3
471 4
496 2
508 -3
521 5
528 5
558 0
571 2
575 0
578 2
586 -2
589 4
590 4
604 5
616 4
623 2
627 2
632 -3
662 -4
678 -4
684 2
689 -1
690 -1
700 5
706 1
708 4
722 -1
746 -3
770 1
776 5
792 2
795 5
799 3
820 -3
828 5
843 3
844 1
855 5
864 2
867 4
884 3
887 2
888 -3
893 -3
906 2
918 4
932 5
935 5
938 4
941 5
946 5
951 2
954 0
956 2
970 3
972 -2
993 -3
1000 1
99 100 100 3
0 -2
1 -5
2 -2
3 -2
4 2
5 -5
6 -4
7 -5
8 -4
9 -5
10 -1
11 -4
12 2
13 0
14 -4
15 1
16 0
17 -1
18 -5
19 2
20 -5
21 -3
22 0
23 -1
24 -1
25 -3
26 -5
27 4
28 -4
29 -4
30 -5
31 -1
32 -2
33 -2
34 -2
35 -5
36 -4
37 -1
38 -2
39 0
40 -5
41 -4
42 0
43 -4
44 -3
45 -3
46 -5
47 -3
48 -4
49 0
50 -4
51 -3
52 -4
53 -5
54 -2
55 -2
56 -4
57 -2
58 -2
59 -2
60 1
61 3
62 -3
63 1
64 -2
65 -5
66 -5
67 -3
68 -3
69 -3
70 -5
71 -5
72 -5
73 -2
74 -4
75 -5
76 -2
77 -5
78 -3
79 -5
80 -4
81 -1
82 -4
83 3
84 -3
85 -5
86 3
87 4
88 -2
89 -5
90 1
91 -1
92 -1
93 -5
94 -5
95 1
96 3
97 -5
98 -2
99 -5
0 2
1 -4
2 1
3 1
4 5
5 4
6 -2
7 -2
8 -3
9 -4
10 5
11 -1
12 3
13 4
14 5
15 3
16 1
17 1
18 -2
19 3
20 -4
21 5
22 1
23 2
24 4
25 -1
26 -2
27 5
28 -2
29 3
30 -3
31 1
32 2
33 2
34 1
35 0
36 -3
37 3
38 3
39 1
40 -3
41 3
42 3
43 1
44 3
45 -2
46 -4
47 3
48 -3
49 3
50 5
51 0
52 2
53 -4
54 3
55 -1
56 2
57 2
58 5
59 0
60 3
61 5
62 1
63 2
64 -1
65 1
66 2
67 2
68 0
69 -2
70 0
71 0
72 -4
73 1
74 4
75 -4
76 3
77 2
78 5
79 -1
80 2
81 5
82 -2
83 5
84 0
85 -2
86 5
87 5
88 -1
89 -3
90 2
91 4
92 0
93 -4
94 4
95 5
96 4
97 -3
98 2
99 -3
92 13 24 3
0 26
6 15
14 76
32 -81
41 58
55 70
67 33
68 -45
71 -82
72 -6
79 -91
90 84
92 -58
0 36
1 26
3 87
4 59
5 100
6 95
21 97
26 50
27 52
31 -48
32 26
37 56
42 84
56 79
58 70
59 75
62 69
70 48
76 -22
78 80
79 57
82 55
87 85
92 92
1000 100 100 3
0 851
5 265
23 156
26 81
41 -884
44 -607
57 -867
79 -924
86 -440
99 938
102 206
104 -803
119 -199
122 -927
140 725
158 -316
159 -251
162 -992
171 -937
192 -656
193 -732
209 -256
219 -29
221 47
224 -942
230 -990
253 188
258 -175
262 -553
322 -140
324 -350
329 148
356 -340
378 -668
393 -393
401 -796
406 -303
414 -612
415 -816
418 -201
422 -696
435 589
442 -603
456 -962
470 -655
483 -120
510 812
513 -140
518 -706
520 518
534 -382
538 -781
558 433
575 420
593 300
594 605
603 -52
610 124
635 962
638 776
649 195
654 -412
662 -862
678 -982
683 -957
686 -924
690 -830
700 332
706 -895
712 -840
717 -623
732 97
735 -126
746 -784
753 -41
758 -799
762 124
766 124
772 -921
780 -951
791 354
793 -219
805 -706
807 53
813 -888
836 993
855 421
859 336
877 475
880 -286
881 -501
890 -775
906 -221
914 -540
941 -781
956 320
961 -992
970 -380
994 -627
1000 -944
0 874
3 833
5 868
6 504
16 484
35 123
43 802
61 -685
73 -771
78 750
86 195
93 304
98 947
131 695
148 783
156 773
158 4
179 -618
190 42
194 486
201 63
208 196
212 -109
246 991
253 394
254 589
267 724
287 640
293 400
296 -269
297 807
298 -40
315 649
333 179
355 -96
356 785
381 521
383 -536
397 713
403 -119
404 667
407 872
425 904
426 327
427 483
432 837
455 -726
468 -694
490 246
495 310
497 867
504 871
506 890
531 861
576 479
585 901
591 732
600 579
621 520
625 688
635 975
643 829
647 901
653 -25
684 -886
685 319
688 -454
697 839
709 -660
727 648
739 807
741 377
760 -224
761 469
775 -410
778 894
784 725
786 217
794 541
812 -130
817 -4
818 564
820 969
821 -106
827 547
833 995
855 981
865 995
875 618
884 424
885 -494
906 -113
932 -580
937 -254
951 -16
957 692
959 -267
960 903
974 841
1000 -635
69 20 14 3
0 70
4 -81
7 -11
9 -12
12 -24
17 -39
18 -76
21 -97
22 -16
25 -55
35 81
39 -25
41 1
44 24
48 -59
49 -45
58 -51
60 -80
68 -97
69 -14
0 73
4 -64
6 16
7 80
8 20
20 -56
21 27
29 36
34 94
43 82
44 86
48 47
62 -83
69 39
57 2 2 3
0 12
57 -9
0 82
57 15
1000 100 100 3
0 -2
1 1
5 -2
9 0
31 -2
35 -1
49 -1
54 -1
79 -3
99 -5
113 0
120 -1
127 0
132 -4
133 -5
134 -3
141 -5
147 -5
156 1
169 0
172 -5
176 -4
183 4
188 -4
189 -4
194 -2
196 -4
199 0
222 -5
225 -1
228 -4
231 -5
239 -2
259 -3
260 -3
294 -5
302 -3
303 -3
318 -1
326 1
328 -5
340 -5
360 -2
372 -2
374 -3
381 -1
385 -4
389 1
397 -2
398 0
404 -2
430 -5
484 1
486 -4
488 3
498 -3
500 -5
507 -1
509 -1
510 -2
523 2
524 1
533 -4
559 -5
567 -1
576 -4
592 -2
598 0
604 -5
605 1
606 -5
622 -2
642 -2
646 -3
652 1
667 4
669 4
676 2
705 -5
720 0
733 -2
736 -5
737 -4
743 -5
745 -5
750 -3
807 -2
809 -5
823 4
842 -3
860 -5
885 -3
886 -2
895 3
896 -4
958 -2
969 -3
988 -5
990 -4
1000 -1
0 5
1 2
4 0
17 2
20 5
60 -1
86 -3
89 -3
97 2
101 0
102 5
105 4
109 0
127 1
137 -3
138 1
139 4
165 5
166 2
178 5
185 5
186 1
237 -1
241 1
253 0
333 3
344 -4
347 -2
359 4
360 0
369 2
374 -1
393 2
429 3
451 -2
461 4
463 2
467 1
475 2
476 1
478 4
480 2
481 2
487 5
510 5
511 -1
516 5
529 0
531 1
538 4
541 1
545 -1
552 1
562 5
578 -1
585 -2
591 -2
597 4
604 1
620 5
623 5
632 -1
646 -2
649 2
650 5
652 5
657 3
672 5
695 1
699 -1
701 -3
706 4
710 0
727 5
732 -1
738 -4
752 2
784 4
806 -1
817 2
820 4
826 5
843 -3
857 -1
866 0
876 4
879 -1
886 1
903 5
912 3
913 0
920 -3
924 2
929 2
940 4
953 0
960 2
961 -1
982 -4
1000 1
92 16 20 2
0 -76
8 -28
12 -86
25 42
28 42
34 -26
40 -73
43 -72
46 59
48 5
51 -99
62 -61
71 91
84 -62
85 18
92 -4
0 42
12 18
19 -12
21 89
31 36
32 14
46 60
47 95
50 -34
58 -60
59 81
62 20
63 37
68 85
72 95
76 34
80 60
82 45
83 88
92 -3
71 14 24 2
0 -99
1 -60
20 90
29 86
42 32
44 21
52 18
59 -24
61 -63
63 -61
68 -53
69 -79
70 -41
71 -42
0 51
2 -9
5 75
7 87
8 49
9 56
12 62
15 86
16 64
17 84
21 99
32 88
35 78
38 72
40 50
44 51
46 35
47 82
50 39
52 65
56 18
60 -26
64 -9
71 79
64 15 18 3
0 27
6 62
12 -69
17 7
23 32
33 19
36 -38
41 -25
43 58
44 77
45 -52
48 27
54 -92
56 -30
64 -99
0 87
3 85
5 73
9 65
17 78
20 45
21 26
22 74
24 97
35 51
36 63
37 52
40 2
42 96
45 83
57 -38
63 -20
64 40
964 100 100 3
0 -50
401 92
403 -54
406 -95
407 -60
408 -61
410 -65
412 -23
413 -81
415 -78
417 -71
418 -80
420 5
421 -28
422 -84
424 73
426 49
427 -100
429 0
430 21
431 -34
433 -82
434 -26
435 -47
436 -95
437 -74
441 24
442 8
443 -33
444 -28
445 -79
446 -19
447 19
448 -96
450 -85
451 -30
453 29
454 -40
455 -90
456 -77
457 -73
459 9
462 -46
463 -88
466 -32
467 -2
468 -55
469 -97
470 -70
472 -94
473 -60
474 -76
477 -98
479 82
482 -52
484 7
485 -50
487 -95
488 -34
491 -72
493 -69
494 -100
495 -99
496 -71
497 57
499 44
500 7
501 23
505 -19
506 -19
507 -3
512 28
513 -51
515 57
516 -64
517 -32
518 -5
520 56
521 -94
523 90
524 -44
525 -9
526 -49
527 -69
528 -94
529 -85
532 -96
536 -74
537 -47
538 -47
541 97
542 71
543 -91
544 69
545 4
546 17
547 -5
548 -6
549 -15
964 57
0 -4
400 96
402 89
404 -61
408 0
409 48
410 -27
411 40
412 93
413 -8
414 -55
415 57
416 -55
417 52
418 -47
419 42
420 75
422 -70
423 78
425 96
426 79
427 -85
428 5
429 89
431 11
432 0
433 -69
434 66
435 74
436 -6
438 -23
439 32
441 78
444 -3
446 -12
449 90
452 42
453 96
455 -34
456 8
457 88
461 25
462 63
463 51
465 -36
468 21
469 -52
473 -13
474 -54
477 -83
478 83
479 88
481 54
482 90
483 38
486 -42
489 -25
491 9
493 -34
494 -39
495 -97
497 89
498 86
500 95
501 27
502 33
503 39
504 36
506 -15
508 42
511 52
515 98
516 -55
518 -4
519 26
520 90
521 -84
522 51
523 96
525 29
526 -45
527 -37
530 -84
531 -1
532 31
533 -29
534 -73
535 -24
536 30
537 -19
539 91
540 99
543 96
544 82
545 78
547 26
548 32
549 60
550 51
964 63
99 100 100 3
0 1
1 -4
2 0
3 -2
4 -3
5 -5
6 -1
7 -1
8 -5
9 4
10 -2
11 -3
12 -3
13 -5
14 -4
15 -5
16 -2
17 -5
18 -3
19 -5
20 -5
21 -4
22 -1
23 1
24 -3
25 3
26 -4
27 -4
28 -4
29 -4
30 -5
31 -2
32 4
33 3
34 -4
35 -3
36 -5
37 -3
38 -5
39 -5
40 2
41 -4
42 0
43 -4
44 -5
45 2
46 2
47 3
48 -4
49 -3
50 -5
51 -5
52 -4
53 -5
54 -3
55 1
56 -4
57 -4
58 -4
59 -4
60 0
61 -5
62 -5
63 -1
64 -5
65 -5
66 -4
67 -1
68 -5
69 -4
70 -5
71 -5
72 1
73 -5
74 -1
75 -5
76 0
77 -3
78 -5
79 -4
80 -4
81 -5
82 2
83 -4
84 0
85 -3
86 -5
87 -5
88 -5
89 -3
90 -5
91 -2
92 -4
93 -4
94 -2
95 -5
96 0
97 -4
98 -4
99 -3
0 5
1 -2
2 3
3 -1
4 1
5 4
6 0
7 4
8 -4
9 5
10 0
11 2
12 1
13 -1
14 -1
15 5
16 2
17 -4
18 1
19 -4
20 -4
21 0
22 3
23 2
24 -2
25 5
26 -3
27 2
28 -1
29 -2
30 2
31 3
32 5
33 4
34 -1
35 2
36 5
37 -2
38 0
39 -3
40 4
41 3
42 3
43 5
44 2
45 4
46 5
47 5
48 2
49 0
50 5
51 5
52 -2
53 -3
54 0
55 3
56 0
57 -2
58 -3
59 1
60 3
61 -1
62 -2
63 2
64 -1
65 -2
66 -2
67 0
68 1
69 -2
70 -4
71 -2
72 5
73 5
74 5
75 -3
76 5
77 2
78 -4
79 -1
80 0
81 1
82 4
83 -2
84 3
85 1
86 -4
87 1
88 1
89 -2
90 -4
91 1
92 -3
93 0
94 2
95 0
96 1
97 -3
98 -2
99 5
921 100 100 3
0 87
1 83
3 -95
7 -33
9 -88
10 -26
15 -93
16 -48
17 82
18 39
19 56
23 -46
24 59
26 -30
28 66
29 80
31 -83
33 9
36 -96
37 -77
38 -25
39 -53
42 28
44 37
46 57
47 -27
50 -60
52 41
55 -2
57 -91
59 38
61 3
64 -81
66 -61
67 10
69 52
70 -70
71 -26
73 -98
74 54
76 23
77 -41
81 54
94 -11
95 -34
96 -41
97 27
103 -8
104 -22
107 21
109 42
116 18
117 -46
118 -85
120 -48
123 -60
126 -42
127 27
129 62
130 -19
132 -74
134 39
137 -88
138 -21
139 35
140 51
141 -84
142 -60
145 20
147 -35
148 -94
150 50
151 -5
152 -46
154 -82
155 -10
156 -21
159 -88
164 7
165 -81
167 -78
168 6
169 -83
171 -79
173 -47
174 -82
179 31
181 -3
183 -37
186 -11
187 51
188 -100
189 -97
190 44
192 17
195 -17
196 21
197 -12
199 -18
921 -83
0 89
502 -9
503 -2
505 93
507 -4
509 69
510 -27
513 55
514 10
517 84
518 90
519 -31
520 22
521 98
523 21
524 -27
528 65
529 50
530 -13
532 58
533 -3
534 71
535 75
536 -48
539 39
542 93
543 -42
545 34
546 12
548 -32
549 60
550 12
553 73
555 71
558 82
559 -21
560 99
561 -8
562 -40
563 12
565 11
567 -51
568 57
569 17
570 60
571 -11
573 13
574 -35
575 -34
578 -38
587 -23
589 23
592 5
594 80
595 -2
599 32
601 26
602 59
605 52
606 -13
610 61
612 32
613 -2
617 -53
619 16
622 21
623 -49
624 -4
625 96
626 -39
629 41
631 5
643 -50
644 78
645 2
646 32
648 -43
651 54
652 -5
654 -27
655 -18
658 -14
660 1
664 64
665 23
666 -55
668 0
673 52
674 42
675 84
682 15
683 -28
685 -29
687 -54
689 48
691 -26
692 -16
696 1
700 -4
921 80
1000 100 100 3
0 -2
7 -3
13 -2
61 0
72 4
77 0
92 1
93 0
113 -4
117 -1
134 2
141 -4
224 -5
229 1
249 4
262 2
271 -3
272 -3
278 2
284 1
303 3
304 4
310 4
348 3
349 1
367 1
376 1
382 -2
403 2
417 -4
424 2
425 1
428 1
435 -5
442 -3
450 -3
459 -5
463 -5
464 -1
472 0
480 3
505 0
506 0
526 -3
530 -3
536 -5
572 -4
583 -5
585 -2
590 -4
594 -1
595 -4
606 -4
608 -1
615 3
616 3
618 -5
620 -2
621 -5
636 -3
642 -5
649 -5
657 3
674 4
683 -3
686 -1
693 -2
694 -3
707 3
709 -5
722 -4
759 -5
760 -3
776 -3
803 -3
815 -1
822 0
823 -1
827 -3
829 2
833 -2
842 -3
847 -1
849 -1
863 -4
883 -2
889 2
893 -2
897 -3
906 -5
907 -4
912 -5
915 -4
917 -2
923 3
929 -2
938 -4
962 -3
971 -4
1000 -5
0 4
2 0
11 -1
41 5
54 3
56 5
58 4
61 4
69 4
81 5
119 3
123 3
129 5
173 -4
186 -1
192 4
201 3
211 -2
224 -3
227 -1
230 3
238 3
243 5
248 4
251 5
253 5
255 5
256 3
262 3
265 1
277 2
312 5
313 5
326 4
331 5
340 5
364 2
391 4
399 2
400 2
401 4
406 1
426 3
434 -4
440 -2
446 4
450 4
511 4
513 0
542 -2
552 5
558 4
591 1
596 -2
599 4
604 1
607 -1
610 1
611 5
617 3
622 -4
638 5
640 0
651 -1
655 5
663 5
664 5
679 5
681 0
693 -1
697 2
710 4
727 -4
731 -2
732 -2
736 2
737 0
756 -1
782 -2
791 -2
803 1
805 1
812 0
816 3
831 2
857 -2
885 0
890 3
895 0
907 -3
918 -1
925 5
930 0
931 0
965 -2
988 -4
991 -3
993 1
997 -3
1000 1
96 14 11 3
0 -71
43 -73
45 -68
47 -56
63 -76
68 -19
75 -81
76 -75
79 -81
83 -98
87 -65
89 2
95 -28
96 -23
0 49
1 84
9 -42
22 45
24 21
32 -46
70 -4
74 -25
91 51
93 48
96 83
84 24 16 3
0 48
15 20
16 -95
18 -42
23 -87
24 -86
30 -84
31 -83
38 75
39 -3
40 -38
49 -86
50 14
52 -3
54 40
58 -25
59 -15
62 -62
63 -89
77 -56
78 -41
79 58
81 77
84 75
0 78
7 42
8 42
19 12
26 -79
28 76
29 19
30 -45
32 -40
37 78
41 80
56 46
64 -84
73 36
82 93
84 99
64 2 2 2
0 90
64 -58
0 97
64 -30
73 18 11 3
0 -22
1 -67
8 -80
19 47
26 -39
27 -84
34 -99
40 -98
41 -96
43 -78
45 -99
48 -78
51 -58
52 -69
58 -61
59 -25
61 -99
73 79
0 7
14 99
21 84
30 -67
33 -65
36 -49
47 -34
50 29
58 10
64 40
73 96
1000 100 100 3
0 1
3 -1
8 2
11 -2
32 0
37 -3
45 2
55 2
69 1
81 -2
101 -3
106 0
110 2
117 -5
126 4
129 -5
145 -5
149 -1
156 -2
173 -5
174 -3
180 -3
182 0
183 -2
208 -2
210 -4
227 -5
231 -1
233 0
243 -4
248 -3
258 -3
260 1
274 2
286 -2
312 2
346 2
378 -2
383 1
419 -2
424 1
429 -5
431 -2
434 -4
446 0
448 -1
456 -2
477 -5
484 -4
486 -3
488 -4
490 -5
497 -1
500 -3
503 -5
518 -3
538 -5
551 -2
598 -4
631 -2
659 1
676 -4
679 3
685 -1
687 0
705 -1
710 -5
713 -4
720 -5
729 -3
732 -3
734 -5
736 -1
769 -3
772 -3
773 -2
792 -2
809 -5
819 -5
822 -5
823 -5
825 -5
827 -5
833 -5
839 -3
840 -3
841 -3
861 4
869 -5
872 -1
892 0
898 -1
908 -1
935 -3
937 -3
949 -3
963 -5
986 -5
995 -3
1000 -2
0 2
4 2
41 4
63 3
75 0
87 0
117 4
119 1
122 5
141 4
156 4
172 -4
178 3
179 2
183 0
188 -1
199 4
214 -4
218 -2
233 2
245 -3
246 -2
247 -3
253 -1
255 5
265 5
282 2
312 5
322 3
352 3
370 0
376 4
387 2
394 5
405 2
408 2
419 3
421 4
422 1
439 5
445 3
447 0
449 -1
463 0
467 1
468 5
472 -2
474 0
481 -3
491 4
492 -3
501 1
515 4
528 -3
538 -2
542 -2
548 4
552 -2
560 -1
572 3
586 -1
588 5
590 2
592 -3
595 0
603 4
611 -1
615 -1
641 2
647 3
648 2
678 2
679 4
683 5
685 4
696 5
707 5
708 -3
743 1
760 -2
812 4
822 -4
835 -4
836 -2
849 1
859 5
865 3
868 5
878 0
880 0
886 0
899 1
914 2
922 -2
929 2
948 2
971 -1
985 4
998 -2
1000 1
1000 100 100 3
0 22
7 376
8 -102
16 -5
28 -684
30 -761
35 -826
36 -770
44 -986
48 -494
69 129
73 -804
88 -950
97 -539
100 -431
108 -237
110 -269
121 -929
122 -925
131 -856
145 -799
152 -514
167 258
185 -707
199 -411
212 140
213 206
250 -592
256 -829
263 -105
299 35
311 -984
322 -980
324 -768
350 -661
359 -227
366 272
369 326
379 -939
384 -746
393 -251
399 -941
405 -860
410 -949
411 -584
433 -125
442 994
457 -477
477 -991
479 -920
480 -962
494 -903
497 277
534 -776
572 -745
576 -820
590 529
599 -577
612 -306
615 444
618 172
623 -862
637 277
638 121
642 -226
648 54
676 -493
683 36
686 -806
693 -296
704 -320
711 -755
723 341
745 997
750 -574
759 -594
766 -986
787 -156
799 -630
813 -205
817 -431
826 -57
832 42
835 -2
852 -616
857 -804
860 453
862 -617
894 -925
896 -822
931 -758
932 -877
940 -849
949 -837
954 -988
957 -778
979 -675
981 -967
987 -841
1000 -953
0 586
5 462
25 -346
41 -901
54 890
88 109
96 536
98 -463
107 342
121 505
123 -731
154 291
158 635
168 975
178 215
179 774
180 600
199 -282
200 139
218 731
225 603
227 442
229 382
237 499
239 185
243 -122
245 446
257 11
280 90
287 94
290 884
305 617
315 -235
316 50
321 546
331 -686
353 123
369 491
376 -470
383 252
406 -877
413 726
419 909
433 600
434 252
440 836
442 999
444 823
462 -543
481 -926
497 521
515 -185
517 -162
559 202
560 857
577 287
591 660
595 222
611 305
617 583
626 578
649 90
653 731
655 741
661 746
668 42
680 92
684 395
687 -256
700 -88
701 351
712 479
724 486
728 858
731 676
737 992
747 1000
754 -43
760 -647
775 708
785 -187
787 355
806 587
818 69
839 721
850 836
854 296
859 505
871 992
880 -236
883 855
887 -158
890 250
891 -726
898 -780
912 829
923 -725
980 -549
999 -898
1000 -818
54 11 23 3
0 -98
1 -89
4 -87
9 -42
19 23
22 -34
27 -39
31 -22
44 -85
51 -61
54 11
0 75
4 -83
5 68
18 82
20 95
22 42
23 -17
24 77
25 59
29 98
36 -22
38 25
39 5
40 13
41 23
43 90
44 -22
46 99
48 6
50 37
51 20
52 87
54 57
998 100 100 3
0 39
4 -42
5 10
8 -16
10 24
11 42
13 -7
14 -66
15 45
16 61
22 -37
27 11
29 64
31 -61
33 9
35 -31
36 -80
40 27
41 43
42 -63
43 59
44 -99
45 56
46 -93
48 -77
51 -69
54 -52
56 31
58 -74
59 -71
60 11
61 -94
62 -42
63 25
66 18
68 21
72 -73
75 -37
76 -18
80 37
81 -89
84 25
89 -44
92 -43
93 -72
94 -55
95 20
97 -27
100 -42
102 -48
103 13
105 -76
106 -38
107 40
109 -37
113 -89
114 -47
115 -18
121 14
122 -89
125 -87
126 -59
127 -93
128 1
130 -94
131 -54
137 -52
139 35
142 13
143 -50
145 -16
147 -91
150 -86
153 17
156 32
158 -19
160 -98
162 -15
167 14
168 5
170 -76
172 -49
173 -11
175 18
178 -53
179 -45
180 25
184 -67
185 -43
186 7
187 -60
189 -66
190 -33
192 -2
193 -35
194 -83
195 -50
197 -64
198 -97
998 -93
0 92
501 -92
502 -29
503 69
504 -36
508 43
509 -94
511 7
513 -92
515 41
517 -83
521 -92
523 26
525 17
527 -94
528 -77
531 80
534 -94
538 -73
539 -19
541 28
542 16
544 -20
545 36
546 -24
547 4
548 24
549 79
551 -26
552 78
554 -17
555 -7
556 50
557 6
558 -38
560 65
561 100
562 -81
565 -29
569 -93
570 11
571 -60
574 63
576 -64
580 8
581 64
582 -90
583 -13
586 66
589 -67
591 19
592 -7
598 -53
599 -90
601 -35
602 -82
609 -51
611 34
612 -39
613 79
614 23
615 48
616 -60
617 -82
619 -85
620 77
621 -42
622 28
624 28
625 27
628 -83
630 7
633 93
634 26
636 77
640 -78
642 54
644 88
646 99
653 28
657 86
659 -92
664 -39
665 -1
667 -88
668 87
669 78
671 23
675 20
676 -62
677 68
678 10
681 -48
682 -93
683 22
684 -39
687 -50
688 -54
695 -45
998 -74
99 100 100 3
0 -122
1 -899
2 -729
3 -994
4 -176
5 -721
6 -783
7 -686
8 -698
9 -737
10 -989
11 87
12 -228
13 -815
14 582
15 -495
16 -546
17 -51
18 -181
19 -534
20 -629
21 668
22 -786
23 -812
24 95
25 156
26 -974
27 -958
28 -630
29 -656
30 -977
31 363
32 -779
33 -122
34 -856
35 -254
36 -562
37 -998
38 -869
39 271
40 -619
41 -127
42 227
43 -980
44 -874
45 -648
46 -932
47 -187
48 -610
49 -636
50 -949
51 -661
52 705
53 -890
54 13
55 -100
56 -577
57 -681
58 -30
59 -577
60 -977
61 -806
62 -626
63 -890
64 -610
65 -811
66 -911
67 -394
68 377
69 -402
70 -661
71 184
72 -956
73 -455
74 155
75 -622
76 -605
77 -987
78 -215
79 -510
80 -835
81 906
82 -819
83 -528
84 -630
85 -999
86 -775
87 -37
88 -819
89 -537
90 -633
91 -964
92 -697
93 -454
94 -789
95 -246
96 -683
97 137
98 -83
99 -358
0 809
1 -853
2 514
3 -991
4 444
5 -12
6 -707
7 689
8 430
9 903
10 -669
11 286
12 299
13 249
14 900
15 688
16 85
17 204
18 4
19 -87
20 -615
21 726
22 120
23 -235
24 977
25 465
26 569
27 -329
28 -554
29 -300
30 505
31 475
32 -427
33 890
34 -759
35 79
36 54
37 -994
38 -429
39 425
40 789
41 206
42 640
43 -72
44 -150
45 -219
46 -634
47 294
48 284
49 570
50 -663
51 -499
52 805
53 -734
54 628
55 -79
56 -421
57 125
58 57
59 6
60 -969
61 -741
62 97
63 -610
64 87
65 -743
66 -41
67 164
68 967
69 137
70 470
71 361
72 239
73 -30
74 242
75 -447
76 -182
77 -980
78 67
79 -354
80 -281
81 927
82 -637
83 -208
84 -130
85 -726
86 -310
87 92
88 -177
89 -425
90 -260
91 688
92 -357
93 823
94 -181
95 862
96 722
97 918
98 582
99 -236
60 2 2 3
0 -74
60 -87
0 -24
60 0
99 100 100 3
0 2
1 -4
2 -5
3 -5
4 -5
5 -4
6 -5
7 0
8 -3
9 -4
10 -5
11 -4
12 -5
13 -4
14 -5
15 -2
16 1
17 -2
18 -1
19 1
20 -3
21 -4
22 -5
23 -2
24 -4
25 -5
26 -5
27 -5
28 3
29 -2
30 1
31 -3
32 -4
33 -1
34 -4
35 0
36 -5
37 -5
38 -1
39 -3
40 -5
41 -1
42 -4
43 -2
44 -5
45 -5
46 -5
47 -5
48 -2
49 -4
50 -3
51 -2
52 -3
53 -4
54 -3
55 -3
56 -3
57 -4
58 -1
59 -3
60 -3
61 -4
62 -3
63 -3
64 -5
65 1
66 -5
67 -5
68 -1
69 -5
70 -1
71 -1
72 0
73 -1
74 1
75 0
76 -5
77 -2
78 -5
79 0
80 -4
81 -4
82 -4
83 1
84 -4
85 -1
86 -2
87 -4
88 0
89 -3
90 -4
91 -4
92 -5
93 -4
94 -1
95 -4
96 -5
97 -3
98 -2
99 -3
0 4
1 -1
2 -4
3 3
4 -2
5 -2
6 -3
7 1
8 -1
9 5
10 -2
11 -3
12 -1
13 2
14 -2
15 3
16 2
17 0
18 0
19 5
20 -2
21 -2
22 5
23 0
24 4
25 0
26 -4
27 -4
28 5
29 2
30 5
31 -2
32 2
33 2
34 -1
35 5
36 -4
37 -4
38 0
39 0
40 -4
41 1
42 3
43 1
44 1
45 -2
46 -4
47 -3
48 2
49 -3
50 2
51 2
52 3
53 4
54 0
55 -1
56 -1
57 2
58 3
59 5
60 4
61 4
62 5
63 2
64 -3
65 4
66 -3
67 2
68 0
69 -3
70 5
71 1
72 1
73 0
74 3
75 3
76 -4
77 3
78 3
79 4
80 0
81 -3
82 -2
83 3
84 2
85 2
86 0
87 5
88 3
89 2
90 -3
91 0
92 -4
93 -2
94 3
95 -3
96 -4
97 -2
98 -1
99 -2
82 14 16 2
0 -4
15 -11
16 -10
27 -70
29 -71
35 -46
37 -83
41 97
44 -45
52 -93
57 -51
58 -95
68 -11
82 -93
0 78
2 10
14 4
18 -3
20 18
27 2
29 86
38 51
40 94
41 98
44 35
53 -31
56 -6
73 94
78 75
82 -71
66 21 13 2
0 49
4 -4
5 24
6 1
7 28
8 -13
11 30
14 31
16 1
21 45
26 38
30 -41
34 -50
39 -97
42 -51
46 -93
47 -68
49 -96
62 -19
63 -77
66 -89
0 64
3 82
4 32
6 56
12 75
27 36
33 79
38 26
44 -5
50 -25
60 90
61 62
66 -69
78 18 10 3
0 41
2 -76
4 -19
16 -14
28 -7
35 23
37 -30
44 19
46 24
47 -25
54 89
60 -56
65 -15
67 -11
69 -44
71 -84
77 -84
78 -66
0 76
23 54
37 37
50 28
51 96
54 99
55 95
57 49
66 25
78 -58
56 10 16 2
0 -52
3 -26
4 -28
5 -2
7 -58
8 -79
30 -45
32 -50
47 -18
56 45
0 99
2 98
9 -67
10 -9
16 5
26 2
27 -39
28 -2
32 28
33 70
41 -5
45 22
47 55
53 63
54 59
56 75
59 7 6 3
0 25
8 -91
28 -14
33 -62
38 -13
53 30
59 -94
0 60
4 77
12 -34
50 76
54 25
59 18
87 9 9 3
0 -66
9 -95
22 -93
34 -62
45 43
69 81
70 -29
83 12
87 -91
0 10
17 -29
29 -59
40 43
42 86
57 85
66 92
75 67
87 57
86 16 15 3
0 13
10 85
23 -75
27 -35
31 11
42 48
45 -55
46 -75
48 -70
49 -28
54 -66
56 -93
60 -53
66 -49
76 -13
86 -74
0 14
2 45
3 61
13 99
20 -9
21 18
22 51
43 51
44 49
45 -51
58 49
70 14
73 14
79 -30
86 -69
57 23 20 3
0 -80
1 -6
2 -58
6 -97
7 -52
9 -90
10 -77
11 -57
12 -37
15 46
17 13
20 -86
23 30
25 -45
33 58
35 58
36 15
40 -96
42 -99
51 -22
52 -97
53 -74
57 -73
0 5
3 85
6 -11
9 -58
10 32
14 30
15 74
17 81
19 -35
21 15
23 57
25 48
29 34
30 52
31 96
34 89
36 69
42 95
54 -15
57 60
22 7 2 3
0 45
2 -87
10 -24
11 -87
15 -80
21 39
22 -60
0 51
22 59
132 95 93 2
0 69
3 -26
4 -95
6 72
11 11
12 -76
13 -11
14 -15
15 8
16 -90
18 -91
19 -72
20 -81
21 57
22 -64
23 -96
24 -38
25 -52
26 -43
27 39
28 -21
30 -21
31 -72
32 -91
33 -93
34 -94
36 12
37 -74
38 -41
39 -73
40 -100
42 89
43 -99
44 -98
47 -98
49 2
51 -89
52 19
53 -46
54 28
55 -52
56 -88
57 -99
58 9
60 79
61 53
64 86
65 -96
67 -72
68 -98
70 -24
73 -99
74 -83
75 -79
76 -95
77 -97
78 -67
79 -81
80 -95
82 -49
83 -26
84 -5
85 -30
87 -89
90 32
91 -96
92 -73
95 61
96 -1
98 32
99 -50
101 -76
102 -70
105 -61
106 -61
107 8
108 -10
110 -50
111 26
112 -88
113 -72
114 -94
115 -85
117 -54
118 -97
119 -24
120 -64
121 -27
124 -74
125 -47
126 -13
127 -90
129 -78
130 -76
132 -2
0 95
1 60
2 79
3 75
5 30
6 92
8 56
9 60
10 61
11 32
12 -62
13 82
16 -1
17 54
18 -58
20 -72
21 58
22 -39
23 -86
24 34
25 33
27 61
29 5
31 11
32 -82
34 -49
35 32
38 50
39 -67
40 -99
41 13
42 99
43 -97
45 -96
47 76
48 -1
49 37
51 60
54 30
56 -86
57 -91
58 62
59 99
60 94
61 81
62 82
64 89
67 -43
68 -88
72 48
73 -43
76 -33
78 -48
79 -35
80 -88
81 74
85 -13
86 15
88 86
89 52
90 43
91 -91
93 -10
94 90
95 71
96 7
97 79
98 91
99 84
100 39
103 -62
104 -42
105 24
106 12
107 17
109 -17
111 42
112 -51
115 -35
117 -44
118 -16
119 -9
120 70
121 -14
122 23
123 99
124 6
125 17
126 15
127 -82
128 -68
131 -37
132 43
84 20 17 3
0 78
1 -15
3 -94
6 17
8 -70
13 -61
22 75
27 52
29 -9
33 -32
45 17
48 -35
54 23
60 -22
62 -71
64 -1
65 -49
66 -7
72 -55
84 -83
0 85
4 -19
5 36
11 -50
15 6
16 99
20 92
24 70
37 81
40 38
51 63
56 52
61 29
77 -63
78 15
81 -13
84 79
980 100 100 3
0 -5
1 -90
2 -89
5 60
7 -13
8 -83
10 -72
11 -66
12 -90
13 -21
14 25
16 -27
17 0
19 -57
20 -20
21 -33
23 -64
24 -97
26 -96
27 -73
28 -89
29 -88
31 -88
32 -65
33 -83
34 -48
36 -70
37 -61
41 -68
44 -89
45 -94
48 -71
49 -84
50 -41
51 -94
52 -95
53 -46
54 26
55 13
56 -31
57 50
59 -29
60 -88
61 -42
62 -23
63 47
64 -81
65 -62
67 -66
68 38
71 97
73 65
75 -34
77 -89
80 69
81 -89
82 -70
84 60
86 -22
87 23
88 -93
89 -11
92 -70
93 -19
95 38
97 -69
98 -77
99 52
101 -72
102 -97
104 -55
106 63
108 98
109 -45
112 46
114 50
115 -61
119 -62
121 -9
125 -15
126 -69
128 -31
129 4
130 -27
131 -100
133 50
134 39
135 13
136 -28
138 -3
139 -98
141 27
142 -32
143 -87
144 -91
145 -83
146 -1
148 -100
150 -94
980 -84
0 98
1 -86
2 -33
4 53
7 83
11 -44
12 -77
14 94
15 52
16 16
17 60
18 18
19 36
21 87
23 72
24 -79
25 -51
28 65
30 -81
33 56
34 31
35 -1
36 6
37 4
38 49
39 70
40 -20
44 -88
45 -85
48 53
49 -71
50 -25
51 -88
52 1
55 61
56 95
57 99
60 -79
61 -24
64 92
65 -46
66 -50
67 48
69 73
71 100
72 98
73 82
74 40
76 -61
77 34
78 75
79 77
81 65
82 -19
83 99
84 90
86 4
88 96
89 16
94 58
95 69
96 45
97 21
99 73
101 -25
102 -67
104 31
105 56
106 100
107 100
109 98
110 74
111 45
113 59
114 51
115 79
117 24
118 71
119 89
120 7
124 -6
125 55
126 -15
127 -33
128 27
129 52
131 -99
132 55
135 47
138 50
139 -59
140 36
141 97
143 88
145 -69
146 98
147 9
149 -95
150 3
980 8
984 100 100 3
0 -29
600 -1
601 -63
603 -45
604 -19
605 -74
606 -26
607 -81
609 60
614 76
618 71
620 -18
621 -95
622 -59
626 1
627 -95
632 10
636 76
638 79
641 -37
643 20
644 -33
645 -97
648 -47
649 -61
651 -97
654 -100
662 -94
663 -64
666 86
667 -74
669 12
670 22
673 -86
674 -76
675 -94
678 -92
679 -65
681 -49
683 73
684 -15
688 64
689 -27
690 -65
691 -31
692 -21
694 -63
696 45
697 27
699 29
700 2
702 -53
703 -56
706 18
707 -89
708 -8
710 -94
712 -63
720 -84
721 -65
725 -10
726 -33
729 2
732 -48
733 -28
734 -70
735 -29
739 22
740 -71
741 2
743 -51
745 -38
747 -53
751 -81
753 -99
756 -39
757 -1
760 -76
762 -4
770 -80
771 -30
772 -41
773 -46
775 -20
778 8
780 -26
782 -45
785 -59
787 -41
788 -83
789 -45
791 -46
792 -8
793 -23
794 4
796 6
797 6
798 -9
800 -41
984 -61
0 46
500 28
501 12
502 -1
507 7
511 47
512 21
513 59
515 90
517 63
518 79
519 52
520 81
521 78
522 46
525 20
527 19
528 99
530 20
532 28
533 37
534 27
536 -2
537 56
539 73
541 42
542 29
543 62
545 41
546 29
548 58
552 76
554 38
557 25
558 6
561 6
563 16
565 91
568 44
569 14
571 39
576 67
579 55
582 47
588 6
590 67
592 99
593 75
595 62
599 87
601 -52
606 45
607 -42
608 82
609 96
612 86
615 92
620 91
622 10
623 14
624 50
627 22
628 19
630 36
631 33
634 69
636 83
638 86
639 70
641 2
642 65
644 46
645 -45
648 40
649 -55
651 -70
654 -83
655 -97
658 -55
660 -31
662 60
663 -63
665 51
666 91
667 15
669 82
671 0
673 -50
675 -77
678 -71
681 28
682 90
684 81
685 96
688 89
689 -9
695 -4
696 100
697 30
984 -22
191 98 100 2
0 8
9 20
10 -23
14 63
15 -83
17 -73
18 -24
19 -67
20 9
21 71
22 32
25 -92
26 -88
27 -72
32 -80
36 -65
37 -57
38 -63
40 -28
41 3
42 12
43 -92
44 14
45 -77
49 23
50 -48
52 -37
57 -20
59 -96
60 -91
61 -82
63 -95
64 -7
65 -78
66 -80
67 93
68 -92
71 5
73 -57
74 -69
75 -60
79 -19
80 -97
81 -79
82 -98
83 -82
84 -79
87 -43
88 -90
89 -85
92 -87
93 -21
94 -94
95 -94
98 -68
105 -91
109 28
111 -84
112 45
113 -69
114 -11
115 -72
116 -94
117 -41
118 0
121 -43
125 -75
126 -50
129 -97
131 17
132 -86
134 -6
138 29
139 -99
146 95
147 86
150 -72
155 99
156 -53
159 1
162 -29
164 -97
165 -95
166 18
167 -23
170 -63
173 33
175 49
176 45
177 -41
181 -83
182 -29
183 -40
184 -96
185 -6
186 18
187 -78
191 10
0 11
1 64
2 13
3 20
5 24
13 78
14 64
16 -24
21 73
24 -40
26 -83
27 -10
28 -28
30 8
31 28
36 -51
40 53
41 76
43 86
45 14
46 17
47 0
48 11
50 82
51 65
52 35
53 36
54 -12
55 26
57 -12
59 -82
62 -54
63 67
66 -74
67 99
73 -41
74 88
81 -22
82 -36
83 -12
86 -45
87 44
88 -64
91 -59
92 -21
93 -13
94 89
95 -13
98 -67
99 86
100 -36
102 -22
104 -69
105 -15
107 79
108 19
111 64
112 76
113 -1
115 -17
116 -91
119 72
121 33
125 -19
127 -42
129 83
131 81
132 -1
135 83
136 91
138 40
139 -27
140 66
144 87
145 99
148 95
149 48
151 -30
152 99
155 100
156 -43
157 -27
159 71
160 61
162 33
163 -32
165 -63
166 93
167 34
171 89
172 98
180 35
181 4
182 65
184 29
186 37
187 76
188 -10
189 21
191 26
81 16 18 3
0 -64
4 98
7 -98
8 -51
9 -90
25 8
33 52
34 -5
37 22
39 51
53 -84
56 -94
58 -82
60 -14
61 -73
81 -13
0 92
2 98
6 99
11 -39
17 -11
19 35
28 29
30 55
34 76
39 62
48 -5
49 94
53 34
56 -89
63 93
76 79
78 16
81 49
99 100 100 3
0 0
1 -4
2 -4
3 -2
4 -1
5 -4
6 4
7 -3
8 -1
9 -4
10 -3
11 -4
12 -5
13 -1
14 -5
15 -2
16 -4
17 -3
18 -5
19 -4
20 -5
21 3
22 0
23 -5
24 -2
25 -5
26 -4
27 -5
28 -5
29 0
30 -2
31 3
32 -5
33 -5
34 -4
35 -5
36 -1
37 0
38 0
39 -4
40 -5
41 -5
42 -5
43 -3
44 -3
45 -4
46 -5
47 0
48 -5
49 0
50 -4
51 2
52 -5
53 -4
54 -5
55 -4
56 -5
57 2
58 -5
59 -5
60 -2
61 -5
62 -2
63 -5
64 -4
65 -5
66 -4
67 0
68 2
69 0
70 -3
71 -5
72 -4
73 -1
74 -1
75 -5
76 0
77 -2
78 -1
79 2
80 0
81 -4
82 -4
83 -5
84 -2
85 -4
86 -5
87 -4
88 -5
89 0
90 2
91 2
92 0
93 -5
94 0
95 -5
96 -4
97 -1
98 -3
99 -4
0 5
1 -1
2 5
3 -1
4 0
5 1
6 5
7 3
8 1
9 -2
10 -2
11 4
12 -4
13 1
14 -4
15 0
16 -3
17 5
18 -3
19 -1
20 -3
21 4
22 5
23 -1
24 3
25 -3
26 2
27 -4
28 2
29 3
30 3
31 5
32 -4
33 -4
34 -2
35 -4
36 1
37 4
38 2
39 -3
40 -4
41 1
42 0
43 0
44 -2
45 -3
46 0
47 5
48 -4
49 4
50 0
51 4
52 -3
53 1
54 -3
55 -1
56 -3
57 5
58 4
59 5
60 5
61 -4
62 -1
63 -4
64 -3
65 -4
66 -2
67 5
68 4
69 1
70 1
71 -2
72 -2
73 1
74 5
75 -1
76 3
77 -1
78 0
79 5
80 1
81 1
82 -2
83 0
84 -1
85 -2
86 -1
87 2
88 -4
89 4
90 3
91 5
92 2
93 -4
94 4
95 -4
96 -2
97 0
98 -2
99 3
964 100 100 3
0 -60
1 -64
2 70
3 -92
6 -41
8 -86
9 -99
10 -80
12 -9
13 -87
14 -36
15 -69
16 -68
17 -85
18 -84
19 -79
20 -48
21 -62
22 -12
23 -44
24 -42
25 -62
26 -3
27 -61
28 -99
29 -72
31 -86
32 -96
34 -97
35 -48
37 -26
38 -71
40 -82
41 12
42 -71
43 -66
44 -18
45 15
46 -5
47 -90
48 -21
49 27
51 -23
52 -13
53 -82
55 -90
56 15
57 45
60 -11
62 46
64 -31
69 -42
71 -49
76 12
78 -61
79 -86
80 -70
85 -36
86 10
87 -100
88 -99
90 -25
92 33
94 -37
96 5
97 -14
98 17
100 -36
101 49
103 -31
104 -61
105 -84
109 -27
110 -93
112 -81
113 -63
115 57
116 56
117 44
119 -50
121 46
124 -67
128 48
129 -51
130 -49
131 -21
132 -4
133 -62
134 -97
136 79
137 -92
139 44
142 -95
144 -86
145 -95
147 36
148 8
149 -47
150 -9
964 11
0 -24
2 90
3 -87
6 -33
8 -28
9 -87
11 45
12 54
14 94
15 -61
16 87
17 -69
18 -54
19 -39
20 5
22 90
23 51
25 -21
26 2
27 52
28 -44
30 -9
32 4
34 86
35 12
37 56
39 -66
40 88
41 63
43 -10
44 92
46 3
49 56
50 66
51 42
52 10
55 -46
56 79
58 33
59 82
61 19
62 48
64 53
66 69
67 -3
68 62
71 31
72 43
74 53
75 67
76 96
79 -41
80 -43
81 34
82 -39
83 9
84 -32
85 -30
86 42
87 -99
88 -81
89 20
91 97
92 52
93 33
96 19
103 100
104 -49
105 -22
106 -31
111 39
113 -54
114 23
115 65
118 76
119 25
120 1
122 95
124 70
125 2
126 12
127 85
128 87
131 15
132 61
133 98
134 -62
135 36
136 99
137 37
138 45
140 94
141 68
142 -63
145 4
146 65
148 32
149 27
150 91
964 40
99 100 100 3
0 -701
1 210
2 697
3 -446
4 -198
5 272
6 47
7 -602
8 -236
9 -540
10 -379
11 -675
12 -775
13 -899
14 -785
15 -263
16 -298
17 134
18 399
19 -494
20 -760
21 -493
22 -863
23 -123
24 -958
25 -406
26 159
27 -964
28 -899
29 -828
30 -258
31 -839
32 -960
33 -622
34 -700
35 297
36 -841
37 -704
38 -970
39 -899
40 25
41 294
42 -703
43 -639
44 -891
45 -828
46 -504
47 0
48 -377
49 -701
50 -191
51 -998
52 -658
53 -769
54 -885
55 -898
56 -273
57 -474
58 -197
59 -343
60 -830
61 444
62 -839
63 -885
64 310
65 -773
66 -1
67 549
68 -366
69 -653
70 -249
71 -193
72 -468
73 -828
74 -320
75 -868
76 -422
77 -785
78 -788
79 -602
80 -653
81 -746
82 -403
83 -915
84 -952
85 -984
86 -735
87 -912
88 -627
89 365
90 -354
91 -828
92 -881
93 58
94 -465
95 -964
96 -835
97 76
98 -745
99 -365
0 954
1 315
2 850
3 130
4 457
5 766
6 435
7 -42
8 -196
9 -42
10 -250
11 -654
12 -752
13 -187
14 -555
15 957
16 288
17 598
18 721
19 574
20 -702
21 681
22 -861
23 984
24 -150
25 -257
26 415
27 125
28 -455
29 -498
30 364
31 -563
32 -919
33 -157
34 113
35 681
36 -541
37 845
38 -650
39 538
40 473
41 854
42 -576
43 -99
44 -86
45 -691
46 -436
47 631
48 130
49 149
50 241
51 -996
52 -458
53 -705
54 -619
55 -205
56 168
57 92
58 626
59 -89
60 -551
61 520
62 -333
63 -639
64 975
65 -610
66 394
67 618
68 -54
69 179
70 -199
71 530
72 -380
73 -737
74 668
75 488
76 95
77 481
78 -140
79 908
80 -595
81 -246
82 395
83 -914
84 -13
85 -983
86 588
87 -893
88 -481
89 508
90 893
91 -346
92 -647
93 99
94 30
95 -250
96 303
97 937
98 -422
99 388
76 16 17 3
0 2
6 47
8 -20
10 -82
15 -40
19 -78
32 -86
47 13
48 -26
53 69
61 -25
66 -24
70 7
72 -1
75 98
76 -80
0 77
5 90
10 -81
12 27
15 -15
19 -74
34 19
35 -42
43 17
44 56
48 15
51 99
71 22
72 88
73 86
75 99
76 2
1000 100 100 3
0 -679
11 121
12 -270
25 -721
37 876
60 196
61 -544
70 104
72 -483
82 -240
99 551
100 -449
102 133
115 -613
118 -730
133 -838
143 -362
155 999
161 203
177 200
189 -468
206 442
216 -565
226 -792
272 -422
277 -539
286 -744
317 773
326 -996
328 -84
330 482
335 51
341 -590
355 -619
374 -102
376 -688
380 -974
400 301
408 -65
423 -81
426 -662
430 -130
438 -657
440 -480
441 -406
452 -566
494 240
505 -21
509 71
549 -915
551 -794
555 -643
572 -949
574 -962
582 -844
591 68
618 -282
623 187
625 126
633 -838
654 -505
661 103
672 -228
680 341
686 305
696 -603
707 447
710 -583
726 257
748 -633
753 122
766 115
770 905
790 -417
793 -291
803 -83
814 -416
818 -572
819 -728
836 -997
843 930
845 432
858 106
862 -452
871 -218
875 -764
877 -829
881 -816
883 -990
887 -890
892 -697
896 -597
901 -967
915 -691
941 -539
948 416
955 182
978 -878
997 -970
1000 -152
0 -60
1 -88
3 785
12 968
16 190
31 266
38 989
57 923
60 439
77 460
89 754
91 767
102 535
127 -763
136 446
143 -119
147 213
152 743
153 909
154 999
171 1000
172 521
189 939
196 358
200 777
203 582
222 -239
230 -260
278 -332
282 850
284 650
289 279
299 157
302 154
313 881
324 919
332 900
344 -473
347 -254
360 962
363 72
365 81
370 120
374 602
389 785
403 549
412 631
419 781
455 -260
458 402
479 -47
497 995
511 245
521 286
529 797
536 934
545 683
574 -896
588 234
591 985
600 371
602 587
604 445
619 473
638 -376
641 121
670 885
672 992
678 842
721 553
734 704
736 970
747 910
749 -180
762 877
770 937
778 619
785 355
786 779
788 -45
789 -207
793 517
795 651
805 53
806 329
808 711
824 -805
836 646
839 940
847 981
862 986
883 -936
896 475
929 -181
932 779
942 757
950 961
958 68
995 -319
1000 -105
12 2 2 3
0 34
12 -71
0 57
12 -33
67 25 13 2
0 -48
2 -100
6 12
7 49
10 24
11 -67
12 -75
13 -96
15 -96
19 85
21 -66
22 -31
40 -85
45 -41
46 -72
48 -69
50 -53
52 -44
53 -91
57 -45
60 -86
61 25
62 -75
64 -82
67 92
0 8
7 97
11 14
14 -89
17 58
19 94
30 -28
35 -37
40 70
42 5
54 -27
66 93
67 95
993 100 100 3
0 -97
603 66
604 21
605 -97
608 -34
609 -100
610 -47
612 -71
613 24
615 -89
616 -95
617 -99
619 -72
625 -77
626 -58
627 -73
628 -80
629 -67
630 -59
631 -93
632 -95
635 -31
637 -58
640 -97
642 -52
648 -73
651 19
652 -61
654 11
657 -26
659 -88
660 -39
661 -55
662 -90
663 -15
665 49
667 23
670 7
671 -40
676 -87
678 -86
679 -100
680 -70
682 -84
683 -34
686 -41
687 -56
688 -68
690 -20
692 -63
694 -97
696 -18
697 -84
702 -67
704 -75
706 -78
709 -72
710 -70
711 -26
712 -30
713 -16
720 -53
725 -90
726 -97
727 -92
728 -84
730 -20
731 -76
736 -68
737 -46
740 -35
742 -78
743 -92
744 -27
746 -3
747 -7
748 -56
754 -85
756 -21
757 -64
758 -40
759 -71
765 -94
769 -75
770 1
771 -84
773 -31
780 -27
781 -62
782 -35
783 -4
785 -85
787 2
788 -46
789 -8
791 3
794 -10
797 -2
798 -26
993 -23
0 14
501 89
502 66
506 71
508 44
509 83
510 56
513 66
516 54
517 59
518 61
519 91
520 87
522 95
524 74
526 50
528 92
529 100
532 80
533 66
534 50
536 57
537 50
539 84
542 87
544 88
545 85
548 56
550 98
551 78
561 60
562 94
563 92
565 85
568 72
571 63
572 81
573 100
577 72
578 82
582 71
583 65
584 84
588 69
590 77
591 93
592 100
593 100
597 95
602 82
604 89
605 -56
607 74
613 67
614 66
617 -92
620 -18
622 -60
624 37
633 -73
634 87
636 -21
645 -62
646 69
647 25
649 90
650 22
651 31
654 30
655 41
656 44
657 10
658 -28
661 -24
662 -35
664 31
666 69
667 45
670 77
671 -30
672 84
676 -48
677 78
679 -38
681 -64
683 10
684 7
685 95
686 62
687 -17
688 -57
689 9
690 15
691 21
694 -64
695 1
696 9
699 -77
700 -4
993 43
84 14 22 2
0 82
1 -4
3 -83
13 -100
16 -94
22 -91
25 -93
33 48
40 -25
60 -57
69 -97
72 -82
73 -90
84 5
0 97
2 -39
12 -97
25 -79
26 -12
29 70
30 48
31 58
36 81
40 20
47 31
51 17
53 30
54 84
59 24
69 -96
72 -54
76 28
78 80
82 22
83 28
84 15
993 100 100 3
0 -31
400 -96
401 -62
405 -55
406 -67
408 88
409 -71
410 -48
411 -94
413 -97
414 20
416 -18
417 -73
419 -18
420 -68
423 -68
424 -10
426 -95
427 -74
429 85
431 96
434 -73
435 -61
437 30
438 -64
439 -49
441 -90
442 -32
443 -97
444 5
445 -72
447 -95
448 -74
450 -99
451 -95
453 -36
455 -71
457 98
459 -86
460 -74
461 -68
462 -75
464 -78
465 -43
467 -49
470 -4
471 -91
473 -100
475 -75
476 -25
477 -80
478 -26
481 92
484 -27
485 -98
486 -62
488 -87
489 -24
490 -10
491 -81
492 -98
493 -94
494 -47
498 32
500 27
501 -66
503 -63
504 -71
505 15
506 -6
510 -37
512 57
513 -38
514 -61
515 -70
516 -38
519 -27
521 -97
523 19
525 35
527 -86
529 87
531 -33
532 47
533 64
534 -79
535 -50
536 -3
537 -44
538 -5
541 -37
542 -69
543 18
544 -56
545 -95
547 -25
548 -89
549 -34
550 -9
993 -81
0 -20
400 -91
402 79
403 -37
404 15
405 41
406 -42
407 55
408 97
410 39
412 -87
413 15
417 77
420 -44
423 3
425 58
426 7
427 -32
429 94
430 100
436 93
437 73
438 -32
440 -65
441 38
443 -67
444 77
446 -39
447 21
448 -64
450 -96
451 51
453 52
454 76
456 84
457 99
458 21
459 -67
460 -66
462 -47
463 97
464 86
465 -24
466 78
467 91
468 -27
469 85
470 16
471 59
473 -98
475 95
476 63
477 -69
479 89
480 94
484 92
485 -88
487 13
489 58
491 -28
492 -13
493 3
494 -39
496 78
498 73
499 75
502 50
503 26
508 61
509 15
510 25
511 27
512 73
515 -47
517 -1
519 -24
522 29
523 47
524 37
525 63
526 50
527 40
528 92
532 99
533 82
534 -73
535 1
537 26
538 11
539 41
541 -24
542 78
543 46
544 39
545 -31
546 63
547 36
549 23
550 89
993 3
90 20 10 3
0 -28
2 39
3 -100
5 -77
12 -66
16 -86
24 -17
25 -7
28 30
36 -55
38 -59
40 9
41 1
51 -67
52 -58
61 -36
72 68
73 36
82 -49
90 57
0 30
2 65
3 -74
6 -47
22 65
57 -32
67 67
72 81
83 4
90 78
56 19 15 2
0 29
1 30
8 52
11 68
13 28
16 -31
19 -3
23 -8
25 -1
27 -34
28 36
29 -34
30 -72
43 27
44 -36
47 39
53 74
54 -76
56 -78
0 58
7 97
24 13
26 2
27 31
30 98
31 78
36 98
38 -1
41 16
44 59
45 30
46 78
48 81
56 100
18 4 2 3
0 68
1 40
3 29
18 -90
0 74
18 -39
29 5 10 2
0 31
5 69
9 38
19 -33
29 24
0 97
1 51
7 95
14 28
18 64
22 13
23 81
26 98
27 56
29 93
90 23 17 2
0 38
2 -19
3 -91
6 -55
25 -66
26 -18
29 -97
31 -95
32 -22
38 59
41 18
45 -93
51 -100
57 23
59 -56
62 52
66 -25
72 -48
82 58
84 -70
86 -93
89 -79
90 -93
0 99
14 -56
17 56
24 59
28 -64
33 61
38 86
41 26
48 -96
56 94
61 63
68 98
71 96
73 18
79 87
83 89
90 -64
1000 100 100 3
0 201
20 534
26 246
27 -615
38 278
63 -184
105 -171
111 -509
114 -93
126 -846
128 -839
132 -557
145 -937
148 598
151 -354
152 825
155 -551
158 -944
168 48
178 345
183 -348
192 -799
212 -786
223 -748
235 -314
245 -744
258 590
260 127
292 -880
315 -883
331 -783
336 -334
370 -548
388 830
399 -120
404 -406
418 -373
427 -52
434 -684
447 -182
457 -741
469 -512
474 -185
489 801
498 -649
501 -580
514 -776
520 -399
522 -667
524 -145
527 -258
537 -864
538 -767
540 -980
541 -926
548 -465
552 121
557 -476
565 728
585 -13
586 -480
587 -642
589 407
592 -223
604 152
624 -977
639 -80
642 -434
651 482
671 -266
684 -715
698 -246
705 -139
721 376
752 -452
761 -873
764 -858
772 -992
779 -13
802 894
808 621
812 -369
832 -648
840 609
844 -910
869 729
877 -440
880 420
886 -132
894 -549
901 -696
902 -999
912 -770
929 -659
967 -10
973 276
980 -540
995 -947
998 -55
1000 238
0 586
6 342
11 830
35 345
43 767
48 717
84 945
91 409
92 664
93 757
98 403
143 -843
144 655
154 910
158 -624
172 367
175 478
195 -382
203 -165
205 441
218 -764
224 466
227 -352
238 -92
239 -397
252 297
261 995
263 898
269 50
288 -531
290 978
301 -807
316 -741
320 551
326 -439
332 -160
365 -342
373 -150
378 316
381 627
386 941
403 746
417 -29
432 -19
441 633
442 476
451 -382
466 515
471 271
477 733
488 906
494 691
533 -371
542 -645
550 988
552 883
562 699
577 918
582 356
583 400
597 800
619 -670
621 -531
629 -14
647 202
656 946
673 127
680 -315
686 815
687 -25
692 382
695 -146
700 586
711 913
713 637
730 534
735 499
744 -62
763 -405
767 -884
774 -136
786 394
787 929
801 916
816 625
821 952
829 -82
835 535
855 880
857 719
876 764
905 -896
910 764
923 -157
935 -152
937 910
938 866
945 -29
969 303
1000 922
932 100 100 3
0 1
502 49
503 -8
506 -11
507 -16
510 -31
512 -14
515 -65
517 37
518 2
521 12
522 -98
524 -91
526 39
527 -12
528 50
529 -90
530 -75
533 -46
534 30
535 16
539 -3
543 -78
544 6
545 38
552 -70
555 47
556 -19
557 -14
559 -18
560 48
562 -11
563 -62
565 19
567 -44
568 41
572 -27
574 -99
575 -77
576 -18
578 3
579 -92
584 -16
586 37
587 -81
588 -56
589 34
593 -71
594 -30
595 -65
596 -69
597 -42
599 -96
600 -47
601 -88
604 42
605 -17
606 -94
612 -5
615 -59
616 14
617 -9
621 1
625 37
628 -4
631 -36
634 19
642 17
646 5
648 -71
649 -17
650 -29
653 -51
656 52
657 -10
658 25
659 -83
660 -53
661 30
662 -98
664 12
667 -19
669 -10
671 -88
672 -81
674 -73
675 -98
678 11
681 -92
683 16
684 9
687 -9
688 49
693 -43
694 -26
695 -11
697 19
698 -63
700 -47
932 -76
0 20
1 5
2 43
3 73
4 32
5 34
7 69
8 47
10 53
12 64
13 57
16 75
17 97
21 22
22 47
23 79
28 17
31 27
32 92
33 56
34 92
38 90
39 44
41 21
42 95
43 84
49 31
51 20
52 89
53 62
54 70
56 23
58 7
59 40
60 75
64 29
65 29
66 11
69 15
70 21
74 23
78 27
80 72
85 13
87 18
88 41
89 20
95 69
96 86
99 86
103 72
106 71
108 75
110 78
111 54
112 14
114 66
115 55
116 87
117 65
118 17
119 92
120 85
123 94
126 47
130 25
133 90
136 31
138 51
139 50
142 36
144 53
145 16
147 36
148 84
149 81
150 88
152 42
153 84
154 76
156 42
159 60
160 70
162 88
163 32
168 47
173 31
174 66
176 57
182 38
183 42
187 52
189 75
191 63
193 88
195 84
197 29
198 26
200 49
932 56
50 17 14 2
0 -37
1 -53
2 -95
4 -51
9 -75
10 -52
12 99
17 -88
34 2
35 29
36 -52
38 -43
40 -31
42 -28
43 -24
48 30
50 5
0 -30
9 -48
10 66
11 99
19 100
20 87
21 1
30 8
31 99
40 -16
41 12
45 50
49 98
50 93
14 7 4 2
0 75
3 57
6 31
10 -10
12 -53
13 -96
14 -4
0 77
1 97
13 -20
14 26
53 19 20 2
0 31
6 41
7 32
12 80
15 33
16 -48
18 -3
21 -65
23 38
24 -18
26 -35
27 -34
30 -68
34 -23
36 -90
45 58
47 -36
48 -63
53 41
0 70
2 97
3 47
6 66
8 72
10 86
11 93
16 92
22 32
25 65
29 20
32 20
40 -7
41 5
43 61
45 71
48 -8
51 16
52 29
53 80
54 10 20 2
0 -96
3 6
4 -48
22 -32
24 -19
28 -71
31 76
41 7
51 -45
54 -40
0 81
1 24
2 28
4 -15
8 -27
11 53
14 71
16 70
18 48
22 87
23 -16
27 68
28 4
29 94
35 93
36 71
38 52
39 27
46 42
54 50
59 12 20 3
0 9
8 -90
12 -4
13 43
14 -99
33 -66
42 66
44 -85
54 -89
56 -60
57 -87
59 -91
0 89
1 76
5 -47
10 -40
11 3
13 98
14 -98
18 -78
19 -86
21 -43
27 73
30 -17
34 50
35 -1
43 80
51 -32
54 -1
57 12
58 23
59 -60
54 20 19 3
0 65
1 32
2 4
3 -99
6 -53
8 -36
9 34
11 35
15 35
20 -49
21 -31
28 25
30 -28
33 3
38 -82
41 -75
44 42
50 41
52 -99
54 -94
0 70
1 40
2 54
15 37
18 -6
19 6
21 -11
22 19
24 25
25 34
26 70
27 83
31 -11
44 86
47 67
49 80
51 43
52 -98
54 -89
64 22 15 2
0 94
1 -70
3 -82
4 -71
6 -60
11 -100
12 -38
13 -35
18 -91
19 -97
20 -39
24 -27
27 -21
28 -29
30 -26
31 -33
41 19
42 -54
49 -44
53 -65
54 -75
64 92
0 96
6 -29
8 -31
9 40
10 -39
17 -20
32 -19
33 78
37 48
47 98
53 -61
61 52
62 72
63 90
64 96
70 17 13 2
0 63
7 -51
10 -35
20 18
21 -39
22 40
24 -10
32 -64
33 -20
34 -13
40 -49
47 14
50 -37
60 -89
67 -4
68 -86
70 -96
0 86
3 16
7 83
27 78
28 -29
30 13
38 -6
41 68
58 -76
59 67
60 -2
68 40
70 -48
93 19 16 2
0 11
2 -74
4 -36
20 -78
34 -79
37 -97
38 -77
43 -81
57 -100
58 -34
60 -37
65 -72
70 6
71 -83
75 -34
76 51
82 -51
86 86
93 -6
0 55
3 87
5 -9
6 -38
10 69
18 36
19 28
30 14
50 -87
70 49
74 34
75 75
81 44
86 96
92 67
93 20
91 10 21 2
0 11
7 -90
11 -98
34 -58
60 32
68 -17
72 -83
76 -63
79 -59
91 -95
0 35
9 -92
11 31
12 -71
14 15
16 87
19 93
35 96
39 88
41 -23
45 92
46 52
47 25
49 41
57 23
62 63
65 84
68 26
73 -42
78 -50
91 -93
58 15 25 2
0 94
6 2
11 -80
14 -68
17 -54
20 18
23 -68
31 -85
36 -20
38 -82
39 -57
42 5
44 -92
55 -99
58 14
0 97
2 88
4 45
9 -40
13 42
16 98
19 4
20 77
30 -39
32 77
33 -50
35 87
38 -23
39 40
40 43
41 -6
42 37
46 -92
48 91
50 -40
53 52
54 55
55 -64
56 2
58 23
632 98 92 2
0 77
2 -45
6 -26
7 -38
18 -100
23 -92
25 0
28 35
66 -54
70 -94
78 99
86 -63
89 15
101 -48
106 -24
118 -65
123 -97
128 -78
131 -86
145 -99
146 -99
148 -83
152 -86
153 -94
157 -96
159 -100
160 -100
176 -88
177 -87
179 -91
183 -45
184 7
190 -35
196 44
200 -17
206 11
212 -22
215 -90
223 -98
224 32
225 -3
229 -47
233 -9
235 -76
245 -37
258 -92
265 17
266 -8
268 -70
271 -34
276 -98
278 -71
280 -87
287 -71
291 -20
294 -29
307 43
314 -74
315 -75
318 17
320 -95
321 -84
322 47
342 59
347 -25
353 -29
362 -69
366 -76
373 -98
374 -57
388 41
390 66
393 -63
402 21
412 -54
414 -9
447 -96
453 -25
463 -55
466 -3
467 -6
472 -85
481 -72
483 59
489 -31
508 -9
530 -29
537 66
538 -93
543 30
548 -80
552 -42
553 -57
557 -31
561 -66
592 31
612 90
632 41
0 80
5 71
9 6
14 -68
24 -30
27 66
38 73
47 1
63 53
67 -63
68 69
71 55
74 100
82 100
95 36
100 87
112 77
113 51
115 -26
121 -82
122 -46
128 -64
135 -32
139 -57
159 -98
181 -61
184 11
190 61
192 35
193 54
194 87
196 77
220 -55
223 87
225 50
233 20
244 73
255 -77
257 83
264 49
272 -17
277 -33
283 -55
289 37
296 -9
300 64
306 57
314 -51
315 67
319 87
327 83
333 58
341 70
342 83
357 1
359 51
364 -64
369 99
371 30
373 63
377 50
389 73
411 11
423 2
435 -36
441 19
444 -37
470 38
477 76
481 99
487 63
494 -20
495 -2
507 18
518 4
524 23
528 -14
530 -1
535 99
543 34
548 0
549 -6
568 -38
578 5
580 -5
591 74
597 85
601 62
605 94
618 99
627 58
632 100
527 94 100 2
0 -17
17 -14
23 -91
33 -92
36 -99
44 -81
45 18
48 -30
49 48
50 -19
59 84
63 -13
64 -18
69 -63
71 -96
73 -44
74 0
76 9
86 15
96 -31
97 -88
103 5
111 -43
113 -54
130 -34
131 28
132 10
143 -77
152 82
154 -83
161 47
180 -93
186 8
188 -4
190 -35
192 15
199 -99
201 -73
203 -87
211 -96
229 -18
230 -52
243 -28
246 -67
255 -19
258 21
263 -38
266 -76
269 -41
286 -56
287 -68
290 -48
293 -54
295 -58
296 -35
297 11
299 38
308 15
322 21
330 73
333 -59
339 -19
343 56
344 -96
352 -98
355 -65
357 -87
358 -92
364 -54
373 -90
377 -76
388 -77
409 -57
411 -27
413 -54
416 -37
438 -37
442 -98
446 -98
448 -66
471 70
473 15
474 -65
476 10
482 -48
485 18
489 -21
496 -62
506 42
507 0
508 2
516 -93
517 -37
527 4
0 -11
1 -12
6 5
11 90
41 -87
42 80
49 75
51 52
53 57
59 90
62 86
63 69
74 19
79 72
81 14
82 53
83 24
86 90
89 65
99 51
104 73
107 54
108 85
110 94
116 -24
124 -34
125 95
135 54
138 -3
147 79
148 79
153 93
156 -44
159 81
170 -19
171 49
177 -17
185 44
190 44
192 53
203 49
212 1
215 89
223 57
243 -12
244 0
246 -41
254 69
265 -20
273 -39
288 -55
296 41
298 27
300 52
306 42
308 25
309 91
316 29
317 38
329 83
330 96
332 4
334 -42
341 83
351 -3
357 -70
360 -42
372 -72
377 17
378 -68
383 20
387 98
402 36
415 -37
422 6
425 26
428 30
429 78
437 36
441 -19
447 -81
450 60
458 5
463 69
474 79
475 69
476 29
487 34
492 37
501 48
503 81
505 67
509 6
510 100
511 -27
520 -14
521 16
522 -2
524 52
527 30
50 21 20 2
0 -55
5 -86
7 -76
8 -78
9 -11
11 35
12 -46
22 -28
23 -14
24 65
25 -51
28 -45
29 -95
31 23
33 -33
36 -57
38 25
43 -20
45 -8
49 99
50 -62
0 -24
14 73
15 39
17 17
18 47
19 -13
20 -23
22 52
24 95
28 -19
31 52
32 68
35 68
39 37
42 9
44 78
46 95
47 92
48 100
50 100
75 18 16 2
0 -71
8 -6
12 30
15 -45
16 16
24 -94
27 -29
29 -56
35 -17
38 -42
40 37
49 -62
50 -89
65 85
66 73
67 -12
70 61
75 -64
0 13
5 89
7 95
14 23
20 94
25 44
26 -35
34 82
36 83
40 40
43 99
44 6
45 51
52 29
67 99
75 98
95 21 15 3
0 19
4 -74
6 -98
7 -76
8 -87
14 -10
23 -50
27 -60
32 -35
34 -59
35 -97
50 -60
53 -77
56 -55
58 -52
66 -72
75 -73
76 -93
87 -96
94 2
95 4
0 96
6 -92
7 -54
9 -65
13 96
14 9
27 5
37 -33
54 -68
65 77
79 -93
81 87
84 -35
94 27
95 25
68 12 17 3
0 -55
7 -81
13 -2
29 -73
36 -44
43 -63
44 -89
46 -87
58 -100
59 -82
66 74
68 -90
0 -9
3 -29
12 -3
14 84
19 57
25 8
29 86
34 -16
38 8
44 -23
48 -60
51 38
54 25
56 -89
65 96
66 88
68 -89
83 25 25 3
0 35
4 -5
7 12
8 23
10 -15
16 -93
17 -46
20 -98
23 -52
26 49
29 -93
35 -100
41 -68
42 0
45 -6
52 85
65 -61
69 97
70 65
72 -52
78 -17
79 -45
80 7
81 -28
83 -75
0 53
3 26
4 83
6 45
8 50
16 19
20 -61
25 19
26 87
28 -44
31 -94
35 -37
43 98
45 32
47 80
55 94
57 63
60 68
61 38
62 -8
65 -2
67 69
69 98
72 48
83 1
45 2 8 2
0 21
45 -31
0 89
2 24
8 15
11 70
16 83
22 74
34 39
45 7
96 11 14 3
0 51
1 15
3 -4
32 62
34 -68
50 -97
61 -31
64 20
70 -58
79 43
96 -42
0 88
2 26
4 60
9 78
10 61
31 92
39 -45
51 -59
68 70
72 -7
73 86
83 65
89 2
96 31
74 13 15 2
0 -24
4 -33
5 -11
11 39
19 -43
29 18
32 -27
58 -25
66 41
67 -68
70 -4
71 -59
74 -75
0 19
9 65
20 -34
21 85
22 52
26 28
33 98
37 9
48 -12
49 -13
55 19
56 87
58 33
63 67
74 4
44 6 8 2
0 -3
26 -15
29 13
34 -21
43 83
44 -84
0 18
1 31
3 -2
27 48
34 56
36 30
41 95
44 83
98 12 25 2
0 87
1 -47
12 -67
26 59
45 93
58 -63
61 -85
64 -100
71 -61
85 -43
88 -32
98 -51
0 100
4 -40
9 -54
12 -27
17 16
20 88
22 64
24 53
25 60
31 76
37 79
38 90
43 94
47 96
55 35
56 67
60 68
63 -91
69 72
70 14
72 64
73 96
85 48
87 -11
98 -32
66 13 14 3
0 -18
3 -24
9 -14
14 22
22 -63
26 -15
30 -6
32 -57
43 -74
46 -45
58 4
62 44
66 -40
0 87
4 -19
10 52
24 -18
34 27
38 19
39 -35
40 83
41 1
42 14
49 13
51 27
61 78
66 28
99 100 100 3
0 277
1 -818
2 -168
3 -158
4 -998
5 -779
6 -794
7 69
8 262
9 -319
10 -706
11 -787
12 -843
13 -975
14 -348
15 -499
16 -347
17 -151
18 -293
19 -817
20 -810
21 62
22 -54
23 -339
24 21
25 592
26 -963
27 -197
28 -819
29 -925
30 -967
31 -999
32 -688
33 -415
34 -877
35 -710
36 394
37 -923
38 -187
39 -913
40 -334
41 174
42 -890
43 -207
44 -690
45 -648
46 -901
47 -256
48 -548
49 -542
50 -476
51 -97
52 -991
53 -685
54 413
55 -993
56 -631
57 -204
58 -578
59 -462
60 -843
61 -948
62 781
63 162
64 -698
65 -903
66 -765
67 -429
68 -835
69 -986
70 -79
71 -748
72 -879
73 -997
74 -814
75 -741
76 -856
77 -824
78 -666
79 -50
80 244
81 -895
82 -842
83 -482
84 86
85 -884
86 -866
87 -56
88 -931
89 -661
90 337
91 418
92 -463
93 -943
94 -979
95 -60
96 -253
97 -286
98 -750
99 -408
0 791
1 897
2 583
3 386
4 -775
5 179
6 969
7 402
8 788
9 958
10 346
11 -365
12 439
13 -942
14 559
15 -258
16 -136
17 851
18 567
19 383
20 -37
21 356
22 123
23 825
24 240
25 632
26 -684
27 -175
28 -447
29 -751
30 -961
31 -997
32 980
33 348
34 89
35 -608
36 994
37 334
38 208
39 -270
40 291
41 736
42 330
43 360
44 794
45 48
46 -50
47 86
48 255
49 178
50 866
51 97
52 -980
53 679
54 939
55 -974
56 472
57 188
58 -326
59 386
60 -141
61 -349
62 835
63 441
64 -479
65 783
66 -109
67 -402
68 661
69 -863
70 36
71 533
72 -725
73 -988
74 970
75 767
76 -818
77 341
78 -143
79 457
80 751
81 -884
82 -177
83 551
84 692
85 -214
86 -799
87 938
88 -907
89 775
90 697
91 595
92 -339
93 -753
94 -933
95 247
96 294
97 -189
98 -222
99 -49
97 21 17 3
0 3
1 -46
2 -69
15 -2
17 -4
21 -52
27 -53
28 -62
35 -73
42 -38
50 -49
55 -83
58 20
61 -4
63 -64
69 -47
82 -82
84 -69
89 -50
92 -59
97 -56
0 63
10 -26
12 95
14 15
22 -25
46 29
47 25
50 29
51 -8
55 53
61 12
66 66
68 99
71 -52
95 -48
96 -26
97 9
