Case #1:
0
1
3
5
8
10
12
13
15
16
18
19
20
21
23
26
29
35
36
37
38
39
41
42
43
45
48
49
50
53
57
60
62
63
64
65
70
72
74
75
77
78
79
88
89
90
92
96
98
99
101
103
104
105
106
107
108
112
120
121
123
124
128
132
134
136
138
141
153
154
155
156
160
165
167
168
169
171
174
177
178
181
185
186
189
191
192
194
195
196
197
198
201
202
204
205
206
207
208
210
211
212
214
216
219
223
224
225
226
230
232
233
234
238
239
243
245
246
249
250
254
255
256
258
263
264
266
268
270
271
272
274
275
276
278
279
281
282
284
285
286
288
292
293
294
297
300
302
303
307
308
309
310
311
314
315
316
319
323
324
328
331
337
339
340
341
343
344
345
346
347
348
349
351
352
353
354
355
356
357
358
359
360
361
368
370
372
373
374
375
379
380
382
383
384
388
389
390
393
396
397
398
400
403
404
405
411
413
415
416
418
420
421
423
425
427
429
430
431
432
433
436
439
444
445
446
448
449
451
456
459
460
461
462
464
465
470
473
474
475
478
480
481
482
485
487
490
491
492
496
497
499
500
501
504
505
506
507
508
509
510
511
521
522
524
528
529
535
536
538
540
542
543
544
547
550
551
552
554
557
559
563
567
569
571
573
574
575
576
577
580
581
582
584
588
590
592
593
594
595
597
598
601
603
605
606
611
612
613
614
616
617
620
624
625
627
628
629
634
636
637
639
640
644
645
649
650
651
652
653
656
660
663
665
666
667
671
674
676
677
679
681
683
684
691
696
698
699
701
704
705
707
709
710
711
713
715
718
721
724
729
730
733
734
735
737
738
739
743
748
751
752
755
756
758
761
765
767
769
771
779
782
784
785
786
788
790
791
792
793
798
799
800
801
803
804
806
807
808
809
810
811
814
815
816
818
829
830
831
833
834
835
836
841
842
844
846
850
853
856
858
859
860
865
867
869
870
877
880
881
882
883
885
887
889
891
892
893
894
895
897
898
903
904
906
907
908
909
912
913
915
918
920
921
925
927
929
930
932
937
943
944
946
947
951
952
956
958
959
960
966
967
968
969
970
972
973
974
978
981
989
991
992
994
996
998
1000
1004
1007
1010
1011
1012
1014
1015
1017
1018
1021
1022
1023
1026
1027
1028
1030
1034
1037
1038
1040
1041
1042
1043
1044
1047
1048
1049
1050
1051
1052
1054
1055
1056
1060
1061
1063
1064
1066
1067
1068
1069
1073
1074
1077
1078
1079
1080
1081
1082
1084
1086
1089
1091
1093
1094
1098
1099
1100
1104
1105
1107
1108
1109
1111
1113
1116
1117
1121
1122
1128
1132
1136
1138
1144
1147
1148
1149
1150
1151
1156
1165
1168
1171
1173
1175
1176
1179
1180
1181
1183
1186
1187
1188
1190
1191
1193
1194
1195
1198
1201
1202
1205
1206
1210
1211
1212
1213
1214
1215
1219
1221
1223
1224
1227
1230
1233
1235
1237
1238
1240
1243
1244
1245
1247
1248
1249
1253
1254
1255
1256
1257
1258
1259
1262
1264
1265
1266
1276
1277
1278
1279
1282
1283
1284
1288
1289
1291
1294
1295
1296
1297
1298
1299
1300
1302
1309
1310
1312
1313
1320
1321
1323
1324
1325
1333
1335
1338
1340
1346
1350
1351
1352
1353
1354
1358
1359
1361
1362
1363
1364
1365
1367
1368
1369
1370
1372
1373
1374
1375
1377
1378
1379
1382
1384
1386
1387
1389
1393
1394
1395
1397
1399
1401
1403
1404
1405
1409
1411
1412
1414
1416
1419
1422
1423
1425
1429
1431
1435
1436
1437
1442
1444
1448
1450
1451
1452
1455
1456
1457
1458
1461
1462
1464
1465
1467
1470
1471
1474
1475
1477
1478
1479
1483
1485
1489
1492
1493
1498
1499
1504
1505
1506
1507
1514
1515
1517
1518
1519
1520
1521
1522
1530
1533
1534
1535
1537
1539
1540
1542
1544
1545
1546
1551
1552
1553
1554
1555
1556
1558
1561
1562
1567
1568
1571
1572
1573
1574
1579
1583
1587
1589
1590
1595
1596
1600
1602
1604
1610
1612
1613
1614
1616
1617
1619
1620
1622
1623
1627
1631
1633
1637
1641
1642
1643
1650
1651
1653
1655
1656
1657
1659
1660
1662
1672
1673
1675
1677
1678
1680
1681
1682
1685
1687
1689
1693
1703
1705
1711
1712
1713
1715
1717
1719
1722
1725
1728
1731
1736
1739
1743
1744
1750
1752
1755
1756
1758
1761
1762
1763
1764
1765
1766
1768
1770
1773
1774
1776
1781
1783
1784
1785
1788
1789
1793
1794
1795
1798
1799
1802
1803
1805
1806
1807
1808
1809
1810
1811
1814
1815
1816
1817
1818
1820
1823
1825
1830
1832
1833
1834
1835
1839
1843
1845
1847
1848
1849
1850
1854
1856
1859
1860
1864
1865
1866
1867
1869
1871
1872
1874
1877
1879
1880
1882
1883
1887
1888
1893
1895
1897
1904
1905
1906
1907
1911
1914
1916
1917
1918
1919
1920
1924
1928
1935
1937
1940
1942
1943
1944
1946
1947
1948
1949
1950
1951
1952
1954
1955
1958
1961
1963
1967
1968
1969
1970
1971
1972
1973
1976
1979
1980
1981
1984
1985
1986
1988
1994
1997
1998
1999
2001
2005
2006
2007
2008
2009
2016
2019
2020
2022
2028
2030
2032
2035
2036
2041
2044
2047
2051
2053
2054
2056
2067
2068
2070
2071
2072
2073
2075
2076
2080
2082
2083
2084
2093
2094
2096
2097
2098
2099
2103
2104
2107
2108
2110
2114
2115
2117
2119
2121
2122
2124
2125
2130
2132
2138
2139
2140
2142
2143
2145
2146
2147
2153
2154
2161
2162
2163
2165
2169
2170
2171
2173
2177
2178
2181
2182
2184
2187
2192
2195
2196
2198
2199
2200
2204
2205
2207
2209
2212
2213
2214
2216
2217
2218
2219
2220
2222
2225
2226
2227
2228
2230
2231
2232
2233
2239
2242
2243
2244
2246
2250
2254
2259
2260
2261
2265
2267
2268
2271
2273
2275
2277
2278
2279
2284
2285
2286
2287
2288
2289
2293
2297
2298
2299
2300
2301
2302
2304
2305
2306
2307
2308
2309
2311
2312
2314
2316
2318
2319
2320
2322
2323
2324
2327
2328
2329
2332
2333
2336
2338
2340
2341
2342
2346
2347
2355
2359
2360
2361
2362
2367
2369
2370
2371
2374
2375
2376
2380
2381
2383
2384
2386
2387
2389
2393
2395
2396
2397
2399
2403
2407
2409
2410
2411
2414
2415
2419
2420
2422
2424
2425
2426
2427
2429
2432
2433
2436
2437
2438
2439
2441
2442
2444
2446
2447
2451
2452
2453
2454
2456
2458
2459
2463
2464
2465
2466
2469
2470
2475
2477
2481
2483
2485
2486
2487
2489
2490
2492
2493
2494
2497
2501
2506
2508
2509
2510
2511
2513
2515
2520
2521
2524
2525
2527
2528
2531
2532
2534
2535
2536
2540
2541
2546
2549
2550
2551
2552
2553
2554
2556
2557
2558
2560
2561
2562
2563
2567
2570
2572
2573
2575
2577
2581
2583
2585
2586
2588
2589
2594
2598
2599
2602
2605
2606
2609
2610
2615
2617
2623
2624
2625
2626
2628
2629
2630
2636
2637
2638
2639
2642
2645
2647
2648
2649
2650
2651
2652
2653
2661
2663
2664
2666
2668
2670
2673
2675
2678
2679
2682
2683
2684
2685
2686
2687
2688
2690
2692
2693
2694
2695
2696
2697
2698
2699
2700
2701
2702
2705
2706
2713
2714
2715
2718
2726
2727
2728
2732
2736
2739
2742
2743
2744
2747
2748
2749
2750
2751
2754
2758
2759
2760
2762
2767
2770
2774
2775
2776
2780
2782
2783
2785
2786
2788
2789
2790
2792
2794
2795
2797
2800
2801
2802
2803
2807
2810
2814
2816
2817
2819
2821
2822
2823
2828
2830
2834
2837
2838
2839
2842
2846
2848
2849
2850
2851
2852
2855
2856
2858
2860
2862
2863
2866
2867
2873
2876
2877
2880
2881
2885
2886
2887
2888
2890
2892
2894
2895
2896
2899
2902
2904
2905
2906
2907
2908
2909
2915
2916
2917
2919
2920
2921
2922
2925
2927
2928
2929
2932
2933
2937
2938
2939
2940
2941
2942
2946
2947
2949
2956
2961
2965
2967
2971
2974
2975
2976
2978
2980
2981
2984
2988
2990
2992
2993
2998
2999
3001
3004
3006
3007
3010
3013
3015
3016
3021
3027
3028
3029
3030
3031
3034
3037
3038
3039
3040
3042
3043
3044
3045
3046
3048
3049
3050
3053
3058
3059
3060
3061
3063
3066
3068
3070
3075
3076
3077
3079
3081
3082
3085
3088
3090
3094
3095
3097
3099
3100
3102
3105
3106
3107
3113
3117
3118
3119
3120
3121
3122
3125
3127
3131
3132
3133
3134
3135
3136
3137
3138
3139
3141
3143
3144
3147
3148
3150
3154
3155
3156
3157
3159
3160
3167
3168
3169
3174
3175
3176
3177
3178
3182
3183
3188
3189
3190
3192
3195
3196
3200
3201
3204
3205
3206
3210
3211
3215
3218
3219
3220
3222
3223
3224
3225
3229
3231
3232
3233
3234
3235
3237
3239
3240
3241
3244
3246
3247
3253
3254
3255
3257
3258
3264
3265
3267
3272
3277
3278
3279
3280
3281
3282
3283
3286
3288
3290
3293
3295
3298
3299
3301
3302
3305
3306
3310
3311
3312
3315
3317
3321
3328
3329
3330
3331
3333
3334
3336
3338
3339
3340
3344
3345
3347
3350
3352
3353
3354
3355
3357
3358
3359
3361
3364
3365
3366
3371
3373
3374
3375
3377
3378
3380
3382
3386
3388
3389
3390
3391
3393
3395
3396
3399
3401
3405
3408
3409
3413
3414
3420
3421
3422
3423
3425
3426
3427
3428
3429
3434
3437
3439
3440
3441
3442
3443
3446
3449
3456
3457
3463
3464
3465
3466
3468
3472
3473
3475
3478
3479
3480
3482
3483
3485
3486
3487
3489
3490
3491
3495
3496
3497
3500
3505
3507
3508
3509
3512
3514
3515
3516
3517
3522
3525
3526
3529
3532
3535
3539
3541
3543
3546
3549
3551
3552
3553
3554
3558
3559
3561
3562
3565
3566
3567
3569
3570
3574
3575
3579
3586
3590
3591
3592
3594
3600
3601
3605
3606
3609
3610
3613
3614
3616
3623
3625
3628
3631
3632
3634
3635
3636
3638
3641
3645
3647
3650
3653
3655
3656
3658
3662
3668
3669
3671
3674
3675
3677
3680
3681
3684
3686
3694
3695
3697
3698
3699
3700
3703
3705
3709
3713
3715
3716
3717
3718
3726
3728
3735
3737
3738
3740
3744
3746
3749
3751
3752
3753
3754
3755
3756
3761
3762
3763
3765
3768
3769
3771
3773
3774
3776
3778
3779
3780
3781
3785
3786
3787
3788
3789
3791
3793
3799
3801
3803
3805
3807
3809
3811
3815
3816
3817
3823
3824
3826
3827
3828
3830
3831
3832
3833
3835
3836
3838
3839
3840
3844
3846
3847
3849
3850
3853
3854
3855
3857
3858
3860
3864
3866
3868
3869
3870
3877
3880
3882
3883
3888
3889
3890
3892
3893
3895
3896
3897
3898
3900
3901
3902
3903
3904
3905
3906
3907
3908
3912
3913
3914
3915
3916
3917
3918
3919
3920
3922
3924
3926
3928
3929
3930
3935
3936
3937
3939
3943
3944
3945
3947
3949
3952
3953
3956
3959
3960
3961
3962
3963
3964
3965
3967
3968
3970
3971
3976
3978
3980
3981
3984
3985
3988
3990
3993
3994
3995
3997
3999
4000
4006
4007
4011
4014
4015
4016
4017
4021
4025
4036
4037
4038
4039
4040
4041
4042
4046
4047
4052
4055
4057
4063
4065
4066
4067
4069
4070
4077
4083
4086
4089
4090
4091
4092
4093
4095
4098
4099
4100
4102
4108
4110
4111
4113
4114
4115
4118
4120
4122
4126
4128
4130
4133
4136
4137
4140
4141
4144
4145
4146
4147
4148
4150
4152
4153
4155
4156
4157
4158
4161
4162
4165
4166
4167
4170
4173
4175
4177
4178
4179
4180
4182
4184
4185
4186
4187
4188
4189
4190
4191
4194
4198
4208
4209
4211
4212
4213
4214
4215
4216
4217
4221
4222
4228
4229
4231
4232
4233
4235
4236
4239
4240
4242
4244
4245
4246
4249
4252
4253
4255
4258
4259
4260
4261
4270
4271
4273
4277
4279
4280
4281
4282
4286
4290
4292
4294
4297
4299
4301
4309
4310
4311
4314
4316
4318
4319
4322
4323
4327
4329
4336
4337
4338
4339
4343
4344
4345
4348
4349
4351
4353
4358
4360
4361
4367
4368
4369
4371
4374
4375
4382
4383
4384
4385
4387
4388
4389
4391
4392
4393
4394
4395
4397
4399
4400
4402
4403
4407
4410
4414
4416
4417
4418
4419
4420
4421
4425
4429
4431
4432
4433
4436
4437
4440
4441
4444
4445
4448
4449
4450
4453
4455
4457
4458
4461
4463
4465
4471
4472
4474
4476
4477
4480
4483
4484
4488
4490
4491
4492
4493
4503
4505
4506
4507
4508
4515
4516
4518
4523
4526
4528
4530
4531
4532
4533
4534
4538
4539
4541
4542
4544
4545
4549
4550
4553
4556
4560
4561
4563
4565
4567
4568
4569
4576
4581
4582
4585
4588
4591
4596
4598
4599
4602
4605
4607
4609
4610
4615
4616
4618
4619
4621
4626
4627
4633
4634
4636
4637
4638
4639
4642
4643
4645
4646
4648
4649
4650
4651
4653
4656
4657
4659
4660
4665
4667
4671
4673
4675
4678
4679
4680
4683
4684
4688
4690
4691
4693
4694
4697
4698
4699
4700
4701
4706
4710
4711
4715
4718
4722
4723
4726
4728
4729
4730
4731
4733
4734
4735
4736
4738
4739
4741
4744
4745
4746
4747
4748
4750
4754
4758
4760
4762
4766
4767
4770
4772
4773
4777
4781
4783
4785
4788
4789
4791
4792
4794
4795
4796
4798
4799
4802
4804
4805
4811
4814
4816
4817
4821
4826
4830
4831
4833
4835
4838
4841
4844
4848
4850
4852
4856
4857
4859
4860
4861
4865
4868
4871
4874
4875
4877
4878
4880
4882
4884
4886
4889
4890
4891
4895
4902
4906
4908
4910
4911
4912
4916
4917
4919
4921
4926
4927
4929
4930
4932
4933
4934
4936
4939
4941
4943
4944
4946
4948
4949
4950
4951
4952
4953
4954
4956
4957
4958
4961
4962
4967
4975
4977
4979
4980
4981
4988
4991
4992
4993
4994
4995
4996
4997
4999
5001
5004
5006
5008
5009
5010
5012
5017
5019
5020
5021
5026
5028
5029
5030
5031
5033
5034
5036
5037
5039
5041
5042
5043
5044
5046
5047
5048
5050
5052
5053
5055
5056
5057
5058
5061
5063
5065
5066
5069
5070
5071
5078
5079
5082
5083
5084
5085
5091
5092
5095
5097
5098
5102
5104
5107
5110
5114
5115
5117
5118
5120
5121
5122
5125
5129
5134
5135
5137
5140
5141
5143
5149
5151
5152
5155
5156
5158
5161
5164
5165
5166
5168
5169
5170
5172
5173
5175
5178
5179
5181
5182
5183
5184
5185
5187
5189
5190
5193
5196
5197
5198
5201
5203
5207
5208
5209
5211
5212
5213
5218
5220
5223
5226
5227
5228
5229
5230
5233
5234
5238
5239
5240
5241
5246
5247
5250
5251
5252
5255
5260
5261
5263
5265
5266
5268
5269
5270
5271
5273
5274
5275
5276
5279
5280
5281
5284
5285
5286
5288
5289
5294
5296
5298
5299
5300
5305
5306
5307
5309
5310
5311
5313
5314
5319
5320
5322
5323
5326
5327
5328
5332
5335
5337
5341
5342
5343
5344
5346
5347
5349
5350
5351
5352
5353
5355
5356
5357
5361
5364
5365
5367
5370
5371
5375
5377
5381
5382
5383
5385
5387
5388
5390
5391
5392
5395
5399
5406
5407
5408
5410
5411
5412
5413
5415
5419
5421
5424
5426
5427
5429
5431
5432
5434
5437
5438
5439
5440
5444
5450
5451
5454
5455
5459
5460
5461
5463
5464
5465
5466
5470
5471
5479
5481
5484
5485
5486
5488
5490
5493
5494
5499
5503
5506
5509
5510
5511
5514
5517
5519
5520
5525
5529
5530
5532
5534
5538
5539
5540
5541
5545
5547
5551
5552
5554
5555
5560
5561
5566
5567
5572
5578
5581
5585
5588
5595
5597
5598
5599
5601
5602
5603
5605
5606
5608
5611
5619
5620
5626
5627
5633
5634
5637
5639
5640
5643
5644
5646
5647
5649
5651
5652
5654
5656
5657
5658
5659
5660
5661
5662
5663
5666
5668
5669
5670
5671
5673
5675
5676
5679
5680
5683
5684
5686
5688
5690
5692
5695
5697
5698
5700
5702
5703
5704
5705
5708
5710
5711
5713
5715
5716
5717
5718
5720
5722
5725
5726
5727
5730
5731
5736
5738
5739
5743
5744
5747
5748
5750
5755
5756
5757
5760
5761
5762
5763
5764
5769
5770
5772
5773
5776
5778
5781
5784
5787
5788
5790
5792
5794
5797
5799
5803
5804
5807
5809
5810
5811
5818
5823
5826
5827
5828
5832
5834
5835
5840
5841
5842
5843
5844
5845
5846
5848
5851
5857
5858
5860
5865
5866
5868
5869
5874
5876
5877
5879
5880
5884
5886
5889
5891
5892
5893
5895
5896
5897
5898
5900
5901
5904
5905
5909
5912
5916
5917
5922
5923
5924
5925
5928
5929
5936
5940
5941
5943
5946
5947
5948
5949
5950
5951
5952
5959
5960
5962
5963
5965
5966
5967
5968
5970
5971
5972
5973
5975
5976
5977
5981
5982
5984
5985
5988
5993
5997
5998
6001
6002
6003
6005
6011
6012
6014
6015
6016
6017
6019
6020
6021
6022
6023
6025
6027
6028
6030
6031
6036
6037
6039
6041
6042
6043
6044
6050
6051
6052
6053
6054
6058
6059
6060
6063
6065
6067
6071
6072
6073
6078
6080
6082
6084
6088
6089
6090
6092
6095
6096
6099
6101
6105
6108
6109
6114
6115
6117
6118
6119
6120
6121
6124
6130
6132
6133
6137
6141
6144
6145
6147
6148
6149
6150
6153
6155
6156
6158
6159
6160
6161
6162
6168
6169
6171
6173
6175
6179
6180
6181
6182
6186
6187
6189
6191
6192
6195
6199
6200
6203
6204
6209
6210
6213
6215
6216
6217
6219
6221
6222
6224
6225
6226
6227
6228
6229
6235
6236
6237
6238
6239
6241
6242
6245
6246
6247
6248
6251
6252
6253
6254
6257
6258
6261
6262
6264
6265
6269
6273
6274
6276
6278
6282
6283
6285
6286
6292
6293
6294
6295
6297
6298
6299
6301
6302
6303
6306
6309
6311
6312
6313
6314
6322
6324
6326
6328
6329
6330
6331
6335
6338
6340
6341
6344
6347
6349
6352
6355
6356
6358
6360
6362
6363
6370
6371
6373
6374
6375
6376
6377
6384
6385
6386
6388
6394
6400
6401
6402
6403
6408
6412
6413
6417
6418
6419
6420
6422
6423
6424
6426
6427
6428
6429
6430
6432
6434
6437
6438
6440
6444
6446
6447
6448
6452
6453
6454
6456
6463
6464
6465
6467
6470
6473
6475
6476
6477
6480
6484
6485
6488
6490
6491
6493
6495
6496
6497
6499
6500
6501
6507
6508
6511
6513
6515
6518
6519
6522
6523
6525
6527
6531
6532
6535
6539
6541
6546
6549
6550
6551
6552
6555
6561
6563
6564
6565
6567
6568
6571
6572
6573
6575
6576
6577
6578
6584
6585
6586
6587
6588
6590
6591
6592
6593
6598
6599
6601
6603
6609
6612
6613
6618
6619
6621
6623
6626
6630
6632
6634
6637
6642
6643
6644
6645
6647
6648
6649
6651
6655
6657
6658
6660
6661
6664
6665
6666
6667
6669
6672
6673
6674
6677
6678
6680
6681
6682
6683
6684
6687
6688
6690
6691
6692
6693
6697
6698
6701
6703
6705
6706
6707
6708
6710
6712
6714
6718
6722
6723
6724
6725
6726
6727
6730
6738
6739
6742
6743
6744
6745
6746
6747
6750
6755
6756
6757
6759
6760
6761
6762
6767
6769
6773
6774
6775
6779
6786
6788
6789
6790
6791
6796
6798
6801
6806
6807
6809
6811
6812
6813
6814
6816
6817
6819
6821
6823
6826
6828
6831
6832
6834
6838
6839
6840
6841
6843
6845
6846
6849
6850
6851
6853
6855
6856
6857
6858
6861
6862
6863
6864
6866
6868
6870
6873
6874
6879
6880
6881
6883
6888
6889
6891
6894
6899
6900
6901
6902
6903
6906
6910
6911
6912
6913
6916
6917
6919
6923
6925
6926
6927
6929
6931
6933
6936
6937
6939
6940
6943
6944
6946
6947
6948
6949
6952
6954
6958
6960
6961
6962
6963
6965
6966
6967
6969
6972
6974
6975
6980
6985
6988
6989
6993
6994
6998
6999
7000
7001
7002
7003
7004
7011
7014
7016
7018
7020
7021
7024
7025
7027
7028
7032
7033
7034
7035
7036
7037
7038
7039
7040
7041
7043
7044
7049
7051
7054
7055
7056
7058
7061
7063
7064
7068
7069
7070
7071
7075
7078
7080
7081
7084
7085
7086
7088
7091
7093
7094
7095
7096
7097
7098
7100
7101
7102
7103
7106
7110
7113
7115
7117
7122
7124
7126
7130
7131
7137
7139
7141
7142
7145
7146
7147
7149
7150
7155
7156
7159
7161
7164
7170
7171
7176
7177
7178
7179
7180
7184
7190
7192
7193
7195
7198
7199
7202
7205
7206
7207
7208
7212
7214
7216
7217
7219
7221
7222
7225
7227
7228
7230
7231
7232
7235
7240
7241
7242
7244
7250
7251
7252
7254
7255
7256
7257
7260
7268
7270
7272
7274
7277
7278
7281
7282
7283
7284
7286
7291
7293
7294
7297
7298
7302
7303
7304
7307
7308
7310
7311
7312
7313
7314
7316
7318
7319
7321
7328
7329
7331
7333
7334
7336
7337
7339
7340
7344
7345
7346
7348
7351
7352
7354
7360
7362
7363
7367
7369
7371
7372
7373
7377
7380
7382
7384
7385
7386
7387
7388
7389
7390
7392
7393
7395
7396
7398
7399
7400
7401
7402
7405
7407
7409
7410
7411
7417
7421
7422
7425
7426
7428
7430
7431
7436
7438
7439
7440
7442
7444
7445
7446
7448
7449
7450
7451
7454
7455
7456
7457
7458
7460
7462
7463
7464
7465
7468
7469
7473
7474
7475
7477
7478
7479
7482
7483
7487
7488
7489
7491
7492
7493
7498
7499
7501
7502
7506
7508
7512
7513
7514
7515
7516
7517
7521
7523
7527
7528
7529
7531
7534
7539
7542
7543
7544
7546
7547
7548
7551
7552
7554
7555
7557
7559
7561
7564
7565
7567
7568
7574
7575
7578
7581
7582
7583
7584
7586
7588
7589
7590
7591
7594
7595
7596
7597
7599
7601
7602
7603
7604
7606
7607
7608
7609
7610
7611
7614
7616
7619
7620
7621
7624
7626
7627
7628
7631
7632
7633
7636
7638
7640
7641
7645
7646
7647
7648
7649
7652
7653
7656
7658
7661
7663
7666
7671
7672
7674
7675
7676
7678
7681
7682
7683
7685
7686
7687
7688
7689
7691
7695
7697
7698
7699
7701
7703
7705
7706
7707
7712
7713
7714
7718
7720
7721
7722
7724
7726
7728
7730
7731
7732
7733
7734
7735
7736
7738
7739
7741
7742
7743
7746
7749
7757
7759
7760
7761
7762
7767
7769
7773
7774
7776
7777
7781
7784
7787
7788
7792
7793
7796
7798
7799
7800
7802
7803
7804
7805
7806
7807
7810
7812
7813
7816
7817
7818
7820
7821
7823
7824
7826
7828
7833
7837
7840
7844
7845
7849
7851
7852
7857
7859
7868
7869
7870
7871
7872
7873
7874
7878
7880
7887
7889
7892
7895
7897
7901
7902
7907
7909
7910
7912
7913
7917
7918
7921
7923
7926
7929
7933
7938
7940
7941
7943
7945
7946
7952
7954
7955
7956
7960
7963
7968
7969
7973
7974
7975
7978
7979
7985
7986
7987
7989
7994
7997
8003
8004
8007
8009
8010
8011
8012
8014
8016
8018
8019
8021
8025
8027
8030
8031
8033
8036
8038
8040
8041
8042
8046
8053
8058
8063
8064
8066
8067
8070
8071
8072
8077
8078
8080
8082
8084
8085
8087
8089
8092
8094
8098
8110
8115
8116
8119
8120
8121
8124
8125
8131
8134
8135
8136
8138
8139
8142
8145
8146
8148
8149
8150
8153
8156
8159
8163
8164
8165
8168
8169
8170
8171
8174
8176
8181
8184
8190
8191
8192
8193
8200
8201
8203
8204
8205
8217
8220
8222
8224
8225
8228
8230
8231
8232
8233
8240
8243
8245
8246
8250
8251
8255
8259
8260
8261
8266
8268
8269
8270
8273
8277
8278
8280
8282
8283
8286
8289
8291
8296
8297
8299
8301
8302
8305
8306
8307
8308
8317
8318
8321
8324
8327
8328
8331
8333
8336
8337
8340
8343
8346
8350
8351
8352
8353
8354
8356
8362
8365
8366
8369
8376
8378
8379
8383
8384
8386
8388
8389
8391
8393
8394
8398
8399
8401
8402
8405
8408
8410
8412
8413
8416
8417
8419
8423
8426
8427
8433
8436
8437
8441
8444
8448
8450
8451
8452
8455
8461
8465
8466
8467
8469
8471
8472
8474
8476
8477
8484
8486
8492
8493
8494
8495
8496
8498
8499
8501
8503
8504
8505
8506
8508
8509
8510
8511
8512
8513
8514
8515
8516
8517
8518
8520
8522
8524
8526
8528
8531
8532
8537
8538
8539
8544
8546
8547
8549
8550
8552
8557
8559
8561
8563
8564
8567
8568
8573
8576
8577
8578
8583
8585
8588
8589
8591
8594
8595
8596
8597
8598
8600
8601
8607
8609
8610
8612
8613
8615
8618
8619
8620
8621
8623
8625
8627
8628
8629
8630
8632
8635
8638
8640
8642
8645
8646
8647
8648
8649
8653
8654
8657
8658
8659
8660
8661
8664
8666
8667
8668
8672
8673
8674
8675
8679
8680
8681
8682
8686
8688
8692
8698
8699
8701
8703
8705
8708
8709
8710
8711
8714
8717
8720
8725
8727
8728
8731
8732
8734
8736
8737
8739
8745
8747
8749
8750
8752
8753
8757
8760
8761
8762
8767
8768
8769
8775
8776
8777
8781
8783
8784
8786
8787
8788
8790
8794
8797
8798
8799
8802
8803
8806
8808
8809
8811
8812
8818
8825
8828
8831
8833
8834
8836
8840
8842
8847
8850
8853
8854
8855
8856
8857
8858
8860
8861
8862
8863
8864
8870
8872
8875
8877
8880
8881
8882
8883
8884
8888
8891
8892
8893
8898
8900
8905
8906
8907
8910
8911
8912
8917
8920
8922
8925
8926
8931
8933
8934
8938
8941
8942
8944
8945
8949
8951
8952
8953
8957
8958
8960
8962
8963
8964
8966
8967
8968
8969
8970
8971
8974
8975
8976
8978
8980
8981
8982
8985
8987
8989
8990
8991
8992
8993
8996
8998
9000
9003
9005
9008
9013
9014
9016
9017
9019
9022
9024
9025
9027
9028
9030
9033
9034
9035
9036
9038
9041
9042
9046
9047
9048
9050
9051
9052
9054
9056
9059
9061
9062
9065
9066
9067
9068
9071
9073
9076
9078
9082
9083
9085
9088
9089
9090
9091
9094
9095
9096
9097
9100
9102
9103
9104
9106
9112
9115
9116
9118
9120
9122
9124
9126
9128
9129
9130
9131
9135
9137
9140
9142
9145
9147
9148
9149
9150
9155
9156
9157
9158
9160
9162
9163
9164
9165
9167
9172
9173
9175
9178
9182
9186
9188
9191
9192
9194
9198
9201
9203
9206
9208
9210
9211
9213
9214
9215
9216
9218
9222
9223
9226
9227
9229
9231
9233
9235
9237
9238
9239
9240
9241
9245
9246
9247
9248
9249
9250
9251
9252
9255
9256
9259
9260
9264
9265
9266
9267
9272
9275
9276
9277
9285
9287
9288
9289
9290
9291
9292
9293
9294
9299
9302
9304
9305
9306
9310
9311
9313
9317
9319
9321
9323
9325
9326
9327
9328
9329
9333
9335
9337
9338
9340
9342
9343
9344
9348
9350
9351
9352
9355
9356
9357
9360
9363
9364
9369
9371
9373
9374
9375
9376
9377
9378
9380
9382
9384
9385
9386
9388
9390
9393
9394
9397
9398
9401
9402
9404
9408
9409
9410
9412
9418
9419
9422
9424
9427
9428
9430
9431
9432
9436
9438
9439
9442
9449
9450
9452
9455
9457
9459
9460
9462
9464
9465
9466
9468
9470
9473
9476
9478
9479
9482
9483
9484
9485
9487
9489
9490
9491
9492
9494
9496
9497
9500
9503
9504
9506
9510
9512
9516
9518
9520
9522
9525
9527
9529
9530
9531
9532
9533
9536
9541
9543
9544
9546
9548
9549
9552
9554
9556
9557
9558
9561
9562
9563
9566
9569
9575
9576
9577
9585
9588
9589
9591
9593
9594
9595
9596
9598
9599
9601
9604
9608
9613
9615
9618
9619
9620
9621
9622
9626
9630
9632
9633
9634
9636
9637
9638
9639
9640
9641
9642
9643
9645
9647
9649
9653
9655
9656
9657
9658
9660
9665
9666
9667
9673
9674
9677
9678
9680
9684
9689
9693
9696
9697
9698
9699
9700
9704
9705
9708
9709
9710
9712
9713
9714
9720
9721
9722
9723
9725
9726
9729
9730
9731
9732
9736
9743
9744
9746
9747
9749
9750
9751
9753
9754
9758
9759
9760
9766
9768
9769
9771
9772
9773
9775
9776
9777
9779
9783
9784
9785
9786
9787
9791
9792
9793
9795
9796
9797
9798
9802
9804
9805
9806
9809
9810
9811
9812
9813
9816
9817
9819
9823
9824
9827
9828
9830
9833
9835
9837
9838
9839
9844
9848
9850
9851
9852
9857
9858
9860
9861
9863
9868
9869
9870
9871
9872
9873
9874
9876
9878
9879
9883
9885
9887
9889
9890
9891
9893
9896
9898
9900
9902
9905
9907
9908
9909
9911
9913
9914
9917
9918
9922
9923
9924
9925
9926
9928
9932
9935
9936
9941
9942
9948
9953
9954
9959
9960
9961
9962
9964
9965
9966
9968
9969
9971
9973
9974
9979
9982
9984
9987
9988
9989
9993
9995
9997
9998
9999
Case #2:
0
1
3
5
6
7
11
13
14
15
20
23
24
26
27
29
30
31
33
37
39
40
43
44
45
46
47
48
49
52
54
59
61
66
68
69
70
71
72
73
75
77
79
82
85
87
88
91
92
95
97
101
102
103
104
105
107
108
109
110
111
112
114
116
119
124
127
128
129
130
131
132
134
137
138
139
144
150
152
158
160
161
162
164
167
173
175
176
177
179
180
181
182
184
191
192
193
202
203
204
205
210
211
213
215
216
218
219
221
223
224
227
228
230
231
233
237
240
243
244
246
250
251
255
259
261
263
265
266
269
270
272
273
274
276
281
282
284
285
286
287
289
294
295
296
299
301
302
303
304
313
314
315
316
319
322
325
326
328
329
330
332
334
337
340
341
342
343
347
354
355
356
363
364
365
366
367
369
371
373
374
375
376
377
379
381
384
385
386
388
391
392
396
397
399
400
401
402
403
404
407
408
409
410
411
413
415
417
418
419
421
422
423
425
426
427
428
430
434
439
440
441
442
443
445
449
450
454
459
460
461
462
463
464
466
467
469
471
479
480
482
485
488
490
492
494
496
497
499
502
503
504
505
506
510
511
514
516
518
519
522
524
525
530
534
535
537
538
540
542
543
544
545
546
548
550
551
552
553
554
561
566
568
569
572
573
574
578
579
580
582
587
590
592
595
598
599
600
601
602
604
606
607
610
611
614
617
618
619
620
621
622
623
624
627
631
632
633
634
636
639
641
642
643
644
646
647
651
652
657
658
660
661
662
666
667
668
669
670
671
675
677
681
683
684
687
688
689
690
692
694
695
698
699
700
702
703
705
707
708
710
711
713
716
718
719
722
723
727
729
731
732
733
735
740
741
742
745
746
747
752
754
755
757
760
761
765
767
768
770
772
774
775
781
783
784
785
786
787
789
791
793
795
799
803
805
808
811
812
814
816
820
822
824
825
826
827
828
829
830
831
832
833
839
840
841
844
845
846
847
848
849
850
851
852
854
855
859
860
861
862
863
865
866
869
870
871
874
876
878
879
880
883
885
888
893
894
898
902
905
908
909
910
911
912
913
919
922
924
925
926
928
931
935
936
938
942
943
944
945
946
947
948
953
957
960
962
965
966
967
973
974
975
976
977
980
983
984
985
986
989
993
996
997
999
1000
1002
1003
1004
1008
1010
1013
1015
1017
1018
1020
1021
1022
1023
1024
1029
1030
1031
1032
1035
1038
1046
1049
1050
1051
1055
1056
1057
1058
1059
1060
1066
1067
1069
1070
1072
1073
1075
1080
1081
1082
1083
1085
1086
1087
1090
1091
1092
1093
1095
1097
1101
1102
1104
1105
1106
1107
1108
1109
1110
1111
1112
1115
1116
1117
1119
1120
1121
1122
1124
1125
1127
1130
1131
1134
1135
1139
1141
1143
1144
1148
1150
1154
1155
1156
1157
1160
1161
1162
1163
1170
1172
1173
1174
1176
1177
1182
1186
1188
1189
1193
1196
1199
1200
1204
1205
1206
1208
1209
1210
1211
1212
1214
1219
1220
1223
1224
1230
1231
1233
1237
1238
1242
1244
1247
1250
1251
1253
1255
1256
1260
1263
1265
1266
1267
1270
1272
1278
1282
1284
1285
1286
1291
1292
1293
1295
1301
1303
1304
1305
1306
1307
1308
1309
1310
1312
1313
1315
1318
1319
1323
1325
1328
1331
1332
1333
1334
1338
1339
1340
1342
1343
1349
1350
1352
1355
1356
1360
1362
1364
1366
1367
1368
1370
1372
1374
1375
1377
1378
1380
1381
1382
1385
1386
1388
1393
1394
1395
1398
1399
1402
1403
1405
1406
1407
1410
1411
1412
1414
1416
1417
1419
1422
1429
1430
1431
1432
1435
1436
1437
1442
1443
1445
1450
1452
1454
1455
1456
1457
1459
1463
1465
1469
1472
1473
1475
1478
1482
1483
1484
1488
1489
1490
1491
1492
1496
1499
1500
1504
1509
1513
1515
1516
1518
1522
1523
1525
1527
1529
1530
1531
1532
1533
1535
1536
1538
1539
1540
1541
1542
1543
1544
1545
1549
1550
1554
1557
1561
1562
1565
1566
1567
1568
1571
1572
1573
1576
1577
1578
1579
1582
1586
1588
1589
1596
1597
1598
1599
1600
1601
1606
1607
1608
1616
1617
1618
1619
1621
1622
1624
1625
1627
1631
1635
1637
1640
1641
1643
1653
1654
1655
1656
1657
1659
1660
1663
1665
1669
1670
1671
1673
1676
1677
1678
1679
1681
1685
1686
1687
1690
1691
1694
1695
1696
1697
1699
1701
1706
1707
1708
1710
1711
1712
1713
1714
1715
1717
1718
1720
1723
1725
1727
1731
1732
1734
1735
1738
1739
1742
1743
1744
1746
1747
1748
1750
1753
1758
1759
1760
1761
1764
1765
1767
1769
1772
1773
1777
1778
1779
1780
1783
1786
1790
1791
1792
1793
1796
1798
1799
1800
1801
1802
1804
1805
1807
1809
1811
1812
1815
1817
1818
1819
1820
1821
1824
1829
1830
1831
1832
1834
1837
1838
1841
1846
1849
1850
1851
1852
1859
1861
1863
1864
1866
1867
1868
1872
1875
1877
1880
1881
1884
1890
1892
1893
1894
1896
1899
1902
1905
1906
1909
1911
1912
1913
1914
1916
1917
1919
1920
1921
1924
1929
1930
1932
1935
1936
1938
1940
1942
1944
1945
1946
1949
1952
1956
1957
1959
1963
1973
1977
1979
1980
1982
1985
1988
1990
1991
1993
1994
1995
1997
1998
2000
2001
2005
2007
2011
2012
2013
2014
2015
2017
2018
2019
2020
2021
2022
2028
2030
2031
2032
2033
2034
2037
2038
2039
2040
2041
2049
2051
2053
2055
2056
2058
2062
2063
2066
2068
2070
2071
2072
2074
2075
2077
2079
2080
2082
2083
2084
2085
2097
2098
2102
2103
2106
2109
2111
2112
2117
2120
2121
2122
2123
2125
2127
2129
2130
2132
2137
2142
2143
2144
2146
2147
2149
2152
2153
2154
2157
2158
2162
2165
2170
2172
2174
2179
2180
2182
2184
2185
2187
2189
2190
2191
2192
2194
2195
2196
2197
2199
2200
2201
2202
2204
2206
2209
2210
2211
2212
2213
2218
2222
2223
2224
2226
2228
2229
2233
2234
2238
2240
2241
2249
2255
2257
2258
2261
2262
2264
2266
2267
2268
2270
2273
2274
2276
2277
2280
2283
2287
2288
2289
2291
2292
2294
2297
2298
2299
2305
2307
2310
2311
2315
2321
2322
2323
2324
2325
2326
2327
2330
2333
2341
2344
2346
2348
2349
2351
2353
2355
2357
2358
2360
2363
2364
2367
2370
2372
2373
2374
2375
2378
2379
2381
2388
2389
2390
2392
2394
2397
2398
2399
2400
2402
2403
2408
2409
2410
2411
2413
2414
2416
2417
2418
2421
2423
2424
2425
2426
2427
2428
2432
2434
2435
2437
2438
2439
2444
2446
2448
2452
2454
2456
2457
2460
2462
2466
2467
2473
2474
2475
2476
2478
2481
2484
2487
2488
2490
2492
2494
2495
2496
2499
2500
2501
2502
2503
2506
2507
2511
2514
2515
2517
2522
2523
2525
2527
2529
2534
2538
2539
2540
2543
2545
2549
2550
2552
2553
2554
2555
2556
2560
2561
2563
2564
2566
2570
2571
2573
2575
2577
2578
2581
2582
2583
2587
2589
2591
2592
2597
2599
2600
2605
2606
2612
2614
2617
2618
2621
2624
2625
2626
2629
2630
2633
2635
2637
2638
2643
2645
2647
2648
2649
2660
2661
2666
2667
2668
2670
2672
2674
2675
2684
2688
2692
2695
2697
2703
2705
2707
2708
2709
2711
2712
2714
2716
2717
2718
2720
2721
2725
2726
2727
2734
2736
2738
2739
2740
2741
2745
2746
2747
2750
2751
2752
2753
2754
2755
2759
2762
2765
2767
2768
2772
2775
2777
2779
2780
2781
2783
2784
2785
2787
2794
2796
2797
2800
2803
2804
2809
2811
2815
2817
2818
2820
2821
2824
2828
2832
2834
2836
2840
2843
2844
2845
2846
2847
2850
2851
2852
2853
2854
2855
2856
2858
2863
2866
2867
2871
2873
2875
2877
2880
2881
2882
2883
2884
2885
2888
2889
2891
2892
2894
2902
2903
2904
2907
2908
2909
2910
2911
2915
2918
2920
2921
2923
2925
2926
2928
2929
2930
2934
2935
2937
2941
2942
2943
2945
2947
2948
2952
2954
2955
2956
2960
2961
2963
2964
2965
2966
2969
2971
2972
2973
2975
2977
2979
2980
2982
2985
2987
2992
2997
2999
3003
3004
3005
3007
3009
3011
3012
3014
3016
3017
3018
3020
3021
3022
3025
3026
3029
3030
3033
3035
3038
3040
3041
3042
3043
3044
3045
3046
3050
3056
3057
3059
3060
3061
3062
3063
3065
3067
3069
3070
3071
3072
3073
3077
3078
3085
3087
3091
3092
3093
3095
3096
3097
3099
3104
3105
3107
3109
3110
3112
3115
3116
3119
3123
3124
3125
3126
3129
3130
3131
3132
3136
3138
3139
3140
3141
3144
3146
3148
3149
3150
3152
3154
3155
3158
3160
3161
3162
3163
3164
3166
3169
3170
3173
3175
3178
3179
3180
3183
3184
3187
3188
3189
3190
3191
3193
3195
3196
3197
3198
3199
3201
3202
3206
3210
3211
3212
3216
3218
3219
3224
3228
3229
3232
3233
3235
3236
3238
3239
3241
3242
3243
3245
3246
3250
3253
3256
3258
3259
3261
3262
3265
3266
3268
3269
3270
3274
3275
3277
3278
3280
3281
3286
3288
3290
3291
3292
3294
3295
3296
3297
3298
3299
3301
3302
3304
3306
3307
3308
3310
3311
3312
3313
3314
3319
3321
3323
3324
3325
3326
3330
3332
3333
3335
3336
3337
3342
3343
3344
3345
3346
3347
3349
3354
3355
3360
3361
3362
3365
3366
3367
3368
3370
3371
3373
3375
3378
3379
3380
3381
3382
3385
3386
3388
3389
3392
3393
3394
3395
3396
3401
3402
3405
3408
3409
3411
3413
3414
3421
3423
3425
3427
3430
3432
3434
3437
3439
3445
3446
3449
3453
3454
3455
3457
3460
3462
3468
3469
3472
3474
3475
3484
3485
3486
3491
3493
3494
3496
3498
3500
3501
3502
3504
3505
3507
3508
3510
3511
3513
3517
3520
3523
3525
3527
3528
3529
3533
3535
3538
3542
3543
3545
3546
3548
3549
3550
3552
3555
3556
3558
3560
3561
3563
3565
3567
3568
3569
3570
3574
3579
3580
3581
3582
3587
3588
3589
3594
3596
3598
3599
3600
3602
3603
3604
3606
3611
3613
3614
3615
3616
3617
3618
3621
3622
3624
3626
3627
3632
3633
3634
3636
3637
3638
3639
3641
3645
3647
3648
3649
3651
3653
3655
3656
3657
3660
3664
3665
3669
3670
3671
3673
3675
3676
3680
3682
3683
3684
3685
3687
3689
3690
3692
3693
3695
3697
3698
3699
3701
3703
3707
3710
3711
3712
3713
3717
3718
3719
3722
3723
3724
3725
3730
3731
3732
3733
3735
3737
3738
3743
3744
3749
3750
3751
3754
3755
3756
3757
3758
3760
3762
3765
3768
3769
3771
3772
3774
3775
3776
3777
3778
3785
3787
3789
3790
3796
3800
3803
3804
3805
3809
3812
3814
3815
3816
3817
3828
3832
3834
3836
3837
3838
3839
3843
3844
3845
3849
3852
3854
3855
3856
3857
3858
3863
3866
3868
3869
3870
3872
3873
3874
3878
3880
3881
3882
3886
3887
3888
3889
3890
3891
3892
3893
3895
3896
3897
3899
3901
3902
3907
3909
3910
3911
3912
3914
3915
3917
3921
3922
3923
3930
3932
3935
3939
3943
3947
3948
3950
3951
3952
3955
3958
3963
3966
3967
3969
3972
3974
3977
3978
3979
3980
3987
3988
3989
3990
3991
3993
3994
3996
3999
4000
4001
4003
4005
4006
4008
4014
4016
4017
4018
4022
4024
4034
4040
4042
4044
4048
4051
4053
4057
4060
4063
4065
4066
4068
4071
4073
4074
4075
4076
4078
4081
4084
4087
4088
4089
4090
4092
4096
4097
4099
4100
4106
4107
4109
4115
4117
4119
4122
4123
4125
4126
4127
4128
4129
4133
4136
4138
4139
4140
4141
4142
4143
4144
4145
4146
4147
4149
4152
4155
4156
4157
4158
4160
4161
4162
4163
4165
4166
4167
4168
4173
4175
4176
4177
4178
4179
4181
4184
4186
4187
4188
4190
4194
4199
4200
4203
4207
4208
4209
4211
4212
4214
4217
4218
4220
4221
4223
4224
4227
4230
4231
4233
4236
4237
4238
4242
4243
4245
4247
4249
4250
4251
4253
4254
4256
4257
4258
4260
4262
4263
4264
4268
4269
4271
4272
4274
4276
4277
4278
4283
4284
4285
4286
4287
4290
4291
4292
4297
4298
4299
4301
4302
4304
4308
4309
4310
4311
4312
4316
4317
4318
4322
4323
4324
4326
4327
4328
4330
4335
4339
4340
4341
4343
4344
4345
4347
4350
4354
4355
4356
4357
4358
4360
4363
4366
4369
4370
4371
4373
4374
4378
4379
4382
4385
4387
4389
4391
4392
4394
4395
4396
4398
4399
4400
4402
4403
4404
4406
4410
4414
4415
4416
4417
4419
4422
4423
4424
4429
4430
4431
4436
4439
4441
4443
4444
4445
4447
4450
4454
4457
4461
4462
4463
4465
4466
4467
4472
4474
4475
4476
4477
4479
4480
4482
4491
4493
4498
4501
4503
4505
4506
4507
4510
4511
4516
4520
4523
4524
4526
4527
4530
4532
4533
4535
4537
4538
4540
4543
4545
4546
4547
4549
4551
4552
4557
4558
4559
4560
4561
4562
4563
4565
4567
4569
4570
4571
4572
4573
4576
4577
4578
4581
4582
4583
4584
4586
4588
4589
4590
4591
4598
4601
4603
4606
4609
4613
4617
4619
4621
4624
4626
4627
4632
4637
4642
4643
4644
4645
4646
4647
4649
4651
4654
4655
4658
4660
4661
4662
4664
4665
4671
4673
4677
4678
4681
4682
4684
4685
4686
4687
4690
4692
4694
4696
4697
4702
4704
4705
4707
4709
4710
4713
4715
4717
4719
4723
4725
4733
4734
4735
4737
4740
4741
4743
4746
4747
4748
4749
4751
4752
4754
4756
4757
4759
4760
4763
4764
4765
4767
4770
4771
4772
4773
4774
4776
4780
4783
4785
4786
4787
4789
4790
4791
4792
4798
4803
4804
4805
4806
4808
4814
4815
4816
4819
4829
4830
4832
4839
4840
4841
4842
4844
4845
4846
4847
4848
4849
4851
4852
4853
4854
4855
4856
4860
4861
4863
4866
4870
4871
4872
4874
4876
4878
4879
4885
4888
4893
4895
4896
4897
4898
4900
4902
4904
4906
4908
4910
4911
4913
4915
4916
4920
4922
4924
4925
4927
4928
4929
4933
4934
4935
4938
4939
4941
4943
4947
4949
4951
4952
4953
4956
4958
4960
4964
4965
4967
4968
4972
4974
4975
4977
4978
4979
4981
4983
4987
4989
4990
4992
4994
4996
4999
5002
5003
5004
5007
5008
5009
5011
5013
5015
5016
5020
5025
5027
5028
5031
5032
5033
5036
5037
5038
5039
5043
5044
5045
5048
5050
5059
5062
5065
5067
5069
5071
5072
5073
5078
5079
5081
5082
5083
5085
5086
5088
5089
5090
5098
5102
5103
5104
5105
5107
5108
5109
5113
5114
5119
5128
5129
5130
5132
5138
5139
5140
5141
5142
5148
5149
5151
5152
5154
5155
5157
5159
5161
5164
5165
5167
5168
5170
5171
5172
5174
5176
5177
5182
5183
5186
5187
5188
5189
5191
5193
5194
5195
5198
5199
5203
5205
5206
5207
5208
5210
5211
5214
5215
5219
5220
5222
5223
5224
5227
5229
5230
5233
5236
5237
5238
5240
5241
5242
5246
5249
5250
5251
5252
5255
5256
5257
5259
5261
5264
5269
5271
5273
5274
5280
5281
5286
5287
5292
5300
5311
5312
5314
5315
5316
5317
5320
5321
5324
5326
5329
5333
5336
5339
5343
5344
5345
5346
5349
5351
5353
5356
5357
5364
5370
5372
5373
5374
5379
5384
5387
5388
5390
5393
5395
5396
5397
5398
5399
5400
5402
5404
5408
5410
5411
5412
5413
5414
5418
5419
5422
5423
5424
5428
5430
5434
5436
5437
5441
5442
5443
5446
5449
5451
5452
5453
5454
5455
5456
5458
5461
5462
5463
5464
5466
5468
5469
5471
5473
5478
5480
5481
5482
5485
5486
5493
5494
5495
5496
5499
5500
5503
5505
5508
5509
5516
5519
5520
5521
5523
5525
5530
5531
5532
5533
5534
5535
5537
5538
5539
5541
5542
5544
5547
5549
5551
5555
5560
5561
5562
5564
5566
5567
5568
5570
5571
5572
5574
5575
5580
5582
5583
5584
5585
5586
5587
5590
5591
5592
5594
5596
5601
5603
5604
5605
5608
5612
5614
5616
5617
5618
5619
5620
5625
5627
5628
5629
5631
5634
5635
5636
5637
5638
5639
5642
5643
5645
5646
5647
5650
5651
5653
5654
5656
5660
5663
5665
5666
5667
5674
5679
5681
5685
5686
5687
5689
5691
5692
5694
5695
5696
5699
5701
5703
5704
5705
5706
5709
5710
5713
5714
5715
5725
5726
5727
5728
5729
5730
5731
5733
5735
5738
5740
5742
5744
5746
5749
5751
5754
5756
5757
5761
5766
5769
5770
5775
5777
5778
5781
5782
5786
5787
5789
5791
5794
5797
5799
5801
5802
5804
5805
5807
5809
5810
5815
5820
5823
5826
5827
5829
5832
5833
5841
5843
5845
5848
5850
5852
5853
5854
5855
5858
5862
5863
5864
5866
5869
5870
5872
5874
5875
5876
5877
5878
5879
5880
5882
5884
5885
5888
5890
5891
5892
5900
5901
5904
5905
5906
5909
5911
5913
5915
5918
5922
5923
5931
5932
5935
5936
5937
5939
5942
5944
5945
5946
5948
5951
5953
5954
5956
5957
5959
5960
5961
5965
5966
5969
5970
5971
5972
5974
5975
5976
5978
5981
5982
5988
5989
5990
5992
5994
5995
5996
6001
6002
6003
6004
6009
6015
6018
6023
6024
6025
6033
6034
6035
6036
6039
6040
6042
6045
6046
6047
6053
6054
6055
6056
6059
6060
6062
6063
6066
6067
6069
6070
6072
6077
6078
6080
6083
6084
6085
6086
6089
6090
6091
6092
6094
6095
6096
6098
6099
6100
6102
6105
6109
6111
6112
6114
6115
6116
6118
6119
6120
6121
6122
6124
6129
6131
6132
6133
6134
6135
6136
6139
6140
6142
6143
6144
6149
6151
6153
6154
6156
6157
6159
6161
6163
6165
6166
6167
6168
6169
6171
6172
6173
6176
6178
6179
6180
6181
6187
6188
6192
6194
6195
6196
6199
6200
6203
6206
6207
6210
6211
6213
6214
6215
6217
6219
6222
6223
6228
6230
6233
6234
6236
6237
6239
6240
6241
6243
6248
6249
6250
6251
6252
6261
6262
6265
6266
6267
6269
6274
6275
6277
6278
6282
6291
6292
6295
6296
6300
6303
6305
6307
6309
6310
6311
6312
6314
6315
6317
6319
6320
6326
6327
6328
6329
6330
6332
6333
6335
6339
6341
6343
6345
6346
6350
6351
6352
6353
6354
6355
6356
6359
6360
6363
6364
6365
6366
6370
6372
6373
6374
6375
6381
6382
6384
6386
6390
6391
6393
6394
6395
6398
6404
6406
6407
6409
6410
6412
6422
6424
6426
6427
6428
6429
6431
6432
6434
6435
6437
6439
6442
6443
6445
6446
6447
6448
6450
6451
6453
6454
6455
6456
6457
6463
6464
6465
6467
6469
6471
6472
6473
6475
6476
6484
6485
6486
6489
6490
6493
6495
6499
6500
6501
6507
6515
6516
6517
6520
6521
6523
6528
6530
6532
6533
6534
6537
6538
6540
6541
6542
6544
6545
6546
6547
6548
6549
6550
6553
6554
6557
6559
6560
6562
6563
6565
6566
6568
6571
6573
6574
6575
6576
6581
6584
6585
6586
6587
6591
6593
6597
6599
6601
6605
6606
6607
6610
6612
6613
6617
6618
6620
6621
6624
6627
6629
6633
6637
6640
6641
6643
6644
6645
6646
6647
6649
6655
6660
6661
6663
6666
6670
6671
6672
6673
6679
6680
6682
6683
6685
6686
6688
6689
6690
6691
6693
6698
6704
6710
6711
6717
6718
6720
6722
6723
6724
6727
6729
6730
6731
6732
6733
6734
6736
6737
6739
6741
6744
6750
6751
6755
6760
6764
6765
6766
6767
6769
6770
6772
6773
6774
6778
6782
6785
6786
6787
6791
6792
6796
6797
6798
6803
6805
6808
6809
6811
6812
6813
6814
6815
6820
6827
6828
6830
6831
6833
6834
6837
6839
6843
6845
6847
6848
6849
6857
6858
6859
6864
6865
6867
6868
6874
6875
6876
6878
6879
6880
6881
6882
6884
6887
6888
6891
6898
6900
6902
6903
6906
6910
6911
6912
6918
6919
6921
6923
6924
6925
6926
6927
6928
6933
6935
6936
6937
6938
6940
6942
6945
6947
6949
6953
6954
6955
6958
6960
6961
6963
6967
6968
6969
6970
6972
6973
6980
6981
6982
6983
6984
6986
6987
6988
6990
6992
6994
6995
7000
7003
7004
7005
7006
7007
7008
7011
7012
7013
7016
7017
7020
7021
7024
7026
7031
7035
7036
7037
7039
7040
7043
7044
7046
7047
7049
7050
7051
7052
7057
7060
7062
7063
7064
7068
7069
7070
7071
7072
7073
7075
7077
7080
7081
7082
7084
7085
7087
7088
7089
7090
7092
7093
7096
7098
7100
7103
7105
7108
7112
7113
7115
7116
7120
7123
7124
7126
7128
7132
7135
7136
7137
7138
7140
7141
7143
7147
7148
7150
7154
7155
7157
7158
7159
7160
7165
7166
7167
7168
7171
7172
7174
7176
7177
7178
7181
7184
7187
7188
7189
7190
7192
7193
7194
7195
7198
7199
7200
7201
7204
7205
7208
7211
7212
7213
7214
7216
7217
7218
7220
7224
7225
7229
7230
7231
7233
7234
7235
7236
7242
7243
7244
7246
7251
7252
7253
7254
7262
7264
7265
7268
7271
7272
7273
7277
7280
7281
7286
7289
7290
7292
7294
7295
7296
7297
7298
7300
7302
7303
7305
7306
7307
7310
7312
7315
7316
7317
7318
7319
7320
7322
7324
7326
7328
7329
7330
7332
7337
7340
7341
7345
7346
7347
7349
7351
7352
7353
7357
7358
7359
7363
7368
7370
7371
7372
7373
7374
7375
7377
7379
7383
7389
7390
7392
7393
7395
7396
7399
7401
7403
7405
7406
7407
7409
7416
7419
7420
7421
7422
7424
7425
7426
7428
7429
7430
7431
7433
7434
7435
7436
7439
7440
7443
7446
7447
7449
7451
7452
7454
7456
7459
7464
7465
7466
7468
7469
7471
7472
7474
7478
7480
7482
7487
7489
7492
7493
7494
7498
7501
7502
7503
7504
7505
7506
7507
7508
7509
7510
7511
7512
7514
7515
7520
7521
7522
7529
7533
7535
7536
7537
7541
7542
7543
7544
7545
7547
7548
7549
7553
7556
7559
7561
7567
7568
7573
7574
7575
7578
7579
7580
7581
7582
7583
7585
7586
7587
7589
7595
7600
7603
7605
7608
7609
7613
7614
7616
7618
7619
7622
7625
7630
7631
7633
7638
7641
7646
7647
7653
7654
7655
7659
7661
7663
7666
7672
7673
7674
7676
7678
7679
7683
7684
7685
7688
7690
7692
7693
7694
7695
7696
7698
7700
7704
7705
7708
7710
7713
7714
7715
7717
7720
7721
7724
7725
7726
7728
7733
7734
7735
7737
7738
7740
7741
7743
7745
7746
7747
7749
7750
7751
7753
7754
7755
7759
7763
7764
7765
7772
7774
7775
7776
7777
7779
7780
7781
7785
7786
7788
7789
7791
7795
7796
7797
7798
7799
7800
7801
7802
7804
7805
7806
7808
7810
7811
7812
7813
7814
7819
7822
7825
7826
7827
7829
7830
7831
7834
7836
7837
7839
7840
7845
7848
7849
7850
7851
7852
7854
7857
7858
7864
7865
7870
7871
7872
7873
7878
7880
7882
7883
7885
7886
7892
7893
7897
7899
7903
7904
7906
7908
7913
7914
7918
7920
7924
7925
7927
7933
7934
7936
7944
7946
7948
7953
7955
7961
7963
7965
7966
7967
7968
7969
7972
7973
7976
7977
7979
7980
7981
7983
7989
7991
7996
7997
7998
8001
8003
8005
8006
8012
8013
8014
8015
8016
8018
8020
8021
8022
8023
8024
8025
8033
8034
8041
8043
8047
8049
8050
8051
8055
8056
8057
8058
8059
8060
8062
8064
8067
8068
8070
8071
8072
8074
8075
8077
8078
8080
8082
8083
8084
8085
8091
8093
8094
8095
8097
8099
8100
8103
8105
8108
8109
8113
8114
8115
8118
8120
8121
8122
8123
8124
8126
8127
8128
8129
8131
8132
8135
8138
8139
8141
8142
8146
8148
8154
8155
8162
8163
8165
8166
8168
8170
8171
8174
8176
8178
8180
8181
8183
8184
8185
8193
8194
8198
8199
8200
8202
8203
8204
8206
8208
8214
8215
8216
8217
8218
8219
8220
8221
8222
8223
8225
8226
8228
8232
8233
8234
8236
8237
8240
8243
8245
8246
8247
8250
8251
8256
8258
8259
8261
8262
8263
8265
8266
8267
8269
8271
8274
8275
8278
8282
8286
8290
8291
8292
8295
8296
8299
8300
8302
8303
8304
8307
8309
8310
8312
8313
8314
8321
8322
8323
8324
8327
8331
8332
8333
8336
8337
8338
8339
8345
8351
8352
8358
8362
8363
8364
8366
8367
8368
8371
8372
8374
8375
8376
8377
8378
8380
8381
8382
8383
8384
8385
8386
8387
8388
8390
8393
8394
8396
8397
8398
8401
8402
8406
8407
8415
8416
8417
8418
8424
8428
8429
8432
8434
8435
8436
8439
8440
8442
8443
8447
8449
8450
8451
8455
8459
8462
8463
8467
8468
8470
8472
8474
8475
8477
8480
8481
8482
8483
8484
8485
8487
8492
8494
8495
8497
8498
8499
8500
8502
8506
8507
8509
8510
8511
8512
8520
8525
8526
8527
8537
8540
8541
8542
8544
8545
8547
8550
8551
8552
8553
8554
8555
8560
8561
8563
8564
8567
8568
8572
8573
8575
8576
8577
8579
8580
8584
8585
8588
8592
8600
8604
8605
8606
8610
8611
8613
8615
8618
8627
8628
8630
8633
8644
8646
8652
8655
8656
8657
8660
8661
8664
8667
8685
8686
8687
8690
8691
8692
8693
8694
8697
8702
8705
8708
8715
8716
8719
8722
8724
8727
8733
8737
8740
8745
8746
8748
8749
8750
8751
8752
8755
8756
8759
8762
8764
8765
8775
8776
8777
8778
8782
8784
8786
8787
8789
8790
8791
8794
8795
8796
8798
8801
8803
8807
8808
8809
8811
8812
8813
8814
8816
8821
8822
8824
8826
8827
8830
8831
8833
8836
8840
8842
8845
8847
8848
8849
8850
8851
8854
8857
8858
8859
8864
8866
8869
8871
8872
8874
8876
8878
8883
8885
8886
8887
8888
8889
8892
8894
8895
8898
8900
8902
8907
8908
8910
8911
8915
8916
8917
8919
8925
8926
8928
8933
8936
8938
8941
8942
8943
8945
8947
8948
8950
8951
8953
8959
8960
8962
8963
8964
8965
8968
8969
8970
8974
8975
8977
8979
8980
8981
8983
8986
8989
8990
8991
8992
8994
8996
8997
8999
9001
9002
9003
9008
9010
9013
9014
9016
9018
9020
9024
9028
9030
9034
9037
9039
9040
9041
9042
9043
9049
9051
9052
9053
9054
9057
9058
9059
9062
9064
9067
9068
9070
9071
9072
9075
9076
9079
9080
9081
9082
9083
9084
9086
9087
9090
9092
9098
9102
9103
9104
9105
9110
9111
9112
9116
9118
9119
9122
9123
9125
9126
9128
9129
9131
9132
9133
9136
9139
9145
9147
9151
9153
9154
9159
9160
9161
9163
9166
9167
9168
9171
9173
9174
9179
9185
9191
9192
9196
9198
9202
9204
9205
9207
9208
9211
9212
9214
9215
9217
9218
9220
9221
9222
9223
9226
9227
9230
9235
9236
9240
9242
9244
9246
9247
9250
9251
9257
9258
9260
9266
9268
9275
9277
9280
9281
9282
9283
9285
9286
9290
9291
9292
9293
9294
9295
9297
9298
9299
9300
9301
9302
9303
9304
9305
9306
9309
9311
9312
9313
9314
9315
9318
9320
9322
9323
9325
9329
9330
9331
9332
9336
9337
9339
9340
9344
9345
9346
9350
9351
9352
9353
9355
9357
9358
9362
9363
9365
9367
9368
9372
9377
9380
9381
9382
9385
9386
9391
9393
9396
9398
9400
9401
9408
9413
9414
9418
9419
9420
9421
9423
9424
9428
9429
9432
9435
9438
9439
9440
9441
9443
9446
9448
9450
9453
9454
9455
9457
9458
9459
9460
9461
9462
9464
9465
9466
9467
9468
9472
9473
9474
9475
9477
9478
9479
9480
9481
9482
9483
9489
9490
9491
9494
9495
9496
9499
9502
9503
9505
9509
9510
9511
9514
9515
9517
9518
9520
9521
9522
9523
9524
9526
9527
9529
9533
9534
9537
9540
9541
9543
9544
9545
9547
9551
9552
9553
9554
9558
9560
9561
9562
9563
9564
9566
9567
9569
9571
9575
9576
9577
9578
9579
9580
9581
9582
9590
9591
9592
9594
9595
9602
9607
9608
9609
9613
9616
9618
9619
9622
9630
9634
9637
9638
9639
9642
9644
9645
9647
9649
9652
9653
9655
9656
9657
9660
9661
9664
9665
9670
9673
9675
9677
9681
9682
9685
9686
9689
9696
9701
9702
9705
9707
9710
9711
9712
9714
9728
9730
9731
9736
9738
9741
9742
9744
9747
9754
9756
9757
9758
9765
9767
9768
9770
9772
9779
9782
9787
9789
9790
9792
9793
9795
9797
9798
9807
9821
9823
9826
9827
9830
9831
9833
9834
9835
9836
9837
9840
9841
9842
9843
9844
9845
9846
9848
9849
9851
9852
9853
9854
9855
9856
9861
9865
9867
9869
9871
9873
9877
9880
9882
9884
9886
9887
9890
9892
9893
9894
9897
9898
9902
9904
9905
9908
9912
9913
9917
9918
9920
9921
9922
9923
9927
9928
9930
9931
9933
9934
9939
9942
9943
9944
9945
9947
9949
9953
9954
9955
9956
9960
9961
9962
9963
9966
9969
9971
9972
9975
9976
9982
9984
9986
9988
9989
9992
9993
9994
9995
9997
9999
Case #3:
0
3
5
7
8
11
13
15
16
22
23
25
26
28
30
33
34
35
38
41
42
43
45
47
53
57
58
60
66
72
73
74
75
76
78
79
81
82
83
85
86
92
93
95
96
98
99
101
102
103
104
105
106
108
110
111
112
115
118
119
122
123
124
125
130
135
136
137
140
141
146
147
151
153
155
157
158
160
162
163
164
165
170
171
173
174
178
181
182
185
190
191
195
196
197
199
200
201
202
203
205
207
209
210
211
212
215
217
220
221
223
224
226
228
229
230
231
233
238
241
243
244
245
247
251
252
257
261
262
265
270
272
274
276
277
279
283
293
294
296
297
299
300
302
303
306
307
308
309
311
312
314
315
316
317
318
319
320
322
323
324
329
330
331
337
338
342
343
348
349
351
352
355
361
363
364
366
368
371
375
379
380
381
383
384
385
387
388
389
391
397
399
404
406
407
409
410
411
413
415
418
421
422
424
425
427
431
434
438
442
453
454
455
457
465
473
476
478
480
481
483
485
487
494
496
499
502
505
506
507
510
512
514
516
522
523
525
526
527
528
530
531
534
539
541
542
544
550
551
553
557
559
561
564
565
570
575
577
579
580
584
587
588
591
592
594
595
596
597
598
599
606
608
611
613
614
615
617
619
623
625
627
629
630
632
633
635
636
639
641
644
645
646
649
650
655
659
661
662
663
666
669
670
673
677
681
683
684
685
687
691
694
700
701
703
706
707
708
709
710
711
715
716
718
721
724
725
726
727
728
729
730
732
733
734
735
736
740
741
742
744
745
746
748
755
756
758
760
766
767
769
773
775
776
777
778
785
786
791
792
793
794
795
796
797
799
803
805
807
808
810
811
814
816
819
820
821
822
826
827
828
829
834
837
838
840
843
847
850
852
855
857
861
864
865
869
870
874
877
881
883
884
886
887
888
889
891
893
895
899
901
902
904
909
912
914
919
921
922
924
925
927
931
932
933
934
938
941
945
953
955
959
961
962
963
969
974
977
978
981
986
988
989
990
991
994
995
996
997
998
999
1005
1008
1010
1011
1012
1014
1015
1016
1018
1020
1022
1024
1028
1030
1031
1035
1036
1037
1038
1040
1042
1046
1047
1050
1053
1055
1057
1058
1059
1060
1061
1064
1066
1068
1070
1075
1076
1077
1079
1080
1082
1084
1085
1086
1089
1090
1097
1098
1100
1104
1105
1106
1109
1110
1111
1112
1113
1117
1118
1119
1122
1125
1126
1127
1129
1130
1131
1132
1133
1134
1139
1142
1144
1145
1147
1149
1151
1152
1153
1154
1157
1158
1163
1164
1165
1170
1174
1175
1176
1177
1178
1179
1181
1184
1187
1188
1189
1191
1192
1196
1199
1200
1201
1202
1203
1204
1205
1206
1211
1212
1214
1217
1219
1223
1225
1226
1227
1228
1230
1232
1235
1236
1237
1238
1240
1242
1246
1248
1251
1252
1255
1256
1257
1259
1260
1261
1262
1263
1265
1267
1269
1270
1271
1272
1275
1277
1278
1279
1281
1287
1291
1298
1302
1303
1304
1305
1309
1310
1312
1313
1314
1315
1321
1324
1328
1329
1331
1336
1340
1341
1346
1348
1352
1354
1356
1357
1360
1361
1362
1363
1364
1366
1368
1369
1372
1373
1374
1381
1384
1386
1388
1392
1393
1394
1397
1399
1401
1403
1405
1407
1408
1410
1412
1413
1414
1415
1416
1417
1418
1420
1424
1425
1430
1431
1432
1433
1435
1440
1444
1445
1446
1449
1451
1452
1454
1457
1462
1463
1464
1466
1469
1471
1472
1475
1476
1477
1478
1482
1483
1485
1490
1497
1499
1506
1507
1510
1513
1515
1518
1522
1523
1524
1525
1526
1529
1533
1535
1536
1537
1539
1544
1546
1547
1554
1556
1559
1560
1564
1566
1567
1575
1580
1581
1582
1587
1588
1590
1592
1593
1595
1596
1599
1602
1604
1607
1609
1611
1612
1613
1614
1615
1616
1620
1621
1622
1623
1630
1631
1633
1634
1635
1636
1637
1638
1639
1641
1643
1645
1647
1649
1651
1653
1655
1658
1659
1663
1664
1668
1669
1670
1671
1673
1674
1676
1677
1679
1683
1684
1685
1689
1690
1692
1694
1695
1697
1698
1699
1700
1701
1703
1705
1707
1708
1711
1715
1717
1718
1719
1720
1722
1723
1729
1730
1731
1735
1736
1741
1746
1748
1750
1752
1753
1754
1755
1756
1757
1759
1760
1761
1763
1764
1765
1767
1768
1769
1770
1773
1779
1781
1782
1783
1785
1786
1789
1790
1791
1794
1796
1797
1798
1805
1808
1810
1811
1814
1816
1818
1820
1822
1823
1826
1827
1830
1832
1834
1835
1836
1837
1838
1842
1849
1851
1852
1853
1854
1855
1860
1861
1864
1865
1866
1868
1871
1874
1877
1879
1883
1885
1891
1894
1895
1899
1905
1907
1909
1911
1912
1915
1917
1918
1919
1920
1921
1922
1923
1926
1929
1930
1932
1933
1938
1940
1941
1942
1943
1947
1948
1950
1952
1955
1957
1958
1964
1966
1967
1968
1972
1973
1974
1975
1976
1982
1983
1985
1987
1990
1992
1994
1997
1999
2000
2003
2004
2005
2007
2008
2010
2011
2014
2015
2016
2019
2020
2021
2022
2023
2024
2025
2030
2031
2033
2035
2036
2040
2043
2045
2048
2050
2051
2053
2054
2057
2058
2060
2061
2062
2063
2067
2069
2071
2072
2074
2075
2076
2077
2078
2081
2082
2086
2088
2089
2093
2094
2096
2100
2102
2106
2107
2109
2110
2116
2117
2121
2122
2124
2126
2127
2129
2130
2131
2132
2134
2135
2136
2137
2139
2141
2144
2145
2150
2154
2155
2159
2160
2161
2166
2167
2168
2169
2171
2173
2174
2177
2180
2181
2182
2183
2184
2185
2188
2189
2190
2191
2193
2194
2196
2197
2198
2201
2202
2203
2206
2208
2209
2210
2212
2214
2216
2219
2220
2221
2222
2223
2224
2225
2229
2230
2231
2232
2235
2237
2241
2243
2244
2247
2251
2254
2255
2256
2257
2258
2262
2263
2264
2265
2266
2269
2273
2275
2285
2286
2289
2292
2293
2297
2301
2306
2310
2311
2313
2314
2315
2317
2318
2321
2323
2328
2331
2332
2334
2336
2337
2339
2340
2341
2343
2348
2349
2353
2356
2359
2360
2364
2368
2369
2370
2374
2378
2379
2380
2384
2388
2389
2390
2392
2397
2399
2402
2406
2409
2410
2412
2413
2416
2420
2423
2424
2425
2426
2430
2439
2441
2442
2445
2447
2448
2451
2456
2457
2459
2460
2461
2462
2463
2464
2466
2469
2470
2471
2474
2476
2477
2480
2482
2485
2488
2489
2490
2493
2496
2497
2499
2500
2501
2503
2504
2505
2511
2514
2516
2520
2522
2523
2524
2525
2526
2529
2530
2531
2533
2534
2535
2537
2538
2540
2542
2543
2545
2546
2547
2548
2553
2554
2555
2557
2558
2563
2564
2565
2567
2570
2571
2576
2577
2578
2580
2581
2583
2588
2589
2590
2591
2592
2593
2597
2598
2600
2602
2603
2604
2605
2606
2613
2614
2616
2618
2620
2623
2624
2626
2627
2628
2629
2630
2632
2634
2636
2638
2639
2640
2642
2643
2644
2645
2646
2647
2648
2650
2654
2655
2657
2659
2661
2663
2664
2665
2669
2671
2672
2673
2678
2679
2681
2685
2696
2699
2700
2704
2710
2712
2713
2716
2719
2720
2723
2727
2730
2731
2733
2734
2737
2740
2741
2744
2748
2750
2753
2754
2756
2757
2758
2759
2765
2768
2775
2777
2778
2779
2780
2782
2783
2787
2790
2792
2793
2795
2796
2797
2798
2800
2801
2803
2804
2805
2807
2810
2811
2816
2817
2818
2819
2822
2823
2825
2827
2828
2829
2830
2833
2834
2835
2836
2839
2840
2841
2842
2843
2845
2846
2847
2848
2849
2851
2852
2855
2859
2860
2861
2862
2863
2864
2870
2874
2877
2878
2879
2881
2883
2886
2889
2890
2891
2892
2896
2899
2901
2902
2905
2909
2910
2913
2914
2916
2918
2919
2923
2924
2926
2929
2930
2933
2934
2937
2940
2941
2943
2945
2947
2949
2952
2954
2960
2962
2963
2964
2967
2968
2970
2973
2980
2984
2985
2986
2987
2988
2989
2992
2993
2996
2998
3002
3004
3005
3006
3008
3009
3012
3013
3017
3020
3024
3026
3030
3031
3032
3033
3034
3039
3040
3041
3042
3046
3048
3049
3052
3054
3056
3061
3062
3063
3067
3068
3072
3075
3077
3079
3084
3085
3087
3088
3089
3090
3091
3094
3097
3098
3099
3100
3103
3105
3110
3111
3112
3113
3114
3117
3118
3119
3122
3126
3127
3128
3131
3134
3142
3143
3144
3149
3150
3154
3158
3159
3163
3165
3166
3168
3170
3174
3175
3176
3177
3178
3179
3180
3181
3182
3183
3184
3186
3189
3190
3192
3193
3195
3196
3197
3200
3201
3204
3206
3208
3210
3212
3213
3214
3216
3217
3218
3222
3223
3225
3227
3230
3232
3234
3238
3239
3240
3241
3245
3246
3247
3250
3252
3254
3255
3256
3261
3264
3265
3266
3267
3270
3271
3272
3274
3275
3277
3280
3282
3284
3285
3286
3288
3289
3291
3292
3294
3300
3301
3302
3308
3309
3310
3311
3312
3313
3314
3317
3318
3319
3321
3323
3331
3332
3333
3335
3336
3338
3339
3340
3341
3345
3346
3350
3351
3352
3353
3355
3356
3358
3361
3362
3363
3365
3368
3370
3372
3373
3374
3375
3378
3379
3384
3386
3387
3388
3391
3394
3397
3399
3400
3401
3405
3406
3407
3408
3411
3417
3418
3419
3422
3428
3429
3431
3434
3435
3436
3437
3440
3442
3445
3448
3449
3451
3452
3453
3454
3455
3456
3457
3462
3463
3465
3467
3470
3471
3474
3476
3477
3482
3483
3484
3486
3489
3490
3492
3494
3495
3496
3497
3499
3500
3501
3502
3503
3504
3506
3510
3516
3517
3519
3521
3522
3523
3525
3527
3530
3534
3535
3537
3540
3541
3542
3543
3545
3546
3547
3552
3553
3554
3555
3557
3558
3559
3560
3562
3568
3570
3576
3577
3579
3580
3581
3582
3583
3587
3588
3589
3592
3593
3595
3596
3599
3601
3602
3604
3605
3609
3610
3614
3615
3619
3620
3623
3624
3625
3628
3630
3631
3632
3633
3636
3639
3641
3644
3645
3646
3649
3651
3652
3659
3660
3662
3664
3665
3666
3668
3669
3671
3672
3673
3676
3677
3680
3682
3685
3686
3691
3693
3694
3699
3701
3702
3703
3704
3705
3706
3709
3711
3716
3717
3719
3720
3723
3724
3726
3727
3729
3730
3732
3734
3736
3737
3739
3742
3745
3749
3750
3751
3752
3760
3761
3762
3764
3768
3772
3773
3775
3777
3778
3781
3782
3783
3784
3785
3787
3788
3789
3791
3794
3796
3803
3804
3805
3806
3807
3810
3812
3814
3818
3819
3820
3821
3823
3824
3826
3830
3833
3837
3838
3840
3841
3843
3844
3846
3847
3849
3850
3851
3853
3855
3856
3859
3861
3867
3868
3870
3872
3874
3877
3881
3882
3885
3886
3888
3889
3890
3891
3893
3895
3896
3901
3903
3904
3907
3908
3910
3911
3912
3914
3915
3917
3918
3919
3921
3922
3923
3925
3928
3932
3933
3934
3935
3937
3939
3940
3942
3948
3949
3953
3954
3957
3958
3959
3960
3961
3962
3964
3965
3966
3967
3973
3978
3981
3982
3986
3988
3990
3993
3994
3995
4005
4006
4008
4010
4011
4012
4013
4015
4016
4017
4018
4019
4022
4026
4027
4028
4029
4031
4032
4035
4036
4037
4038
4039
4040
4041
4046
4047
4057
4058
4059
4061
4062
4063
4065
4066
4067
4071
4072
4073
4074
4075
4076
4078
4079
4081
4084
4085
4090
4092
4095
4096
4097
4098
4099
4100
4101
4103
4105
4108
4109
4110
4111
4113
4119
4122
4125
4126
4130
4134
4136
4137
4139
4140
4141
4144
4147
4148
4149
4151
4152
4154
4155
4156
4158
4160
4161
4163
4164
4165
4170
4171
4174
4175
4178
4179
4180
4181
4182
4184
4186
4187
4188
4189
4191
4193
4195
4198
4200
4201
4203
4204
4205
4206
4207
4210
4212
4215
4220
4223
4225
4229
4231
4235
4237
4238
4239
4240
4242
4243
4251
4252
4253
4255
4256
4259
4269
4271
4272
4273
4275
4278
4283
4284
4288
4289
4290
4291
4292
4293
4294
4295
4297
4298
4302
4303
4315
4316
4317
4321
4322
4323
4324
4327
4329
4339
4343
4344
4348
4352
4353
4354
4356
4358
4359
4360
4363
4364
4366
4367
4371
4374
4375
4376
4377
4378
4380
4383
4386
4387
4389
4390
4391
4392
4394
4396
4399
4404
4406
4408
4411
4412
4415
4416
4417
4421
4425
4427
4430
4432
4433
4436
4437
4439
4440
4444
4446
4448
4449
4450
4452
4455
4456
4458
4459
4460
4462
4464
4467
4471
4474
4479
4482
4483
4485
4487
4489
4490
4491
4492
4494
4495
4497
4500
4503
4505
4506
4510
4513
4514
4517
4518
4520
4522
4524
4526
4527
4528
4529
4530
4532
4533
4535
4536
4537
4538
4539
4540
4541
4542
4543
4545
4546
4548
4549
4550
4552
4554
4556
4558
4561
4562
4563
4565
4566
4567
4573
4574
4575
4576
4577
4579
4581
4582
4583
4584
4588
4589
4590
4591
4595
4596
4597
4599
4601
4602
4603
4605
4606
4609
4610
4614
4615
4616
4617
4620
4621
4622
4623
4624
4625
4628
4629
4630
4631
4633
4637
4641
4645
4646
4647
4648
4650
4652
4654
4656
4660
4661
4662
4663
4666
4668
4672
4675
4679
4681
4682
4683
4684
4686
4687
4689
4690
4691
4692
4693
4695
4696
4704
4706
4707
4708
4709
4712
4713
4714
4716
4717
4718
4721
4722
4723
4726
4727
4729
4730
4732
4734
4738
4741
4743
4746
4747
4748
4749
4751
4754
4756
4759
4760
4762
4765
4766
4767
4768
4779
4780
4782
4783
4786
4787
4790
4791
4794
4795
4796
4799
4800
4803
4804
4805
4806
4807
4810
4814
4821
4822
4824
4826
4827
4828
4834
4835
4838
4843
4845
4846
4848
4849
4851
4856
4857
4860
4861
4864
4865
4866
4867
4870
4874
4876
4877
4879
4883
4884
4886
4887
4890
4891
4894
4896
4897
4898
4899
4900
4901
4905
4909
4910
4911
4917
4920
4921
4924
4925
4927
4932
4940
4942
4943
4945
4949
4950
4951
4952
4953
4954
4959
4962
4963
4964
4967
4968
4969
4970
4971
4972
4973
4979
4981
4983
4990
4992
4994
4998
4999
5000
5003
5004
5010
5012
5013
5014
5016
5019
5021
5022
5023
5026
5027
5032
5034
5037
5041
5043
5044
5046
5049
5050
5053
5057
5063
5064
5065
5066
5067
5068
5071
5072
5077
5078
5081
5082
5083
5085
5086
5089
5090
5093
5094
5095
5096
5097
5100
5102
5104
5105
5106
5107
5108
5111
5112
5115
5120
5122
5127
5128
5129
5130
5132
5134
5139
5143
5144
5145
5147
5148
5150
5151
5152
5156
5158
5160
5162
5163
5164
5166
5167
5169
5172
5173
5174
5178
5179
5181
5182
5183
5184
5185
5186
5189
5190
5191
5195
5198
5200
5201
5203
5205
5209
5210
5213
5217
5221
5224
5227
5229
5230
5233
5234
5235
5238
5240
5241
5242
5243
5245
5246
5249
5250
5251
5252
5254
5255
5257
5261
5263
5265
5268
5269
5271
5273
5277
5278
5279
5285
5289
5296
5299
5301
5307
5314
5315
5316
5318
5329
5331
5333
5334
5335
5339
5345
5346
5349
5351
5353
5355
5357
5358
5359
5363
5364
5367
5371
5374
5376
5377
5378
5379
5383
5384
5388
5390
5394
5397
5398
5400
5401
5402
5403
5405
5406
5407
5413
5414
5415
5416
5417
5418
5419
5420
5421
5422
5424
5427
5428
5429
5430
5433
5434
5444
5445
5447
5449
5453
5454
5455
5456
5460
5463
5464
5465
5467
5468
5470
5471
5473
5478
5480
5481
5486
5487
5490
5491
5493
5494
5495
5497
5499
5500
5501
5503
5506
5512
5513
5515
5516
5517
5521
5522
5523
5528
5530
5532
5535
5538
5542
5543
5544
5545
5546
5552
5554
5555
5561
5564
5566
5570
5572
5574
5576
5579
5581
5582
5583
5584
5585
5587
5588
5590
5591
5594
5597
5598
5603
5606
5607
5609
5614
5615
5618
5625
5627
5629
5630
5634
5641
5642
5644
5647
5649
5650
5651
5653
5654
5656
5657
5658
5659
5660
5663
5665
5666
5669
5670
5678
5679
5680
5683
5685
5686
5687
5694
5695
5698
5708
5709
5714
5716
5718
5721
5723
5725
5729
5737
5738
5739
5744
5745
5747
5749
5750
5752
5754
5755
5756
5757
5758
5759
5760
5761
5762
5763
5764
5766
5767
5768
5769
5770
5771
5773
5778
5782
5789
5790
5791
5793
5795
5797
5801
5802
5805
5806
5807
5810
5814
5815
5816
5817
5818
5819
5824
5826
5828
5829
5832
5834
5835
5839
5846
5851
5852
5854
5858
5861
5863
5864
5865
5867
5868
5869
5871
5872
5874
5877
5878
5880
5881
5882
5885
5886
5888
5891
5892
5895
5896
5897
5902
5903
5905
5907
5909
5910
5911
5912
5915
5916
5917
5918
5919
5920
5925
5926
5929
5934
5936
5937
5938
5939
5940
5944
5946
5948
5950
5954
5955
5956
5958
5959
5961
5962
5964
5968
5970
5975
5977
5981
5984
5985
5986
5990
5995
6001
6004
6014
6015
6020
6021
6023
6031
6033
6035
6038
6040
6041
6042
6043
6051
6057
6060
6061
6062
6063
6065
6066
6073
6076
6080
6082
6083
6086
6088
6089
6096
6097
6099
6100
6101
6103
6106
6108
6109
6112
6113
6114
6115
6116
6118
6120
6122
6125
6127
6129
6130
6131
6133
6134
6139
6143
6146
6147
6153
6154
6160
6161
6162
6163
6166
6168
6170
6171
6177
6184
6185
6186
6187
6188
6189
6190
6194
6196
6197
6198
6200
6202
6203
6204
6205
6207
6208
6211
6214
6215
6216
6219
6220
6221
6222
6223
6224
6225
6229
6231
6232
6233
6236
6242
6246
6247
6248
6249
6256
6259
6260
6261
6262
6266
6267
6268
6269
6270
6271
6272
6275
6276
6277
6280
6281
6283
6284
6286
6290
6291
6292
6293
6295
6296
6297
6298
6303
6304
6308
6312
6316
6317
6320
6321
6322
6325
6329
6332
6334
6337
6340
6343
6344
6346
6350
6351
6352
6356
6359
6360
6362
6363
6364
6366
6367
6368
6369
6370
6371
6375
6377
6378
6380
6383
6384
6386
6391
6392
6393
6394
6399
6401
6404
6406
6411
6415
6417
6422
6424
6425
6427
6428
6430
6431
6433
6434
6435
6438
6442
6443
6447
6448
6450
6453
6458
6459
6460
6462
6463
6464
6468
6471
6473
6476
6478
6479
6480
6481
6482
6485
6488
6489
6490
6494
6496
6502
6504
6507
6508
6512
6515
6518
6519
6524
6525
6528
6531
6533
6534
6535
6536
6542
6543
6545
6547
6550
6552
6553
6562
6565
6566
6567
6568
6571
6573
6578
6580
6584
6586
6589
6593
6598
6599
6601
6607
6610
6611
6617
6619
6622
6624
6630
6632
6637
6638
6639
6640
6643
6646
6647
6648
6652
6653
6655
6656
6657
6658
6659
6660
6662
6666
6667
6668
6669
6674
6676
6677
6678
6681
6685
6686
6693
6695
6700
6703
6707
6708
6709
6711
6712
6714
6716
6719
6723
6727
6731
6734
6737
6739
6742
6743
6746
6748
6750
6751
6762
6766
6767
6768
6769
6772
6773
6774
6775
6777
6778
6779
6780
6781
6783
6784
6785
6787
6788
6790
6796
6797
6798
6803
6804
6806
6807
6808
6812
6813
6814
6817
6818
6819
6820
6822
6823
6824
6828
6829
6832
6833
6834
6835
6836
6840
6841
6845
6846
6848
6850
6852
6853
6856
6860
6863
6864
6868
6871
6872
6877
6878
6879
6880
6881
6882
6885
6887
6888
6890
6891
6892
6898
6901
6906
6908
6909
6910
6914
6917
6918
6919
6923
6926
6930
6931
6933
6934
6936
6940
6941
6944
6945
6946
6947
6948
6950
6951
6952
6953
6957
6961
6962
6967
6968
6969
6970
6972
6973
6976
6977
6981
6982
6983
6985
6990
6992
6995
6996
7001
7003
7004
7012
7013
7014
7015
7017
7021
7022
7023
7024
7025
7026
7029
7032
7033
7039
7043
7044
7047
7050
7052
7054
7055
7058
7063
7064
7066
7069
7070
7072
7073
7074
7078
7084
7085
7086
7087
7090
7093
7094
7095
7100
7102
7104
7107
7110
7111
7112
7113
7114
7116
7118
7119
7122
7123
7131
7133
7134
7137
7138
7141
7142
7143
7149
7151
7153
7156
7159
7163
7165
7166
7169
7171
7179
7180
7183
7186
7187
7189
7190
7191
7193
7194
7196
7199
7200
7203
7207
7211
7214
7221
7225
7227
7228
7230
7231
7233
7235
7236
7239
7243
7246
7249
7255
7256
7259
7261
7266
7267
7268
7269
7271
7272
7273
7275
7278
7280
7286
7289
7290
7292
7293
7294
7295
7296
7298
7301
7306
7307
7310
7315
7317
7318
7319
7322
7323
7324
7326
7328
7330
7331
7333
7336
7337
7338
7346
7347
7348
7351
7353
7354
7355
7359
7361
7363
7366
7367
7370
7372
7373
7375
7376
7383
7385
7388
7390
7391
7392
7393
7395
7396
7398
7399
7402
7403
7406
7407
7409
7414
7416
7421
7422
7425
7426
7428
7432
7434
7435
7442
7447
7450
7451
7452
7454
7455
7459
7460
7461
7462
7465
7466
7468
7469
7470
7471
7474
7477
7479
7480
7485
7486
7488
7490
7492
7493
7495
7497
7499
7500
7501
7502
7503
7504
7507
7509
7511
7512
7515
7516
7517
7518
7519
7520
7522
7524
7527
7528
7530
7532
7534
7537
7543
7544
7548
7550
7551
7553
7555
7556
7560
7562
7566
7569
7570
7572
7573
7574
7575
7576
7578
7580
7583
7585
7586
7590
7591
7594
7600
7603
7605
7606
7607
7611
7612
7616
7617
7618
7619
7620
7623
7625
7626
7631
7632
7638
7639
7641
7643
7644
7645
7649
7650
7652
7653
7654
7655
7657
7658
7660
7671
7672
7676
7680
7681
7686
7687
7689
7690
7691
7692
7693
7695
7702
7709
7715
7716
7720
7721
7722
7724
7725
7727
7729
7730
7732
7733
7736
7737
7739
7742
7746
7747
7749
7750
7752
7753
7754
7758
7762
7763
7765
7766
7769
7772
7773
7774
7775
7776
7777
7778
7779
7783
7784
7785
7786
7793
7794
7796
7797
7799
7805
7806
7807
7808
7810
7811
7812
7813
7816
7817
7819
7820
7821
7822
7827
7828
7830
7833
7837
7839
7841
7842
7843
7844
7845
7846
7848
7850
7852
7855
7858
7860
7864
7866
7867
7868
7869
7871
7872
7873
7876
7878
7881
7883
7884
7885
7887
7888
7889
7890
7892
7893
7896
7898
7899
7900
7904
7905
7908
7911
7912
7913
7918
7919
7921
7923
7929
7930
7931
7933
7934
7935
7937
7938
7940
7944
7947
7948
7949
7951
7955
7956
7958
7959
7963
7964
7965
7970
7971
7974
7975
7977
7979
7983
7984
7985
7988
7989
7990
7991
7992
7993
7994
7997
8000
8002
8003
8008
8011
8012
8016
8019
8020
8021
8025
8026
8028
8029
8032
8033
8035
8036
8040
8042
8050
8052
8053
8055
8056
8057
8058
8060
8061
8067
8068
8070
8079
8080
8081
8082
8083
8084
8085
8088
8089
8096
8098
8106
8107
8109
8112
8113
8114
8117
8119
8122
8127
8129
8130
8131
8132
8133
8134
8135
8136
8139
8142
8144
8146
8148
8149
8150
8151
8152
8154
8155
8156
8157
8158
8159
8163
8166
8167
8169
8170
8175
8176
8178
8180
8181
8185
8187
8188
8189
8191
8192
8193
8194
8196
8198
8199
8200
8203
8205
8207
8211
8212
8215
8216
8220
8221
8225
8227
8228
8229
8232
8235
8237
8238
8241
8242
8243
8244
8245
8248
8249
8250
8253
8254
8257
8258
8259
8261
8262
8263
8265
8269
8273
8274
8276
8277
8281
8282
8288
8289
8290
8291
8292
8295
8298
8305
8307
8308
8311
8315
8316
8318
8322
8323
8325
8328
8329
8330
8331
8336
8342
8343
8344
8345
8349
8352
8353
8354
8355
8359
8361
8362
8365
8367
8368
8370
8371
8373
8375
8378
8380
8381
8383
8385
8386
8389
8393
8395
8397
8399
8400
8406
8407
8409
8411
8414
8415
8418
8421
8422
8425
8426
8430
8433
8435
8436
8437
8439
8443
8444
8445
8447
8449
8450
8455
8461
8464
8469
8474
8477
8480
8481
8484
8486
8489
8492
8493
8496
8499
8500
8503
8504
8505
8507
8508
8510
8512
8515
8516
8517
8518
8520
8524
8525
8531
8532
8536
8538
8544
8546
8549
8551
8552
8553
8554
8557
8560
8568
8569
8571
8572
8573
8574
8577
8578
8579
8581
8583
8585
8586
8589
8590
8593
8596
8597
8601
8605
8607
8609
8610
8612
8613
8614
8616
8621
8622
8628
8629
8631
8634
8636
8638
8640
8647
8655
8657
8659
8669
8671
8678
8679
8681
8682
8683
8684
8686
8687
8688
8691
8692
8693
8695
8696
8697
8698
8699
8701
8709
8710
8712
8713
8714
8716
8717
8722
8723
8724
8728
8730
8731
8732
8735
8739
8741
8742
8743
8745
8746
8747
8749
8750
8754
8755
8759
8761
8762
8763
8764
8765
8766
8768
8769
8770
8771
8775
8776
8780
8783
8786
8787
8789
8793
8794
8800
8801
8802
8807
8809
8810
8811
8812
8813
8814
8818
8819
8820
8821
8822
8823
8824
8825
8826
8827
8828
8829
8830
8831
8833
8834
8836
8838
8839
8840
8843
8844
8845
8846
8847
8848
8857
8860
8861
8862
8863
8866
8867
8873
8874
8878
8881
8883
8884
8888
8890
8891
8892
8896
8898
8899
8902
8903
8904
8906
8907
8910
8912
8918
8922
8923
8924
8926
8929
8930
8932
8933
8934
8936
8938
8941
8944
8946
8947
8952
8953
8956
8957
8959
8961
8965
8966
8969
8975
8976
8977
8979
8983
8986
8987
8988
8989
8990
8993
8994
8995
8997
9001
9002
9004
9005
9006
9009
9011
9017
9018
9019
9022
9024
9025
9026
9032
9035
9036
9038
9042
9044
9045
9047
9050
9056
9059
9062
9065
9066
9067
9070
9071
9074
9075
9076
9078
9079
9082
9085
9088
9090
9092
9093
9097
9099
9100
9101
9103
9105
9106
9108
9110
9111
9116
9119
9120
9122
9124
9125
9126
9127
9129
9134
9135
9138
9139
9142
9145
9147
9148
9149
9153
9157
9158
9165
9168
9171
9173
9174
9177
9179
9183
9186
9189
9190
9191
9192
9193
9194
9195
9199
9200
9203
9204
9205
9207
9211
9216
9218
9219
9220
9222
9224
9226
9227
9228
9229
9232
9234
9236
9237
9238
9239
9240
9245
9247
9249
9252
9257
9258
9259
9260
9261
9262
9264
9265
9266
9275
9276
9281
9283
9284
9287
9289
9290
9291
9292
9294
9296
9298
9300
9301
9303
9304
9307
9309
9310
9315
9320
9321
9322
9325
9326
9327
9328
9330
9332
9333
9336
9338
9340
9341
9344
9347
9349
9353
9357
9360
9361
9364
9366
9368
9372
9373
9376
9380
9384
9391
9393
9395
9396
9397
9398
9400
9403
9404
9406
9408
9409
9412
9416
9417
9418
9419
9420
9421
9423
9424
9428
9431
9433
9435
9436
9437
9438
9440
9442
9445
9446
9447
9452
9453
9454
9455
9456
9458
9459
9464
9468
9470
9474
9475
9476
9480
9481
9485
9487
9488
9489
9491
9492
9494
9500
9501
9503
9504
9505
9507
9509
9511
9513
9514
9517
9518
9522
9523
9525
9527
9528
9529
9530
9532
9533
9536
9538
9539
9540
9543
9544
9545
9546
9549
9552
9553
9554
9561
9563
9564
9566
9568
9569
9570
9572
9573
9575
9577
9578
9579
9582
9583
9585
9586
9587
9588
9589
9591
9592
9593
9595
9599
9600
9601
9602
9605
9606
9608
9610
9611
9613
9614
9618
9619
9620
9622
9624
9625
9627
9628
9632
9634
9635
9636
9640
9641
9645
9648
9652
9653
9654
9655
9661
9663
9664
9665
9669
9670
9671
9673
9674
9675
9678
9679
9680
9681
9682
9683
9687
9690
9692
9693
9694
9696
9698
9699
9704
9705
9706
9707
9708
9711
9713
9718
9725
9727
9729
9731
9732
9734
9736
9738
9739
9740
9741
9743
9744
9746
9747
9749
9750
9752
9753
9755
9757
9765
9770
9771
9772
9773
9776
9777
9779
9782
9786
9788
9791
9794
9795
9797
9798
9803
9804
9805
9809
9810
9811
9814
9815
9818
9819
9822
9823
9829
9832
9833
9839
9840
9841
9843
9844
9845
9846
9848
9850
9854
9855
9856
9857
9858
9859
9863
9864
9866
9869
9870
9871
9873
9874
9875
9878
9879
9881
9882
9883
9884
9888
9891
9892
9895
9897
9898
9902
9904
9907
9909
9911
9920
9922
9923
9928
9929
9932
9938
9939
9941
9944
9949
9951
9952
9953
9956
9959
9960
9961
9962
9964
9965
9967
9969
9972
9977
9983
9986
9987
9988
9992
9993
9994
9996
9997
9998
9999
