100
6
445429954 333241152 897994632 266093638 327070944 221441911
0 0 0 2 2 3
9
601543813 362455031 504985097 57861633 426966649 170032630 319023699 251514672 645648527
0 0 1 1 1 2 2 3 7
2
47690858 852154180
0 0
7
857804674 317854593 711898492 84205283 503876139 450821430 26933294
0 0 1 1 3 1 5
5
492637960 453895924 433554842 647869562 225521732
0 0 1 0 1
10
719886849 570193309 502890402 791564265 608285286 966857436 539502025 288153499 486201337 700627121
0 0 1 0 3 0 1 1 5 6
9
544256530 301267216 851568832 386450844 125412678 949447163 527135504 548012013 475957171
0 0 0 2 3 0 1 4 4
8
82517265 974637854 786453831 202559070 834355313 117776467 459948617 376079302
0 0 0 0 2 1 5 3
8
643567483 19463484 445762818 118138849 247100563 811172210 218791342 256794324
0 0 1 2 2 3 2 1
9
234370000 73804528 739418815 704551731 232367755 445131050 111046948 289180587 420592453
0 0 0 1 1 4 5 6 6
8
150998875 385402279 995832675 605443658 386751763 259832917 79991791 125297083
0 0 0 1 0 2 1 5
7
206152558 932585317 928021521 88820251 345580563 610440942 99769254
0 0 0 1 0 2 1
6
453498279 923763148 896560402 406104883 491183317 436118031
0 0 1 1 3 1
4
429510207 319192013 289762408 202297360
0 0 1 0
2
243896629 643086407
0 0
7
434700288 768520505 828867051 961458610 731414268 731738823 821774903
0 0 1 0 1 0 3
2
700580590 123219974
0 0
7
436124378 471261821 648900999 595844285 461725885 365587676 60414452
0 0 0 2 2 3 1
9
403584925 614388826 45994793 430346182 607755134 952594167 98702294 249972013 223710114
0 0 0 1 1 4 1 5 5
6
388030738 385068036 139221346 190480524 617957545 884882678
0 0 1 2 3 1
10
511712372 255258969 104863815 73922746 387722581 977639710 871558793 364577840 952134587 758723388
0 0 0 2 2 4 5 3 7 2
7
796065417 320169266 855097071 973101823 245935583 160574444 249294982
0 0 0 1 1 4 2
8
12318633 107938992 892471343 10260209 557373154 445398300 75523134 417846635
0 0 1 0 2 4 1 1
10
520198031 939843122 712541857 743684386 183093654 148883100 1487108 399079416 95160479 14934102
0 0 0 1 0 3 1 2 3 6
5
591723854 553689111 683639923 5796912 370110878
0 0 0 2 3
9
975975168 730620437 185934326 235968776 950919801 889728167 159021761 808742231 730369172
0 0 1 2 1 1 4 3 3
6
187035574 577407359 641984429 805487711 667551211 368722555
0 0 1 1 3 4
5
174353642 742668581 334209534 438655590 818545677
0 0 1 1 2
3
702868675 312117407 376544410
0 0 1
10
740337337 478683569 320336671 242691531 884992667 880710122 508767486 261842525 187669770 43659322
0 0 0 1 2 3 0 0 1 6
3
207136852 139274308 276300418
0 0 0
8
320791625 332300555 389535195 560550162 848168997 785453919 750556691 447084622
0 0 1 2 0 3 3 4
9
734723446 317337987 387561300 670704077 463520580 422302730 398350522 347896290 407347922
0 0 1 2 0 1 5 3 0
8
121845519 503897031 276520591 711061383 275484999 301152485 709970863 968373874
0 0 0 1 1 2 1 0
4
295556697 244841189 508153930 99756578
0 0 1 2
10
1000000000 1000000000 1000000000 1000000000 1000000000 1000000000 1000000000 1000000000 1000000000 1000000000
0 1 1 1 1 1 1 1 1 1
9
124130994 559627541 314862451 129070743 801252501 866947855 3271343 567614379 633429521
0 0 1 1 1 1 1 4 0
8
9687399 60062110 656519516 265683390 757548392 785187629 435819928 392250007
0 0 1 0 1 1 1 4
6
678739965 422842163 145767434 885098426 843864144 940471456
0 0 1 2 2 2
5
769621402 686122211 349403635 256341551 805960681
0 0 0 0 3
8
738196457 346017587 696585669 189181969 431566602 523319791 759961019 46462514
0 0 1 2 1 4 4 3
10
225873414 378205635 947906987 576809505 849070211 129681874 72471364 890707073 248013430 629828487
0 0 0 1 2 1 0 1 3 4
3
219571847 360877560 665671114
0 0 1
3
798743284 66026065 798542239
0 0 1
7
867277470 501320270 663714511 856753155 480794728 583201787 758931698
0 0 1 1 3 1 2
3
318822323 439995292 959607129
0 0 0
9
978799413 708020048 173028364 309100106 874922146 305767879 34586403 764754007 343521043
0 0 0 0 1 2 5 2 3
7
603141901 339013234 427916671 860861889 855202795 539586209 897790980
0 0 0 2 3 4 5
6
786544031 600646815 809184995 39011258 944632769 12164377
0 0 0 1 2 1
5
967727446 572140153 276243054 199669571 831867970
0 0 0 1 3
2
415887203 10201751
0 0
8
464120174 742101274 815385711 991682005 400638423 567382959 475418126 339373043
0 0 1 0 3 1 5 3
10
250789922 23066347 288000353 443325505 16021554 782831320 511918866 463383874 755997261 206965916
0 0 0 0 0 1 5 5 1 4
10
71722172 823440938 805092255 92051109 83405269 394896775 204792192 905834118 871852336 240409660
0 0 1 0 3 2 0 1 0 3
6
660335246 720881668 144989048 725889732 529678522 773158444
0 0 0 0 3 4
8
743706188 176397501 176653301 666655730 858250943 663713129 890349560 835073714
0 0 0 2 1 0 0 2
10
198205042 574090093 173033322 1103440 492049825 885217317 554553696 276225338 643723877 465263616
0 0 1 0 0 3 3 2 1 0
7
835255659 520160874 339292616 798592655 727810891 580907519 498396129
0 0 1 2 2 0 0
2
326736587 958518166
0 0
4
493812444 956771496 901411956 476017536
0 0 0 0
4
24710948 46595060 972959400 980474021
0 0 0 1
10
908743539 593021091 372834989 323568040 58601814 18811120 921267510 660752875 600932393 248044553
0 0 1 0 1 3 5 3 5 7
10
1000000000 1000000000 1000000000 1000000000 1000000000 1000000000 1000000000 1000000000 1000000000 1000000000
0 1 2 3 4 5 6 7 8 9
9
343569055 481864186 598927707 16733893 675385180 908037434 986411909 894040030 660837082
0 0 0 2 1 0 1 4 4
6
182725569 548677238 304150836 842274040 986245539 47123218
0 0 0 0 2 3
4
341708205 186495245 435976938 977922575
0 0 1 2
3
888204131 429432913 333193188
0 0 0
2
968698331 850255436
0 0
2
586385097 700013670
0 0
2
522602468 821503349
0 0
4
27962884 380038946 797877868 80885410
0 0 1 1
9
859150849 874763980 590628050 814338404 953294608 869375660 461748167 978554582 578330102
0 0 1 0 2 3 4 6 5
7
599664462 500866677 305815429 46077151 922149118 198807207 64512607
0 0 0 1 0 1 1
4
200771525 270724893 459317550 189654960
0 0 0 0
9
367747792 668775370 266917719 529586695 915057292 423046357 425312686 663231651 869983484
0 0 1 2 1 1 1 1 2
9
158504426 647923626 759102943 376826802 692791660 933997422 397624172 141522625 547624530
0 0 1 0 1 2 4 4 1
3
548969571 549883486 571950207
0 0 1
5
663434517 159829730 573257007 321517294 560419119
0 0 0 1 3
8
34759970 833154784 144543741 414499208 438476730 75009329 387454060 220379071
0 0 1 1 3 3 1 4
7
943787095 598597796 731509203 943379767 635793165 691809062 300201021
0 0 0 0 1 3 3
2
587484058 661926064
0 0
4
314617044 769235669 395841466 393599975
0 0 1 0
7
247870528 176195572 808050873 277021229 805033643 624672965 345411788
0 0 0 0 1 0 2
7
286580971 859430011 338810116 281145810 722666278 738311892 989235539
0 0 1 2 2 1 3
10
383086787 309814115 631002069 122775430 618201149 985745883 465466895 191712715 691615844 110785617
0 1 2 2 2 2 2 2 2 2
10
363606032 760929642 26219889 190863543 187538525 664794799 776787122 599048940 372235344 769205431
0 0 1 1 0 3 0 3 0 4
4
344828443 520467030 437142804 831592709
0 0 0 2
7
489615429 837789504 874059001 671577377 734471021 724930281 66706139
0 0 0 0 2 3 4
8
671517175 84173888 957821716 699317110 131117753 692995592 223463382 932912713
0 0 0 1 3 4 5 4
9
183545506 994523988 632612953 803037395 121127932 654192531 328239017 570511235 886132583
0 0 1 0 0 4 0 0 3
8
512806478 983800465 504099108 643856254 622704082 252528527 472391372 642116155
0 0 0 0 1 3 1 0
3
165315720 71488868 605603586
0 0 1
8
831406278 143694987 378400133 3581831 721701023 446887327 523188262 99308201
0 0 0 0 0 4 4 3
2
390954327 113252062
0 0
7
671611539 236320424 151135257 405510482 896283224 487434262 957533557
0 0 1 0 0 0 3
8
551330982 689739787 304706181 104436268 497145048 726428991 748133905 385743485
0 0 0 0 0 3 4 4
9
471774769 328401299 164071949 940650643 375417713 230328061 695883701 282344070 45209816
0 0 1 1 1 2 0 3 7
1
1
0
3
89501168 426559254 109821316
0 0 1
10
992388936 959900104 204086811 707512449 395115502 958615671 926045331 492345106 939907072 299320153
0 0 0 2 1 0 1 1 6 6
