Case #1: 10 4 6 2 7 3 5 11 12 1 8 9
Case #2: 17 173 149 40 30 72 197 140 55 185 68 133 78 115 178 42 1 73 116 109 124 95 43 60 80 151 154 132 69 5 45 84 108 128 141 112 89 166 79 4 59 16 23 87 31 160 144 86 131 52 192 50 137 99 9 118 63 180 41 24 183 138 57 91 88 189 175 11 29 104 90 6 18 97 111 130 184 13 39 25 164 101 146 32 191 48 44 65 37 71 64 153 110 119 22 102 74 113 54 145 82 96 179 70 139 195 159 33 20 93 75 36 98 157 14 19 127 56 94 155 150 129 125 21 123 188 117 34 122 76 49 28 12 142 152 148 53 62 105 8 35 134 196 47 100 83 167 136 3 121 26 135 92 27 120 162 114 186 107 46 182 156 194 81 190 38 147 169 168 174 193 200 2 170 67 198 187 15 103 58 199 161 61 77 10 158 177 126 66 165 85 51 171 163 106 143 7 176 181 172
Case #3: 97 25 58 175 169 159 39 102 105 119 66 124 150 110 122 136 22 130 49 131 152 17 146 100 2 40 61 50 106 171 88 151 154 96 112 172 76 65 7 26 144 168 178 69 167 55 147 98 19 28 191 94 177 143 46 113 111 3 184 145 27 85 72 78 38 11 115 149 44 118 189 63 180 127 90 37 176 64 121 155 148 166 157 183 62 107 135 31 164 75 126 192 179 52 120 34 1 48 153 24 165 8 125 170 9 29 86 123 137 14 57 35 56 181 67 161 186 70 10 95 79 15 108 12 103 91 74 187 142 18 20 163 188 138 87 16 109 134 141 158 139 129 54 41 60 23 47 81 68 13 32 21 99 33 80 182 83 140 6 190 116 174 132 89 101 82 45 42 5 104 30 36 185 162 4 77 53 43 93 73 114 156 84 59 173 117 128 133 71 160 51 92
Case #4: 52 106 60 154 136 88 178 147 184 39 78 20 113 107 141 198 177 121 81 12 74 102 46 120 122 68 138 99 145 55 142 93 123 65 152 71 163 146 10 108 73 158 143 54 70 23 95 90 57 149 157 1 66 44 30 196 49 98 182 3 148 84 188 199 34 53 156 26 164 45 36 75 41 21 72 117 150 11 83 87 19 189 79 62 185 131 80 6 112 48 194 151 32 168 47 165 109 58 28 161 179 22 104 103 155 2 14 40 97 183 153 89 13 195 137 175 76 186 190 24 18 25 33 160 166 132 159 187 170 192 86 126 191 180 169 5 115 27 181 193 15 31 43 200 29 38 8 61 50 77 92 35 111 4 105 67 51 42 127 124 100 174 37 69 96 125 173 94 135 129 176 197 167 162 116 171 17 7 101 134 139 59 110 9 85 118 128 63 82 119 133 130 140 91 114 56 172 16 64 144
Case #5: 45 40 187 156 60 180 125 167 36 11 10 79 102 73 93 109 62 19 18 29 182 131 84 124 28 184 168 25 20 42 75 165 100 53 103 9 49 85 110 2 179 30 95 198 1 58 54 191 37 152 161 142 34 47 149 163 139 46 128 5 132 17 135 158 150 145 170 175 120 86 153 174 14 143 31 82 144 188 12 127 90 76 195 23 38 70 92 116 151 81 173 87 15 133 43 155 178 177 107 33 190 13 35 112 197 196 99 185 16 39 122 104 171 115 114 88 130 176 157 69 183 111 169 24 7 146 80 59 166 117 22 61 94 199 63 138 189 136 57 160 147 52 74 77 66 126 141 200 55 65 89 50 71 186 96 4 119 64 194 140 51 193 56 192 32 129 8 27 123 67 113 181 91 72 68 118 98 97 41 6 172 21 121 26 108 154 3 78 137 101 48 164 162 159 83 106 105 44 134 148
Case #6: 29 30 92 6 118 4 21 73 59 43 147 64 102 184 170 77 108 80 90 120 7 144 169 99 124 76 71 123 1 2 183 40 165 125 79 117 129 161 70 32 54 66 10 146 178 154 138 196 173 113 131 133 88 41 112 95 163 115 9 86 166 168 194 12 167 42 150 89 103 39 27 192 8 85 153 26 16 93 35 18 181 193 152 155 74 60 174 53 68 19 160 3 78 126 56 159 195 190 24 107 122 13 69 135 151 182 100 17 186 130 177 55 50 187 58 171 36 5 172 20 148 101 28 25 34 94 200 141 37 110 51 188 52 179 104 180 164 47 156 189 128 191 157 22 158 44 11 121 198 67 105 83 75 46 84 139 143 145 96 91 38 199 57 137 33 61 65 62 23 15 116 119 49 87 185 197 111 45 134 136 81 106 31 14 175 109 114 132 140 98 142 72 82 63 97 48 176 149 162 127
Case #7: 11 10 8 12 13 9 14 3 6 2 1 4 5 7
Case #8: 186 94 109 175 115 54 22 31 18 16 67 169 84 42 141 10 50 9 154 194 59 7 32 149 162 74 95 120 112 69 8 23 152 88 126 153 45 178 89 104 190 14 87 164 37 188 48 47 93 17 131 64 102 6 132 184 110 80 21 171 150 90 182 52 99 122 11 168 30 130 78 105 193 26 138 113 101 71 140 58 156 151 136 13 179 108 43 34 39 62 174 100 49 2 27 163 177 106 65 92 77 53 142 40 72 98 147 86 3 57 139 29 76 146 5 158 172 176 160 28 127 66 173 134 155 35 121 148 167 70 51 55 187 124 181 83 191 75 111 79 15 103 145 157 143 114 107 128 24 61 82 33 36 19 125 81 144 116 180 119 165 25 96 44 161 183 129 68 12 189 60 117 123 91 4 118 97 38 85 159 135 63 166 56 192 1 133 46 170 41 137 185 73 20
Case #9: 3 93 1 165 126 78 132 38 63 12 155 10 200 104 79 87 118 103 123 83 172 36 59 196 85 164 136 182 116 49 177 188 166 195 194 22 140 8 161 151 184 80 171 67 197 127 51 65 30 168 47 153 71 101 192 128 150 189 23 81 115 108 9 130 48 77 44 92 112 107 53 90 105 111 84 86 66 6 15 42 60 144 20 75 25 76 16 110 183 72 98 68 2 146 167 178 174 91 119 159 54 187 18 14 73 158 70 62 138 88 74 69 117 176 61 29 113 17 99 191 160 185 19 163 162 5 46 56 134 64 175 7 152 129 179 27 147 109 181 37 199 156 170 82 169 94 137 198 157 57 40 133 52 173 11 142 149 106 100 121 39 125 124 26 4 33 95 50 145 143 43 21 154 97 131 114 31 96 135 190 139 28 89 41 122 193 102 32 58 180 120 55 186 35 34 24 45 148 141 13
Case #10: 161 84 114 116 51 85 21 78 76 47 175 194 67 104 81 152 137 198 153 134 7 42 156 139 87 182 68 41 36 130 121 112 50 120 111 29 163 125 168 69 28 22 79 118 74 119 10 159 86 33 5 59 60 92 133 109 173 166 52 53 62 61 136 91 183 89 13 27 40 154 189 73 72 45 186 9 150 8 43 165 15 132 141 2 6 49 25 160 66 106 64 54 191 131 102 172 197 124 192 115 148 95 188 14 117 90 193 155 56 123 35 32 128 3 100 4 105 44 46 34 31 129 110 98 38 135 142 113 122 30 94 82 55 20 126 63 17 174 24 196 83 127 171 195 149 190 177 101 145 77 170 16 19 70 108 23 176 169 48 88 1 184 37 179 80 58 181 39 158 151 143 96 57 138 11 157 147 187 164 185 167 26 65 162 180 75 178 103 71 146 93 99 107 12 144 140 97 18
Case #11: 75 168 80 165 21 183 20 54 116 102 144 19 146 100 52 107 51 170 12 7 5 40 45 79 113 39 182 44 112 99 57 121 151 197 76 47 87 106 26 22 104 135 156 28 23 181 36 49 48 185 17 15 55 8 53 179 31 147 130 190 174 114 109 171 158 83 159 89 126 82 81 178 119 166 1 35 196 145 24 3 71 70 66 129 124 184 37 200 68 160 125 120 177 194 199 155 167 188 30 14 131 10 153 41 187 38 16 110 63 108 143 29 25 62 123 9 149 195 73 92 32 139 115 85 91 69 157 186 84 59 101 173 152 150 42 154 161 163 122 189 162 176 111 11 78 13 58 198 117 134 33 133 103 136 96 43 127 65 67 90 137 141 138 175 4 74 97 2 193 18 64 191 132 61 164 142 93 72 56 192 46 27 6 86 50 128 105 98 140 60 172 180 169 94 118 77 34 148 95 88
Case #12: 132 59 151 81 178 65 43 104 27 78 21 183 133 171 86 149 190 98 130 146 11 138 75 129 54 141 9 79 150 84 121 186 145 157 181 147 124 200 116 92 161 55 7 111 128 49 139 57 46 155 158 105 120 25 42 74 48 83 2 67 173 191 135 152 6 131 60 107 192 156 187 140 164 56 23 110 114 10 28 159 4 182 58 30 185 15 136 94 113 148 166 40 153 88 169 193 103 18 168 197 189 170 97 8 52 134 68 199 118 76 44 177 89 77 143 39 167 109 172 53 31 198 154 37 179 194 188 45 24 19 66 1 13 106 63 87 174 22 47 72 26 165 115 162 33 20 36 90 16 29 3 64 93 123 50 70 34 51 80 176 41 144 196 73 142 91 117 99 95 102 14 119 61 137 184 160 112 5 125 195 35 82 12 175 85 32 71 127 101 17 62 69 96 126 180 163 100 122 108 38
Case #13: 3 4 1 2 6 5
Case #14: 198 35 68 21 110 46 123 52 133 26 157 14 168 12 56 126 32 80 160 178 4 156 199 169 193 10 63 79 47 34 62 17 145 30 2 120 150 180 93 90 139 181 73 116 136 6 29 134 95 184 94 8 76 115 128 15 81 162 100 186 125 31 27 185 188 88 163 3 167 122 84 182 43 191 166 53 183 146 28 18 57 92 113 71 153 101 108 66 197 40 104 82 39 51 49 174 114 148 177 59 86 165 118 91 138 112 119 87 132 5 121 106 83 97 54 44 158 103 107 36 111 70 7 190 61 16 140 55 141 200 144 109 9 48 196 45 170 105 41 127 129 172 154 131 33 78 155 98 164 37 195 189 85 143 147 22 11 117 176 19 187 58 67 149 102 75 69 13 24 137 173 142 171 96 179 159 99 20 175 38 42 72 77 50 64 60 161 65 152 124 74 194 25 192 151 135 89 1 23 130
Case #15: 106 128 63 59 81 30 20 174 88 64 164 195 53 160 152 139 75 158 121 7 157 68 25 109 23 113 197 69 96 6 116 145 192 67 40 120 89 114 136 35 176 200 175 148 76 99 54 161 147 184 163 129 13 47 154 98 93 71 4 104 97 162 3 10 102 77 34 22 28 140 58 130 178 83 17 45 66 150 171 185 5 183 74 196 94 125 186 9 37 95 111 135 57 85 90 29 61 56 46 156 108 65 188 60 168 1 126 101 24 151 91 198 26 38 165 31 123 191 167 36 19 132 117 155 86 107 169 2 52 72 190 122 143 187 92 39 141 159 16 70 137 199 133 146 32 144 49 44 194 78 110 15 172 55 124 100 21 18 138 14 48 62 51 11 115 170 119 105 127 166 79 153 180 8 43 41 179 73 177 173 189 193 82 50 80 87 134 103 181 131 118 33 182 149 12 84 27 112 142 42
Case #16: 159 153 80 78 197 176 147 125 10 9 14 196 28 11 23 117 107 183 62 182 76 136 15 194 34 57 73 13 51 174 40 64 133 25 144 132 89 146 187 31 119 90 66 68 122 105 91 127 61 118 29 162 167 152 178 101 26 154 113 102 49 19 190 32 100 43 171 44 79 173 116 109 27 86 198 21 186 4 69 3 165 108 157 160 139 74 103 168 37 42 47 135 166 128 155 151 161 193 114 65 56 60 87 175 46 111 17 82 72 170 106 192 59 99 148 71 16 50 41 169 126 45 188 145 8 121 48 94 179 172 191 36 33 184 92 22 138 137 85 185 156 158 181 35 124 38 7 115 180 189 96 54 2 58 95 141 83 142 1 84 97 52 195 177 81 93 53 88 120 110 67 130 70 30 104 6 164 55 129 149 143 20 18 134 140 77 39 123 150 63 131 112 98 24 163 12 5 75
Case #17: 134 116 104 121 153 98 65 95 27 177 103 105 183 17 169 81 14 172 71 73 87 161 68 178 193 145 9 192 114 31 30 162 185 100 72 168 43 165 182 52 97 137 37 126 70 106 62 143 102 191 92 40 110 80 90 115 155 109 111 197 154 47 189 127 7 69 125 23 66 45 19 35 20 107 159 179 136 186 188 54 16 130 99 175 199 184 21 173 140 55 160 51 131 187 8 198 41 6 83 34 174 49 11 3 12 46 74 157 58 53 59 120 164 29 56 2 194 144 133 112 4 142 152 156 67 44 64 150 147 82 93 163 119 1 149 77 42 148 176 89 190 122 48 118 26 181 129 138 135 128 170 123 5 61 57 124 108 167 75 91 22 32 132 113 38 180 158 36 15 151 195 18 88 101 84 139 10 24 76 166 146 39 13 86 33 78 94 79 63 141 50 28 25 117 171 200 60 96 85 196
Case #18: 40 148 37 9 115 72 27 59 4 53 181 186 102 165 25 179 176 103 114 80 32 182 113 191 15 63 7 42 62 78 189 21 137 61 154 166 3 64 156 1 200 28 174 126 77 199 57 79 159 195 65 106 10 128 175 151 47 197 8 119 34 29 26 38 51 111 161 91 109 162 167 6 133 124 164 112 45 30 48 20 99 155 144 87 149 163 84 187 100 107 68 122 160 139 147 131 177 104 81 89 158 13 18 98 116 52 90 170 69 145 66 76 23 19 5 105 157 134 60 188 125 92 183 74 121 44 152 54 196 146 96 135 73 118 132 180 33 141 94 185 138 173 171 83 110 130 95 2 85 190 56 127 198 35 82 39 117 101 49 93 67 70 86 75 14 36 71 178 194 108 143 192 142 43 55 17 97 168 16 136 11 22 123 193 140 12 88 120 31 150 24 172 184 169 50 129 58 153 46 41
Case #19: 131 86 71 133 106 127 192 74 156 43 200 78 111 91 154 29 62 40 112 79 168 32 76 54 189 193 63 96 16 122 94 22 35 69 33 184 186 139 55 18 177 117 10 93 89 194 163 72 169 66 153 107 135 24 39 101 146 173 124 81 104 17 27 119 147 50 144 77 34 113 3 48 136 8 121 23 68 12 20 158 60 145 97 130 179 2 155 185 45 181 14 140 44 31 176 28 83 198 118 164 56 150 125 61 108 5 52 105 172 149 13 19 70 166 190 170 42 99 64 141 75 30 188 59 103 143 6 132 137 84 1 128 4 157 53 73 129 196 38 92 120 197 126 67 82 57 65 178 110 102 165 171 51 15 87 9 134 80 174 175 195 199 47 100 151 114 187 21 49 116 152 109 58 159 160 95 41 148 85 183 90 191 180 36 88 37 167 123 25 115 182 7 26 46 161 138 142 98 162 11
Case #20: 15 13 8 20 18 12 11 3 10 9 7 6 2 17 1 19 14 5 16 4
Case #21: 41 175 180 200 157 72 102 66 121 55 139 135 143 74 118 19 199 177 16 130 141 120 136 109 194 178 147 148 155 174 198 150 196 119 126 98 160 117 113 82 1 138 185 170 181 108 83 166 193 92 79 189 112 131 10 152 103 107 186 190 65 106 145 127 61 8 179 70 86 68 183 6 162 14 197 90 142 128 51 115 176 40 47 164 129 69 99 111 124 76 149 50 104 165 123 167 163 36 87 132 195 7 57 93 134 62 58 46 24 173 88 53 39 122 80 172 38 15 34 22 9 114 95 89 151 35 64 78 85 20 54 100 182 105 12 23 161 42 11 153 21 77 13 171 63 192 27 28 91 32 125 56 140 158 29 188 5 154 168 37 137 73 97 84 94 48 96 159 187 44 144 116 110 30 2 81 18 26 67 3 45 133 71 191 43 59 169 156 52 60 184 146 49 25 101 33 75 31 17 4
Case #22: 13 10 22 6 19 4 14 12 18 2 23 8 1 7 16 15 24 9 5 21 20 3 11 17
Case #23: 113 144 42 179 196 98 46 78 72 114 104 177 107 55 35 49 32 81 166 127 106 157 29 189 53 111 174 60 23 150 137 17 142 159 15 41 94 121 103 165 36 3 73 54 124 7 126 186 16 66 61 90 25 44 14 119 171 91 101 28 51 95 148 193 168 50 181 122 85 199 141 9 43 160 158 190 99 8 187 115 18 83 82 175 69 131 109 117 143 52 58 184 152 37 62 172 185 6 77 135 59 146 39 11 188 21 13 154 87 140 26 149 1 10 80 198 88 182 56 153 38 68 200 45 195 47 20 194 139 167 86 138 163 180 100 161 31 132 129 110 71 33 89 2 155 102 162 63 112 30 192 93 120 108 145 173 22 75 34 74 136 147 133 176 40 19 130 65 170 169 57 96 156 27 84 164 12 197 4 134 67 118 191 92 97 48 79 105 24 76 183 151 64 128 125 5 178 116 70 123
Case #24: 132 85 31 86 69 114 64 148 123 149 95 58 157 26 36 130 154 172 107 43 67 138 84 192 139 14 59 103 65 160 3 45 181 106 89 15 105 134 137 126 135 71 20 169 32 73 153 152 113 68 174 161 197 80 178 162 143 12 27 108 159 125 81 7 29 94 21 50 5 115 42 198 46 82 144 194 187 156 131 54 63 74 164 23 2 4 98 176 35 179 128 175 191 66 11 133 190 87 171 140 163 188 28 127 37 34 19 60 168 184 189 124 49 6 70 193 182 196 129 151 167 147 9 112 62 40 104 91 119 16 79 1 96 38 41 170 39 22 25 100 165 150 57 75 180 185 122 8 10 142 120 48 47 17 186 78 13 173 61 30 52 56 101 83 141 195 121 109 44 136 99 18 158 51 92 88 183 55 90 145 33 117 177 110 146 155 77 102 111 97 93 24 116 76 166 118 53 72
Case #25: 137 10 64 17 44 161 62 98 39 2 35 24 193 94 97 37 4 114 83 183 85 93 48 12 79 59 43 32 170 178 99 28 133 157 11 145 16 50 9 95 187 149 27 5 179 120 160 23 56 38 81 112 100 147 129 49 192 128 26 104 121 7 186 3 74 190 156 172 146 158 117 166 140 65 181 173 175 159 25 87 51 177 19 144 21 132 80 200 110 105 154 152 22 14 40 155 15 8 31 53 150 153 174 60 90 176 171 125 148 89 168 52 151 18 134 169 71 130 198 46 61 139 127 185 108 162 123 58 55 118 189 86 33 115 180 182 1 163 122 73 184 167 194 84 36 69 54 109 42 101 113 92 102 91 96 67 34 70 78 47 6 126 138 195 199 72 142 111 116 29 107 68 76 103 77 106 82 30 45 135 75 136 20 141 124 63 41 197 131 66 196 57 13 143 164 191 188 119 165 88
Case #26: 71 109 83 194 96 35 130 152 114 99 29 60 169 186 18 65 79 15 184 53 69 143 76 146 188 156 103 48 11 196 59 198 175 91 6 68 106 136 159 133 75 142 120 126 98 158 124 28 164 56 138 117 20 140 153 50 66 85 31 12 163 187 193 72 16 57 132 36 21 115 1 64 173 108 41 23 162 178 17 105 134 127 3 157 58 118 199 112 165 190 34 166 148 147 139 5 151 45 10 161 102 101 27 155 80 37 181 74 2 200 129 88 172 9 70 122 52 86 183 43 195 116 189 47 167 44 82 177 111 7 135 67 40 81 131 38 192 51 95 54 150 42 22 160 149 24 94 93 145 141 97 8 55 182 104 26 84 46 39 144 100 77 61 49 89 92 125 191 13 176 185 113 73 179 33 170 128 78 174 197 107 154 119 19 171 14 62 25 123 90 168 137 63 4 121 30 180 32 87 110
Case #27: 9 8 10 16 7 15 5 2 1 3 14 13 12 11 6 4 18 17
Case #28: 87 121 93 98 100 183 73 145 107 157 116 83 146 136 143 185 58 123 81 25 198 191 101 127 20 166 174 76 156 39 147 48 117 92 140 163 51 94 30 172 196 133 54 152 75 55 151 32 141 187 37 82 71 43 46 153 69 17 170 130 165 108 199 178 142 188 159 134 57 111 53 137 7 184 45 28 173 96 149 139 19 52 12 124 190 126 1 120 155 158 160 34 3 38 144 78 118 4 171 5 23 179 135 129 148 195 9 62 192 119 70 131 194 176 181 11 33 97 110 88 2 161 18 84 182 86 24 175 104 60 112 189 42 68 103 14 72 169 80 35 49 65 15 95 8 13 31 105 79 180 47 44 56 200 89 29 10 90 67 91 122 193 36 186 61 26 177 197 138 59 99 40 77 27 128 114 167 64 102 150 115 125 6 74 16 164 50 66 132 85 22 109 162 113 106 41 168 21 63 154
Case #29: 17 60 45 40 174 180 38 158 75 50 44 145 179 62 134 183 1 127 164 113 196 176 177 148 73 167 194 104 151 118 198 35 43 90 32 169 82 7 133 4 59 137 33 11 3 64 121 163 168 10 149 159 114 70 152 67 172 91 41 2 103 14 189 46 132 80 56 116 170 54 162 98 25 147 9 93 139 83 99 66 85 37 78 146 81 153 128 181 195 34 58 124 76 165 123 97 96 72 79 155 122 117 61 28 131 141 184 115 178 135 197 173 20 53 108 68 102 30 138 150 47 101 95 92 142 166 18 87 182 193 105 65 39 15 110 191 42 119 77 186 106 125 185 160 12 84 74 24 51 120 29 55 86 187 100 157 156 8 52 144 190 71 48 19 94 126 26 49 36 69 188 57 112 5 192 22 23 109 13 6 88 129 16 107 143 140 154 171 63 161 136 175 130 27 89 21 111 31
Case #30: 14 13 5 11 3 9 8 7 6 12 4 10 2 1
Case #31: 10 4 11 2 15 7 6 20 16 1 3 19 17 18 5 9 13 14 12 8
Case #32: 91 19 154 26 62 108 131 149 46 18 113 99 190 75 110 94 120 10 2 34 141 200 39 128 150 4 79 193 156 68 74 186 135 20 102 87 56 125 23 127 112 181 187 90 132 9 137 153 89 67 52 51 152 72 189 37 139 100 167 117 118 5 114 161 136 97 50 30 115 106 182 54 77 31 14 196 73 171 27 126 93 122 107 157 116 111 36 195 49 44 1 191 81 16 158 105 66 147 12 58 179 35 109 145 96 70 83 6 103 15 86 41 11 63 69 85 60 61 123 17 174 82 119 165 38 80 40 24 197 160 7 45 148 143 33 65 47 173 57 176 21 183 134 184 104 159 98 133 8 25 166 53 48 3 162 29 84 95 146 130 64 155 168 177 124 151 59 163 170 169 78 199 138 121 180 140 164 194 101 175 42 71 142 144 188 32 43 185 55 13 92 198 28 178 88 76 129 192 172 22
Case #33: 152 90 140 134 73 72 154 180 122 109 80 177 83 26 79 176 193 51 148 200 173 158 69 88 39 14 130 175 34 146 187 155 111 29 53 40 161 167 25 36 48 56 133 165 184 136 60 41 190 126 18 68 35 115 62 42 138 99 142 47 195 55 89 189 188 81 196 52 23 179 92 6 5 86 85 77 76 96 15 11 66 191 13 145 75 74 100 24 63 2 121 71 110 118 123 78 135 125 58 87 192 185 168 197 132 163 160 112 10 93 33 108 199 186 54 139 149 94 120 119 91 9 95 141 98 50 137 153 172 27 178 105 43 4 97 46 127 57 116 3 124 59 164 166 84 30 198 19 117 169 183 1 128 7 32 170 194 22 162 107 37 159 106 143 44 144 38 103 150 156 174 129 21 171 28 16 12 131 70 8 182 181 151 45 102 114 31 65 64 49 82 101 17 157 61 67 104 147 113 20
Case #34: 124 141 51 177 178 83 57 49 181 59 72 104 118 171 37 23 165 69 27 81 194 122 16 48 138 179 19 29 28 31 30 157 108 64 192 158 15 175 143 119 61 134 156 115 170 135 87 24 8 152 3 58 172 120 184 176 7 52 10 71 41 140 77 34 180 145 116 153 18 94 60 11 174 183 127 187 63 191 195 85 20 114 6 159 80 161 47 142 126 101 110 130 189 70 196 109 105 186 113 182 90 146 167 12 97 164 173 33 96 91 129 163 99 82 44 67 132 13 40 54 168 22 193 1 148 89 75 185 111 92 155 117 162 42 46 137 136 25 151 62 2 88 39 190 66 102 154 125 166 188 139 50 68 147 131 43 32 36 84 169 86 133 112 106 17 149 103 121 160 45 14 53 107 73 38 56 4 5 26 65 9 100 74 55 128 98 76 150 93 144 78 35 123 21 79 95
Case #35: 51 173 163 74 23 148 195 48 200 79 60 111 165 50 49 133 45 154 91 39 96 194 5 63 95 198 77 58 42 134 150 130 82 83 93 149 98 65 20 103 46 29 75 193 17 41 78 8 15 14 1 126 181 182 125 114 90 28 92 11 71 155 24 156 38 171 131 170 178 87 61 167 127 4 43 135 27 47 10 112 157 33 34 151 99 197 70 94 164 57 19 59 35 88 25 21 141 37 85 122 160 121 40 124 115 144 152 191 119 185 12 80 180 56 105 188 142 168 109 138 102 100 129 104 55 52 73 190 123 32 67 169 16 30 76 196 146 120 189 174 97 117 162 106 147 137 145 6 36 31 84 107 187 18 62 64 81 172 166 101 177 143 3 89 13 159 72 118 132 68 66 158 2 140 179 199 161 69 175 113 53 54 192 186 110 184 153 116 139 128 108 183 44 22 7 136 86 26 176 9
Case #36: 36 149 100 191 98 39 146 29 103 88 127 139 27 111 134 76 40 99 45 37 118 25 68 167 22 186 13 148 8 133 171 183 114 157 166 1 20 51 6 17 168 58 93 115 19 169 164 108 106 143 38 161 136 117 65 126 174 42 153 170 131 71 187 193 55 110 80 23 192 107 62 109 128 82 122 16 189 81 144 67 78 74 116 92 120 190 178 10 154 198 102 84 43 173 150 159 124 5 18 3 184 91 9 140 158 49 70 48 72 66 14 160 145 33 44 83 54 21 195 85 137 75 129 97 177 56 11 73 123 165 61 162 30 15 156 53 121 180 12 104 197 175 50 79 113 7 179 28 2 95 182 185 59 89 181 135 34 105 96 112 52 132 172 47 130 35 24 41 46 60 31 163 94 57 142 200 125 87 147 138 155 151 32 101 152 26 63 196 77 86 4 69 64 199 119 188 141 90 194 176
Case #37: 13 178 172 149 26 112 79 142 59 39 157 32 1 36 140 111 89 197 127 116 38 163 130 94 114 5 145 65 44 77 98 12 56 137 50 14 62 21 10 58 80 187 184 29 168 166 73 87 161 35 84 154 72 126 173 33 171 40 9 160 131 37 103 95 28 186 152 198 191 128 101 53 47 75 74 174 30 164 7 41 150 177 99 51 105 109 48 129 17 110 139 125 132 24 64 159 144 31 83 141 71 167 63 117 85 121 158 118 86 90 16 6 124 25 192 20 104 108 143 180 106 135 134 113 92 54 19 70 88 23 61 93 147 123 122 193 34 185 91 15 100 8 119 97 27 175 133 189 4 81 156 67 179 52 176 151 11 107 96 60 49 182 22 78 194 46 102 45 190 181 57 3 55 76 146 155 82 2 153 120 170 162 188 43 138 66 42 183 148 169 69 115 136 165 196 195 18 68
Case #38: 110 172 157 128 92 95 27 39 141 163 89 135 186 147 177 114 32 187 41 123 61 129 28 195 91 33 7 23 68 120 82 17 26 190 57 103 87 88 8 44 19 178 65 40 60 70 176 53 133 149 74 81 48 166 85 106 35 180 73 45 21 99 102 194 43 155 119 29 162 46 78 109 59 51 154 111 79 71 77 196 52 31 200 96 55 184 37 38 11 98 25 5 164 100 6 84 193 90 62 94 171 63 36 156 132 56 146 159 72 1 76 140 150 16 118 143 185 115 67 30 144 130 20 175 173 165 189 4 22 122 158 105 49 160 12 148 151 168 197 112 9 169 116 121 199 107 14 136 50 113 137 174 183 75 66 104 3 131 108 134 192 69 10 93 126 54 188 138 142 179 101 2 125 152 124 47 15 42 170 58 191 198 153 86 117 13 18 167 127 34 181 161 97 64 24 80 139 182 145 83
Case #39: 84 81 56 188 72 23 75 71 22 131 30 107 87 59 178 145 25 173 166 45 111 9 6 156 17 162 128 194 106 11 73 36 154 152 91 32 77 62 193 65 70 138 136 139 20 67 169 117 110 51 50 180 105 82 103 3 92 133 14 115 112 38 174 132 40 97 46 186 88 41 8 5 31 140 7 95 37 141 179 171 2 54 149 1 89 165 13 69 85 99 35 57 137 185 76 100 66 183 90 96 177 161 55 192 53 29 12 160 121 49 21 61 126 142 60 155 48 157 191 167 109 129 172 189 196 113 176 27 122 151 10 64 58 164 181 43 93 42 44 74 78 114 168 159 16 170 150 195 83 147 130 34 187 33 116 24 118 182 144 108 102 26 190 134 86 19 120 143 47 146 80 123 18 63 184 127 101 15 79 52 135 158 98 175 94 68 153 4 124 163 119 104 39 28 148 125
Case #40: 2 1 8 6 12 4 11 3 10 9 7 5 14 13
Case #41: 2 1 6 18 13 3 15 17 14 11 10 16 5 9 7 12 8 4
Case #42: 128 197 84 106 32 177 157 102 170 54 61 15 49 146 12 74 116 149 150 184 174 48 121 165 129 164 141 198 40 73 105 5 77 100 173 196 62 64 93 29 45 135 97 103 41 51 194 22 13 82 46 72 143 10 80 58 160 56 66 191 11 37 79 38 162 59 115 167 166 179 147 52 30 16 183 117 33 182 63 55 83 50 81 3 125 180 175 114 163 118 185 95 39 186 92 181 43 168 192 34 144 8 44 195 31 4 133 189 131 200 123 188 152 88 67 17 76 90 176 122 23 120 111 136 85 130 187 1 25 126 109 190 107 172 42 124 178 161 158 159 27 193 53 101 153 14 71 199 18 19 171 113 145 155 154 169 7 139 140 57 138 65 89 26 24 69 68 98 156 9 151 134 35 21 87 119 6 137 70 86 96 78 75 20 91 94 127 112 108 132 60 99 142 47 104 36 2 28 148 110
Case #43: 179 198 167 184 51 24 126 53 148 123 166 65 159 164 142 50 192 49 59 60 63 116 189 6 28 178 57 25 168 55 174 99 127 78 94 102 169 199 153 140 48 62 100 128 96 134 98 41 18 16 5 111 8 144 30 120 27 173 19 20 84 42 21 70 12 77 87 72 125 64 195 68 194 139 138 137 66 34 80 79 197 182 93 61 103 107 67 145 104 121 101 124 83 35 155 45 130 47 32 43 91 36 85 89 114 154 86 180 113 161 52 135 109 105 177 22 187 191 149 56 90 176 10 92 69 7 33 44 186 97 147 200 193 46 112 151 76 75 74 40 165 15 152 54 88 185 131 9 119 170 136 143 39 106 95 196 183 175 13 181 110 163 162 14 141 11 3 29 37 150 172 171 58 31 158 122 115 26 1 108 160 82 157 4 146 129 117 190 23 188 118 17 133 73 71 156 81 2 38 132
Case #44: 3 15 1 7 11 17 4 13 14 19 5 18 8 9 2 20 6 12 10 16
Case #45: 134 133 176 117 184 14 160 171 23 181 186 68 21 6 90 100 142 155 178 109 13 169 9 33 85 182 83 36 141 79 111 44 24 63 42 28 162 76 164 49 200 35 127 32 61 82 71 138 40 53 151 113 50 136 96 137 92 97 130 122 45 132 34 144 199 145 159 12 191 116 47 170 128 152 187 38 156 148 30 119 180 46 27 94 25 177 167 139 114 15 198 57 195 84 123 55 58 185 172 16 118 166 173 105 104 168 124 157 20 150 31 197 52 89 193 70 4 101 80 154 174 60 95 107 188 192 43 73 175 59 161 62 2 1 194 54 56 48 88 143 29 17 140 64 66 189 190 78 163 110 51 74 165 120 18 77 108 196 67 7 131 37 149 39 153 102 87 106 22 72 8 99 103 121 129 3 86 19 183 81 10 26 179 5 98 11 75 125 146 147 69 126 115 135 93 158 112 91 65 41
Case #46: 118 163 81 84 80 19 31 136 108 119 185 195 153 98 156 38 160 74 6 60 174 193 49 121 146 30 169 114 87 26 7 33 32 94 75 137 143 16 128 42 181 40 73 88 171 197 166 177 23 167 103 148 62 109 145 101 138 70 187 20 124 53 129 110 89 120 164 69 68 58 147 113 43 18 35 200 92 189 91 5 3 198 183 4 158 122 29 44 65 127 79 77 97 34 115 190 93 14 139 152 56 199 51 162 178 173 150 9 54 64 135 144 72 28 95 126 140 1 10 66 24 86 161 61 130 116 90 39 63 125 191 172 170 192 111 8 36 57 99 117 151 179 37 112 55 25 71 52 186 107 141 100 13 184 194 15 159 85 157 17 123 104 2 67 168 47 50 165 27 133 45 132 106 21 176 175 48 105 142 182 41 180 83 154 11 149 59 196 78 96 131 134 22 155 12 188 46 82 102 76
Case #47: 8 13 10 6 9 4 11 1 5 3 7 14 2 12
Case #48: 189 54 16 29 96 164 53 65 117 122 36 49 180 108 73 3 167 94 156 146 86 26 138 144 75 22 88 121 4 92 47 99 126 68 114 11 69 152 149 128 192 166 72 131 157 145 31 100 12 132 185 105 7 2 66 64 129 191 70 76 137 106 97 56 8 55 187 34 37 59 161 43 15 84 25 60 170 169 83 172 190 136 79 74 159 21 147 27 130 127 179 30 119 18 143 5 63 107 32 48 134 123 133 116 52 62 98 14 186 118 135 139 153 35 176 104 9 110 93 188 28 10 102 154 160 33 90 40 57 89 44 50 103 101 111 82 61 23 112 158 148 155 95 24 46 20 87 141 39 178 184 38 113 124 142 19 45 140 85 125 71 182 194 6 177 42 17 193 78 77 181 80 175 183 173 115 165 150 91 13 171 162 174 151 51 109 67 120 1 81 58 41 168 163
Case #49: 133 178 156 140 99 153 125 145 89 147 64 151 60 24 127 192 18 17 191 123 72 179 137 14 160 182 110 171 95 86 102 130 66 90 195 184 98 54 50 87 45 177 188 134 41 126 183 132 96 39 77 94 84 38 175 161 193 186 93 13 103 88 150 11 163 33 135 105 190 148 101 21 115 176 131 166 51 117 111 122 129 157 108 53 124 30 40 62 9 34 107 146 59 52 29 49 164 37 5 116 71 31 61 168 68 149 91 83 180 27 79 118 139 165 73 100 78 112 169 138 144 80 20 85 7 46 15 162 81 32 75 48 1 44 67 141 23 120 113 4 136 154 152 121 8 92 10 70 106 63 12 143 6 142 187 3 82 167 170 25 56 128 65 97 114 76 158 104 119 159 28 173 172 196 55 74 42 2 22 109 185 26 47 36 181 58 155 43 194 69 19 16 57 189 35 174
Case #50: 129 48 83 180 38 132 163 175 54 196 104 124 171 36 42 187 29 191 121 49 160 46 181 57 190 183 166 145 17 157 40 87 149 110 65 14 168 5 125 31 63 15 76 144 192 22 109 2 20 122 169 92 108 9 178 134 24 140 128 185 71 151 41 161 35 80 155 177 198 74 61 112 123 70 154 43 174 193 186 66 170 89 3 98 127 105 32 136 82 130 197 52 176 111 179 100 167 84 150 96 194 156 116 11 86 165 146 53 47 34 94 72 182 142 138 103 188 141 162 143 19 50 73 12 39 173 85 59 1 90 195 6 189 56 164 88 148 115 158 58 118 114 120 44 28 107 172 137 33 99 62 153 152 75 67 102 30 139 184 21 64 119 7 135 106 27 97 37 51 81 13 147 126 77 8 93 68 55 95 4 23 113 26 159 60 79 16 117 133 25 18 45 78 101 131 10 91 69
Case #51: 10 5 8 7 2 9 4 3 6 1 12 11
Case #52: 4 3 2 1
Case #53: 15 156 73 196 182 76 12 151 145 50 119 7 111 61 1 134 44 72 20 19 69 89 165 75 83 197 88 113 141 122 58 41 115 42 53 51 93 109 112 108 32 34 147 17 49 55 129 199 45 10 36 121 35 158 46 140 63 31 78 114 14 67 57 188 171 174 62 153 21 84 173 18 3 184 24 6 81 59 160 146 77 87 25 70 179 195 82 27 22 120 135 137 37 180 198 175 98 97 102 190 176 99 177 162 149 144 148 40 38 123 13 39 28 60 33 164 194 189 11 90 52 30 110 139 136 185 169 155 47 183 187 166 163 16 91 125 92 191 124 56 29 154 178 106 9 80 43 107 105 192 8 200 68 142 128 2 168 54 172 79 193 104 133 116 23 132 170 157 127 167 65 159 71 66 96 101 103 143 85 94 186 5 130 74 126 181 131 64 118 100 138 150 161 117 86 4 26 95 48 152
Case #54: 7 5 8 6 2 4 1 3
Case #55: 9 6 7 5 4 2 3 10 1 8
Case #56: 9 8 5 7 3 10 4 2 1 6
Case #57: 44 198 27 105 171 180 122 75 91 163 58 166 173 97 42 18 200 16 54 128 142 73 101 170 117 46 3 167 195 87 126 92 47 68 192 177 133 199 164 111 82 15 120 1 100 26 33 179 183 77 72 102 196 19 78 59 62 11 56 159 144 57 153 127 113 187 188 34 76 93 129 51 22 165 8 69 50 55 108 162 172 41 189 99 89 94 30 155 85 146 9 32 70 86 106 124 14 178 84 45 23 52 161 154 4 95 181 79 175 149 40 119 65 136 194 145 25 174 112 43 131 7 184 96 132 31 64 20 71 143 121 125 37 193 140 114 190 151 152 135 148 21 130 61 116 90 168 141 110 157 138 139 63 104 88 160 150 197 60 156 103 80 10 39 74 12 28 147 185 24 5 81 13 118 109 182 36 98 48 6 107 176 49 123 169 191 66 67 83 137 186 35 134 115 29 53 158 2 38 17
Case #58: 5 11 4 3 1 7 6 12 10 9 2 8
Case #59: 184 108 112 134 117 145 96 199 126 133 161 124 42 128 156 196 149 56 121 90 95 93 60 165 173 200 163 110 103 45 153 39 118 148 137 85 190 104 32 144 72 13 195 198 30 87 50 102 68 47 106 159 143 55 54 18 175 122 99 23 69 123 140 92 119 114 132 49 61 129 166 41 169 150 152 88 130 125 107 86 172 191 151 116 36 80 46 76 135 20 131 64 22 183 21 7 179 181 59 180 139 48 29 38 193 51 79 2 154 28 162 3 170 66 171 84 5 33 65 177 19 58 62 12 78 9 192 14 70 77 91 67 10 4 89 197 35 185 101 63 194 164 53 40 6 189 176 34 17 74 83 75 31 109 186 15 187 178 52 174 11 111 27 142 24 71 188 182 73 113 115 81 25 160 57 147 120 158 97 100 98 168 94 1 138 155 157 167 146 37 82 127 105 141 43 16 136 44 8 26
Case #60: 8 95 120 115 119 64 78 1 17 57 114 135 160 143 77 88 9 108 85 123 116 196 33 194 173 151 28 27 154 69 149 186 23 84 50 191 188 140 59 165 51 152 176 195 97 126 181 136 102 35 41 100 150 144 121 145 10 79 39 139 183 93 177 6 74 105 179 99 30 159 106 90 117 65 91 200 15 7 58 157 110 104 166 34 19 193 148 16 199 72 75 172 62 129 2 155 45 158 68 52 178 49 131 82 66 71 141 18 122 81 180 185 171 11 4 21 73 182 5 3 55 109 20 153 132 46 147 156 94 137 103 125 134 133 12 48 130 161 60 38 107 163 14 54 56 167 127 87 31 53 26 42 124 29 96 128 80 98 70 13 138 175 142 189 40 83 146 198 174 190 113 92 25 169 162 43 63 101 67 111 47 118 61 197 112 32 192 37 164 170 36 187 86 24 44 22 184 168 89 76
Case #61: 2 1 108 68 63 86 92 45 95 131 36 106 46 168 27 134 123 70 53 64 188 129 30 158 155 149 15 116 164 23 89 179 90 165 79 11 42 176 58 159 187 37 72 190 8 13 83 104 174 99 178 154 19 137 56 55 171 39 71 141 81 113 5 20 85 196 151 4 98 18 59 43 177 136 144 140 101 111 35 147 61 115 47 109 65 6 112 120 31 33 183 7 198 189 9 125 118 69 50 135 77 128 119 48 150 12 191 3 84 145 78 87 62 192 82 28 139 97 103 88 185 170 17 153 96 133 152 102 22 199 10 163 126 16 100 74 54 173 117 76 60 156 186 75 110 172 80 180 26 105 67 127 124 52 25 142 182 24 40 184 162 161 132 29 34 193 181 14 200 122 57 146 138 49 194 38 73 51 32 148 167 157 91 160 121 143 41 21 94 44 107 114 166 175 197 66 195 93 130 169
Case #62: 66 131 195 25 194 151 153 181 63 159 16 170 150 185 48 11 109 68 149 124 27 183 196 79 4 156 21 171 72 121 197 133 87 127 167 39 71 92 36 161 143 55 59 52 164 70 104 15 166 130 172 44 126 103 42 97 111 136 43 99 102 135 9 179 162 1 157 18 176 46 37 29 114 117 88 154 199 148 24 115 106 141 116 132 98 145 33 75 191 107 175 38 187 96 189 94 56 85 60 178 182 61 54 47 165 81 90 184 17 137 57 147 173 73 80 83 74 168 152 146 30 139 134 20 198 53 34 186 138 50 2 84 32 123 62 58 110 129 122 177 82 144 41 142 86 120 112 78 19 13 6 119 7 76 188 26 67 190 10 193 40 65 169 45 105 49 35 118 163 12 28 51 113 192 91 69 140 100 64 200 8 101 22 108 14 128 93 155 95 158 89 174 160 5 3 23 31 125 77 180
Case #63: 23 71 153 34 81 20 195 85 122 40 13 183 11 197 174 25 145 137 149 6 189 93 1 96 16 91 44 178 193 45 82 39 176 4 107 67 46 90 32 10 103 190 53 27 30 37 60 171 167 101 186 63 43 79 83 89 94 61 143 47 58 150 52 110 130 132 36 161 152 198 2 116 133 187 142 127 155 124 54 172 5 31 55 188 8 92 191 170 56 38 26 86 22 57 184 24 156 166 175 138 50 159 41 168 164 173 35 157 165 64 162 126 117 139 196 72 113 120 154 118 123 9 121 78 182 112 76 144 194 65 179 66 73 135 134 141 18 100 114 147 136 75 59 128 17 158 140 163 19 62 185 69 3 119 77 97 108 146 102 181 68 111 148 105 109 98 49 104 180 88 48 80 106 15 99 33 192 28 131 169 160 125 12 95 151 51 74 84 21 42 87 177 29 129 7 115 14 70
Case #64: 167 73 69 81 32 180 178 131 80 147 86 101 22 97 24 133 66 61 35 25 161 13 125 15 20 46 67 188 108 196 166 5 83 102 19 96 163 52 193 118 195 64 129 95 59 26 126 142 159 165 197 38 182 185 169 157 171 68 45 128 18 170 120 42 89 17 27 58 3 192 98 121 2 76 90 74 84 151 194 9 4 189 33 77 160 11 164 136 65 75 134 119 175 122 44 36 14 71 114 152 12 34 191 112 137 190 115 29 148 162 155 104 184 99 107 156 141 40 92 63 72 94 187 145 23 47 138 60 43 183 8 140 16 91 172 88 105 127 173 132 117 48 153 181 124 174 10 109 150 149 78 100 143 177 111 116 56 198 49 85 21 110 37 87 50 31 1 176 55 62 57 135 139 146 93 168 154 7 186 6 144 53 130 113 54 179 123 28 82 106 103 70 39 79 41 30 51 158
Case #65: 82 115 71 94 180 126 89 136 193 108 170 104 120 151 67 40 21 147 37 65 17 137 105 79 152 195 141 102 148 107 163 44 53 181 150 125 19 88 74 16 83 173 109 32 56 59 144 73 182 114 157 160 33 146 113 45 123 76 46 130 164 63 62 145 20 179 15 159 139 169 3 77 48 39 98 58 72 84 24 112 111 1 41 78 190 90 162 38 7 86 110 96 171 4 118 92 134 75 185 149 183 28 132 12 23 174 30 10 43 91 81 80 55 50 2 140 165 95 168 13 189 124 57 122 36 6 161 153 176 60 172 103 188 97 187 8 22 143 69 116 27 191 138 47 64 54 18 29 100 35 14 25 128 177 158 178 51 155 68 52 127 87 31 61 117 184 175 119 70 11 93 131 42 106 167 129 154 156 66 5 34 49 101 166 99 194 135 133 121 85 142 196 9 186 26 192
Case #66: 31 22 100 32 104 192 10 11 189 7 8 195 64 180 141 181 37 136 89 34 130 2 46 55 194 157 30 129 110 27 1 4 63 20 176 140 17 125 143 95 73 86 121 93 174 23 67 178 80 115 179 167 132 118 24 94 69 76 197 117 131 147 33 13 158 82 47 113 57 122 135 171 41 148 152 58 142 124 96 49 83 66 81 159 106 42 134 146 19 91 90 186 44 56 40 79 123 105 193 3 151 196 161 5 98 85 109 144 107 29 126 173 68 149 50 175 60 54 184 156 43 70 97 78 38 111 155 169 28 21 61 53 168 87 71 18 154 153 199 36 15 77 39 108 172 88 62 74 114 163 101 75 138 137 127 120 26 65 84 190 103 165 150 198 162 187 52 133 128 191 72 145 112 45 116 35 188 48 51 14 16 183 182 119 200 92 166 177 9 160 170 6 99 25 12 102 59 164 139 185
Case #67: 2 1 12 9 6 5 8 7 4 11 10 3
Case #68: 6 33 150 126 156 1 140 127 63 70 166 19 104 87 176 161 182 189 12 164 120 62 129 36 109 175 59 76 72 169 173 147 2 148 151 24 91 54 75 99 60 137 138 108 163 162 186 199 116 121 180 55 172 38 52 80 174 69 27 41 66 22 9 183 192 61 160 158 58 10 118 29 153 159 39 28 113 191 146 56 125 136 115 187 94 168 14 154 142 110 37 128 178 85 141 117 100 155 40 97 149 131 197 13 143 196 188 44 25 90 198 181 77 190 83 49 96 71 165 21 50 179 184 200 81 4 8 92 23 135 102 133 132 145 130 82 42 43 170 7 95 89 105 194 134 79 32 34 101 3 35 185 73 88 98 5 193 68 74 67 16 46 45 20 119 11 195 86 30 139 177 53 31 57 26 15 171 93 122 51 112 17 64 123 152 47 84 107 18 114 78 65 157 144 167 106 103 111 48 124
Case #69: 30 5 193 33 2 39 63 34 127 40 197 168 15 169 13 27 41 31 142 57 23 126 21 66 107 189 16 148 80 1 18 86 4 8 92 152 129 81 6 10 17 139 121 116 192 122 68 117 158 96 154 170 140 72 138 157 20 134 145 175 106 178 7 88 82 24 200 47 110 136 114 54 188 194 195 99 147 93 113 29 38 65 89 97 135 32 183 64 83 150 104 35 78 146 111 50 84 130 76 159 137 180 172 91 171 61 25 182 149 69 95 156 79 71 143 44 48 124 184 131 43 46 160 118 199 22 9 133 37 98 120 144 128 58 85 70 101 55 42 53 155 19 115 132 59 94 77 28 109 90 167 36 163 51 141 112 56 49 100 123 176 196 153 177 190 187 151 12 14 52 105 103 181 191 60 161 164 62 186 102 173 108 87 119 198 179 166 73 26 165 174 45 3 74 75 162 11 185 125 67
Case #70: 15 10 8 11 12 9 14 3 6 2 4 5 16 7 1 13
Case #71: 12 9 11 13 8 15 16 5 2 14 3 1 4 10 6 7
Case #72: 9 79 52 186 89 87 29 172 1 149 170 22 44 48 58 107 176 131 135 151 190 12 134 110 119 66 74 198 7 96 76 69 156 163 126 133 192 152 91 61 47 182 194 13 94 54 41 14 164 121 90 3 115 46 159 72 117 15 165 128 40 129 193 125 137 26 169 157 32 116 179 56 85 27 114 31 109 108 2 187 160 199 175 167 73 166 6 188 5 51 39 102 123 45 122 30 153 173 132 200 197 92 113 148 147 181 16 78 77 24 142 139 103 75 53 70 57 141 25 196 50 95 93 138 64 35 144 60 62 184 18 99 36 23 19 168 65 124 112 145 118 111 155 127 140 158 105 104 10 195 20 38 97 185 143 33 68 146 55 81 162 161 34 49 59 86 84 136 67 11 178 8 98 177 83 17 174 171 71 183 106 42 180 130 154 4 80 88 191 21 189 37 63 43 150 120 101 28 82 100
Case #73: 11 10 18 14 22 19 8 7 20 2 1 17 16 4 21 13 12 3 6 9 15 5
Case #74: 137 67 9 138 12 39 28 173 3 198 144 5 71 194 186 86 112 52 65 178 81 135 171 29 75 37 120 7 24 62 70 60 129 193 101 92 26 77 6 143 166 105 88 125 149 51 181 152 155 93 46 18 179 183 123 82 172 95 72 32 159 30 192 134 19 188 2 175 108 31 13 59 197 169 25 132 38 133 165 116 21 56 167 196 130 16 106 43 113 180 141 36 50 114 58 199 110 122 103 139 35 184 99 140 42 87 150 69 115 97 187 17 89 94 109 80 124 190 148 27 182 98 55 117 44 127 126 154 33 85 160 76 78 64 22 185 1 4 100 104 91 174 40 11 168 164 156 119 45 107 153 48 151 128 49 147 163 200 61 131 191 170 157 146 79 41 83 145 74 162 23 57 8 142 68 177 176 20 53 90 47 121 54 102 136 15 111 66 195 118 161 63 34 14 189 84 73 10 96 158
Case #75: 9 3 2 12 6 5 11 10 1 8 7 4
Case #76: 13 10 15 5 4 7 6 16 17 2 12 11 1 18 3 8 9 14
Case #77: 182 33 11 166 157 176 187 127 44 110 3 196 102 80 112 191 150 188 183 168 124 111 54 116 30 115 43 59 131 25 49 50 2 46 133 61 42 104 200 74 90 37 27 9 101 34 57 99 31 32 63 149 177 23 130 140 47 171 28 114 36 66 51 154 172 62 189 138 82 164 165 87 178 40 97 134 195 173 199 14 145 69 162 105 184 103 72 159 108 41 169 129 121 194 107 170 75 156 48 119 45 13 86 38 84 175 95 89 193 10 22 15 198 60 26 24 123 181 100 126 93 167 117 21 180 120 8 132 92 55 29 128 35 76 142 197 147 68 143 56 190 135 139 161 81 192 137 179 52 17 155 163 174 64 151 98 5 185 88 186 144 83 152 70 71 4 122 20 91 96 58 65 78 153 106 6 53 73 148 125 118 1 19 85 158 160 7 18 67 141 16 146 109 94 77 12 136 113 79 39
Case #78: 12 11 22 14 8 19 13 5 17 20 2 1 7 4 18 21 9 15 6 10 16 3
Case #79: 188 166 65 167 16 185 33 41 157 172 148 162 93 136 184 5 182 177 57 83 149 102 116 151 52 84 173 30 56 28 124 119 7 74 68 80 48 171 79 44 8 94 135 40 193 69 126 37 123 176 58 25 67 159 101 29 19 51 108 98 64 99 75 61 3 192 53 35 46 104 85 106 127 34 63 180 170 117 39 36 181 97 20 26 71 143 152 187 178 92 142 90 13 42 194 125 82 60 62 112 55 22 109 70 147 72 160 59 103 111 110 100 186 161 153 23 78 195 32 139 131 134 49 31 96 47 73 133 174 175 121 191 128 122 43 14 144 164 120 169 158 91 86 137 190 168 105 11 21 197 24 87 115 156 198 154 9 141 54 107 114 12 196 138 183 2 4 146 140 77 38 10 27 129 130 50 18 89 189 76 81 17 165 15 6 113 88 1 179 145 132 66 45 95 118 163 150 155 200 199
Case #80: 52 179 19 133 173 112 190 67 145 165 17 185 123 188 42 26 11 118 3 35 122 78 162 65 100 16 111 88 103 66 198 153 98 97 20 113 96 70 61 199 81 15 125 77 129 200 72 191 109 147 178 1 107 192 73 168 186 180 117 155 39 114 86 159 24 30 8 193 115 38 126 47 55 167 124 95 44 22 152 87 41 93 102 196 89 63 80 28 85 142 170 184 82 121 76 37 34 33 132 25 130 83 29 154 157 134 53 166 49 161 27 6 36 62 69 164 59 18 149 135 94 21 13 75 43 71 138 158 45 101 174 99 4 106 120 195 176 127 141 160 139 90 194 187 9 197 50 151 119 163 148 79 32 104 60 182 105 128 64 140 110 23 150 116 10 108 74 56 175 91 183 189 5 131 169 137 181 51 2 58 177 156 171 92 12 57 144 14 172 7 48 54 68 143 136 84 146 31 40 46
Case #81: 16 9 5 21 3 14 20 18 2 15 22 17 19 6 10 1 12 8 13 7 4 11
Case #82: 95 112 70 32 179 187 67 139 51 41 107 21 104 128 65 167 54 55 200 91 12 78 188 62 130 52 129 109 115 105 77 4 183 93 79 101 148 170 138 147 10 184 133 75 90 118 171 61 94 89 9 26 120 17 18 194 82 143 69 85 48 24 151 117 15 88 7 154 59 3 193 182 135 185 44 140 31 22 35 98 155 57 97 111 60 124 131 66 50 45 20 121 34 49 1 175 83 80 119 199 36 144 156 13 30 150 11 172 28 126 84 2 168 153 29 164 64 46 99 53 92 192 125 86 123 110 197 14 27 25 87 173 43 149 73 176 174 39 8 76 196 162 58 102 158 169 40 37 134 106 63 180 114 68 81 103 178 145 181 189 165 142 177 116 161 191 16 113 146 38 47 108 132 137 96 136 163 157 5 152 159 72 33 42 74 190 6 23 160 186 166 122 71 56 198 141 127 195 100 19
Case #83: 5 65 124 80 1 137 73 75 143 39 23 169 40 50 115 128 30 133 38 177 190 141 11 181 28 159 183 25 46 17 162 77 41 91 99 87 179 19 10 13 33 185 108 130 66 29 191 135 129 14 192 70 132 126 89 140 155 96 121 92 102 95 163 172 2 45 171 119 97 52 138 152 7 131 8 110 32 165 166 4 156 83 82 86 90 84 36 120 55 85 34 60 136 107 62 58 69 144 35 125 174 61 160 145 142 161 94 43 167 76 116 117 182 157 15 111 112 164 68 88 59 189 188 3 100 54 187 16 49 44 74 53 18 149 48 93 6 71 158 56 22 105 9 98 104 186 153 150 134 148 173 72 147 180 57 81 114 139 26 103 106 31 63 118 78 79 109 178 12 176 67 64 151 101 184 170 20 168 37 154 24 113 27 175 42 146 127 123 122 21 47 51
Case #84: 74 20 193 39 69 55 65 31 13 163 67 200 9 133 123 47 41 80 161 2 83 37 120 106 174 175 135 136 59 166 8 179 91 132 62 191 22 109 4 131 17 97 66 124 50 141 16 180 129 45 160 101 99 79 6 173 176 183 29 90 199 35 72 151 7 43 11 71 5 108 68 63 110 1 192 134 89 186 54 18 156 145 21 100 122 116 104 171 77 60 33 148 139 164 144 170 42 115 53 84 52 190 165 87 185 24 181 70 38 73 189 196 137 178 98 86 162 125 154 23 130 85 15 44 118 198 138 184 49 121 40 34 14 76 27 28 113 127 93 169 46 158 197 95 82 159 172 92 187 152 64 150 168 119 157 81 155 142 146 51 19 117 10 94 103 30 194 153 140 96 88 147 56 25 26 57 188 114 32 48 107 195 58 128 105 78 149 177 111 102 36 75 3 167 182 112 143 126 61 12
Case #85: 14 11 9 13 6 5 8 7 3 12 2 10 4 1 16 15
Case #86: 9 11 8 22 7 15 5 3 1 24 2 17 19 18 6 21 12 14 13 23 16 4 20 10
Case #87: 49 25 76 41 116 112 38 57 120 172 75 180 108 157 173 63 54 144 45 24 164 83 34 20 2 147 42 183 159 46 99 196 158 23 186 44 131 7 185 154 4 27 95 36 19 30 176 89 1 118 177 59 184 17 68 77 8 91 52 161 128 127 16 175 188 125 182 55 93 170 195 178 113 169 11 3 56 191 119 87 156 137 22 160 133 190 80 130 48 139 58 153 69 136 43 148 162 197 31 115 152 110 135 187 194 143 155 13 179 102 200 6 73 124 100 5 174 50 79 9 192 189 149 114 66 166 62 61 171 88 37 151 85 142 103 94 82 193 90 168 199 134 106 18 181 150 26 96 123 146 132 101 92 40 107 81 14 33 29 84 60 97 198 21 167 126 165 140 74 70 129 10 15 117 64 47 51 72 109 12 145 67 28 53 39 35 104 65 122 86 78 121 138 105 71 32 98 163 141 111
Case #88: 5 187 175 164 1 128 179 34 11 139 9 100 40 103 197 36 69 19 18 39 138 116 54 76 78 178 105 114 200 146 97 189 184 8 198 16 75 113 20 13 80 150 64 74 149 186 120 111 157 84 57 94 194 23 127 190 51 121 90 173 122 131 82 43 176 79 183 123 17 170 177 93 162 44 37 24 152 25 66 41 141 63 181 50 117 115 155 182 129 59 159 195 72 52 151 145 31 104 118 12 161 147 14 98 27 130 132 112 134 119 48 108 38 28 86 22 85 99 110 47 58 61 68 196 153 165 55 6 89 106 62 107 168 109 144 172 154 21 10 193 81 185 169 135 96 30 102 160 45 42 95 77 125 137 87 199 49 171 91 148 101 73 192 4 126 174 180 133 143 70 158 136 60 166 3 65 71 26 7 167 83 88 67 33 142 46 2 191 32 56 188 163 140 53 92 124 15 35 156 29
Case #89: 8 6 7 5 4 2 3 1
Case #90: 3 4 1 2
Case #91: 43 115 32 141 168 49 35 88 196 149 150 77 184 135 62 181 46 183 151 107 179 127 86 60 44 95 178 36 58 128 133 3 119 111 7 28 190 101 152 109 83 166 1 25 189 17 82 169 6 137 182 103 121 66 63 94 116 29 136 24 177 15 55 125 130 54 93 118 144 187 147 139 197 96 140 100 12 171 160 117 186 47 41 142 134 23 102 8 155 99 191 165 67 56 26 74 164 195 90 76 38 87 52 162 173 192 20 122 40 153 34 129 161 148 2 57 80 68 33 163 53 108 154 145 64 159 22 30 112 65 170 198 31 85 14 59 50 193 72 75 4 84 172 69 124 188 71 114 10 11 19 39 110 123 89 176 158 157 126 79 113 104 120 97 92 42 180 5 48 131 78 143 105 185 194 156 61 27 21 167 16 51 18 13 174 81 70 146 45 37 91 106 138 175 98 9 73 132
Case #92: 41 98 121 100 45 11 27 24 79 167 6 172 85 137 157 81 87 40 184 145 142 68 128 8 153 146 7 123 132 33 104 35 30 101 32 195 119 102 199 18 1 83 89 194 5 163 148 71 113 111 62 126 70 200 182 159 91 181 185 77 96 51 189 69 112 166 144 22 64 53 48 152 130 160 114 150 60 186 9 187 16 179 42 138 13 140 17 118 43 151 57 95 192 107 92 61 115 2 180 4 34 38 174 31 108 109 94 105 106 193 50 65 49 75 97 120 171 88 37 116 3 147 28 198 143 52 141 23 176 73 139 29 134 133 191 196 14 84 131 86 127 21 125 67 20 26 122 47 188 76 90 72 25 162 173 183 15 178 56 74 170 154 46 165 164 66 10 169 168 161 117 12 155 103 190 129 197 158 82 99 58 55 156 19 59 78 80 149 63 175 135 93 110 44 36 136 177 124 39 54
Case #93: 17 65 158 150 102 184 120 151 141 75 171 134 59 196 139 135 1 143 90 136 187 85 72 173 138 95 40 98 116 100 159 140 124 156 195 160 114 84 44 27 51 63 166 39 168 153 110 133 87 164 41 128 103 62 93 77 192 60 13 58 113 54 42 179 2 131 161 105 107 79 190 23 112 104 10 80 56 130 70 76 117 111 194 38 22 172 49 97 181 19 142 123 55 148 26 182 88 28 145 30 188 5 53 74 68 119 69 132 121 47 82 73 61 37 170 29 81 175 106 7 109 137 92 33 174 177 191 52 186 78 66 108 48 12 16 20 122 25 15 32 9 91 18 152 99 185 169 94 167 4 8 144 46 157 183 34 154 3 31 36 67 165 178 50 162 43 149 45 147 115 11 86 24 125 118 189 126 163 64 193 89 96 155 6 146 129 21 101 176 71 127 57 180 83 35 14
Case #94: 76 125 170 180 159 165 37 179 147 112 168 150 45 98 33 148 88 22 135 189 105 18 110 157 193 124 93 130 100 185 89 182 15 72 149 186 7 111 78 113 133 196 152 158 13 95 153 75 116 172 59 199 84 160 69 114 61 181 51 122 57 92 79 71 81 155 176 187 55 126 64 34 163 140 48 1 80 39 63 77 65 83 82 53 164 96 192 17 31 174 115 62 27 141 46 86 106 14 132 29 103 139 101 173 21 97 184 166 183 23 38 10 40 56 91 49 137 169 167 123 190 60 120 26 2 70 171 143 151 28 178 99 41 145 19 188 117 200 102 74 94 197 128 154 134 162 9 16 35 12 129 43 47 144 66 191 24 44 5 54 198 146 73 85 6 108 119 11 118 3 127 50 104 90 195 67 194 131 8 4 58 32 109 107 30 36 68 136 20 121 156 87 25 177 175 42 142 161 52 138
Case #95: 57 97 127 36 49 133 27 87 125 59 16 155 124 132 118 11 21 185 142 146 17 139 41 168 31 173 7 149 162 122 25 80 161 88 190 4 121 107 52 89 23 160 73 135 196 195 98 177 5 105 136 39 77 180 62 153 1 138 10 75 90 55 79 81 158 172 94 102 189 145 101 178 43 110 60 198 53 114 63 32 64 116 176 106 164 148 8 34 40 61 93 186 91 67 123 171 2 47 126 151 71 68 143 187 50 84 38 193 119 74 184 165 137 78 169 82 147 15 109 131 37 30 95 13 9 99 3 170 197 157 120 14 6 167 44 51 113 58 22 191 152 19 103 179 70 20 117 86 28 188 100 141 56 182 12 192 130 65 163 42 33 29 159 85 112 174 134 24 115 128 96 66 26 166 181 83 48 72 144 54 175 154 194 111 18 92 104 150 69 35 140 156 108 183 46 45 129 76
Case #96: 104 72 169 22 138 94 57 28 47 186 56 165 198 110 199 116 88 92 136 131 159 4 76 122 26 25 130 8 33 44 46 154 29 78 126 83 71 121 179 112 137 97 62 30 64 31 9 74 197 150 181 184 132 162 174 11 7 196 73 91 177 43 171 45 164 194 99 183 175 188 37 2 59 48 100 23 124 34 120 173 140 158 36 89 106 139 195 17 84 145 60 18 142 6 123 129 42 143 67 75 156 119 155 1 118 85 161 192 172 14 168 40 166 170 148 16 193 105 102 79 38 24 95 77 157 35 191 163 96 27 20 53 180 190 185 19 41 5 86 81 176 93 98 200 90 160 167 115 151 50 149 182 189 32 103 101 125 82 21 146 107 54 128 65 12 113 147 111 3 114 63 109 80 55 69 141 61 187 39 133 51 152 68 52 135 10 178 70 153 134 127 108 117 66 87 58 49 13 15 144
Case #97: 172 110 130 71 127 146 8 7 31 53 87 45 148 70 25 164 49 109 34 129 59 123 102 93 15 41 111 82 86 151 9 95 132 19 139 189 183 47 153 192 26 149 74 48 12 134 38 44 17 83 62 180 10 170 159 122 108 147 21 66 117 51 152 136 197 60 77 126 198 14 4 141 188 43 96 186 67 171 101 124 195 28 50 187 131 29 11 177 182 133 113 179 24 169 32 75 181 191 168 140 79 23 162 199 166 158 125 57 18 2 27 194 91 128 176 142 61 160 145 135 200 56 22 80 107 68 5 114 20 3 85 33 90 46 120 64 155 161 35 100 72 116 165 157 119 6 58 13 42 196 30 63 39 178 137 174 144 106 55 118 138 103 193 16 143 105 184 99 94 54 78 1 185 156 190 115 88 154 92 52 97 89 37 167 173 76 84 73 36 175 98 40 163 112 81 150 65 69 104 121
Case #98: 148 18 97 68 136 21 66 72 51 176 127 99 112 104 81 154 149 2 58 106 6 174 101 57 30 41 55 121 120 25 107 117 69 142 43 50 147 181 84 60 26 87 35 82 155 89 116 196 168 36 9 105 129 151 27 118 24 19 143 40 73 190 88 133 160 7 113 4 33 138 86 8 61 119 179 182 93 94 189 124 15 44 132 39 150 71 42 63 46 100 95 137 77 78 91 187 3 111 12 90 23 166 152 14 52 20 31 171 194 140 98 13 67 186 177 47 32 56 74 29 28 178 193 80 167 172 11 163 53 156 145 83 64 141 162 5 92 70 169 110 134 34 59 195 131 158 37 1 17 85 54 103 191 16 45 130 180 146 185 65 192 135 128 173 183 102 125 49 139 188 108 126 164 22 184 10 115 122 75 157 38 76 165 175 159 114 96 170 79 62 153 161 123 109 144 48
Case #99: 7 4 6 2 8 3 1 5
Case #100: 81 26 58 175 144 93 145 89 14 67 64 32 63 9 38 135 56 59 73 185 95 153 88 103 30 2 182 176 74 25 195 12 163 76 194 41 66 15 143 129 36 140 113 137 196 100 170 116 94 71 180 92 117 183 57 17 55 3 18 119 121 110 13 11 187 37 10 161 111 165 50 142 19 29 127 34 122 109 168 171 1 105 138 190 106 178 181 23 8 139 102 52 6 49 21 159 101 164 155 46 97 91 24 115 82 85 166 188 78 62 69 120 43 177 104 48 53 198 60 112 61 77 149 157 179 136 75 184 40 191 151 152 173 186 16 126 44 83 90 42 162 72 39 5 7 158 160 154 123 174 131 132 22 148 99 172 124 146 96 147 68 141 33 98 70 107 192 79 197 47 80 156 133 150 4 28 114 86 125 51 87 27 54 128 20 134 65 108 193 84 130 167 189 35 31 45 169 118
