100
2 1 2
3 2 2
1 100000 1
1 100000 2
100000 100000 100000
99999 99979 99971
99983 99989 99989
98765 100000 99979
98761 100000 99991
96762 100000 99991
41241 11302 87480
44302 78181 64311
53944 69742 32416
32307 70414 54525
92533 98651 90188
12840 87244 25350
38276 87264 57788
5684 91776 88230
4479 98782 70128
80012 37461 94652
24244 97765 22099
77920 94796 33056
31550 91763 98576
90578 85680 45164
53564 81567 30624
12204 88211 53640
54310 96961 2754
84100 99685 65006
65620 96418 99026
79780 93031 67430
80794 97913 69279
86452 93231 25266
13557 93995 86394
15220 96075 77816
69346 99144 88460
60630 96473 9665
746 93944 36014
36914 99738 3524
29335 93776 27075
89138 95635 47124
72904 99069 59598
75846 97602 83842
68678 98937 56664
30194 99106 56688
7942 95699 87360
91080 98962 23305
83006 93683 95976
45537 95025 46365
49545 99429 62166
22701 96617 52955
27237 99517 2436
64498 99706 17294
45042 97610 28344
26422 98590 9250
50996 98902 40428
11870 99021 87234
43021 99517 76824
82934 97882 65834
42520 93344 5256
37012 96540 27250
26404 99738 5226
80184 99756 67444
10076 97915 16634
837 99720 98295
39415 92891 18440
23836 99273 62956
94674 97810 61620
31804 99152 93648
58530 97730 33356
14402 99314 54435
8398 99215 4301
2894 96842 74700
16904 97154 28478
38757 98737 50241
91685 97908 92570
29354 98287 70516
81354 98414 73016
22875 99741 14460
78174 99276 47384
25470 99782 27177
97370 58438 6955
97480 36970 9748
89532 70440 44766
98142 13771 8922
68188 70211 34094
89375 41555 17875
98116 99597 24529
76692 27607 38346
81126 82656 40563
95589 10577 7353
82866 87859 63136
44200 18495 66300
92600 94427 46300
76443 19069 25481
61123 70622 9651
8091 6871 16182
22200 91413 53280
87358 477 47906
99438 77101 66292
34319 4854 68638
