99
5
5 6 8 4 3
3
8 9 7
20
76 45 37 5 2 66 6 70 71 90 96 24 57 12 12 97 63 58 45 47
88
126555523 17531178 746557828 411390266 638369378 831630179 218794279 534210103 889834064 958821612 457093473 187850887 423632210 438135203 122972063 982001730 959475394 515300744 875420940 79132698 854105119 954712529 892035305 392836247 490260954 696698113 238756765 818677636 177769718 628546706 506052807 870490574 636336979 686310064 713557668 777981168 993173101 934944785 622357004 404139965 852874752 169647708 620689684 465512048 293745655 479693654 633176837 626876781 251926940 378064330 482168839 969311713 777915820 650871589 138413128 583040591 326613 378237432 490477183 53212369 124484755 924578729 110911386 492742747 916958129 705138799 644215190 719898792 763208695 434699218 857560999 90544062 509816170 21677440 494637009 3486046 703579751 800711715 687412052 263397465 953931165 712541338 932199054 424192296 695434520 516620996 923790688 836401018
100
42 42 42 42 42 42 42 42 42 42 42 42 42 42 42 42 42 42 42 42 42 42 42 42 42 42 42 42 42 42 42 42 42 42 42 42 42 42 42 42 42 42 42 42 42 42 42 42 42 42 42 42 42 42 42 42 42 42 42 42 42 42 42 42 42 42 42 42 42 42 42 42 42 42 42 42 42 42 42 42 42 42 42 42 42 42 42 42 42 42 42 42 42 42 42 42 42 42 42 42
100
331287427 481380022 884285516 993413588 231378197 872827277 685344316 752435058 823438002 300533216 438947848 690431065 317900286 743370319 401144852 75491204 218026848 145568146 506456946 236678947 926591080 379758356 746956069 917046358 986165139 727206816 690238127 215826744 847565711 639287709 589088063 362072168 253577382 882925379 37192345 998180022 6795259 671461560 489014848 951096988 291694648 896904002 177445199 432700691 661775811 837710450 371227710 283281708 577883095 391607451 946808043 230948489 486197078 446044087 471877451 686360235 875344493 290018472 978114761 328519754 729994588 645388593 183868430 457349656 354040854 942017321 718734649 629964157 98885592 428234610 381671787 487628704 234750308 233694868 287729145 945434032 640165713 178751678 301823862 620319727 997374535 30815639 636621043 306691557 741111722 815192700 943329535 81155064 900496091 731173090 623265558 588608692 430984213 340233952 449399508 548325111 79619142 489475879 756272326 982318220
63
590626712 892900692 887458672 311361770 104011554 854226361 413362451 451971100 153511994 384991671 608481531 801061719 740348554 253004607 50600270 738283838 663497435 93854167 309914694 167171450 449184650 687374455 726678361 148987283 971222920 215138052 812818723 956162484 787884330 592567012 903974448 272887780 528976638 587106436 705855806 629884897 748608732 661323839 130603444 117713255 330518394 741549204 9290514 722621502 271502866 337446038 923813699 433146426 580428534 913201741 375742425 50676976 653966096 783180544 466098309 470963420 992006920 981086020 251353056 44428537 183563519 535100122 91366549
82
180 321 225 35 305 432 339 423 156 390 43 270 148 212 421 312 41 62 294 259 320 218 408 301 61 282 285 177 213 83 63 492 323 201 429 86 10 417 35 80 205 42 81 272 84 443 255 228 417 288 270 254 282 108 435 363 77 475 18 409 5 325 235 16 193 78 263 5 249 246 377 187 91 26 109 124 390 52 486 154 446 377
38
317 124 186 173 41 148 46 192 201 71 309 45 75 500 107 331 358 152 122 215 232 102 294 203 212 445 409 302 151 241 158 310 463 121 495 465 149 358
50
902954386 461700823 525421759 73818227 908654872 349495524 230643454 399877174 163698043 687665001 870708147 752684562 902475204 64869747 742687918 471660325 492775987 803740465 839262725 681915759 132977931 2029959 297597480 908330528 528235499 435416035 594934230 917642692 610262710 758736351 353997789 285471040 9390987 405431295 106645338 497704025 881555164 181835762 232215739 20701503 252718870 330144777 481318900 594976356 628962263 910664782 832140692 638247773 465413836 110923488
22
591101714 720843062 526744374 596179538 258059137 40383746 986345743 308719386 334560467 698152850 30823175 586494302 161431889 197803154 709936137 238830704 121270449 421150771 783276660 790689403 61265277 961678381
18
378598514 276515572 32686171 444273231 503417272 713518437 158877351 896140485 529393032 625081571 748800457 521046154 577313882 613871422 845721383 845426615 732464457 678555847
25
335401636 129568635 550543756 283772540 528910120 101127946 312086840 628249047 547516188 404983597 405404977 266448083 669208957 563353992 466641357 78222406 524608696 252755407 409361879 188346415 803226357 90304502 135206391 675766080 954639924
99
83 64 58 79 80 27 42 83 51 30 21 81 1 46 0 82 50 7 53 25 75 52 52 77 93 34 25 32 61 2 45 24 26 58 55 75 68 93 35 30 73 48 39 73 100 57 77 69 90 36 83 98 46 87 88 41 9 15 13 79 92 45 71 1 33 19 81 12 79 71 87 81 70 10 68 39 31 87 43 91 59 70 17 82 3 54 78 44 81 4 38 43 11 60 82 88 7 68 48
31
958313838 125461245 112007099 476525162 100850756 864623362 696334651 835410762 839258327 280562035 886119640 32838723 446001175 945518873 302082499 116576451 729533042 977752886 910166714 427738645 30193044 726131877 119502755 15907641 221225848 656695807 560133968 902846506 552106 110945411 998969274
67
347 204 227 433 391 491 263 30 467 258 72 381 251 349 130 454 53 437 158 54 11 56 442 229 18 69 378 242 153 441 495 74 38 225 384 160 54 117 426 155 216 342 23 138 77 235 7 20 235 7 163 404 56 263 7 52 297 410 238 6 408 12 440 387 32 38 434
26
59 419 433 477 190 252 141 147 249 374 288 111 336 51 312 88 329 305 484 494 27 194 97 328 380 327
42
65 134 213 287 470 43 132 414 419 376 8 179 183 195 248 453 56 348 137 80 77 159 283 59 324 117 113 280 165 157 40 255 376 395 409 66 156 36 353 481 256 216
75
380138894 780494448 46207288 182056430 564828857 647724969 864182541 949890695 224876503 382909050 125384950 215626162 611472371 481797419 95447017 524429859 914520274 397465720 880555889 958686667 230765180 73215415 230718462 535542001 170483819 906196214 732740645 481445311 976499930 339629959 951644200 387820951 925104442 810841891 92231663 285379671 518870935 936900445 283095909 154002526 168118560 977250140 814943299 480354899 938309674 294855497 421882173 664689464 532511106 821873683 713728813 727059367 239306094 944277660 582809584 862477281 536671718 335540511 425909715 49319231 600938015 424560601 955416096 368355962 965174449 884960609 365933164 230211649 902372492 678699626 540546255 343901473 168370216 536304152 18598851
99
5 2 4 10 5 1 0 10 2 1 7 9 8 5 4 4 9 9 2 1 9 8 10 1 3 9 2 1 10 7 2 2 2 3 2 0 5 7 10 1 10 3 0 9 1 9 4 10 8 9 5 4 10 4 8 0 0 5 4 3 8 9 4 6 2 8 7 10 3 3 8 5 2 3 0 0 10 7 6 8 5 0 5 4 8 4 3 1 4 5 8 3 9 7 5 8 5 0 9
47
432 129 190 394 63 296 197 75 308 454 255 405 409 146 155 287 397 165 294 18 102 249 113 48 326 108 17 180 499 212 174 375 373 336 453 430 133 378 41 318 244 195 378 473 3 9 381
84
5706194 638665312 147777329 260439841 327884698 389004371 797358050 813827250 450454367 403581540 863920047 444527248 629870393 348077061 976395638 71888868 768769376 486433652 443557974 849035649 56481076 933464255 9651987 452685892 504029041 173265400 628275675 201647257 410668168 970913872 523607394 862551778 41433003 293580082 374618310 652773407 860453002 670271658 665382429 989189687 710466990 840935405 95391527 709197509 928433416 864796736 607156351 740897584 674435022 50391074 270765651 9760033 194269913 138613563 817968011 118793707 337105854 510223094 393146490 628380747 221800657 890632315 842965731 946933582 109827823 735215575 948216206 627669137 941080691 423914513 10063603 589791463 739973909 783745984 471311901 634636208 882615927 7686674 643590868 333428485 635800500 101367928 118886794 12963045
100
99 98 97 96 95 94 93 92 91 90 89 88 87 86 85 84 83 82 81 80 79 78 77 76 75 74 73 72 71 70 69 68 67 66 65 64 63 62 61 60 59 58 57 56 55 54 53 52 51 50 49 48 47 46 45 44 43 42 41 40 39 38 37 36 35 34 33 32 31 30 29 28 27 26 25 24 23 22 21 20 19 18 17 16 15 14 13 12 11 10 9 8 7 6 5 4 3 2 1 0
87
421 263 291 69 43 345 374 90 456 39 486 148 349 116 193 27 22 486 495 257 250 459 65 408 494 44 411 246 366 35 405 471 210 331 36 464 483 190 140 186 417 372 186 7 473 124 136 294 77 411 170 375 468 485 34 280 97 478 181 181 5 419 339 282 337 285 46 138 257 53 275 338 256 493 301 351 282 340 283 450 343 204 118 158 153 254 459
79
747358656 100374494 241946652 465693218 42908803 255354961 169727042 312061068 73746805 393509625 382299992 207468034 766235430 358113231 148410303 797023535 78757494 669544595 138795582 303022429 358819724 546746162 572966134 361522529 431368384 676187985 305218605 447326677 939130964 108877036 166435540 120952934 463194545 308214073 470854056 546153931 653561636 363432436 710386723 733838008 181186378 202753735 750208058 936751166 420308683 444739946 165424512 886484486 833941347 919473300 243446766 258721198 277399700 672719361 588271509 591981268 436910147 524791209 907389943 694545951 657180781 286034585 796730491 357664948 528806270 255529444 160215825 321338971 379327641 951592832 224686284 881016981 288999602 260133197 135741994 79176018 472607354 420437129 726605838
17
206282976 841069064 927018345 488924462 287777397 762722694 945878904 434359357 679426842 177855059 444411920 500841484 877457265 515937104 453585123 347579109 22583876
90
15 297 404 10 268 72 425 459 294 448 450 420 175 315 456 86 248 25 94 126 130 302 274 192 220 494 179 472 473 445 379 119 368 337 86 429 359 242 226 54 232 13 5 151 482 271 12 92 225 383 308 377 108 265 163 131 298 398 430 228 194 128 446 134 252 226 322 333 58 360 349 251 470 276 144 222 336 173 395 479 89 180 123 106 127 452 34 356 134 202
3
0 1 2
13
552523871 492814913 451709519 205157002 844699951 362774341 184585357 451208780 329884434 469805746 880498859 565279799 2265187
3
1 0 1
31
379167268 191918708 353270854 1988673 928239771 671208980 746425028 271742214 124486743 788177987 324100333 243693199 747340858 981829605 750579469 28342539 930932355 918081208 480606584 321130292 23235794 268277928 737907128 915388337 631833868 149872637 934932416 661341390 660793008 741640609 49523339
46
27 43 88 86 33 93 20 33 84 48 26 26 61 18 26 90 93 58 69 100 80 12 51 81 97 70 88 79 7 4 91 68 33 31 88 45 63 21 77 62 0 91 13 34 35 26
88
514394631 853098367 192190046 843303862 391838420 418072641 410806522 192037681 972844867 48622672 185395930 23411491 903703235 459733943 921148199 333648653 570367164 334887125 764800612 659709515 170225584 817886980 359142823 587958919 712751574 726239403 423304674 370064780 961836708 912846959 8365685 396769612 54415903 958588958 70971853 103845817 261924972 492460765 306890185 513304477 192379523 191553125 549900561 278337968 7833477 876498018 951245283 889200636 706084148 71179533 44300826 735170115 611140929 822771419 856079292 720505712 263948506 562322297 778639180 876914004 198163534 390923827 393442 34099210 623751950 670208973 615430300 918626704 670616575 91882830 133899909 148078642 310726230 951374573 911338758 463401884 603866695 265188568 488278280 340214174 220878900 342777964 5068357 24417892 387897053 706566256 662575982 287388658
23
755421421 775448602 35747786 878502729 728422519 595786432 395846008 441440448 467877046 545654196 967512031 751008676 773110019 32341422 144224368 149227538 921206461 57168675 205987853 976177167 673617428 881640857 951197137
66
396088080 70771236 378590180 914997143 459132405 701155696 74313092 875726448 175246377 419580157 605662518 612474331 230123695 988751984 397076245 814313615 543440570 768978807 62502213 551041306 268139824 713871696 995345822 118456953 535475103 526499372 292268942 589870074 641561535 248213937 938108638 745526643 907513648 881712754 378418055 510162463 227996862 900828220 373076227 688011541 475048578 478279823 191862093 827189042 348547651 61763802 529904049 37417293 474352115 849176449 764449845 911683298 309295092 522456849 436384305 933411142 862132466 244784129 710935103 725965549 193404603 972800458 896891974 145898967 406711494 865821888
24
270 215 28 224 228 58 180 297 40 192 246 264 195 172 87 278 221 36 288 384 96 242 302 86
43
926289985 904511280 496126573 905762122 433083156 940439293 792242496 872469667 287140870 33760872 880082290 416180314 747807997 46510736 849780098 548686635 830950878 189356195 643644831 39481429 271571482 585861827 257212882 857020090 707666323 955538869 119279328 975259548 47229403 679018624 173548857 268472518 548863673 588354657 126786400 625577678 823598976 16841532 254228236 722715156 319723721 435574392 862665769
86
543222605 906455547 723892526 671833788 766122647 888613034 563781693 405780475 36974397 822374329 234959115 177130874 713784553 349306889 880563987 132228686 874411218 605056214 554194198 757097369 917841310 928365002 845168607 3819451 638618514 292110947 637603289 256585579 348444247 438850006 758325294 365012237 718433882 519391144 944978018 621327110 391409999 484894450 140520142 284024297 543188038 894618951 516358424 257823501 496283211 243088777 460165352 382054042 798623525 727412979 501678600 491855873 376154464 886133408 218295322 40597099 401117043 698512565 91934608 130167531 144941501 648658355 453322807 916618827 955492133 732528473 862183320 42139993 82733437 635348319 234158148 289779926 316900171 116557132 880100104 536187392 208083814 892280470 306298586 262562708 6640819 682690344 834861164 805755644 702633007 911986764
61
74583263 88659692 210408013 109999157 160600064 315093736 598575105 689467759 540161795 428784560 833154310 94244279 884754481 27300603 638196939 191079699 461008041 355284868 625442398 677036166 805360191 265201732 789137871 809448725 87771124 702225165 126390954 968687518 363485869 391188962 514243819 169681714 980765955 624316199 445789112 384997161 278278079 391289763 404004768 350571568 705149215 839563123 18653562 655481052 983942211 752070404 66469824 777594094 667032336 704054944 738038542 288727424 910685777 571218372 50282642 249729780 459170744 647190986 128531103 772983215 535679618
64
572769605 917896489 170375578 963690639 932475837 905520122 222764815 203395129 901428280 284978403 956466713 50502012 886073144 541797109 377375969 72263612 48025699 606562642 451380038 229040488 469759623 359385149 767962210 15652674 307875142 954764774 875499214 414815563 483016005 790266035 19216063 154990417 712779029 474183631 348880920 694113781 194693478 844180912 120171789 32118291 861074495 662523777 642124256 896068582 300595195 883645161 51190137 630968321 435574877 448796519 3230893 467152821 914042559 308006781 624176139 874154983 687264589 722299606 834060322 300720970 242099735 178154513 330911634 339232468
63
23 56 8 51 21 71 41 82 26 37 74 11 40 59 37 45 12 92 59 24 76 61 2 38 64 94 50 7 33 1 4 44 54 41 94 76 28 13 45 64 82 59 62 31 45 4 0 22 67 47 7 99 90 10 59 98 91 65 60 5 95 27 11
28
677525119 4049205 586464025 926646052 280778141 842284608 495565163 453124353 928568628 71421858 60279273 955877395 171667732 654600922 233193830 381480845 483400810 732650527 995724357 186172066 820692142 832225006 147040674 870792776 559476244 683497465 525539445 947710520
6
1 2 3 4 6 5
42
46624560 920364878 554445783 736841028 938735001 456570826 952661004 114797151 822213750 562629870 776944128 231209034 465632211 737862075 950425604 872417724 517013455 972788406 915809974 900582723 931939572 456897174 330855120 926424445 801436899 210783175 153875387 660500244 647853278 52207423 975319767 898266792 524024421 679756958 612927460 939181694 32834735 413797075 9549704 461927190 869043548 625271860
99
1 1 1 0 0 0 1 0 1 0 1 0 1 0 0 1 0 1 1 1 0 0 0 0 0 0 0 0 0 1 1 0 0 0 0 0 1 0 0 1 1 0 1 0 0 1 0 0 1 1 1 1 1 1 1 0 0 0 0 0 1 0 0 1 1 0 1 0 1 0 0 0 1 1 0 0 1 1 0 0 1 0 0 1 1 1 0 1 0 1 1 1 0 0 1 0 1 1 1
38
515266443 857429551 252421482 240558172 853629601 936992277 466836399 993034815 571262806 584105396 392328620 349226726 368784940 538774779 938359029 289523586 875868629 74557589 35630978 188258656 346648911 452623174 974537219 638771201 139995864 385305816 481323427 156935012 238396019 341126181 619316720 575171906 583532241 964010209 300371746 495888424 180405304 470633258
97
710607033 407918161 740472514 345705945 947049027 318789347 159857307 809572381 622196695 549044803 95774927 63331529 612204736 468510195 879930331 808302141 357259419 304266047 312594659 921408563 247158356 438443660 682389791 125549946 474696330 154595500 333386427 649240334 672070659 671506089 894710232 539948320 858775227 494196855 52244310 241444677 151377480 877888946 122183199 92127236 972195299 533274903 37548577 878386565 171101506 170067005 132017845 628542678 938700165 294487878 176329179 364098766 531182571 375252985 581329137 807294745 334423983 746424601 97910291 936022186 715479310 916855359 530643359 75951471 601366847 20078219 157713608 297128262 301222533 199179966 518258534 133293057 997806308 906454502 573150984 772754267 953429566 626025840 282119629 995327405 661026093 769289968 314648231 53299905 934818672 65387367 358081140 171649175 608408419 81516470 414519363 692720740 639554996 551697725 787134924 137924079 843682122
100
1 0 0 1 1 0 0 0 1 0 1 1 0 0 1 0 1 0 0 1 1 1 0 0 1 1 1 0 1 1 1 1 1 1 1 1 0 0 0 0 1 1 1 1 1 0 0 0 0 1 0 1 1 1 1 1 0 0 1 1 1 1 0 1 0 0 0 1 0 1 1 0 1 1 0 0 0 1 1 0 0 0 0 0 1 0 0 0 1 0 0 1 1 0 1 0 1 1 1 1
57
327983388 11277382 29960052 576872787 184715027 92154020 805880867 553277968 517558443 567398999 960947756 33609511 180912758 353068696 345408651 400864661 337901372 133788794 968315331 264125202 693641634 191257570 591856210 587613915 708933547 372090001 413251175 475111256 746732134 792031374 261886104 583439754 515425344 901560012 744210790 770737286 915705076 346567453 904633750 127580559 442917198 569471468 65469884 97148407 758394031 519416797 159400384 617502827 125660920 702158051 715028124 49594179 678826540 574837590 687149251 19563069 375899397
100
0 1 2 3 4 5 6 7 8 9 10 11 12 13 14 15 16 17 18 19 20 21 22 23 24 25 26 27 28 29 30 31 32 33 34 35 36 37 38 39 40 41 42 43 44 45 46 47 48 49 50 51 52 53 54 55 56 57 58 59 60 61 62 63 64 65 66 67 68 69 70 71 72 73 74 75 76 77 78 79 80 81 82 83 84 85 86 87 88 89 90 91 92 93 94 95 96 97 98 99
42
91 13 57 80 57 4 19 17 9 25 80 10 11 45 48 41 42 83 40 19 80 92 84 52 45 100 6 91 23 57 94 58 61 69 70 80 1 41 27 31 16 8
39
100060373 946656106 749833267 728438653 63614841 220512429 192472506 225528813 487207622 944205927 473657928 20426691 54982183 661596310 517781793 285712377 386149368 102353872 114972201 777136357 923186290 444007108 160846649 127716048 987989081 802330693 876600339 270555556 283159500 31596167 572546870 951546154 18325807 708629484 538772122 986846618 880568432 546162607 993350260
99
314159265 314159265 314159265 314159265 314159265 314159265 314159265 314159265 314159265 314159265 314159265 314159265 314159265 314159265 314159265 314159265 314159265 314159265 314159265 314159265 314159265 314159265 314159265 314159265 314159265 314159265 314159265 314159265 314159265 314159265 314159265 314159265 314159265 314159265 314159265 314159265 314159265 314159265 314159265 314159265 314159265 314159265 314159265 314159265 314159265 314159265 314159265 314159265 314159265 314159265 314159265 314159265 314159265 314159265 314159265 314159265 314159265 314159265 314159265 314159265 314159265 314159265 314159265 314159265 314159265 314159265 314159265 314159265 314159265 314159265 314159265 314159265 314159265 314159265 314159265 314159265 314159265 314159265 314159265 314159265 314159265 314159265 314159265 314159265 314159265 314159265 314159265 314159265 314159265 314159265 314159265 314159265 314159265 314159265 314159265 314159265 314159265 314159265 314159265
11
851002722 755062475 447110760 729781293 953298512 865172821 470320183 670616900 115071784 187099904 66258332
99
0 1 2 3 4 5 6 7 8 9 10 11 12 13 14 15 16 17 18 19 20 21 22 23 24 25 26 27 28 29 30 31 32 33 34 35 36 37 38 39 40 41 42 43 44 45 46 47 48 49 50 51 52 53 54 55 56 57 58 59 60 61 62 63 64 65 66 67 68 69 70 71 72 73 74 75 76 77 78 79 80 81 82 83 84 85 86 87 88 89 90 91 92 93 94 95 96 97 98
39
14012148 776244845 315824126 688081868 373281647 275652855 900457656 35368718 963965382 717899837 474302206 586089597 268490471 371593255 615151747 413701416 100894556 267771363 57853204 538598972 505704135 99510996 143425340 129446014 181422663 810448694 808525564 939249333 710142711 163039321 992457930 838553923 546509976 880848641 813857029 488328864 722997393 975926582 842414657
80
317080114 439567603 858076073 488589445 139047862 253183336 415113429 694684611 366291020 81879876 559045547 75464549 106366871 227521738 447707163 682187572 285819382 216291113 732159911 484561791 852873145 849437974 722600771 473365893 650738259 959577465 860795355 139167353 278685132 810623960 704871083 534641957 642322772 482317428 297467440 685485856 549073218 241144809 936611738 46977887 593564908 239251348 340818173 53467863 975353705 910540243 835941468 187312999 830867868 555319966 630288351 977311182 823062436 658461020 358687216 786343705 253579128 9411819 37427362 402801696 59637759 421371787 902923942 540860321 756335072 638646267 236552250 40849683 912324302 620171051 882707581 807373084 934884407 267160218 257874421 603699771 986339387 129216569 29902106 312314329
98
439089582 467535623 545919969 121136972 787870939 313099845 147900294 35161044 378926895 860717058 918810499 401859594 713888022 228030183 744541062 805001917 279341123 317373879 51070889 731434567 846962369 175777457 210477749 737454333 290067332 100254924 355484657 654159996 491232535 261633394 116876964 801182528 797798325 88318564 48936899 52852701 147214474 277758033 581092782 332352993 977737252 456000691 967912690 387710236 521681688 166234057 793907922 630023809 58153663 918553937 75846960 250939322 68700927 96426721 359406189 10383146 49325655 36705142 216997838 145328708 495463598 762845054 481466323 827992384 452322299 961820789 920355590 920865484 419110322 138386580 231488416 3765183 822586139 858804059 249363848 641313621 353723245 264425237 879603676 9940991 630415291 410911036 200803717 542812188 990245057 828210050 905388660 243129021 420298755 97600874 824594785 152948950 763046919 79996948 678609609 436800660 432608303 837660430
93
314043956 496874372 215364324 199326946 413985805 424030469 878681675 664955643 556115312 714893967 842472419 101825019 26335365 79953005 654268270 489374522 756744486 93616760 687962682 620715864 360096425 300389753 272310632 768914349 955758743 823201385 837849105 459898734 35657367 395871958 823755117 97304826 774309031 447880855 629237121 487440133 502504269 315580032 731919444 910012122 356339574 348012347 585954632 477981039 832578107 299441165 697217072 277256112 258469306 301163727 771222456 348660125 423690585 805161503 753779706 357761539 255177005 691467462 890511400 989613229 381102085 350944538 899358782 642565415 885576055 904318560 896210849 558373405 215750788 647777002 904532916 544182084 262307300 33538534 632531212 171190757 268774756 143653781 925122210 264124123 716061999 484890883 21234763 855608336 575161217 946376456 40759779 6978198 840732297 848312471 143069459 199543033 851280936
15
258948691 152243251 769440920 408326110 465265690 764404200 482251731 876846205 1358982 647352938 777429379 236207995 359017069 871813159 148672414
47
53 301 498 45 179 176 194 395 407 87 111 365 362 453 298 412 337 65 459 327 256 242 430 283 396 310 44 180 79 132 302 468 437 230 38 40 163 338 232 14 229 224 320 433 1 342 341
3
1 2 1
61
726269674 209055710 50029019 728523810 232355257 349116881 967801088 664305637 281589713 117100295 618178127 43721027 736161715 247873046 638317953 499042691 661578548 328681697 257093996 555006509 329651296 627399426 774176247 801992539 877829360 90939820 437445056 217454901 813503049 417858884 212798466 475820275 110839777 755606043 359170579 53543423 55872958 311225724 579470002 724089056 493600873 438574197 673663370 825215795 142717626 144003562 550717685 535048649 853124900 373558310 458564082 605532905 8610015 954211719 528911745 261030538 316316074 868100804 150085846 643415383 386903745
98
727068165 144032158 178315947 982321018 316416762 658491848 869261397 4601428 163036843 616254628 177427277 367991616 811268008 463797426 623088203 991032315 865089177 51524464 564584414 109917080 128284813 100774059 376294437 202517234 270518695 710546656 202587143 244046919 702168993 852120848 671623643 31636542 847528943 937668653 654637543 123832448 108711204 830785328 824574563 992855685 307822399 219472118 710988351 836840770 339781967 848662423 996893041 111055442 858085421 860334215 890013462 89937318 797914117 589984978 168298027 473515911 982766890 264615845 473388883 852562336 954193806 53367619 38179914 135540693 182161660 234285297 895109131 733035406 975008944 824780566 637562901 73686452 482663773 93339651 216359157 93727291 989654706 155063303 811343252 16965005 341775070 176409304 69769511 833363256 499604887 245307077 511187883 219883533 373252139 980690254 810465153 760089217 616043196 659130324 565660894 131919506 225893039 267225769
87
117473350 844034118 252666270 602631016 339622841 873460798 865805047 140351164 199326820 402250111 886176578 446058642 580061382 929584454 934683421 892770264 875124981 446799172 674223744 812742286 665970888 843599969 88881980 187852372 861761449 667228622 529285638 236130399 932422459 151230771 154190622 187591428 684401699 998994164 158795033 496453434 735508068 252376234 538816965 612816447 644443779 710995039 340592735 691733812 527176050 426039333 239057607 523529214 471802375 33351670 391019569 318208881 123565963 372995247 669958021 454655898 34067552 43682466 551048325 594726707 460798922 820802726 31876283 775277197 949113803 270566135 678467136 514006751 934847456 96155804 354233671 396732717 946996444 437083328 144338182 505645787 524447630 401108766 111126894 157424641 29851282 600844160 184934584 580137684 873262028 173769567 573687367
5
1 2 3 5 4
98
110937893 460067438 359784501 836035174 658395436 617797178 577481954 292979567 44126684 920440936 209657585 185325416 826907882 700561089 922446197 217419345 808221697 767287005 91643021 188616608 424858753 862398248 30341151 38179372 442336339 238663957 816435265 189207132 49782047 491392883 578551410 834959821 384187366 496543483 295516882 506312074 903736513 308498252 406179336 72248111 742285430 736719135 143454028 725148759 106815413 615475893 553201357 384964938 321460002 995881630 680102928 143854678 387412106 381010366 694850253 191806525 804206298 865393820 891647215 687124731 70520642 376326532 824477694 434594435 746729512 818515459 664886324 80862972 850974897 569948362 81121196 278848379 876330490 259351701 435928288 305568672 22758293 160752259 668345947 946784506 371631147 342280829 975655008 833146324 435911981 860656698 413750513 77650491 528421012 848144605 166473134 668983849 929377594 137804309 277125659 366244667 104452483 548219436
100
274662669 520015602 216797062 449599392 938043488 441592021 87305075 331962057 827391582 318500881 484627627 180494500 456134901 966450069 704808985 771148895 714248747 729827207 303685287 345763495 77127533 298457179 120594880 33050495 476857885 433377050 221271875 972626296 36836764 857834296 196596559 448654894 963049407 693617019 815349896 194856759 867859119 448685787 875161955 155012861 357819675 816752605 269590628 56942696 374484921 852413246 518136334 387258522 936961302 330028489 361025614 440050157 119392311 346145805 5744193 254528601 676145803 802061949 261779028 181582338 519540717 393397880 559670381 576620496 428249689 868552756 895477009 190329288 386287379 26710577 378886471 296772455 765784485 405194579 634916803 457413556 699970711 81562328 582005884 413962399 72309769 965112731 816881578 488488782 266675895 572140975 603724303 925220830 905439596 767343025 624660120 49681790 762544759 293381104 788690467 359194502 53101781 755890145 179154427 666637680
24
422444021 371539376 251350131 646098227 967293633 937166992 154452858 502838963 880350860 620315490 475753458 131390967 924259099 48489662 90275731 164761252 563710056 228135433 175604892 405224992 588335927 703727830 992663551 951683667
25
837898186 651818915 698298303 60824003 18133324 942682890 433098317 466267908 395728789 469906378 999968440 593010862 110885868 672501507 213744534 85087994 470076843 496926389 441050615 184807592 522717747 359579086 574568049 622967411 195852290
31
8 69 95 39 80 36 1 9 37 87 63 58 28 75 48 39 14 53 35 34 84 82 12 1 14 53 39 18 16 12 72
20
853782157 648975182 166773580 118119909 154921574 917543260 405704196 117588514 901475050 270829003 499859068 76100753 713331357 684101756 216070794 197329853 571332683 368710486 432501920 613949201
88
873648342 245830336 93920299 308815943 99064254 74892438 647294087 969911521 659773893 403871625 364605760 93702608 798073244 474162282 465522632 311744150 567568357 531397323 199992108 393768722 366924750 611478914 840608492 46888382 43900253 428091685 370589019 596964728 866480906 184512915 697491239 800668968 143727680 98823198 86924320 324653278 285313029 753556748 585376107 649760100 48881014 253822128 3015641 763668135 227396365 40713724 242256194 451985047 155294026 787354050 381399514 706899109 97191782 156303096 977378567 294516041 574004518 627318998 207434085 991589624 369466162 90199090 680499092 118034933 913134552 436135579 346697038 942068280 826449984 515942973 837839498 625436130 154815481 92096568 784550418 92174719 710360939 211711862 21159801 37286522 837603428 349054364 467502513 340552954 591691743 977813359 79583269 827216845
3
1 0 2
3
2 1 1
3
1 3 2
90
940213185 980543231 250912592 474459545 16525934 329025678 538803874 488267104 403866879 566183933 637401534 372666174 399145518 734109522 705097236 351333799 220810274 40254480 622706558 574055586 119250951 426112747 184067505 78479007 830566482 222336818 158209701 166591142 65363960 325655324 606934679 855696592 721389509 179106522 24000441 867863598 288483259 733668505 424349771 831894165 283178416 195202827 153689671 678236909 849892076 673323310 768362648 764462497 829694884 619139691 451313010 960017660 481109580 278623659 249361662 876195089 666112793 558102259 712295786 224909002 538801045 311033233 631935327 107979768 203449390 39393168 921423447 739546876 324723153 235636838 423481308 580549769 422077527 900409935 440948234 695853157 169311942 376887557 147124173 901982168 665705998 157542366 717758028 675834707 895239538 107840812 474796432 411358333 196678168 177029494
61
58 10 85 87 12 98 46 31 71 0 76 27 2 21 88 80 24 30 33 50 26 12 94 93 0 90 27 85 30 47 10 55 40 3 4 81 85 46 57 4 6 33 15 81 20 73 93 58 47 32 32 36 51 59 74 26 34 96 99 74 98
70
534902278 876975186 578187005 368147107 582051168 62889150 332167867 449340462 391415608 724139256 126665200 404038084 761492723 355740785 520462591 737134807 304855307 586846000 923379032 534915296 944906393 971103371 563810110 1598381 339167861 503563877 336470042 91357862 40698088 287107264 800556700 14428358 380692492 76870534 750743976 31057190 854567290 125992937 385676147 396598943 713497674 141600931 649744357 347442143 584909987 523416646 157531064 378372571 962772890 597905824 483833557 184612194 792288586 602279977 856276291 523944034 907933535 492794254 202392360 465621092 806386844 92986534 988256007 901828048 758137712 198442257 706428645 219950553 577740495 232597165
13
546949142 457208200 290557889 119812354 743826741 201878022 748277794 258015818 736800931 394281399 707352788 363590284 526407549
67
747367996 49389721 729199766 110064196 664607867 849656628 819049378 914999990 537097088 638055919 27449320 637316340 719828265 203129861 464425319 855390728 526017955 375276912 204830896 841003654 954418441 623836777 663151254 371068288 211858705 455837716 365923249 270203505 806767071 737309793 664111812 890084301 23657417 266058915 149057635 274166839 705466784 481894113 485252047 497902100 855074671 202504510 990086702 151426188 33034641 337260609 614641752 767278694 891091311 33201105 810719406 79347473 452250131 380405972 619932313 613714476 656344952 194152383 354304912 967112972 682350067 231678916 523651073 917627653 951409602 648447426 322789997
6
1 2 3 5 4 6
99
98 97 96 95 94 93 92 91 90 89 88 87 86 85 84 83 82 81 80 79 78 77 76 75 74 73 72 71 70 69 68 67 66 65 64 63 62 61 60 59 58 57 56 55 54 53 52 51 50 49 48 47 46 45 44 43 42 41 40 39 38 37 36 35 34 33 32 31 30 29 28 27 26 25 24 23 22 21 20 19 18 17 16 15 14 13 12 11 10 9 8 7 6 5 4 3 2 1 0
96
187882383 93615191 481820424 35072772 699934582 226098624 824747986 756413338 630893187 239828021 782740311 127806796 149121135 602935619 931319986 819153592 18518915 459873420 94864095 672082961 76453842 74832070 25531665 65611427 216364489 555870307 281651119 944033858 532826712 270668046 744286189 890254567 458933519 691242796 854207100 118870591 129508911 976445604 975149392 260121146 426944287 445878455 229726116 782341211 666374395 500529989 266629656 22676593 560294795 764132595 189321957 564105804 113117709 843442569 688975827 208001027 584843946 631560713 551106151 714823523 691130720 985495519 544821755 532202947 943206440 537407454 64376742 388538064 981406075 59485641 641712026 188578237 918964597 246323828 58406468 136953073 377877236 938213594 242357626 574080647 518852432 98121416 124041072 645730852 568329243 588590794 70635352 360757659 759383723 689150115 254825323 922379088 600808591 549096478 776085110 175799750
100
10 10 3 7 4 6 9 9 9 2 4 7 0 4 7 8 3 9 5 2 3 5 5 0 1 7 1 7 7 1 6 7 0 1 8 9 2 8 1 8 5 0 7 8 3 7 3 3 5 4 1 3 3 5 0 5 5 8 8 2 8 9 2 7 8 1 7 8 7 0 5 5 1 4 2 7 0 6 6 9 6 2 1 4 9 6 5 10 8 3 3 4 7 1 9 4 4 7 5 10
5
2 1 3 5 4
5
1 2 4 3 5
67
46 28 31 98 96 45 60 5 29 24 84 6 34 7 75 16 2 58 2 76 22 75 67 67 32 61 41 20 100 2 15 93 6 58 25 88 17 53 7 68 82 25 73 37 43 73 64 4 53 83 42 58 74 31 45 48 4 32 51 74 76 38 25 31 37 45 91
69
724765341 509558569 877938467 703225947 217721610 632405562 91892772 216620151 169448851 786989438 996548795 102792221 985948762 696629268 452207327 855184903 714221019 849109527 268175813 56836625 775031064 928900378 590410967 243335776 733807581 621991505 107896338 93480617 736072009 92779223 433051005 804805067 887128135 623725267 174528921 153152600 752296784 902153953 763495841 629653881 647109695 462961379 971343397 930462095 550353857 209445187 488356726 708333929 768546076 849255464 955086809 897487604 919104674 646176471 765107383 52150426 307447381 100838373 402431086 725169651 826527134 204913162 841541836 730951863 545939513 161225985 565096881 273602814 545641300
76
6 80 71 72 25 82 69 26 39 96 2 38 28 30 5 23 94 90 6 86 90 28 44 48 49 25 57 65 9 8 58 5 38 70 77 28 21 71 29 4 32 45 73 42 12 2 97 34 88 52 83 35 47 6 81 9 26 70 59 100 25 6 61 61 98 97 76 91 71 19 70 10 34 73 0 77
100
952680141 888680936 47253579 79358867 559103225 54486496 113019420 358506670 922477036 689633651 430089848 326940503 315156882 144927327 748930085 634469204 825939859 771763328 681245820 953037192 2636171 261866454 460686928 338517583 608170898 53342667 597335679 262422434 696191155 711310241 635246980 34913306 893465601 774916187 70848715 145723520 56913192 716604254 392472025 755448942 167578499 224835160 933884668 580925028 576862856 285947569 258652477 144668702 971727760 649453509 133857905 934797564 229694861 522041884 543051864 191263071 180552913 140915253 910500857 820243024 148345145 626575395 201012783 795365029 122512573 940046180 949703094 818253244 466226794 886871382 580386293 393138162 459078984 485683098 895205284 972592641 389882566 574078557 369735832 240042664 712041306 655812087 175281912 735038353 672023850 83126630 458655520 104133210 274832008 712185074 86155120 290361938 599445384 20510382 135571230 871065267 603997327 486379161 538027972 845982527
62
602448189 404527425 461737495 170640445 855739508 506347831 55319958 557867899 937871204 572146873 601422994 813215613 333040635 124410139 588868226 646607985 450069339 831884299 41147611 850622271 961703317 455718424 688825583 728942576 788755089 790649437 917708654 548217317 433790691 658787437 113504398 977759535 66931704 621760877 946286574 391003168 491228289 908513035 57910024 834750025 830625616 49587527 721070928 458585396 672111669 940376628 342938778 359365191 597882099 399205820 835181211 619474424 442184989 910225607 601330919 11575264 516804320 944773009 714858669 580926152 291620844 110519560
65
91 1 64 38 74 81 1 20 64 53 88 41 29 45 60 95 52 97 10 30 32 80 97 16 83 11 79 83 62 26 93 75 54 18 84 6 6 92 43 63 52 47 5 62 80 40 41 56 99 24 24 52 26 8 22 24 14 89 64 34 19 85 46 74 18
85
902507316 292389473 57512193 187139031 255793250 555241801 967826340 650374568 792202567 886859498 439829992 847478342 895881291 597336980 106916561 715968353 781111058 440058225 642333482 53809604 680657034 755937526 456013702 3086327 773124860 491678657 983060975 285959647 502727013 267728868 157607523 525434201 521293912 858871429 858854564 741135272 721308209 799560250 135913466 968829376 803671554 964951285 36525479 666021371 874542979 181125115 289314730 31523444 111053781 790376279 566300637 567542088 227665381 561842182 993699139 107651548 277229126 154980142 527590146 410672763 15017906 938581970 939372501 117404185 370586829 838643161 378480372 178595119 180670916 377078693 665798132 898361793 596092690 520437206 744341996 255742596 181988438 981662538 1535420 988113488 839970525 79069955 561510780 779792514 978875840
69
597691813 297321581 256435051 702471974 861140427 66591529 302854815 171365454 376395098 61272795 715689983 768872823 30444955 493793461 572008657 926791010 607661353 567749767 311973175 219080849 455853715 605757515 637759968 486469583 553841343 288549066 556239363 813804700 473309544 260335935 635610578 338924353 620332961 542629302 958081468 223532619 872760335 602985184 287665689 848214807 493832833 740957623 798194029 231774564 634533694 891962256 411846021 320131246 18382841 656604123 472964367 883009274 747958825 56395338 545495703 329089478 664170747 485214071 140096866 710149708 596070210 842101929 549358360 665253339 953053441 613338330 775388592 308536386 602779344
65
991998605 445899971 258212459 359112165 744124902 287626500 927176242 355064047 302103256 789111544 823796763 167260595 774427379 322998492 467127487 21366731 703012247 8144000 294814642 339415446 386416711 452459799 148073294 223659345 995654327 93178288 356711435 762272492 722836083 752351917 129982741 277032506 118377790 445598528 903173325 281669670 319280536 399563185 49942503 804848927 439353819 831656428 603576246 318815180 255961093 394878521 257865356 469071633 488014877 803772884 4003475 510302100 309438820 835641224 111615922 75985348 794603631 524416217 569964999 551288641 82361563 755684394 694617369 644137249 998219567
99
105882260 67195531 143335077 289609239 25946876 702637098 456537015 151514191 747995754 442893784 675705395 766503286 999792715 902748601 266906096 740394794 458495443 510811495 86074221 277997817 806162093 590799800 152478811 52251417 75506199 510755286 132508614 797428160 340962363 559857376 302726373 750732997 642776017 191186751 432041310 91268297 606834991 636000913 839436146 990431623 922825025 20413735 757108775 78486340 429472930 674060666 292372891 550433583 849101778 26738407 58186241 263028190 918002368 286913638 452158282 951757710 457962799 655792501 797580914 435644314 524494926 578328358 925861905 126097673 130377720 720162025 720151862 729008689 669874652 859787243 135678920 242630510 322332976 11333956 934505414 720347717 306513974 488038614 89145246 848467027 721714490 917049987 168653669 410767037 971536830 238512926 802771727 768027387 397168503 571789748 614505841 196947763 544120981 645274233 484798231 369634932 615566525 332464647 642697155
23
422454276 153887663 696979644 874545837 79779981 639549159 731452750 282137872 219049703 785137038 725323130 30173999 912337423 273291106 49936912 68075263 19953280 583501772 422822264 33855955 906072523 486082252 21434694
6
2 1 3 4 6 5
