100
75971
22604
22156
7621
63161
44615
48356
13101
63785
13555
64372
87708
45654
92502
25496
9214
99788
13796
93310
91748
52704
91520
95642
37442
65057
90321
49619
54265
98441
96811
97239
64097
98973
18576
96684
45126
58865
36172
92553
1
8934
97363
59581
84960
16286
16384
53227
92483
21779
37938
54534
25365
98175
28053
63084
128
31561
3
92138
2063
67460
67294
85831
96489
63025
8192
96204
72822
15990
98872
4
73192
38643
96376
4296
66181
76969
82189
40793
8
28298
68571
1
90875
43592
28506
14604
11788
56076
65696
91404
3979
90900
94529
94612
2
57141
98216
10
48659
