Case #1: 1999968688.4072894115 1999953589.9616295544 1999952879.5843580775 1999952398.8770076954 1999951688.9782990492 1999936589.9778226545 1999922645.0054710140 1999921935.4126442557 1999919700.5004842661 1999918990.1997566454
Case #2: 1999970258.9855712039 1999960711.1121205720 1999958497.9935198484 1999956966.3018020373 1999954752.9998217407 1999945205.1898824751 1999939128.9648724678 1999936914.7860009560 1999933137.2800633118 1999930923.9520236886
Case #3: 2650327927.9282408371 2650327927.9282146213 2650327927.9281995276 2650327927.9281836390 2650327927.9281669562 2650327927.9281542450 2650327927.9281478897 2650327927.9281335899 2650327927.9280612958 2650327927.9280231618
Case #4: 2000000002.0000000000 2000000002.0000000000 2000000002.0000000000 2000000002.0000000000 2000000002.0000000000 2000000002.0000000000 2000000002.0000000000 2000000002.0000000000 2000000002.0000000000 2000000001.0130395599
Case #5: 12.2175228580 12.0000000000 11.7653668647 11.5176380902 11.2610523844 3.0000000000 2.7653668647 2.7653668647 2.5176380902 2.5176380902
Case #6: 2276803238.3387388284 2276767261.2769142818 2276762442.7406692605 2276735634.6222562846 2276717871.3242628220 2276692515.9674625448 2276683517.9882463990 2276682606.3747059754 2276676897.7777638191 2276674145.7444943096
Case #7: 3847759026.0673922119 3847742996.8563248278 3847742996.8563248278 3847726966.8347466690 3847726965.8347466690 3847726965.8347466690 3847710935.0026647681 3847710935.0026647681 3847710934.0026647681 3847710934.0026647681
Case #8: 636769773.2564905750 636769773.2564905725 636769773.2564905725 636769773.2564905683 636769773.2564905683 636769773.2564905683 636769773.2564905627 636769773.2564905627 636769773.2564905627 636769773.2564905627
Case #9: 1201315724.3689801451 1201311904.4271099847 1201311904.4115294705 1201311904.3959489560 1201311904.3803684418 1201311904.3647879272 1201311904.3492074130 1201311904.3336268985 1201311904.3180463843 1201311904.3024658698
Case #10: 1999999997.0000000000 1999999996.0000000000 1999999995.0000000000 1999999995.0000000000 1999999994.0000000000 1999999994.0000000000 1999999993.0000000000 1999999993.0000000000 1999999993.0000000000 1999999992.0000000001
Case #11: 3999960766.9999105306 3999958485.9998807404 3999930798.9998912509 3999928000.9996839250 3999927707.9996287390 3999926766.9994739559 3999924485.9994047661 3999919511.9998401371 3999917397.9999718622 3999917230.9998010360
Case #12: 1999984831.7645115820 1999980037.7332188881 1999978838.0312926940 1999973690.6726919448 1999972273.0918196375 1999967696.9394730567 1999964846.6574638420 1999963752.7124461042 1999963571.1070477401 1999961962.9479345221
Case #13: 2129262580.6743632822 2102815345.8136928759 2028240147.0037310001 1723472640.3627747230 1602068196.4025005451 1595972037.6168184461 1476457431.3329793588 1438269785.2862184376 1173757338.0285604835 1133314965.7051158836
Case #14: 1839119342.5598255323 1761932287.3552801218 1482473443.7411479204 1450391159.2901454694 1438903772.7635115362 1436879874.2068602226 1426280606.2018004275 1354256625.1679844646 1330834147.2503288281 1020326504.9485718649
Case #15: 2861300919.4374120315 2829238392.1214856622 2825835652.4794823162 2795930741.6409641718 2780337371.7162740300 2778995302.3826889901 2776508664.7113793299 2770542516.2111113903 2763080428.5749997271 2762952592.1878017338
Case #16: 2590346009.6761222281 2555397412.8069944638 2528633733.9639101825 2520470806.2634639358 2463081829.9543108460 2456822723.6015766435 2403497946.6594651421 2365996793.0362206399 2276261851.4233354584 2271767505.3158328827
Case #17: 1958932717.6903706194 1951385151.2023500091 1951107788.4880206103 1939179874.4166029600 1938902512.1069735794 1931354945.6189529691 1931309761.2618647177 1931032398.9522353371 1923484832.4642147268 1919178244.4047000182
Case #18: 1967458492.4933354529 1941795652.5730464866 1934897639.8613417327 1913520955.8867053315 1909793728.0668578127 1902960360.4759308298 1899655073.2591800187 1890502402.2975772581 1881611456.5229484194 1879804638.2924758170
Case #19: 2733659797.7442841402 2732818457.1702972187 2729712604.4560989635 2729369789.1760226300 2709999684.4600201536 2708897239.3236385889 2708292344.6233449243 2705176744.4661341135 2698625931.1609538388 2691716957.1599084602
Case #20: 254.0000000000 254.0000000000 254.0000000000 254.0000000000 254.0000000000 254.0000000000 254.0000000000 254.0000000000 254.0000000000 254.0000000000
Case #21: 2386710717.0354152713 2386409215.0697057124 2385988096.3008136926 2385504271.7406217903 2385363411.6594205298 2385361296.6843183869 2385345081.4633035180 2385339543.6159264599 2385329262.4513861327 2385264745.0202343143
Case #22: 3330005392.4800556391 3329935276.1888849940 3329841828.3207181878 3329526080.1913224359 3329517184.5455366476 3329305507.4468445515 3329228762.3685059333 3328776428.5522669221 3328750382.5285506200 3328633141.2115572724
Case #23: 2804236769.9525993650 2803462493.0490172869 2803327980.9525882287 2803232452.8275216757 2803119531.3474486535 2803061748.0186354700 2802766687.1912603248 2802740178.2876931708 2802388307.7383416907 2802310807.4121184393
Case #24: 2061633260.1529549217 2052369355.1266634897 2051294301.6000412819 2045551260.1885917633 2038683150.5210295683 2036945952.1448013479 2035153668.4875259680 2028164451.5515209583 2023596489.8904226716 2006374383.6429686435
Case #25: 2047603358.1781060953 2047586542.8267539131 2047550864.9910207844 2047401288.5233618692 2047388389.8732146259 2047382050.0554786832 2047100498.6890767964 2046901966.0567806518 2046644225.5659230736 2046543300.7478604531
Case #26: 3732031179.6585266767 3731038481.8038231432 3730859344.7308121924 3730343665.5683040682 3730142600.1285241544 3730017438.9727236524 3729608699.6916201273 3729310410.1267648542 3729299034.1531302445 3729180348.9818597073
Case #27: 3873311010.1158800954 3873262379.7930198649 3872984278.1832929638 3872506094.3576431780 3872441790.4672893016 3872274677.3413277515 3872216949.3125852817 3872119170.7942328886 3871933534.3377210568 3871886417.0735966589
Case #28: 2741412288.4007170289 2741067558.5207672403 2740764525.3008080660 2740671538.3094002218 2740566850.3082540100 2740317852.2749428402 2740303114.6054658061 2740187880.9891670796 2740128342.0459129501 2740115177.7507163235
Case #29: 3482244411.0950158418 3482062260.1304436664 3481408924.5577690010 3481324031.8807294057 3481167154.7682240088 3481108527.8182106530 3481043398.7015405826 3480752190.3394699451 3480718146.6357088147 3480610844.9273046565
Case #30: 3522925087.9047108360 3522456400.3232764471 3522377526.9105972389 3521914221.5687765195 3521104061.8044283378 3520832733.1748895552 3520822544.8173537641 3520772639.5349939470 3520434443.6050427740 3520401447.2021762643
Case #31: 2146705601.0324763873 2056152308.4897042261 2028156947.6798985704 1977277198.8549096328 1966604722.1249487376 1934059002.6472008841 1917957647.4600882691 1906127822.0096315229 1894413868.8064085100 1887695793.6121942395
Case #32: 2029607240.2276204431 2010095013.0055231609 1999201037.1972624975 1980016107.9377509988 1979891095.6410951375 1960678954.1211864164 1952272931.0772583735 1945774188.8285052949 1933747922.4985576358 1932339751.3861129577
Case #33: 2190234790.4214514075 2152212766.1988054728 2149492107.3388782982 2125419615.0882709485 2122442276.3481245266 2081256309.5011257009 2077612474.9064439269 2072967074.0896056308 2067499248.7853510426 2062215670.2580960637
Case #34: 2737052042.0392396096 2704100020.9626419316 2701633759.9051828715 2698837567.6528627481 2677961835.0770953288 2664956262.7336486268 2656509268.9367858311 2648096538.8035189260 2644354899.0676031003 2619761446.1068833689
Case #35: 3015756412.3074984625 3003474010.4184816787 2993037478.3088083984 2940988654.5645477048 2934310215.4751812506 2931962740.9048583657 2925572572.3229393754 2907629375.1095492847 2902505285.3019510233 2898865344.8612033215
Case #36: 2677232978.8370943025 2670277894.6831976250 2642845395.0286906641 2634699199.4803552609 2579059583.8167569707 2554370701.5419560296 2544130651.8936512233 2538577247.7305842878 2536145053.6662387624 2523670552.2777675989
Case #37: 3030847254.4930000077 3030388684.7081085669 3030297972.2013368676 3030257556.0864849968 3029912937.6662373259 3029606481.7602282430 3029014500.9700984303 3028919754.5478247602 3028484380.8500774265 3028447528.1843507390
Case #38: 2656368629.0848863791 2655896907.3481318816 2655771074.9905412118 2654039588.9562441194 2653748717.6934420571 2653727267.8530054435 2653588367.6006315129 2653551445.6596319489 2653265996.6016715586 2653096287.6911867759
Case #39: 1948125226.4119543897 1909708990.3408098621 1908542726.9707742524 1901267269.5235275279 1897482386.2631258067 1896426433.3899050197 1889373814.7353399853 1888969891.6651649300 1876555328.7804162023 1859087437.0158116001
Case #40: 1976872748.1148868981 1969042885.7448574496 1963152346.4323511694 1953538313.2066537482 1947444108.3549144256 1939512253.7360332548 1938693870.7548542325 1936196984.2324705119 1932304716.0697667008 1930007065.1815019373
Case #41: 1976822703.1889079423 1976429089.8540446749 1973033492.9278845519 1967035046.4404551582 1963377505.8702534544 1956011843.8450526861 1955612476.3556676778 1951858053.5946263254 1949482578.8666385370 1942364890.5972707588
Case #42: 1898538357.3280389206 1895556663.3640126926 1888476879.1440247643 1887661445.7151461472 1883361831.8987664462 1879144062.6229141329 1875683133.2831983515 1872519371.4392171351 1868710343.8918609561 1868000527.6186055075
Case #43: 1979113227.2273272562 1972836890.1777654090 1971967188.7249636839 1967118868.3137842154 1966808786.8431999404 1959000116.8804102778 1952652558.1976764266 1951798633.9771197564 1950317554.9052255385 1949748404.1372294615
Case #44: 1922449617.9064906775 1915185836.8968591138 1914413761.5024570926 1912027640.1027068980 1909392233.0764772242 1909195672.7007835710 1905291167.7595388663 1904787762.5802774800 1894195480.8362245456 1883692907.5336378689
Case #45: 1962127760.4369725805 1960423688.8233738304 1955932116.9076912390 1948996668.4132077731 1948422324.4694608455 1943708149.1055293893 1940385096.0032352793 1934737149.1090887715 1933967712.5513479749 1930986347.9362786525
Case #46: 1921267862.5227803830 1898413097.0045411190 1875394964.7904935922 1875016000.5762800195 1874351220.4861609867 1854077157.1955149802 1852260306.7806492946 1841260543.4122310600 1831098054.3485978940 1827389127.1558767839
Case #47: 3171539152.9711409577 3170873147.7661061091 3170653799.8709179056 3170600899.3637588620 3170203410.6744516483 3169630514.1597387511 3169601975.8740692367 3169542372.8401485104 3169472506.7819544440 3169180124.9652796986
Case #48: 2773935460.1326984363 2773912815.2162173882 2773512459.1075675776 2773324585.5573169407 2772877696.5003142755 2772827866.6256949124 2772413936.1327663667 2772396189.6777169076 2772117328.8221514714 2771820568.8442841214
Case #49: 2464813751.7959010920 2464521310.8788034059 2464438124.6647304643 2464134412.2329896428 2463807100.0659004026 2463734887.9258548142 2463648733.8635839578 2463602343.5281657423 2463440792.8811755884 2463151010.1211011526
Case #50: 3022023172.3135374684 3021590294.8030040127 3021571264.5560612089 3021133068.2053345253 3021128048.4175708820 3020845117.0724487526 3020497139.8859574078 3020371466.1712958459 3020358437.8582308607 3020268545.8421220286
Case #51: 3812101890.8429068567 3811807519.0121753868 3810869955.3346607448 3810868045.7586943912 3810335643.9460208903 3809266533.5007941823 3809074250.6101998382 3808596982.6657621008 3808410572.5122514972 3808375769.4645244610
Case #52: 2084923501.6140546434 2084855382.0852041012 2083711223.6831859242 2083529104.9256535339 2083459687.7897019349 2083399968.8033327463 2083309406.8054701363 2083210074.9562059459 2083175531.3594028844 2083143027.4100957006
Case #53: 2678173224.2830451252 2677637081.7045677784 2677490621.8031103760 2676908003.0772441458 2676552502.8794992827 2676315856.7868473432 2676044214.5188181312 2675936766.1988806333 2675800045.3305563924 2675570193.1675799883
Case #54: 2020176202.2393926715 2020116559.2447477368 2019869862.1457092061 2019759434.5419022336 2019673700.0575605105 2019487279.4851897726 2019472674.6007397694 2019399054.5061364205 2019370671.8726762994 2019343375.5850299418
Case #55: 2093454158.0211047983 2093405339.9220054550 2092974056.1639590960 2092953209.4396337832 2092670947.6288968420 2092453290.0472290546 2092419523.0627421124 2092348121.5320545015 2092315841.7026068915 2092153367.1383954515
Case #56: 2019952329.3356373401 2019866192.2200370396 2019649934.6332462486 2019578354.7672660085 2019552873.8703690162 2019543348.7620653037 2019380906.8645009268 2019045214.7397079149 2018952674.9004668334 2018892143.0914810875
Case #57: 3489109026.3863048125 3489103750.2717131996 3488587707.6625244308 3488045969.7425499586 3487711115.7797543127 3487671313.0922794763 3486720998.0255454085 3486677313.4438916580 3486379700.1746502672 3486341952.0428228648
Case #58: 2700917586.6249543452 2700015235.5477850446 2699859084.4489265140 2699684975.9374430324 2699648434.6851165106 2699596256.4732031503 2699589045.3700631715 2699189338.6851422871 2698863074.5952727066 2698379392.0453686726
Case #59: 3162647867.5777313078 3162623683.7467888282 3161489808.5319049004 3161313320.1136295190 3161276149.4434631590 3161209363.3845908684 3161198254.8589768917 3160880237.5503729102 3160850071.2049104816 3160529749.4178906078
Case #60: 3854334855.6674935692 3853807771.0255566598 3853398261.5422466465 3852756666.6761320238 3852712023.6365912037 3852511671.7317022835 3852332231.7721462087 3852096629.1004704174 3852067213.8699947819 3851864385.4703838467
Case #61: 3988792496.2233554367 3988651816.1664435030 3988371585.5513321506 3988079115.7557200126 3987760060.5375706230 3987247841.3010042277 3987162196.7625300898 3987018315.3853890647 3986924966.1494599564 3986543259.0773682492
Case #62: 2465462997.6346451710 2465299441.5489286869 2465092638.6578643918 2464249533.6013502777 2463862769.3891777853 2463728352.2983119097 2463696950.7951610717 2463586156.7005394513 2463455308.1182834499 2463334724.3435727861
Case #63: 3091522195.0356881802 3090564735.2285512288 3090142577.8185617924 3090043064.5219522878 3089791205.1625974369 3089638862.1992474983 3089465486.4322797609 3088846689.0597981005 3088827414.2804689538 3088486912.2653451904
Case #64: 3653029055.2279985263 3652714770.1880187623 3652490794.9973106601 3652023970.5904852343 3651757155.0389295532 3650898001.9566629692 3650868377.3487201333 3650859306.6303761471 3650547057.2575117550 3650422488.7054482130
Case #65: 3847603167.8819866218 3847437882.0124882995 3846371170.3100749729 3846249661.1256317445 3846205489.7769049138 3845749125.7299394177 3845694132.0713789808 3845625323.6447637419 3845499839.0504837590 3845378950.3994153833
Case #66: 3683152978.0638136468 3682999623.8161613895 3682870622.2550752179 3682579835.4420253176 3682387924.4010113347 3682264014.2374057607 3682055919.4657883181 3682028357.8131925426 3681664835.0208580298 3681368025.0678439434
Case #67: 2049062314.5298363833 2048953910.3182378786 2048931702.5682892491 2048645866.5684609144 2048539586.3431860909 2048516414.2875029857 2048498176.9807249308 2048446043.4761640063 2048441913.7020479522 2048425937.1965200888
Case #68: 3662940327.4285702286 3662866555.5610500425 3662852324.6288602892 3662769008.5942608565 3662645469.4855046542 3662428676.1445258788 3661886732.5693790019 3661507549.7128761420 3661463676.7147714584 3661451844.7366014004
Case #69: 2472673133.8577399971 2472500923.3016588097 2471405632.1407242101 2471013951.8002652614 2470869403.5721005115 2470570613.7192805954 2470337355.6132705926 2470283277.2157192384 2470273245.5830864038 2470246218.2192671634
Case #70: 2462472147.7963394802 2462319231.3274898850 2461919278.7027443233 2461520066.2207722375 2461511058.3835134013 2461503467.3174943901 2461484012.6053686454 2461309233.0025896505 2460891355.5308854950 2460759667.8292420618
Case #71: 2872440967.1359830352 2871429677.4309465233 2870857519.5618902147 2870691912.4008727511 2870154086.1083621751 2870100581.8270872971 2869914010.7740585972 2869847130.0300227676 2869504327.6663920924 2869143484.2823119545
Case #72: 3272168875.3782030926 3271279184.2906547796 3270568636.4882906387 3270168417.1425219746 3269899313.9657831998 3269870515.2654614470 3269829343.4892644025 3269541517.7113186233 3269454453.6394437240 3268720498.9065009682
Case #73: 2534272179.9829506790 2532832680.0232426729 2532405338.4303328421 2532393750.6836454892 2532292224.0587897163 2531766726.2621165751 2531717221.7781723985 2531591988.4960578817 2531549381.6605389756 2531519133.5270430087
Case #74: 3922476806.3408985799 3921661261.7192433323 3921610658.4396222318 3921384227.1553794243 3921349054.9806212650 3920895250.9878662550 3920427513.1759430531 3920364739.9321456929 3920270022.3778966414 3920167413.5738594499
Case #75: 3055888730.6150543662 3055701977.6543779820 3055670138.4538997873 3055294502.9347511239 3055175849.7880946570 3055121918.4809326292 3054810245.4710838581 3054735482.1866107059 3054730066.9363311627 3054688364.7758707146
Case #76: 3899997256.1439738316 3899988410.7520514482 3899849916.2734801578 3899356553.4877981627 3898735420.1275741996 3898503824.7045720054 3898057100.7743684927 3897855235.4663595189 3897778734.0235366321 3897726708.7227062637
Case #77: 2657712340.5390306727 2657121484.6078260867 2656580042.6141451534 2656465890.7873137095 2656445634.1535077267 2656390031.0951999265 2656107391.2879312802 2655978484.9514913980 2655514941.0135999147 2655370909.7848860458
Case #78: 3483883918.9970739195 3483819041.9743169085 3483486465.1276977402 3483424219.9655587492 3482464233.4631387622 3482396315.9819274829 3481700649.7815736851 3481451336.6626466298 3481337786.0278804079 3480792430.5161672258
Case #79: 2421270754.1218108842 2420755083.1119085816 2420579734.8842380024 2419857921.7869653413 2419471233.8377267153 2419232780.2186118860 2419060828.7510671599 2418959983.8145437539 2418927316.8231944789 2418880933.6417539809
Case #80: 3373219402.7773603727 3372495999.9630169596 3372379363.2244815109 3372224230.3355851835 3371675733.2801559961 3371300145.9563942100 3371053303.4777026316 3370941946.0430258834 3370786281.5177436969 3370520232.6691148691
Case #81: 2568606154.4936082182 2568424110.4434205929 2567910780.1575015460 2567499874.8040213776 2567401237.5707553762 2567219206.7803852181 2567080535.0329396680 2567042448.5789034544 2566989534.9344775132 2566986819.0790823894
Case #82: 2726254100.5756980169 2725842176.2124153858 2725528334.8237046339 2725334124.7862071474 2725233550.8208922814 2725168787.6194631341 2725118568.5685579316 2724897389.2293812169 2724630433.3432814742 2724578639.3686211035
Case #83: 3936964339.7720537118 3936952953.0197976702 3936694521.0812126962 3936574988.6789435563 3935753424.6584713825 3935415134.1261057886 3935240810.1554612766 3935151909.0588163552 3934921274.5934432149 3934738434.2735696356
Case #84: 2798048440.1743053407 2797173008.4142424334 2797072732.9848763719 2797011550.6222063578 2796812134.5138164328 2796204302.2555271459 2796172488.1890266445 2795920234.7760144519 2795919201.6267526643 2795743492.6693773151
Case #85: 2095998353.1604844428 2095718683.7611201176 2095679697.3895182924 2095186117.5427062800 2095183926.6961451088 2093785930.9367919568 2093591392.9811950075 2093581739.1904694493 2093576209.9886295182 2093524800.0442850379
Case #86: 2147456668.8203676426 2146644313.2468878020 2146567320.0732453904 2146508621.3479360573 2146223415.8193000974 2145801351.2041743068 2145414588.1156313454 2145357980.4257276558 2145303769.0084047486 2145090003.4453969825
Case #87: 3716280056.9474474052 3716233322.3993389835 3716207652.0078867734 3716207142.1825631186 3715519955.9340790079 3715504246.2908975142 3715230070.2184588134 3715129125.1288218787 3714463563.2349435505 3714455510.1102850914
Case #88: 3822947431.9712853518 3821426902.4186796839 3821237929.8179105110 3821038530.6133020869 3821000157.1864442930 3820477375.4321944341 3820398858.3761806726 3820138243.8935619211 3819911090.0028622979 3819886083.6352314204
Case #89: 3016454177.1768825848 3016383706.9690739554 3015991316.3967786108 3015241132.3771062882 3015156359.5354303718 3015060612.5818913206 3014695229.4499432431 3014607497.1496794890 3014489694.6513561406 3014053007.1837033939
Case #90: 2938626192.3524289853 2938317827.0070347402 2937737008.7361058963 2937647538.0946734706 2937411558.5343736671 2937333897.3735146220 2937250311.7287263367 2937247198.8754340666 2937171620.0674842908 2937072444.3535321592
Case #91: 3222011074.0107087099 3220488609.5653630542 3220423876.1516150630 3220357317.1596791064 3220328227.3485146102 3220072531.2486906382 3220066290.5303199356 3219949293.6546383332 3219921938.2318489959 3219737852.4871067740
Case #92: 3387961866.8663951377 3387670221.6470319717 3387389260.7013946939 3387330110.4200079746 3387272532.9997200717 3387122832.7693420663 3386741948.0598806264 3386741090.0196995619 3386572446.4830229823 3386454994.4410823761
Case #93: 3926622814.9594307514 3926512054.1997207231 3926094512.5706027108 3925939136.9183103710 3925831412.8524406184 3925460159.5122914324 3925267957.2618656144 3924807367.5911772544 3924728872.2591901303 3924706841.9004482487
Case #94: 2252565807.1752976268 2251920556.9618189847 2251672146.2207717476 2251366842.4056177726 2251320610.3383155824 2251259822.3067143585 2250585283.8779346081 2250416681.3766621272 2250388370.0234102882 2250355884.0112639875
Case #95: 3332826636.4387805602 3332741423.6502861348 3332622570.0160653873 3332278836.1138714571 3332193386.0104786751 3332182137.6238544402 3331919464.5452743252 3331164855.2538357682 3331027976.0993169732 3330662217.5730077624
Case #96: 3631224108.0246712286 3630438063.8812133931 3630320041.4813338937 3630170612.8329489781 3630042077.7109541800 3629983559.0659741107 3629388788.3258753819 3629229646.0252156523 3628578136.9654479187 3628470257.3578761192
Case #97: 3535058629.1244143802 3534261217.1563975518 3534257891.0192041190 3534038193.6725566217 3533725417.4586135969 3533646608.7704489753 3533571257.5074318752 3533534973.7621106631 3533502089.6190412077 3533315272.2128197076
Case #98: 2555420377.0234155634 2554493798.0398473390 2554288489.9665090435 2554131642.5408817986 2553983655.4233054095 2553697671.6941165030 2553427380.9505727687 2553417572.9586773000 2553312566.9909522729 2553296926.4336205509
Case #99: 2753606257.1904993372 2752724328.4807022763 2752189139.1374099725 2751605050.7616141285 2751422332.8882666184 2751332049.6539807601 2751275020.6522163881 2751226052.3559094341 2751163103.5771247074 2751115336.3055220575
Case #100: 3292647350.1595379480 3292626258.2204724257 3291867377.2302213244 3291643149.6495420998 3291599607.9546828861 3291563627.1623549652 3291392940.8930187495 3291245192.4324785934 3290924536.6401675958 3290700313.4101213110
