100
499 250
407 68
500 0
500 -2
0 499
499 212
-498 2
406 499
-498 404
-498 -250
1 0
0 -498
500 -499
-250 -1
-382 498
-111 -250
2 498
-500 -500
-187 -313
-499 -50
-500 498
329 171
140 -328
-500 500
-12 -488
1 -499
208 422
2 -250
-250 -500
-351 249
250 328
2 -499
0 250
-205 -499
498 1
-197 2
1 -373
-223 467
431 -2
2 -122
-1 209
106 -367
-26 1
498 498
0 500
500 500
498 0
1 -498
-250 0
117 498
363 -137
492 -20
-486 0
500 -500
-250 -499
-2 0
-2 1
-362 138
499 -500
-250 250
1 1
0 -500
0 -2
-498 -247
-499 499
471 -209
-499 -498
-2 500
-1 -500
470 366
0 -234
1 -250
0 1
499 0
-500 0
-437 500
2 -2
-112 -250
500 1
-431 -381
500 250
-2 -196
-500 -406
-250 2
500 143
-38 -445
-489 429
498 -499
-273 0
-37 179
1 -2
-499 -1
498 500
250 498
227 174
-250 -333
-477 -500
0 420
-499 -2
-463 -1
