100
9 586
564 455 494 3 564 3 102 102 564
10 456
237 22 381 388 76 137 224 162 151 420
7 572
403 263 346 389 384 454 523
10 374
219 339 275 239 272 193 362 46 324 276
10 597
44 569 144 314 288 535 288 491 256 104
6 541
255 219 286 322 132 409
5 13
5 5 1 7 3
10 561
480 391 286 55 15 301 12 307 305 260
6 61
39 30 54 7 22 31
3 301
3 16 228
2 567
102 102
9 446
303 415 435 228 385 206 310 250 217
8 641
526 284 365 326 220 289 246 337
6 250
129 139 91 134 94 137
6 314
122 257 275 293 117 234
6 259
162 98 59 109 201 151
10 465
221 1 97 173 184 192 210 50 14 340
10 591
580 479 503 24 20 51 337 251 402 219
9 494
348 444 398 480 489 405 392 411 389
10 581
59 295 45 171 89 326 129 400 181 103
4 443
172 392 382 160
10 141
80 119 125 48 118 120 85 35 20 101
10 360
9 335 175 198 97 89 68 132 342 103
10 679
71 15 315 608 71 364 608 664 223 456
9 580
254 307 246 342 348 532 290 370 414
5 64
34 23 2 59 44
6 306
49 222 291 258 85 16
1 129
95
5 269
201 259 123 174 103
10 1
1 1 1 1 1 1 1 1 1 1
10 617
475 266 349 504 51 500 341 141 58 573
4 607
8 359 461 378
7 239
63 15 147 53 87 77 52
10 429
22 120 191 356 340 276 126 401 94 254
9 414
209 92 281 221 221 209 407 30 92
10 700
1 1 1 1 1 1 1 1 1 1
10 519
92 388 486 49 106 388 146 75 46 400
10 515
433 424 497 210 472 362 307 419 215 413
4 237
111 193 187 127
9 72
58 60 56 68 70 32 14 62 53
8 408
370 370 38 38 318 38 318 287
10 93
42 32 44 67 72 62 52 22 50 27
1 501
113
3 318
267 133 116
10 134
133 35 47 15 133 86 130 83 98 90
6 575
392 196 451 491 492 386
10 531
261 80 459 179 30 69 56 266 344 18
6 357
25 173 134 223 184 332
8 187
109 81 106 78 122 32 155 65
10 591
228 398 269 46 573 212 395 273 196 186
7 421
292 397 353 370 390 366 310
10 565
387 178 488 308 11 84 481 554 257 77
8 549
2 357 193 365 549 473 217 128
5 594
50 581 33 591 105
4 624
401 551 285 590
5 234
86 135 226 198 166
10 361
324 213 255 151 243 258 22 296 287 222
3 644
460 576 299
6 653
191 490 570 176 586 302
10 273
157 151 152 195 128 199 23 31 234 108
5 198
142 57 147 194 120
10 625
287 473 585 614 402 252 526 77 332 353
7 387
339 339 54 54 108 108 54
10 676
362 543 340 153 113 381 442 387 452 390
8 419
97 97 121 51 384 384 384 51
10 254
219 5 172 219 157 27 34 50 207 211
7 435
310 321 322 422 347 395 419
7 344
241 330 305 117 149 291 305
6 560
78 499 407 407 499 499
5 691
157 157 55 55 566
10 395
381 188 348 275 25 152 324 287 306 310
5 318
313 272 155 142 148
8 376
347 342 334 197 187 202 189 229
1 151
126
3 498
417 226 193
3 605
452 362 413
10 304
147 89 64 34 274 276 237 44 225 185
10 265
231 41 259 257 5 126 265 118 70 86
4 20
13 6 9 14
6 370
291 348 291 291 348 184
7 174
70 66 77 104 153 141 45
10 233
103 222 232 194 153 224 49 51 94 187
1 101
62
10 634
281 369 79 482 69 74 570 281 251 517
6 652
137 338 464 314 515 188
10 294
70 182 12 262 75 211 22 259 294 124
10 640
1 534 471 331 593 50 310 238 33 474
8 273
197 272 112 269 258 254 176 210
6 22
12 15 7 10 10 12
10 495
38 20 150 106 212 191 236 81 55 183
10 371
10 11 169 122 229 8 102 210 189 365
10 336
127 14 74 322 262 13 18 318 209 323
7 436
229 44 229 44 99 44 229
10 379
36 343 127 252 139 231 148 23 240 356
1 357
86
10 362
23 118 21 48 48 97 274 40 316 227
10 300
10 35 184 58 72 177 186 139 129 85
6 253
152 45 15 77 148 4
10 323
116 123 107 134 178 217 241 189 184 165
6 638
424 28 587 28 424 28
