40
3 6 5
5 9 9 9 9 9
0 8 9 0 2 5
3 9 9 9 9 9
3 6 3
3 8 10 11 10 8
7 5 2 12 8 8
6 9 11 9 8 4
10 10 24
91 60 93 20 64 32 32 42 86 92
33 84 39 45 32 48 71 75 3 11
54 48 63 13 18 25 20 20 5 77
73 69 45 4 62 2 51 18 11 40
55 53 61 93 0 16 16 2 10 41
89 84 90 36 60 19 66 30 37 22
12 75 32 66 82 32 15 47 77 11
87 23 71 100 87 21 49 73 10 91
29 100 9 29 47 72 43 26 51 91
52 38 80 89 32 51 82 41 40 34
3 3 1
0 50 0
50 50 50
0 50 0
7 6 16
95 93 94 92 90 90
92 90 90 93 94 92
95 94 90 93 91 92
92 92 92 94 89 90
93 89 94 91 90 95
92 95 91 89 94 95
89 89 93 92 93 95
8 10 2
65 61 65 65 64 63 63 61 64 61
59 61 65 61 63 64 62 61 64 65
63 63 0 63 0 59 63 0 60 63
60 65 0 59 59 60 0 62 59 65
59 59 0 0 61 0 63 63 61 59
61 61 0 0 0 63 0 0 65 65
64 64 63 60 65 62 63 61 65 64
59 60 64 63 61 61 60 62 62 63
5 6 2
57 61 56 61 56 57
56 57 61 56 57 60
56 56 60 58 57 57
58 56 60 56 56 56
57 61 61 56 57 56
5 7 10
51 0 51 50 49 50 52
0 0 51 50 53 51 53
0 0 52 51 52 53 50
0 0 49 52 52 51 50
53 0 53 52 50 51 50
10 10 17
1 29 38 87 77 82 20 61 34 85
18 65 96 90 9 49 77 55 78 42
51 50 72 84 81 96 90 46 88 36
17 32 88 79 100 94 84 54 14 98
61 98 52 64 43 58 6 37 33 81
73 7 42 85 74 57 5 44 1 97
11 67 31 37 8 86 39 48 32 99
36 64 89 46 42 13 10 31 28 10
74 82 81 56 12 95 35 32 85 21
23 32 22 87 66 96 26 93 100 69
10 10 14
94 93 93 92 92 94 90 91 93 89
92 93 92 93 91 89 93 91 92 94
91 89 0 93 94 89 92 92 89 90
89 90 0 0 0 89 92 92 91 89
90 0 0 93 0 0 0 0 92 93
0 0 94 89 89 0 0 0 0 89
0 91 91 91 92 94 91 92 0 0
0 90 94 93 91 89 89 91 90 0
0 90 94 90 94 92 92 92 93 90
89 92 89 89 89 90 90 89 92 94
9 6 100
92 0 86 41 52 82
70 57 64 43 56 79
26 98 29 56 64 23
8 13 81 69 27 79
46 9 77 55 52 43
13 98 11 89 23 63
83 70 63 48 47 2
61 98 74 96 8 65
1 12 12 91 95 100
1 1 11
13
6 8 1
72 71 71 73 71 73 71 71
74 72 72 71 71 72 72 72
72 71 73 71 0 0 72 71
74 72 0 72 74 71 72 72
71 71 74 74 71 74 74 74
74 74 72 71 74 73 72 72
10 8 14
97 95 0 0 95 96 95 95
0 96 0 0 96 98 0 0
0 0 0 0 0 0 0 95
97 96 0 0 96 98 97 97
95 97 98 97 98 97 95 98
96 98 98 97 95 98 98 98
96 97 95 97 97 95 98 95
97 97 98 97 95 97 98 97
97 96 97 97 97 96 96 96
97 95 97 95 95 96 96 96
7 8 4
67 69 66 67 69 65 65 69
69 68 65 69 65 66 68 69
66 67 68 65 69 66 67 66
68 67 68 68 64 67 69 64
67 66 64 67 64 67 67 68
69 68 69 69 67 64 66 66
68 64 67 68 69 68 67 64
7 8 13
52 54 55 53 52 54 52 55
55 52 54 52 55 54 53 54
0 52 52 52 55 53 55 55
0 0 53 54 0 0 0 0
0 0 0 52 0 52 0 52
55 54 0 0 0 54 54 53
52 55 0 0 0 55 54 55
8 9 4
14 2 32 8 4 4 26 1 13
7 27 31 1 16 2 7 8 20
31 6 8 22 27 1 25 13 22
13 31 14 19 11 3 20 25 4
16 2 15 21 11 25 65 24 17
32 25 20 8 22 10 14 13 22
32 4 33 23 6 19 27 21 22
26 11 27 26 11 4 3 21 19
6 10 1
10 25 13 10 28 20 28 15 20 2
32 5 16 11 8 32 21 31 16 17
19 27 32 27 30 15 32 9 7 10
33 5 0 14 83 15 27 33 3 13
16 31 24 10 24 3 9 11 12 9
5 6 31 13 2 1 30 32 19 1
8 6 2
77 80 80 80 78 77
78 81 78 79 77 79
77 77 0 81 77 80
81 81 81 78 78 77
78 78 0 0 78 81
79 77 0 81 77 81
81 80 78 79 80 78
81 81 80 81 78 79
5 7 17
0 0 0 0 0 0 0
0 0 0 0 0 0 0
0 0 0 0 0 0 0
0 0 0 0 0 0 0
0 0 0 0 0 0 0
8 5 1
68 67 66 69 66
69 67 69 69 69
69 66 0 71 67
67 71 70 71 66
69 69 0 66 71
67 71 0 70 68
68 71 67 71 67
68 68 71 68 66
9 6 4
49 48 50 48 46 48
49 50 46 51 46 51
51 47 51 50 46 51
46 47 46 51 51 50
49 50 47 51 48 49
47 47 51 46 46 48
49 50 50 47 50 48
48 48 46 48 51 46
46 49 49 47 49 50
6 5 11
62 64 64 62 61
64 64 65 67 64
62 63 65 67 64
67 63 66 65 66
0 0 0 64 67
62 64 0 0 61
6 10 100
71 76 14 10 51 30 19 8 97 26
2 38 79 24 31 49 70 47 40 75
16 47 84 43 22 22 11 78 88 19
72 81 19 34 69 38 11 73 27 23
15 0 89 85 21 77 96 21 91 27
15 27 32 15 59 66 53 57 49 58
5 5 1
100 100 100 100 100
100 100 50 100 100
100 50 50 50 100
100 100 50 100 100
100 100 100 100 100
8 9 19
55 57 59 55 57 58 60 56 55
60 60 60 55 56 56 58 60 56
55 57 59 55 55 59 60 60 60
56 58 56 55 56 60 57 55 59
57 59 57 59 56 59 56 57 58
59 59 60 58 56 56 60 57 55
56 60 60 55 59 60 59 59 58
55 57 60 56 57 58 60 55 57
9 6 100
66 10 1 61 93 91
81 62 86 28 90 9
84 73 59 23 3 23
34 97 54 92 19 30
4 100 95 26 12 86
24 87 67 84 3 63
76 45 10 42 0 59
13 99 84 7 77 37
26 51 45 15 18 78
7 6 4
20 1 28 32 32 8
8 3 8 15 32 25
25 11 25 21 13 27
20 5 2 30 7 8
2 23 88 22 8 5
8 13 13 24 30 33
32 10 20 1 15 29
5 6 2
54 55 53 54 53 55
55 55 54 54 54 53
54 51 53 0 53 53
52 54 52 54 52 54
51 55 51 53 52 55
10 10 46
46 42 60 52 45 41 47 58 17 9
78 69 60 97 46 8 17 69 55 28
96 1 60 36 74 36 63 33 60 65
82 65 76 97 46 26 39 45 56 62
20 43 44 100 94 41 73 91 91 31
90 88 7 68 83 48 87 98 20 91
17 62 25 63 86 25 41 78 65 32
0 49 24 84 72 22 16 91 77 2
62 9 26 43 45 19 79 59 2 81
1 66 60 47 56 45 23 98 27 99
7 7 2
6 1 16 30 14 31 16
33 27 15 8 33 5 19
15 15 26 14 7 24 0
19 18 24 10 2 29 10
18 32 28 31 15 1 4
18 3 5 20 28 70 10
10 29 23 12 12 30 32
10 10 39
98 60 60 54 50 14 91 30 100 98
78 26 97 45 53 37 96 14 35 70
45 73 38 57 5 31 17 15 83 75
100 3 43 95 24 21 82 95 10 49
91 65 71 86 92 68 83 13 57 2
72 68 6 3 88 93 13 72 4 10
74 58 29 40 27 57 62 60 55 23
94 52 5 16 19 18 17 50 19 55
92 45 16 89 13 50 17 20 22 6
19 34 18 68 60 46 2 48 12 31
7 10 5
90 90 92 91 89 90 92 91 91 88
93 93 91 92 88 93 93 90 88 92
89 92 91 0 0 0 89 89 90 91
92 88 0 93 0 92 0 0 91 92
90 92 91 0 0 0 0 89 91 91
93 90 93 92 91 91 88 89 90 89
90 91 92 92 89 92 90 89 92 92
10 10 100
100 100 100 100 100 100 100 100 100 100
100 100 100 100 100 100 100 100 100 100
100 100 100 100 100 100 100 100 100 100
100 100 100 100 100 100 100 100 100 100
100 100 100 100 100 100 100 100 100 100
100 100 100 100 100 100 100 100 100 100
100 100 100 100 100 100 100 100 100 100
100 100 100 100 100 100 100 100 100 100
100 100 100 100 100 100 100 100 100 100
100 100 100 100 100 100 100 100 100 100
8 8 13
67 68 73 67 68 71 67 67
71 70 73 72 68 67 73 71
73 69 68 72 67 73 68 69
69 70 72 67 67 67 68 73
68 71 67 68 68 68 70 71
73 70 69 68 72 71 69 70
73 72 69 69 72 73 68 68
67 68 71 73 71 67 68 72
10 6 3
49 54 51 51 52 49
53 50 54 54 50 49
54 53 51 53 51 53
50 50 50 50 53 50
54 50 51 52 49 49
54 50 49 53 50 51
51 51 51 54 54 49
53 49 52 52 49 51
51 54 50 51 50 54
52 53 50 52 52 53
10 10 1
100 100 100 100 100 100 100 100 100 100
100 100 100 100 100 100 100 100 100 100
100 100 100 100 100 100 100 100 100 100
100 100 100 100 100 100 100 100 100 100
100 100 100 100 100 100 100 100 100 100
100 100 100 100 100 100 100 100 100 100
100 100 100 100 100 100 100 100 100 100
100 100 100 100 100 100 100 100 100 100
100 100 100 100 100 100 100 100 100 100
100 100 100 100 100 100 100 100 100 100
8 9 100
75 99 1 95 66 23 63 44 41
91 93 11 35 31 81 9 45 35
42 72 16 1 90 51 62 3 38
23 18 19 66 44 97 19 33 61
7 10 34 52 89 78 47 20 22
65 70 41 53 30 78 33 15 0
83 9 70 89 73 63 47 78 33
13 48 25 0 83 51 64 90 26
7 7 19
51 50 50 49 52 52 49
54 50 49 48 49 52 51
53 54 51 48 48 53 48
50 50 50 51 53 51 52
53 53 52 50 54 53 54
52 48 52 52 48 54 48
49 48 48 54 48 49 51
6 6 17
92 88 91 88 88 90
91 89 88 90 91 89
88 91 88 92 88 89
92 91 91 89 89 92
92 88 91 90 90 92
88 88 92 88 92 91
