100
10
220238472 224691753
770968360 1070897
222060078 225731229
213423928 -699125511
571809960 -531790999
-29325160 82281481
523892900 397968241
134123366 175551277
-48116654 71558357
79192162 144205493
6
-800120306 681957950
-800120120 681958048
-800120239 681957972
-800120068 681958102
-800120280 681957977
-800120254 681958004
12
147020258 -750755227
-72517221 -798339673
-164966814 -827001171
-384504293 -874585617
83476315 -760216701
-8973278 -788878199
-604041772 -922170063
-292054700 -845924119
-136061164 -807801147
303013794 -712632255
-760035308 -960293035
-320960350 -865124143
12
-925009208 -36137460
-772440393 -166451070
-916286438 -43587840
-801107751 -141965418
-759371601 -177613518
-811208070 -133338432
-759338599 -177641706
-675899870 -248909232
-676514959 -248383866
-744125815 -190635402
-719625813 -211561590
-960399870 -5909232
6
973625803 -742206469
973625853 -742206297
973625617 -742206573
973625685 -742206607
973625710 -742206521
973625753 -742206641
9
-792854600 -141984989
-235519408 -39567011
-37910526 -63252765
-316578122 -114461754
717033548 15479459
240757070 -12043776
-514187004 -90776000
438365952 -35729530
159698356 -86938519
7
-54814608 -795051940
-54814554 -795051908
-54814630 -795051824
-54814478 -795051992
-54814586 -795052056
-54814370 -795051928
-54818142 -795056744
10
176443160 769880190
-366556840 604880190
-47339050 306455052
57223745 338228277
68367191 341614407
-58465120 303074202
-69944683 299585937
290982860 392940450
341443160 226880190
-59427859 302781657
12
712595480 652624383
181048963 723197747
-26464101 376068530
9932969 820852936
144651893 278413341
333966422 403150355
541479486 750279572
523280951 527887369
-8265566 598460733
370363492 847934761
-197580095 473723719
199247498 945589950
6
-450555554 854859417
-450555538 854859392
-450555529 854859493
-450555536 854859619
-450555522 854859367
-450555545 854859518
12
422506676 -670917262
364799573 -420495766
584292863 -382199248
476435405 -574677924
-70408633 -843749636
530364134 -478438586
310870844 -516735104
-182044465 -689567478
-128115736 -593328140
-74187007 -497088802
-289901923 -882046154
37448825 -651270960
6
-924262580 997184757
-924262644 997184781
-924262570 997184815
-924262543 997184774
-924262634 997184839
-924262607 997184798
7
-443610991 -134415379
-443611055 -134415441
-443610903 -134415303
-443616599 -134420340
-443610967 -134415365
-443610847 -134415258
-443611111 -134415486
6
38831677 430667294
-10802841 -464699335
-439764806 301077521
941455331 -198015566
687933619 49938410
368828067 456631750
12
151027914 127200382
12262558 -72947757
915304624 752556822
-126502798 -273095896
475525246 277240490
313276580 202220436
428558626 527496660
289793270 327348521
499008556 152112405
590807292 602516714
776539268 552408683
360243200 -48035734
6
-232172624 -102653401
-232172772 -102653669
-232172724 -102653568
-232172672 -102653502
-232172824 -102653735
-232172720 -102653603
12
-239527535 -966939492
346402291 410737230
-21834197 -747302260
608862421 151197778
368785687 171148888
564095629 630374462
151092349 -48488344
586479025 390786120
631245817 -88390564
173475745 -288076686
541712233 869962804
195859141 -527665028
12
-247461753 658784171
-291984910 551706954
-324790981 791824913
-336508067 444629737
-286126367 725304542
-318932438 965422501
-375172681 511150108
-369314138 684747696
-330649524 618227325
-381031224 337552520
-241603210 832381759
-202938596 765861388
7
845314534 409915040
845304166 409907440
845314701 409915245
845314169 409914825
845314500 409914940
845314401 409914935
845314565 409914845
12
902364353 362985404
902364479 362985452
-97636387 -627016096
902364405 362985302
-97636298 -627016123
902364442 362985377
902364379 362985353
-97636324 -627016072
902364416 362985428
-97636361 -627016147
-97636261 -627016048
-97636335 -627016198
11
-290007339 230380761
-442142296 418262104
-715153373 606751800
-353254296 -32827773
-495813249 484543851
-363451801 321082099
-765979838 689897597
-483303478 469094722
-344888915 298157585
-785710479 289415682
-361030555 318091945
6
982932523 -96674766
982932506 -96674845
982932523 -96674932
982932506 -96674679
982932540 -96674853
982932489 -96674758
8
827523287 -918927234
203603835 -906078280
497106762 924878163
961808152 -634266761
134881989 969914686
-621796594 524345843
890700413 264063568
-53182757 340059219
12
483576778 -681349203
-286423024 648651225
-286423112 648651307
-286423123 648651256
483576866 -681349285
483576767 -681349254
-286423222 648651287
-286423200 648651389
483576690 -681349121
-286423211 648651338
483576668 -681349223
483576679 -681349172
5
866190354 56820499
-551130879 569614077
238868553 -889331608
935159550 786845456
-310724322 965973362
6
-5220470 797748285
-5220402 797748889
-5220423 797748548
-5220410 797748509
-5220406 797748699
-5220438 797748492
11
-397222052 -556941088
-171276950 -423093275
-92409392 836472304
-709130196 7715856
-401051630 -559209695
-806986898 -799682037
342070423 422213569
-232550198 -459390987
-309141758 -504763127
-510968336 -836536174
-343436544 -149927455
10
-978215802 -52520127
-681026502 125491953
-613176474 -168194991
-953450027 -37685787
-903918477 -8017107
-757671208 -122407024
-730558052 95823273
-928684252 -22851447
-630138981 -94773255
-658409826 27596305
6
534843461 19173414
534843653 19173386
534843627 19173252
534843544 19173333
534843435 19173280
534843352 19173361
10
483095486 -438380872
-266420548 911780804
-144572150 839057650
617933993 329677163
-195549541 869482643
749522236 376173664
-280097409 919943607
-230363369 890260687
-293774270 928106410
-321127992 944432016
12
666666666 1000000000
0 0
-666666666 500000000
0 500000000
666666666 -500000000
0 -500000000
-666666666 1000000000
666666666 500000000
666666666 0
-666666666 -500000000
0 1000000000
-666666666 0
12
-241348841 -222927273
360863717 -586993993
-182988099 -204095769
108179279 -528932445
49818537 -547763949
127420749 -662320009
-163746629 -337483333
69060007 -681151513
302502975 -605825497
-105385887 -318651829
185781491 -643488505
-86144417 -452039393
6
10638035 932629986
10637937 932629792
10638149 932630124
10638141 932630152
10637986 932629889
10638051 932629930
12
-528503767 -142753920
-529055975 -142699520
-529582167 -143778235
-527813507 -142821920
-528080939 -143172425
-530954190 -142512520
-529228540 -142682520
-530191955 -143215695
-528641819 -142740320
-528972379 -144340775
-528437515 -143639765
-529734614 -143637600
10
-79454575 267360452
-66082375 272872124
-451918875 113840384
-113918875 925840384
698081125 587840384
-76537025 268562990
117327675 348468962
131368025 354256028
514673375 512244494
360081125 -224159616
12
-104912097 893232923
-549273170 451056635
-565427094 527456986
569711311 23460531
-506085721 590653483
-9475945 -228633765
99978325 635243355
511124188 -38932716
-486282564 611743156
-230514774 49689211
-65747369 -157779109
-67055544 -156131909
12
-134609572 -33320739
256869808 514774082
766390428 377679261
159132460 642838292
86456114 738065337
68301800 761852742
154060050 649484617
212984598 572276407
-546732557 726006041
184699148 609338532
216738368 567357882
-756609572 781679261
12
-119917178 -288493944
-119763458 -288340224
-119696914 -288273680
-119977200 -288553966
-120171153 -288747919
-120372258 -288949024
-119631922 -288208688
-119372258 -288949024
-119372258 -287949024
-119521369 -288098135
-120372258 -287949024
-119547967 -288124733
6
647389164 -831320361
647388884 -831320361
647389001 -831320368
647388838 -831320375
647388792 -831320389
647388908 -831320375
12
1000000000 1000000000
-1000000000 -1000000000
-813845260 -813845260
-1000000000 714507067
-1000000000 1000000000
581725962 581725962
-1000000000 -976207415
-1000000000 -73422692
-1000000000 986881109
591189733 1000000000
-1000000000 713533696
936599538 1000000000
6
-694944917 -147021064
-694944914 -147021068
-694944912 -147021022
-694944910 -147020976
-694944920 -147021060
-694944924 -147021152
6
756314516 298696726
557544222 -82835007
672398447 711912588
840230585 -114519136
442689997 -877582602
641460291 -496050869
11
764040248 536158429
-54547519 681364869
-133480738 47670462
385244308 603420331
-286629359 -715186544
-556405937 741785067
497097397 357704939
916488832 347787342
699616726 -519946669
523580710 660323448
-852238290 472557919
4
-595809458 -75525474
86387618 -178195907
217648822 -183616484
790450813 682512575
6
300775723 487417719
300775789 487417845
300775954 487417629
300776020 487417755
300775844 487417773
300775899 487417701
3
-284108774 -44502817
-769744408 162792192
-824538579 -263992059
6
177236311 6301125
177236401 6301309
177236395 6301217
177236427 6301309
177236279 6301033
177236305 6301033
6
-550923384 357088996
-550923334 357089076
-550923438 357088869
-550923422 357089057
-550923430 357088963
-550923238 357089189
7
673263393 6473891
673263346 6473872
673259835 6468190
673263488 6474130
673263464 6474020
673263370 6473982
673263358 6473927
12
193888846 651543330
234548396 332858352
-135052206 642090914
214218621 492200841
399018922 337584560
378689147 496927049
768619524 28351998
563489448 342310768
29418320 646817122
49748095 487474633
604148998 23625790
933090050 33078206
6
871944588 594355880
871944722 594355835
871944458 594355820
871944584 594355985
871944592 594355775
871944596 594355670
6
285627259 48763224
-144748875 394453674
556066466 -333491698
125690332 12198752
-415188082 776708596
986442600 -679182148
12
-508804839 -913363820
-508330369 -914175362
-508330369 -913876878
-509330369 -914202313
-508330369 -914220687
-509330369 -913619927
-508949446 -914363820
-509210901 -914363820
-508682895 -914363820
-508356094 -913363820
-508437693 -914363820
-509330369 -914038995
12
-268906291 122199072
-268906285 122199152
-628906333 452199025
-628906381 452198898
-628906285 452199152
-268906333 122199025
-628906339 452198945
-268906297 122198992
-268906339 122198945
-628906297 452198992
-268906381 122198898
-628906291 452199072
6
323590496 -750976851
323590444 -750976926
323590512 -750976906
323590479 -750976856
323590497 -750976791
323590516 -750976666
6
430327603 -133444839
430327644 -133444908
430327625 -133444978
430327543 -133444840
430327663 -133444838
430327581 -133444700
10
-655020738 -434630155
-493137401 854893669
786769776 705220952
-373581414 -364374265
-123413126 -301924585
595820702 -122381755
249826091 754804999
173661716 -227765590
64213090 -255087325
-437086196 767857188
6
464758836 164496271
464758842 164496043
464758839 164496157
464758784 164496007
464758810 164496139
464758900 164496079
12
931767078 -852908651
-102107530 -87149880
140025235 -311770019
-559316186 -427538389
-66047393 23823962
-164001795 -277627370
164306915 732731490
-255045991 578303545
58279348 406435268
-166692850 -285909000
-183377391 -337255106
-31063678 131485152
12
58578793 -391684608
439736149 -888227727
117533037 -487645865
303539733 -749121495
49434829 -418092749
253729453 -626752097
-127427903 -130208978
371637941 -818674611
507834357 -957780843
312683697 -722713354
108389073 -514054006
167343317 -610015263
12
-832325146 1000000000
-682739026 -1000000000
-319795194 -1000000000
1000000000 1000000000
1000000000 -1000000000
-1000000000 1000000000
1000000000 -947334529
1000000000 -875474578
1000000000 157880078
-1000000000 -1000000000
-1000000000 669767411
-1000000000 666542884
6
380772382 623951805
380772415 623951885
380772448 623951965
380772440 623951895
380772407 623951815
380772374 623951735
6
-778123225 -62218307
-778123344 -62218233
-778123501 -62218339
-778123425 -62217979
-778123394 -62218151
-778123413 -62218241
7
472922264 -672524713
472924262 -672523963
472924149 -672524024
472924324 -672523953
472923974 -672524095
472924499 -672523882
472924211 -672524014
12
-699744271 -699744271
295559583 295559582
-999999999 -1000000000
-292398475 -292398475
-1000000000 -1000000000
263959940 263959940
-480680384 -480680385
1000000000 999999999
223307174 223307174
990461073 990461073
351066530 351066530
1000000000 1000000000
7
-479232641 809401099
-488356809 820635899
-482574746 806177125
-500823082 828646725
-475890536 812625073
-491698914 817411925
472653755 -215895021
6
-850728601 302688288
-850728819 302688302
-850728646 302688282
-850728691 302688276
-850728755 302688289
-850728729 302688314
12
241958754 48356591
369948791 272883369
495328832 171895879
622013871 233665523
751308906 620949435
497938828 497410147
496633830 334653013
624623867 559179791
752613904 783706569
750003908 458192301
877993945 682719079
623318869 396422657
6
84673318 -683603146
84673344 -683603301
84673286 -683603237
84673312 -683603392
84673254 -683603328
84673370 -683603456
12
232959354 122266696
-23741259 -719341939
252611316 488924284
235341410 166710040
242189821 294484654
232363840 111155860
249038232 422259268
249931503 438925522
242785335 305595490
229386270 55601680
255886643 550033882
167008238 553272654
10
-974261739 504351317
336986596 -917824757
-106434457 -320487145
601055728 564167950
145961704 -695053735
-221246903 411958341
-258719530 710508510
905653499 -40242174
-102432704 507400155
447070477 344024461
12
914257832 36808552
879836104 108633569
933033320 -2368730
892353096 82515381
814121896 245754056
-870878513 909157945
886094600 95574475
804734152 265342697
-248294887 -68600922
701468968 480817748
4267306 -222105730
898611592 69456287
7
220519089 848436596
220519048 848436616
220519130 848436576
220519014 848436428
220518973 848436448
220519164 848436764
220520268 848439908
6
-209011055 -957430510
-209011375 -957430540
-209011535 -957430555
-209011215 -957430525
-209011328 -957430735
-209011262 -957430330
6
59885868 399712890
59885715 399713113
59885781 399713251
59886021 399712667
59885649 399712975
59885835 399712821
7
-335703936 145828840
-335698013 145825717
-335698067 145825803
-335698128 145825848
-335697999 145825799
-335698257 145825897
-335697985 145825881
6
-502374365 375028080
-502374529 375028084
-502374595 375028141
-502374661 375028198
-502374333 375028190
-502374465 375028304
7
-696906775 -716821879
-696906912 -716821810
-696906815 -716821793
-696907182 -716823485
-696907009 -716821827
-696906892 -716821853
-696906969 -716821913
9
-53831995 465553697
36379764 -489571824
-898237305 357782630
354314258 -289125358
-405569447 285923061
750483218 -800772555
-334989916 -550331985
28278069 232178318
-77854902 481543432
6
-983753441 313899362
-983753269 313899556
-983753355 313899459
-983753091 313899488
-983753352 313899328
-983753263 313899294
11
418431108 -235967742
708466329 -557828774
327168741 -134691078
768720096 -624694238
632658996 -473703038
601026843 -438599862
718845033 -569346342
716227173 -566441222
810168741 -670691078
677114316 -523036478
333619689 -141849894
12
456686152 54979978
692202560 -190783814
721642111 -221504288
326851853 194281916
659760263 -118744816
427246601 85700452
613348877 -41675212
396305677 137080188
397807050 116420926
309488397 208582348
644289801 -93054948
690701187 -170124552
7
702927958 876262574
757812710 198968629
9585501 989142174
786695685 -548117497
-352443755 -850863203
678508346 119249613
398579454 -127853406
12
142685105 159713747
-68732132 123880317
-216314895 -743286253
-812858658 -2242823
-708134838 15506977
-863950475 -10902453
10975452 137390077
-978314895 -30286253
62668125 146151547
-619314895 872713747
44595363 143088367
-493328818 51914777
12
755570520 -435215932
533822514 -191524865
424951016 -331827411
588258263 -121373592
257638759 -17985071
646699022 -575518478
701134771 -505367205
203203010 -88136344
479386765 -261676138
810006269 -365064659
312074508 52166202
366510257 122317475
6
713903268 582070463
713903462 582070352
713903321 582070556
713903515 582070445
713903315 582070395
713903468 582070513
10
-323319155 -685193940
-63803186 -632446108
-565309821 366392143
855378188 435157611
-41236580 -627859340
252129298 -568231356
-154069610 -650793180
-233052731 -666846868
-436152185 -708127780
421378843 -533830596
7
560406304 -958026978
560406433 -958026899
560406474 -958026936
560406562 -958026820
560406389 -958026957
560406518 -958026878
560409129 -958022981
6
-342173918 -473429242
-342173827 -473429192
-342173897 -473429224
-342174023 -473429248
-342173946 -473429238
-342173911 -473429264
6
-348639146 -186385427
-348639086 -186385348
-348638856 -186385083
-348638976 -186385241
-348639026 -186385269
-348638941 -186385176
7
-178110168 305723467
-178110142 305723534
-178110078 305723517
-178115136 305724491
-178110296 305723501
-178110232 305723484
-178110206 305723551
7
934198457 164575803
934198437 164575757
934198462 164575798
934198502 164575890
934198552 164575972
934197102 164573792
934198412 164575716
6
905986761 -194672952
905986894 -194672727
905986803 -194672902
905986691 -194673102
905986873 -194672752
905986782 -194672927
10
-475440784 383984116
-511146890 405487135
-311575218 462796687
-147709652 541609258
-347281324 484299706
51862020 598918810
-112003546 520106239
-838878022 247861993
-675012456 326674564
251433692 656228362
12
660599356 402550028
660411182 402450679
659932690 402972187
660599356 402324626
660599356 402333866
660599356 402535302
660599356 402403543
660599356 402353737
660932690 402972187
659932690 401972187
660599356 402362968
660599356 402320053
12
-465527387 -465527388
-707007395 -707007396
1000000000 999999999
297311724 297311723
-106753302 -106753303
281363997 281363997
-965168474 -965168475
-999999999 -1000000000
-400347621 -400347622
1000000000 1000000000
259859558 259859557
-1000000000 -1000000000
6
580379251 -363831915
580379332 -363831833
580379151 -363831961
580379132 -363831925
580379232 -363831879
580379051 -363832007
6
-388751932 -650452447
-388752062 -650452519
-388752050 -650452477
-388752056 -650452498
-388752121 -650452534
-388752180 -650452549
6
-979702654 532174339
-979702708 532174468
-979702756 532174276
-979702786 532174501
-979702888 532174438
-979702834 532174309
11
374221698 202165080
72009759 933942126
396388235 937190390
-607095486 927141696
-867294785 924536110
-809583277 925114022
299978175 658241275
-877706146 -346251441
-848389291 924725426
20268407 933423998
222258685 935446690
