15
1 98
2 99
27
18 18 1
74 74 1
30 30 1
10 10 1
78 78 1
6 6 1
50 50 1
86 86 1
2 2 1
26 26 1
82 82 1
34 34 1
66 66 1
80 50 19
46 46 1
62 62 1
98 98 1
58 58 1
42 42 1
90 90 1
38 38 1
54 54 1
94 94 1
22 22 1
70 70 1
14 14 1
50 20 19
5 5
40 5
6
60 60 35
39 10 1
50 15 1
15 10 1
90 5 4
10 15 1
88 22
72 29
50
98 83 1
42 43 1
10 56 1
84 76 1
33 15 1
10 68 1
62 32 1
89 87 1
91 65 1
75 45 1
90 91 1
39 65 1
69 58 1
92 84 1
81 48 1
93 33 1
5 32 1
95 85 1
14 96 1
72 49 1
37 23 1
57 35 1
58 90 1
73 34 1
82 86 1
87 7 1
64 66 1
35 87 1
58 46 1
44 26 1
89 93 1
56 27 1
96 8 1
47 32 1
26 39 1
10 36 1
81 34 1
71 89 1
47 8 1
88 60 1
54 11 1
60 77 1
7 66 1
66 89 1
84 69 1
64 24 1
69 98 1
52 58 1
68 29 1
18 85 1
47 5
50 7
50
73 17 1
89 10 1
61 36 1
96 75 1
60 38 1
40 18 1
52 24 1
90 20 1
44 7 1
57 10 1
29 48 1
33 31 1
60 63 1
95 72 1
18 49 1
8 52 1
79 42 1
4 14 1
10 46 1
61 31 1
38 57 1
25 43 1
86 61 1
68 79 1
38 17 1
14 52 1
27 73 1
52 2 1
92 22 1
15 72 1
69 10 1
2 69 1
63 26 1
50 25 1
89 94 1
76 5 1
49 52 1
73 35 1
69 44 1
65 81 1
42 92 1
38 48 1
38 52 1
10 56 1
65 14 1
21 79 1
43 42 1
42 14 1
33 83 1
12 33 1
64 60
15 67
30
41 48 2
53 64 3
61 35 2
8 51 2
84 49 3
96 72 1
46 47 1
65 12 3
77 26 2
89 89 3
23 54 1
28 94 1
65 20 3
29 58 3
27 34 3
25 71 1
45 84 2
79 33 3
67 57 3
94 89 1
38 57 3
66 34 3
32 84 1
15 76 1
46 64 3
35 92 1
92 97 1
56 5 2
85 69 2
78 45 3
87 2
84 4
47
6 53 5
93 71 5
77 58 4
42 14 2
38 54 4
69 41 2
97 85 1
18 42 4
16 30 2
41 44 2
91 21 3
6 86 1
3 77 2
8 78 1
26 74 5
95 34 4
68 81 1
67 5 4
93 83 2
65 23 3
20 80 3
86 85 4
4 24 3
62 84 1
7 63 3
72 48 2
22 67 2
28 20 4
11 91 5
92 46 2
28 46 2
80 46 4
54 78 5
76 37 2
74 81 2
77 12 4
11 35 4
51 55 4
68 52 1
53 62 2
68 31 3
23 94 1
43 83 4
29 62 5
69 14 4
47 91 4
59 51 1
42 89
39 88
50
18 90 3
45 82 2
92 42 1
72 21 9
73 58 6
62 82 3
39 46 4
57 29 3
47 21 4
92 15 7
80 39 7
14 73 1
88 62 7
7 27 6
46 50 2
75 68 4
63 70 1
10 50 3
75 83 2
72 95 1
58 65 4
48 90 4
83 91 7
4 10 3
41 78 2
55 73 1
13 63 6
34 26 2
56 85 1
89 83 1
18 26 4
52 83 1
88 27 1
53 51 3
30 93 3
36 69 2
6 80 2
23 12 6
55 13 4
92 37 3
66 49 3
41 9 4
69 10 1
81 31 1
58 40 3
11 81 3
65 91 6
17 39 8
30 82 7
12 15 5
1 30
99 30
48
65 31 1
3 29 1
9 31 1
61 31 1
39 29 1
75 29 1
33 31 1
29 31 1
91 29 1
21 31 1
51 30 1
31 29 1
93 31 1
63 29 1
43 29 1
97 31 1
77 31 1
35 29 1
47 29 1
69 31 1
67 29 1
73 31 1
81 31 1
7 29 1
83 29 1
11 29 1
45 31 1
23 29 1
89 31 1
17 31 1
41 31 1
37 31 1
79 29 1
19 29 1
87 29 1
25 31 1
55 29 1
57 31 1
95 29 1
71 29 1
5 31 1
59 29 1
27 29 1
53 31 1
85 31 1
49 31 1
13 31 1
15 29 1
35 44
60 10
50
22 34 1
35 49 3
43 82 6
21 21 7
12 72 3
85 53 5
32 71 1
15 44 4
54 72 4
61 37 4
75 78 6
91 16 2
41 68 7
47 39 1
79 20 8
52 8 4
68 89 2
48 23 1
64 70 1
87 80 4
28 32 5
83 61 1
20 8 6
33 45 1
41 31 2
59 25 6
55 81 3
63 55 8
17 62 1
80 35 1
49 19 1
41 11 5
73 62 4
13 31 3
9 25 4
8 77 2
46 16 2
49 30 5
83 69 3
14 91 8
75 54 3
81 43 2
72 8 2
49 49 3
44 36 2
22 74 7
12 54 6
89 31 4
36 23 1
32 93 5
50 99
49 1
31
29 50 1
68 50 1
80 50 1
59 50 1
35 50 1
5 50 1
53 50 1
8 50 1
89 50 1
77 50 1
32 50 1
44 50 1
23 50 1
26 50 1
38 50 1
11 50 1
56 50 1
41 50 1
95 50 1
62 50 1
20 50 1
83 50 1
65 50 1
17 50 1
86 50 1
71 50 1
50 50 1
47 50 1
14 50 1
74 50 1
92 50 1
1 1
99 99
3
7 14 5
46 53 5
35 18 13
51 99
47 19
43
36 8 3
98 93 1
11 91 1
90 32 4
86 6 2
21 30 1
96 7 2
95 85 1
95 70 2
63 21 2
33 96 1
20 81 1
96 21 2
23 93 6
57 5 2
8 31 2
9 67 4
15 16 14
70 14 3
97 86 1
61 8 2
6 84 5
91 25 2
78 18 5
43 6 2
53 18 5
87 91 4
32 5 1
17 84 1
17 76 3
15 32 1
17 33 1
6 53 1
15 53 3
13 35 2
37 17 6
7 77 1
95 43 2
79 95 3
74 7 5
8 46 6
56 61 38
86 11 2
77 55
39 13
50
8 95 3
45 4 2
64 7 1
22 8 1
50 88 2
58 4 2
8 4 2
69 51 2
45 52 3
93 98 1
22 31 3
41 9 3
65 5 1
69 57 1
37 79 3
85 42 3
75 32 1
23 67 2
10 71 2
81 22 1
78 87 1
64 96 1
97 12 2
28 91 3
58 98 1
33 81 1
68 25 2
23 12 2
55 94 1
70 36 3
90 37 3
45 79 3
94 44 1
35 57 3
34 23 2
53 16 1
34 95 2
20 72 3
20 61 3
77 20 2
97 66 1
44 62 2
32 46 2
58 39 1
57 77 3
50 38 1
65 22 1
71 10 3
5 2 1
66 70 3
74 96
72 96
49
5 60 3
79 56 1
35 4 2
20 15 1
32 63 16
84 96 1
97 32 2
41 45 1
64 85 5
10 43 3
62 66 1
79 14 1
91 6 2
54 69 5
20 37 4
88 77 3
60 3 2
56 47 10
74 65 9
62 13 2
78 80 5
70 7 6
23 5 2
89 33 6
54 25 4
32 17 11
84 11 4
14 88 9
81 21 1
49 15 5
31 90 3
17 25 4
85 18 3
10 51 3
53 9 1
4 34 2
41 35 7
73 30 10
7 9 6
30 81 2
27 84 2
44 89 10
88 47 7
4 96 1
59 36 1
47 27 1
52 76 2
81 89 1
43 7 2
1 1
99 1
4
3 3 1
19 19 9
7 7 3
55 55 27
