Case #1: 28 29 26 22 23 27 23 20 18 14 12 26 20 19 23 38 32 29 26 24 20 33 21 6 15 10 8 7 5 10 12 22 20 12 23 21 16 14 12 8 13 9 25 23 12
Case #2: 56 54 52 72 67 66 65 64 63 61 60 58 57 34 32 30 29 28 27 26 23 22 21 18 16 27 25 23 21 19 17 16 13 12 11 32 53 47 43 40 38 37 34 5 19 25 23 22 18 16 12 8 -1 -1 -1 -1 -1 -1 -1 -1 -1 -1 -1 -1 23 21 17 16 15 11 9 4 3 44 43 42 41 40 39 33 32 31 30
Case #3: 38 27 19 12 44 39 34 45 44 34 30 29 27 50 53 39
Case #4: 21 22 22 21 20 17 16 15 14 13 11 8 6 5 44 60 56 50 49 65 60 57 24 45 42 41 39 38 31 29 28 27 21 24 23 15 14 13 8 33 50 49 47 45 44 40 39 37 35 26 25 47 44 43 41 38 37 34 32 29 28 32 30 52 47 46 44 43 40 39 37 36 35 1 22 20 19 18 16 15 14 13 10 9 7 5
Case #5: 10 31 31 30 29 27 25 24 23 21 20 19 18 17 16 14 12 11 7 27 25 23 19 18 17 16 15 13 12 11 10 9 16 33 38 37 36 35 34 32 29 28 27 26 25 24 23 22 21 20 19 18 17 1 23 21 20 19 17 12 11 10 9 5 4 3 10 28 25 24 23 22 21 20 19 17 16 14 13 12 9
Case #6: 10 7 4 2 27 42 29 28 37 32 30 22 46 3 15 11 23 45 37 20 9 7 38 36 28 25 27 34 31 29 26 14 54 53 50 47 42 22 18 12 47 27 25 16 13 36 30 27
Case #7: 7 14 26 25 24 23 20 19 17 16 15 13 12 11 10 9 3 3 21 22 18 17 17 16 15 14 11 10 9 8 7 5 4
Case #8: 24 21 20 13 24 30 28 25 44 43 30 27 7 27 25 20 9 27 16 10 21 24 24 15 4 25 23 17 16 15 3 23 19 17 13 12 6 4 43 38 35 33 32 24 26 25 23 21 19 18 14 12 20 33 30 29 22 17 32 29 27 19 17 20 23 16 15 7 6 11 10 15 18 16 14 6 4 21 26 22 16 9 7 1 18 17 15 11 9 8 6 56 72 68 67
Case #9: 24 21 20 19 10 24 22 21 18 16 9 14 23 19 14 12 10 9 8 10 16 27 26 20 19 17 19 18 20 20 21 14 12 8 28 26 22 21 12 22 16 7 21 19 17 12 39 33 31 26
Case #10: 51 32 49 45 64 47 36 25 23 20 8 27 16 11 29 47 12 40 39 28 10 15 8 46 30 37 29 23 24 43 36
Case #11: 8 23 18 10 9 25 21 19 18 8 10 29 27 27 23 19 13 24 18 17 12 26 26 25 13 12 3 13 19 13 21 13 12 10 7
Case #12: 5 21 23 23 22 19 17 11 9 7 6
Case #13: 24 10 5 11 23 22 21 18 15 33 51 48 47 46 45 44 42 37 34 23 23 22 21 20 15 14 11 6 25 24 21 19 16 13 8
Case #14: 29 43 42 40 39 37 35 33 31 28 53 55 54 56 55 51 50 49 47 25 46 45 33 32 29 26 24 42 41 38 35 34 31 29 28 27 42 41 47 58 57 56 49 48 47 46 43 3 23 19 14 13 10 9 8 5 6 24 25 24 20 18 17 16 15 14 13 11 10 8 7 25 45 43 35 28 20 21 22 22 21 20 17 16 11 10 8 7 6
Case #15: 16 12 20 15 13 11 8 37 24 45 59 53 72 68 58 54 12 7 2 48 47 35 48 31 73 70 57 75 67 57 32 52 63 59 58 73 72 43 41 40 7 27 43 45 43
Case #16: 10 15 17 27 24 22 17 22 21 19 17 16 10 9 24 20 19 17 15 13 11 5 18 25 22 21 20 17 12 11 5
Case #17: 55 24 24 41 46 27 24 27 46 35 17 13 30 28 23 16 29 59 50 47
Case #18: 12 16 14 10 10 22 11 27 24 41 10
Case #19: 1 5 6 21 20 19 18 16 15 14 13 12 11 10 9 8 7 5 4 3 2 26 25 24 27 26 25 24 23 22 21 20 19 15 14 13 12 11 9 8 23 28 28 28 26 25 24 22 21 18 17 16 15 14 13 11 10
Case #20: 12 22 21 20 17 13 8 26 24 23 42 42 41 40 38 36 35 34 33 29 28 27 26 10 25 23 22 27 24 23 21 20 18 17 14 9 21 19 15 11 10 9 6 24 21 38 43 38 37 35 34 30 28 27 26 40 40 39 38 37 34 33 32 31 29 28 26
Case #21: 25 13 7 10 18 12 11 22 21 16 15 14 13 12 24 35 32 26 20 19 24 37 34 32 28 24 23 27 26 25 22 14 13 36 35 33 35 33 32 29 25 24 22 19 20 28 38 29 26 25 24 21 26 24 20 21 20 12 18 6 5 3 26 39 35 33 31 30 29 27 26 44 36 35 33 27 27 39 31 29 23 32 23 5 4 13 10 8 7 24 23 25 20 15 14 12 10
Case #22: 25 34 36 24 27 21 27 21 38 1 15
Case #23: 11 19 14 2 19 17 8 10 25 16 22 21 12
Case #24: 24 23 16 9 22 20 19 7 2 9 22 21 12 24 32 27 26 23 22 2 21 19 13 12 3 15 12 11 9 7 4 22 24 23 14 13 10 9 16 24 21 17 16 14 13 27 19 17 14 10 7
Case #25: 49 69 66 65 60 59 58 53 -1 -1 -1 -1 -1 -1 -1 -1 -1 -1 22 25 24 22 21 20 16 11 53 50 49 48 46 44 39 35 34 72 70 91 90 83 74 75 72 71 70 68 67 66 65 64 61 59 56 75 97 96 91 90 87 73 91 83 80 76 -1 -1 -1 -1 -1 -1 -1 -1 -1 -1 -1 -1 -1 -1 -1 -1 -1 -1 -1 89 87 84 79 78
Case #26: 6 21 22 21 24 23 22 22 20 18 17 16 15 13 12 10 9 8 7 8 21 25 24 24 23 22 21 19 18 17 16 15 14 13 12 10 9 3 7 15 21 21 21 20 18 18 17 16 15 14 13 12 11 10 9 8 7 6 5
Case #27: 28 22 21 18 14 22 20 19 17 17 16 15
Case #28: 12 30 30 32 31 30 29 25 24 18 13 8 20 19 18 17 14 12 10 9 6 4 3 2 25 24 23 21 19 18 17 16 15 14 13 12 11 10 9 8 3 7 25 27 26 23 21 20 19 18 17 16 14 13 12 10 9 8 12 24 23 23 22 21 19 18 17 16 15 14 13 12 10 9 8 7 6 5
Case #29: 34 51 39 7 20 47 70 69 60 57 26 43 29 39 70 65 4 43 32 64 57 36 28 24 65 60 49 43 49 50 37 51 50 43 78 74 -1 -1 -1 -1 86 81 80 76 71
Case #30: 15 23 19 6 24 20 9 15 21 20 13 20 23 11 18 25 40 35 16 20 14 32 30 27 22 19 13 8 5 13 11 13 12 10 34 30 21 43 36
Case #31: 24 21 19 14 9 10 26 20 15 12 27 26 12 23 29 14 13 16 19 15 11 10 20 23 22 17 16 12
Case #32: 4 7 24 23 21 20 19 18 17 16 15 14 13 11 9 8 7 6 5 2 18 21 21 20 18 17 15 14 13 12 11 9 8 7 6 5 4 3 4 26 25 25 24 23 21 19 18 17 16 15 14 12 10 9 8 7 6 5
Case #33: 27 26 23 20 19 16 12 10 4 2 20 19 17 15 12 10 9 8 7 25 24 23 20 7 5 5 24 25 24 20 12 7 26 38 32 21 27 23 22 25 23 21 19 17 10 24 38 34 33 27 24 23 36 34 30 25 35 40 38 37 35 32 27 25 24 38 29 28 24 39 34 16 23 15 8 12 9 22 25 19 13 23 26 14
Case #34: 17 19 25 26 25 23 17 13 12 10 13 22 19 18 16 14 12 11 10 3 19 28 27 25 23 22 21 20 19 18 17 16 11 5 24 22 19 17 16 14 11 10 8 22 21 18 13 12 9 8 6 3 7 16 25 18 17 16 15 8 25 27 26 24 22 13 12 11 9
Case #35: 20 16 13 10 9 7 24 22 14 12 11 10 7 10 28 27 26 25 21 20 16 14 13 11 26 25 24 23 18 17 16 15 13 6 5 23 15
Case #36: 24 19 16 15 14 11 26 29 28 27 25 23 22 20 18 16 14 13 11 10 28 30 28 26 22 21 16 14 13 12 9 25 24 25 24 20 19 18 16 14 13
Case #37: 25 26 34 23 20 25 24 23 18 15 9 24 23 21 18 17 4 21 15 5 21 14 12 3 18 9 15 23 23 30 26 22 21 18 26 28 21 15 28 23 22 20 15 14 13 8 24 16 10 20 17 14 10 7 24 23 16 18 19 15 3 22 34 31 23 22 13 10 7 6 18 31 28 27 17 15 11 8 9 24 27 22 16 13 10 16 20 11 8
Case #38: 27 20 19 18 12 9 29 28 25 22 17 16 15 45 43 39 33 29 26 41 34 28 27 30 47 38 37 49 40 39 35 34 25 45 43 41 31 39 54 52 50 46 40 39 37 53 46 42 38 40 38 36 29 73 71 63 62 58 52 51 26 44 38 37 36 29 22 21 13 10 21 18 7 25 22 20 18 10 32 48 47 42 38 31 59 57 55 52
Case #39: 22 19 35 36 29 27 7 23 13 12 21 13 12 8 5 15 10 25 30 18 23 20 17 14 23 21 13 10 8 3 18 28 36 29 16 25 23 20 21 27 26 17 13 9 15 12 8 25 22 35 28 24 21 17 8 6
Case #40: 17 16 9 15 25 17 16 21 12 21 19 14 16 19 13 8 11 15
Case #41: 20 19 17 12 10 5 41 44 43 42 41 37 36 32 29 26 21 20 18 17 13 12 25 24 19 18 15 13 12 26 25 24 23 15 12 11 19 20 19 18 16 14 12 4 25 27 31 43 37 36 34 29 28 27 7 26 22 20 18 16 14
Case #42: 2 8 19 21 20 19 18 17 16 15 14 10 9 7 6 4 3 6 16 27 25 22 21 19 18 17 16 14 13 12 11 8 7
Case #43: 14 20 22 21 19 18 17 16 15 14 10 7 6 5 3 3 11 24 24 23 22 21 20 19 17 15 14 13 12 10 9 8 7 6 5 4 24 31 30 42 41 40 36 34 33 32 30 28 27 26 25 5 11 24 22 21 20 18 16 10 9 8 6 29 30 50 48 47 44 43 41 39 38 32 31 28 27 30 48 44 43 42 41 37 36 35 34 30
Case #44: 8 25 27 27 21 18 16 13 12 9 20 22 18 10 7 22 20 15 10 9 7 2
Case #45: 29 29 48 45 44 42 40 38 36 34 33 31 30 23 29 28 25 24 23 22 20 18 16 15 13 10 19 20 20 17 16 14 13 12 9 6 5 1 15 20 18 14 13 11 9 7 6 4 8 10 26 25 22 20 19 18 17 16 15 11 10 7 25 25 23 18 14 13 11 10 8 6 22 23 22 22 19 18 17 16 15 14 12 11 9 8
Case #46: 26 22 12 11 24 36 22 25 24 21 15 13 23 26 25 24 18 17 7 6 10 25 26 23 12 5 23 18 16 15 14 10 9 18 9 21 17 7 24 22 23 22 44 43 42 40 35 34 7 17 23 20 13 8
Case #47: 21 20 28 24 19 16 13 22 21 12 4 25 29 28 39 38 32 26 29 28 43 42 40 36 32 28 23 20 18 14 8 8 24 18 14 11 26 34 40 39 36 34 33 29 9 18 22 24 21 19 18 15 11 16 16 24 10
Case #48: 46 33 29 26 20 7 33 37 32 50 23 17 40 37 28
Case #49: 25 11 26 14 46 47 40 42 39 37 33 32
Case #50: 25 24 42 34 32 30 28 27 4 22 20 14 7 5 25 27 20 20 16 13 11 9 8 6 3 28 26 16 14 28 29 29 27 21 24 24 22 18 17 16 12 9 17 11 7 27 24 22 18 17 16 14 18 14 13 12 11 26 26 21 20 19 24 26 30 42 40 39 36 34 33 31 28 26
Case #51: 17 16 14 13 11 10 9 8 7 2 15 19 20 15 14 13 12 10 9 8 7 6 5 3 5 24 23 20 19 15 14 12 9 8 6 26 25 25 24 23 20 19 18 14 13 11 10 7 6 5
Case #52: 8 9 15 21 19 25 24 22 19 17 16 15 14 13 11 10 9 1 6 7 9 18 18 17 16 14 13 11 9 8 6 4 3 22 21 20 19 15 13 11 10 9 8 5 5 19 18 21 21 20 19 18 17 16 15 13 12 10 8 7 6
Case #53: 41 39 37 36 33 18 17 11 23 24 27 6 24 23 18 17 16 12 14 32 23 13
Case #54: 19 15 8 10 19 16 12 11 10 12 10
Case #55: 40 39 14 25 22 21 19 18 24 14 13 4 25 24 21 20 19 11 42 36 34 31 28 25 24 35 36 33 31 23 34 33 43 36 32 49 44 37 35 33 29 28 46 43 41 38 35 34 26 40 23 10 46 45 37 27 46 29 32 31 44 43 40 41 37 47 45 35 46 45 63 60 56 52 51 46 48 38 35 31 32 47 40 37 36 35
Case #56: 4 21 21 24 23 23 22 21 20 19 18 16 13 11 10 8 5 7 27 26 28 27 26 25 24 22 21 19 18 17 16 15 14 13 12 10 9 8 17 25 24 23 22 21 20 19 18 17 16 15 14 13 11 10 9 7 6
Case #57: 6 8 21 26 25 24 23 22 20 19 18 17 16 15 14 13 12 11 10 9 8 7 10 24 31 30 29 28 27 26 25 24 23 22 21 20 19 18 17 16 15 14 13 12 11
Case #58: 9 11 25 27 25 24 21 19 17 16 15 14 13 11 17 20 19 20 17 16 7 5 11 19 18 18 18 17 16 13 9 6 5 4 3 2
Case #59: 32 43 33 10 18 16 42 34 12 11 28 37 22 8 4 24 23 11 30 16 14 5 31 21
Case #60: 23 20 25 22 20 17 16 11 15 18 22 20 20 16 15 13 30 27 32 31 28 16 27 27 25 23 20 19 18 17 16 13 25 25 22 19 18 16 15 10 8 12 16 18 16 8 23 33 32 30 28 27 24
Case #61: -1 -1 -1 -1 -1 -1 -1 29 48 47 44 43 35 34 30 26 40 46 45 43 39 38 37 32 31 29 27 28 34 33 32 31 30 27 25 24 21 17 24 44 43 42 41 37 35 34 31 28 29 29 28 41 48 47 45 43 41 40 36 34 2 8 19 19 16 15 14 13 12 10 9 6 35 46 56 54 49 45 44 22 19 18 17 15 12 11 5 -1 -1 -1 -1 -1 -1 -1 -1 -1 -1 -1 -1
Case #62: 35 29 25 34 30 16 12 11 25 37 35 27 22 19 26 9
Case #63: 23 22 20 19 18 17 15 13 12 11 10 9 7 5 4 3 2 7 15 26 25 24 23 22 21 20 18 17 16 15 13 12 10 9 8
Case #64: 24 21 24 27 20 21 19 14 6 7 15 21 11 4 9
Case #65: 4 26 26 25 24 22 20 19 18 16 15 14 13 11 10 9 7 5 27 24 23 18 16 14 13 10 9 7 9 31 29 28 24 22 21 20 17 14 13 12 10
Case #66: 43 38 31 30 6 23 14 49 71 62 55 50 24 21 19 18 14 13 6 14 26 23 13 11 44 41 32 29 28 31 30 25 16 10 14 23 20 45 44 37 35 24 15 14 28 49 38 30 29 27 46
Case #67: -1 -1 -1 -1 -1 -1 -1 -1 -1 -1 -1 -1 -1 24 19 18 17 13 9 7 -1 -1 -1 -1 -1 -1 -1 -1 -1 -1 -1 -1 -1 22 19 17 14 13 11 -1 -1 -1 -1 -1 -1 -1 -1 -1 -1 -1 54 55 52 49 45 39 38 -1 -1 -1 -1 -1 -1 -1 -1 -1 -1 -1 -1 -1 -1 -1 -1 -1 -1 -1 -1 -1
Case #68: 22 21 20 11 23 4 26 24 12 19 18 33 37 30 18 23 8
Case #69: 23 23 21 20 18 12 10 15 17 16 10 7 6 5 13 21 19 13 16 14 3 21 18 15 9 4 12 21 13 8 5 6 23 22 13 12 21 20 23 22 18 16 15 11 9 23 26 16 15 12 21 22 26 18 13 12 20 23 20 9 21 21 11 9 7 6
Case #70: 24 25 24 22 21 16 -1 -1 -1 -1 43 26 37 34 44 37 36 25 32 -1 -1 -1 6 19 18 15 12 7 22 16 13 48 39 35 31 47 45 43 37 36 75 71 62 60 -1 -1 -1 -1 76 74 59 97 88 81 78
Case #71: 67 64 62 56 13 19 12 9 5 -1 -1 -1 -1 43 32 45 43 36 19 25 22 19 23 23 20 17 14 41
Case #72: 34 16 24 16 4 1 22 3 -1 50 39 27 29 41 38 35 10 6 26 22 14 24 27 25 18 39 33 27 23 38 35 24 18 -1 -1 -1 -1
Case #73: 8 25 25 45 44 43 42 36 32 31 28 27 26 31 47 46 35 30 29 28 20 40 38 35 33 26 23 25 32 36 31 20 29 44 41 37 33 31 4 24 14 13 5 39 36 30 29 18 23 26 24 21 20 19 18 17 15 10 41 40 39 37 35 34 25 24 23 20 17 15 13 10 7 4 26 25 26 20 19 16 14 22 20 12
Case #74: 14 31 30 24 23 22 12 5 11 21 8 6
Case #75: 9 28 23 20 19 13 11 25 24 17 11 34 28 21 17 26 20 18 17 25 43 39 30 19 16 10 7 27 25 23 12 11 23 14 8 3
Case #76: 1 12 11 22 21 20 19 18 17 16 15 14 13 12 11 10 9 8 7 6 5 4 3 2 10 17 18 17 19 23 28 27 26 25 24 23 22 21 20 19 18 17 15 14 13 12 11 6 24 24 23 24 23 24 23 22 21 20 19 18 17 16 15 14 13 12 11 10 9 8 7
Case #77: 8 15 27 26 25 24 23 22 22 21 20 19 17 16 15 12 11 10 9 8 15 29 28 27 26 25 24 22 21 20 19 18 17 16 15 13 12 10 9 3 22 21 18 16 13 11 8 7 6 4 4 15 17 21 24 23 22 20 19 16 15 14 12 11 8 5 6 16 22 25 24 23 22 21 20 19 18 16 15 14 13 11 8 7
Case #78: 78 77 67 65 25 41 39 27 26 60 51 42 50 32 66 65 57 66 7 48 46 75 74 67 59 79 99 98 82 73 63 61 60 49 57 56 73 63 43 41 35 70 56 49
Case #79: 28 39 34 33 28 26 25 21 42 33 31 26 21 20 19 17 15 14 7 22 20 19 18 16 5 4 12 33 30 29 27 26 22 27 29 18 18 12 11 9 3 23 21 20 14 13 10 6 4 25 26 25 20 18 17 15 14 31 30 25 20 18 28 34 33 32 31 28 25 5 12 19 16 10 8 23 22 18 17 16 15 7 36 42 40 39 38 33
Case #80: 33 32 47 52 50 49 47 45 44 42 41 39 37 34 5 22 22 23 22 21 20 17 16 11 10 8 7 8 20 25 24 23 20 19 17 16 14 13 12 11 10 7 18 24 24 23 22 23 21 20 19 18 17 14 11 10 9 -1 -1 -1 -1 -1 -1 -1 -1 -1 -1 -1 -1 -1 26 25 24 41 40 41 39 38 33 31 30 29 25 29 28 27 39 47 46 44 42 41 36 33 31
Case #81: 28 47 43 36 33 31 30 25 38 22 24 24 24 25 11 53 74 66 43 52 70 62 57 2 3 18 34 55 52 38 34 32 43 37 -1 -1 -1 23 36 26 26 39 34 25 41 31 26 24 38 31 72 93 89 83
Case #82: 18 17 26 29 41 28 26 25 24 21 24 43 41 38 29 28 18 16 10 9 1 19 18 16 12 3 25 9 6 41 40 39 38 36 28 27 24 11 41 37 35 33 24 24 18 11 29 26 23 21 8 26 17 16 14 13 15 23 25 23 17 14
Case #83: 24 30 29 28 27 25 24 23 22 21 20 19 18 17 16 13 12 11 4 11 24 24 23 21 20 19 17 14 13 10 8 5 18 27 26 23 19 18 17 14 13 5 13 25 24 23 22 20 19 17 14 13 11 9 7 6 30 30 30 45 49 47 46 45 43 42 39 38 36 35 34 33 32 31 31 30 32 47 47 45 44 41 38 37 36 34
Case #84: 47 39 31 29 21 17 26 21 15 13 4 46 45 44 26 22 21 34 45 42 28 36 34
Case #85: 25 21 13 16 21 20 52 27 11 52 42 13 47 27 26 28 26 15
Case #86: 9 26 25 23 20 19 17 14 18 19 21 19 18 15 12 11 8 24 34 30 22 24 43 41 39 35 34 31 27 29 41 37 36 30 19 25 27 23 22 20 17 16 15 12 19 7 4 25 41 40 38 35 27 44 46 45 43 40 35 33 32 31 28 48 43 41 38 35 34 32
Case #87: 27 26 46 45 41 40 33 32 29 28 26 18 14 11 28 27 46 39 37 33 29 47 35 33 29 28 25 45 42 35 34 33 29 37 34 33 24 28 27 24 15 14 49 43 38 32 30 63 62 58 56 54 27 27 24 23 21 19 11 64 58 52 9 12 10
Case #88: 28 25 14 13 11 9 22 13 11 30 30 27 23 21 19 18 16 15 11
Case #89: 9 7 14 30 25 44 27 30 24 20 7 39 37 31 35 25 24 24 23 17 13 10 7 16 26 37 26 45 40 38 32 28 21 30 41 34 33 26 16 25 21 20 11 25 43 25 26 37 30
Case #90: 39 38 29 29 24 10 9 32 26 25 12 24 33 27 22 9 10 13 16 25 16 15 9
Case #91: -1 -1 -1 -1 -1 -1 -1 -1 -1 -1 -1 -1 -1 -1 -1 -1 -1 -1 -1 -1
Case #92: 2 19 16 15 5 4 3 22 16 13 13 17 19 22 25 17 16 13 9 7 19 4 3 2 22 7 4 3 8 20 21 19 12 10 17 20 19 17 12 7 4 2 17 13 11 7 2 22 25 24 13 12 7 22 18 19 16 14 12 9 7 4 5 21 20 8 10 28 17 14 20 12 22 22 20 14 9 6
Case #93: 18 17 14 13 8 5 3 24 16 15 9 26 32 35 28 29 28 26 24 21 20 14 12 27 41 46 43 41 40 21 20 25 29 28 20 10 27 24 14 13 11 10 26 39 35 31 27 26 25 48 10 14 22 19 14 11 25 44 45 41 38 36 28 26 27 45 40 37
Case #94: 10 21 23 26 23 21 19 14 23 18 16 23 19 21 16 3 23 4 3 14 16 18 16 15 14 12 8 12 23 19 18 17 13 26 17 9 40 37 35 32 31 27
Case #95: 15 18 25 25 25 22 20 17 16 14 13 12 11 10 17 20 24 21 20 18 17 16 12 11 10 29 28 27 37 44 47 46 45 44 42 41 40 38 37 36 34 33 3 22 19 18 17 16 15 14 12 11 10 9 7 6 4 26 24 30 44 45 42 39 36 35 34 32 30 24 22 26 23 20 17 14 12 10 9 8 4 19 20 19 20 19 18 18 12 11 10 9 7 6
Case #96: 22 8 24 38 34 8 26 22 18 15 14 12 11 7 8 27 20 18 13 11 39 35 37 32 30 29 26 35 27 39 23 23 15 7 46 43 40 33 32 29 33 35 24 45 38 23 22 21 8 22 20 17 15
Case #97: 23 13 11 18 20 20 18 7 19 17 16 10 18 18 9 7 20 26 13 22 18 12 10 6 23 13 5 4
Case #98: 76 72 71 63 55 2 19 15 7 5 4 29 44 43 42 39 36 32 31 30 25 22 18 27 30 27 24 25 48 47 46 45 33 32 31 28 27 50 49 43 37 26 24 21 16 10 24
Case #99: 31 24 14 19 18 17 19 17 16 14 30 27 19 11 27 25 36 39 13 10 2 23 17 34 33 30
Case #100: 4 19 24 23 22 21 20 19 18 17 16 14 13 12 11 10 9 7 6 5 5 10 16 25 24 23 22 22 21 19 18 17 16 15 14 12 11 10 9 8 7 6
