Case #1:
10000000000000011000000000000001 65537 43046722 4294967297 152587890626 2821109907457 33232930569602 281474976710657 1853020188851842 10000000000000001
10000000000000111000000000000011 65537 43046722 4294967297 152587890626 2821109907457 33232930569602 281474976710657 1853020188851842 10000000000000001
10000000000001011000000000000101 65537 43046722 4294967297 152587890626 2821109907457 33232930569602 281474976710657 1853020188851842 10000000000000001
10000000000001111000000000000111 65537 43046722 4294967297 152587890626 2821109907457 33232930569602 281474976710657 1853020188851842 10000000000000001
10000000000010011000000000001001 65537 43046722 4294967297 152587890626 2821109907457 33232930569602 281474976710657 1853020188851842 10000000000000001
10000000000010111000000000001011 65537 43046722 4294967297 152587890626 2821109907457 33232930569602 281474976710657 1853020188851842 10000000000000001
10000000000011011000000000001101 65537 43046722 4294967297 152587890626 2821109907457 33232930569602 281474976710657 1853020188851842 10000000000000001
10000000000011111000000000001111 65537 43046722 4294967297 152587890626 2821109907457 33232930569602 281474976710657 1853020188851842 10000000000000001
10000000000100011000000000010001 65537 43046722 4294967297 152587890626 2821109907457 33232930569602 281474976710657 1853020188851842 10000000000000001
10000000000100111000000000010011 65537 43046722 4294967297 152587890626 2821109907457 33232930569602 281474976710657 1853020188851842 10000000000000001
10000000000101011000000000010101 65537 43046722 4294967297 152587890626 2821109907457 33232930569602 281474976710657 1853020188851842 10000000000000001
10000000000101111000000000010111 65537 43046722 4294967297 152587890626 2821109907457 33232930569602 281474976710657 1853020188851842 10000000000000001
10000000000110011000000000011001 65537 43046722 4294967297 152587890626 2821109907457 33232930569602 281474976710657 1853020188851842 10000000000000001
10000000000110111000000000011011 65537 43046722 4294967297 152587890626 2821109907457 33232930569602 281474976710657 1853020188851842 10000000000000001
10000000000111011000000000011101 65537 43046722 4294967297 152587890626 2821109907457 33232930569602 281474976710657 1853020188851842 10000000000000001
10000000000111111000000000011111 65537 43046722 4294967297 152587890626 2821109907457 33232930569602 281474976710657 1853020188851842 10000000000000001
10000000001000011000000000100001 65537 43046722 4294967297 152587890626 2821109907457 33232930569602 281474976710657 1853020188851842 10000000000000001
10000000001000111000000000100011 65537 43046722 4294967297 152587890626 2821109907457 33232930569602 281474976710657 1853020188851842 10000000000000001
10000000001001011000000000100101 65537 43046722 4294967297 152587890626 2821109907457 33232930569602 281474976710657 1853020188851842 10000000000000001
10000000001001111000000000100111 65537 43046722 4294967297 152587890626 2821109907457 33232930569602 281474976710657 1853020188851842 10000000000000001
10000000001010011000000000101001 65537 43046722 4294967297 152587890626 2821109907457 33232930569602 281474976710657 1853020188851842 10000000000000001
10000000001010111000000000101011 65537 43046722 4294967297 152587890626 2821109907457 33232930569602 281474976710657 1853020188851842 10000000000000001
10000000001011011000000000101101 65537 43046722 4294967297 152587890626 2821109907457 33232930569602 281474976710657 1853020188851842 10000000000000001
10000000001011111000000000101111 65537 43046722 4294967297 152587890626 2821109907457 33232930569602 281474976710657 1853020188851842 10000000000000001
10000000001100011000000000110001 65537 43046722 4294967297 152587890626 2821109907457 33232930569602 281474976710657 1853020188851842 10000000000000001
10000000001100111000000000110011 65537 43046722 4294967297 152587890626 2821109907457 33232930569602 281474976710657 1853020188851842 10000000000000001
10000000001101011000000000110101 65537 43046722 4294967297 152587890626 2821109907457 33232930569602 281474976710657 1853020188851842 10000000000000001
10000000001101111000000000110111 65537 43046722 4294967297 152587890626 2821109907457 33232930569602 281474976710657 1853020188851842 10000000000000001
10000000001110011000000000111001 65537 43046722 4294967297 152587890626 2821109907457 33232930569602 281474976710657 1853020188851842 10000000000000001
10000000001110111000000000111011 65537 43046722 4294967297 152587890626 2821109907457 33232930569602 281474976710657 1853020188851842 10000000000000001
10000000001111011000000000111101 65537 43046722 4294967297 152587890626 2821109907457 33232930569602 281474976710657 1853020188851842 10000000000000001
10000000001111111000000000111111 65537 43046722 4294967297 152587890626 2821109907457 33232930569602 281474976710657 1853020188851842 10000000000000001
10000000010000011000000001000001 65537 43046722 4294967297 152587890626 2821109907457 33232930569602 281474976710657 1853020188851842 10000000000000001
10000000010000111000000001000011 65537 43046722 4294967297 152587890626 2821109907457 33232930569602 281474976710657 1853020188851842 10000000000000001
10000000010001011000000001000101 65537 43046722 4294967297 152587890626 2821109907457 33232930569602 281474976710657 1853020188851842 10000000000000001
10000000010001111000000001000111 65537 43046722 4294967297 152587890626 2821109907457 33232930569602 281474976710657 1853020188851842 10000000000000001
10000000010010011000000001001001 65537 43046722 4294967297 152587890626 2821109907457 33232930569602 281474976710657 1853020188851842 10000000000000001
10000000010010111000000001001011 65537 43046722 4294967297 152587890626 2821109907457 33232930569602 281474976710657 1853020188851842 10000000000000001
10000000010011011000000001001101 65537 43046722 4294967297 152587890626 2821109907457 33232930569602 281474976710657 1853020188851842 10000000000000001
10000000010011111000000001001111 65537 43046722 4294967297 152587890626 2821109907457 33232930569602 281474976710657 1853020188851842 10000000000000001
10000000010100011000000001010001 65537 43046722 4294967297 152587890626 2821109907457 33232930569602 281474976710657 1853020188851842 10000000000000001
10000000010100111000000001010011 65537 43046722 4294967297 152587890626 2821109907457 33232930569602 281474976710657 1853020188851842 10000000000000001
10000000010101011000000001010101 65537 43046722 4294967297 152587890626 2821109907457 33232930569602 281474976710657 1853020188851842 10000000000000001
10000000010101111000000001010111 65537 43046722 4294967297 152587890626 2821109907457 33232930569602 281474976710657 1853020188851842 10000000000000001
10000000010110011000000001011001 65537 43046722 4294967297 152587890626 2821109907457 33232930569602 281474976710657 1853020188851842 10000000000000001
10000000010110111000000001011011 65537 43046722 4294967297 152587890626 2821109907457 33232930569602 281474976710657 1853020188851842 10000000000000001
10000000010111011000000001011101 65537 43046722 4294967297 152587890626 2821109907457 33232930569602 281474976710657 1853020188851842 10000000000000001
10000000010111111000000001011111 65537 43046722 4294967297 152587890626 2821109907457 33232930569602 281474976710657 1853020188851842 10000000000000001
10000000011000011000000001100001 65537 43046722 4294967297 152587890626 2821109907457 33232930569602 281474976710657 1853020188851842 10000000000000001
10000000011000111000000001100011 65537 43046722 4294967297 152587890626 2821109907457 33232930569602 281474976710657 1853020188851842 10000000000000001
10000000011001011000000001100101 65537 43046722 4294967297 152587890626 2821109907457 33232930569602 281474976710657 1853020188851842 10000000000000001
10000000011001111000000001100111 65537 43046722 4294967297 152587890626 2821109907457 33232930569602 281474976710657 1853020188851842 10000000000000001
10000000011010011000000001101001 65537 43046722 4294967297 152587890626 2821109907457 33232930569602 281474976710657 1853020188851842 10000000000000001
10000000011010111000000001101011 65537 43046722 4294967297 152587890626 2821109907457 33232930569602 281474976710657 1853020188851842 10000000000000001
10000000011011011000000001101101 65537 43046722 4294967297 152587890626 2821109907457 33232930569602 281474976710657 1853020188851842 10000000000000001
10000000011011111000000001101111 65537 43046722 4294967297 152587890626 2821109907457 33232930569602 281474976710657 1853020188851842 10000000000000001
10000000011100011000000001110001 65537 43046722 4294967297 152587890626 2821109907457 33232930569602 281474976710657 1853020188851842 10000000000000001
10000000011100111000000001110011 65537 43046722 4294967297 152587890626 2821109907457 33232930569602 281474976710657 1853020188851842 10000000000000001
10000000011101011000000001110101 65537 43046722 4294967297 152587890626 2821109907457 33232930569602 281474976710657 1853020188851842 10000000000000001
10000000011101111000000001110111 65537 43046722 4294967297 152587890626 2821109907457 33232930569602 281474976710657 1853020188851842 10000000000000001
10000000011110011000000001111001 65537 43046722 4294967297 152587890626 2821109907457 33232930569602 281474976710657 1853020188851842 10000000000000001
10000000011110111000000001111011 65537 43046722 4294967297 152587890626 2821109907457 33232930569602 281474976710657 1853020188851842 10000000000000001
10000000011111011000000001111101 65537 43046722 4294967297 152587890626 2821109907457 33232930569602 281474976710657 1853020188851842 10000000000000001
10000000011111111000000001111111 65537 43046722 4294967297 152587890626 2821109907457 33232930569602 281474976710657 1853020188851842 10000000000000001
10000000100000011000000010000001 65537 43046722 4294967297 152587890626 2821109907457 33232930569602 281474976710657 1853020188851842 10000000000000001
10000000100000111000000010000011 65537 43046722 4294967297 152587890626 2821109907457 33232930569602 281474976710657 1853020188851842 10000000000000001
10000000100001011000000010000101 65537 43046722 4294967297 152587890626 2821109907457 33232930569602 281474976710657 1853020188851842 10000000000000001
10000000100001111000000010000111 65537 43046722 4294967297 152587890626 2821109907457 33232930569602 281474976710657 1853020188851842 10000000000000001
10000000100010011000000010001001 65537 43046722 4294967297 152587890626 2821109907457 33232930569602 281474976710657 1853020188851842 10000000000000001
10000000100010111000000010001011 65537 43046722 4294967297 152587890626 2821109907457 33232930569602 281474976710657 1853020188851842 10000000000000001
10000000100011011000000010001101 65537 43046722 4294967297 152587890626 2821109907457 33232930569602 281474976710657 1853020188851842 10000000000000001
10000000100011111000000010001111 65537 43046722 4294967297 152587890626 2821109907457 33232930569602 281474976710657 1853020188851842 10000000000000001
10000000100100011000000010010001 65537 43046722 4294967297 152587890626 2821109907457 33232930569602 281474976710657 1853020188851842 10000000000000001
10000000100100111000000010010011 65537 43046722 4294967297 152587890626 2821109907457 33232930569602 281474976710657 1853020188851842 10000000000000001
10000000100101011000000010010101 65537 43046722 4294967297 152587890626 2821109907457 33232930569602 281474976710657 1853020188851842 10000000000000001
10000000100101111000000010010111 65537 43046722 4294967297 152587890626 2821109907457 33232930569602 281474976710657 1853020188851842 10000000000000001
10000000100110011000000010011001 65537 43046722 4294967297 152587890626 2821109907457 33232930569602 281474976710657 1853020188851842 10000000000000001
10000000100110111000000010011011 65537 43046722 4294967297 152587890626 2821109907457 33232930569602 281474976710657 1853020188851842 10000000000000001
10000000100111011000000010011101 65537 43046722 4294967297 152587890626 2821109907457 33232930569602 281474976710657 1853020188851842 10000000000000001
10000000100111111000000010011111 65537 43046722 4294967297 152587890626 2821109907457 33232930569602 281474976710657 1853020188851842 10000000000000001
10000000101000011000000010100001 65537 43046722 4294967297 152587890626 2821109907457 33232930569602 281474976710657 1853020188851842 10000000000000001
10000000101000111000000010100011 65537 43046722 4294967297 152587890626 2821109907457 33232930569602 281474976710657 1853020188851842 10000000000000001
10000000101001011000000010100101 65537 43046722 4294967297 152587890626 2821109907457 33232930569602 281474976710657 1853020188851842 10000000000000001
10000000101001111000000010100111 65537 43046722 4294967297 152587890626 2821109907457 33232930569602 281474976710657 1853020188851842 10000000000000001
10000000101010011000000010101001 65537 43046722 4294967297 152587890626 2821109907457 33232930569602 281474976710657 1853020188851842 10000000000000001
10000000101010111000000010101011 65537 43046722 4294967297 152587890626 2821109907457 33232930569602 281474976710657 1853020188851842 10000000000000001
10000000101011011000000010101101 65537 43046722 4294967297 152587890626 2821109907457 33232930569602 281474976710657 1853020188851842 10000000000000001
10000000101011111000000010101111 65537 43046722 4294967297 152587890626 2821109907457 33232930569602 281474976710657 1853020188851842 10000000000000001
10000000101100011000000010110001 65537 43046722 4294967297 152587890626 2821109907457 33232930569602 281474976710657 1853020188851842 10000000000000001
10000000101100111000000010110011 65537 43046722 4294967297 152587890626 2821109907457 33232930569602 281474976710657 1853020188851842 10000000000000001
10000000101101011000000010110101 65537 43046722 4294967297 152587890626 2821109907457 33232930569602 281474976710657 1853020188851842 10000000000000001
10000000101101111000000010110111 65537 43046722 4294967297 152587890626 2821109907457 33232930569602 281474976710657 1853020188851842 10000000000000001
10000000101110011000000010111001 65537 43046722 4294967297 152587890626 2821109907457 33232930569602 281474976710657 1853020188851842 10000000000000001
10000000101110111000000010111011 65537 43046722 4294967297 152587890626 2821109907457 33232930569602 281474976710657 1853020188851842 10000000000000001
10000000101111011000000010111101 65537 43046722 4294967297 152587890626 2821109907457 33232930569602 281474976710657 1853020188851842 10000000000000001
10000000101111111000000010111111 65537 43046722 4294967297 152587890626 2821109907457 33232930569602 281474976710657 1853020188851842 10000000000000001
10000000110000011000000011000001 65537 43046722 4294967297 152587890626 2821109907457 33232930569602 281474976710657 1853020188851842 10000000000000001
10000000110000111000000011000011 65537 43046722 4294967297 152587890626 2821109907457 33232930569602 281474976710657 1853020188851842 10000000000000001
10000000110001011000000011000101 65537 43046722 4294967297 152587890626 2821109907457 33232930569602 281474976710657 1853020188851842 10000000000000001
10000000110001111000000011000111 65537 43046722 4294967297 152587890626 2821109907457 33232930569602 281474976710657 1853020188851842 10000000000000001
10000000110010011000000011001001 65537 43046722 4294967297 152587890626 2821109907457 33232930569602 281474976710657 1853020188851842 10000000000000001
10000000110010111000000011001011 65537 43046722 4294967297 152587890626 2821109907457 33232930569602 281474976710657 1853020188851842 10000000000000001
10000000110011011000000011001101 65537 43046722 4294967297 152587890626 2821109907457 33232930569602 281474976710657 1853020188851842 10000000000000001
10000000110011111000000011001111 65537 43046722 4294967297 152587890626 2821109907457 33232930569602 281474976710657 1853020188851842 10000000000000001
10000000110100011000000011010001 65537 43046722 4294967297 152587890626 2821109907457 33232930569602 281474976710657 1853020188851842 10000000000000001
10000000110100111000000011010011 65537 43046722 4294967297 152587890626 2821109907457 33232930569602 281474976710657 1853020188851842 10000000000000001
10000000110101011000000011010101 65537 43046722 4294967297 152587890626 2821109907457 33232930569602 281474976710657 1853020188851842 10000000000000001
10000000110101111000000011010111 65537 43046722 4294967297 152587890626 2821109907457 33232930569602 281474976710657 1853020188851842 10000000000000001
10000000110110011000000011011001 65537 43046722 4294967297 152587890626 2821109907457 33232930569602 281474976710657 1853020188851842 10000000000000001
10000000110110111000000011011011 65537 43046722 4294967297 152587890626 2821109907457 33232930569602 281474976710657 1853020188851842 10000000000000001
10000000110111011000000011011101 65537 43046722 4294967297 152587890626 2821109907457 33232930569602 281474976710657 1853020188851842 10000000000000001
10000000110111111000000011011111 65537 43046722 4294967297 152587890626 2821109907457 33232930569602 281474976710657 1853020188851842 10000000000000001
10000000111000011000000011100001 65537 43046722 4294967297 152587890626 2821109907457 33232930569602 281474976710657 1853020188851842 10000000000000001
10000000111000111000000011100011 65537 43046722 4294967297 152587890626 2821109907457 33232930569602 281474976710657 1853020188851842 10000000000000001
10000000111001011000000011100101 65537 43046722 4294967297 152587890626 2821109907457 33232930569602 281474976710657 1853020188851842 10000000000000001
10000000111001111000000011100111 65537 43046722 4294967297 152587890626 2821109907457 33232930569602 281474976710657 1853020188851842 10000000000000001
10000000111010011000000011101001 65537 43046722 4294967297 152587890626 2821109907457 33232930569602 281474976710657 1853020188851842 10000000000000001
10000000111010111000000011101011 65537 43046722 4294967297 152587890626 2821109907457 33232930569602 281474976710657 1853020188851842 10000000000000001
10000000111011011000000011101101 65537 43046722 4294967297 152587890626 2821109907457 33232930569602 281474976710657 1853020188851842 10000000000000001
10000000111011111000000011101111 65537 43046722 4294967297 152587890626 2821109907457 33232930569602 281474976710657 1853020188851842 10000000000000001
10000000111100011000000011110001 65537 43046722 4294967297 152587890626 2821109907457 33232930569602 281474976710657 1853020188851842 10000000000000001
10000000111100111000000011110011 65537 43046722 4294967297 152587890626 2821109907457 33232930569602 281474976710657 1853020188851842 10000000000000001
10000000111101011000000011110101 65537 43046722 4294967297 152587890626 2821109907457 33232930569602 281474976710657 1853020188851842 10000000000000001
10000000111101111000000011110111 65537 43046722 4294967297 152587890626 2821109907457 33232930569602 281474976710657 1853020188851842 10000000000000001
10000000111110011000000011111001 65537 43046722 4294967297 152587890626 2821109907457 33232930569602 281474976710657 1853020188851842 10000000000000001
10000000111110111000000011111011 65537 43046722 4294967297 152587890626 2821109907457 33232930569602 281474976710657 1853020188851842 10000000000000001
10000000111111011000000011111101 65537 43046722 4294967297 152587890626 2821109907457 33232930569602 281474976710657 1853020188851842 10000000000000001
10000000111111111000000011111111 65537 43046722 4294967297 152587890626 2821109907457 33232930569602 281474976710657 1853020188851842 10000000000000001
10000001000000011000000100000001 65537 43046722 4294967297 152587890626 2821109907457 33232930569602 281474976710657 1853020188851842 10000000000000001
10000001000000111000000100000011 65537 43046722 4294967297 152587890626 2821109907457 33232930569602 281474976710657 1853020188851842 10000000000000001
10000001000001011000000100000101 65537 43046722 4294967297 152587890626 2821109907457 33232930569602 281474976710657 1853020188851842 10000000000000001
10000001000001111000000100000111 65537 43046722 4294967297 152587890626 2821109907457 33232930569602 281474976710657 1853020188851842 10000000000000001
10000001000010011000000100001001 65537 43046722 4294967297 152587890626 2821109907457 33232930569602 281474976710657 1853020188851842 10000000000000001
10000001000010111000000100001011 65537 43046722 4294967297 152587890626 2821109907457 33232930569602 281474976710657 1853020188851842 10000000000000001
10000001000011011000000100001101 65537 43046722 4294967297 152587890626 2821109907457 33232930569602 281474976710657 1853020188851842 10000000000000001
10000001000011111000000100001111 65537 43046722 4294967297 152587890626 2821109907457 33232930569602 281474976710657 1853020188851842 10000000000000001
10000001000100011000000100010001 65537 43046722 4294967297 152587890626 2821109907457 33232930569602 281474976710657 1853020188851842 10000000000000001
10000001000100111000000100010011 65537 43046722 4294967297 152587890626 2821109907457 33232930569602 281474976710657 1853020188851842 10000000000000001
10000001000101011000000100010101 65537 43046722 4294967297 152587890626 2821109907457 33232930569602 281474976710657 1853020188851842 10000000000000001
10000001000101111000000100010111 65537 43046722 4294967297 152587890626 2821109907457 33232930569602 281474976710657 1853020188851842 10000000000000001
10000001000110011000000100011001 65537 43046722 4294967297 152587890626 2821109907457 33232930569602 281474976710657 1853020188851842 10000000000000001
10000001000110111000000100011011 65537 43046722 4294967297 152587890626 2821109907457 33232930569602 281474976710657 1853020188851842 10000000000000001
10000001000111011000000100011101 65537 43046722 4294967297 152587890626 2821109907457 33232930569602 281474976710657 1853020188851842 10000000000000001
10000001000111111000000100011111 65537 43046722 4294967297 152587890626 2821109907457 33232930569602 281474976710657 1853020188851842 10000000000000001
10000001001000011000000100100001 65537 43046722 4294967297 152587890626 2821109907457 33232930569602 281474976710657 1853020188851842 10000000000000001
10000001001000111000000100100011 65537 43046722 4294967297 152587890626 2821109907457 33232930569602 281474976710657 1853020188851842 10000000000000001
10000001001001011000000100100101 65537 43046722 4294967297 152587890626 2821109907457 33232930569602 281474976710657 1853020188851842 10000000000000001
10000001001001111000000100100111 65537 43046722 4294967297 152587890626 2821109907457 33232930569602 281474976710657 1853020188851842 10000000000000001
10000001001010011000000100101001 65537 43046722 4294967297 152587890626 2821109907457 33232930569602 281474976710657 1853020188851842 10000000000000001
10000001001010111000000100101011 65537 43046722 4294967297 152587890626 2821109907457 33232930569602 281474976710657 1853020188851842 10000000000000001
10000001001011011000000100101101 65537 43046722 4294967297 152587890626 2821109907457 33232930569602 281474976710657 1853020188851842 10000000000000001
10000001001011111000000100101111 65537 43046722 4294967297 152587890626 2821109907457 33232930569602 281474976710657 1853020188851842 10000000000000001
10000001001100011000000100110001 65537 43046722 4294967297 152587890626 2821109907457 33232930569602 281474976710657 1853020188851842 10000000000000001
10000001001100111000000100110011 65537 43046722 4294967297 152587890626 2821109907457 33232930569602 281474976710657 1853020188851842 10000000000000001
10000001001101011000000100110101 65537 43046722 4294967297 152587890626 2821109907457 33232930569602 281474976710657 1853020188851842 10000000000000001
10000001001101111000000100110111 65537 43046722 4294967297 152587890626 2821109907457 33232930569602 281474976710657 1853020188851842 10000000000000001
10000001001110011000000100111001 65537 43046722 4294967297 152587890626 2821109907457 33232930569602 281474976710657 1853020188851842 10000000000000001
10000001001110111000000100111011 65537 43046722 4294967297 152587890626 2821109907457 33232930569602 281474976710657 1853020188851842 10000000000000001
10000001001111011000000100111101 65537 43046722 4294967297 152587890626 2821109907457 33232930569602 281474976710657 1853020188851842 10000000000000001
10000001001111111000000100111111 65537 43046722 4294967297 152587890626 2821109907457 33232930569602 281474976710657 1853020188851842 10000000000000001
10000001010000011000000101000001 65537 43046722 4294967297 152587890626 2821109907457 33232930569602 281474976710657 1853020188851842 10000000000000001
10000001010000111000000101000011 65537 43046722 4294967297 152587890626 2821109907457 33232930569602 281474976710657 1853020188851842 10000000000000001
10000001010001011000000101000101 65537 43046722 4294967297 152587890626 2821109907457 33232930569602 281474976710657 1853020188851842 10000000000000001
10000001010001111000000101000111 65537 43046722 4294967297 152587890626 2821109907457 33232930569602 281474976710657 1853020188851842 10000000000000001
10000001010010011000000101001001 65537 43046722 4294967297 152587890626 2821109907457 33232930569602 281474976710657 1853020188851842 10000000000000001
10000001010010111000000101001011 65537 43046722 4294967297 152587890626 2821109907457 33232930569602 281474976710657 1853020188851842 10000000000000001
10000001010011011000000101001101 65537 43046722 4294967297 152587890626 2821109907457 33232930569602 281474976710657 1853020188851842 10000000000000001
10000001010011111000000101001111 65537 43046722 4294967297 152587890626 2821109907457 33232930569602 281474976710657 1853020188851842 10000000000000001
10000001010100011000000101010001 65537 43046722 4294967297 152587890626 2821109907457 33232930569602 281474976710657 1853020188851842 10000000000000001
10000001010100111000000101010011 65537 43046722 4294967297 152587890626 2821109907457 33232930569602 281474976710657 1853020188851842 10000000000000001
10000001010101011000000101010101 65537 43046722 4294967297 152587890626 2821109907457 33232930569602 281474976710657 1853020188851842 10000000000000001
10000001010101111000000101010111 65537 43046722 4294967297 152587890626 2821109907457 33232930569602 281474976710657 1853020188851842 10000000000000001
10000001010110011000000101011001 65537 43046722 4294967297 152587890626 2821109907457 33232930569602 281474976710657 1853020188851842 10000000000000001
10000001010110111000000101011011 65537 43046722 4294967297 152587890626 2821109907457 33232930569602 281474976710657 1853020188851842 10000000000000001
10000001010111011000000101011101 65537 43046722 4294967297 152587890626 2821109907457 33232930569602 281474976710657 1853020188851842 10000000000000001
10000001010111111000000101011111 65537 43046722 4294967297 152587890626 2821109907457 33232930569602 281474976710657 1853020188851842 10000000000000001
10000001011000011000000101100001 65537 43046722 4294967297 152587890626 2821109907457 33232930569602 281474976710657 1853020188851842 10000000000000001
10000001011000111000000101100011 65537 43046722 4294967297 152587890626 2821109907457 33232930569602 281474976710657 1853020188851842 10000000000000001
10000001011001011000000101100101 65537 43046722 4294967297 152587890626 2821109907457 33232930569602 281474976710657 1853020188851842 10000000000000001
10000001011001111000000101100111 65537 43046722 4294967297 152587890626 2821109907457 33232930569602 281474976710657 1853020188851842 10000000000000001
10000001011010011000000101101001 65537 43046722 4294967297 152587890626 2821109907457 33232930569602 281474976710657 1853020188851842 10000000000000001
10000001011010111000000101101011 65537 43046722 4294967297 152587890626 2821109907457 33232930569602 281474976710657 1853020188851842 10000000000000001
10000001011011011000000101101101 65537 43046722 4294967297 152587890626 2821109907457 33232930569602 281474976710657 1853020188851842 10000000000000001
10000001011011111000000101101111 65537 43046722 4294967297 152587890626 2821109907457 33232930569602 281474976710657 1853020188851842 10000000000000001
10000001011100011000000101110001 65537 43046722 4294967297 152587890626 2821109907457 33232930569602 281474976710657 1853020188851842 10000000000000001
10000001011100111000000101110011 65537 43046722 4294967297 152587890626 2821109907457 33232930569602 281474976710657 1853020188851842 10000000000000001
10000001011101011000000101110101 65537 43046722 4294967297 152587890626 2821109907457 33232930569602 281474976710657 1853020188851842 10000000000000001
10000001011101111000000101110111 65537 43046722 4294967297 152587890626 2821109907457 33232930569602 281474976710657 1853020188851842 10000000000000001
10000001011110011000000101111001 65537 43046722 4294967297 152587890626 2821109907457 33232930569602 281474976710657 1853020188851842 10000000000000001
10000001011110111000000101111011 65537 43046722 4294967297 152587890626 2821109907457 33232930569602 281474976710657 1853020188851842 10000000000000001
10000001011111011000000101111101 65537 43046722 4294967297 152587890626 2821109907457 33232930569602 281474976710657 1853020188851842 10000000000000001
10000001011111111000000101111111 65537 43046722 4294967297 152587890626 2821109907457 33232930569602 281474976710657 1853020188851842 10000000000000001
10000001100000011000000110000001 65537 43046722 4294967297 152587890626 2821109907457 33232930569602 281474976710657 1853020188851842 10000000000000001
10000001100000111000000110000011 65537 43046722 4294967297 152587890626 2821109907457 33232930569602 281474976710657 1853020188851842 10000000000000001
10000001100001011000000110000101 65537 43046722 4294967297 152587890626 2821109907457 33232930569602 281474976710657 1853020188851842 10000000000000001
10000001100001111000000110000111 65537 43046722 4294967297 152587890626 2821109907457 33232930569602 281474976710657 1853020188851842 10000000000000001
10000001100010011000000110001001 65537 43046722 4294967297 152587890626 2821109907457 33232930569602 281474976710657 1853020188851842 10000000000000001
10000001100010111000000110001011 65537 43046722 4294967297 152587890626 2821109907457 33232930569602 281474976710657 1853020188851842 10000000000000001
10000001100011011000000110001101 65537 43046722 4294967297 152587890626 2821109907457 33232930569602 281474976710657 1853020188851842 10000000000000001
10000001100011111000000110001111 65537 43046722 4294967297 152587890626 2821109907457 33232930569602 281474976710657 1853020188851842 10000000000000001
10000001100100011000000110010001 65537 43046722 4294967297 152587890626 2821109907457 33232930569602 281474976710657 1853020188851842 10000000000000001
10000001100100111000000110010011 65537 43046722 4294967297 152587890626 2821109907457 33232930569602 281474976710657 1853020188851842 10000000000000001
10000001100101011000000110010101 65537 43046722 4294967297 152587890626 2821109907457 33232930569602 281474976710657 1853020188851842 10000000000000001
10000001100101111000000110010111 65537 43046722 4294967297 152587890626 2821109907457 33232930569602 281474976710657 1853020188851842 10000000000000001
10000001100110011000000110011001 65537 43046722 4294967297 152587890626 2821109907457 33232930569602 281474976710657 1853020188851842 10000000000000001
10000001100110111000000110011011 65537 43046722 4294967297 152587890626 2821109907457 33232930569602 281474976710657 1853020188851842 10000000000000001
10000001100111011000000110011101 65537 43046722 4294967297 152587890626 2821109907457 33232930569602 281474976710657 1853020188851842 10000000000000001
10000001100111111000000110011111 65537 43046722 4294967297 152587890626 2821109907457 33232930569602 281474976710657 1853020188851842 10000000000000001
10000001101000011000000110100001 65537 43046722 4294967297 152587890626 2821109907457 33232930569602 281474976710657 1853020188851842 10000000000000001
10000001101000111000000110100011 65537 43046722 4294967297 152587890626 2821109907457 33232930569602 281474976710657 1853020188851842 10000000000000001
10000001101001011000000110100101 65537 43046722 4294967297 152587890626 2821109907457 33232930569602 281474976710657 1853020188851842 10000000000000001
10000001101001111000000110100111 65537 43046722 4294967297 152587890626 2821109907457 33232930569602 281474976710657 1853020188851842 10000000000000001
10000001101010011000000110101001 65537 43046722 4294967297 152587890626 2821109907457 33232930569602 281474976710657 1853020188851842 10000000000000001
10000001101010111000000110101011 65537 43046722 4294967297 152587890626 2821109907457 33232930569602 281474976710657 1853020188851842 10000000000000001
10000001101011011000000110101101 65537 43046722 4294967297 152587890626 2821109907457 33232930569602 281474976710657 1853020188851842 10000000000000001
10000001101011111000000110101111 65537 43046722 4294967297 152587890626 2821109907457 33232930569602 281474976710657 1853020188851842 10000000000000001
10000001101100011000000110110001 65537 43046722 4294967297 152587890626 2821109907457 33232930569602 281474976710657 1853020188851842 10000000000000001
10000001101100111000000110110011 65537 43046722 4294967297 152587890626 2821109907457 33232930569602 281474976710657 1853020188851842 10000000000000001
10000001101101011000000110110101 65537 43046722 4294967297 152587890626 2821109907457 33232930569602 281474976710657 1853020188851842 10000000000000001
10000001101101111000000110110111 65537 43046722 4294967297 152587890626 2821109907457 33232930569602 281474976710657 1853020188851842 10000000000000001
10000001101110011000000110111001 65537 43046722 4294967297 152587890626 2821109907457 33232930569602 281474976710657 1853020188851842 10000000000000001
10000001101110111000000110111011 65537 43046722 4294967297 152587890626 2821109907457 33232930569602 281474976710657 1853020188851842 10000000000000001
10000001101111011000000110111101 65537 43046722 4294967297 152587890626 2821109907457 33232930569602 281474976710657 1853020188851842 10000000000000001
10000001101111111000000110111111 65537 43046722 4294967297 152587890626 2821109907457 33232930569602 281474976710657 1853020188851842 10000000000000001
10000001110000011000000111000001 65537 43046722 4294967297 152587890626 2821109907457 33232930569602 281474976710657 1853020188851842 10000000000000001
10000001110000111000000111000011 65537 43046722 4294967297 152587890626 2821109907457 33232930569602 281474976710657 1853020188851842 10000000000000001
10000001110001011000000111000101 65537 43046722 4294967297 152587890626 2821109907457 33232930569602 281474976710657 1853020188851842 10000000000000001
10000001110001111000000111000111 65537 43046722 4294967297 152587890626 2821109907457 33232930569602 281474976710657 1853020188851842 10000000000000001
10000001110010011000000111001001 65537 43046722 4294967297 152587890626 2821109907457 33232930569602 281474976710657 1853020188851842 10000000000000001
10000001110010111000000111001011 65537 43046722 4294967297 152587890626 2821109907457 33232930569602 281474976710657 1853020188851842 10000000000000001
10000001110011011000000111001101 65537 43046722 4294967297 152587890626 2821109907457 33232930569602 281474976710657 1853020188851842 10000000000000001
10000001110011111000000111001111 65537 43046722 4294967297 152587890626 2821109907457 33232930569602 281474976710657 1853020188851842 10000000000000001
10000001110100011000000111010001 65537 43046722 4294967297 152587890626 2821109907457 33232930569602 281474976710657 1853020188851842 10000000000000001
10000001110100111000000111010011 65537 43046722 4294967297 152587890626 2821109907457 33232930569602 281474976710657 1853020188851842 10000000000000001
10000001110101011000000111010101 65537 43046722 4294967297 152587890626 2821109907457 33232930569602 281474976710657 1853020188851842 10000000000000001
10000001110101111000000111010111 65537 43046722 4294967297 152587890626 2821109907457 33232930569602 281474976710657 1853020188851842 10000000000000001
10000001110110011000000111011001 65537 43046722 4294967297 152587890626 2821109907457 33232930569602 281474976710657 1853020188851842 10000000000000001
10000001110110111000000111011011 65537 43046722 4294967297 152587890626 2821109907457 33232930569602 281474976710657 1853020188851842 10000000000000001
10000001110111011000000111011101 65537 43046722 4294967297 152587890626 2821109907457 33232930569602 281474976710657 1853020188851842 10000000000000001
10000001110111111000000111011111 65537 43046722 4294967297 152587890626 2821109907457 33232930569602 281474976710657 1853020188851842 10000000000000001
10000001111000011000000111100001 65537 43046722 4294967297 152587890626 2821109907457 33232930569602 281474976710657 1853020188851842 10000000000000001
10000001111000111000000111100011 65537 43046722 4294967297 152587890626 2821109907457 33232930569602 281474976710657 1853020188851842 10000000000000001
10000001111001011000000111100101 65537 43046722 4294967297 152587890626 2821109907457 33232930569602 281474976710657 1853020188851842 10000000000000001
10000001111001111000000111100111 65537 43046722 4294967297 152587890626 2821109907457 33232930569602 281474976710657 1853020188851842 10000000000000001
10000001111010011000000111101001 65537 43046722 4294967297 152587890626 2821109907457 33232930569602 281474976710657 1853020188851842 10000000000000001
10000001111010111000000111101011 65537 43046722 4294967297 152587890626 2821109907457 33232930569602 281474976710657 1853020188851842 10000000000000001
10000001111011011000000111101101 65537 43046722 4294967297 152587890626 2821109907457 33232930569602 281474976710657 1853020188851842 10000000000000001
10000001111011111000000111101111 65537 43046722 4294967297 152587890626 2821109907457 33232930569602 281474976710657 1853020188851842 10000000000000001
10000001111100011000000111110001 65537 43046722 4294967297 152587890626 2821109907457 33232930569602 281474976710657 1853020188851842 10000000000000001
10000001111100111000000111110011 65537 43046722 4294967297 152587890626 2821109907457 33232930569602 281474976710657 1853020188851842 10000000000000001
10000001111101011000000111110101 65537 43046722 4294967297 152587890626 2821109907457 33232930569602 281474976710657 1853020188851842 10000000000000001
10000001111101111000000111110111 65537 43046722 4294967297 152587890626 2821109907457 33232930569602 281474976710657 1853020188851842 10000000000000001
10000001111110011000000111111001 65537 43046722 4294967297 152587890626 2821109907457 33232930569602 281474976710657 1853020188851842 10000000000000001
10000001111110111000000111111011 65537 43046722 4294967297 152587890626 2821109907457 33232930569602 281474976710657 1853020188851842 10000000000000001
10000001111111011000000111111101 65537 43046722 4294967297 152587890626 2821109907457 33232930569602 281474976710657 1853020188851842 10000000000000001
10000001111111111000000111111111 65537 43046722 4294967297 152587890626 2821109907457 33232930569602 281474976710657 1853020188851842 10000000000000001
10000010000000011000001000000001 65537 43046722 4294967297 152587890626 2821109907457 33232930569602 281474976710657 1853020188851842 10000000000000001
10000010000000111000001000000011 65537 43046722 4294967297 152587890626 2821109907457 33232930569602 281474976710657 1853020188851842 10000000000000001
10000010000001011000001000000101 65537 43046722 4294967297 152587890626 2821109907457 33232930569602 281474976710657 1853020188851842 10000000000000001
10000010000001111000001000000111 65537 43046722 4294967297 152587890626 2821109907457 33232930569602 281474976710657 1853020188851842 10000000000000001
10000010000010011000001000001001 65537 43046722 4294967297 152587890626 2821109907457 33232930569602 281474976710657 1853020188851842 10000000000000001
10000010000010111000001000001011 65537 43046722 4294967297 152587890626 2821109907457 33232930569602 281474976710657 1853020188851842 10000000000000001
10000010000011011000001000001101 65537 43046722 4294967297 152587890626 2821109907457 33232930569602 281474976710657 1853020188851842 10000000000000001
10000010000011111000001000001111 65537 43046722 4294967297 152587890626 2821109907457 33232930569602 281474976710657 1853020188851842 10000000000000001
10000010000100011000001000010001 65537 43046722 4294967297 152587890626 2821109907457 33232930569602 281474976710657 1853020188851842 10000000000000001
10000010000100111000001000010011 65537 43046722 4294967297 152587890626 2821109907457 33232930569602 281474976710657 1853020188851842 10000000000000001
10000010000101011000001000010101 65537 43046722 4294967297 152587890626 2821109907457 33232930569602 281474976710657 1853020188851842 10000000000000001
10000010000101111000001000010111 65537 43046722 4294967297 152587890626 2821109907457 33232930569602 281474976710657 1853020188851842 10000000000000001
10000010000110011000001000011001 65537 43046722 4294967297 152587890626 2821109907457 33232930569602 281474976710657 1853020188851842 10000000000000001
10000010000110111000001000011011 65537 43046722 4294967297 152587890626 2821109907457 33232930569602 281474976710657 1853020188851842 10000000000000001
10000010000111011000001000011101 65537 43046722 4294967297 152587890626 2821109907457 33232930569602 281474976710657 1853020188851842 10000000000000001
10000010000111111000001000011111 65537 43046722 4294967297 152587890626 2821109907457 33232930569602 281474976710657 1853020188851842 10000000000000001
10000010001000011000001000100001 65537 43046722 4294967297 152587890626 2821109907457 33232930569602 281474976710657 1853020188851842 10000000000000001
10000010001000111000001000100011 65537 43046722 4294967297 152587890626 2821109907457 33232930569602 281474976710657 1853020188851842 10000000000000001
10000010001001011000001000100101 65537 43046722 4294967297 152587890626 2821109907457 33232930569602 281474976710657 1853020188851842 10000000000000001
10000010001001111000001000100111 65537 43046722 4294967297 152587890626 2821109907457 33232930569602 281474976710657 1853020188851842 10000000000000001
10000010001010011000001000101001 65537 43046722 4294967297 152587890626 2821109907457 33232930569602 281474976710657 1853020188851842 10000000000000001
10000010001010111000001000101011 65537 43046722 4294967297 152587890626 2821109907457 33232930569602 281474976710657 1853020188851842 10000000000000001
10000010001011011000001000101101 65537 43046722 4294967297 152587890626 2821109907457 33232930569602 281474976710657 1853020188851842 10000000000000001
10000010001011111000001000101111 65537 43046722 4294967297 152587890626 2821109907457 33232930569602 281474976710657 1853020188851842 10000000000000001
10000010001100011000001000110001 65537 43046722 4294967297 152587890626 2821109907457 33232930569602 281474976710657 1853020188851842 10000000000000001
10000010001100111000001000110011 65537 43046722 4294967297 152587890626 2821109907457 33232930569602 281474976710657 1853020188851842 10000000000000001
10000010001101011000001000110101 65537 43046722 4294967297 152587890626 2821109907457 33232930569602 281474976710657 1853020188851842 10000000000000001
10000010001101111000001000110111 65537 43046722 4294967297 152587890626 2821109907457 33232930569602 281474976710657 1853020188851842 10000000000000001
10000010001110011000001000111001 65537 43046722 4294967297 152587890626 2821109907457 33232930569602 281474976710657 1853020188851842 10000000000000001
10000010001110111000001000111011 65537 43046722 4294967297 152587890626 2821109907457 33232930569602 281474976710657 1853020188851842 10000000000000001
10000010001111011000001000111101 65537 43046722 4294967297 152587890626 2821109907457 33232930569602 281474976710657 1853020188851842 10000000000000001
10000010001111111000001000111111 65537 43046722 4294967297 152587890626 2821109907457 33232930569602 281474976710657 1853020188851842 10000000000000001
10000010010000011000001001000001 65537 43046722 4294967297 152587890626 2821109907457 33232930569602 281474976710657 1853020188851842 10000000000000001
10000010010000111000001001000011 65537 43046722 4294967297 152587890626 2821109907457 33232930569602 281474976710657 1853020188851842 10000000000000001
10000010010001011000001001000101 65537 43046722 4294967297 152587890626 2821109907457 33232930569602 281474976710657 1853020188851842 10000000000000001
10000010010001111000001001000111 65537 43046722 4294967297 152587890626 2821109907457 33232930569602 281474976710657 1853020188851842 10000000000000001
10000010010010011000001001001001 65537 43046722 4294967297 152587890626 2821109907457 33232930569602 281474976710657 1853020188851842 10000000000000001
10000010010010111000001001001011 65537 43046722 4294967297 152587890626 2821109907457 33232930569602 281474976710657 1853020188851842 10000000000000001
10000010010011011000001001001101 65537 43046722 4294967297 152587890626 2821109907457 33232930569602 281474976710657 1853020188851842 10000000000000001
10000010010011111000001001001111 65537 43046722 4294967297 152587890626 2821109907457 33232930569602 281474976710657 1853020188851842 10000000000000001
10000010010100011000001001010001 65537 43046722 4294967297 152587890626 2821109907457 33232930569602 281474976710657 1853020188851842 10000000000000001
10000010010100111000001001010011 65537 43046722 4294967297 152587890626 2821109907457 33232930569602 281474976710657 1853020188851842 10000000000000001
10000010010101011000001001010101 65537 43046722 4294967297 152587890626 2821109907457 33232930569602 281474976710657 1853020188851842 10000000000000001
10000010010101111000001001010111 65537 43046722 4294967297 152587890626 2821109907457 33232930569602 281474976710657 1853020188851842 10000000000000001
10000010010110011000001001011001 65537 43046722 4294967297 152587890626 2821109907457 33232930569602 281474976710657 1853020188851842 10000000000000001
10000010010110111000001001011011 65537 43046722 4294967297 152587890626 2821109907457 33232930569602 281474976710657 1853020188851842 10000000000000001
10000010010111011000001001011101 65537 43046722 4294967297 152587890626 2821109907457 33232930569602 281474976710657 1853020188851842 10000000000000001
10000010010111111000001001011111 65537 43046722 4294967297 152587890626 2821109907457 33232930569602 281474976710657 1853020188851842 10000000000000001
10000010011000011000001001100001 65537 43046722 4294967297 152587890626 2821109907457 33232930569602 281474976710657 1853020188851842 10000000000000001
10000010011000111000001001100011 65537 43046722 4294967297 152587890626 2821109907457 33232930569602 281474976710657 1853020188851842 10000000000000001
10000010011001011000001001100101 65537 43046722 4294967297 152587890626 2821109907457 33232930569602 281474976710657 1853020188851842 10000000000000001
10000010011001111000001001100111 65537 43046722 4294967297 152587890626 2821109907457 33232930569602 281474976710657 1853020188851842 10000000000000001
10000010011010011000001001101001 65537 43046722 4294967297 152587890626 2821109907457 33232930569602 281474976710657 1853020188851842 10000000000000001
10000010011010111000001001101011 65537 43046722 4294967297 152587890626 2821109907457 33232930569602 281474976710657 1853020188851842 10000000000000001
10000010011011011000001001101101 65537 43046722 4294967297 152587890626 2821109907457 33232930569602 281474976710657 1853020188851842 10000000000000001
10000010011011111000001001101111 65537 43046722 4294967297 152587890626 2821109907457 33232930569602 281474976710657 1853020188851842 10000000000000001
10000010011100011000001001110001 65537 43046722 4294967297 152587890626 2821109907457 33232930569602 281474976710657 1853020188851842 10000000000000001
10000010011100111000001001110011 65537 43046722 4294967297 152587890626 2821109907457 33232930569602 281474976710657 1853020188851842 10000000000000001
10000010011101011000001001110101 65537 43046722 4294967297 152587890626 2821109907457 33232930569602 281474976710657 1853020188851842 10000000000000001
10000010011101111000001001110111 65537 43046722 4294967297 152587890626 2821109907457 33232930569602 281474976710657 1853020188851842 10000000000000001
10000010011110011000001001111001 65537 43046722 4294967297 152587890626 2821109907457 33232930569602 281474976710657 1853020188851842 10000000000000001
10000010011110111000001001111011 65537 43046722 4294967297 152587890626 2821109907457 33232930569602 281474976710657 1853020188851842 10000000000000001
10000010011111011000001001111101 65537 43046722 4294967297 152587890626 2821109907457 33232930569602 281474976710657 1853020188851842 10000000000000001
10000010011111111000001001111111 65537 43046722 4294967297 152587890626 2821109907457 33232930569602 281474976710657 1853020188851842 10000000000000001
10000010100000011000001010000001 65537 43046722 4294967297 152587890626 2821109907457 33232930569602 281474976710657 1853020188851842 10000000000000001
10000010100000111000001010000011 65537 43046722 4294967297 152587890626 2821109907457 33232930569602 281474976710657 1853020188851842 10000000000000001
10000010100001011000001010000101 65537 43046722 4294967297 152587890626 2821109907457 33232930569602 281474976710657 1853020188851842 10000000000000001
10000010100001111000001010000111 65537 43046722 4294967297 152587890626 2821109907457 33232930569602 281474976710657 1853020188851842 10000000000000001
10000010100010011000001010001001 65537 43046722 4294967297 152587890626 2821109907457 33232930569602 281474976710657 1853020188851842 10000000000000001
10000010100010111000001010001011 65537 43046722 4294967297 152587890626 2821109907457 33232930569602 281474976710657 1853020188851842 10000000000000001
10000010100011011000001010001101 65537 43046722 4294967297 152587890626 2821109907457 33232930569602 281474976710657 1853020188851842 10000000000000001
10000010100011111000001010001111 65537 43046722 4294967297 152587890626 2821109907457 33232930569602 281474976710657 1853020188851842 10000000000000001
10000010100100011000001010010001 65537 43046722 4294967297 152587890626 2821109907457 33232930569602 281474976710657 1853020188851842 10000000000000001
10000010100100111000001010010011 65537 43046722 4294967297 152587890626 2821109907457 33232930569602 281474976710657 1853020188851842 10000000000000001
10000010100101011000001010010101 65537 43046722 4294967297 152587890626 2821109907457 33232930569602 281474976710657 1853020188851842 10000000000000001
10000010100101111000001010010111 65537 43046722 4294967297 152587890626 2821109907457 33232930569602 281474976710657 1853020188851842 10000000000000001
10000010100110011000001010011001 65537 43046722 4294967297 152587890626 2821109907457 33232930569602 281474976710657 1853020188851842 10000000000000001
10000010100110111000001010011011 65537 43046722 4294967297 152587890626 2821109907457 33232930569602 281474976710657 1853020188851842 10000000000000001
10000010100111011000001010011101 65537 43046722 4294967297 152587890626 2821109907457 33232930569602 281474976710657 1853020188851842 10000000000000001
10000010100111111000001010011111 65537 43046722 4294967297 152587890626 2821109907457 33232930569602 281474976710657 1853020188851842 10000000000000001
10000010101000011000001010100001 65537 43046722 4294967297 152587890626 2821109907457 33232930569602 281474976710657 1853020188851842 10000000000000001
10000010101000111000001010100011 65537 43046722 4294967297 152587890626 2821109907457 33232930569602 281474976710657 1853020188851842 10000000000000001
10000010101001011000001010100101 65537 43046722 4294967297 152587890626 2821109907457 33232930569602 281474976710657 1853020188851842 10000000000000001
10000010101001111000001010100111 65537 43046722 4294967297 152587890626 2821109907457 33232930569602 281474976710657 1853020188851842 10000000000000001
10000010101010011000001010101001 65537 43046722 4294967297 152587890626 2821109907457 33232930569602 281474976710657 1853020188851842 10000000000000001
10000010101010111000001010101011 65537 43046722 4294967297 152587890626 2821109907457 33232930569602 281474976710657 1853020188851842 10000000000000001
10000010101011011000001010101101 65537 43046722 4294967297 152587890626 2821109907457 33232930569602 281474976710657 1853020188851842 10000000000000001
10000010101011111000001010101111 65537 43046722 4294967297 152587890626 2821109907457 33232930569602 281474976710657 1853020188851842 10000000000000001
10000010101100011000001010110001 65537 43046722 4294967297 152587890626 2821109907457 33232930569602 281474976710657 1853020188851842 10000000000000001
10000010101100111000001010110011 65537 43046722 4294967297 152587890626 2821109907457 33232930569602 281474976710657 1853020188851842 10000000000000001
10000010101101011000001010110101 65537 43046722 4294967297 152587890626 2821109907457 33232930569602 281474976710657 1853020188851842 10000000000000001
10000010101101111000001010110111 65537 43046722 4294967297 152587890626 2821109907457 33232930569602 281474976710657 1853020188851842 10000000000000001
10000010101110011000001010111001 65537 43046722 4294967297 152587890626 2821109907457 33232930569602 281474976710657 1853020188851842 10000000000000001
10000010101110111000001010111011 65537 43046722 4294967297 152587890626 2821109907457 33232930569602 281474976710657 1853020188851842 10000000000000001
10000010101111011000001010111101 65537 43046722 4294967297 152587890626 2821109907457 33232930569602 281474976710657 1853020188851842 10000000000000001
10000010101111111000001010111111 65537 43046722 4294967297 152587890626 2821109907457 33232930569602 281474976710657 1853020188851842 10000000000000001
10000010110000011000001011000001 65537 43046722 4294967297 152587890626 2821109907457 33232930569602 281474976710657 1853020188851842 10000000000000001
10000010110000111000001011000011 65537 43046722 4294967297 152587890626 2821109907457 33232930569602 281474976710657 1853020188851842 10000000000000001
10000010110001011000001011000101 65537 43046722 4294967297 152587890626 2821109907457 33232930569602 281474976710657 1853020188851842 10000000000000001
10000010110001111000001011000111 65537 43046722 4294967297 152587890626 2821109907457 33232930569602 281474976710657 1853020188851842 10000000000000001
10000010110010011000001011001001 65537 43046722 4294967297 152587890626 2821109907457 33232930569602 281474976710657 1853020188851842 10000000000000001
10000010110010111000001011001011 65537 43046722 4294967297 152587890626 2821109907457 33232930569602 281474976710657 1853020188851842 10000000000000001
10000010110011011000001011001101 65537 43046722 4294967297 152587890626 2821109907457 33232930569602 281474976710657 1853020188851842 10000000000000001
10000010110011111000001011001111 65537 43046722 4294967297 152587890626 2821109907457 33232930569602 281474976710657 1853020188851842 10000000000000001
10000010110100011000001011010001 65537 43046722 4294967297 152587890626 2821109907457 33232930569602 281474976710657 1853020188851842 10000000000000001
10000010110100111000001011010011 65537 43046722 4294967297 152587890626 2821109907457 33232930569602 281474976710657 1853020188851842 10000000000000001
10000010110101011000001011010101 65537 43046722 4294967297 152587890626 2821109907457 33232930569602 281474976710657 1853020188851842 10000000000000001
10000010110101111000001011010111 65537 43046722 4294967297 152587890626 2821109907457 33232930569602 281474976710657 1853020188851842 10000000000000001
10000010110110011000001011011001 65537 43046722 4294967297 152587890626 2821109907457 33232930569602 281474976710657 1853020188851842 10000000000000001
10000010110110111000001011011011 65537 43046722 4294967297 152587890626 2821109907457 33232930569602 281474976710657 1853020188851842 10000000000000001
10000010110111011000001011011101 65537 43046722 4294967297 152587890626 2821109907457 33232930569602 281474976710657 1853020188851842 10000000000000001
10000010110111111000001011011111 65537 43046722 4294967297 152587890626 2821109907457 33232930569602 281474976710657 1853020188851842 10000000000000001
10000010111000011000001011100001 65537 43046722 4294967297 152587890626 2821109907457 33232930569602 281474976710657 1853020188851842 10000000000000001
10000010111000111000001011100011 65537 43046722 4294967297 152587890626 2821109907457 33232930569602 281474976710657 1853020188851842 10000000000000001
10000010111001011000001011100101 65537 43046722 4294967297 152587890626 2821109907457 33232930569602 281474976710657 1853020188851842 10000000000000001
10000010111001111000001011100111 65537 43046722 4294967297 152587890626 2821109907457 33232930569602 281474976710657 1853020188851842 10000000000000001
10000010111010011000001011101001 65537 43046722 4294967297 152587890626 2821109907457 33232930569602 281474976710657 1853020188851842 10000000000000001
10000010111010111000001011101011 65537 43046722 4294967297 152587890626 2821109907457 33232930569602 281474976710657 1853020188851842 10000000000000001
10000010111011011000001011101101 65537 43046722 4294967297 152587890626 2821109907457 33232930569602 281474976710657 1853020188851842 10000000000000001
10000010111011111000001011101111 65537 43046722 4294967297 152587890626 2821109907457 33232930569602 281474976710657 1853020188851842 10000000000000001
10000010111100011000001011110001 65537 43046722 4294967297 152587890626 2821109907457 33232930569602 281474976710657 1853020188851842 10000000000000001
10000010111100111000001011110011 65537 43046722 4294967297 152587890626 2821109907457 33232930569602 281474976710657 1853020188851842 10000000000000001
10000010111101011000001011110101 65537 43046722 4294967297 152587890626 2821109907457 33232930569602 281474976710657 1853020188851842 10000000000000001
10000010111101111000001011110111 65537 43046722 4294967297 152587890626 2821109907457 33232930569602 281474976710657 1853020188851842 10000000000000001
10000010111110011000001011111001 65537 43046722 4294967297 152587890626 2821109907457 33232930569602 281474976710657 1853020188851842 10000000000000001
10000010111110111000001011111011 65537 43046722 4294967297 152587890626 2821109907457 33232930569602 281474976710657 1853020188851842 10000000000000001
10000010111111011000001011111101 65537 43046722 4294967297 152587890626 2821109907457 33232930569602 281474976710657 1853020188851842 10000000000000001
10000010111111111000001011111111 65537 43046722 4294967297 152587890626 2821109907457 33232930569602 281474976710657 1853020188851842 10000000000000001
10000011000000011000001100000001 65537 43046722 4294967297 152587890626 2821109907457 33232930569602 281474976710657 1853020188851842 10000000000000001
10000011000000111000001100000011 65537 43046722 4294967297 152587890626 2821109907457 33232930569602 281474976710657 1853020188851842 10000000000000001
10000011000001011000001100000101 65537 43046722 4294967297 152587890626 2821109907457 33232930569602 281474976710657 1853020188851842 10000000000000001
10000011000001111000001100000111 65537 43046722 4294967297 152587890626 2821109907457 33232930569602 281474976710657 1853020188851842 10000000000000001
10000011000010011000001100001001 65537 43046722 4294967297 152587890626 2821109907457 33232930569602 281474976710657 1853020188851842 10000000000000001
10000011000010111000001100001011 65537 43046722 4294967297 152587890626 2821109907457 33232930569602 281474976710657 1853020188851842 10000000000000001
10000011000011011000001100001101 65537 43046722 4294967297 152587890626 2821109907457 33232930569602 281474976710657 1853020188851842 10000000000000001
10000011000011111000001100001111 65537 43046722 4294967297 152587890626 2821109907457 33232930569602 281474976710657 1853020188851842 10000000000000001
10000011000100011000001100010001 65537 43046722 4294967297 152587890626 2821109907457 33232930569602 281474976710657 1853020188851842 10000000000000001
10000011000100111000001100010011 65537 43046722 4294967297 152587890626 2821109907457 33232930569602 281474976710657 1853020188851842 10000000000000001
10000011000101011000001100010101 65537 43046722 4294967297 152587890626 2821109907457 33232930569602 281474976710657 1853020188851842 10000000000000001
10000011000101111000001100010111 65537 43046722 4294967297 152587890626 2821109907457 33232930569602 281474976710657 1853020188851842 10000000000000001
10000011000110011000001100011001 65537 43046722 4294967297 152587890626 2821109907457 33232930569602 281474976710657 1853020188851842 10000000000000001
10000011000110111000001100011011 65537 43046722 4294967297 152587890626 2821109907457 33232930569602 281474976710657 1853020188851842 10000000000000001
10000011000111011000001100011101 65537 43046722 4294967297 152587890626 2821109907457 33232930569602 281474976710657 1853020188851842 10000000000000001
10000011000111111000001100011111 65537 43046722 4294967297 152587890626 2821109907457 33232930569602 281474976710657 1853020188851842 10000000000000001
10000011001000011000001100100001 65537 43046722 4294967297 152587890626 2821109907457 33232930569602 281474976710657 1853020188851842 10000000000000001
10000011001000111000001100100011 65537 43046722 4294967297 152587890626 2821109907457 33232930569602 281474976710657 1853020188851842 10000000000000001
10000011001001011000001100100101 65537 43046722 4294967297 152587890626 2821109907457 33232930569602 281474976710657 1853020188851842 10000000000000001
10000011001001111000001100100111 65537 43046722 4294967297 152587890626 2821109907457 33232930569602 281474976710657 1853020188851842 10000000000000001
10000011001010011000001100101001 65537 43046722 4294967297 152587890626 2821109907457 33232930569602 281474976710657 1853020188851842 10000000000000001
10000011001010111000001100101011 65537 43046722 4294967297 152587890626 2821109907457 33232930569602 281474976710657 1853020188851842 10000000000000001
10000011001011011000001100101101 65537 43046722 4294967297 152587890626 2821109907457 33232930569602 281474976710657 1853020188851842 10000000000000001
10000011001011111000001100101111 65537 43046722 4294967297 152587890626 2821109907457 33232930569602 281474976710657 1853020188851842 10000000000000001
10000011001100011000001100110001 65537 43046722 4294967297 152587890626 2821109907457 33232930569602 281474976710657 1853020188851842 10000000000000001
10000011001100111000001100110011 65537 43046722 4294967297 152587890626 2821109907457 33232930569602 281474976710657 1853020188851842 10000000000000001
10000011001101011000001100110101 65537 43046722 4294967297 152587890626 2821109907457 33232930569602 281474976710657 1853020188851842 10000000000000001
10000011001101111000001100110111 65537 43046722 4294967297 152587890626 2821109907457 33232930569602 281474976710657 1853020188851842 10000000000000001
10000011001110011000001100111001 65537 43046722 4294967297 152587890626 2821109907457 33232930569602 281474976710657 1853020188851842 10000000000000001
10000011001110111000001100111011 65537 43046722 4294967297 152587890626 2821109907457 33232930569602 281474976710657 1853020188851842 10000000000000001
10000011001111011000001100111101 65537 43046722 4294967297 152587890626 2821109907457 33232930569602 281474976710657 1853020188851842 10000000000000001
10000011001111111000001100111111 65537 43046722 4294967297 152587890626 2821109907457 33232930569602 281474976710657 1853020188851842 10000000000000001
10000011010000011000001101000001 65537 43046722 4294967297 152587890626 2821109907457 33232930569602 281474976710657 1853020188851842 10000000000000001
10000011010000111000001101000011 65537 43046722 4294967297 152587890626 2821109907457 33232930569602 281474976710657 1853020188851842 10000000000000001
10000011010001011000001101000101 65537 43046722 4294967297 152587890626 2821109907457 33232930569602 281474976710657 1853020188851842 10000000000000001
10000011010001111000001101000111 65537 43046722 4294967297 152587890626 2821109907457 33232930569602 281474976710657 1853020188851842 10000000000000001
10000011010010011000001101001001 65537 43046722 4294967297 152587890626 2821109907457 33232930569602 281474976710657 1853020188851842 10000000000000001
10000011010010111000001101001011 65537 43046722 4294967297 152587890626 2821109907457 33232930569602 281474976710657 1853020188851842 10000000000000001
10000011010011011000001101001101 65537 43046722 4294967297 152587890626 2821109907457 33232930569602 281474976710657 1853020188851842 10000000000000001
10000011010011111000001101001111 65537 43046722 4294967297 152587890626 2821109907457 33232930569602 281474976710657 1853020188851842 10000000000000001
10000011010100011000001101010001 65537 43046722 4294967297 152587890626 2821109907457 33232930569602 281474976710657 1853020188851842 10000000000000001
10000011010100111000001101010011 65537 43046722 4294967297 152587890626 2821109907457 33232930569602 281474976710657 1853020188851842 10000000000000001
10000011010101011000001101010101 65537 43046722 4294967297 152587890626 2821109907457 33232930569602 281474976710657 1853020188851842 10000000000000001
10000011010101111000001101010111 65537 43046722 4294967297 152587890626 2821109907457 33232930569602 281474976710657 1853020188851842 10000000000000001
10000011010110011000001101011001 65537 43046722 4294967297 152587890626 2821109907457 33232930569602 281474976710657 1853020188851842 10000000000000001
10000011010110111000001101011011 65537 43046722 4294967297 152587890626 2821109907457 33232930569602 281474976710657 1853020188851842 10000000000000001
10000011010111011000001101011101 65537 43046722 4294967297 152587890626 2821109907457 33232930569602 281474976710657 1853020188851842 10000000000000001
10000011010111111000001101011111 65537 43046722 4294967297 152587890626 2821109907457 33232930569602 281474976710657 1853020188851842 10000000000000001
10000011011000011000001101100001 65537 43046722 4294967297 152587890626 2821109907457 33232930569602 281474976710657 1853020188851842 10000000000000001
10000011011000111000001101100011 65537 43046722 4294967297 152587890626 2821109907457 33232930569602 281474976710657 1853020188851842 10000000000000001
10000011011001011000001101100101 65537 43046722 4294967297 152587890626 2821109907457 33232930569602 281474976710657 1853020188851842 10000000000000001
10000011011001111000001101100111 65537 43046722 4294967297 152587890626 2821109907457 33232930569602 281474976710657 1853020188851842 10000000000000001
10000011011010011000001101101001 65537 43046722 4294967297 152587890626 2821109907457 33232930569602 281474976710657 1853020188851842 10000000000000001
10000011011010111000001101101011 65537 43046722 4294967297 152587890626 2821109907457 33232930569602 281474976710657 1853020188851842 10000000000000001
10000011011011011000001101101101 65537 43046722 4294967297 152587890626 2821109907457 33232930569602 281474976710657 1853020188851842 10000000000000001
10000011011011111000001101101111 65537 43046722 4294967297 152587890626 2821109907457 33232930569602 281474976710657 1853020188851842 10000000000000001
10000011011100011000001101110001 65537 43046722 4294967297 152587890626 2821109907457 33232930569602 281474976710657 1853020188851842 10000000000000001
10000011011100111000001101110011 65537 43046722 4294967297 152587890626 2821109907457 33232930569602 281474976710657 1853020188851842 10000000000000001
10000011011101011000001101110101 65537 43046722 4294967297 152587890626 2821109907457 33232930569602 281474976710657 1853020188851842 10000000000000001
10000011011101111000001101110111 65537 43046722 4294967297 152587890626 2821109907457 33232930569602 281474976710657 1853020188851842 10000000000000001
10000011011110011000001101111001 65537 43046722 4294967297 152587890626 2821109907457 33232930569602 281474976710657 1853020188851842 10000000000000001
10000011011110111000001101111011 65537 43046722 4294967297 152587890626 2821109907457 33232930569602 281474976710657 1853020188851842 10000000000000001
10000011011111011000001101111101 65537 43046722 4294967297 152587890626 2821109907457 33232930569602 281474976710657 1853020188851842 10000000000000001
10000011011111111000001101111111 65537 43046722 4294967297 152587890626 2821109907457 33232930569602 281474976710657 1853020188851842 10000000000000001
10000011100000011000001110000001 65537 43046722 4294967297 152587890626 2821109907457 33232930569602 281474976710657 1853020188851842 10000000000000001
10000011100000111000001110000011 65537 43046722 4294967297 152587890626 2821109907457 33232930569602 281474976710657 1853020188851842 10000000000000001
10000011100001011000001110000101 65537 43046722 4294967297 152587890626 2821109907457 33232930569602 281474976710657 1853020188851842 10000000000000001
10000011100001111000001110000111 65537 43046722 4294967297 152587890626 2821109907457 33232930569602 281474976710657 1853020188851842 10000000000000001
10000011100010011000001110001001 65537 43046722 4294967297 152587890626 2821109907457 33232930569602 281474976710657 1853020188851842 10000000000000001
10000011100010111000001110001011 65537 43046722 4294967297 152587890626 2821109907457 33232930569602 281474976710657 1853020188851842 10000000000000001
10000011100011011000001110001101 65537 43046722 4294967297 152587890626 2821109907457 33232930569602 281474976710657 1853020188851842 10000000000000001
10000011100011111000001110001111 65537 43046722 4294967297 152587890626 2821109907457 33232930569602 281474976710657 1853020188851842 10000000000000001
10000011100100011000001110010001 65537 43046722 4294967297 152587890626 2821109907457 33232930569602 281474976710657 1853020188851842 10000000000000001
10000011100100111000001110010011 65537 43046722 4294967297 152587890626 2821109907457 33232930569602 281474976710657 1853020188851842 10000000000000001
10000011100101011000001110010101 65537 43046722 4294967297 152587890626 2821109907457 33232930569602 281474976710657 1853020188851842 10000000000000001
10000011100101111000001110010111 65537 43046722 4294967297 152587890626 2821109907457 33232930569602 281474976710657 1853020188851842 10000000000000001
10000011100110011000001110011001 65537 43046722 4294967297 152587890626 2821109907457 33232930569602 281474976710657 1853020188851842 10000000000000001
10000011100110111000001110011011 65537 43046722 4294967297 152587890626 2821109907457 33232930569602 281474976710657 1853020188851842 10000000000000001
10000011100111011000001110011101 65537 43046722 4294967297 152587890626 2821109907457 33232930569602 281474976710657 1853020188851842 10000000000000001
10000011100111111000001110011111 65537 43046722 4294967297 152587890626 2821109907457 33232930569602 281474976710657 1853020188851842 10000000000000001
10000011101000011000001110100001 65537 43046722 4294967297 152587890626 2821109907457 33232930569602 281474976710657 1853020188851842 10000000000000001
10000011101000111000001110100011 65537 43046722 4294967297 152587890626 2821109907457 33232930569602 281474976710657 1853020188851842 10000000000000001
10000011101001011000001110100101 65537 43046722 4294967297 152587890626 2821109907457 33232930569602 281474976710657 1853020188851842 10000000000000001
10000011101001111000001110100111 65537 43046722 4294967297 152587890626 2821109907457 33232930569602 281474976710657 1853020188851842 10000000000000001
10000011101010011000001110101001 65537 43046722 4294967297 152587890626 2821109907457 33232930569602 281474976710657 1853020188851842 10000000000000001
10000011101010111000001110101011 65537 43046722 4294967297 152587890626 2821109907457 33232930569602 281474976710657 1853020188851842 10000000000000001
10000011101011011000001110101101 65537 43046722 4294967297 152587890626 2821109907457 33232930569602 281474976710657 1853020188851842 10000000000000001
10000011101011111000001110101111 65537 43046722 4294967297 152587890626 2821109907457 33232930569602 281474976710657 1853020188851842 10000000000000001
10000011101100011000001110110001 65537 43046722 4294967297 152587890626 2821109907457 33232930569602 281474976710657 1853020188851842 10000000000000001
10000011101100111000001110110011 65537 43046722 4294967297 152587890626 2821109907457 33232930569602 281474976710657 1853020188851842 10000000000000001
10000011101101011000001110110101 65537 43046722 4294967297 152587890626 2821109907457 33232930569602 281474976710657 1853020188851842 10000000000000001
10000011101101111000001110110111 65537 43046722 4294967297 152587890626 2821109907457 33232930569602 281474976710657 1853020188851842 10000000000000001
10000011101110011000001110111001 65537 43046722 4294967297 152587890626 2821109907457 33232930569602 281474976710657 1853020188851842 10000000000000001
10000011101110111000001110111011 65537 43046722 4294967297 152587890626 2821109907457 33232930569602 281474976710657 1853020188851842 10000000000000001
10000011101111011000001110111101 65537 43046722 4294967297 152587890626 2821109907457 33232930569602 281474976710657 1853020188851842 10000000000000001
10000011101111111000001110111111 65537 43046722 4294967297 152587890626 2821109907457 33232930569602 281474976710657 1853020188851842 10000000000000001
10000011110000011000001111000001 65537 43046722 4294967297 152587890626 2821109907457 33232930569602 281474976710657 1853020188851842 10000000000000001
10000011110000111000001111000011 65537 43046722 4294967297 152587890626 2821109907457 33232930569602 281474976710657 1853020188851842 10000000000000001
10000011110001011000001111000101 65537 43046722 4294967297 152587890626 2821109907457 33232930569602 281474976710657 1853020188851842 10000000000000001
10000011110001111000001111000111 65537 43046722 4294967297 152587890626 2821109907457 33232930569602 281474976710657 1853020188851842 10000000000000001
10000011110010011000001111001001 65537 43046722 4294967297 152587890626 2821109907457 33232930569602 281474976710657 1853020188851842 10000000000000001
10000011110010111000001111001011 65537 43046722 4294967297 152587890626 2821109907457 33232930569602 281474976710657 1853020188851842 10000000000000001
10000011110011011000001111001101 65537 43046722 4294967297 152587890626 2821109907457 33232930569602 281474976710657 1853020188851842 10000000000000001
10000011110011111000001111001111 65537 43046722 4294967297 152587890626 2821109907457 33232930569602 281474976710657 1853020188851842 10000000000000001
10000011110100011000001111010001 65537 43046722 4294967297 152587890626 2821109907457 33232930569602 281474976710657 1853020188851842 10000000000000001
10000011110100111000001111010011 65537 43046722 4294967297 152587890626 2821109907457 33232930569602 281474976710657 1853020188851842 10000000000000001
10000011110101011000001111010101 65537 43046722 4294967297 152587890626 2821109907457 33232930569602 281474976710657 1853020188851842 10000000000000001
10000011110101111000001111010111 65537 43046722 4294967297 152587890626 2821109907457 33232930569602 281474976710657 1853020188851842 10000000000000001
10000011110110011000001111011001 65537 43046722 4294967297 152587890626 2821109907457 33232930569602 281474976710657 1853020188851842 10000000000000001
10000011110110111000001111011011 65537 43046722 4294967297 152587890626 2821109907457 33232930569602 281474976710657 1853020188851842 10000000000000001
10000011110111011000001111011101 65537 43046722 4294967297 152587890626 2821109907457 33232930569602 281474976710657 1853020188851842 10000000000000001
10000011110111111000001111011111 65537 43046722 4294967297 152587890626 2821109907457 33232930569602 281474976710657 1853020188851842 10000000000000001
10000011111000011000001111100001 65537 43046722 4294967297 152587890626 2821109907457 33232930569602 281474976710657 1853020188851842 10000000000000001
10000011111000111000001111100011 65537 43046722 4294967297 152587890626 2821109907457 33232930569602 281474976710657 1853020188851842 10000000000000001
10000011111001011000001111100101 65537 43046722 4294967297 152587890626 2821109907457 33232930569602 281474976710657 1853020188851842 10000000000000001
10000011111001111000001111100111 65537 43046722 4294967297 152587890626 2821109907457 33232930569602 281474976710657 1853020188851842 10000000000000001
