100
5 8
1 2
1 3
1 4
1 5
2 1
3 1
4 1
5 1
5 10
1 3
1 4
2 3
2 5
3 1
3 4
3 5
4 2
5 1
5 3
5 10
1 4
2 3
2 5
3 1
3 5
4 2
4 3
4 5
5 1
5 2
3 6
1 2
1 3
2 1
2 3
3 1
3 2
5 10
1 2
1 5
2 3
2 4
3 1
4 3
4 5
5 2
5 3
5 4
4 10
1 2
1 3
1 4
2 1
2 3
2 4
3 1
3 4
4 2
4 3
5 10
1 2
1 3
2 1
2 4
3 1
3 5
4 2
4 5
5 3
5 4
5 10
1 3
1 4
2 1
2 3
2 4
3 5
4 2
4 3
5 1
5 2
4 10
1 3
1 4
2 1
2 3
2 4
3 2
3 4
4 1
4 2
4 3
5 10
1 2
1 4
1 5
2 1
2 5
3 2
3 4
4 3
5 1
5 2
5 10
1 2
1 3
2 1
2 5
3 2
3 5
4 1
4 3
4 5
5 4
5 10
1 2
1 3
1 5
2 1
2 3
3 1
3 5
4 2
4 3
5 4
5 10
1 2
1 3
2 1
2 5
3 2
3 4
4 3
4 5
5 1
5 4
5 10
1 2
1 4
2 1
3 4
3 5
4 2
4 3
4 5
5 2
5 3
5 10
1 3
2 1
2 4
3 4
3 5
4 1
4 2
4 5
5 2
5 4
5 10
1 3
2 1
2 5
3 2
3 4
3 5
4 1
4 2
5 2
5 4
5 10
1 2
1 3
1 5
2 3
2 5
3 1
4 2
4 3
4 5
5 4
5 10
1 2
1 4
2 5
3 1
3 2
3 4
4 1
4 3
5 2
5 3
5 10
1 2
1 4
1 5
2 1
2 5
3 1
3 4
4 3
5 2
5 4
5 10
1 3
1 4
2 1
2 3
2 5
3 4
3 5
4 2
5 1
5 4
5 10
1 2
1 3
1 5
2 3
2 5
3 1
3 5
4 1
4 2
5 4
5 10
1 2
1 3
2 4
2 5
3 1
4 2
4 5
5 2
5 3
5 4
5 10
1 5
2 1
2 3
2 4
3 1
3 2
4 2
4 3
5 3
5 4
5 10
1 2
1 3
1 4
2 3
2 4
3 1
4 5
5 2
5 3
5 4
6 6
1 6
2 1
3 4
4 5
5 3
6 2
2 2
1 2
2 1
5 10
1 2
1 4
2 1
2 4
2 5
3 1
3 5
4 1
4 2
5 3
5 10
1 2
1 3
2 4
2 5
3 1
3 2
4 1
4 5
5 3
5 4
5 10
1 2
1 4
2 1
2 3
3 5
4 2
4 3
5 1
5 3
5 4
5 10
1 4
1 5
2 1
2 3
3 2
3 5
4 1
4 3
5 2
5 4
7 8
1 5
2 5
3 5
5 2
5 3
5 4
6 3
6 4
5 10
1 5
2 4
3 1
3 2
4 1
4 2
4 3
5 1
5 2
5 3
5 10
1 3
1 4
2 1
2 4
3 2
3 5
4 2
4 5
5 1
5 3
5 10
1 4
1 5
2 1
2 5
3 1
3 2
3 4
4 1
4 2
5 3
5 10
1 3
1 4
2 5
3 1
3 4
4 1
4 2
5 2
5 3
5 4
5 10
1 2
2 1
2 3
3 1
3 4
3 5
4 3
4 5
5 1
5 4
5 10
1 2
1 3
2 4
2 5
3 1
3 4
4 1
4 5
5 2
5 3
4 10
1 3
1 4
2 1
2 3
2 4
3 1
3 4
4 1
4 2
4 3
5 10
1 4
1 5
2 1
2 5
3 1
3 2
3 4
4 3
5 1
5 2
5 10
1 3
1 5
2 1
2 4
3 1
3 2
4 2
4 5
5 3
5 4
5 10
1 2
1 3
1 5
2 1
2 5
3 1
3 2
4 2
4 3
5 4
5 10
1 2
1 4
1 5
2 4
2 5
3 1
4 3
4 5
5 2
5 3
5 10
1 2
1 3
1 4
2 4
2 5
3 2
3 5
4 3
4 5
5 1
5 10
1 2
2 4
2 5
3 1
3 4
3 5
4 3
4 5
5 1
5 3
5 10
1 2
2 3
2 5
3 1
3 4
4 1
4 5
5 1
5 3
5 4
5 10
1 3
1 5
2 1
2 3
3 2
3 4
4 2
4 5
5 1
5 4
5 10
1 2
1 4
2 1
2 4
3 5
4 1
4 3
5 2
5 3
5 4
5 10
1 4
1 5
2 1
2 4
3 2
4 1
4 3
4 5
5 1
5 3
7 8
1 2
1 5
2 5
3 2
4 6
5 4
5 6
7 5
5 10
1 2
1 3
1 4
2 3
2 4
3 1
3 2
4 5
5 1
5 4
5 10
1 3
2 1
2 4
3 1
3 2
3 5
4 2
4 5
5 2
5 4
5 10
1 5
2 3
2 4
3 1
3 2
4 1
4 3
5 1
5 2
5 4
5 10
1 4
2 1
2 3
3 1
3 2
3 5
4 2
4 5
5 2
5 3
5 10
1 2
1 4
2 1
3 1
3 2
3 4
3 5
5 1
5 2
5 3
5 10
1 5
2 3
2 4
3 2
3 4
4 1
4 3
5 1
5 2
5 3
5 10
1 2
2 1
2 4
2 5
3 1
3 5
4 1
4 3
5 3
5 4
5 10
1 3
1 4
2 1
2 3
2 5
3 2
4 3
4 5
5 1
5 4
5 10
1 2
1 3
2 1
2 4
3 5
4 1
4 3
5 1
5 2
5 4
5 10
1 3
1 4
2 1
2 5
3 1
3 5
4 2
4 3
5 2
5 4
5 10
1 3
1 5
2 3
2 4
3 2
3 4
3 5
4 1
5 2
5 4
5 10
1 2
1 3
2 1
2 3
2 4
3 1
3 2
4 5
5 3
5 4
5 10
1 4
1 5
2 3
3 1
3 5
4 1
4 2
5 1
5 2
5 4
5 10
1 3
1 4
2 1
2 3
2 4
3 2
4 5
5 1
5 3
5 4
5 10
1 2
1 3
1 5
2 1
2 3
3 1
3 2
4 2
4 5
5 4
5 10
1 3
1 4
1 5
2 1
3 2
3 4
4 2
4 5
5 3
5 4
5 10
1 4
1 5
2 1
2 3
3 4
3 5
4 1
4 2
5 2
5 3
5 10
1 3
1 4
2 1
2 4
3 2
3 4
4 5
5 1
5 2
5 3
5 10
1 4
1 5
2 3
2 5
3 1
3 4
4 2
5 1
5 3
5 4
5 10
1 3
1 4
1 5
2 1
3 2
3 4
4 2
4 5
5 2
5 3
10 10
1 5
2 6
3 2
4 7
5 9
6 4
7 1
8 10
9 8
10 3
5 10
1 3
1 5
2 1
2 4
3 4
3 5
4 2
4 3
5 1
5 2
5 10
1 2
2 1
2 3
2 5
3 4
3 5
4 1
4 3
5 1
5 4
5 10
1 3
2 4
3 1
3 2
3 5
4 1
4 2
4 5
5 1
5 2
5 10
1 2
1 3
1 4
2 5
3 1
3 4
4 1
4 3
5 2
5 4
5 10
1 3
1 5
2 1
2 3
3 1
3 2
4 2
4 3
4 5
5 4
5 10
1 2
1 3
1 5
2 1
2 5
3 4
4 1
4 3
5 1
5 2
5 10
1 4
1 5
2 1
2 5
3 1
3 2
3 4
4 3
5 2
5 4
5 10
1 3
1 5
2 4
3 1
3 5
4 2
4 3
5 1
5 2
5 3
5 10
1 2
1 5
2 1
2 4
3 2
3 5
4 1
4 3
5 3
5 4
5 10
1 4
2 1
2 5
3 1
3 2
3 5
4 2
4 3
5 1
5 3
5 10
1 3
1 5
2 4
3 1
3 2
4 1
4 2
4 5
5 2
5 3
3 3
1 3
2 1
3 2
5 10
1 3
1 4
2 1
2 3
3 5
4 2
4 3
5 1
5 2
5 4
5 10
1 5
2 1
2 3
3 1
3 4
4 1
4 2
5 2
5 3
5 4
5 10
1 2
1 3
1 4
2 1
3 5
4 2
4 3
5 2
5 3
5 4
5 10
1 4
1 5
2 1
2 4
3 1
3 2
3 5
4 3
5 2
5 4
5 10
1 2
1 3
2 5
3 4
4 1
4 2
4 3
5 1
5 2
5 3
4 9
1 2
1 3
1 4
2 3
2 4
3 1
3 2
4 1
4 2
5 10
1 3
1 4
2 1
2 3
2 5
3 4
3 5
4 1
4 5
5 2
5 10
1 2
1 4
1 5
2 1
2 4
3 2
3 4
4 1
4 5
5 3
5 10
1 4
1 5
2 3
2 5
3 1
3 2
4 1
4 2
5 3
5 4
4 8
1 3
1 4
2 1
2 3
3 1
3 2
4 2
4 3
5 10
1 2
1 5
2 1
2 3
2 5
3 1
3 2
4 3
4 5
5 4
5 10
1 4
2 3
2 5
3 2
3 5
4 1
4 2
4 5
5 1
5 3
5 10
1 3
1 4
1 5
2 3
2 4
3 1
4 2
4 5
5 2
5 3
5 10
1 2
1 4
1 5
2 3
2 5
3 2
3 4
4 1
5 3
5 4
5 10
1 2
1 3
2 1
2 3
2 5
3 4
4 2
4 5
5 1
5 2
5 10
1 4
1 5
2 1
3 2
3 4
3 5
4 2
4 3
5 3
5 4
5 10
1 2
1 3
2 3
2 4
3 1
3 2
3 4
4 5
5 1
5 4
5 10
1 2
1 3
1 4
2 1
2 3
3 5
4 2
4 3
5 1
5 4
