10
20 1 2 3 4 5 6 7 8 9 10 11 12 13 14 15 16 17 18 19 20
20 120 266 858 1243 1657 1771 2328 2490 2665 2894 3117 4210 4454 4943 5690 6170 7048 7125 9512 9600
20 1688 52630 4512 628 1664 746 3690 4924 848 7959 2308 1896 4196 4582 3784 1062 4356 3176 4868 3702
20 42931 12638 7377 95960 39089 41765 3271 88989 46495 27639 39102 14421 909 84062 66312 38116 52654 19311 13980 31394
20 84891 85770 272 6329 18317 43776 9316 77307 73587 32469 68131 12200 38903 61585 18511 52931 9253 74231 55131 36796
20 1865 91953 84309 8810 16635 78423 63602 7860 15211 42673 51897 65057 73583 43874 5308 89595 19919 36756 56524 10334
20 2527 4474 1475 4038 3161 437 52642 1901 4468 287 7 4245 3258 4844 2547 1589 2685 3389 2691 4619
20 2800 514 2844 302 3686 208 1592 118 38166 148 3790 1202 2510 4892 4726 3118 66447 1306 946 3464
20 93130 13837 84034 7525 5247 80829 80539 90694 7767 67624 90297 12416 64117 65533 56508 37360 6789 56624 48276 46188
20 94230 79797 25249 15450 21631 16844 18956 64451 47507 60128 94491 78652 17807 76898 1920 15135 13776 56252 21821 41893
