10
100
534096 229519 725198 1
764523 15881 186165 4
522158 861051 924852 2
918273 295870 749923 4
76568 817926 475632 3
960549 455983 926236 3
634893 417724 761106 1
90637 855199 289812 1
861899 92413 922917 3
312154 792156 440342 1
56832 230609 475051 2
218626 363398 551875 3
500351 281909 773672 3
835667 912778 230348 3
10405 212497 540623 1
650045 326544 744334 4
692085 904544 108644 3
605933 554362 886973 1
576585 914696 475576 2
435124 977068 593522 4
556040 114071 879523 3
736939 26351 584642 3
257417 943301 147324 1
970211 636798 634576 2
913675 838508 603534 2
703393 449289 866335 2
866463 548359 318488 4
572998 686400 228051 2
903192 603305 945451 2
696258 66228 229190 2
569944 458267 60875 3
857089 341595 988444 2
50147 270896 531088 1
404291 879696 685398 4
848162 430223 319081 1
913321 190598 243640 2
40052 699204 156245 4
838179 675993 196827 2
351613 479551 782897 3
404534 417135 284041 3
400080 863678 795915 2
985071 567114 856670 2
489142 436048 592937 4
226802 849578 653927 1
152655 329531 247325 4
382674 377560 891146 3
904888 912637 720340 4
912958 124650 892284 2
714250 77972 773960 2
781171 435698 33127 4
886238 977858 804256 4
29878 850412 705131 2
39123 914239 635647 3
979997 247566 123897 4
360977 19388 10893 3
791096 836593 796717 1
983045 225935 438061 3
6941 285204 207688 1
429123 34581 968887 1
793035 411440 581634 1
581415 120314 213762 2
549182 798473 179411 3
850374 358774 533730 4
812825 26980 405377 2
237684 318741 165539 4
634882 810822 446512 3
643368 768108 780807 2
607449 300608 800214 3
385122 566456 748407 1
550668 890604 609246 1
42464 464347 561246 4
818532 714615 19259 2
351916 79412 457118 2
259987 606110 303521 4
240784 690932 909320 1
857889 173948 209407 1
619750 336939 947832 4
723000 392021 417157 4
141270 597181 540227 3
292214 331415 435219 3
806087 851420 703686 1
375270 908126 781220 2
175193 804663 92246 3
378542 85647 13868 3
205541 745725 417936 1
887214 826421 239249 2
91241 682571 224301 1
266757 774247 734544 2
860407 495653 53877 4
936472 932071 870874 1
815022 964556 406651 2
767683 389786 972221 1
978138 249891 83922 3
233266 61469 608946 3
312939 757091 744279 4
75220 733993 938021 2
576803 773702 45473 1
141050 194811 942398 1
740254 135464 145355 3
136066 966795 622502 1
3
1 0 0 1
2 1 1 4
3 2 3 2
200
36313 9621 2796 1880
6207 4806 3367 1880
8094 19353 9486 1880
30039 2485 4448 1880
35591 10211 1339 1880
7030 1040 3003 1880
18715 4170 1265 1880
8776 6318 11477 1880
33429 27844 840 1880
6662 27740 5939 1880
33845 17987 2654 1880
31072 12429 2459 1880
12092 8070 689 1880
31591 11869 2428 1880
4683 15691 9314 1880
12863 8468 9548 1880
39529 9027 849 1880
18689 1712 14205 1880
7770 5319 1015 1880
8990 10998 3887 1880
7843 20582 1155 1880
3130 21130 3389 1880
6603 14274 6653 1880
18336 7503 8156 1880
25452 17049 8181 1880
13752 1712 4771 1880
21053 3144 2437 1880
32059 29696 1661 1880
16432 23630 3773 1880
24109 27052 1518 1880
5003 25462 3082 1880
16052 27917 2772 1880
20498 18409 3992 1880
15904 7930 2702 1880
3816 1517 11135 1880
39432 4543 5489 1880
4072 23157 7211 1880
23345 18405 4497 1880
22619 18595 6874 1880
52229 1494 1613 1880
37651 6100 4551 1880
26310 4166 7605 1880
16578 28625 3235 1880
39469 1628 2554 1880
5763 10732 9060 1880
15401 19319 5966 1880
31970 8483 2688 1880
13860 4633 3600 1880
12252 21571 10432 1880
9813 8929 11877 1880
22395 14358 6302 1880
6235 16888 1253 1880
5514 14053 12402 1880
23810 3746 9356 1880
33534 12310 6638 1880
37383 10397 1175 1880
13344 4695 1808 1880
39664 2209 204 1880
3707 2258 13738 1880
24397 20490 281 1880
1536 20394 8092 1880
19797 24856 4741 1880
3858 18390 5259 1880
23162 8440 6050 1880
24958 20846 2824 1880
7854 10833 1209 1880
431 12053 2490 1880
29513 30944 1487 1880
32004 3989 4402 1880
13523 5911 3672 1880
34277 9996 3165 1880
12638 9167 1064 1880
27625 23581 1034 1880
8370 15762 4436 1880
30953 12372 4810 1880
41215 2492 4030 1880
3782 15524 271 1880
24304 3249 283 1880
18180 30871 3121 1880
8469 26061 2991 1880
34176 8582 6621 1880
2018 13219 9706 1880
25879 5689 1481 1880
32705 4592 9806 1880
5951 5786 6209 1880
3332 1467 9582 1880
20653 2926 5263 1880
26125 5085 2656 1880
17874 19520 3844 1880
18846 14767 8958 1880
28956 2029 970 1880
9959 8002 2508 1880
7765 20962 5576 1880
22320 12275 1838 1880
42713 11772 1886 1880
13090 2756 14101 1880
9116 4954 14151 1880
2270 19898 6114 1880
20038 12322 181 1880
821 16951 13061 1880
7494 6395 6353 1880
17770 13081 11979 1880
31418 3619 6665 1880
3260 2175 5311 1880
2470 14387 5687 1880
35292 18875 3415 1880
39241 21400 637 1880
16225 5108 7915 1880
11068 9879 6486 1880
25368 17738 467 1880
19828 14056 8023 1880
1008 18270 2337 1880
11158 15472 10370 1880
4344 14171 8594 1880
20557 12457 10888 1880
24188 32631 755 1880
2471 25033 5489 1880
11993 19873 9355 1880
36912 19557 1748 1880
35560 17372 4236 1880
15480 14274 11451 1880
26857 18851 1892 1880
38719 13194 2075 1880
21726 18012 2291 1880
45010 1015 4739 1880
20724 25333 6718 1880
21597 25466 3250 1880
2740 22731 2732 1880
59603 5834 212 1880
16292 5601 14730 1880
37982 9906 684 1880
7396 21546 11455 1880
3468 23478 7314 1880
9049 16247 8793 1880
9432 8196 7947 1880
13954 25472 8088 1880
25136 20070 465 1880
47021 15686 497 1880
5731 15577 8910 1880
39382 983 5230 1880
12271 13706 6580 1880
45548 7611 4799 1880
47447 6329 3367 1880
11266 20988 9161 1880
9469 23903 7443 1880
9150 4267 13894 1880
11801 6964 8870 1880
8424 11412 10445 1880
19186 4547 810 1880
20222 13646 5847 1880
36822 2847 4499 1880
12017 15192 4266 1880
21335 21150 5914 1880
33022 6427 5595 1880
1564 20359 6084 1880
5453 23905 2635 1880
23937 25582 3288 1880
26475 1623 2060 1880
1441 24959 2077 1880
19890 4426 11828 1880
5352 10295 10517 1880
6832 2548 12847 1880
7632 11262 3258 1880
683 2327 9239 1880
33386 22797 3343 1880
25725 6583 8554 1880
21307 10834 11609 1880
31608 7538 2154 1880
14086 7750 13459 1880
28132 1420 11874 1880
8958 1276 1809 1880
15290 24750 1932 1880
23607 1791 3660 1880
43116 1345 1589 1880
1815 23573 413 1880
19050 18474 9496 1880
29722 1111 4520 1880
34789 9202 7348 1880
1481 23479 9426 1880
14503 8786 5593 1880
27613 8186 2435 1880
1504 6346 12760 1880
26088 5349 1382 1880
17413 32152 216 1880
31904 27756 128 1880
3390 7381 5154 1880
23341 25057 5830 1880
13718 17317 12092 1880
16669 17726 641 1880
19035 1221 11845 1880
1904 6858 6233 1880
7214 1258 768 1880
12047 14871 827 1880
1368 1939 11866 1880
8708 15394 1651 1880
20873 5393 7800 1880
40497 10974 1831 1880
5963 6383 4655 1880
37538 20407 1371 1880
52529 1611 2842 1880
49
50 20 0 3
20 10 0 1
50 40 0 1
60 50 0 3
50 50 0 2
60 10 0 1
30 40 0 1
60 60 0 2
50 10 0 1
60 0 0 1
20 0 0 3
10 40 0 3
0 10 0 2
0 30 0 2
30 10 0 3
10 10 0 1
0 60 0 1
20 50 0 3
10 50 0 2
60 20 0 1
10 60 0 1
30 30 0 3
20 40 0 1
40 40 0 2
40 30 0 2
20 60 0 3
40 60 0 3
10 30 0 3
40 50 0 3
30 50 0 1
50 30 0 2
30 0 0 2
30 60 0 3
10 20 0 1
0 40 0 1
40 10 0 2
0 20 0 2
20 30 0 3
60 30 0 2
0 0 0 3
20 20 0 1
40 20 0 3
30 20 0 1
60 40 0 3
40 0 0 3
50 0 0 1
50 60 0 3
0 50 0 1
10 0 0 3
1000
67831 147943 16376 6
145048 145290 51500 2
160939 153376 20260 6
290777 2039 13774 5
76944 33225 11767 6
5709 65759 41535 1
964 120613 51392 5
154451 31234 15346 3
65473 159857 18896 6
222424 179124 2554 1
126355 111590 5669 1
303169 85315 14777 3
64376 33016 75533 1
2056 204754 9742 5
146666 142566 21242 2
16576 141670 95575 6
28485 169554 4209 5
9402 93281 37219 5
220749 132777 24426 6
126251 162393 32579 1
9661 123140 22055 3
63371 21626 90558 3
157771 29831 59303 1
13189 22083 25299 2
51205 58061 37972 6
242662 147486 31445 6
316881 112449 1555 6
17153 131035 117014 2
318063 15755 1514 4
14707 165327 85210 6
301731 100089 24040 5
182611 48674 41090 5
179945 176990 43639 1
67242 20948 99613 6
49096 147687 51557 3
44602 205389 24512 6
123881 145956 71435 3
99502 120861 85084 5
264664 63286 30670 1
117126 169834 41312 2
264001 168998 19651 6
58683 208567 19724 1
71992 80274 3628 4
186353 3002 83049 6
37543 74739 38947 6
238047 19737 3774 3
125564 54927 42425 4
105933 101657 30449 4
101313 50397 24420 1
118765 116052 1181 4
228853 45857 43050 2
90085 49237 9388 5
194231 28577 58910 1
236272 122612 45905 4
146247 7535 14543 2
253346 13733 59982 3
154982 61492 8278 6
44888 200941 17232 1
125139 86171 70859 5
15017 90901 122081 2
87188 70179 50884 6
171376 240641 4542 3
43438 53045 80948 6
140300 38559 2952 3
77488 90450 52280 2
309497 41464 14481 3
250887 101106 1097 1
84978 129453 42054 2
340152 68708 30166 3
34512 19980 88387 5
116189 125977 48762 6
29038 88499 54498 1
226604 48651 73437 4
161063 41812 65358 1
288110 4620 17127 5
256120 164434 1118 6
122114 26565 61159 3
80344 49310 123504 1
214494 69028 22896 6
49450 150168 34048 5
2632 126175 120477 2
41490 75613 111354 2
36478 112241 112804 4
224926 34070 63882 2
153076 174608 42178 4
3540 46399 67321 1
51352 172151 1615 2
207423 3673 83002 5
29526 82958 71897 1
100397 183874 7747 1
256977 89938 33165 5
287717 150585 15907 2
18255 9950 60490 3
9820 184430 53037 4
191315 160310 32402 3
151575 108374 31258 5
42059 84837 116769 2
6573 90367 90583 1
149096 4042 42116 1
169337 137219 57080 4
106877 118958 74805 2
60391 23505 93108 3
8894 139155 25341 1
229682 158821 19912 5
26125 71999 28069 1
26605 100299 51971 2
74501 152718 41225 5
92132 93040 90567 6
79559 171171 29854 6
18098 134184 101951 3
255054 232446 1508 5
233708 91652 37998 3
65768 175525 67078 3
45671 55088 38346 2
15459 83379 34587 4
42600 95845 109991 2
59857 119470 68239 2
9896 56820 91277 5
3056 74430 108918 5
46006 92282 120145 3
139597 11826 52552 4
248719 79630 11846 5
187297 73320 26907 1
291789 103808 18179 6
239228 201034 10402 5
42073 65438 89182 1
36813 86640 22337 5
51652 110841 5588 6
414778 44079 10717 2
65443 198448 30007 2
99545 63257 54937 5
223251 149896 26397 5
110888 12656 54533 5
331164 102805 8745 4
31858 92482 41132 3
135982 35222 28641 5
103611 145572 39422 6
264189 124488 7977 4
264776 36950 29883 5
93193 122708 44983 1
112486 223555 13018 4
218340 80887 4818 5
213690 39001 65755 2
152181 16847 51108 5
7490 110262 124864 3
320086 6211 22346 4
9803 98724 103689 4
46678 46252 25704 6
34525 196797 49207 2
115762 115386 73341 6
225247 91783 15091 5
242546 197707 6247 4
440163 31655 6530 3
56794 26561 108273 4
34158 41440 33889 2
55785 21685 52979 2
464549 20327 1916 4
43099 153704 20598 6
132164 55955 13100 5
5076 135417 1171 6
82787 86937 20263 2
75165 116686 4322 3
93356 34112 121674 4
80003 90446 44866 1
164926 61730 81699 4
198501 32877 78666 4
90857 210484 33098 6
73489 62692 50054 5
134554 121212 21275 3
142633 42968 13129 4
22222 199999 29195 5
34337 136031 88328 1
276618 99366 32185 2
135161 186640 1988 3
287054 10136 18185 5
128688 62170 75554 6
119252 31727 91674 2
52966 40580 118235 3
45782 186943 2651 2
10141 55146 46615 3
234476 151939 38129 5
349344 12805 37619 5
12399 65874 57855 2
104822 24957 25795 5
105534 56384 49497 6
277744 31885 5532 1
17237 68231 25867 1
92016 63011 13856 5
80744 116786 13356 3
129068 172196 56020 5
50116 17461 84792 3
56773 129120 74688 5
301228 4422 64065 4
156364 114308 41481 3
292707 113887 29272 5
196271 35197 16339 1
98180 70962 23987 4
162366 86245 6678 3
289612 146420 13252 1
205462 95359 27379 3
101792 158978 34410 4
252371 57425 22998 5
70523 156792 57412 6
184074 171140 25483 2
213598 131719 3242 2
254047 167251 2217 3
182033 152476 9382 3
112584 112518 23245 3
223210 5949 70226 5
63697 108847 54359 3
6105 191091 23784 2
29927 177990 54196 4
39182 848 78767 2
139321 142660 65459 1
9692 24603 9175 2
132125 75626 52457 3
154747 113618 22802 4
79967 87035 71171 5
225988 51995 44894 5
94173 119003 8035 1
43821 96965 88886 1
43636 122448 80848 6
45130 31671 64605 2
144889 129369 67288 5
223823 23297 68323 6
144658 11037 94616 5
52362 149341 2019 5
102974 122018 45776 3
97813 27993 40760 5
156516 190317 31788 4
243814 225379 8118 4
134578 71520 90396 1
159098 96107 32931 6
322546 74047 32565 4
137652 5205 25005 2
56017 137023 36438 6
308704 132820 10944 1
338177 59293 32020 1
86343 79446 71979 1
123700 121313 59102 4
25279 156135 29257 1
79699 134679 53126 4
86278 77237 13146 2
74899 116946 93015 4
9155 78067 8656 5
188528 155940 12230 3
252269 29724 45237 4
295171 67403 8682 5
299445 48201 7857 1
86487 84379 83101 1
155549 70823 38674 6
187299 69396 46685 5
60639 66734 65295 5
41060 4911 105291 2
243302 7606 12314 2
233282 61982 11274 5
77519 180303 56638 1
171295 40160 40274 2
204556 61005 15157 3
175838 185526 38597 6
68222 171011 15186 4
73736 55854 7986 3
87476 228118 21478 5
14952 133725 72786 4
8904 87125 78735 6
48340 25390 42307 4
133706 148148 62920 1
33237 40452 120340 3
1911 166853 40943 2
138842 243216 2609 1
357268 27458 14106 3
93059 131542 22499 2
291743 28547 59835 3
49368 106783 87124 1
37643 179592 25416 1
43909 64035 93727 1
49215 127236 60952 2
8799 101966 74457 3
32770 82734 105585 1
99537 69316 37925 1
108959 159826 66442 3
187858 103966 6147 5
35071 15250 21986 6
174759 122921 3300 6
3028 152994 39668 4
156297 89343 63985 4
130844 125469 27857 6
36494 5531 4604 4
94422 152885 79603 1
83279 185238 24263 2
38114 118716 88811 6
288034 6590 56656 3
202165 97031 18961 2
200929 143982 34181 2
170810 123772 33919 6
172549 19122 63722 5
10734 146505 28642 2
84200 151817 52255 1
8517 9780 25056 5
112981 25767 25530 3
12162 12641 15504 5
106045 51384 74553 3
166251 165510 36122 2
15162 144236 69634 4
208286 100195 39823 3
37496 25624 49097 3
171107 19116 22991 4
75045 126301 66255 3
16468 151008 62318 1
86984 81080 25135 3
151239 39941 81130 1
6153 33171 56555 5
68176 167339 21833 3
124945 156255 59657 2
39645 114321 48355 4
137868 150258 15580 2
42481 60998 47385 6
42990 163569 2397 6
4872 42442 107519 2
25809 89154 88373 6
134149 45250 82164 4
112635 71621 46688 3
132269 81025 17005 6
221570 26230 78721 5
83694 102452 14394 5
198006 79077 70820 1
298306 111485 31084 5
135615 66529 65091 2
7893 31181 120205 1
32596 87682 79836 6
100558 43158 10220 1
127576 36986 112296 3
240394 115116 41856 1
179884 8068 93652 3
198945 196428 10013 5
321385 30041 9327 4
43568 154600 16394 5
171526 99505 24247 5
62538 25629 80000 1
127453 40396 20950 4
20799 148921 79702 3
104299 49253 4190 2
172738 91418 12683 3
136070 64608 55760 5
26000 10698 61677 5
8749 80003 69331 6
74163 81631 85892 2
119162 4161 36929 6
162850 48694 42601 3
105297 71481 90373 3
38683 52242 66765 6
116637 125540 73829 6
38520 171420 68100 6
28008 11389 55035 3
169728 51566 27226 3
24425 64920 79418 1
184580 31980 82372 1
70036 174667 68649 6
11525 140205 27993 2
57182 153525 33488 5
112942 83761 38679 3
148571 120674 12076 1
22214 43505 85302 4
161916 11034 78099 2
153610 115048 13132 2
97845 142672 47840 6
212257 61891 72029 6
5796 120252 9225 6
5557 52283 99858 3
139841 194605 53370 6
202184 77565 72602 5
288236 103280 4275 6
186306 174106 9196 6
166155 101930 7103 1
170753 56354 61031 2
107254 75896 77395 2
114657 113850 10787 2
403456 44316 8459 3
130050 81222 42848 6
160475 148075 44449 6
19796 183533 53488 5
310678 9719 42945 6
144793 57225 93205 4
167132 220711 27989 2
12289 76164 107160 4
210717 198691 26865 5
41848 129230 18704 4
112880 214497 26859 3
17336 153991 73702 1
159633 9573 32873 1
90594 160062 59801 1
226310 146864 2344 3
176504 216302 4307 5
81999 94708 102349 5
234464 95335 12839 6
198866 209456 31629 5
126586 176273 14595 6
30903 46498 22116 4
117547 204307 25775 2
96746 33564 119283 3
115273 15792 95626 1
327541 138569 5079 6
163355 196009 1030 5
126032 144606 40047 3
11895 177869 36401 4
98034 44429 95948 2
281148 46734 41368 6
226975 155043 34000 1
76894 36072 42684 3
173430 76788 25382 2
97517 44987 116490 4
85984 25892 36019 4
272453 210535 4271 3
18952 33822 82423 5
162120 158192 60178 6
194159 195193 3159 6
317074 91295 17235 4
212202 43577 39753 4
57152 226466 19997 4
23766 52937 53194 5
54357 1428 12948 4
63369 44609 50992 5
123221 27926 29602 5
75545 100305 50244 5
202247 194045 34296 2
253052 16861 55993 2
14055 125230 110487 1
373606 11783 21368 4
102701 124926 18385 1
465984 2878 10482 6
90311 107114 75072 6
132593 36471 82937 6
43843 153476 8387 5
44375 12635 99408 5
134690 175826 27318 3
120333 73431 90175 6
31703 96948 32887 6
176595 2089 81217 4
99846 34417 13850 1
274693 82647 36774 2
41342 201038 12379 2
273063 148654 6768 3
103116 44703 114741 2
94717 116522 29969 6
206634 120406 2214 3
28434 54609 97973 4
31272 99032 69377 6
85434 82743 108888 3
75344 146836 8472 3
114672 49763 75738 3
62616 131827 40144 4
160835 74469 8158 5
43229 95548 89358 4
118681 109223 88297 5
173798 35128 94738 1
390021 14010 13273 5
283041 172429 6923 3
31702 116399 68599 5
326944 26262 14131 5
17085 90067 28281 3
257738 163783 7416 4
8785 43731 97252 4
85047 118825 68919 6
184918 1681 42313 1
148325 193336 1992 4
384848 2795 22360 1
136092 222598 8717 3
171441 13734 56849 6
9096 23834 116543 4
73865 93778 110841 5
193110 156256 41666 1
188186 48302 9147 4
331671 119439 9373 5
272259 164660 6638 5
124520 124844 1936 5
216982 206180 24704 5
271899 96286 44960 5
121506 121652 44453 6
92704 206974 42478 2
278582 170547 7930 2
121394 73562 87168 5
52956 81791 31207 1
51245 13047 117594 6
186481 170764 42946 5
53894 162038 5781 2
158203 191922 7061 4
131377 165733 40472 1
13898 93162 4795 6
52654 21030 123552 4
118020 76951 52921 3
15565 12322 30606 1
61914 47927 107362 4
56725 18455 120433 2
222120 85883 23614 5
47731 164846 45923 6
137355 165299 35595 4
86485 20290 101476 6
87325 1432 13929 3
77389 30122 77575 4
65168 118451 37575 3
227511 206195 13361 3
36019 121751 10299 4
160802 83637 55881 6
156562 139201 51565 3
160049 75590 60713 4
22650 168073 77404 2
132023 9052 6464 5
248091 66958 32364 5
380835 15606 10178 3
240449 115240 25574 1
159456 193566 32354 2
173791 18200 23664 3
20643 90483 114567 3
282888 54508 3113 1
100218 43172 43706 1
265750 209197 2261 1
174521 25149 6123 6
251674 182667 14264 3
201646 148897 22112 5
45093 8561 109656 6
24063 15744 69775 4
231583 222828 6558 1
119905 141101 24444 5
194869 190680 25966 4
164029 15751 39085 4
94285 14305 87331 6
85238 180152 31979 1
133503 150633 54874 2
124608 57778 52919 5
258903 156815 16113 5
253721 159641 18576 1
101896 15264 119237 5
226931 44751 70086 1
203455 120979 47624 6
217186 65861 65652 6
38775 5913 9425 4
219235 10387 59487 1
5138 26467 117252 6
92320 226760 1004 4
17305 67129 81871 6
76089 119039 85735 5
50410 152712 27622 5
226327 198618 17045 4
229715 55505 45553 6
149485 92070 45969 2
52298 30419 34567 3
99848 106056 54310 4
65411 91126 30119 2
146897 63791 84737 4
197907 27543 50112 5
20408 168912 25353 1
121060 14523 100816 4
218000 77961 19006 1
75608 37276 99225 3
285610 95378 2625 2
160862 99795 18667 5
56040 34695 65234 2
68453 86329 90830 4
289402 70469 45641 5
328080 56385 31765 2
56520 181355 32693 3
367035 57072 25613 2
273437 115026 3956 3
249319 192273 5919 4
248282 181745 22778 5
376241 77112 7195 6
129050 30777 62387 6
111983 170600 53002 3
58274 124990 42923 6
59200 31395 86403 4
107600 154890 77861 6
10268 24707 82167 3
301675 16390 49382 2
256997 44611 55026 1
130414 35092 69117 2
98329 166527 69964 4
120476 161002 10520 1
260467 91532 21266 2
75957 38615 74234 6
232402 123063 14757 1
130558 19044 102495 1
146030 175556 58957 2
232607 85417 13824 2
237618 144114 40539 4
255575 73860 3625 2
82193 115824 61937 1
94969 117991 92131 3
141342 71508 95950 2
188297 95776 24473 5
67627 18981 81558 2
16554 78927 116161 2
207280 119386 43360 2
209215 181662 14140 5
36224 39437 98040 3
113955 104583 20917 5
176363 116170 12376 2
261642 184550 1589 4
2216 62867 44108 2
306570 79724 8763 4
1746 154481 52803 1
303895 159913 7713 5
239899 131941 28315 3
236877 10537 64814 5
136942 58410 94310 4
72316 63040 40829 6
349871 40912 16943 6
97105 115761 44963 3
237005 23262 17094 6
174031 126887 62774 6
67403 61253 43679 5
57443 22393 86380 4
13394 46507 84070 4
5850 122910 55554 2
269430 142569 22877 4
66746 4229 90616 2
324548 39540 24329 3
6032 77667 97399 1
40272 136792 99903 5
317425 2071 15861 4
126582 164085 40822 3
23906 10981 119379 5
311427 108928 4012 2
259298 136654 15155 1
199425 86099 66566 5
3844 17841 81003 2
157960 2818 38145 3
165952 35628 90443 1
100104 44978 22379 1
268780 13035 37116 1
68349 21950 25110 2
112290 21962 38354 6
56242 11875 66919 3
16490 110708 23706 6
182361 134652 35338 1
121459 15203 100420 2
277390 34567 27470 3
33658 179468 18107 6
150990 202868 1207 5
28654 84216 34356 6
17771 195581 44348 5
178588 158615 10958 2
196205 23739 50130 6
33002 149229 80710 2
115616 185402 42645 5
106691 4306 48805 1
94190 41152 45833 6
97111 21277 47690 3
35268 4599 58819 1
8028 48975 82302 3
210398 112954 37398 1
3498 20355 54014 5
116607 12350 47378 2
32664 42639 82022 3
18150 161711 65886 2
27536 196136 29891 4
38404 99204 33538 4
35616 107897 117508 6
217406 76686 61644 4
195179 204469 4357 5
196697 43980 81252 6
125764 208062 37849 4
69207 64383 80468 4
193342 132592 21464 1
92242 99147 10028 2
132244 165961 66193 6
2053 15590 92074 2
191056 106754 48611 5
135044 49117 45353 3
18392 136684 89660 5
81779 4664 71134 1
156224 58522 93395 4
167239 15300 62805 1
217607 144294 23131 2
137642 201327 1837 3
207161 155522 42025 6
177661 49420 6350 3
119672 43276 6207 2
16343 63025 44594 5
107865 83861 101678 3
149255 56081 65951 5
75343 182202 45184 3
33671 76551 75710 5
57460 164276 20251 3
117322 103032 27707 5
115010 37530 37431 5
276267 37131 58100 4
154486 107806 19827 1
210025 225139 8748 1
27087 115933 6349 6
143531 186174 23282 6
240804 205779 17843 6
113444 101829 16182 1
310618 24194 50489 6
97326 140057 25565 2
79684 57379 34416 1
287982 20347 2837 6
29976 87349 98416 2
34889 59065 102754 6
219592 36833 64040 5
37079 84430 41770 4
14773 123002 73454 4
186180 15466 37434 4
186375 173983 37169 6
34561 63518 39948 2
151020 65108 69871 4
84799 66891 66475 2
117846 59781 78255 1
19152 126962 64465 6
64636 145663 83769 1
31704 23401 73432 5
207895 199682 26209 2
104008 140772 9251 2
68476 44728 118206 2
96814 34921 34550 6
114437 121780 82798 6
137750 28941 16675 6
8975 210465 23433 5
192675 152695 16057 2
131593 57664 59187 6
88229 9212 78973 6
65573 35838 125836 1
25104 147137 23138 1
36110 128947 99288 5
126937 170665 55967 2
255243 30670 52229 3
70503 68165 29994 4
64570 18544 9504 3
267049 33294 48112 6
82603 185457 66073 4
139709 19317 71469 2
178019 108505 40385 4
27444 41602 91745 1
203279 80184 63030 4
146470 39942 1342 1
110104 74885 9977 1
195184 6614 97900 1
198091 166707 15919 6
173059 141140 62726 3
280113 37341 33551 6
22310 7483 4798 2
22753 19350 107025 4
149044 197422 24525 3
26834 53462 64064 5
71014 37660 93432 4
71671 177672 20955 4
104710 59544 83856 5
159645 207494 42531 4
339782 27026 30389 1
252536 180146 12443 6
90655 90434 74841 6
83694 115685 40457 3
99460 66820 78402 4
70985 31708 99483 3
141885 154942 7160 3
87989 146485 59391 1
139163 38360 87111 6
228086 35699 39575 6
18527 59087 42568 2
68901 146212 76376 4
82134 137785 78242 2
296232 107306 8437 1
148475 120608 47437 3
89432 22357 19542 1
36251 105106 76733 5
283559 48624 47869 2
74400 94484 33172 3
82870 217296 30297 3
110590 113397 33974 5
27478 69727 101372 5
183937 132385 59803 1
2891 49906 109873 2
51951 137235 38783 6
138957 121539 63539 3
6691 188496 20112 4
123390 73748 68784 1
145060 155963 24256 2
31725 11061 121473 6
99980 178966 44512 2
2714 18057 63740 4
322097 39602 1930 6
136729 55067 69956 2
93031 32569 36427 6
291985 134694 18159 3
271291 158137 16483 6
145454 53979 65832 1
62905 95302 35345 5
82896 61538 100023 2
16438 155588 94117 1
171360 75571 85320 2
163705 136291 62557 5
219689 58939 18268 6
250188 14371 54895 6
40895 162522 9899 5
166886 64902 57414 1
20667 131828 2561 1
52936 64685 67222 2
37436 31498 97466 4
268410 48202 15830 5
57682 32854 25516 2
398529 63420 1085 6
155031 2740 35390 6
3383 206647 43855 1
94728 37092 27922 5
223057 11426 50894 5
107516 205721 19642 3
46026 63346 38448 3
384274 76155 6057 5
186788 104839 11570 5
1414 23509 74176 2
2091 92796 79772 5
23831 36522 39643 6
130584 161220 67285 4
94088 209312 24490 2
43067 160591 86751 5
28768 141211 29330 4
119410 127889 9003 1
18178 127793 79316 5
156771 106688 50486 6
360647 64846 6134 4
88930 23665 103881 2
141002 49695 40188 6
47989 187368 31564 1
264760 134619 15444 4
309540 47343 1804 1
40358 70081 6719 4
159583 175290 18445 6
404933 15425 24122 1
116720 32479 107305 2
18214 169930 35779 5
73382 107406 95290 4
98103 167514 10760 3
371855 22775 7412 6
29229 29469 14887 4
103697 101817 70397 5
93057 129942 68295 1
208114 90832 33929 2
167306 183859 4044 2
72708 196550 49681 3
220642 63802 29510 1
182827 69244 77882 1
58544 1741 9821 2
7842 117947 32248 2
192257 15542 46226 6
42631 115930 43720 4
119785 70048 40071 5
79152 4348 70802 4
223088 34878 22916 5
168483 37713 14100 3
405860 37707 9300 6
295650 65434 35196 2
202847 45070 6881 6
178827 121543 51027 2
86718 236393 13629 6
188129 18050 55229 5
337610 46447 34830 2
61932 68193 98602 4
195751 37676 71311 3
145658 126500 34778 4
124689 4655 104775 1
121539 19145 30999 1
192089 221206 28470 6
39164 50746 104622 2
95911 169960 76396 1
36271 71663 115249 6
61984 36743 31853 1
158276 11604 81929 4
87258 163113 74895 3
216010 153090 25046 3
45946 40684 8202 1
122429 9846 49772 3
76214 38256 93417 4
213747 115353 57290 5
94923 80057 68145 5
49533 122836 2506 2
73242 107530 59480 2
121065 10021 38376 1
126101 17796 61083 3
359794 44714 4879 2
21508 117718 88644 6
12643 9848 82669 3
246560 10464 28126 2
195742 9438 93061 5
263525 210765 5868 4
95523 170327 77031 5
99363 59645 6246 4
153540 3816 16286 3
208387 51441 38263 5
143626 22854 9884 2
72012 66020 53449 2
136132 127175 45002 5
161266 91103 61512 3
79134 121737 40055 3
82152 2303 123294 3
129539 97163 52565 5
17979 124751 114748 6
9209 26037 11425 1
86461 59628 45607 4
276145 165438 19219 5
99600 102897 75952 2
162820 23676 42032 3
186853 157187 24441 1
150469 12174 96893 3
80193 52410 17586 2
259239 135678 8801 2
162385 183936 37801 5
39230 58321 42134 4
214694 183328 17274 1
51789 86797 108138 4
17961 84516 57570 1
146799 205002 11485 6
122963 59428 44021 2
150932 67141 16149 2
238269 148599 22562 2
217302 4448 56910 3
119816 113962 21539 4
59184 22145 70427 6
2133 74997 66056 3
113477 26252 18305 1
74315 47343 11382 3
78338 104956 29201 5
96965 71150 62597 2
281082 15533 20643 6
122322 17458 1279 1
184812 197222 33741 1
33039 177231 67945 3
193515 32950 84874 6
121386 43603 30736 5
174213 77109 32418 6
79249 172525 51688 1
122050 48093 56522 3
25667 183788 51977 6
22798 86183 93780 1
111557 237246 12388 5
181920 129288 28973 6
79841 70166 14961 5
42644 84976 120668 1
32400 22716 117480 4
198732 86252 7386 4
59403 138018 30544 2
222363 99820 60609 2
55836 35777 50274 5
122140 147770 6504 4
115253 167857 58023 3
131439 72387 68656 5
54414 153556 69897 6
208568 50265 57202 2
292619 34084 50422 1
125775 157912 20424 4
230436 33078 72893 6
48279 161052 60112 2
266005 148805 2910 2
71571 39586 21645 6
221909 7285 12886 4
99299 160933 25938 6
63412 45224 27487 6
64746 86623 2413 1
165735 169172 15250 3
146447 31772 32855 2
8974 141925 3762 4
379482 22208 22098 4
226289 190446 21464 4
86926 2965 76376 5
150607 44633 46657 1
65905 64003 73439 2
316395 151927 4868 3
183221 69106 21136 3
243239 4034 47765 2
35888 11265 11409 3
367678 27197 24974 1
71646 144172 10536 6
28222 32619 72906 1
212837 47794 37197 2
186009 28527 4372 3
60797 31691 29599 2
152227 164499 53794 1
53819 131838 53915 2
42878 50320 57371 6
49731 158504 8602 5
62367 56824 66933 1
280063 43968 48526 2
220730 60058 1257 6
124566 199817 11957 5
280107 75622 40962 4
221069 164097 35427 6
113101 9124 101735 1
70098 14748 78352 2
175911 172562 9016 3
270012 119850 25469 2
129579 64322 91424 3
287133 38752 26302 2
23527 82970 53410 3
66673 59495 77532 4
142180 95237 13445 6
86805 163088 64218 5
4967 92847 101117 5
5873 163143 81636 4
109872 1121 72221 2
217093 106311 59071 4
219591 12579 2021 5
198565 192378 14897 5
200
80594 16868 50965 3
41729 24087 57731 6
23041 30811 54593 6
15144 39462 54233 1
16020 13385 57423 1
21711 34032 67790 1
69609 23272 49734 2
36264 52061 49709 4
36285 45322 51655 3
25062 14074 65950 2
25145 32615 55098 6
33338 50537 48162 5
65184 28346 49426 6
18767 57097 47865 1
51438 14148 53850 3
38596 42758 48080 3
44347 13038 64733 4
12939 15849 48312 6
32476 29205 63141 6
17167 28690 63091 4
9750 35343 56269 4
36319 12505 62963 4
25433 19907 64242 2
30871 26144 61781 3
17707 28361 67219 6
43066 56581 48878 5
39780 21767 63171 4
40411 20084 57418 6
21452 24526 47373 2
83563 18616 49287 4
36773 23069 53153 3
28434 13181 65815 4
84393 21993 48923 1
13528 36258 49143 1
28428 23642 61143 4
31079 28260 58202 3
19699 26202 61917 4
13665 24426 66807 1
25162 16309 52744 1
10046 30256 71682 1
65063 31008 50464 4
22281 11416 64607 2
34316 34646 47124 3
25417 41866 53547 1
49766 27168 48390 6
50731 12069 64335 6
10463 17787 50608 3
48859 47160 51578 6
60536 30999 50421 2
35555 24449 51354 3
45216 19149 58688 1
27166 41152 59276 6
44031 33639 57731 5
15881 27617 60821 2
14661 43803 56304 4
34872 15353 55483 6
66477 37838 49020 2
31414 45962 60730 2
36981 22768 51228 5
26491 40145 60662 6
54369 23691 55151 2
31511 25206 65566 3
15168 45620 61567 2
60881 25478 47202 1
47129 24761 47230 3
14407 23974 55203 3
18796 34741 51428 3
72933 18657 54058 2
36824 18944 65358 2
62796 13624 55822 1
23683 27705 51469 6
50321 29936 47639 1
58536 12522 57258 1
17786 23299 51493 4
53735 18430 58086 1
44929 43135 50091 1
22218 29737 51116 6
30748 32704 62172 6
12220 25219 65830 3
18993 38822 52991 6
24989 23047 56214 2
40460 20557 58159 2
36438 16190 49686 4
42145 20333 57361 4
59643 16215 50655 1
25130 17511 51867 1
56517 13745 49866 6
17932 28677 66459 6
41483 14444 68234 4
24887 21423 55128 6
63751 15123 48199 6
35054 15700 54906 5
39185 26339 64172 1
59127 57213 47622 5
10388 35239 49964 2
81466 18987 53160 6
34279 34885 48965 3
43959 20734 58166 3
27376 11328 53341 4
30000 41794 52471 2
13894 28382 49846 2
54315 30581 58368 5
79248 19018 50483 2
53184 30978 51486 4
60403 35795 50702 1
68046 30929 52261 6
11583 14213 66062 5
74116 24295 51584 6
10538 12515 71884 2
12975 45185 47691 3
50473 29860 57890 3
20323 25852 61888 6
40388 28568 52637 6
61776 11707 58701 3
24132 39736 55230 4
27990 27634 47786 1
13275 50629 47329 6
53917 38233 54717 3
25296 43746 52517 1
36133 11032 48765 4
19387 29484 60850 6
35662 33273 49051 4
50657 28210 58845 4
33097 47394 59475 1
13410 37286 56080 6
18255 31840 62859 3
9275 26257 69069 6
33928 19101 65848 2
38550 29010 63984 2
33465 13655 60907 5
21984 14053 66158 1
18672 15284 54080 4
44101 23313 56078 2
27463 33631 60899 5
76316 29398 50079 6
67092 23121 51044 4
44747 45466 54213 5
28772 17751 67051 5
13112 22600 55930 4
12628 20063 65473 3
42055 47893 47138 1
39022 17420 63304 6
16370 47389 48112 2
27872 21606 54013 6
31945 34636 51598 1
51929 12106 48666 2
62075 34662 54066 5
31062 32647 52615 6
48600 45162 51739 5
11219 45338 57619 2
80223 23216 50749 6
10229 18094 68994 6
43570 13181 62083 6
63481 28866 54474 6
50534 42638 54510 5
39974 19669 64610 4
10946 15308 58451 3
22479 46109 56312 4
41453 18428 51955 1
12026 11890 68095 4
62623 30581 49527 1
11555 46838 53343 1
25934 22828 69198 4
14234 31932 53049 4
28998 37672 48579 1
63290 15074 55117 5
9295 31634 59753 6
17015 44717 52364 4
32640 28324 60553 1
82076 23280 50208 4
61454 14536 58259 5
31015 15362 56824 3
29690 28184 63339 4
17419 26450 51991 2
13493 12450 70206 4
11494 22062 47272 4
49827 32177 51373 6
54431 31936 55558 4
22238 50317 48015 2
25412 36680 52571 2
44646 12867 53761 1
66921 34328 51553 4
16122 35291 51138 1
26379 44003 48630 2
46884 31270 51782 5
59924 25049 50463 3
52391 42959 53545 5
45025 12437 54630 1
56080 15298 59444 2
86951 24144 48858 2
17503 25755 57800 4
31448 50179 48770 5
14804 28635 65941 2
77839 14916 54392 4
101781 12571 48355 5
62674 16676 51939 2
12425 34856 61260 5
13163 25178 64740 5
35628 18468 54685 3
32608 50050 56420 2
123
250542 120729 225085 6
140452 191786 692110 4
677743 393654 825222 4
606078 747226 594084 2
437301 651154 957470 6
202189 863059 922027 8
170690 271744 748709 6
502530 930043 382427 7
735633 129528 84587 7
455199 915455 734095 11
584254 44441 993584 8
14901 448426 239935 9
681766 429809 51742 11
737439 883445 504499 8
761988 42574 899780 7
519642 443061 206766 3
682239 979569 903582 3
304128 640887 546551 7
414728 759454 259302 7
926117 714338 605017 7
837151 363090 486154 7
927579 914211 737491 4
813881 874813 381346 4
324856 156370 337611 5
603598 79595 321196 8
505476 230574 329196 8
535620 299464 762547 5
251813 628645 176928 1
71833 606752 385969 4
63860 844711 932216 6
911581 849254 452359 4
188882 848854 520428 1
944825 35113 528936 1
801041 933949 257988 8
395270 377350 631375 6
283053 197569 740496 2
654000 834321 503147 5
432467 894442 379688 5
478509 318791 628670 5
926479 527390 534936 1
591281 5297 65646 7
433847 624682 128189 3
231204 831660 290251 11
807539 14205 560615 4
172762 75259 729057 6
20161 459556 681703 2
888340 168427 354546 2
883588 870432 783938 1
264786 621900 962624 9
737567 457342 828137 6
851217 133919 99957 8
366293 322356 554907 2
801818 831316 511240 8
381606 850890 421834 8
312686 391985 262113 7
122245 631015 326031 4
716499 570600 82693 8
197370 313419 880826 8
341070 500009 865142 2
986230 639660 588273 2
235251 21404 774992 8
985030 345994 180309 6
539845 28105 367775 7
762241 399125 959295 2
544822 291631 725999 8
323460 300505 805841 8
423909 364442 701529 5
402328 48561 534713 4
86505 36067 331747 11
374876 274949 194854 4
527623 512429 742446 5
271501 580047 493349 3
788179 131985 984081 4
988315 982146 876047 10
183873 936516 843354 8
446730 381877 829211 6
3986 368027 263295 5
896270 528995 769992 3
65969 569575 599 4
539304 980447 904673 3
471191 140449 177359 6
152124 17055 589178 9
310801 978838 60563 8
381767 914329 622668 9
752834 394980 399501 3
711258 721139 604001 10
913217 861962 304831 4
462989 18940 292014 9
115732 795243 753491 7
909638 260855 408034 8
87033 514225 506760 10
909309 708642 846365 6
289654 780640 708144 6
55343 932477 798785 7
204629 255627 674817 9
735824 444254 199778 8
350298 870899 440187 9
569240 367134 683527 10
629228 114055 734687 10
873213 143154 876841 11
151622 611710 255802 11
882892 61926 256908 7
410221 931404 767026 2
27939 253542 571996 11
764691 138561 792703 5
127946 397056 718683 11
786298 567061 805975 4
608393 612583 656959 7
497318 508379 973723 9
885004 151481 745299 2
107263 911177 130389 9
340304 509163 553868 4
583520 282200 529220 8
723049 156001 83566 10
794828 98670 281445 2
256167 274595 86732 7
821800 419614 572299 1
800272 821969 410878 10
610582 98339 14835 6
164999 990499 437844 9
222611 654519 704867 4
156149 308925 851903 4
245455 55445 504053 6
555
137467 50681 58915 1
105239 91098 26350 5
25821 79541 70650 6
21782 177111 5101 5
199243 62770 2407 3
45309 58711 79578 2
107646 103628 51298 5
5287 112811 31544 3
273240 3947 32895 3
18120 58070 75270 3
114135 41411 19632 1
183866 17384 27613 5
115617 81413 46245 5
89218 43276 87302 1
24608 43313 23252 4
106678 123727 15677 2
15317 100832 48844 6
12993 129870 70595 5
89140 111852 47358 1
238786 26750 13979 2
196568 5260 62446 2
12151 60694 48337 2
279318 14082 26005 4
81945 160941 18857 4
61838 9001 92347 6
53230 119642 66354 2
245202 26460 36751 1
164847 33996 44500 4
4321 79099 78173 3
114688 134126 2865 4
88218 173694 15965 3
289858 36609 7186 2
150277 168961 25874 3
116796 59804 59021 6
139302 49459 9037 2
39225 61322 99273 6
81847 117506 10392 6
169027 107998 14893 6
157736 136539 2199 3
36659 76367 73277 5
83444 22485 83507 1
20230 44672 8612 3
126803 166073 34346 4
9170 13136 2885 6
4938 3481 67597 6
207793 37691 3819 4
36947 41428 69220 2
260271 82845 18848 1
165299 96326 24504 2
151528 65146 36720 6
160796 133531 24164 4
23169 95835 60655 2
147873 25865 28092 3
103934 50252 65577 4
147098 8585 40970 1
250769 117766 7223 6
188401 191882 6964 6
301400 4482 25044 4
225259 90242 9015 1
155934 19603 54912 5
108324 100799 7012 3
37141 126777 48844 4
49137 152374 22523 1
159829 22582 2809 5
136348 110827 12324 5
10829 166859 28952 6
212790 11392 16951 4
53011 150323 31029 6
71065 98724 42382 2
236900 11146 22108 6
213973 74431 6138 6
497 14767 8134 5
219111 45503 40649 5
84910 69197 68971 6
146907 27959 55838 3
50623 55484 78277 5
5054 123807 41144 2
132520 6607 30378 3
27204 143638 9807 4
187524 17028 49733 5
19423 76086 34738 5
121488 117605 52480 5
171881 51199 29916 1
152211 153908 19405 4
21536 25369 83086 1
124306 134562 30276 2
64472 104975 19544 3
56738 142852 20313 3
169835 6845 61701 5
187134 8304 62470 4
243702 43312 17094 4
144269 114842 45751 1
21759 119048 67509 5
133847 38237 40042 2
177746 95747 22707 5
221270 70864 8147 2
45488 70929 58315 5
161835 63268 23686 1
43154 11728 99024 1
12700 107637 12929 3
255473 37628 17572 1
96985 65201 44098 5
267699 28415 10736 6
235979 109636 9826 4
139053 84925 19654 4
153859 88644 44905 2
166056 172914 18935 3
94583 90653 56001 4
279240 10519 3187 4
206330 87445 21206 6
3420 137060 62525 4
100488 109519 62337 5
109604 114274 13576 6
263403 15177 20437 3
100252 4568 80548 4
214559 134070 6488 2
193366 125524 23670 3
159109 134547 26430 4
59838 128840 28859 2
69665 62724 21517 3
62297 10662 54987 2
23049 32084 30453 2
131690 38240 11674 1
208211 119401 11582 1
5496 75104 56554 2
197796 97568 17571 2
39709 95772 12055 2
346581 10677 13682 2
76913 174441 10171 1
15672 59087 61737 3
328798 6673 20124 6
66636 76058 4027 4
57038 43950 62993 2
77729 20097 71029 2
114901 58529 36016 2
78009 19131 99155 2
41985 53841 34406 2
36628 64582 9422 1
58244 86972 13621 5
208499 106550 12226 4
50272 80846 62676 5
62121 59891 57983 3
58865 100672 67191 4
52910 147211 6369 4
265328 34726 22798 3
11629 43510 54402 1
28241 24417 91138 6
174297 121992 32207 3
100872 23927 32066 4
49917 13839 69855 3
117899 51890 58145 1
238910 4883 14953 2
29816 67518 96000 5
263906 22955 32060 1
226433 55164 25192 2
5702 4183 85544 2
22492 175395 24315 5
76676 62206 87223 3
121577 17629 48540 3
236574 117337 10744 6
4063 124660 33636 1
38521 132388 174 5
231362 40290 3495 4
164279 120205 23881 4
78088 66744 48892 4
76389 166220 8207 6
59664 55665 67015 6
144575 17028 25427 1
57101 61443 7740 1
69183 105956 37632 4
200219 125324 3031 1
46065 46895 23194 3
126129 165046 1710 1
118471 10706 55470 2
100130 2445 39077 4
136276 9718 68853 4
48542 55788 49624 2
58278 18081 70190 5
213377 45683 46487 3
115994 46960 66124 2
10957 74295 14707 6
138134 10784 56814 5
48163 17168 43332 1
226026 41745 9949 5
148087 85619 43134 5
148528 77993 2712 6
37806 19070 63322 4
101879 104271 54311 5
28842 104396 28604 4
105518 53182 7048 2
96515 7690 15391 4
204397 176913 5716 3
12454 144142 10066 2
4314 8561 1593 2
305556 2484 13453 5
61340 80781 43000 5
289554 91038 5559 5
1347 114147 37375 4
266768 57011 2792 3
156812 18186 37531 2
51801 143950 2434 4
243131 32475 37376 3
128865 68078 59698 4
66189 42555 74105 6
81260 23848 57798 4
17360 103026 83352 2
73578 30897 90057 1
81155 139679 23117 2
22809 9681 8538 5
117396 104592 45814 1
6086 32925 47407 2
274935 25431 9132 6
161976 87534 38438 1
100475 99652 39809 2
19626 98710 41588 3
96079 58214 62650 6
136458 61201 26884 5
94362 146727 10212 1
24181 55744 40808 3
110225 126786 48865 6
142681 44851 24823 4
226689 36622 16285 1
37997 121916 28297 2
148886 32185 53441 1
84029 140855 33415 3
134347 169250 25110 2
158269 111466 18448 2
1503 45542 13427 4
194515 75212 26262 3
264958 31022 10710 5
33688 97770 28894 2
221669 56322 14555 5
291517 34074 12372 3
97576 153984 13424 1
13664 129854 35216 3
55725 74016 1694 3
174946 159495 20599 5
29471 133568 6290 6
109600 101028 25455 6
55091 191373 10808 4
34972 44644 7947 1
129261 19133 83707 4
103445 181682 11449 2
196406 73970 36383 2
87215 70761 36551 6
19074 138017 49414 6
25363 84993 35545 2
22332 40094 67360 4
168168 80351 18091 4
187373 122380 3589 1
78582 139768 12808 2
154974 79070 26514 6
155562 22148 14921 6
58968 28463 72872 6
81087 31956 14949 2
85639 13542 37084 4
244791 11456 7510 5
82206 75622 80551 6
26652 81569 13486 5
144126 35578 15864 5
218230 51591 9113 4
92980 149022 6451 2
226255 61597 15004 4
171671 103266 36591 6
5318 82641 83411 5
168146 99708 9339 5
233228 100707 19259 6
90084 63936 6726 1
35492 192128 1764 4
39031 34373 76560 2
126614 15685 27271 6
162239 103581 27515 2
189182 7834 25990 3
171300 43397 36341 2
58532 186629 4436 1
34627 30456 79788 3
14173 38102 15978 2
81673 10183 76100 3
96216 84390 41210 6
127790 21061 62079 3
181174 59767 4978 3
19020 48658 10966 5
32631 163308 32992 1
218880 46407 38636 4
30798 93243 14335 4
114620 119193 22240 2
95812 150219 44076 5
87393 5604 92647 4
34175 79616 20652 3
70451 155740 43861 2
19197 127539 56178 6
112722 96256 61036 6
14343 8039 26186 2
10433 21210 43433 5
85451 56530 39176 5
207989 14600 14950 2
9981 78585 15702 5
273474 28515 27912 4
62850 56650 51691 2
184991 136342 6987 3
7467 79057 71779 4
1633 50648 87986 6
155177 80736 21497 3
56027 84889 87188 3
311915 30859 13262 4
388238 9038 1390 4
59711 46403 30660 2
209471 29794 13684 3
243694 49800 20349 2
186748 138408 2524 6
8043 184834 1840 6
112840 24007 42284 4
221484 69729 20982 1
14606 97551 54708 3
24750 46536 27989 3
209676 73586 35210 2
71126 12532 23762 3
130785 144743 28391 5
51414 38027 78313 4
145808 141811 37827 1
44248 119845 42363 6
4638 14331 34345 1
41516 93323 27147 1
355886 10019 1572 1
58960 18979 63225 2
68502 144441 56454 4
13940 41579 55092 1
112174 62643 40835 5
80604 85745 34398 5
18885 136476 15409 2
40147 80500 36101 4
34819 87465 25983 3
27501 25619 24002 3
168288 34431 21694 6
164990 56210 57538 4
129378 34997 7013 3
46026 138027 48039 3
25277 191274 7666 6
100331 131913 6056 6
79153 32978 60875 6
20402 54982 17839 5
54653 133273 12782 6
48573 8378 10909 4
212859 41947 21287 1
17759 102237 68616 1
100899 107915 30306 6
113663 153567 21813 3
127073 32475 49195 2
9056 33215 83326 4
159971 122508 31881 3
95257 78975 42369 2
95089 42697 27244 5
302080 40746 12348 4
60690 173509 23660 6
41373 63599 25765 6
192962 48659 16412 2
314766 26177 11823 6
221630 120666 19078 6
33925 89411 54757 2
141436 113183 4549 5
175222 9774 65569 6
203573 12495 42179 4
204195 55949 418 4
9427 121468 13431 6
125179 10102 52964 1
234658 12785 46532 4
234670 21201 44062 6
83335 57158 60553 2
116787 24625 52493 1
44550 125116 53249 5
84426 69926 76750 4
100422 17112 63804 5
34194 93174 87524 3
190821 53781 51009 3
3711 163880 36852 5
311956 55576 4699 3
149807 16998 35074 5
161770 20381 54169 6
118838 63125 27525 3
253113 62535 13790 5
22232 151992 48021 2
153457 42033 59287 5
336755 19154 7935 4
210856 72198 39620 1
65169 95785 8881 2
63344 112447 24162 1
14127 74179 85581 4
26044 170099 3799 6
16504 65172 18447 1
18240 39316 88294 5
105652 66940 60442 6
126278 3732 16033 5
60714 88988 20488 3
19028 53956 54378 5
243028 50462 34551 1
22896 18115 24938 4
167898 69954 30483 6
52043 68432 40402 6
72461 5351 34145 2
147710 49311 18188 1
99844 20560 64238 5
161849 63435 6636 3
15179 18340 2316 6
212752 55200 42155 5
49537 126320 23702 1
142847 10299 10196 5
50225 73367 25417 2
44302 23935 43225 5
16975 15586 5078 5
11895 50740 51474 3
120614 31151 67812 4
127034 72709 7828 3
133700 49212 8448 6
259698 76532 3425 1
241029 35615 4648 4
93370 179494 21433 3
327996 20394 2635 1
234582 71842 15008 1
246062 92340 9500 1
91940 101350 58127 6
248124 17756 37003 3
124885 10295 13840 3
179792 15375 12021 4
99872 100859 56793 6
28383 66668 64010 4
85116 142539 15279 4
40450 130420 3689 1
5818 118388 75972 3
53123 37359 85499 6
31693 36046 79820 4
176098 173455 2509 5
62724 92142 48352 4
14766 23250 28287 1
117830 130931 31978 6
82064 8139 60981 2
143029 172225 17123 5
225706 33939 28157 3
227513 11608 14793 2
210186 70433 5326 1
41929 178973 15486 5
19177 31746 12330 1
80789 155024 4468 6
303076 18030 17138 3
153522 3099 34318 6
154394 115474 31823 2
243022 58673 2074 6
152581 68060 7307 3
41123 149141 27529 6
11905 93637 52719 4
136400 172946 4918 5
83921 117406 59814 3
60606 141319 7658 5
26092 62104 15172 5
8096 37460 5924 4
106561 65038 28677 2
175034 109935 29072 3
79206 144897 53186 1
262099 17596 32256 1
171094 31027 48737 2
236170 14844 33148 6
155100 21097 4927 1
134100 26737 465 2
105369 171758 19434 5
33211 111005 8078 1
133070 62380 4181 5
79567 72820 68480 1
156068 90835 41489 1
174911 66441 43335 4
168691 11119 59848 5
28424 99578 34668 2
107680 54789 12564 2
125987 79511 16487 1
131674 25320 75089 2
46673 28602 58642 5
39170 34422 35142 1
248868 47014 21604 5
22454 41221 60544 2
67661 56626 73107 6
91416 33442 14449 5
45989 43927 74808 2
208960 114308 22401 4
149385 149822 2501 3
41180 15796 100133 1
87591 51792 11002 2
205753 23140 11395 3
124800 3891 71493 6
216630 150583 11543 3
254640 5466 33822 5
25557 10681 47024 5
121402 186582 596 6
119169 173340 26047 5
33278 25561 10532 1
107829 123043 18179 2
138781 129082 39379 6
218643 111117 24016 6
94522 99248 51765 6
257512 64790 10994 2
29159 121581 35337 6
70868 134885 24935 6
26588 143090 56908 6
194650 109232 11217 3
101992 26896 18625 3
110193 54604 14895 4
39032 49814 90656 3
96452 111456 49641 6
177815 74652 20422 3
50665 167908 23914 2
61485 83976 36175 2
26393 88957 47648 2
24130 112919 7786 2
165059 62149 15296 6
131701 100917 14273 4
105828 77506 60066 1
101785 137503 38970 6
7230 73932 19881 2
1618 142266 10977 5
114358 14475 23687 1
25581 145939 14216 2
176462 5395 65532 4
17440 130141 70799 2
7949 2509 15331 4
72582 14515 88011 2
43133 150883 19777 5
85516 99522 36665 5
34055 53597 10870 1
67554 91922 64900 4
92179 83868 37045 1
43174 93008 88450 6
46964 122172 34936 6
190097 20435 61731 5
31602 32869 61753 6
21755 132510 28698 4
226037 19822 52221 4
308150 8404 27282 5
222746 19586 42659 3
217378 25198 13802 4
230740 86287 1128 3
211705 11991 13840 1
34294 127946 52982 6
25388 42149 19624 2
105186 55536 3046 1
133863 122518 43086 1
108313 153002 36253 6
71103 28132 5962 4
114021 111349 19666 1
96605 123323 54848 1
245138 77039 7544 4
1193 10918 36820 6
67361 85334 64495 6
95730 51374 43405 6
164279 119822 10594 2
10988 92215 98660 3
6246 112420 6342 6
103282 99573 28527 2
48208 7804 39836 1
4
0 0 0 1
1 2 0 1
3 4 0 1
2 1 0 1
700
60 20 50 1
70 10 60 3
40 0 10 3
50 20 30 1
60 60 10 3
20 40 30 2
0 10 40 3
90 30 0 3
80 90 30 1
50 40 60 3
60 50 30 2
90 70 60 1
60 40 50 2
0 90 50 3
30 20 40 1
50 40 30 1
80 30 50 3
40 80 50 2
30 10 50 3
60 50 60 1
70 30 30 3
10 0 0 1
90 50 30 1
70 20 20 3
0 0 20 3
30 0 20 3
10 70 10 1
20 60 20 2
10 50 20 2
50 90 0 2
80 20 0 3
70 70 20 2
20 50 10 1
0 80 60 3
30 60 0 3
20 20 0 2
40 70 60 1
20 0 50 1
90 60 60 3
80 10 50 3
80 40 10 2
30 30 20 3
30 20 20 3
50 70 10 3
40 10 0 1
80 90 60 3
30 30 10 3
40 20 30 1
30 70 20 1
20 0 20 3
10 60 60 1
20 60 60 3
40 50 40 2
40 60 20 2
0 80 30 1
0 10 50 1
90 20 40 2
0 30 20 1
50 40 20 3
60 50 50 1
50 60 20 2
10 10 20 3
90 70 40 3
50 60 40 1
40 90 50 1
60 60 0 1
20 10 10 3
10 60 40 1
40 90 0 1
10 30 30 3
90 40 20 1
50 90 20 2
10 20 40 1
0 70 50 1
70 90 10 2
30 90 10 3
60 30 20 1
40 30 30 3
70 90 0 1
50 0 0 1
60 10 10 3
50 70 0 3
0 60 10 1
40 80 30 1
10 80 0 3
80 0 10 2
70 10 30 3
50 0 20 3
20 50 20 1
90 40 50 1
80 60 0 1
80 0 50 3
60 10 60 1
10 90 60 1
60 10 20 1
40 70 10 3
40 20 40 1
0 60 60 3
0 20 60 2
70 40 40 1
20 40 50 1
20 50 50 3
80 0 30 3
10 30 60 2
60 60 50 1
40 40 0 3
50 60 60 3
10 0 40 3
30 10 60 1
30 20 30 2
10 50 30 2
70 10 40 2
80 40 30 2
70 40 20 3
20 70 20 1
50 30 50 3
60 30 60 2
0 20 30 2
30 0 40 1
60 90 20 3
10 70 50 2
40 70 20 1
90 0 20 3
60 70 0 1
50 90 50 1
10 70 60 3
20 10 30 3
30 50 60 3
80 50 60 1
80 50 20 2
20 0 60 3
50 20 40 3
10 30 40 1
90 90 30 2
10 60 10 3
50 80 0 3
30 60 40 2
90 0 40 3
10 20 50 3
10 80 60 1
80 70 40 2
90 60 30 2
0 20 20 2
60 70 40 2
30 80 40 3
0 0 10 1
0 80 0 3
90 10 50 3
80 50 30 2
90 0 0 2
30 90 50 3
70 70 60 2
20 60 40 1
10 20 20 1
70 90 60 2
10 90 10 3
10 60 20 3
60 10 30 3
80 90 40 2
10 30 20 3
0 50 10 2
90 40 40 1
90 70 30 1
80 30 0 2
50 50 0 3
40 60 60 3
40 50 20 1
30 0 30 1
30 70 50 1
30 60 50 2
70 60 0 3
40 80 60 3
80 80 10 1
80 90 50 2
40 90 20 1
60 20 10 3
60 20 40 2
90 90 50 3
40 50 50 1
80 80 30 2
20 70 50 1
0 70 0 2
10 80 40 1
20 90 60 1
10 50 60 3
40 70 50 3
80 90 20 1
10 80 20 2
70 0 30 2
50 90 40 3
70 40 0 2
40 90 10 3
60 50 40 3
70 20 10 3
80 50 0 1
70 20 30 2
70 60 40 2
30 80 20 1
50 20 0 1
80 60 20 2
40 20 0 1
40 90 40 3
20 80 50 1
20 50 40 1
10 10 60 3
70 60 20 2
20 60 0 2
60 0 30 2
90 10 0 1
30 70 40 1
20 20 40 3
10 10 50 2
30 30 0 2
40 20 50 3
50 60 0 3
30 20 10 1
70 10 20 3
0 90 30 3
70 80 0 3
60 40 10 1
60 10 40 2
20 50 0 3
30 30 40 3
60 80 30 3
10 20 0 2
70 30 0 3
60 60 60 1
60 70 30 1
10 20 30 3
60 90 30 1
60 0 20 1
90 30 40 1
10 60 50 1
50 10 30 2
80 40 20 1
30 10 20 3
20 50 30 1
30 50 20 2
0 70 20 2
90 0 50 1
30 50 30 3
70 70 30 2
50 50 30 1
90 10 10 3
40 60 40 2
0 60 40 1
0 90 10 3
40 0 30 3
70 10 10 2
60 90 60 2
0 80 10 3
50 70 50 3
80 0 0 2
0 40 40 2
10 0 10 1
10 90 40 2
10 40 50 2
30 90 0 3
60 30 0 2
60 50 0 1
20 10 20 2
20 30 60 2
60 40 60 3
90 0 60 3
40 10 40 2
20 90 30 3
30 50 50 2
60 60 20 3
30 60 60 3
50 80 60 1
0 60 20 1
80 20 60 3
90 50 10 3
90 10 20 3
70 80 40 3
0 10 30 1
50 0 10 1
70 0 60 3
80 30 60 1
10 0 30 3
70 40 30 3
90 60 20 1
50 90 30 1
30 40 50 2
0 20 0 1
50 80 50 3
20 80 40 1
80 20 10 3
0 0 0 2
10 40 30 3
10 90 50 1
90 20 10 1
70 20 0 1
90 0 30 3
30 30 50 1
20 10 50 1
50 0 40 3
70 30 60 1
20 30 40 3
10 30 50 1
50 70 40 2
10 50 10 1
30 90 30 1
70 0 40 1
80 80 40 2
50 80 20 3
20 30 30 3
10 0 50 2
0 20 40 1
90 90 40 3
60 40 20 2
90 80 30 3
60 60 30 1
80 10 60 2
90 50 0 1
70 80 50 2
30 20 60 1
20 70 10 2
0 10 0 1
0 40 60 1
0 80 20 1
80 10 40 3
30 40 0 1
80 80 20 1
30 10 30 3
20 20 50 3
20 40 60 1
40 30 60 1
90 40 60 1
30 30 30 3
90 60 50 2
20 10 0 3
80 10 10 1
50 60 50 3
60 30 10 3
30 40 30 3
70 50 30 3
30 0 50 3
0 30 30 1
20 20 60 1
50 0 30 1
80 60 60 3
90 70 50 3
40 40 30 3
60 30 50 1
20 80 30 1
30 80 10 3
30 40 40 1
40 20 60 1
0 10 10 1
20 10 40 3
0 30 60 2
40 70 0 2
90 60 0 1
60 0 0 2
90 80 60 2
90 20 30 1
40 40 20 3
0 10 60 1
80 80 0 2
30 50 40 3
70 60 60 3
20 90 50 1
90 80 20 2
70 70 10 1
90 80 40 1
70 0 20 1
80 40 60 3
90 20 0 3
10 80 50 2
30 80 50 3
70 80 10 3
30 80 30 3
60 70 10 3
60 20 60 3
60 90 0 1
60 70 50 1
20 30 50 3
0 50 0 2
0 0 30 3
70 40 60 1
60 70 60 2
0 60 30 1
20 80 0 3
80 20 30 1
50 30 0 3
70 70 50 1
90 80 10 3
20 70 60 3
80 10 20 1
20 30 0 3
90 30 10 3
60 80 0 1
0 20 50 2
80 30 30 1
40 50 10 3
10 60 0 1
70 50 60 3
0 30 50 3
90 60 40 2
50 10 20 3
40 60 50 3
40 10 10 3
90 90 20 3
90 40 0 2
40 80 10 2
50 0 50 3
10 40 0 3
50 90 60 2
40 0 20 2
40 50 0 3
50 50 40 1
10 10 10 3
90 90 0 3
90 10 30 3
60 50 20 1
30 10 10 1
10 10 0 1
40 60 10 2
10 40 60 3
20 10 60 2
60 80 10 3
80 70 0 1
90 20 20 1
90 30 20 3
70 70 0 3
80 0 20 1
10 80 10 2
30 40 10 2
20 40 10 1
80 60 10 2
60 90 40 1
40 30 50 1
50 80 30 2
60 20 0 1
20 80 60 2
90 0 10 2
80 60 40 2
20 0 0 1
10 40 20 2
40 10 50 1
90 50 40 2
30 90 40 2
60 40 0 1
80 50 50 3
30 70 30 1
30 30 60 3
70 0 0 1
40 90 60 1
90 30 60 1
50 20 60 1
20 20 30 1
30 90 20 3
10 70 0 1
20 0 30 2
10 50 40 2
0 90 20 1
70 30 10 1
0 50 30 1
70 90 50 2
0 40 0 3
40 90 30 1
40 10 30 2
10 90 20 1
40 80 20 1
20 60 30 1
60 10 0 2
70 20 50 1
60 20 30 3
30 10 40 3
50 50 10 3
40 40 10 3
40 30 0 2
70 0 10 2
40 60 0 3
30 80 0 3
20 60 10 3
0 0 60 1
50 10 10 1
0 60 0 1
0 90 40 3
60 30 30 3
20 40 20 3
20 60 50 2
40 20 10 1
70 70 40 1
40 30 20 2
0 70 30 2
60 90 50 1
70 80 60 1
20 0 10 3
70 10 50 3
70 60 50 3
80 80 50 1
60 80 50 2
40 50 60 1
50 30 40 2
50 10 0 3
70 80 30 3
30 60 20 3
70 60 10 2
60 0 50 3
10 70 20 2
80 70 20 1
50 30 10 3
50 10 60 3
80 70 10 3
0 70 40 3
80 20 50 3
90 20 60 3
50 80 40 1
0 80 40 1
80 50 40 2
80 70 60 1
0 40 50 3
60 80 40 2
50 60 10 2
60 0 40 2
60 30 40 1
70 90 20 2
50 50 20 1
70 30 20 3
80 30 40 1
50 40 50 2
70 50 40 2
60 10 50 1
90 70 20 3
60 0 60 2
20 90 10 3
0 70 60 3
40 60 30 1
0 30 0 1
20 70 30 2
50 60 30 3
90 10 40 2
10 30 10 1
0 70 10 2
50 70 30 1
30 40 20 1
50 30 60 3
30 50 10 3
60 40 30 3
30 40 60 2
40 70 40 2
70 50 20 2
40 0 40 1
20 90 40 2
20 70 40 3
20 20 10 1
0 10 20 3
80 40 50 3
0 80 50 2
70 30 40 1
80 40 40 1
30 20 50 1
50 70 20 1
10 70 30 2
90 40 10 3
80 30 20 3
10 10 30 2
0 90 60 3
20 90 0 3
80 30 10 2
0 30 40 3
20 90 20 2
80 90 10 3
10 20 60 1
80 70 30 2
60 80 20 2
60 40 40 2
30 80 60 1
40 0 60 3
70 30 50 1
90 50 20 3
40 20 20 2
50 10 50 3
40 70 30 1
70 90 40 2
40 0 50 2
70 40 50 1
60 60 40 2
10 70 40 2
20 80 20 2
90 80 0 3
10 90 0 3
0 20 10 3
80 20 20 1
80 0 40 3
20 80 10 2
50 20 50 3
60 70 20 2
30 10 0 2
0 0 50 2
90 30 50 1
50 30 30 1
0 40 30 2
10 60 30 2
40 50 30 3
80 10 30 3
50 10 40 2
20 20 20 2
40 10 60 3
20 30 20 2
20 40 0 3
80 0 60 3
90 90 10 2
70 20 40 3
20 50 60 2
70 60 30 2
30 20 0 1
30 90 60 2
10 30 0 1
50 30 20 1
40 30 40 3
10 90 30 2
0 50 50 1
20 0 40 2
30 70 0 1
60 90 10 2
70 40 10 3
80 70 50 2
90 50 60 2
80 60 30 3
10 40 10 1
10 0 20 3
50 40 40 1
90 20 50 2
0 40 10 2
50 50 60 2
70 80 20 1
60 20 20 1
40 30 10 3
70 50 50 3
80 80 60 3
70 50 10 2
40 40 60 3
70 0 50 3
50 20 10 2
0 30 10 2
90 70 10 2
40 0 0 2
80 10 0 1
50 40 0 1
20 30 10 1
80 90 0 3
50 80 10 3
0 50 20 2
90 70 0 2
0 0 40 2
10 80 30 2
90 40 30 2
40 40 50 3
0 90 0 3
0 60 50 3
10 0 60 3
80 60 50 2
30 70 60 3
60 80 60 2
50 70 60 1
70 10 0 3
40 80 0 1
30 0 10 2
30 70 10 3
40 80 40 1
10 50 50 2
20 70 0 3
10 40 40 2
60 50 10 3
90 80 50 1
30 50 0 2
0 50 40 3
40 40 40 2
90 50 50 2
50 20 20 1
30 60 10 1
30 0 60 2
80 20 40 3
20 40 40 1
90 30 30 1
70 20 60 3
80 40 0 3
60 0 10 3
30 60 30 1
0 50 60 2
0 40 20 2
10 10 40 1
50 0 60 1
30 0 0 1
90 60 10 3
70 50 0 2
40 10 20 1
50 40 10 2
80 50 10 1
90 90 60 1
50 50 50 2
70 90 30 1
10 50 0 1
10 20 10 1
50 90 10 3
90 10 60 1
