Case #1: 40 81 41 81 42 81 43 81 44 81 45 81 46 81 47 81 48 81 49 81 50 81 51 81 52 81 53 81 54 81 55 81 56 81 57 81 58 81 59 81 60 81 61 81 62 81 63 81 64 81 65 81 66 81 67 81 68 81 69 81 70 81 71 81 72 81 73 81 74 81 75 81 76 81 77 81 78 81 79 81 80 81 79 81 78 81
Case #2: 54 82 54 82 82 54 54 82 54 82 53 82 82 82 82 52 82 82 50 82 50 50 82 50 50 82 50 82 52 52 82 48 82 54 54 54 82 82 48 82 44 44 44 44 82 82 54 82 44 44 82 43 82 82 82 82 53 82 41 82 41 82 42 82 82 82 50 50 82 50 50 50 50 82 42 42 82 54 54 82 45
Case #3: 97 63 97 62 97 97 61 61 97 61 97 97 60 97 59 59 97 59 97 57 57 97 97 97 97 97 97 57 57 57 57 57 57 97 56 97 56 97 56 56 97 97 97 56 97 97 97 97 56 56 56 97 55 97 55 97 53 53 97 51 51 97 97 97 49 97 62 62 62 97 57 97 97 97 62 97 49 97 58 58 97 55 97 53 53 97 51 97 63 97 58 97 58 97 97 58 97 64 97 57
Case #4: 50 100 51 100 52 100 53 100 54 100 55 100 56 100 57 100 58 100 59 100 60 100 61 100 62 100 63 100 64 100 65 100 66 100 67 100 68 100 69 100 70 100 71 100 72 100 73 100 74 100 75 100 76 100 77 100 78 100 79 100 80 100 81 100 82 100 83 100 84 100 85 100 86 100 87 100 88 100 89 100 90 100 91 100 92 100 93 100 94 100 95 100 96 100 97 100 98 100 99 100
Case #5: 100 99 100 99 100 100 100 98 100 97 100 97 100 94 100 94 100 92 100 92 100 92 100 92 100 92 100 92 100 92 100 91 100 90 100 90 100 90 100 97 97 97 100 97 100 97 100 97 100 97 100 97 100 97 100 89 100 88 100 88 100 88 100 88 100 96 100 99 100 99 100 97 100 85 100 85 100 85 100 85 100 84 100 82 100 80 100 78 78 78 100 100 100 77 100 75 100 73 100 71
Case #6: 99 100 99 100 98 100 96 100 96 100 96 100 94 100 93 100 93 100 93 100 93 100 93 100 91 100 89 100 90 100 95 100 95 100 95 100 83 100 83 100 100 86 100 82 100 100 92 100 92 100 80 100 79 100 79 100 79 79 100 79 100 78 100 78 100 78 100 100 87 87 100 87 100 99 100 99 100 99 100 100 100 100 99 100 99 100 87 100 69 100 68 100 67 100 96 96 100 96 100 96
Case #7: 66 66 66 100 66 100 100 100 100 100 65 100 100 65 100 64 100 100 62 62 62 100 62 100 60 100 59 100 59 59 100 100 100 66 100 65 100 100 58 100 55 100 55 55 100 55 100 56 100 53 100 64 100 53 100 100 51 100 100 100 55 55 100 100 50 100 62 100 59 100 64 100 51 100 58 100 100 100 58 58 58 100 58 58 100 58 100 54 54 54 100 64 64 64 100 100 64 100 57 57
Case #8: 66 66 66 100 100 66 100 65 100 64 100 63 100 62 100 100 62 100 100 61 61 100 100 60 100 60 100 59 59 100 100 66 66 66 100 100 59 59 100 100 100 58 58 100 60 100 58 58 58 100 63 100 100 100 58 100 56 100 55 100 55 100 52 52 100 52 52 52 52 100 65 65 100 61 100 57 100 100 57 100 63 100 62 100 58 58 100 55 100 55 100 54 100 100 65 100 65 100 54 100
Case #9: 81 54 54 81 53 53 81 51 81 51 81 50 50 81 81 49 81 48 81 81 46 81 46 46 46 81 52 81 52 52 52 81 45 45 81 81 45 81 47 47 81 81 44 44 44 81 44 44 81 47 81 44 81 81 43 81 81 42 81 53 81 54 81 51 51 81 41 81 53 81 52 81 52 81 81 41 81 50 81 50 50 81 47 81 54 54 81 54 81 50 50 81 46 81 48 81
Case #10: 43 86 44 86 45 86 46 86 47 86 48 86 49 86 50 86 51 86 52 86 53 86 54 86 55 86 56 86 57 86 58 86 59 86 60 86 61 86 62 86 63 86 64 86 65 86 66 86 67 86 68 86 69 86 70 86 71 86 72 86 73 86 74 86 75 86 76 86 77 86 78 86 79 86 80 86 81 86 82 86 83 86 84 86 85 86 85 86 84 86 83 86 82
Case #11: 81 80 81 80 81 80 81 80 81 78 81 81 79 81 79 81 78 81 78 78 81 81 78 81 75 81 74 81 72 81 72 81 72 81 70 81 69 81 69 81 69 81 69 81 80 80 81 80 81 80 81 80 81 80 80 81 69 81 69 81 69 81 69 69 81 81 69 81 69 81 69 81 68 81 67 81 65 81 81 81 64 81 64 81 64 81 62 81 61 81 61 81 61
Case #12: 100 100 100 100 100 99 100 99 100 97 100 100 96 100 96 100 96 100 95 100 93 100 92 92 100 92 100 99 99 99 99 100 92 100 90 100 97 100 100 100 97 100 90 100 90 100 90 100 89 100 87 100 85 100 84 100 84 100 84 100 82 100 79 100 79 100 79 100 77 100 76 100 75 75 75 75 100 75 100 75 100 100 88 100 96 100 96 100 72 100 100 71 100 69 100 68 100 68 100 67
Case #13: 58 88 57 88 57 88 55 88 88 54 88 53 88 53 88 56 88 88 88 88 88 88 88 88 88 57 57 88 57 57 88 88 55 55 88 55 88 55 88 88 88 55 88 88 56 88 88 53 88 88 88 53 88 88 53 53 88 50 88 47 47 88 46 46 88 46 88 55 55 88 52 88 52 88 46 88 55 88 50 88 47 88 52 52 88 57
Case #14: 66 100 65 100 64 100 66 100 100 64 100 100 63 100 65 100 63 100 62 62 62 62 100 100 61 61 100 61 61 61 61 100 100 59 59 59 100 59 100 61 100 59 100 58 100 100 58 100 57 100 100 55 100 58 58 100 53 100 100 52 100 65 100 100 60 100 63 100 52 100 65 65 65 100 61 100 100 65 100 61 100 52 100 62 100 66 66 100 55 55 100 55 100 100 100 100 65 100 55 100
Case #15: 92 61 61 92 92 61 92 92 61 92 92 61 92 60 92 92 59 59 92 57 92 92 92 92 57 92 56 56 56 56 92 92 56 92 92 55 92 92 92 55 55 92 61 92 92 92 53 92 52 92 92 54 54 92 58 58 92 58 92 54 54 92 54 92 92 92 92 92 92 92 49 92 54 92 59 59 92 54 92 92
Case #16: 45 90 46 90 47 90 48 90 49 90 50 90 51 90 52 90 53 90 54 90 55 90 56 90 57 90 58 90 59 90 60 90 61 90 62 90 63 90 64 90 65 90 66 90 67 90 68 90 69 90 70 90 71 90 72 90 73 90 74 90 75 90 76 90 77 90 78 90 79 90 80 90 81 90 82 90 83 90 84 90 85 90 86 90 87 90 88 90 89 90
Case #17: 88 87 88 87 88 87 87 87 87 88 85 88 78 88 75 88 75 88 85 88 88 85 88 79 88 79 88 79 88 75 88 79 88 79 88 71 88 69 88 66 88 65 88 65 88 65 88 67 88 59 88 55 88 54 88 74 88 81 88 74 88 75 88 75 88 75 88 75 75 88 88 88 86 86 88 86 88 54 88 88 88 88 88 88
Case #18: 50 100 51 100 52 100 53 100 54 100 55 100 56 100 57 100 58 100 59 100 60 100 61 100 62 100 63 100 64 100 65 100 66 100 67 100 68 100 69 100 70 100 71 100 72 100 73 100 74 100 75 100 76 100 77 100 78 100 79 100 80 100 81 100 82 100 83 100 84 100 85 100 86 100 87 100 88 100 89 100 90 100 91 100 92 100 93 100 94 100 95 100 96 100 97 100 98 100 99 100
Case #19: 90 90 59 90 59 59 90 90 58 90 57 57 90 57 90 90 58 90 57 90 57 57 90 57 57 90 56 56 90 55 55 55 55 90 55 55 90 90 59 90 55 55 55 90 53 53 90 51 90 50 50 90 50 90 54 90 54 54 90 90 90 52 52 52 90 56 90 56 90 50 50 50 90 45 90 48 90 47 90 46 90 54 54 90 56 56 90 90 56
Case #20: 4 3 4
Case #21: 100 66 100 65 100 65 100 100 65 100 63 100 62 100 61 100 61 61 100 61 100 64 100 59 59 100 59 100 57 100 60 60 100 60 100 56 56 56 56 100 100 55 100 54 100 53 100 52 52 52 100 51 51 100 64 100 100 100 100 52 100 60 100 63 100 63 63 63 100 59 100 56 56 56 56 100 63 63 100 63 100 64 100 63 63 100 60 100 62 100 62 100 63 100 60 100 60 100 62 62
Case #22: 50 100 51 100 52 100 53 100 54 100 55 100 56 100 57 100 58 100 59 100 60 100 61 100 62 100 63 100 64 100 65 100 66 100 67 100 68 100 69 100 70 100 71 100 72 100 73 100 74 100 75 100 76 100 77 100 78 100 79 100 80 100 81 100 82 100 83 100 84 100 85 100 86 100 87 100 88 100 89 100 90 100 91 100 92 100 93 100 94 100 95 100 96 100 97 100 98 100 99 100
Case #23: 99 66 66 66 66 99 99 65 65 65 99 99 64 99 64 99 63 63 99 63 63 99 62 62 99 62 99 61 99 99 61 61 99 60 60 99 59 99 58 99 57 57 99 56 56 99 99 55 55 99 54 99 99 58 99 58 99 99 56 99 51 99 61 99 51 99 55 99 51 99 59 59 99 65 65 99 54 54 99 54 54 99 57
Case #24: 99 100 98 100 98 100 98 100 97 100 95 100 93 100 92 100 92 100 92 100 91 100 89 100 87 100 86 100 86 100 86 100 86 100 86 100 86 100 97 97 97 97 97 100 99 99 99 99 99 99 100 97 100 97 100 97 97 100 97 100 86 100 84 100 82 82 82 82 100 100 83 100 100 96 100 100 98 100 98 100 98 100 100 98 98 100 100 100 100 100 100 100 98 100 98 100 98 100 96 100
Case #25: 43 87 44 87 45 87 46 87 47 87 48 87 49 87 50 87 51 87 52 87 53 87 54 87 55 87 56 87 57 87 58 87 59 87 60 87 61 87 62 87 63 87 64 87 65 87 66 87 67 87 68 87 69 87 70 87 71 87 72 87 73 87 74 87 75 87 76 87 77 87 78 87 79 87 80 87 81 87 82 87 83 87 84 87 85 87 86 87 85 87 84 87 83 87 82
Case #26: 99 100 99 100 99 100 97 100 95 100 94 100 94 100 94 100 100 98 100 99 100 99 100 91 100 91 100 91 100 98 100 98 100 90 100 88 100 98 100 100 99 100 92 100 87 100 87 100 87 100 98 100 98 100 98 100 83 100 82 100 80 100 78 100 77 100 77 100 77 100 77 100 100 100 76 100 74 100 72 100 70 100 70 100 69 100 69 100 88 100 98 100 98 100 88 100 88 100 88 100
Case #27: 48 96 49 96 50 96 51 96 52 96 53 96 54 96 55 96 56 96 57 96 58 96 59 96 60 96 61 96 62 96 63 96 64 96 65 96 66 96 67 96 68 96 69 96 70 96 71 96 72 96 73 96 74 96 75 96 76 96 77 96 78 96 79 96 80 96 81 96 82 96 83 96 84 96 85 96 86 96 87 96 88 96 89 96 90 96 91 96 92 96 93 96 94 96 95 96 95 96 94 96
Case #28: 46 92 47 92 48 92 49 92 50 92 51 92 52 92 53 92 54 92 55 92 56 92 57 92 58 92 59 92 60 92 61 92 62 92 63 92 64 92 65 92 66 92 67 92 68 92 69 92 70 92 71 92 72 92 73 92 74 92 75 92 76 92 77 92 78 92 79 92 80 92 81 92 82 92 83 92 84 92 85 92 86 92 87 92 88 92 89 92 90 92 91 92 91 92 90 92 89 92 88
Case #29: 97 64 97 63 63 97 63 63 97 62 62 97 61 97 97 61 97 97 60 60 60 60 97 97 58 97 62 62 97 97 57 57 97 55 55 97 54 97 53 97 53 53 97 97 54 97 97 97 52 97 51 97 97 97 49 97 61 97 54 97 97 55 97 97 55 97 55 97 97 55 97 55 55 97 56 97 56 97 56 56 56 97 56 56 56 56 56 97 64 64 97 63 97 49
Case #30: 46 93 47 93 48 93 49 93 50 93 51 93 52 93 53 93 54 93 55 93 56 93 57 93 58 93 59 93 60 93 61 93 62 93 63 93 64 93 65 93 66 93 67 93 68 93 69 93 70 93 71 93 72 93 73 93 74 93 75 93 76 93 77 93 78 93 79 93 80 93 81 93 82 93 83 93 84 93 85 93 86 93 87 93 88 93 89 93 90 93 91 93 92
Case #31: 1 1 0 1 1 0 0 1 0 0 1 1 1 1 0 0 1 0 1 1 0 0 1 1 1 1 1 0 1 0 0 1 1 1 0 0 1 0 0 0 0 0 1 1 0 0 1 1 0 0 0 1 0 1 1
Case #32: 100 100 100 100 100 100 100 100 100 100 100 100 100 100 100 100 100 100 100 100 100 100 100 100 100 100 100 100 100 100 100 100 100 100 100 100 100 100 100 100 100 100 100 100 100 100 100 100 96 100 100 100 100 100 100 100 100 100 100 100 100 100 100 100 100 100 99 100 100 100 100 100 100 100 100 100 100 100 100 100 100 100 100 100 100 100 100 100 100 100 100 100 100 100 100 100 100 100 100 100
Case #33: 94 94 62 94 94 61 94 94 60 94 60 94 60 94 94 59 59 94 94 57 94 94 57 57 94 94 94 94 57 57 94 57 57 94 94 55 55 94 94 62 62 94 94 54 94 53 53 53 94 94 53 94 61 94 50 94 48 94 50 50 94 60 60 94 94 62 94 51 94 62 94 62 62 94 48 94 59 59 94 58 94 58 58 94 52 94 62 94 51 94 60 60 94
Case #34: 50 100 51 100 52 100 53 100 54 100 55 100 56 100 57 100 58 100 59 100 60 100 61 100 62 100 63 100 64 100 65 100 66 100 67 100 68 100 69 100 70 100 71 100 72 100 73 100 74 100 75 100 76 100 77 100 78 100 79 100 80 100 81 100 82 100 83 100 84 100 85 100 86 100 87 100 88 100 89 100 90 100 91 100 92 100 93 100 94 100 95 100 96 100 97 100 98 100 99 100
Case #35: 60 60 91 60 91 59 91 58 91 57 91 91 91 60 91 91 60 91 91 57 91 57 91 91 91 55 91 55 91 91 54 54 91 53 91 91 51 51 51 91 50 91 50 91 52 52 52 52 91 54 54 91 52 91 91 52 52 52 52 52 52 91 52 52 52 52 91 51 51 91 47 91 56 91 56 91 47 91 47 91 56 56 56 56 91 52 91 91 91 91 91 57 91 51 91 52 91 49 91
Case #36: 56 84 84 56 84 56 84 56 84 55 84 84 84 84 54 84 53 84 53 53 53 84 51 51 84 84 84 50 84 47 84 47 47 84 47 84 84 47 84 46 46 84 84 53 53 84 53 53 84 56 56 84 53 53 84 55 84 84 84 53 84 53 84 53 84 45 84 45 45 45 84 46 84 46 84 44 84 84 84 53 84 84 84 53 84 84 53 84 53 84 43 84
Case #37: 50 100 51 100 52 100 53 100 54 100 55 100 56 100 57 100 58 100 59 100 60 100 61 100 62 100 63 100 64 100 65 100 66 100 67 100 68 100 69 100 70 100 71 100 72 100 73 100 74 100 75 100 76 100 77 100 78 100 79 100 80 100 81 100 82 100 83 100 84 100 85 100 86 100 87 100 88 100 89 100 90 100 91 100 92 100 93 100 94 100 95 100 96 100 97 100 98 100 99 100
Case #38: 75 75 100 100 100 100 100 68 100 68 100 100 100 100 100 100 100 100 100 100 100 100 100 100 100 100 100 100 100 100 100 100 100 100 100 100 100 100 100 100 100 100 100 100 100 100 100 100 63 100 69 100 100 100 100 100 100 100 100 100 100 100 100 100 100 68 100 99 100 68 100 100 100 100 100 100 64 100 100 100 100 100 100 100 76 76 76 76 100 100 100 100 100 100 100 100 100 100 100 100
Case #39: 98 98 98 94 98 98 94 98 98 98 98 98 98 98 98 98 98 98 98 98 98 98 98 98 98 98 98 98 94 98 97 98 96 96 96 98 98 97 98 98 98 96 98 55 98 98 98 98 98 98 98 98 98 98 98 87 98 97 98 97 98 97 98 98 51 51 98 98 98 98 98 98 98 98 98 69 69 69 98 98 98 98 92 98 98 98 92 98 98 98 98 84 84 98 84
Case #40: 50 100 51 100 52 100 53 100 54 100 55 100 56 100 57 100 58 100 59 100 60 100 61 100 62 100 63 100 64 100 65 100 66 100 67 100 68 100 69 100 70 100 71 100 72 100 73 100 74 100 75 100 76 100 77 100 78 100 79 100 80 100 81 100 82 100 83 100 84 100 85 100 86 100 87 100 88 100 89 100 90 100 91 100 92 100 93 100 94 100 95 100 96 100 97 100 98 100 99 100
Case #41: 47 94 48 94 49 94 50 94 51 94 52 94 53 94 54 94 55 94 56 94 57 94 58 94 59 94 60 94 61 94 62 94 63 94 64 94 65 94 66 94 67 94 68 94 69 94 70 94 71 94 72 94 73 94 74 94 75 94 76 94 77 94 78 94 79 94 80 94 81 94 82 94 83 94 84 94 85 94 86 94 87 94 88 94 89 94 90 94 91 94 92 94 93 94
Case #42: 94 94 94 94 94 94 94 94 94 94 94 94 94 94 94 94 94 94 94 94 94 94 94 94 94 95 94 95 94 95 94 95 94 95 94 95 94 95 92 95 90 95 88 95 86 95 84 95 84 95 84 95 84 95 84 95 84 95 84 95 87 95 94 95 87 95 84 95 84 95 84 95 82 95 80 95 79 95 79 95 79 95 79 95 79 95 79 95 79 95 92 92 95 95 95
Case #43: 80 80 80 79 79 79 79 80 79 80 74 80 72 80 72 80 72 80 72 80 72 80 69 80 65 80 65 80 65 80 65 80 70 70 80 58 80 55 80 53 80 42 80 80 80 80 80 80 80 76 80 76 80 80 80 80 80 80 80 80 80 70 80 70 80 80 80 80 80 80 80 80 80 78 80 79 80 80 52 80
Case #44: 13 14 8 14
Case #45: 62 95 62 95 61 61 95 61 61 95 61 95 95 60 95 95 95 58 95 58 95 95 95 58 95 58 95 95 95 95 57 95 58 95 95 95 95 95 95 57 57 95 95 55 95 95 53 95 56 56 95 53 95 95 52 95 63 95 51 95 60 95 57 95 62 62 95 57 95 49 95 52 95 62 62 62 95 60 60 60 60 60
Case #46: 46 92 47 92 48 92 49 92 50 92 51 92 52 92 53 92 54 92 55 92 56 92 57 92 58 92 59 92 60 92 61 92 62 92 63 92 64 92 65 92 66 92 67 92 68 92 69 92 70 92 71 92 72 92 73 92 74 92 75 92 76 92 77 92 78 92 79 92 80 92 81 92 82 92 83 92 84 92 85 92 86 92 87 92 88 92 89 92 90 92 91 92
Case #47: 98 98 65 98 65 98 64 64 98 63 98 62 98 98 61 98 61 61 98 61 98 59 98 98 60 98 98 60 60 98 60 60 60 98 60 98 98 98 98 98 98 98 98 57 98 98 64 98 98 64 98 63 63 63 98 58 98 56 98 98 98 98 98 55 98 55 98 55 98 53 98 64 98 64 98 98 64 98 58 58 58 58 58 58 98 57 98
Case #48: 44 88 45 88 46 88 47 88 48 88 49 88 50 88 51 88 52 88 53 88 54 88 55 88 56 88 57 88 58 88 59 88 60 88 61 88 62 88 63 88 64 88 65 88 66 88 67 88 68 88 69 88 70 88 71 88 72 88 73 88 74 88 75 88 76 88 77 88 78 88 79 88 80 88 81 88 82 88 83 88 84 88 85 88 86 88 87 88 87 88 86 88 85 88
Case #49: 80 53 80 53 80 80 50 50 80 80 49 80 48 48 48 48 80 47 80 46 80 45 80 80 47 80 80 45 45 80 80 44 80 53 53 80 53 80 46 80 46 80 80 46 80 80 80 80 80 41 80 41 80 41 80 80 40 80 44 44 80 44 80 80 80 80 46 80 47 80 80 46 80 80 80 80 80 80 50 80 50 80 46 46 80 44 44 80 48 80 50 80 46 80 44 80 49 49
Case #50: 100 100 100 100 60 100 100 60 100 100 100 100 99 99 100 99 100 84 100 84 100 99 99 100 84 100 84 100 67 100 100 100 91 100 96 100 96 100 100 100 100 100 100 100 100 92 100 100 100 92 92 100 100 94 100 97 100 97 100 100 99 99 100 99 100 99 100 54 100 88 100 94 100 97 97 100 100 99 100 99 99 99 100 99 100 96 100 94 100 88 100 54 100 100 100 100 100 100 100 100
Case #51: 50 100 51 100 52 100 53 100 54 100 55 100 56 100 57 100 58 100 59 100 60 100 61 100 62 100 63 100 64 100 65 100 66 100 67 100 68 100 69 100 70 100 71 100 72 100 73 100 74 100 75 100 76 100 77 100 78 100 79 100 80 100 81 100 82 100 83 100 84 100 85 100 86 100 87 100 88 100 89 100 90 100 91 100 92 100 93 100 94 100 95 100 96 100 97 100 98 100 99 100
Case #52: 98 100 98 100 98 100 98 100 96 100 94 100 98 98 100 100 100 100 100 99 100 99 100 99 100 98 100 92 100 88 88 100 88 100 88 100 97 100 97 100 86 100 86 100 96 100 99 99 99 99 99 99 99 100 99 100 99 100 97 100 96 100 99 99 100 95 100 86 100 86 100 86 100 99 100 100 100 86 100 80 80 100 100 100 94 94 100 94 100 94 100 94 100 94 100 94 100 94 100 78
Case #53: 86 86 56 86 55 86 55 86 55 86 86 55 55 55 86 54 54 86 54 86 54 86 86 54 86 54 86 54 86 54 54 54 86 52 86 52 52 86 51 86 51 51 86 56 86 86 50 86 49 86 54 54 54 54 86 56 86 86 86 86 56 86 86 54 86 52 52 86 53 53 53 86 53 53 86 52 86 45 45 86 46 86 53 86 47 86
Case #54: 94 91 94 91 94 91 94 91 94 91 94 91 94 91 94 90 94 88 94 83 94 81 94 77 94 74 94 68 94 65 94 62 94 62 94 62 94 62 94 62 94 62 94 62 94 94 94 94 94 94 94 94 94 94 94 94 94 94 94 94 94 94 94 94 94 94 94 94 94 94 94 94 94 94 94 94 94 94 94 94 94 94 94 94
Case #55: 66 100 100 65 65 100 65 100 63 100 63 100 63 63 63 63 100 100 62 100 100 60 60 100 100 59 59 100 100 100 59 100 59 59 100 100 100 58 100 57 57 100 56 100 63 100 55 100 54 54 54 100 53 100 100 100 51 51 100 54 100 62 62 100 65 65 65 65 100 50 100 53 53 53 100 100 65 100 66 100 100 53 53 100 52 52 52 100 62 62 100 56 100 56 100 56 56 56 56 100
Case #56: 60 91 91 60 91 58 91 57 91 57 91 91 56 91 91 56 91 55 55 55 55 91 55 91 91 91 91 91 54 91 53 91 91 53 53 91 50 91 91 58 58 58 58 91 50 91 53 91 91 58 58 91 47 91 91 51 91 49 91 47 91 91 45 91 53 53 91 55 91 58 91 58 58 58 58 91 48 48 48 91 50 50 91 58 91
Case #57: 58 61 60 61 60 61 42 61 60 61 60 61 54 61 38 61 60 61 60 61 60 61 60 61 60 61 60 61 60 61 34 61 49 61 60 61 60 61 60 61 60 61 60 61
Case #58: 91 60 60 60 91 59 59 59 59 59 59 91 91 58 91 57 91 91 57 91 91 55 91 55 91 53 91 91 53 53 53 91 52 52 91 91 91 91 51 51 51 91 50 91 50 50 91 48 91 91 48 91 47 91 46 91 46 46 46 91 55 91 45 45 91 54 91 57 57 57 91 59 59 91 49 91 91 60 91 52 52 52 52 91 49 91
Case #59: 86 86 57 86 57 86 56 56 56 86 86 86 86 86 54 54 54 86 86 53 86 53 86 86 86 52 86 51 86 86 52 86 50 86 49 49 86 46 86 45 86 45 86 50 86 53 86 86 56 86 45 86 47 86 55 86 86 86 86 55 86 55 55 86 50 50 50 50 86 56 86 45 45 86 55 86 47 86 54 86 56 86 45 86 55 86 55 86 45 45 86 47 86
Case #60: 48 96 49 96 50 96 51 96 52 96 53 96 54 96 55 96 56 96 57 96 58 96 59 96 60 96 61 96 62 96 63 96 64 96 65 96 66 96 67 96 68 96 69 96 70 96 71 96 72 96 73 96 74 96 75 96 76 96 77 96 78 96 79 96 80 96 81 96 82 96 83 96 84 96 85 96 86 96 87 96 88 96 89 96 90 96 91 96 92 96 93 96 94 96 95 96 95 96
Case #61: 93 93 61 61 93 93 61 93 60 93 60 60 60 60 93 93 60 93 58 93 93 93 57 57 57 93 55 93 93 93 61 93 61 93 61 93 61 61 93 93 54 54 93 93 54 54 93 51 93 51 93 54 93 93 54 54 54 93 54 54 93 54 93 50 93 50 93 49 49 49 49 93 49 93 49 93 93 52 93 93 62 62 62 62 62 62 93 93 62 93 58 93 48
Case #62: 99 98 99 98 98 99 97 99 97 99 97 99 97 99 97 99 93 99 93 99 93 99 92 99 90 99 88 99 87 99 87 99 99 86 99 99 86 99 85 99 85 99 85 99 85 85 85 99 83 99 81 99 81 99 81 99 81 99 81 99 79 99 77 99 77 99 76 99 99 76 99 99 99 80 99 81 99 81 99 76 99 75 99 75 99 93 99 99 99 99 99 99 99 99
Case #63: 95 99 96 99 94 99 92 99 91 99 91 99 90 99 85 99 83 99 83 99 80 99 78 99 76 99 76 99 76 99 74 99 73 99 73 99 72 99 72 99 70 99 70 99 70 99 87 99 99 99 98 99 98 99 99 98 99 98 98 99 98 99 98 99 99 99 99 99 97 99 97 99 97 99 97 99 97 99 99 99 99 99 99 99 99 99 99 97 99 99 99 97
Case #64: 98 64 98 98 63 98 98 98 62 98 98 62 98 62 98 60 98 59 98 58 98 58 98 98 58 98 98 98 98 98 98 57 98 98 57 98 57 98 57 98 98 57 57 98 56 56 98 98 98 59 59 59 59 98 54 54 54 54 98 58 98 58 98 56 56 98 55 55 98 63 63 98 63 63 98 63 98 62 62 62 62 62 98 50 98 60 60 60 98 52 52 52 98 59 59 98 51 98
Case #65: 1 1 0 1 0 0 1 0 0 0 1 1 1 1 1 1 0 0
Case #66: 49 99 50 99 51 99 52 99 53 99 54 99 55 99 56 99 57 99 58 99 59 99 60 99 61 99 62 99 63 99 64 99 65 99 66 99 67 99 68 99 69 99 70 99 71 99 72 99 73 99 74 99 75 99 76 99 77 99 78 99 79 99 80 99 81 99 82 99 83 99 84 99 85 99 86 99 87 99 88 99 89 99 90 99 91 99 92 99 93 99 94 99 95 99 96 99 97 99 98 99
Case #67: 42 85 43 85 44 85 45 85 46 85 47 85 48 85 49 85 50 85 51 85 52 85 53 85 54 85 55 85 56 85 57 85 58 85 59 85 60 85 61 85 62 85 63 85 64 85 65 85 66 85 67 85 68 85 69 85 70 85 71 85 72 85 73 85 74 85 75 85 76 85 77 85 78 85 79 85 80 85 81 85 82 85 83 85 84
Case #68: 92 60 60 92 60 92 60 92 60 92 92 59 59 92 92 56 56 92 55 92 55 92 92 54 92 54 92 55 92 55 92 55 55 55 92 50 92 49 92 92 48 92 48 92 53 92 46 92 52 52 92 47 92 92 92 60 60 92 60 92 53 92 49 92 56 56 56 92 61 92 92 61 61 92 59 92 60 92 60 60 92 92 58
Case #69: 100 100 100 99 99 99 99 99 99 99 99 99 99 99 100 100 100 100 100 100 100 100 100 100 100 100 100 100 100 100 100 100 100 100 100 100 100 100 100 100 100 100 100 100 100 100 100 100 100 100 100 100 100 100 100 100 100 100 100 100 100 100 100 100 100 100 100 100 100 100 100 100 100 86 100 92 100 100 100 92 100 86 100 100 100 100 100 100 100 100 100 100 100 100 100 100 100 52 52 100
Case #70: 66 100 65 100 64 64 64 64 100 63 63 100 100 62 100 100 61 61 100 100 60 100 59 59 59 100 59 100 58 58 100 57 100 56 56 100 56 100 100 56 56 100 56 100 54 100 100 53 53 53 53 53 100 62 100 100 53 100 61 100 66 100 66 100 65 65 65 100 56 100 50 50 50 50 100 52 100 51 100 58 100 52 52 100 53 100 60 100 57 100 62 100 50 100 59 100 58 58 100 100
Case #71: 4
Case #72: 50 100 51 100 52 100 53 100 54 100 55 100 56 100 57 100 58 100 59 100 60 100 61 100 62 100 63 100 64 100 65 100 66 100 67 100 68 100 69 100 70 100 71 100 72 100 73 100 74 100 75 100 76 100 77 100 78 100 79 100 80 100 81 100 82 100 83 100 84 100 85 100 86 100 87 100 88 100 89 100 90 100 91 100 92 100 93 100 94 100 95 100 96 100 97 100 98 100 99 100
Case #73: 50 100 51 100 52 100 53 100 54 100 55 100 56 100 57 100 58 100 59 100 60 100 61 100 62 100 63 100 64 100 65 100 66 100 67 100 68 100 69 100 70 100 71 100 72 100 73 100 74 100 75 100 76 100 77 100 78 100 79 100 80 100 81 100 82 100 83 100 84 100 85 100 86 100 87 100 88 100 89 100 90 100 91 100 92 100 93 100 94 100 95 100 96 100 97 100 98 100 99 100
Case #74: 100 100 100 100 100 100 100 100 100 100 100 100 100 100 100 100 100 100 100 100 90 100 96 100 100 100 99 100 99 100 100 100 100 100 100 100 100 100 100 100 100 76 100 100 97 97 97 100 100 100 100 99 99 100 100 99 100 99 100 99 100 100 100 100 100 100 100 100 79 100 98 98 100 100 100 100 100 100 100 100 100 100
Case #75: 91 60 91 91 59 91 59 91 59 91 91 59 59 91 91 57 91 91 91 91 91 91 56 91 91 91 56 56 91 91 91 54 91 56 91 56 91 56 56 91 51 51 91 91 91 57 91 91 91 57 91 46 91 45 91 58 91 58 58 91 46 91 60 91 56 56 91 55 91 50 91 60 91 49 49 91 57 91 47 47 91 58 91 45 45 91 47 47 91 91 47 91
Case #76: 100 100 100 99 100 99 100 99 100 100 100 100 100 100 100 100 99 100 98 100 96 100 95 100 96 100 95 100 95 100 94 100 92 100 92 100 92 100 100 100 92 100 92 100 92 100 100 92 100 91 100 89 100 87 100 87 100 87 100 99 99 99 100 99 99 99 100 99 100 97 100 97 100 100 100 99 99 100 97 100 97 100 87 100 85 100 85 100 83 100 83 100 87 100 87 100 87 87 87 87
Case #77: 99 99 99 100 99 100 99 100 99 100 99 100 99 100 98 100 96 100 95 100 95 100 95 100 93 100 93 100 93 100 93 100 93 100 93 100 93 100 92 100 89 100 95 100 88 100 86 100 84 100 83 100 81 100 81 100 80 100 78 100 80 80 100 80 100 78 100 77 100 75 100 73 100 71 100 69 100 67 100 67 100 66 100 64 100 62 100 61 100 60 100 60 100 60 100 60 100 60 100 58
Case #78: 93 93 93 93 93 88 93 93 88 88 93 68 93 47 93 93 61 93 79 93 84 93 84 93 79 93 93 93 93 93 89 93 93 93 93 93 92 93 93 93 93 93 93 93 93 93 93 93 93 93 93 93 93 93 93 93 93 93 93 93 84 93 93 84 93 87 93 89 93 87 93 87 93 87 93 93 93 93 93 93 93 93 93 93 93 93 93
Case #79: 50 100 51 100 52 100 53 100 54 100 55 100 56 100 57 100 58 100 59 100 60 100 61 100 62 100 63 100 64 100 65 100 66 100 67 100 68 100 69 100 70 100 71 100 72 100 73 100 74 100 75 100 76 100 77 100 78 100 79 100 80 100 81 100 82 100 83 100 84 100 85 100 86 100 87 100 88 100 89 100 90 100 91 100 92 100 93 100 94 100 95 100 96 100 97 100 98 100 99 100
Case #80: 60 91 60 91 91 59 91 59 59 59 91 59 59 91 91 91 91 59 59 59 91 58 91 58 58 91 57 57 91 91 91 57 91 56 91 91 56 91 55 55 55 55 91 52 91 50 91 50 91 91 58 91 58 91 47 91 55 91 57 91 50 91 56 56 56 56 56 56 91 91 46 46 91 55 55 91 91 91 91 55 91 60 91 57 57 91 91 55 91 48 48 91 60 60 91 52 52 91
Case #81: 96 94 96 94 96 94 96 94 96 94 96 94 96 94 96 94 96 93 96 88 96 85 96 82 96 80 96 80 96 80 96 80 96 80 96 80 96 80 96 79 96 77 96 75 96 72 96 85 96 95 95 95 95 96 85 96 72 96 72 96 69 96 67 96 63 96 96 96 59 96 79 96 88 96 95 96 95 96 95 96 95 96 96 96 96 96 61 96 65 65 96 65 96 61 96 96 96 96 96 96
Case #82: 89 90 89 90 87 90 86 90 85 90 85 90 84 90 82 90 81 90 81 90 79 90 85 90 90 85 90 79 90 78 90 78 90 87 87 90 90 89 90 87 90 81 90 90 90 90 90 81 90 76 90 76 90 76 90 76 90 76 90 76 90 74 90 72 90 72 90 72 90 72 90 72 90 89 90 90 90 90 89 90 90 89 89 90 87 90 83 90 82 90 82 90 82 90 82 90 82
Case #83: 46 93 47 93 48 93 49 93 50 93 51 93 52 93 53 93 54 93 55 93 56 93 57 93 58 93 59 93 60 93 61 93 62 93 63 93 64 93 65 93 66 93 67 93 68 93 69 93 70 93 71 93 72 93 73 93 74 93 75 93 76 93 77 93 78 93 79 93 80 93 81 93 82 93 83 93 84 93 85 93 86 93 87 93 88 93 89 93 90 93 91 93 92
Case #84: 50 100 51 100 52 100 53 100 54 100 55 100 56 100 57 100 58 100 59 100 60 100 61 100 62 100 63 100 64 100 65 100 66 100 67 100 68 100 69 100 70 100 71 100 72 100 73 100 74 100 75 100 76 100 77 100 78 100 79 100 80 100 81 100 82 100 83 100 84 100 85 100 86 100 87 100 88 100 89 100 90 100 91 100 92 100 93 100 94 100 95 100 96 100 97 100 98 100 99 100
Case #85: 66 66 66 66 100 65 65 100 100 64 100 63 63 63 100 65 65 65 100 62 100 61 61 61 61 61 100 60 60 100 59 100 58 100 58 58 100 58 58 100 56 100 100 55 55 100 55 100 54 54 100 54 100 59 100 100 100 54 100 53 100 100 100 100 58 58 100 52 52 52 52 100 66 100 66 100 50 100 51 100 52 100 58 100 60 100 64 100 51 100 56 100 63 63 100 100 59 100 60 60
Case #86: 71 100 97 100 97 100 97 100 100 100 100 100 99 99 99 100 100 100 100 100 100 82 100 82 100 66 100 100 100 100 62 62 100 100 59 100 100 100 100 100 100 81 81 81 100 100 100 100 64 100 100 100 100 100 100 99 99 99 99 100 100 98 100 100 100 100 100 100 100 100 100 100 53 100 98 100 100 100 98 100 53 100 100 100 100 100 100 100 54 54 100 75 100 86 100 86 100 99 99 99
Case #87: 66 100 66 100 65 100 100 64 100 63 100 62 100 62 100 62 100 60 100 59 100 58 100 58 100 57 100 62 100 59 59 59 59 59 100 60 100 100 100 60 60 100 60 100 100 100 57 100 59 59 59 100 100 57 57 57 57 57 100 57 100 55 100 100 55 100 65 100 65 100 63 100 64 100 66 100 56 100 60 100 63 63 100 63 100 63 63 100 52 100 56 100 65 65 100 61 100 61 100 63
Case #88: 66 100 100 66 66 100 100 66 100 65 65 100 100 65 100 65 100 100 100 100 65 65 100 100 64 64 100 100 63 63 100 62 100 100 58 100 56 56 100 59 100 59 59 100 54 100 63 100 100 100 63 63 63 100 62 100 65 65 65 100 62 100 62 100 100 58 100 53 100 51 100 58 100 60 100 61 100 53 53 100 52 52 100 55 55 55 55 100 61 61 100 64 64 100 58 100 64 100 56 100
Case #89: 95 95 95 95 95 95 95 86 95 92 95 95 95 95 95 95 95 95 95 95 94 95 95 95 95 95 81 95 95 95 95 95 95 94 95 95 95 95 95 95 95 95 95 95 95 95 95 95 95 95 95 50 95 59 95 95 95 95 95 95 95 89 89 89 95 89 89 95 78 95 95 95 95 95 93 93 95 95 95 67 95 77 95 95 95 95 67 95 81 81 95 81 95 91 95 91 95 91 95
Case #90: 49 98 50 98 51 98 52 98 53 98 54 98 55 98 56 98 57 98 58 98 59 98 60 98 61 98 62 98 63 98 64 98 65 98 66 98 67 98 68 98 69 98 70 98 71 98 72 98 73 98 74 98 75 98 76 98 77 98 78 98 79 98 80 98 81 98 82 98 83 98 84 98 85 98 86 98 87 98 88 98 89 98 90 98 91 98 92 98 93 98 94 98 95 98 96 98 97 98
Case #91: 66 66 100 66 100 64 64 64 100 64 100 62 100 100 62 100 62 100 62 100 62 62 100 61 100 60 100 59 59 59 59 100 100 58 100 58 100 65 100 56 100 55 100 54 54 100 55 100 54 100 59 100 51 100 64 100 64 100 52 100 51 51 100 50 100 63 100 62 100 65 65 65 100 65 65 100 63 100 53 100 53 53 53 100 61 61 100 63 100 57 100 61 100 61 61 100 52 100 65 65
Case #92: 89 90 89 89 90 88 90 86 90 86 90 84 90 84 90 82 90 82 90 89 90 89 89 90 90 89 89 89 90 89 90 90 89 90 89 90 90 89 90 82 90 82 90 82 90 82 90 82 90 81 90 79 90 76 90 74 90 73 90 73 90 73 90 73 90 73 90 73 90 78 90 89 89 89 89 89 90 89 90 89 90 89 90 88 90 73 90 71 90 89
Case #93: 85 100 100 98 98 100 85 100 100 100 100 100 100 100 100 100 100 100 100 100 100 100 100 100 100 100 100 100 100 100 100 100 100 100 100 100 100 100 100 100 100 100 100 100 71 100 100 100 100 99 99 99 99 99 99 99 99 100 99 99 99 100 99 99 100 98 100 95 100 95 100 95 100 100 100 100 100 94 100 100 100 89 100 98 98 98 98 98 98 100 100 99 100 99 100 100 100 100 99 99
Case #94: 98 98 100 100 100 100 100 100 100 100 100 100 100 100 100 100 100 100 100 99 100 99 100 100 100 83 100 91 100 100 100 91 91 100 99 99 99 100 99 100 99 100 99 100 100 100 100 100 100 100 100 51 100 89 100 51 100 100 100 100 100 100 100 100 100 100 100 100 100 100 100 100 100 100 100 100 100 100 100 100 100 100 100 82 100 93 100 99 99 99 99 99 100 99 99 100 100 100 100 100
Case #95: 91 92 91 92 91 92 91 92 91 92 91 92 91 92 91 92 91 92 91 92 91 92 91 92 91 92 89 92 87 92 85 92 83 92 81 92 79 92 77 92 75 92 75 92 75 92 75 92 75 92 75 92 75 92 75 92 75 92 75 92 75 92 75 92 75 92 75 92 75 92 74 92 72 92 70 92 68 92 66 92 64 92
Case #96: 97 63 97 63 63 97 63 63 97 63 63 63 63 97 63 97 62 62 62 97 61 97 97 62 97 97 97 60 97 60 97 60 97 59 59 97 56 56 56 97 56 97 97 97 97 97 97 55 97 54 97 53 97 97 97 52 52 97 97 50 97 97 48 97 49 97 63 97 63 97 50 97 51 97 60 97 61 97 48 48 97 57 57 97 97 64 64 64
Case #97: 85 89 83 89 79 89 79 89 79 89 89 79 89 82 89 85 89 85 89 82 89 73 89 70 89 66 89 65 89 65 89 65 89 65 89 75 89 75 89 66 89 87 89 66 89 66 89 65 89 61 61 89 59 89 71 89 82 89 84 89 78 89 55 89 54 89 51 89 48 89 46 89 89 89 89 89 89 89 48 89 89 48 89 89 89 89 89 89 89 89 89 89 89 89 89 89 89 89
Case #98: 100 100 100 100 100 100 100 100 100 100 100 100 100 100 100 100 100 100 100 100 100 100 100 100 100 100 100 100 100 100 100 100 100 100 100 100 100 100 100 100 100 100 100 100 100 100 100 100 100 100 100 100 100 100 100 100 99 99 99 99 99 99 99 99 99 99 99 99 100 100 100 100 100 100 100 100 100 100 100 82 100 83 100 100 100 100 83 83 100 85 85 85 100 85 85 100 92 100 97 97
Case #99: 86 86 56 86 86 55 55 86 86 55 55 86 86 56 86 54 86 86 86 86 54 54 86 86 55 86 53 86 52 86 52 52 52 86 86 51 51 86 51 86 51 51 86 50 50 86 49 86 86 49 86 48 86 86 86 86 47 86 47 86 86 46 46 86 46 86 86 51 86 56 86 44 44 44 44 44 86 52 86 53 53 86 54 54 86 50 86 47 86 46
Case #100: 97 97 97 97 97 97 97 97 97 97 97 97 97 97 97 97 97 97 97 97 97 97 97 97 97 97 97 97 97 97 97 97 97 97 97 97 61 97 63 97 94 94 94 94 97 97 96 96 97 97 97 96 96 96 96 96 96 96 96 96 96 96 96 96 96 97 96 97 96 97 96 97 96 97 97 97 97 97 97 97
