100
81 86
9 5 6 0 0 3 3 6 3 3 6 9 5 6 3 9 6 6 9 6 0 3 5 9 3 5 3 3 0 0 6 3 9 3 5 3 5 6 5 6 6 5 3 0 5 0 0 0 3 5 5 6 3 5 9 5 3 6 6 0 5 5 6 6 6 6 6 9 9 9 3 9 9 6 5 3 6 3 5 5 9
40 1
41 7
39 8
42 1
38 4
43 2
37 1
44 8
36 4
45 8
35 4
46 2
34 8
47 7
33 2
48 1
32 8
49 7
31 8
50 1
30 1
51 1
29 8
52 7
28 1
53 2
27 7
54 2
26 2
55 4
25 2
56 4
24 2
57 2
23 1
58 8
22 8
59 2
21 2
60 2
20 8
61 1
19 4
62 4
18 7
63 7
17 8
64 1
16 8
65 4
15 8
66 4
14 8
67 1
13 7
68 2
12 4
69 2
11 1
70 4
10 2
71 1
9 8
72 4
8 8
73 1
7 8
74 1
6 4
75 7
5 7
76 7
4 7
77 4
3 4
78 1
2 1
79 8
1 4
80 1
0 8
0 0
80 6
1 5
79 3
2 6
82 81
5 0 6 0 0 6 9 0 3 6 6 5 0 0 5 5 5 6 3 3 9 9 3 3 6 6 5 1 1 4 8 7 7 4 4 7 8 1 8 2 2 7 7 1 7 7 4 4 2 1 7 1 1 2 7 5 5 6 9 9 6 3 6 0 0 9 3 9 6 9 6 9 0 5 6 5 3 0 9 6 6 0
54 6
33 5
30 3
53 9
17 0
32 9
68 3
52 0
51 6
27 5
37 6
28 9
58 3
62 5
3 0
38 9
29 9
18 0
50 0
49 9
48 3
4 9
47 0
37 2
2 9
46 5
48 7
31 5
29 2
71 3
29 6
34 0
36 9
27 4
61 9
57 3
27 6
56 0
35 0
48 6
45 0
11 0
9 9
22 3
54 1
14 0
37 3
39 5
54 0
58 5
40 3
44 6
43 0
2 6
71 9
81 5
53 1
53 0
42 9
41 3
40 1
40 9
39 4
50 4
61 0
14 6
39 3
70 9
31 2
31 9
7 6
2 3
2 6
50 9
39 7
70 5
39 6
54 4
75 0
54 6
45 4
97 100
0 9 3 6 6 9 3 6 0 6 6 6 9 0 9 6 5 9 9 3 6 3 3 6 3 0 9 6 9 0 9 5 8 7 1 4 4 4 7 7 4 7 2 8 1 7 7 7 2 7 1 1 8 8 8 4 7 2 1 8 2 1 2 4 8 9 5 9 9 0 0 6 6 3 0 3 3 9 5 3 6 6 6 5 5 5 9 3 5 9 3 6 5 6 3 0 5
64 9
32 5
63 3
33 9
34 0
0 6
62 0
6 5
35 9
48 5
61 9
66 6
36 9
60 9
38 9
1 6
59 5
58 9
54 9
37 0
79 9
57 0
66 3
73 9
27 5
68 9
67 9
48 7
67 9
7 6
79 9
89 3
84 6
39 3
40 3
39 1
39 0
41 6
42 6
82 0
43 9
86 3
76 3
50 9
63 2
5 9
94 0
70 3
63 5
86 3
24 9
44 3
56 3
45 5
46 5
47 3
55 6
95 3
53 3
52 9
96 9
48 3
18 0
22 0
51 3
51 2
62 4
75 3
75 9
39 2
62 9
39 6
91 5
26 6
34 7
51 0
34 9
38 1
41 2
76 6
43 7
38 6
49 6
41 0
78 9
43 5
51 8
58 8
63 4
63 3
48 8
48 5
51 9
51 8
16 0
51 3
58 3
64 7
57 4
64 3
100 100
3 5 5 6 0 6 6 9 0 6 3 5 0 0 0 5 6 3 0 9 6 5 5 9 9 9 3 3 0 5 0 6 3 3 6 6 3 9 9 9 5 5 9 0 9 9 0 6 5 3 9 3 3 0 0 6 3 0 6 5 5 5 3 6 6 9 9 0 9 6 3 0 5 0 3 3 6 9 5 0 9 0 0 6 3 6 3 0 9 3 0 9 5 6 5 3 5 5 3 9
50 8
51 1
49 2
52 7
48 8
53 4
47 1
54 1
46 1
55 2
45 7
56 4
44 1
57 2
43 4
58 1
42 1
59 2
41 2
60 1
40 4
61 4
39 7
62 1
38 7
63 7
37 4
64 7
36 4
65 4
35 8
66 1
34 4
67 4
33 7
68 1
32 2
69 4
31 4
70 8
30 4
71 2
29 8
72 7
28 1
73 8
27 1
74 4
26 4
75 4
25 2
76 4
24 7
77 7
23 7
78 7
22 8
79 8
21 4
80 7
20 2
81 7
19 4
82 1
18 2
83 7
17 8
84 4
16 7
85 1
15 4
86 2
14 4
87 2
13 2
88 2
12 2
89 4
11 8
90 7
10 8
91 1
9 4
92 4
8 4
93 2
7 7
94 2
6 2
95 7
5 2
96 2
4 8
97 8
3 1
98 1
2 4
99 2
1 7
0 4
100 100
1 1 8 2 1 7 1 2 2 2 8 8 8 8 8 2 4 4 8 8 2 1 8 4 7 8 4 7 4 8 8 1 7 7 8 8 7 7 1 4 2 2 4 8 2 4 7 7 4 7 1 8 4 8 1 4 1 1 1 4 7 8 8 4 2 8 4 4 4 8 1 2 7 4 8 7 2 7 7 7 1 8 4 2 8 8 7 2 4 1 4 2 8 7 4 2 2 4 1 2
94 4
49 0
3 3
0 9
1 0
99 8
99 8
99 0
98 3
97 6
96 5
95 6
2 0
4 9
5 6
6 5
94 6
93 6
92 0
91 9
90 6
89 5
88 3
87 5
86 0
85 0
84 5
83 0
82 0
81 5
80 3
7 3
8 0
79 0
78 5
77 5
76 6
75 9
74 6
2 4
2 7
2 2
73 6
72 3
71 9
70 0
69 3
68 6
67 6
66 3
65 0
64 6
63 6
62 5
2 5
9 9
10 5
61 6
60 6
59 5
58 5
57 3
56 6
55 6
79 2
96 8
97 8
99 4
11 3
12 5
13 6
99 5
97 3
96 9
79 0
81 4
81 3
54 6
53 3
52 3
51 3
14 6
15 6
16 0
17 5
18 6
19 6
20 0
83 0
66 5
59 2
3 3
98 6
21 0
22 9
23 6
24 5
25 0
26 6
27 5
100 100
2 1 4 8 8 1 4 4 7 4 2 7 7 7 2 7 7 7 4 2 2 7 7 2 2 1 4 4 4 4 7 2 2 2 2 1 7 7 8 2 7 8 4 4 4 8 7 8 2 1 2 2 8 7 7 7 2 4 1 2 1 7 7 8 7 4 1 2 7 8 7 8 8 1 1 8 7 2 1 8 1 8 1 8 4 8 2 8 8 1 2 4 4 4 2 4 8 2 2 2
0 6
1 0
2 0
3 0
99 5
98 9
97 5
4 6
5 6
6 0
7 5
96 3
95 0
94 5
8 3
9 9
10 3
11 3
12 6
13 9
14 6
15 5
16 6
93 6
92 6
91 6
90 0
89 0
9 8
4 1
88 9
87 6
86 3
85 0
84 3
4 3
9 0
17 6
18 9
19 0
85 6
86 8
86 5
83 6
82 9
81 2
92 8
93 7
93 0
92 6
81 5
80 3
79 3
78 3
77 0
76 5
75 0
20 4
9 8
9 9
20 3
74 9
73 3
72 3
71 5
70 9
69 5
2 6
87 2
97 3
21 0
22 6
99 1
23 0
24 6
25 3
26 3
27 0
39 0
50 8
79 6
65 1
1 1
1 3
28 3
29 3
99 3
87 6
68 0
67 3
30 0
31 9
66 9
95 7
96 4
96 4
22 1
22 6
32 0
33 3
100 100
9 3 6 0 0 9 0 9 5 6 6 9 9 9 0 5 6 3 9 6 0 5 6 3 9 0 6 0 9 3 5 0 5 4 8 8 2 1 8 7 1 8 8 2 7 4 4 1 2 4 4 2 7 7 2 1 8 8 1 7 4 2 8 8 4 1 4 6 0 0 0 0 3 3 3 9 3 3 3 5 0 9 5 0 0 9 3 3 5 9 6 6 3 0 6 9 3 5 3 5
36 6
96 6
23 6
37 0
33 0
34 6
77 5
85 6
93 3
98 3
66 6
57 6
13 5
35 0
38 0
65 9
64 0
24 6
63 9
13 3
99 3
39 9
40 3
62 9
61 6
60 5
41 6
42 0
43 3
89 9
66 2
97 5
6 6
44 0
65 2
66 9
65 9
96 9
59 0
58 9
56 9
45 9
46 5
86 5
47 3
46 1
55 3
43 4
43 5
54 9
53 5
35 7
35 6
52 5
46 0
22 3
48 6
51 5
31 9
29 6
55 7
6 0
55 0
29 9
50 5
49 0
37 2
40 2
37 0
40 6
35 1
35 3
48 4
48 0
41 2
54 8
81 3
80 5
48 1
96 6
16 9
54 9
48 3
84 0
49 2
45 2
49 6
41 9
26 9
1 9
45 3
35 7
86 0
26 3
59 8
13 6
59 0
35 6
57 7
26 9
100 100
6 3 9 0 0 5 6 5 0 0 0 3 0 0 9 0 0 0 5 3 5 3 3 0 5 3 0 9 5 0 9 5 0 7 2 7 4 1 1 8 2 8 7 2 2 7 1 8 7 8 8 7 7 4 2 2 2 1 8 2 1 8 1 7 8 1 7 9 6 0 5 5 6 3 3 5 5 5 6 9 9 3 9 3 5 6 5 6 9 5 0 3 9 0 9 0 6 6 6 9
56 0
12 6
76 5
66 0
73 0
65 6
33 5
64 9
63 6
34 5
35 6
47 5
36 5
62 3
42 6
10 6
57 3
37 6
25 5
38 5
13 9
61 6
3 6
39 6
40 3
56 7
41 0
60 9
95 0
40 8
71 0
66 2
24 5
94 3
66 3
26 5
40 0
72 5
59 6
20 6
88 6
43 5
23 6
44 3
60 1
44 1
60 9
19 5
28 0
36 2
54 5
44 6
9 5
29 3
36 0
45 6
58 0
46 0
56 5
49 0
48 3
55 6
53 0
77 9
50 3
51 5
0 0
67 0
25 5
52 0
65 8
31 9
65 0
61 7
61 6
57 4
39 8
21 3
39 5
57 9
63 1
63 5
62 7
62 3
41 7
21 0
41 6
44 1
57 2
57 0
44 9
54 4
34 1
89 5
54 9
56 4
56 5
34 9
45 4
45 5
81 96
0 3 3 9 0 9 5 3 6 0 9 0 3 5 9 0 0 0 0 6 0 6 3 9 6 0 3 2 8 1 1 8 4 1 8 1 7 7 7 7 1 8 8 8 8 1 4 4 8 1 8 1 2 4 1 6 3 9 0 6 3 6 9 0 9 3 3 3 9 9 5 6 9 0 9 3 0 0 0 0 6
15 3
27 9
58 9
54 6
28 5
62 5
53 5
52 6
29 6
30 9
51 9
31 5
5 5
32 0
55 9
50 6
49 0
33 3
48 0
7 9
47 3
47 7
47 6
66 5
68 0
52 1
34 0
30 8
30 0
57 6
6 0
52 5
46 9
63 3
35 0
67 3
36 9
45 5
33 8
4 5
33 9
67 6
37 9
73 9
10 3
30 7
30 5
63 5
47 2
38 3
47 6
39 0
40 0
78 6
44 6
43 9
57 9
41 3
42 0
27 2
27 9
54 4
54 0
51 7
2 0
51 9
41 7
41 5
53 1
53 9
52 8
39 7
34 7
34 3
0 0
52 6
30 8
39 9
36 1
36 3
55 6
30 5
33 8
33 9
54 1
3 9
54 0
54 7
54 0
50 8
1 6
50 0
46 4
46 9
32 7
28 8
86 93
5 0 9 6 9 6 6 5 0 0 0 6 6 0 5 5 9 6 9 0 3 3 6 6 5 0 0 5 5 3 6 5 9 3 6 6 6 9 3 3 0 0 0 0 5 0 0 3 5 5 9 6 6 0 5 3 5 3 0 6 9 0 0 3 3 6 5 0 9 9 5 6 5 6 9 9 5 3 5 0 5 5 9 6 9 6
43 8
44 8
42 8
45 4
41 1
46 4
40 4
47 2
39 1
48 8
38 8
49 4
37 4
50 4
36 4
51 1
35 8
52 1
34 2
53 4
33 8
54 7
32 7
55 4
31 1
56 4
30 1
57 8
29 2
58 8
28 2
59 7
27 8
60 4
26 2
61 1
25 4
62 7
24 2
63 7
23 1
64 8
22 2
65 4
21 2
66 8
20 2
67 7
19 8
68 8
18 8
69 8
17 1
70 4
16 1
71 4
15 2
72 2
14 1
73 8
13 4
74 2
12 7
75 1
11 2
76 4
10 8
77 8
9 1
78 8
8 4
79 4
7 2
80 7
6 1
81 1
5 7
82 1
4 4
83 7
3 4
84 2
2 7
85 4
1 7
0 4
0 0
85 0
1 5
84 5
2 5
83 6
3 0
81 93
217 906 242 301 1019 775 266 511 1015 164 799 608 410 375 342 896 406 979 451 49 148 211 916 186 451 604 752 782 572 194 728 457 213 386 19 702 979 487 799 648 103 962 321 242 100 2 964 289 103 757 618 406 188 64 628 750 253 220 724 299 750 310 666 642 146 247 991 445 545 968 290 613 865 557 185 794 512 16 265 518 21
80 534
79 198
78 723
77 263
76 843
75 778
74 891
73 904
0 12
1 423
1 578
72 555
74 93
76 841
78 590
1 39
2 609
3 243
4 150
24 721
52 983
57 140
29 538
78 394
76 130
74 606
5 807
6 725
7 591
8 989
9 456
10 272
11 149
72 833
71 525
70 335
12 655
13 476
14 603
15 873
16 931
17 365
18 751
72 632
80 800
76 377
19 201
20 264
21 879
22 160
23 624
24 192
25 136
26 461
80 737
80 430
72 456
27 455
28 994
30 726
31 163
32 514
33 984
69 382
58 10
40 817
31 8
31 177
34 408
35 938
36 763
37 411
69 335
38 742
68 869
67 275
66 204
65 873
61 35
32 741
41 40
39 411
40 476
42 788
43 407
64 897
63 430
62 284
44 427
45 863
46 305
47 802
48 640
100 100
4 8 8 1 4 8 4 2 1 8 1 7 7 8 8 4 4 7 7 2 7 4 4 8 7 4 7 8 4 2 4 8 1 7 2 7 8 7 1 2 8 7 7 1 2 7 1 4 2 7 2 4 4 8 8 2 1 1 7 7 1 7 4 1 7 2 7 7 8 1 4 2 1 2 2 8 8 4 2 7 1 4 4 8 2 4 7 7 4 8 7 1 1 4 8 2 4 4 1 7
0 8
0 1
0 8
0 2
0 2
99 9
98 5
97 0
0 9
1 6
2 5
96 7
3 5
4 9
5 3
6 5
7 5
8 3
96 5
95 6
94 5
93 5
50 9
16 4
13 3
19 0
93 8
99 7
99 4
99 7
99 2
99 3
93 5
92 3
91 9
4 7
2 8
0 7
0 8
0 1
0 5
2 6
4 6
9 5
10 3
11 9
12 0
14 9
90 0
89 6
88 5
87 6
86 5
85 0
84 3
83 6
82 9
81 0
80 3
15 5
16 9
17 5
18 0
20 5
21 3
22 5
23 6
79 0
78 3
77 9
24 5
25 5
76 9
75 2
20 9
61 2
26 5
27 0
28 0
29 0
30 3
31 1
11 7
3 1
75 0
74 9
73 5
3 9
11 9
57 5
23 0
72 6
71 5
70 6
69 5
68 0
67 6
66 9
31 9
65 5
88 86
5 5 5 9 6 5 3 6 6 9 3 6 5 5 9 0 5 0 3 0 9 9 3 6 6 5 9 5 3 1 1 7 2 2 4 4 2 2 7 8 4 1 2 7 8 8 1 1 1 4 2 1 4 4 8 2 4 4 8 5 6 5 5 5 3 9 9 6 5 3 5 0 3 6 6 3 6 6 6 3 3 3 0 0 0 3 3 3
58 9
29 3
57 6
56 0
55 0
30 6
31 0
32 3
72 6
33 6
34 5
54 6
57 1
57 3
56 2
49 0
35 6
20 3
18 0
11 9
5 6
83 6
65 9
13 6
70 5
57 1
27 9
35 1
55 8
63 3
57 3
25 9
56 6
83 0
35 0
36 0
52 3
37 5
38 3
72 0
15 9
42 5
31 2
71 9
55 5
38 2
23 3
31 3
46 3
74 5
73 5
38 9
39 5
74 0
40 5
20 3
53 3
51 5
50 6
48 6
21 3
47 3
45 5
83 0
44 3
43 6
41 0
55 7
83 5
55 0
35 2
51 1
51 3
35 6
41 1
41 3
55 2
55 6
50 7
50 5
47 1
47 5
35 4
1 6
35 9
57 7
100 100
3 3 0 3 5 6 0 9 6 5 5 6 5 3 9 9 9 0 5 3 0 5 0 6 5 3 0 6 9 5 5 5 5 2 7 8 1 7 8 7 4 7 7 7 8 8 1 7 1 8 4 8 7 4 7 7 2 2 2 4 4 1 8 7 7 8 1 6 9 9 3 5 3 6 9 6 5 6 6 9 5 9 6 3 9 6 0 3 0 0 9 0 3 5 0 6 9 0 9 5
33 6
66 9
65 6
34 5
35 0
36 0
33 2
33 0
69 6
47 9
44 6
6 3
64 6
37 5
65 1
38 5
65 6
39 6
63 6
4 3
16 3
6 3
40 9
12 5
62 3
70 0
41 9
42 3
96 6
72 5
91 9
61 0
68 0
60 0
29 6
93 9
43 3
45 6
41 8
61 4
41 0
61 9
46 5
59 5
60 8
16 0
60 6
58 9
48 6
57 0
30 0
56 5
55 6
41 4
68 0
54 5
41 5
49 9
68 5
53 9
50 0
34 7
34 6
75 9
60 8
60 9
63 1
51 9
63 9
52 3
34 8
15 6
80 6
34 3
38 8
40 7
78 3
34 7
34 9
40 9
38 6
52 1
52 6
62 7
62 0
33 7
15 9
33 6
55 8
24 0
55 5
55 8
34 7
21 5
95 9
69 5
55 9
34 6
44 7
44 0
92 80
0 9 3 3 9 5 5 3 5 5 5 9 6 0 6 6 5 5 0 6 6 0 6 3 9 3 3 3 3 0 2 7 8 1 4 4 4 7 2 8 2 1 4 4 7 8 1 4 8 7 8 1 2 1 7 4 8 4 8 8 1 3 6 9 5 9 9 9 6 9 3 6 6 3 5 3 0 0 6 3 0 6 9 5 5 9 0 9 6 9 6 3
60 6
49 9
68 6
59 9
81 3
58 9
57 6
76 6
56 0
55 0
21 0
54 6
30 3
53 5
47 9
83 6
31 5
1 9
32 0
33 5
52 6
77 9
26 3
64 6
38 6
34 5
51 6
71 9
81 0
20 6
50 9
25 9
48 6
35 3
10 9
46 6
45 3
15 5
29 6
38 7
28 5
36 6
30 8
30 9
22 9
83 3
37 3
38 3
44 9
39 3
19 9
54 4
19 0
58 1
49 4
4 0
45 4
40 0
58 0
51 7
78 6
41 6
42 5
54 9
23 3
72 6
61 5
78 6
26 0
16 9
51 3
54 1
43 0
59 7
45 6
80 3
59 0
49 5
57 7
4 9
90 90
0 0 5 3 6 0 6 0 6 5 9 6 3 3 9 0 3 9 5 3 6 6 5 3 9 0 3 9 5 9 5 5 0 9 9 9 5 9 5 0 6 5 3 6 6 5 6 3 9 6 5 0 0 9 0 5 6 6 0 9 6 9 5 6 3 9 6 3 5 6 3 0 5 9 6 9 5 6 3 0 9 0 9 9 5 0 5 3 0 3
45 8
46 4
44 4
47 2
43 1
48 7
42 1
49 4
41 7
50 7
40 4
51 8
39 8
52 4
38 7
53 2
37 7
54 7
36 8
55 8
35 2
56 1
34 2
57 4
33 4
58 1
32 4
59 1
31 7
60 2
30 8
61 2
29 8
62 1
28 8
63 4
27 8
64 8
26 8
65 7
25 8
66 4
24 7
67 1
23 4
68 4
22 2
69 1
21 4
70 8
20 1
71 1
19 4
72 2
18 8
73 4
17 2
74 1
16 1
75 7
15 2
76 4
14 7
77 4
13 2
78 2
12 7
79 7
11 4
80 8
10 4
81 1
9 7
82 1
8 2
83 2
7 1
84 7
6 2
85 4
5 7
86 2
4 8
87 4
3 7
88 4
2 1
89 2
1 4
0 7
88 84
140 986 299 105 408 75 816 695 58 747 649 246 660 284 311 728 75 757 716 192 941 844 613 421 821 447 10 394 219 676 316 424 164 110 884 371 272 721 27 434 171 982 788 944 471 183 949 409 559 718 705 482 81 262 103 991 860 499 340 651 184 852 664 225 516 542 171 333 404 321 322 532 818 983 908 895 500 636 290 239 673 715 113 864 28 928 555 61
87 615
86 774
84 554
79 353
78 447
74 975
80 129
69 709
0 744
0 730
1 264
2 147
7 969
9 141
15 344
17 808
18 676
79 628
2 137
0 214
0 14
0 300
2 1020
20 498
21 729
22 863
23 298
30 350
32 537
79 33
75 600
79 128
86 575
86 27
79 360
72 588
71 813
70 424
69 442
67 366
66 596
33 40
37 427
39 588
40 423
41 108
65 175
67 146
67 264
61 693
59 160
57 135
55 78
43 863
44 706
13 563
8 140
6 107
6 497
8 414
13 903
75 973
34 671
34 751
46 330
47 870
51 215
52 679
75 642
86 446
86 248
86 684
13 103
76 903
13 999
53 226
86 414
75 697
54 549
53 1003
72 29
16 887
1 374
10 284
100 100
6 6 3 5 0 6 6 6 0 6 0 5 0 3 0 0 0 6 0 0 5 6 0 5 5 0 0 5 5 3 6 3 5 5 3 6 0 6 9 9 6 9 0 6 9 3 9 6 6 5 9 9 0 6 9 9 5 9 6 6 5 0 5 0 3 6 5 9 0 3 9 3 5 3 6 3 3 9 5 5 9 3 6 0 3 0 6 3 0 9 3 5 0 9 3 9 5 9 3 5
50 1
51 4
49 7
52 2
48 2
53 4
47 1
54 1
46 7
55 7
45 1
56 8
44 8
57 7
43 8
58 2
42 8
59 8
41 8
60 4
40 8
61 1
39 7
62 7
38 8
63 2
37 2
64 1
36 7
65 4
35 8
66 1
34 4
67 1
33 7
68 8
32 2
69 4
31 2
70 4
30 4
71 2
29 2
72 2
28 4
73 8
27 1
74 1
26 8
75 8
25 4
76 2
24 1
77 2
23 2
78 4
22 7
79 1
21 8
80 7
20 7
81 4
19 7
82 4
18 1
83 7
17 8
84 7
16 8
85 2
15 2
86 4
14 8
87 1
13 2
88 1
12 8
89 1
11 7
90 2
10 2
91 4
9 2
92 4
8 7
93 7
7 8
94 2
6 4
95 8
5 1
96 1
4 8
97 4
3 7
98 4
2 1
99 4
1 7
0 2
90 89
3 3 3 3 0 6 5 9 6 5 0 3 0 3 6 5 5 3 0 3 5 6 6 0 9 6 3 5 6 9 2 4 8 2 4 2 2 4 7 4 8 1 7 8 1 4 1 4 4 7 8 2 8 7 2 8 2 1 1 1 7 0 5 0 5 0 0 6 6 3 3 9 5 0 3 5 5 5 5 9 0 9 0 9 6 0 0 3 6 6
49 6
4 0
60 6
30 0
44 0
6 0
59 0
73 3
58 9
31 5
57 5
28 5
46 6
56 9
55 5
79 5
31 8
31 9
54 6
37 0
53 3
17 3
40 9
52 9
83 0
51 6
32 3
17 3
33 0
50 0
14 6
78 9
78 9
48 5
47 5
66 9
55 1
1 9
59 2
59 9
55 3
74 6
71 6
34 9
35 5
17 0
43 0
36 5
38 6
46 4
9 9
57 1
57 6
54 2
39 6
41 5
37 1
20 5
54 3
64 9
16 6
45 0
68 6
24 3
33 4
42 6
46 3
39 8
33 5
37 5
22 0
12 3
39 0
44 7
44 6
41 1
41 6
47 1
47 5
46 7
46 6
54 4
83 9
54 3
33 8
76 3
38 2
27 5
38 5
4 3
10 21 3 7
1 13
0 32
2 22
100 100
6 5 0 9 0 3 9 3 9 0 6 0 5 0 5 9 5 0 6 0 3 9 6 0 6 6 0 9 0 0 0 5 5 1 4 4 8 1 7 4 7 1 4 1 4 2 4 2 7 4 1 1 1 2 2 7 2 7 7 2 7 1 4 4 8 7 4 0 3 5 6 5 0 0 5 0 9 6 9 3 0 0 0 6 0 3 9 3 3 6 5 5 0 5 9 5 5 5 0 9
29 0
61 5
33 3
66 5
64 6
34 3
35 5
98 5
36 0
65 0
49 6
63 3
62 0
37 3
60 6
60 1
60 3
69 5
59 3
58 0
64 7
38 5
64 9
39 0
93 9
39 2
39 5
40 6
41 5
60 1
42 0
96 5
43 3
48 5
60 5
57 3
27 6
5 0
11 5
44 9
98 3
56 3
55 0
45 0
46 5
54 0
53 5
52 0
77 0
79 3
47 3
50 6
21 9
51 0
64 4
52 7
28 0
8 3
86 9
64 6
52 9
39 7
39 9
63 8
53 4
53 0
85 9
32 0
63 5
40 4
40 0
43 1
15 5
28 3
91 3
43 6
36 7
83 9
36 5
63 7
43 2
35 8
35 5
43 5
81 9
63 0
60 7
60 9
37 1
59 2
59 0
37 5
36 1
36 9
39 1
45 1
45 0
39 0
62 7
13 9
100 100
6 6 3 0 9 5 5 6 5 3 5 5 0 3 3 3 6 6 6 9 5 9 5 9 9 6 3 6 9 6 0 0 6 0 0 3 5 5 6 3 6 9 3 3 6 5 3 6 5 6 9 5 5 9 5 5 6 5 0 3 6 0 0 5 6 9 5 5 0 6 3 9 3 0 5 3 0 3 0 5 6 5 5 9 9 5 0 0 3 0 3 9 0 5 3 6 9 5 9 3
50 4
51 2
49 2
52 2
48 7
53 8
47 4
54 8
46 2
55 1
45 4
56 2
44 4
57 7
43 1
58 4
42 8
59 2
41 8
60 7
40 7
61 1
39 8
62 1
38 4
63 2
37 2
64 4
36 8
65 1
35 7
66 4
34 2
67 2
33 7
68 8
32 4
69 7
31 7
70 8
30 4
71 4
29 7
72 8
28 8
73 7
27 2
74 8
26 1
75 8
25 1
76 1
24 2
77 4
23 4
78 8
22 2
79 7
21 7
80 7
20 1
81 7
19 1
82 4
18 1
83 1
17 7
84 2
16 1
85 2
15 1
86 7
14 4
87 8
13 4
88 7
12 4
89 1
11 8
90 1
10 1
91 8
9 2
92 7
8 7
93 1
7 8
94 2
6 4
95 8
5 2
96 2
4 7
97 8
3 8
98 4
2 8
99 8
1 7
0 7
99 83
0 5 0 9 5 6 6 3 6 0 5 3 3 5 0 9 0 5 3 3 6 0 5 5 0 5 6 3 3 3 3 5 3 7 2 1 2 2 2 2 7 7 2 8 1 7 4 1 7 1 1 1 4 4 8 2 7 8 2 1 4 4 8 2 2 1 4 3 5 9 0 3 9 9 0 6 6 9 6 0 5 3 6 9 5 5 9 3 5 5 0 3 5 6 3 5 5 9 0
1 0
40 9
82 9
28 9
83 9
66 9
1 6
65 5
31 9
75 3
33 0
31 9
40 4
53 5
34 9
64 9
63 0
73 5
62 6
61 0
22 5
35 5
60 9
73 0
59 6
43 0
58 3
36 3
62 4
23 9
62 6
78 9
60 8
37 0
31 0
38 6
60 6
39 5
43 4
40 6
41 5
97 5
57 3
56 0
88 5
42 9
19 5
55 9
26 0
43 9
54 3
52 3
95 9
58 2
45 0
44 9
58 9
25 5
56 8
46 9
56 9
47 9
61 4
48 6
61 0
49 6
55 7
55 9
50 6
51 6
59 2
77 6
59 3
65 4
18 9
65 9
54 1
73 6
37 8
37 5
16 0
55 4
41 4
100 100
769 758 986 620 173 799 25 251 181 727 94 710 769 1007 656 637 69 218 381 372 379 707 601 545 21 224 868 431 617 88 566 405 392 515 87 13 322 448 328 313 137 488 296 457 598 1016 117 239 42 855 614 214 182 521 122 677 333 405 930 713 334 395 815 193 319 899 107 772 899 967 577 829 26 614 179 913 959 251 398 334 762 253 625 508 67 973 769 131 661 256 206 358 341 214 982 309 296 331 580 93
99 90
0 144
1 160
2 1017
3 683
4 742
5 202
6 169
98 221
97 202
96 554
95 318
94 773
93 156
7 754
8 278
9 683
10 424
11 801
12 826
92 344
91 754
90 163
89 549
88 760
87 78
86 1018
85 863
84 58
83 828
82 554
81 126
80 813
79 424
78 198
77 612
76 948
12 920
2 530
2 76
2 93
2 91
2 61
1 789
0 625
0 35
0 32
0 850
0 369
0 738
0 486
1 978
75 975
74 688
73 172
72 934
19 391
55 240
49 783
2 980
12 579
13 165
14 40
15 550
16 649
47 815
52 521
37 855
16 803
42 148
77 158
94 847
94 542
96 460
98 577
98 421
16 585
17 6
18 760
19 101
20 698
3 546
3 158
1 446
1 647
0 861
0 352
0 824
0 416
0 193
0 625
0 398
0 670
1 705
3 402
21 36
22 574
23 736
98 411
96 526
87 95
0 9 9 5 5 9 9 9 5 9 6 5 6 0 3 5 3 9 9 6 0 9 6 3 0 9 5 5 5 5 5 9 6 0 0 3 9 3 0 6 5 5 3 0 5 3 6 9 6 6 0 6 0 5 5 0 0 3 9 0 3 6 0 0 0 6 6 9 0 0 3 0 5 0 3 5 3 3 0 9 9 5 0 6 6 6 3
43 4
44 8
42 1
45 2
41 8
46 2
40 7
47 4
39 7
48 7
38 1
49 4
37 1
50 2
36 2
51 7
35 1
52 1
34 7
53 4
33 2
54 7
32 8
55 4
31 1
56 7
30 2
57 1
29 1
58 8
28 1
59 2
27 8
60 7
26 2
61 7
25 4
62 2
24 4
63 1
23 7
64 4
22 4
65 1
21 7
66 8
20 2
67 4
19 1
68 8
18 2
69 4
17 8
70 1
16 1
71 1
15 8
72 1
14 4
73 2
13 8
74 8
12 2
75 4
11 2
76 2
10 1
77 1
9 4
78 8
8 4
79 8
7 7
80 2
6 2
81 4
5 8
82 7
4 1
83 4
3 4
84 1
2 4
85 7
1 8
86 8
0 4
0 5
86 0
1 9
85 9
2 3
84 9
3 6
83 0
100 100
4 2 7 2 2 4 4 8 4 8 2 7 4 4 8 2 8 2 2 1 1 7 4 2 4 1 1 1 8 4 2 1 7 1 8 1 4 7 1 7 2 8 2 4 1 8 1 7 4 4 4 8 1 1 7 7 1 1 2 1 1 7 8 2 2 1 4 8 2 4 2 2 1 2 4 7 7 8 4 8 2 8 4 1 1 7 1 7 4 7 4 4 4 4 8 7 4 8 1 2
99 5
98 3
97 9
96 5
95 0
0 0
1 0
2 5
3 0
4 5
94 9
93 5
92 5
91 5
90 6
89 6
88 7
98 4
99 8
5 0
6 0
7 0
99 9
98 9
88 9
87 5
86 5
85 6
84 0
1 2
0 1
0 9
1 6
8 9
9 6
10 3
92 2
98 2
99 1
99 1
11 3
99 9
98 0
92 0
83 0
82 6
81 9
80 6
79 3
93 8
98 2
12 9
13 3
14 9
15 3
98 6
93 3
78 5
16 9
17 9
18 9
19 9
20 9
21 6
22 6
23 6
24 3
25 5
26 6
27 9
28 5
64 0
27 5
46 7
77 6
76 9
75 3
74 6
73 5
72 0
71 6
70 0
69 6
29 9
68 6
67 3
66 6
30 3
11 4
10 4
1 1
0 7
0 6
1 3
10 0
65 6
63 6
62 6
61 9
11 5
96 100
9 9 3 0 6 3 6 0 3 3 6 3 9 9 9 0 9 5 3 5 3 5 5 6 9 6 3 0 5 5 6 5 5 5 6 5 5 9 6 0 9 9 6 0 9 5 6 5 5 9 3 6 5 9 9 3 9 0 5 6 3 3 5 6 3 0 9 6 0 6 6 0 9 9 5 9 6 3 0 9 6 9 3 6 3 0 3 0 6 0 5 0 6 3 0 3
48 4
49 1
47 7
50 2
46 8
51 7
45 7
52 2
44 2
53 4
43 8
54 1
42 8
55 1
41 2
56 4
40 7
57 1
39 4
58 8
38 1
59 2
37 7
60 4
36 4
61 7
35 8
62 7
34 1
63 1
33 4
64 8
32 2
65 4
31 2
66 2
30 4
67 4
29 8
68 7
28 8
69 2
27 1
70 4
26 7
71 2
25 2
72 4
24 4
73 7
23 8
74 2
22 4
75 8
21 7
76 2
20 1
77 4
19 4
78 7
18 8
79 7
17 8
80 1
16 7
81 4
15 4
82 8
14 8
83 4
13 1
84 1
12 4
85 8
11 8
86 8
10 1
87 1
9 4
88 7
8 4
89 1
7 7
90 4
6 1
91 4
5 2
92 7
4 7
93 7
3 4
94 2
2 1
95 7
1 1
0 8
0 9
95 5
1 9
94 9
92 99
3 9 0 3 5 9 3 5 0 9 5 0 9 3 6 5 5 6 6 5 9 5 0 9 9 3 3 5 3 0 5 5 0 6 0 5 5 3 9 0 9 0 9 9 0 0 0 6 3 9 0 5 9 3 9 9 3 5 0 9 6 9 6 5 6 3 9 3 5 3 6 5 9 3 0 9 6 6 0 0 9 6 5 0 5 6 0 0 3 3 0 9
46 4
47 8
45 7
48 4
44 2
49 2
43 7
50 2
42 4
51 8
41 2
52 8
40 2
53 8
39 7
54 1
38 4
55 4
37 2
56 4
36 2
57 1
35 7
58 7
34 1
59 1
33 4
60 2
32 8
61 7
31 2
62 1
30 4
63 8
29 8
64 2
28 7
65 8
27 7
66 8
26 4
67 7
25 8
68 8
24 1
69 7
23 7
70 2
22 2
71 2
21 4
72 7
20 7
73 7
19 2
74 1
18 7
75 1
17 1
76 2
16 2
77 4
15 1
78 4
14 2
79 8
13 1
80 8
12 4
81 7
11 7
82 8
10 7
83 7
9 7
84 2
8 7
85 7
7 1
86 4
6 8
87 7
5 8
88 4
4 4
89 1
3 4
90 4
2 2
91 7
1 7
0 1
0 9
91 0
1 5
90 9
2 9
89 6
3 9
97 94
6 0 9 0 5 3 5 5 9 3 5 0 6 9 6 9 9 3 5 0 0 3 5 5 6 6 6 3 5 6 0 6 7 8 7 2 1 2 4 1 7 1 7 8 8 7 1 1 4 1 2 8 7 7 1 2 1 2 8 4 8 2 1 7 2 0 3 6 3 5 0 0 5 3 3 0 5 5 9 9 9 0 0 6 0 0 3 9 3 3 6 5 9 5 9 5 5
64 9
63 6
32 0
46 0
84 0
62 6
56 6
71 6
33 3
53 5
6 5
61 6
34 0
60 9
20 5
59 3
35 9
8 9
58 5
7 3
74 5
1 6
36 0
74 6
37 9
57 5
62 8
74 0
38 3
18 0
62 0
76 9
39 3
40 6
67 0
55 9
41 3
42 9
54 0
52 5
51 9
73 9
43 6
18 3
42 2
42 0
76 6
11 9
50 0
44 9
49 6
48 6
65 9
16 3
45 6
47 6
35 1
35 0
42 2
55 8
22 3
41 7
56 4
25 3
56 3
41 5
47 7
42 6
74 0
45 2
45 9
47 5
78 3
55 0
56 7
63 7
63 3
56 0
40 7
5 5
73 5
47 1
47 0
79 9
12 5
31 5
83 6
40 5
32 4
0 6
32 3
33 1
33 5
49 7
93 93
5 6 6 9 5 0 9 6 5 9 5 0 5 9 9 6 5 0 5 3 9 5 5 0 5 0 5 6 6 6 0 6 6 3 0 5 9 3 0 0 5 9 3 3 6 3 5 0 3 9 0 6 0 3 6 6 3 0 3 3 3 5 3 3 6 0 5 3 9 0 5 9 9 6 5 6 5 9 3 0 3 3 3 5 9 6 3 9 6 9 9 5 3
46 4
47 2
45 2
48 2
44 7
49 7
43 4
50 1
42 8
51 2
41 8
52 1
40 8
53 1
39 4
54 4
38 1
55 7
37 4
56 8
36 2
57 4
35 7
58 1
34 8
59 8
33 2
60 4
32 4
61 1
31 4
62 4
30 8
63 1
29 8
64 7
28 1
65 7
27 7
66 4
26 8
67 2
25 4
68 1
24 4
69 8
23 2
70 4
22 1
71 8
21 8
72 4
20 1
73 1
19 8
74 1
18 7
75 4
17 1
76 1
16 4
77 1
15 1
78 7
14 4
79 2
13 4
80 7
12 8
81 1
11 2
82 1
10 4
83 2
9 2
84 7
8 2
85 1
7 2
86 1
6 2
87 8
5 1
88 4
4 4
89 8
3 1
90 2
2 8
91 7
1 2
92 8
0 8
1 55
687
0 420
0 538
0 152
0 160
0 190
0 214
0 463
0 891
0 64
0 638
0 534
0 574
0 5
0 315
0 973
0 128
0 80
0 319
0 646
0 717
0 656
0 942
0 306
0 582
0 183
0 544
0 663
0 145
0 594
0 491
0 395
0 450
0 414
0 452
0 31
0 794
0 564
0 391
0 541
0 979
0 181
0 121
0 882
0 77
0 844
0 856
0 77
0 10
0 49
0 364
0 681
0 10
0 110
0 922
0 813
100 100
3 0 0 5 5 3 6 0 0 6 0 6 0 0 5 0 0 3 0 0 3 6 5 5 9 6 3 0 0 3 0 6 9 9 3 3 5 3 6 0 0 3 0 3 5 0 9 3 6 5 5 0 5 9 3 5 5 3 5 0 9 3 6 0 6 9 5 3 3 5 0 6 0 6 5 5 5 6 3 3 0 0 6 0 5 3 9 9 5 6 5 3 0 5 9 3 9 9 5 3
73 0
14 3
6 0
91 6
32 0
62 3
40 3
49 6
51 5
33 0
64 3
1 9
82 5
26 5
85 9
25 6
11 0
80 6
30 3
29 0
64 5
19 3
28 3
89 3
53 9
92 0
40 5
48 5
72 3
64 0
65 5
0 6
6 6
11 3
66 6
34 9
29 3
4 9
38 6
5 5
67 6
76 3
53 3
37 5
42 0
91 5
33 3
2 6
3 4
0 4
0 8
0 7
0 8
0 4
0 4
0 4
0 7
0 2
0 1
0 1
0 8
0 2
0 2
0 8
0 7
0 2
3 5
0 9
56 9
68 6
43 0
20 6
53 0
30 5
46 5
68 6
57 6
65 6
91 6
20 6
65 5
82 5
2 9
29 9
91 6
40 5
86 6
4 3
8 3
21 3
21 5
47 3
56 5
8 0
92 3
30 9
81 6
16 6
30 9
94 3
94 93
6 9 3 6 0 3 3 9 0 3 5 3 9 6 6 6 6 3 5 9 5 0 0 5 3 9 3 3 0 6 9 7 2 2 1 2 1 8 1 1 1 2 2 8 7 4 7 2 2 4 7 8 8 8 8 8 7 1 8 8 1 1 1 0 9 6 0 6 5 6 3 6 5 3 3 6 6 9 5 5 9 0 0 5 0 9 0 5 9 0 6 6 5 9
87 6
79 6
62 5
31 5
22 3
32 0
61 9
83 3
33 0
51 9
34 6
36 6
35 0
37 0
89 5
60 3
2 9
59 9
89 0
58 0
41 6
89 6
38 0
13 6
39 0
91 6
77 6
77 9
40 0
17 0
47 6
42 3
20 6
56 9
8 6
57 0
29 3
55 9
1 0
62 8
9 9
62 0
22 0
49 0
52 6
54 9
89 5
93 3
43 5
69 3
44 5
53 6
32 4
32 0
45 3
46 3
50 9
48 0
43 7
6 3
43 9
33 4
72 6
31 1
91 9
33 9
31 5
51 7
31 2
51 5
61 4
61 0
0 3
31 0
45 8
45 5
59 4
91 5
59 5
58 1
58 0
35 8
12 0
35 6
41 7
42 7
62 8
62 6
41 6
42 5
60 4
75 3
60 6
100 100
5 0 6 9 3 0 3 3 3 6 9 9 0 3 5 5 6 0 5 9 5 6 9 9 6 3 6 0 3 0 5 9 0 0 3 9 5 3 3 5 6 3 0 5 9 0 3 3 9 0 5 0 6 6 6 5 9 3 6 3 5 9 3 6 9 0 0 3 0 0 5 6 3 3 3 5 3 0 3 5 3 0 9 9 3 9 6 3 6 0 3 0 0 5 6 5 9 6 3 0
50 2
51 1
49 4
52 7
48 4
53 7
47 1
54 4
46 4
55 8
45 1
56 2
44 4
57 8
43 2
58 1
42 2
59 4
41 2
60 4
40 1
61 2
39 8
62 1
38 2
63 1
37 1
64 8
36 1
65 1
35 1
66 7
34 8
67 8
33 2
68 8
32 2
69 2
31 4
70 8
30 2
71 2
29 1
72 7
28 4
73 8
27 7
74 4
26 1
75 7
25 1
76 2
24 2
77 2
23 8
78 7
22 2
79 7
21 1
80 8
20 1
81 1
19 7
82 4
18 8
83 1
17 8
84 2
16 4
85 1
15 4
86 2
14 1
87 8
13 4
88 2
12 8
89 4
11 8
90 4
10 8
91 1
9 4
92 4
8 1
93 1
7 4
94 7
6 7
95 7
5 7
96 1
4 1
97 4
3 1
98 7
2 4
99 2
1 2
0 1
91 99
9 3 5 6 9 0 6 3 5 9 3 5 3 6 6 5 9 3 3 9 9 6 3 6 9 0 3 5 5 5 1 7 8 1 2 7 7 1 1 8 7 8 7 4 2 4 8 8 4 2 8 8 2 2 1 2 7 4 4 4 2 9 9 3 9 9 5 0 0 6 3 9 5 0 9 3 0 5 0 0 5 6 0 9 9 3 6 5 5 5 5
80 6
20 3
47 5
30 6
60 9
31 3
38 6
59 6
32 0
58 3
60 8
65 0
74 3
33 5
48 3
90 3
34 6
35 9
20 5
60 9
35 7
35 9
57 0
79 6
65 3
56 3
35 1
35 6
55 0
19 0
54 9
71 3
53 5
36 5
52 9
8 9
37 0
1 3
79 9
51 0
39 9
50 9
49 0
52 2
40 9
26 3
28 6
79 0
43 5
54 7
77 6
41 0
54 0
42 9
83 3
44 5
18 5
17 9
79 3
67 3
85 9
45 5
46 3
18 6
20 3
89 5
52 9
39 8
24 9
39 3
47 7
47 5
34 2
36 4
36 6
34 0
47 8
60 2
60 9
47 9
34 8
28 6
9 3
78 6
34 6
52 7
33 4
23 0
89 5
71 6
65 6
52 3
33 5
39 4
39 0
52 8
52 0
49 8
49 0
84 92
3 0 9 5 6 0 5 9 6 3 6 0 3 9 6 0 5 0 5 5 0 6 6 6 3 0 3 0 7 7 7 8 1 7 1 1 2 8 2 4 2 7 7 8 4 4 8 4 7 4 2 8 2 1 2 7 7 5 6 9 3 6 3 3 0 5 0 3 5 5 0 6 0 5 3 5 3 9 6 6 5 5 9 3
62 5
28 5
22 9
29 5
30 0
31 5
31 8
31 9
56 5
32 5
55 3
65 6
71 9
5 6
33 9
54 5
34 5
35 5
36 3
5 0
81 5
53 5
52 0
1 0
51 3
72 9
75 9
48 9
49 6
50 0
28 8
28 3
5 0
48 4
48 9
32 4
70 6
32 5
47 5
46 5
65 0
30 2
27 6
39 5
71 0
45 6
37 9
61 6
56 1
43 0
81 5
56 0
44 0
63 6
42 3
28 8
53 2
75 0
60 9
28 0
53 5
45 1
34 1
45 3
30 5
34 5
41 3
40 6
4 5
77 3
38 6
37 4
37 6
37 8
37 0
44 4
50 8
82 5
18 9
30 8
29 4
12 6
24 5
29 6
50 0
26 9
43 2
44 9
49 4
30 9
49 0
43 6
100 100
9 6 6 5 0 6 9 6 3 9 5 6 5 0 6 6 0 0 9 5 0 9 3 3 9 5 6 0 9 9 6 0 5 0 3 3 6 3 6 9 5 0 0 9 3 0 5 6 9 5 5 5 6 9 0 3 9 0 5 5 9 0 3 9 3 9 5 6 3 5 5 5 5 9 0 5 9 6 9 5 0 3 9 9 3 3 3 0 3 3 9 0 9 3 6 6 9 0 6 5
50 4
51 7
49 4
52 2
48 2
53 4
47 1
54 8
46 1
55 4
45 1
56 1
44 8
57 2
43 4
58 8
42 8
59 7
41 4
60 4
40 2
61 8
39 4
62 1
38 4
63 8
37 7
64 8
36 7
65 8
35 8
66 4
34 1
67 1
33 2
68 8
32 8
69 4
31 8
70 1
30 8
71 2
29 7
72 7
28 1
73 4
27 4
74 4
26 7
75 1
25 4
76 1
24 8
77 2
23 8
78 4
22 1
79 2
21 7
80 2
20 2
81 2
19 4
82 4
18 1
83 8
17 1
84 2
16 7
85 4
15 4
86 7
14 2
87 4
13 4
88 7
12 1
89 1
11 2
90 8
10 4
91 1
9 4
92 7
8 7
93 4
7 2
94 7
6 2
95 1
5 4
96 1
4 7
97 2
3 8
98 4
2 2
99 8
1 7
0 2
100 100
739 215 900 58 538 712 473 531 423 742 474 698 531 763 561 845 260 958 717 452 184 459 888 778 153 197 207 427 96 664 393 108 910 788 190 732 498 252 238 773 343 567 232 918 591 516 160 814 291 189 183 513 306 120 156 300 99 680 325 192 703 528 655 825 640 235 860 516 470 984 564 816 435 550 813 78 774 105 144 780 293 802 943 269 864 156 490 612 843 826 317 627 619 1023 325 834 888 1008 884 742
75 482
26 606
75 170
96 303
27 904
53 720
60 452
68 911
77 499
77 297
68 705
73 10
9 759
80 549
78 303
84 272
88 585
18 846
24 691
91 909
54 831
98 610
5 1000
95 66
78 915
47 636
47 485
36 432
4 643
72 222
41 238
18 917
22 615
99 111
12 20
2 795
84 660
19 330
39 9
74 999
34 277
73 373
71 163
33 150
30 745
89 853
19 175
22 828
63 810
69 789
63 354
69 645
87 928
57 34
39 840
8 503
18 599
66 937
10 619
61 594
63 663
23 77
10 698
55 360
99 80
31 608
13 7
0 7
0 786
13 510
31 978
97 141
14 836
77 870
37 177
17 235
64 986
64 918
57 513
39 712
63 533
67 99
64 312
91 893
23 1015
62 826
93 591
79 89
23 983
52 940
21 990
48 922
4 717
50 619
61 774
49 534
88 633
74 582
99 57
68 863
98 95
215 540 822 739 255 510 766 711 437 822 735 150 673 513 270 612 40 65 374 940 840 136 497 745 427 125 204 730 237 165 258 340 237 237 394 869 0 455 579 437 869 58 269 33 153 202 306 432 791 640 1023 763 884 40 573 476 368 6 257 320 510 943 534 691 126 867 528 669 407 509 135 170 237 58 828 720 350 869 449 394 798 791 300 500 177 843 473 1008 380 490 10 819 723 401 68 573 853 80
92 202
32 51
41 492
94 174
97 930
97 769
97 975
94 462
91 685
72 329
7 1000
47 646
25 476
10 1017
33 393
81 633
14 540
61 169
74 201
16 476
92 821
60 639
30 884
51 222
50 645
64 723
77 441
84 399
94 32
96 919
97 535
97 629
94 951
96 638
96 590
97 419
97 224
60 992
55 529
16 593
1 257
97 670
96 741
60 267
55 413
16 408
45 898
18 507
48 178
74 219
96 934
42 629
11 363
80 788
26 429
87 793
0 1004
2 199
87 839
2 718
30 200
30 951
0 894
92 95
46 865
33 150
46 373
84 105
3 763
19 725
0 226
91 452
51 245
94 965
88 288
28 796
40 172
27 183
28 845
9 516
26 350
65 1000
5 889
0 268
0 457
0 604
0 621
5 212
6 480
29 795
77 476
13 339
66 3
45 391
49 744
100 100
9 5 9 6 3 0 5 3 5 0 5 3 3 3 6 3 6 5 5 3 5 6 0 5 0 9 0 0 0 3 5 6 5 5 0 3 5 5 9 0 9 9 9 6 9 5 3 6 0 9 6 5 0 3 0 6 9 3 0 9 5 9 0 0 3 0 5 0 6 5 3 9 6 9 9 0 9 9 9 0 9 5 6 3 0 6 3 3 3 3 3 3 0 3 0 0 6 0 3 0
50 4
51 2
49 4
52 8
48 2
53 1
47 7
54 8
46 4
55 8
45 1
56 4
44 8
57 8
43 4
58 2
42 8
59 7
41 7
60 8
40 4
61 4
39 2
62 8
38 4
63 2
37 2
64 7
36 2
65 2
35 8
66 7
34 7
67 7
33 4
68 4
32 2
69 1
31 7
70 1
30 4
71 7
29 8
72 4
28 8
73 1
27 7
74 2
26 1
75 4
25 2
76 4
24 8
77 2
23 8
78 2
22 1
79 7
21 1
80 1
20 7
81 4
19 8
82 7
18 1
83 7
17 8
84 1
16 8
85 1
15 7
86 8
14 8
87 2
13 2
88 7
12 8
89 7
11 1
90 7
10 1
91 8
9 1
92 4
8 2
93 1
7 1
94 2
6 1
95 1
5 2
96 2
4 4
97 2
3 8
98 8
2 2
99 1
1 8
0 8
94 94
3 9 6 9 3 6 5 0 5 6 9 5 9 5 5 3 0 0 0 3 3 6 3 9 5 3 3 5 6 3 9 5 9 5 9 5 5 9 5 5 6 0 3 0 0 3 6 6 3 3 5 0 6 6 9 5 9 3 9 0 6 3 5 6 0 5 5 3 6 9 0 0 6 3 9 0 3 5 9 9 0 3 6 5 3 6 0 6 0 0 9 3 9 6
47 4
48 1
46 4
49 8
45 1
50 8
44 2
51 1
43 8
52 1
42 1
53 2
41 8
54 7
40 4
55 7
39 2
56 1
38 8
57 2
37 4
58 1
36 2
59 8
35 8
60 4
34 4
61 1
33 7
62 4
32 4
63 7
31 7
64 1
30 4
65 1
29 7
66 8
28 7
67 7
27 8
68 1
26 4
69 4
25 2
70 8
24 4
71 8
23 1
72 7
22 2
73 7
21 8
74 7
20 7
75 7
19 2
76 1
18 2
77 1
17 4
78 7
16 8
79 8
15 4
80 8
14 7
81 7
13 2
82 4
12 1
83 8
11 7
84 8
10 8
85 2
9 4
86 7
8 4
87 4
7 7
88 2
6 8
89 1
5 2
90 4
4 1
91 2
3 1
92 7
2 8
93 8
1 8
0 4
95 95
251 734 233 642 70 460 309 342 973 82 956 623 381 849 481 668 961 1002 47 790 908 631 637 793 319 806 805 727 532 218 67 61 758 117 230 1015 74 637 618 118 74 690 626 682 926 968 642 666 782 961 133 376 158 662 47 552 590 94 707 886 1009 121 7 687 88 84 143 968 333 770 131 38 460 346 37 569 644 286 866 50 416 871 684 488 607 385 601 707 205 635 829 339 613 376 704
0 499
0 292
0 173
0 1001
0 2
0 936
0 885
0 709
94 62
94 251
94 844
94 901
94 1001
94 302
94 623
94 362
94 88
94 351
94 761
94 445
94 415
94 419
94 188
94 939
94 647
0 344
1 970
2 1008
3 72
4 147
5 783
6 921
7 777
8 627
9 540
10 226
11 1017
94 685
93 387
92 40
91 252
90 344
89 943
88 786
87 387
86 599
85 760
12 210
13 735
14 1005
15 407
16 826
17 75
18 500
19 853
20 350
21 452
22 430
23 169
24 969
7 295
3 367
0 403
0 0
3 149
7 876
25 430
26 77
27 691
28 312
29 255
84 940
83 989
82 610
81 474
80 537
30 879
31 688
32 160
33 582
34 730
35 931
36 198
37 561
38 808
39 655
40 657
41 706
42 24
43 900
92 647
92 789
94 104
94 472
94 936
80 80
144 314 459 211 192 287 849 88 821 599 61 1001 884 544 702 900 715 192 742 904 354 793 566 627 7 74 93 368 469 895 253 566 921 335 892 815 1011 67 344 264 21 686 429 596 930 527 764 725 16 983 172 294 301 491 1018 338 40 497 437 466 732 683 1006 163 269 508 393 258 366 471 836 371 114 490 542 83 697 826 922 231
58 345
28 673
0 525
79 755
79 131
79 67
79 428
1 119
3 27
6 237
79 634
74 53
69 863
65 969
59 574
58 833
53 619
52 249
48 893
46 605
45 977
44 377
7 639
10 655
11 615
40 874
37 363
35 760
34 556
31 645
30 184
9 752
42 241
28 931
9 910
14 610
21 858
22 760
24 822
25 898
26 579
29 20
42 700
38 858
24 965
71 594
55 559
20 337
24 573
76 598
78 572
78 201
76 315
10 652
7 353
54 848
42 354
11 10
54 258
39 160
62 785
70 213
78 316
78 821
70 483
73 390
11 172
3 792
53 516
43 504
59 520
58 354
73 816
1 431
0 789
1 791
0 486
4 377
27 35
27 267
14 4
421 473 609 753 732 344 498 559 317 975 591 116 452 1004
5 761
0 869
13 0
5 212
95 82
9 9 9 0 0 6 0 6 5 3 6 9 5 9 9 3 6 0 0 6 6 9 3 9 5 0 3 9 9 5 5 7 7 7 7 1 7 8 4 1 2 1 4 2 4 1 8 2 2 1 2 1 2 1 2 4 4 4 4 1 7 1 8 0 0 9 0 9 6 3 3 0 6 3 0 6 0 0 0 0 6 6 5 5 9 5 9 5 0 9 5 5 9 9 3
31 3
62 9
40 9
32 0
61 6
69 9
60 0
59 3
26 9
58 9
41 3
33 3
81 5
57 9
34 9
3 6
75 9
35 5
56 0
55 9
54 3
82 3
80 3
53 0
52 3
51 6
36 9
83 3
73 6
30 5
50 5
36 7
41 1
36 3
11 5
24 3
25 3
79 0
24 6
49 6
5 6
37 3
13 5
38 6
48 6
94 9
39 9
47 3
38 1
85 3
46 6
38 3
45 3
14 5
41 9
44 6
31 1
31 5
42 0
43 3
60 4
60 3
37 4
35 8
62 2
24 3
62 0
35 0
37 5
45 8
45 5
42 1
32 4
42 5
21 6
88 3
32 0
34 4
70 5
89 0
6 9
87 0
92 92
3 9 3 6 3 3 0 5 6 3 9 9 5 5 5 5 5 6 5 5 3 9 3 0 0 0 6 5 3 6 6 5 3 5 6 5 3 0 5 0 0 0 9 3 6 0 6 9 5 0 6 5 6 9 0 6 3 5 9 3 6 5 5 9 0 9 6 9 3 0 3 3 3 9 5 0 6 9 5 3 5 5 9 3 9 5 0 6 5 6 6 5
46 8
47 7
45 4
48 7
44 7
49 1
43 7
50 1
42 7
51 4
41 4
52 8
40 4
53 8
39 8
54 4
38 8
55 4
37 1
56 4
36 8
57 2
35 2
58 8
34 1
59 4
33 2
60 1
32 8
61 7
31 4
62 1
30 4
63 7
29 2
64 1
28 4
65 4
27 2
66 2
26 1
67 8
25 2
68 2
24 7
69 4
23 4
70 7
22 8
71 4
21 8
72 2
20 4
73 7
19 1
74 7
18 4
75 2
17 4
76 4
16 7
77 4
15 8
78 7
14 8
79 8
13 8
80 8
12 4
81 2
11 2
82 8
10 4
83 4
9 8
84 2
8 8
85 1
7 2
86 4
6 2
87 4
5 7
88 7
4 4
89 7
3 7
90 2
2 4
91 4
1 4
0 4
98 87
3 5 5 3 6 9 0 3 6 5 6 0 9 3 0 0 5 3 5 5 0 3 6 9 5 6 5 9 3 5 0 6 2 1 1 8 4 8 2 1 2 7 7 8 4 1 2 7 1 2 1 2 4 4 1 4 2 4 4 8 8 1 7 4 4 9 6 5 6 3 3 9 5 5 6 9 3 9 9 3 0 5 0 0 6 5 6 5 3 0 0 6 5 3 3 9 0 9
39 9
90 5
64 9
63 9
37 9
62 3
32 0
74 5
61 9
33 6
34 0
60 9
51 9
23 3
35 9
59 5
60 1
69 5
60 6
58 3
36 6
57 9
37 4
29 3
56 9
55 9
30 3
54 5
2 9
60 7
60 9
4 3
11 0
45 6
53 0
37 5
89 6
82 6
66 3
25 9
11 3
89 0
66 5
38 3
33 7
65 9
57 8
39 7
75 5
57 5
34 1
33 3
17 0
70 6
52 9
34 6
39 5
40 5
50 6
77 3
24 3
83 0
18 6
41 0
46 6
49 3
48 6
43 9
42 0
47 5
44 3
33 1
64 7
54 2
33 6
88 3
54 3
64 9
39 4
10 6
76 6
74 0
21 9
12 5
39 5
40 8
38 1
88 94
3 9 0 6 3 5 9 5 0 0 3 5 9 9 9 3 0 6 6 3 0 0 3 3 3 6 3 9 6 3 5 3 9 9 5 0 9 0 0 9 9 5 5 9 6 0 5 0 0 3 9 3 0 6 6 6 6 3 6 5 0 3 6 0 5 5 3 3 9 9 5 0 5 3 5 5 6 0 9 9 3 0 0 6 5 9 5 0
44 4
45 1
43 8
46 1
42 8
47 1
41 7
48 1
40 1
49 1
39 2
50 2
38 2
51 1
37 2
52 8
36 1
53 2
35 4
54 8
34 1
55 8
33 2
56 7
32 2
57 4
31 2
58 8
30 8
59 2
29 4
60 2
28 7
61 8
27 8
62 2
26 8
63 2
25 7
64 2
24 2
65 8
23 7
66 8
22 2
67 2
21 4
68 1
20 8
69 2
19 4
70 8
18 8
71 2
17 8
72 2
16 1
73 7
15 4
74 4
14 1
75 2
13 7
76 8
12 2
77 7
11 1
78 4
10 7
79 8
9 2
80 1
8 4
81 8
7 8
82 7
6 2
83 4
5 8
84 1
4 7
85 8
3 7
86 4
2 7
87 2
1 2
0 8
0 9
87 0
1 0
86 6
2 5
85 3
80 98
5 3 3 3 9 0 9 0 0 6 3 5 0 6 5 3 6 5 6 5 9 9 0 5 5 9 1 2 1 4 8 1 2 8 7 2 7 7 4 2 4 7 4 1 1 2 1 4 2 2 4 7 7 9 5 9 9 9 5 5 3 6 6 5 3 3 5 9 9 9 0 5 6 0 6 9 0 5 9 0
52 5
28 9
29 5
51 0
26 3
56 5
27 5
69 0
30 9
9 9
50 0
31 9
49 3
15 9
8 5
64 0
48 0
32 3
37 9
47 6
46 6
33 5
47 7
20 5
34 5
47 5
67 6
35 6
23 5
45 6
71 6
36 9
26 1
50 2
56 0
33 8
50 5
26 5
44 6
31 4
31 0
43 3
11 5
42 9
33 5
14 3
0 5
10 5
57 0
38 5
37 1
37 6
42 2
42 0
41 6
23 3
39 6
40 5
35 4
69 0
27 2
27 0
46 8
17 6
55 0
4 3
35 5
34 4
47 4
39 2
56 9
47 0
50 7
7 6
79 5
70 9
1 5
8 5
34 0
39 0
33 8
44 4
50 0
1 5
46 0
33 6
2 5
44 5
48 4
48 5
50 8
50 9
33 7
33 3
35 4
35 5
30 8
13 5
100 100
0 6 0 0 5 0 0 9 0 9 3 9 5 3 5 6 3 6 5 5 0 5 3 6 6 3 6 5 5 0 5 3 5 3 3 6 6 3 5 6 9 0 5 6 0 9 5 5 6 9 6 0 3 3 3 5 3 5 0 6 9 6 3 5 6 3 0 9 6 9 0 6 5 3 5 5 5 3 0 3 6 9 3 0 6 6 9 6 3 0 0 5 3 9 6 0 9 9 6 5
47 0
68 6
48 9
67 9
60 2
10 2
71 5
10 6
60 5
35 6
75 0
59 5
99 4
30 6
15 1
32 7
99 5
39 7
55 7
68 1
98 8
99 7
99 2
99 6
98 6
68 3
55 5
39 5
15 6
32 3
27 3
74 9
91 7
95 2
96 1
91 9
95 0
96 3
44 0
29 9
29 0
75 9
23 6
83 3
73 9
7 8
19 4
34 0
89 5
58 4
21 3
75 7
7 1
5 2
2 7
75 9
58 9
19 9
1 1
1 2
0 7
0 2
7 6
5 9
2 5
1 6
0 3
45 4
73 4
88 2
92 4
94 2
96 1
97 4
97 7
99 4
99 8
17 8
4 4
0 2
0 7
0 4
99 9
97 0
0 0
4 5
17 0
96 9
94 6
92 6
88 0
73 0
45 9
96 3
23 9
96 3
46 9
98 9
19 6
82 6
100 100
3 5 3 0 3 5 5 6 6 3 3 6 0 9 3 6 6 9 0 9 6 3 5 0 9 6 0 5 0 9 9 0 6 6 6 3 3 3 9 9 0 0 6 5 5 6 5 0 9 0 0 9 0 0 9 9 5 3 5 3 9 5 6 9 0 5 9 0 9 0 6 9 0 9 3 0 0 9 0 0 9 6 5 0 0 5 6 6 3 0 0 9 6 0 9 5 6 5 0 3
50 2
51 4
49 4
52 1
48 7
53 2
47 4
54 7
46 1
55 4
45 7
56 4
44 1
57 7
43 2
58 4
42 1
59 7
41 8
60 8
40 7
61 4
39 4
62 4
38 1
63 1
37 1
64 1
36 7
65 4
35 1
66 2
34 2
67 7
33 1
68 1
32 8
69 2
31 7
70 7
30 4
71 8
29 4
72 4
28 7
73 1
27 7
74 8
26 4
75 4
25 1
76 8
24 2
77 7
23 2
78 8
22 8
79 4
21 8
80 1
20 2
81 8
19 2
82 7
18 4
83 8
17 8
84 7
16 8
85 1
15 2
86 4
14 2
87 8
13 4
88 2
12 8
89 2
11 1
90 4
10 2
91 7
9 7
92 1
8 7
93 2
7 7
94 4
6 4
95 4
5 2
96 2
4 8
97 4
3 1
98 1
2 2
99 8
1 7
0 7
100 100
462 268 503 971 920 276 746 995 788 693 384 829 351 453 670 111 728 993 116 397 136 457 466 195 163 912 984 485 857 217 532 623 223 530 138 412 1002 330 724 602 880 398 396 461 256 252 306 593 877 978 484 608 679 291 825 76 259 575 81 192 750 586 984 138 976 384 502 337 647 560 750 202 924 257 166 828 415 948 427 921 712 444 435 21 878 803 867 186 71 590 308 364 1003 781 36 545 504 372 975 421
99 219
97 831
95 447
93 435
91 430
89 154
87 57
85 34
1 10
3 814
4 808
84 136
1 733
1 721
0 508
0 104
0 527
0 642
0 529
83 12
76 270
70 51
69 89
68 579
66 736
0 703
1 209
5 745
7 371
47 796
36 902
83 310
83 464
64 153
63 329
73 94
97 61
11 958
12 92
97 20
73 698
60 485
58 697
57 46
3 55
2 653
0 74
0 1015
0 799
0 716
0 133
0 279
0 614
56 215
82 79
92 806
97 560
0 238
2 804
97 323
92 943
95 493
99 471
99 613
3 377
99 612
95 99
82 516
55 705
51 315
50 34
48 554
0 947
47 931
44 993
0 405
0 817
0 751
13 650
16 277
22 890
5 677
2 404
12 154
22 840
82 473
28 487
78 607
78 516
41 785
40 141
39 1017
38 797
58 942
60 964
60 258
58 720
36 237
5 711
19 751
86 86
3 9 9 0 3 3 5 5 3 6 0 5 0 9 5 9 0 3 9 3 3 6 3 0 9 0 3 0 2 7 7 1 4 1 8 7 8 7 7 8 8 7 1 4 4 4 8 8 8 8 2 8 2 8 4 2 7 9 6 6 3 6 3 6 0 6 0 9 9 0 9 9 9 5 3 0 6 9 6 9 0 5 5 0 0 5
28 3
74 0
44 6
56 9
29 6
55 5
54 9
40 6
53 3
52 6
59 5
51 3
68 5
0 6
30 6
50 9
16 5
49 5
48 6
28 2
28 3
47 5
17 6
53 8
53 6
46 3
51 1
51 6
45 9
43 9
63 6
12 9
31 5
32 5
30 7
30 9
73 3
33 3
42 0
41 5
39 0
7 0
38 3
56 7
56 3
70 6
34 0
35 5
37 5
36 6
54 2
61 6
25 6
20 0
56 7
33 2
41 1
20 6
15 0
69 5
33 0
41 0
0 9
56 3
54 9
33 8
83 3
33 0
53 4
24 9
84 3
37 2
37 5
67 6
53 6
33 1
33 5
45 2
19 6
45 9
39 7
39 9
53 2
47 8
53 9
56 2
94 84
963 542 526 506 484 344 212 96 168 906 407 708 905 324 59 188 631 201 919 9 466 68 147 85 554 634 108 169 104 1012 835 541 653 885 8 437 170 27 425 316 456 399 108 61 198 987 640 778 492 424 121 501 0 53 34 429 465 284 47 299 594 728 437 585 358 157 620 526 457 650 252 130 703 815 601 207 381 926 765 506 697 850 661 508 862 804 1018 876 589 392 524 1016 325 999
1 105
3 278
4 447
8 106
9 383
12 202
13 503
14 664
15 765
16 396
18 652
20 786
28 130
29 528
30 135
91 394
90 479
89 330
88 785
84 119
83 365
82 0
81 706
79 526
77 77
76 183
74 730
73 571
68 192
66 996
65 135
64 673
61 652
59 216
58 498
56 814
51 371
50 845
43 111
39 359
38 705
34 246
33 694
32 882
31 340
88 323
86 898
14 729
92 429
84 485
44 519
60 92
43 821
34 450
6 447
81 189
25 663
65 931
79 6
50 585
8 523
70 834
50 246
37 384
34 600
47 219
4 907
11 912
82 903
76 330
61 365
53 975
57 1014
84 270
78 915
64 938
58 797
28 867
66 965
50 350
66 435
67 139
64 29
74 65
100 100
3 0 5 6 6 3 9 0 0 5 0 9 3 5 0 9 5 3 6 5 6 9 6 5 0 3 5 0 3 0 0 0 5 2 1 8 4 2 8 2 2 7 7 7 1 4 8 2 1 2 7 4 7 7 4 4 2 4 4 2 1 7 2 1 8 2 1 9 9 0 9 0 3 9 6 9 5 0 0 6 0 9 3 0 5 5 9 9 5 9 0 9 0 9 3 6 0 6 3 3
33 0
34 3
22 3
66 5
22 0
35 6
36 5
65 5
64 3
37 6
36 2
51 3
63 9
71 6
1 0
18 5
36 0
78 0
38 0
62 6
94 9
61 5
29 5
39 6
68 3
60 0
73 5
59 3
14 0
68 5
58 6
57 3
56 5
78 3
40 9
69 6
79 0
55 0
41 5
54 5
27 9
42 0
53 9
52 3
36 2
36 6
43 6
50 3
44 5
8 3
14 9
49 0
45 3
46 5
28 5
12 6
47 6
88 5
48 9
45 7
45 6
37 4
73 3
37 5
65 4
76 3
81 6
26 9
65 3
49 4
49 6
53 8
19 3
84 5
65 1
86 6
43 2
66 2
43 5
66 3
7 6
65 0
24 3
53 0
52 4
95 3
80 0
52 3
62 2
1 0
56 4
62 0
39 7
39 9
40 4
40 9
22 9
78 5
19 3
56 3
91 85
3 5 6 6 9 3 0 5 0 9 6 0 6 5 6 0 6 0 5 9 3 3 3 9 3 6 0 6 0 6 7 8 1 8 2 4 2 7 4 7 2 4 7 8 7 8 4 4 7 1 7 1 1 2 8 4 2 4 2 8 7 9 5 6 3 9 0 6 5 9 3 5 9 3 0 6 9 3 6 3 0 3 5 9 6 5 5 5 9 9 6
64 6
30 0
21 6
31 6
60 5
59 0
32 9
58 5
57 5
56 3
33 6
22 5
55 6
42 3
28 5
54 9
34 3
53 6
19 5
17 5
11 0
52 5
38 9
51 9
5 6
12 5
63 0
76 9
35 9
50 3
36 5
57 4
74 3
57 5
86 3
37 6
39 9
32 7
78 5
49 0
85 3
87 9
65 6
32 0
48 9
40 9
53 2
41 9
6 3
58 4
82 3
58 0
53 3
49 1
8 3
51 8
43 9
51 6
49 9
44 6
47 9
81 9
46 6
45 5
37 8
77 0
37 0
35 1
38 2
32 7
38 9
35 9
64 6
84 9
68 5
32 3
42 1
16 3
12 9
42 5
50 1
5 6
50 3
58 7
58 0
61 44
748 573 349 260 95 957 474 34 520 703 90 449 540 1000 1014 489 404 245 343 955 825 139 773 177 320 514 649 57 553 305 303 948 113 394 320 473 467 593 674 116 260 377 657 368 204 900 673 281 797 228 798 833 624 58 317 746 715 33 881 615 640
2 880
2 999
0 572
0 23
0 91
0 945
42 395
42 216
60 52
60 562
0 1001
0 470
6 565
6 513
38 451
38 538
0 721
0 404
60 508
60 413
60 895
60 513
60 696
60 92
0 604
0 966
0 460
0 40
0 805
0 596
26 716
26 1017
49 381
49 113
60 998
60 537
0 508
0 965
0 239
0 1023
60 1012
60 187
60 631
60 195
91 86
0 0 9 3 5 9 9 3 3 0 6 0 0 6 6 0 5 6 0 0 5 6 6 0 3 3 5 0 0 5 4 2 2 4 1 7 8 8 8 7 1 7 1 2 2 8 2 8 2 2 7 4 2 1 1 8 4 4 8 4 8 5 3 5 0 3 6 0 5 3 9 9 9 6 6 5 5 5 6 0 9 6 5 3 0 3 9 6 5 9 9
40 6
60 6
83 5
70 3
59 5
30 5
82 0
87 3
87 9
28 0
12 5
31 3
81 5
58 9
32 0
33 0
34 5
27 9
35 9
57 6
29 9
56 5
36 5
37 3
55 3
54 9
40 4
66 3
37 7
9 9
0 0
37 5
53 9
68 0
52 6
86 5
2 9
17 9
38 6
12 5
23 5
39 6
51 5
49 9
50 9
7 5
40 6
41 9
48 6
65 9
43 3
45 5
42 3
47 9
44 5
46 9
44 4
89 9
79 5
44 3
55 2
45 1
55 3
29 0
45 0
36 4
36 6
57 8
90 5
20 6
57 9
59 2
8 0
49 7
59 9
60 8
18 0
49 6
60 0
52 7
1 5
14 6
87 5
52 5
41 1
41 6
86 93
3 5 6 6 0 5 9 5 3 3 3 9 0 0 6 6 6 9 0 3 9 3 0 6 9 0 6 0 8 1 2 8 1 8 2 8 1 1 4 7 8 7 8 4 1 8 8 8 7 7 8 7 2 4 7 7 7 5 5 6 9 3 0 0 3 6 5 5 3 9 6 9 0 3 3 3 9 0 3 6 9 3 3 6 5 3
56 5
13 6
55 6
54 9
53 0
52 9
28 3
12 3
10 9
29 0
9 3
7 0
3 0
66 6
30 3
82 9
75 5
51 5
62 3
31 6
50 9
49 5
38 3
5 5
0 3
32 9
48 5
33 0
34 3
83 6
33 4
33 6
47 6
35 5
46 9
84 3
36 3
37 9
45 3
39 3
44 6
43 5
42 6
35 7
32 7
41 0
32 0
4 9
56 8
56 9
35 3
38 1
40 6
55 1
37 8
37 3
9 3
12 5
74 3
38 6
50 2
41 2
20 6
41 6
55 9
62 6
26 3
8 9
50 6
56 2
56 9
40 7
67 9
40 0
30 2
30 3
47 2
47 6
54 4
54 6
56 1
56 5
40 7
32 4
55 7
31 7
31 9
55 3
32 3
19 5
40 9
47 4
47 6
96 98
5 0 5 0 0 3 0 9 6 3 9 3 9 6 5 9 0 5 6 9 3 0 9 6 0 3 6 5 6 0 3 0 6 9 5 6 6 0 6 9 5 0 3 9 5 5 5 9 6 5 6 0 3 0 3 0 3 9 5 5 5 0 9 3 3 0 6 3 9 3 0 3 6 3 5 5 5 9 0 3 3 9 3 6 9 0 0 5 9 5 0 0 6 0 6 0
48 2
49 4
47 4
50 2
46 4
51 2
45 4
52 7
44 7
53 8
43 1
54 2
42 4
55 2
41 2
56 2
40 1
57 2
39 1
58 4
38 4
59 8
37 2
60 1
36 4
61 1
35 4
62 2
34 2
63 7
33 7
64 2
32 2
65 8
31 8
66 8
30 1
67 7
29 2
68 2
28 8
69 4
27 8
70 4
26 8
71 7
25 8
72 4
24 4
73 8
23 1
74 8
22 2
75 2
21 8
76 8
20 7
77 1
19 1
78 8
18 4
79 2
17 7
80 1
16 2
81 1
15 7
82 4
14 2
83 8
13 4
84 2
12 7
85 1
11 2
86 4
10 2
87 7
9 4
88 2
8 1
89 7
7 1
90 2
6 4
91 2
5 7
92 1
4 1
93 2
3 2
94 1
2 8
95 7
1 1
0 4
0 6
95 5
93 93
0 9 6 5 9 3 5 6 6 3 6 5 6 6 6 9 3 6 0 5 5 9 5 6 3 3 3 3 0 0 6 2 7 1 4 7 8 8 7 2 4 4 7 8 4 8 2 7 4 7 8 2 1 7 2 8 4 4 2 8 1 8 7 6 0 3 5 6 6 5 0 6 6 0 3 9 0 5 9 0 5 6 6 0 6 0 3 9 9 6 9 0 0
15 0
4 3
62 3
63 9
31 3
76 6
32 9
61 5
33 9
34 6
43 9
2 9
8 9
73 6
35 5
13 9
59 0
36 5
60 3
58 5
76 6
13 6
37 0
16 3
16 9
56 0
57 5
31 4
76 3
90 9
55 5
54 9
56 7
40 5
52 9
56 3
53 6
25 9
51 5
82 3
31 9
1 9
50 3
3 6
49 5
24 5
38 6
39 6
48 9
47 0
38 8
46 3
52 4
21 9
52 5
83 6
73 5
45 6
44 6
71 3
48 7
48 6
38 6
41 5
53 4
53 9
42 5
43 7
72 9
87 0
90 0
43 9
49 8
49 6
43 8
52 1
17 3
43 0
62 2
70 5
61 8
76 9
82 9
24 5
13 0
83 9
52 6
26 9
61 0
62 9
34 4
34 5
48 1
99 94
488 841 709 487 439 361 690 617 1007 107 493 173 26 386 44 964 551 539 772 445 995 950 982 41 440 962 164 302 623 522 886 799 419 942 508 601 914 947 254 850 793 309 555 439 1004 823 925 168 224 230 913 7 97 752 42 908 704 988 253 569 929 52 11 580 296 309 388 307 923 167 998 569 412 280 158 647 1001 355 179 64 478 793 351 251 607 415 193 397 901 738 247 743 491 185 115 545 734 692 518
98 119
97 723
96 497
95 46
94 914
96 710
0 430
96 450
94 610
94 935
97 837
1 430
2 822
3 848
4 337
97 1013
94 354
5 922
6 712
7 96
8 120
9 1000
93 57
92 990
91 686
90 71
89 6
88 3
10 646
11 897
12 263
87 514
53 1002
68 999
45 730
5 85
37 461
86 202
85 813
84 882
83 414
82 706
81 937
80 54
60 462
52 229
20 22
13 864
14 267
15 344
16 149
79 85
78 813
77 216
76 573
75 525
74 763
73 718
72 706
17 108
18 786
19 674
20 918
71 685
70 884
21 634
69 1006
67 783
80 616
65 349
66 275
22 794
22 613
18 84
17 914
64 207
63 156
62 123
17 169
18 5
22 966
61 876
59 854
58 95
9 98
5 998
0 279
0 959
0 369
0 880
0 436
0 552
64 640
50 632
99 92
12 231 649 233 527 152 401 899 171 192 671 288 537 835 589 287 415 53 118 27 770 696 61 700 76 463 80 977 949 897 980 586 839 775 1008 413 584 144 378 534 559 65 1017 117 538 668 535 847 629 7 78 455 582 956 212 1023 399 939 738 376 477 839 629 541 340 1020 642 419 132 43 91 458 481 182 604 503 716 352 639 354 81 85 94 331 1019 698 233 508 987 698 608 980 273 723 840 522 975 157 951
97 53
95 245
2 625
2 907
3 343
4 633
5 846
92 335
90 455
87 15
86 325
84 609
7 160
8 503
10 576
13 197
14 831
16 801
18 54
83 533
82 1000
80 17
77 226
20 525
21 694
22 693
24 166
25 586
28 610
33 864
76 739
74 399
36 839
43 338
45 970
73 495
46 540
47 622
49 10
72 807
71 766
53 694
57 245
58 373
59 547
60 802
87 379
98 901
98 457
98 776
63 195
66 996
67 927
70 20
98 618
76 875
1 976
0 847
0 32
98 603
87 297
76 144
1 989
0 374
87 202
70 958
72 190
14 48
1 25
25 274
76 419
88 659
90 930
90 63
88 636
76 550
25 951
1 165
86 756
88 670
3 860
62 447
10 828
41 808
92 785
74 857
36 490
97 14
98 168
98 704
98 369
98 270
98 98
5 9 0 3 9 6 9 5 3 9 9 5 6 5 6 6 6 5 5 3 6 6 3 5 6 5 0 6 0 5 6 5 1 2 8 7 2 1 2 4 4 1 1 2 4 7 7 2 8 1 8 4 8 2 4 8 1 7 8 8 1 8 8 8 2 6 9 5 0 9 9 0 9 6 0 6 3 9 5 9 6 0 5 9 6 9 3 5 3 0 5 3 0 5 6 9 9 9
32 9
64 6
33 6
20 9
63 3
37 9
29 5
85 6
34 3
62 6
26 3
37 4
61 3
60 9
35 0
36 6
37 5
59 0
58 6
38 0
57 5
56 5
55 6
31 9
47 9
39 6
25 6
86 6
94 9
77 3
3 6
54 0
53 0
70 3
52 3
51 0
50 3
49 5
48 9
46 6
20 6
55 1
30 5
55 9
40 0
14 5
41 3
10 5
13 0
59 4
23 5
70 3
12 9
42 3
59 6
30 3
14 3
9 9
43 9
58 4
44 9
45 0
58 9
56 8
3 3
56 6
42 8
75 3
42 3
34 2
4 3
34 3
63 4
71 0
58 8
58 3
63 0
35 7
19 6
83 6
6 5
72 3
35 5
47 2
47 9
60 4
76 0
1 5
60 0
52 7
69 3
92 0
52 5
38 7
70 3
38 0
46 2
46 0
1 18
831
0 655
0 639
0 148
0 582
0 67
0 321
0 222
0 539
0 436
0 1007
0 142
0 766
0 807
0 746
0 864
0 568
0 59
0 908
99 100
5 3 9 3 0 9 9 9 0 6 9 0 9 5 6 3 3 9 9 6 6 0 3 5 0 9 6 9 5 3 3 6 6 9 5 5 6 6 5 5 5 9 5 0 5 9 6 9 9 0 5 6 3 9 6 3 9 6 9 5 3 0 6 3 3 6 3 0 5 9 0 9 5 6 6 0 0 9 6 6 3 0 9 0 3 5 3 6 3 0 3 5 9 5 3 5 0 3 0
49 8
50 4
48 4
51 4
47 7
52 1
46 7
53 8
45 2
54 4
44 8
55 8
43 2
56 4
42 1
57 1
41 2
58 2
40 2
59 1
39 4
60 4
38 7
61 2
37 2
62 2
36 1
63 1
35 7
64 7
34 4
65 2
33 2
66 7
32 7
67 7
31 8
68 1
30 4
69 8
29 8
70 1
28 4
71 7
27 8
72 7
26 7
73 4
25 4
74 1
24 2
75 4
23 1
76 4
22 4
77 7
21 1
78 4
20 4
79 4
19 7
80 7
18 2
81 8
17 4
82 8
16 4
83 4
15 1
84 7
14 2
85 7
13 8
86 1
12 8
87 2
11 7
88 7
10 8
89 2
9 8
90 2
8 7
91 1
7 4
92 7
6 7
93 2
5 1
94 4
4 7
95 2
3 1
96 7
2 1
97 4
1 4
98 2
0 4
0 9
85 85
9 3 5 5 6 3 3 9 3 9 3 6 3 6 0 6 9 6 3 6 9 3 5 9 5 9 6 9 6 0 6 3 5 9 3 3 9 5 9 0 9 3 9 9 9 5 0 9 6 0 5 6 0 0 9 9 0 6 5 0 5 5 3 0 0 6 0 3 6 6 5 0 6 6 5 0 0 9 6 6 6 3 3 5 9
42 1
43 8
41 4
44 2
40 2
45 8
39 8
46 2
38 8
47 2
37 1
48 7
36 8
49 8
35 4
50 7
34 7
51 1
33 4
52 2
32 4
53 7
31 2
54 8
30 4
55 2
29 1
56 4
28 8
57 8
27 8
58 8
26 2
59 2
25 4
60 1
24 4
61 4
23 4
62 8
22 8
63 4
21 4
64 4
20 1
65 8
19 8
66 2
18 4
67 7
17 4
68 7
16 8
69 4
15 4
70 1
14 1
71 8
13 1
72 2
12 2
73 1
11 1
74 7
10 7
75 8
9 2
76 1
8 4
77 2
7 2
78 8
6 7
79 7
5 4
80 1
4 1
81 8
3 8
82 8
2 8
83 8
1 7
84 2
0 7
92 83
0 6 0 9 9 6 5 6 5 0 3 9 6 3 9 5 0 5 9 6 0 9 3 9 5 0 6 0 5 9 4 8 4 4 4 1 8 8 7 8 8 8 1 4 4 8 2 1 8 2 2 8 2 2 4 4 4 1 2 2 7 3 6 6 3 3 6 3 6 0 0 3 3 6 6 6 3 3 0 9 5 0 6 5 3 3 5 3 3 3 9 6
38 3
30 6
16 6
31 5
32 6
33 5
41 0
34 6
58 0
60 9
81 3
35 3
0 9
59 3
15 9
57 3
18 3
56 9
47 5
55 3
54 6
36 5
62 0
53 9
52 5
51 3
50 0
55 1
37 3
39 3
40 5
50 4
17 9
67 0
55 5
42 3
50 6
43 3
49 9
25 0
44 3
45 0
46 0
48 3
38 7
38 3
45 7
45 6
39 2
22 9
39 3
47 2
31 4
91 9
21 9
54 1
26 0
54 0
38 1
42 8
31 6
38 5
49 4
42 5
35 4
86 5
17 5
49 5
30 4
47 3
23 9
35 0
79 0
30 5
32 4
32 3
31 7
55 7
43 7
85 6
31 9
29 5
33 2
100 100
0 3 9 9 3 6 3 9 5 3 6 0 5 0 0 3 9 9 0 5 6 3 6 0 6 0 5 6 0 0 3 9 9 0 3 9 9 5 6 9 6 6 9 6 3 9 5 0 5 9 3 6 9 9 5 6 3 0 3 3 6 9 0 6 9 6 6 6 5 9 3 3 5 0 0 6 0 3 3 9 5 9 5 9 6 9 6 0 9 3 6 0 6 9 0 5 9 0 3 0
82 6
23 3
99 6
0 2
0 8
0 7
0 4
0 4
0 8
0 8
0 4
0 1
0 1
0 1
0 6
88 9
26 3
42 9
59 3
44 0
18 0
40 6
7 0
10 9
24 5
93 9
45 6
94 0
25 5
20 5
30 5
35 5
60 0
47 0
7 5
56 9
40 3
30 6
92 9
23 0
90 5
84 9
62 3
85 5
46 5
69 6
1 9
76 9
52 5
2 9
30 3
93 6
7 9
92 6
32 9
92 5
22 3
92 9
11 5
61 9
87 9
80 6
97 5
62 5
17 0
43 0
48 3
39 5
24 5
87 9
53 3
92 3
17 6
86 1
89 8
92 2
99 2
99 1
99 1
99 9
92 3
89 3
86 9
40 9
11 9
26 0
33 3
7 0
93 9
20 3
31 6
46 6
88 0
17 9
14 6
69 5
83 0
52 2
64 3
57 7
100 100
6 0 6 5 0 9 5 0 6 5 0 3 5 5 9 9 0 0 5 9 0 9 3 5 6 9 0 9 5 9 9 6 5 8 7 4 8 8 8 2 1 2 2 7 1 7 8 1 8 2 8 4 8 7 1 2 8 7 1 1 4 2 7 1 8 4 2 9 6 9 0 9 6 0 0 9 5 6 9 9 0 9 3 5 5 6 0 5 9 6 6 6 5 3 9 3 6 9 6 9
66 5
33 3
34 0
35 0
65 9
96 9
90 9
77 3
64 6
36 3
15 5
37 6
94 0
63 3
38 9
22 5
62 6
31 5
61 0
95 3
60 9
39 5
40 9
74 0
81 5
41 5
42 9
59 3
43 0
18 5
58 3
44 3
45 0
57 9
16 3
49 5
46 0
47 0
19 0
48 3
94 9
47 4
47 3
56 6
55 9
50 0
27 6
54 6
86 5
19 9
26 0
90 6
51 3
62 2
62 5
11 3
52 6
53 0
38 7
38 9
66 1
66 9
33 7
34 2
33 9
74 3
20 5
34 5
56 1
56 9
49 2
32 5
95 6
11 6
49 9
52 8
52 3
48 7
48 6
41 8
41 9
47 8
81 6
47 0
53 4
53 9
60 4
60 0
42 2
42 6
37 4
37 0
49 4
49 3
59 1
59 6
41 7
3 9
54 8
86 3
5 1
14 1 15 20 26
4 26
100 100
5 0 6 0 5 9 9 5 0 9 0 3 0 9 0 3 6 5 5 5 9 9 3 9 5 5 5 9 5 0 3 0 9 5 6 3 9 3 6 5 9 6 3 9 3 9 0 6 3 9 3 5 3 5 5 0 0 0 9 9 6 9 6 9 9 9 0 9 5 0 5 5 9 6 6 5 9 0 0 9 9 3 9 6 9 6 3 3 6 5 0 3 6 5 9 0 0 0 5 3
50 7
51 4
49 1
52 4
48 7
53 4
47 1
54 7
46 7
55 4
45 7
56 2
44 2
57 2
43 8
58 8
42 8
59 4
41 1
60 7
40 8
61 1
39 1
62 4
38 4
63 8
37 7
64 4
36 8
65 1
35 2
66 1
34 7
67 1
33 2
68 8
32 1
69 7
31 7
70 1
30 8
71 1
29 1
72 4
28 8
73 7
27 1
74 7
26 1
75 8
25 7
76 2
24 1
77 2
23 1
78 1
22 8
79 8
21 1
80 2
20 1
81 1
19 7
82 8
18 4
83 4
17 4
84 1
16 2
85 2
15 4
86 4
14 8
87 1
13 7
88 1
12 2
89 2
11 8
90 2
10 4
91 4
9 7
92 2
8 1
93 4
7 7
94 4
6 1
95 8
5 1
96 4
4 7
97 1
3 4
98 2
2 1
99 1
1 8
0 8
100 100
5 9 0 0 9 5 0 9 3 0 0 5 6 6 6 9 6 9 9 9 0 9 0 0 0 3 6 0 5 6 5 5 9 3 3 3 5 3 0 6 9 9 0 3 3 9 0 3 3 9 5 6 9 0 6 0 3 9 3 6 5 9 9 5 6 9 3 3 0 0 6 3 0 3 0 3 0 5 9 0 0 5 5 5 3 6 5 5 5 5 5 6 3 3 9 9 3 6 0 9
50 1
51 1
49 4
52 7
48 2
53 8
47 2
54 2
46 2
55 2
45 8
56 2
44 1
57 8
43 8
58 2
42 8
59 7
41 7
60 7
40 4
61 4
39 8
62 7
38 1
63 7
37 8
64 1
36 1
65 1
35 7
66 7
34 7
67 2
33 8
68 8
32 1
69 2
31 1
70 1
30 4
71 2
29 2
72 7
28 4
73 2
27 4
74 4
26 8
75 1
25 1
76 8
24 1
77 8
23 4
78 7
22 1
79 1
21 1
80 4
20 8
81 7
19 8
82 7
18 2
83 2
17 7
84 7
16 2
85 7
15 2
86 4
14 2
87 4
13 1
88 8
12 7
89 8
11 4
90 1
10 1
91 8
9 7
92 8
8 2
93 1
7 8
94 8
6 8
95 2
5 4
96 8
4 2
97 1
3 4
98 2
2 8
99 7
1 4
0 8
100 82
629 726 83 685 918 452 1020 450 777 267 586 735 519 291 119 610 561 462 544 153 365 660 989 712 791 879 335 990 258 669 260 320 269 1000 297 1023 966 910 231 360 674 305 420 222 184 746 344 746 726 389 627 135 753 685 240 898 170 881 894 323 1000 281 126 12 204 12 326 559 711 288 209 801 927 756 45 260 579 347 600 599 17 735 231 624 725 102 5 210 766 816 763 149 605 652 904 495 846 773 957 893
42 670
48 291
45 917
81 40
38 864
74 432
62 473
24 843
68 308
91 180
82 965
30 356
97 235
62 683
90 783
75 756
8 483
65 917
1 688
82 177
9 675
5 206
3 22
0 367
0 832
0 527
9 17
5 480
3 243
0 23
9 216
31 821
21 759
40 374
74 450
36 429
20 840
30 680
97 144
20 507
61 429
76 122
85 137
85 607
97 883
97 919
97 193
0 767
0 176
0 625
97 211
98 251
98 382
99 902
99 388
0 99
76 822
85 408
97 132
98 99
99 20
16 907
29 822
49 594
27 338
28 969
2 887
27 77
20 862
13 701
1 372
1 546
0 280
0 164
0 382
0 541
0 488
0 947
0 692
0 118
0 793
0 104
91 92
5 5 5 3 0 3 3 6 5 5 0 3 0 9 9 6 9 3 6 9 5 5 0 3 5 5 3 3 5 6 1 4 1 4 4 7 1 2 7 7 1 1 1 4 4 8 2 7 7 8 8 1 4 2 2 1 7 7 2 4 8 6 9 3 9 5 3 5 0 6 9 6 9 0 0 3 3 0 0 0 6 0 5 3 5 5 6 5 9 6 0
31 9
30 3
32 5
27 9
60 3
34 9
33 6
35 5
36 9
58 6
71 5
37 6
81 9
59 9
83 3
38 3
39 5
9 6
90 3
4 9
24 3
19 9
57 0
40 6
65 5
75 9
41 6
83 5
56 6
22 0
18 6
55 0
42 0
34 8
54 9
53 9
52 0
47 5
73 5
34 0
43 0
27 5
51 5
18 9
78 5
33 1
49 9
14 3
88 6
50 6
33 5
48 6
46 6
44 6
45 0
32 1
48 4
48 5
4 6
32 6
46 8
46 0
30 2
34 1
30 0
70 5
34 9
35 8
35 0
40 7
40 3
60 4
60 6
41 2
20 9
33 8
41 0
33 6
43 4
86 9
43 6
58 4
45 8
58 6
89 3
45 3
47 1
22 6
34 8
74 0
34 6
52 4
100 100
4 2 8 7 1 4 7 1 2 2 7 1 1 1 8 1 4 4 1 7 1 4 1 4 7 8 8 2 4 4 2 7 7 2 2 2 8 4 2 7 8 2 4 8 4 1 2 2 1 7 2 7 8 8 1 1 8 7 4 8 7 2 2 8 1 8 8 2 8 2 1 1 2 4 7 8 2 8 4 4 1 2 8 7 1 4 1 1 7 4 4 1 7 4 8 2 4 1 4 7
99 7
99 7
99 2
28 6
0 0
1 0
2 9
3 9
0 7
0 2
99 4
99 8
99 1
99 1
99 2
99 8
0 9
4 3
99 6
98 0
97 5
96 9
5 3
6 0
3 1
3 9
7 3
8 6
9 0
10 5
95 5
94 3
93 5
11 6
12 6
13 5
14 6
15 6
67 8
31 2
16 0
17 6
18 6
19 5
22 0
24 5
74 1
16 7
14 4
92 3
91 5
90 3
89 6
88 0
14 0
16 9
20 0
21 9
97 7
99 4
99 2
99 8
23 6
25 6
90 9
36 8
19 2
95 8
30 5
99 9
19 0
26 5
4 7
4 8
4 4
0 2
0 7
0 9
4 5
27 5
29 9
97 0
95 9
87 0
86 0
31 5
32 5
85 9
84 0
83 5
16 4
13 2
12 8
27 2
18 8
82 5
81 6
33 2
63 2
40 7
100 100
916 656 21 889 458 936 448 721 770 592 16 953 623 701 682 841 764 896 555 457 73 434 386 530 949 986 155 186 49 916 327 842 259 400 199 67 13 292 466 810 412 261 133 566 31 443 233 803 268 44 286 527 747 949 137 981 823 653 382 829 830 205 26 941 916 488 662 651 653 428 734 254 716 273 961 635 1012 152 400 400 762 672 713 968 761 508 563 852 254 995 799 239 508 692 824 143 426 321 52 793
8 53
31 623
74 234
99 1006
98 160
97 270
96 480
95 754
94 694
93 216
92 586
91 573
90 792
89 603
0 627
1 102
2 10
3 272
88 958
87 778
86 904
85 86
84 349
4 476
5 948
83 538
82 363
81 66
80 90
79 650
78 894
77 591
76 630
75 99
74 96
73 531
72 106
71 1020
6 712
7 111
9 525
83 684
4 772
4 609
10 226
11 891
12 791
13 129
14 356
15 660
16 688
17 928
83 680
70 277
69 401
68 863
18 354
19 857
20 53
67 882
80 675
80 466
98 229
98 534
80 674
66 3
65 154
21 887
22 441
23 85
24 33
25 938
26 396
27 444
28 777
29 30
30 250
31 1018
64 839
63 413
62 898
32 759
33 192
34 390
35 303
36 462
37 765
38 921
61 15
60 559
59 891
58 77
57 432
56 66
55 329
54 53
53 797
52 593
39 23
40 553
93 87
759 924 311 948 272 498 383 550 694 711 836 226 857 907 365 568 965 574 972 275 957 874 893 977 210 978 18 813 922 957 804 514 848 189 312 599 624 811 745 579 984 23 730 423 507 966 937 125 411 845 363 126 166 736 63 449 807 337 780 1014 993 561 513 825 874 688 317 746 771 646 946 786 396 900 298 921 212 54 184 934 910 58 441 95 946 826 931 910 863 599 180 621 983
76 480
44 562
68 543
42 771
91 142
88 451
65 328
74 630
45 256
1 807
68 944
88 390
68 915
65 401
45 136
81 165
31 295
75 200
79 138
80 44
84 560
31 228
75 312
84 562
80 860
79 46
4 588
46 634
84 1011
76 144
3 505
0 419
0 671
0 871
0 666
0 515
3 585
0 519
68 80
87 294
79 407
11 927
73 476
56 633
70 510
71 655
78 780
76 246
76 540
20 444
38 141
39 960
29 652
74 368
45 498
84 854
6 634
37 498
86 811
86 469
84 388
68 584
87 231
56 31
86 671
87 448
88 1021
89 992
89 990
88 277
56 504
68 978
84 777
86 652
87 700
17 427
13 898
20 154
50 437
13 639
26 311
58 802
66 447
46 147
20 212
75 424
58 943
100 100
5 5 3 0 6 5 9 0 3 6 0 5 3 6 3 6 9 0 3 3 5 3 6 0 9 9 5 6 5 3 3 5 5 0 5 5 0 0 5 6 5 6 0 3 3 9 6 5 6 3 6 6 9 9 3 3 3 9 0 0 6 9 6 5 5 0 6 3 5 9 9 3 9 6 5 9 5 3 0 3 6 6 6 3 5 3 9 5 0 6 6 3 5 9 6 3 5 0 6 0
50 1
51 2
49 2
52 8
48 2
53 2
47 7
54 1
46 2
55 1
45 7
56 8
44 1
57 4
43 2
58 1
42 7
59 7
41 1
60 8
40 2
61 7
39 7
62 1
38 7
63 1
37 2
64 1
36 7
65 2
35 7
66 7
34 4
67 2
33 7
68 2
32 4
69 2
31 4
70 8
30 4
71 7
29 1
72 4
28 1
73 7
27 1
74 8
26 2
75 1
25 4
76 4
24 7
77 1
23 2
78 7
22 4
79 1
21 7
80 8
20 7
81 1
19 2
82 4
18 1
83 7
17 8
84 4
16 7
85 2
15 2
86 1
14 7
87 4
13 7
88 1
12 1
89 7
11 4
90 4
10 8
91 8
9 8
92 8
8 2
93 1
7 1
94 2
6 4
95 8
5 4
96 2
4 1
97 1
3 8
98 2
2 4
99 7
1 8
0 1
91 98
9 5 0 6 3 9 3 0 0 5 5 9 9 3 3 0 0 3 3 9 3 9 0 0 0 6 5 0 5 6 4 4 4 1 8 2 4 7 1 4 1 1 1 4 8 7 4 2 1 1 2 7 8 8 2 4 7 1 4 7 2 9 6 5 5 6 9 6 3 9 3 0 9 5 5 9 9 0 6 6 3 9 6 6 0 5 3 6 0 0 3
88 0
41 3
60 0
59 3
85 0
30 6
31 6
59 2
89 0
9 5
32 0
33 3
6 0
54 9
74 0
85 3
71 0
34 0
85 6
64 6
59 3
35 3
36 5
37 9
3 9
58 0
38 3
17 6
39 5
89 0
16 0
46 9
49 6
57 9
40 9
68 3
39 1
39 5
56 0
29 3
87 9
7 0
55 3
53 5
52 0
51 9
42 5
43 3
32 4
8 0
50 6
48 6
42 7
32 9
42 5
47 3
55 4
55 3
57 4
40 1
57 3
45 0
34 2
66 3
1 0
9 9
73 0
26 9
34 0
25 0
40 6
18 0
44 0
35 7
82 0
38 2
75 6
19 5
26 3
38 6
30 7
41 2
33 1
30 5
85 9
33 3
23 5
41 5
35 6
48 2
67 3
48 6
30 2
19 0
30 5
38 7
73 5
38 3
96 100
326 41 143 656 46 843 347 776 113 314 194 732 844 2 34 830 782 445 737 211 737 88 54 412 582 435 100 823 55 763 243 911 668 312 131 532 964 218 529 164 903 464 785 576 857 766 648 447 736 185 379 680 139 28 103 843 974 351 347 761 599 519 2 671 517 491 781 110 286 586 630 490 759 875 633 888 656 13 83 974 897 571 723 205 880 915 841 690 7 928 384 622 775 155 877 584
95 561
94 609
93 252
92 533
88 172
87 119
86 788
84 183
83 519
79 621
77 538
76 24
73 603
68 467
67 788
66 669
65 948
1 898
2 887
3 519
7 15
9 887
10 270
12 257
13 686
64 520
63 603
62 337
59 371
57 771
56 667
54 389
53 882
50 703
49 340
46 863
39 664
38 170
37 71
15 599
16 86
17 149
18 821
19 833
20 756
21 476
53 211
85 167
94 56
95 352
95 841
95 964
95 906
95 621
94 766
85 523
53 474
36 160
35 963
34 83
23 966
26 221
27 459
28 994
31 225
32 550
33 492
32 288
59 878
69 466
79 41
86 261
88 738
92 439
95 463
59 363
69 183
79 330
86 556
88 231
92 449
95 567
36 633
14 846
11 922
3 813
34 750
31 439
30 618
30 524
1 304
1 413
30 0
31 550
34 366
16 198
95 718
2 742
2 424
33 673
90 97
443 381 213 672 662 890 357 862 247 2 451 319 251 767 954 575 73 81 535 302 866 847 985 823 217 743 32 164 731 56 861 11 761 185 466 451 784 52 820 31 295 555 835 145 702 541 410 286 689 920 998 8 602 592 357 929 868 583 425 104 875 936 512 409 327 446 949 286 162 230 32 744 97 820 1016 392 289 361 137 148 947 428 162 381 295 357 1022 331 109 524
89 951
88 605
87 711
0 294
1 202
2 876
3 470
86 540
85 363
84 490
83 669
82 96
4 135
5 556
6 192
7 60
81 380
80 33
79 520
8 983
9 414
5 902
4 651
0 493
0 665
0 450
4 39
5 1014
10 111
11 732
12 599
13 513
78 282
87 734
87 665
89 844
89 471
9 321
8 542
89 308
87 1017
77 900
0 849
0 133
0 592
0 548
0 339
0 676
8 528
9 645
14 683
15 116
16 831
17 255
18 464
19 869
20 907
21 159
78 856
78 136
76 287
75 579
74 207
73 582
22 780
23 363
24 840
25 978
26 822
27 544
28 252
29 952
83 451
89 913
7 702
3 3
36 103
84 132
4 953
2 203
2 439
0 770
0 872
89 263
0 344
2 389
4 240
83 795
72 66
71 298
70 582
69 207
68 674
67 473
66 531
65 116
64 972
93 93
0 3 5 5 6 3 6 5 9 0 6 9 9 0 9 0 6 0 3 6 6 9 9 0 5 9 6 6 6 0 3 5 0 9 3 5 9 9 3 5 3 6 9 5 5 9 6 3 9 0 6 3 0 9 0 3 9 6 0 9 6 9 3 0 0 3 9 5 3 5 0 3 3 6 6 6 9 0 9 3 0 5 6 3 5 5 5 0 0 5 5 9 5
46 2
47 7
45 2
48 2
44 4
49 4
43 1
50 8
42 2
51 8
41 7
52 1
40 4
53 1
39 2
54 4
38 4
55 2
37 7
56 1
36 8
57 2
35 1
58 7
34 2
59 4
33 2
60 1
32 1
61 4
31 2
62 4
30 7
63 1
29 1
64 4
28 7
65 7
27 8
66 4
26 2
67 1
25 1
68 7
24 1
69 1
23 1
70 2
22 8
71 4
21 4
72 8
20 4
73 2
19 4
74 4
18 2
75 4
17 2
76 4
16 1
77 4
15 2
78 7
14 2
79 2
13 7
80 4
12 8
81 8
11 8
82 8
10 8
83 7
9 4
84 4
8 8
85 8
7 4
86 4
6 1
87 2
5 7
88 7
4 8
89 8
3 2
90 7
2 1
91 2
1 7
92 1
0 1
100 100
3 0 0 9 5 6 6 0 3 9 6 0 6 9 3 6 9 3 6 5 5 0 5 3 3 9 5 3 6 3 3 0 5 3 9 6 3 0 6 5 0 6 6 0 6 9 9 0 3 3 9 3 5 5 5 5 0 9 3 9 3 6 3 0 0 5 0 0 3 9 6 6 5 9 9 9 0 9 5 6 6 3 6 3 9 5 0 9 0 9 0 0 3 0 3 6 6 0 3 0
50 4
51 1
49 1
52 7
48 4
53 7
47 2
54 2
46 7
55 4
45 8
56 4
44 2
57 1
43 8
58 1
42 4
59 7
41 7
60 7
40 4
61 1
39 1
62 8
38 2
63 4
37 8
64 7
36 4
65 2
35 2
66 2
34 8
67 8
33 2
68 7
32 1
69 4
31 4
70 1
30 2
71 4
29 4
72 4
28 1
73 1
27 2
74 8
26 8
75 8
25 4
76 4
24 7
77 2
23 7
78 1
22 7
79 7
21 7
80 7
20 8
81 8
19 1
82 7
18 2
83 7
17 4
84 2
16 7
85 4
15 2
86 4
14 4
87 4
13 8
88 4
12 7
89 8
11 8
90 1
10 4
91 1
9 1
92 7
8 7
93 2
7 4
94 4
6 1
95 8
5 7
96 1
4 1
97 2
3 7
98 7
2 4
99 4
1 2
0 8
100 100
5 0 3 9 6 6 3 9 9 5 3 9 0 9 5 9 3 6 3 9 6 6 5 5 9 0 6 0 3 9 6 0 3 1 2 4 7 7 4 8 1 8 2 7 1 1 2 8 8 4 8 4 7 2 1 1 4 8 2 7 4 7 4 1 4 4 7 3 9 3 9 0 9 5 9 6 0 5 0 6 9 0 0 6 9 9 5 9 3 9 6 5 5 6 3 5 0 5 9 9
66 5
30 3
26 3
96 9
65 6
33 0
31 6
34 9
91 0
64 3
35 3
36 3
19 0
32 9
65 2
37 6
17 6
5 5
65 0
63 3
62 0
38 0
3 6
82 0
96 0
79 9
41 6
61 0
1 0
39 6
60 9
40 5
59 0
42 6
43 3
88 0
44 9
45 3
13 5
58 3
57 0
45 8
14 3
56 0
16 3
59 7
59 3
45 6
55 9
25 9
46 3
47 5
48 5
59 8
49 5
91 3
71 3
59 5
54 0
50 9
53 5
78 5
97 0
30 5
41 8
86 0
41 5
51 9
72 3
26 5
18 0
48 1
66 1
48 0
52 3
66 5
50 4
50 9
51 1
51 9
47 2
47 0
41 2
41 6
60 8
60 0
64 7
64 0
48 4
48 9
56 8
56 0
36 7
73 3
59 1
5 0
36 6
59 3
60 8
94 5
100 100
591 258 874 323 490 951 694 123 18 828 166 897 413 798 149 278 480 48 332 267 588 120 92 777 567 30 538 610 903 718 330 438 869 46 461 469 821 43 180 869 504 910 726 533 543 413 58 705 543 350 619 652 225 139 801 53 207 447 514 113 567 190 423 987 836 429 476 54 610 561 323 172 934 57 99 621 126 0 940 467 154 479 1023 63 571 903 198 461 420 354 876 904 676 966 801 113 754 114 603 396
71 947
97 565
30 451
21 880
21 553
30 142
71 778
97 766
39 184
62 984
83 723
23 742
99 70
99 772
99 738
99 277
31 753
5 729
58 745
84 879
67 927
82 749
35 852
33 506
82 768
35 243
33 791
10 105
14 732
68 556
37 179
79 509
40 357
98 778
37 705
40 80
11 160
97 579
46 828
19 1003
50 204
18 392
29 202
46 383
64 2
75 972
40 870
0 204
18 201
64 802
95 726
65 3
14 126
64 34
22 1017
0 158
0 1001
0 242
0 787
0 10
65 940
98 110
98 839
43 207
71 650
78 742
78 257
51 996
2 378
97 337
65 380
62 298
53 385
5 506
1 145
0 280
0 623
0 370
0 470
1 86
5 323
53 169
86 688
97 198
87 912
25 163
51 821
80 574
45 653
45 505
46 247
75 339
86 107
23 902
68 611
17 206
93 200
99 481
99 661
99 493
100 100
5 9 9 6 6 5 5 9 3 6 9 3 3 9 6 5 0 5 3 9 0 9 3 0 0 3 9 0 5 5 0 0 3 1 4 2 2 1 8 1 2 4 8 8 7 8 2 4 7 4 7 2 2 7 4 4 4 8 8 8 4 1 8 7 8 8 2 6 0 9 6 6 0 0 0 6 9 9 6 3 0 6 6 9 5 9 6 5 3 3 0 3 3 5 6 5 6 0 3 0
33 9
45 6
41 9
34 0
66 9
41 7
78 3
65 0
64 5
35 9
36 5
63 6
62 5
41 5
61 9
60 0
37 0
38 6
39 9
40 3
59 9
42 6
45 1
43 9
58 5
44 0
50 0
37 1
40 4
37 3
22 3
31 3
68 3
78 6
60 7
40 6
45 5
24 3
74 6
46 6
5 3
61 7
61 3
47 6
75 9
32 9
60 6
48 0
59 1
82 3
2 3
49 6
90 5
59 5
20 3
4 0
31 0
4 9
51 0
52 5
57 0
56 5
53 5
86 6
54 6
55 9
65 8
65 0
34 8
34 0
63 7
63 3
64 4
64 0
66 7
66 5
56 7
56 9
60 2
60 0
36 8
87 6
36 0
63 8
63 6
63 1
69 5
63 9
52 8
52 0
56 8
65 1
56 3
86 5
65 6
38 8
49 8
49 0
38 6
36 2
100 100
9 5 0 3 3 6 6 0 0 5 0 5 5 3 3 0 3 6 9 6 0 0 0 6 5 3 5 6 0 5 5 9 9 7 2 7 7 4 8 7 4 7 7 8 4 2 4 8 7 1 7 4 8 7 4 7 4 7 1 8 7 1 2 7 7 2 4 9 6 6 0 0 0 5 3 3 3 5 9 9 3 3 5 6 6 5 6 5 0 5 9 0 6 3 0 5 3 6 6 6
33 5
34 0
18 3
35 5
0 6
61 0
29 5
36 5
47 6
66 0
73 3
37 5
81 0
38 0
39 0
40 0
65 6
24 0
79 9
68 6
34 2
82 3
59 0
74 5
34 5
15 0
64 3
76 9
41 9
15 0
42 0
63 0
62 5
3 9
60 9
57 5
58 5
17 0
56 0
59 7
43 6
44 6
80 5
59 3
55 0
63 7
62 7
58 7
84 0
67 5
45 9
98 5
7 3
63 6
46 3
34 8
54 3
88 0
85 3
34 3
48 0
56 4
49 5
62 3
22 0
50 0
58 0
56 9
53 5
52 9
51 6
58 8
58 3
60 4
60 6
38 1
38 0
53 7
11 0
53 9
47 8
88 9
47 5
44 7
31 6
22 5
4 5
44 9
38 1
14 0
38 3
35 2
24 9
35 5
41 4
41 5
64 2
64 5
43 7
43 9
95 99
166 332 46 48 170 736 89 833 741 912 417 474 387 828 129 114 83 3 231 924 912 732 554 751 312 96 676 966 884 300 599 549 470 996 1018 921 383 365 90 649 80 791 492 873 943 863 813 275 593 736 312 189 1005 938 804 567 455 66 66 78 291 616 77 349 500 235 257 660 528 305 697 567 476 742 479 209 225 335 717 85 60 792 1011 742 255 6 232 66 652 470 27 876 937 9 591
31 407
70 20
94 184
27 627
16 523
70 60
85 801
86 124
92 466
86 735
92 432
12 706
80 337
11 80
83 399
35 596
50 888
18 329
6 177
44 18
94 100
94 804
53 252
76 718
2 676
67 330
81 433
94 1016
57 326
61 538
94 224
94 597
94 704
81 952
94 294
0 51
47 338
36 102
26 447
44 232
25 870
51 120
33 258
37 449
11 366
79 209
72 281
71 231
3 480
87 751
37 216
44 355
59 926
44 15
59 741
20 777
53 686
27 102
77 884
84 354
94 500
5 671
5 146
5 205
7 458
16 985
51 621
5 447
7 154
16 204
63 780
84 773
88 951
2 1005
93 782
93 398
93 697
30 332
28 160
27 434
17 478
27 797
17 245
75 135
36 249
55 616
27 1001
59 608
81 1
81 336
23 699
13 138
3 511
13 96
32 532
81 633
59 306
32 99
27 705
98 98
6 0 5 0 6 0 0 6 0 3 0 0 6 6 6 5 6 3 6 6 3 5 6 5 3 3 9 3 0 9 0 6 3 3 0 3 5 0 5 0 6 3 3 0 6 9 9 9 9 9 6 9 0 6 3 9 3 3 0 0 0 9 5 5 5 0 6 6 9 0 3 6 0 0 5 0 3 9 0 0 6 9 6 3 9 6 3 9 9 9 3 9 9 0 5 6 0 9
49 7
50 8
48 1
51 7
47 7
52 8
46 4
53 2
45 1
54 7
44 7
55 7
43 2
56 1
42 7
57 4
41 8
58 1
40 4
59 1
39 7
60 2
38 7
61 7
37 8
62 1
36 8
63 4
35 7
64 8
34 8
65 7
33 1
66 8
32 4
67 2
31 8
68 4
30 2
69 8
29 1
70 2
28 2
71 7
27 1
72 8
26 8
73 4
25 7
74 2
24 4
75 4
23 8
76 7
22 2
77 7
21 4
78 4
20 2
79 4
19 1
80 2
18 7
81 1
17 8
82 8
16 7
83 2
15 2
84 8
14 4
85 8
13 7
86 1
12 7
87 1
11 2
88 1
10 8
89 1
9 4
90 4
8 7
91 4
7 2
92 4
6 4
93 2
5 1
94 8
4 2
95 2
3 2
96 4
2 8
97 7
1 8
0 2
100 100
3 6 6 3 0 3 9 0 3 9 6 0 9 6 3 3 6 9 0 6 3 9 6 0 3 6 9 6 9 3 3 6 5 8 7 7 4 1 7 1 2 2 2 7 2 2 1 4 2 1 1 1 4 7 8 1 4 4 7 8 2 8 4 8 7 7 8 5 6 6 6 0 9 3 6 3 9 0 3 9 3 6 3 6 5 9 6 5 0 5 3 6 5 6 0 6 9 5 6 0
66 3
75 3
65 6
64 0
33 9
34 3
1 6
22 6
63 5
62 5
35 0
36 5
61 9
25 9
60 3
59 0
58 5
57 0
56 5
55 3
54 3
67 3
37 3
58 2
38 9
58 3
39 6
53 3
15 0
93 0
27 0
40 3
96 5
52 9
51 3
50 0
65 1
41 6
42 0
65 0
49 5
43 0
44 0
48 6
99 5
47 3
44 1
46 3
44 6
45 0
40 1
40 9
48 1
48 9
35 7
60 8
60 6
35 3
52 8
51 4
52 0
19 3
51 9
49 4
49 6
36 4
36 3
62 2
62 0
34 8
14 5
72 6
64 2
64 0
11 5
34 5
63 8
63 0
46 8
45 7
45 5
80 3
95 3
38 7
46 9
98 5
38 3
63 8
63 3
42 8
42 6
38 2
38 3
61 7
78 0
61 6
52 7
52 3
65 2
27 9
90 90
536 662 181 982 546 488 38 810 484 301 944 41 794 803 529 381 499 886 487 84 314 276 241 617 100 885 434 69 916 115 935 220 522 446 608 535 466 536 950 672 32 991 319 457 545 128 682 859 44 859 124 546 186 889 761 607 962 620 818 820 409 445 767 587 457 415 7 94 205 265 635 87 364 261 823 385 872 22 508 295 32 289 84 188 431 638 932 793 307 200
89 272
88 452
87 455
17 899
39 172
0 718
1 201
2 0
3 756
4 120
86 627
85 840
84 683
83 904
5 384
6 485
7 17
8 394
0 767
64 821
84 752
78 663
25 280
34 389
14 789
40 989
44 672
42 151
60 53
84 753
16 966
88 867
40 410
18 643
30 834
28 746
11 352
27 169
0 821
9 674
10 649
11 516
12 593
13 616
14 531
15 533
17 354
19 864
20 909
82 980
81 226
80 149
79 1000
77 683
76 819
75 325
74 751
21 676
22 636
23 938
24 588
25 556
26 212
29 1023
31 952
32 804
33 427
35 39
36 507
78 155
88 254
89 659
89 244
89 463
89 412
89 607
37 172
38 221
40 900
41 996
42 574
43 489
44 108
89 903
88 921
78 215
73 311
72 245
87 701
89 527
100 100
6 3 6 9 6 0 0 9 3 3 6 5 3 5 3 5 5 6 9 0 3 3 6 0 3 0 9 9 5 3 5 0 3 3 6 3 3 6 5 3 0 6 5 0 0 5 3 0 3 5 3 5 3 3 3 5 9 0 5 5 0 0 6 5 5 5 0 0 6 9 9 6 0 6 5 5 9 6 6 0 3 6 5 5 6 9 6 6 6 5 0 5 0 6 6 9 9 9 5 9
14 2
13 4
13 2
1 2
1 2
1 6
13 5
14 6
11 9
10 3
44 5
63 3
95 6
84 3
37 5
13 3
62 5
86 0
88 5
28 5
96 0
40 5
68 3
98 6
2 5
73 3
81 5
12 3
1 9
45 5
89 0
42 9
28 9
68 3
13 3
0 0
96 3
30 0
3 9
82 6
76 5
93 3
67 0
78 5
71 7
98 4
98 8
98 2
98 4
99 8
99 1
99 1
99 7
99 1
99 4
99 4
99 8
13 7
11 7
5 3
43 9
77 1
85 2
62 0
4 4
99 6
98 5
85 3
77 0
71 6
13 0
11 9
4 3
9 9
66 6
35 6
76 3
94 8
94 3
12 0
0 6
89 8
96 4
98 7
98 2
98 8
98 1
98 4
98 7
99 1
99 1
14 4
13 1
4 4
1 1
1 7
1 1
1 4
0 2
0 8
100 100
9 3 6 6 9 6 5 6 3 5 5 6 9 3 0 6 6 3 0 5 0 5 0 5 6 9 0 3 9 9 6 0 0 9 3 6 0 5 5 3 6 5 6 3 3 0 5 0 0 3 5 5 0 0 9 9 5 6 3 6 0 3 5 9 5 5 5 0 3 6 6 3 3 5 3 6 9 9 0 5 5 6 6 3 6 3 0 3 0 6 6 9 0 3 3 5 9 6 6 5
98 8
98 4
99 2
99 2
99 2
99 8
99 7
99 2
99 2
99 2
99 2
99 2
99 8
99 2
99 7
99 7
48 6
8 6
62 3
76 4
76 5
98 9
99 5
18 5
7 5
16 4
8 8
10 8
40 7
55 6
86 5
83 2
65 6
85 4
99 2
99 4
99 2
8 5
10 5
16 0
40 6
83 5
85 3
99 5
25 0
45 9
90 6
9 3
27 9
84 6
85 0
51 7
56 1
89 7
89 6
56 3
51 5
33 6
58 9
87 3
27 0
10 9
61 0
75 5
34 6
90 5
16 9
0 9
50 6
2 9
66 5
1 3
32 6
97 3
40 6
96 5
30 5
51 9
52 9
60 3
6 5
52 0
19 6
82 8
18 2
6 8
5 2
0 4
0 7
0 4
0 8
0 4
81 7
33 4
92 9
39 4
18 4
55 6
82 1
44 3
92 82
451 548 569 151 242 838 638 283 434 164 682 678 942 584 494 1002 689 704 925 196 21 632 724 194 743 167 817 829 689 403 279 31 532 847 690 511 334 919 1002 527 641 648 122 205 100 575 617 522 569 889 214 482 862 597 280 971 463 947 661 727 499 457 295 865 19 412 422 145 4 11 784 794 35 302 557 410 598 545 133 758 535 248 829 13 74 597 234 280 443 161 493 626
91 1011
90 102
89 795
88 231
87 414
86 225
85 965
84 92
83 464
82 275
81 599
80 874
79 1013
78 798
77 427
76 777
75 222
74 303
73 389
72 102
71 924
70 900
69 320
68 57
67 616
0 525
1 748
2 845
3 402
4 500
5 554
6 318
7 840
8 754
9 149
10 887
11 640
12 306
13 860
14 771
15 245
66 92
65 34
64 178
63 843
62 368
61 778
60 353
59 356
58 921
57 300
56 201
55 564
54 845
53 746
52 6
51 703
50 893
49 30
48 337
47 900
46 931
45 72
44 729
43 384
42 603
41 86
40 735
39 329
38 912
16 1014
17 795
18 485
19 783
20 96
21 778
22 993
23 120
24 89
25 344
26 71
27 894
97 88
3 3 3 0 0 6 5 6 9 9 3 3 5 6 6 0 6 3 6 6 0 9 5 3 3 3 5 9 3 6 5 9 8 2 7 7 2 8 8 1 1 2 2 7 4 7 8 1 2 2 4 8 1 7 7 1 7 1 1 8 4 1 1 8 4 5 6 5 6 6 0 5 0 6 6 3 6 6 9 0 6 0 0 3 0 6 9 6 5 3 6 5 5 6 9 3 6
64 0
32 0
63 6
62 3
73 9
39 0
61 0
1 0
60 3
59 3
31 0
24 9
26 0
45 5
55 6
33 0
58 3
80 6
90 5
57 0
34 9
49 9
13 5
62 8
35 0
84 6
17 5
62 6
58 2
58 9
45 7
56 5
36 3
45 6
11 5
37 0
38 3
95 0
78 3
54 9
53 6
52 5
87 6
9 3
85 0
23 5
22 9
40 3
52 2
41 0
52 0
42 3
51 3
5 0
65 9
43 3
24 9
44 0
81 9
50 9
46 5
11 6
47 6
49 1
48 0
49 6
63 8
52 8
52 6
63 3
46 2
46 3
51 1
51 0
60 2
60 0
61 1
61 6
48 1
12 0
39 8
51 4
96 9
51 3
4 9
64 8
70 3
16 6
89 98
851 882 399 354 235 844 224 683 284 29 854 28 156 673 959 451 931 187 946 69 885 989 564 265 323 562 31 165 230 117 229 967 642 233 631 1023 468 692 393 978 724 456 908 705 109 350 171 656 64 387 98 181 341 528 98 690 560 371 396 793 453 632 786 911 576 451 405 67 83 476 440 447 686 64 165 524 103 666 178 273 39 540 965 470 727 457 454 887 329
86 965
85 940
84 606
5 636
6 305
11 741
14 399
15 680
19 476
20 6
23 253
19 304
12 28
6 532
3 140
79 489
77 325
76 549
75 238
3 624
6 526
12 685
19 437
73 476
70 497
67 549
66 99
23 323
26 864
28 691
29 952
30 643
31 543
32 106
66 7
75 654
85 285
85 523
75 3
33 237
34 483
1 998
1 15
36 293
37 394
40 894
42 371
66 120
65 486
63 490
77 839
61 742
60 383
59 528
17 953
10 443
6 704
4 362
56 245
4 221
6 312
10 404
17 469
44 766
55 30
54 27
52 78
51 40
50 226
48 449
47 680
46 507
72 303
5 1018
85 683
79 771
53 315
45 237
48 357
73 128
9 315
73 814
48 150
71 96
83 407
36 180
79 360
20 603
83 492
32 335
37 831
31 739
25 1013
58 639
7 390
35 48
11 588
5 507
100 100
349 401 819 970 970 912 915 1013 308 105 778 198 600 711 594 438 58 156 528 649 216 461 987 507 442 300 624 344 581 746 480 368 652 284 95 474 149 204 232 629 86 258 854 204 864 66 1008 311 559 209 960 281 80 356 462 184 452 418 660 851 544 828 851 46 102 778 95 212 18 629 813 30 154 287 83 754 717 17 45 449 270 237 516 222 39 667 594 786 531 928 437 414 937 652 437 621 828 300 60 848
69 917
70 636
47 306
68 29
8 189
13 441
7 576
89 113
75 65
49 703
23 23
21 267
6 43
59 197
6 337
92 86
23 851
40 984
12 444
58 559
76 540
86 940
43 135
73 402
35 594
28 887
48 1006
49 156
6 209
19 432
66 814
62 673
91 966
59 813
10 71
43 129
45 312
58 864
70 54
41 354
76 851
8 836
4 732
71 657
74 192
19 523
77 634
8 3
93 284
18 68
20 904
49 660
21 978
77 504
61 86
83 275
99 789
99 521
99 203
99 1004
99 208
99 236
99 632
99 451
99 131
99 128
99 266
99 932
99 238
89 797
81 933
63 126
59 579
59 732
48 365
8 250
86 783
67 284
55 184
17 324
16 173
27 824
65 313
38 255
45 323
11 500
82 546
2 71
73 109
85 597
74 141
10 756
41 152
33 176
9 423
92 242
83 597
55 954
97 502
82 749
86 90
9 5 0 6 0 3 0 9 5 6 3 0 9 6 6 6 5 0 5 6 6 5 6 5 0 9 9 3 8 2 1 8 8 1 4 4 1 8 4 7 8 2 4 4 4 1 8 8 1 2 4 2 8 1 4 8 1 0 6 6 5 6 0 3 3 5 9 5 5 9 0 6 6 9 0 5 0 5 9 0 0 0 3 6 3 5
56 6
24 5
28 5
29 0
4 3
55 3
71 0
56 1
73 5
56 6
73 3
30 5
57 9
29 8
29 9
54 6
46 3
66 6
11 3
26 0
49 6
5 0
55 7
23 5
31 0
55 9
32 9
53 0
33 5
33 2
46 4
20 0
5 6
52 6
9 9
33 5
5 0
51 5
50 0
42 5
48 3
5 0
50 2
34 5
2 9
35 6
50 3
56 7
20 9
56 3
47 0
36 9
46 5
66 0
20 9
22 3
37 5
45 0
44 9
45 8
63 0
38 6
12 6
45 3
43 0
51 8
1 9
39 9
56 4
40 3
56 3
51 5
0 9
65 3
59 3
10 5
41 9
52 4
52 0
32 2
82 9
32 9
31 7
59 5
31 6
35 2
35 0
47 1
47 9
46 4
97 80
377 141 390 622 144 480 350 306 245 960 523 531 456 305 688 144 53 615 323 680 633 840 571 630 24 514 561 263 159 166 240 680 717 591 184 238 706 228 507 622 130 201 387 633 269 694 264 788 674 480 495 132 534 197 706 525 1020 15 20 53 225 814 473 120 311 703 753 473 940 473 245 909 705 281 853 474 924 306 931 736 685 788 349 166 216 136 228 129 918 349 888 219 305 354 952 977 359
39 377
32 574
92 547
52 804
71 655
67 489
59 366
50 170
35 210
58 903
40 24
80 753
52 893
34 739
22 142
4 860
27 825
60 754
54 990
42 629
33 788
23 581
39 843
65 766
66 703
2 252
44 870
63 774
62 676
75 984
17 586
44 166
44 219
36 383
76 516
2 33
35 217
57 545
63 871
93 128
94 415
94 635
94 448
94 976
95 613
95 548
96 865
96 124
1 321
1 852
1 7
0 809
0 829
0 638
0 767
0 109
0 151
0 580
0 823
0 702
0 758
0 211
0 796
0 614
0 716
0 337
1 863
35 537
57 808
63 126
93 667
94 389
95 249
96 189
49 918
31 284
54 232
72 660
57 969
21 629
