100
3
15 20 60 75 80 100
4
9 9 12 12 12 15 16 20
4
276 368 1167 1539 1556 2052 2526 3368
4
330 438 440 584 2391 2544 3188 3392
4
20709 24975 27612 33300 36816 44400 49088 59200
4
39188565 52251420 56629650 75506200 114359109 152478812 383066466 510755288
4
64555668 86074224 208498365 277997820 443099850 590799800 604621572 806162096
4
270 360 921 1228 2163 2802 2884 3736
4
975 1300 1602 1887 2136 2484 2516 3312
4
12339 16452 20196 21936 26928 29248 35904 47872
4
528 612 704 816 1059 1412 1677 2236
4
861 972 1148 1296 1548 2040 2064 2720
4
116259648 155012864 202192974 268364757 269590632 357819676 612564456 816752608
4
2862 3816 5088 6784 17982 23976 31968 42624
4
387 438 516 584 1548 2013 2064 2684
4
1041 1388 2619 2718 2793 3492 3624 3724
4
42707025 56942700 280863693 374484924 388602252 518136336 639309936 852413248
4
702 936 1248 1664 3888 5184 6912 9216
4
8613 8964 11484 11952 11952 15936 15936 21248
4
1392 1856 2487 2592 2796 3316 3456 3728
4
396 528 942 1256 1503 2004 2154 2872
4
5265 7020 7020 9360 9360 12123 12480 16164
4
63 84 1149 1532 1695 2226 2260 2968
4
501 668 1065 1420 1794 2392 2862 3816
4
7209 9612 12393 12816 16524 17088 22032 29376
4
14040 14067 18720 18756 18756 25008 25008 33344
4
222579342 296772456 303895935 405194580 476187603 574338366 634916804 765784488
4
8073 9342 10764 12456 12456 16608 16608 22144
4
11934 12150 15912 16200 16200 21600 21600 28800
4
96 128 450 600 942 1256 2178 2904
4
939 1252 1281 1708 2082 2736 2776 3648
4
1350 1800 2400 3200 7938 10584 14112 18816
4
58864758 78486344 322104699 429472932 505545501 567831582 674060668 757108776
4
327 363 436 484 2601 2706 3468 3608
4
237 316 834 1112 2088 2256 2784 3008
4
321187269 428249692 432465372 576620496 651414570 671607759 868552760 895477012
4
408 544 969 1292 2010 2160 2680 2880
4
669 892 2076 2163 2340 2768 2884 3120
4
840 1120 1554 2072 2124 2709 2832 3612
4
15310302 20413736 629577111 692118771 742823718 839436148 922825028 990431624
4
12123 16164 16164 18711 21552 21552 24948 28736
4
247521369 270769212 290443893 330028492 361025616 387258524 702720978 936961304
4
190896453 196334271 254528604 261779028 507109353 601546464 676145804 802061952
4
492 552 656 736 1410 1880 2403 3204
4
9693 12924 17232 20412 22976 27216 36288 48384
4
68451225 91268300 324030984 432041312 455126244 477000687 606834992 636000916
4
918 1224 1446 1928 2253 2874 3004 3832
4
18252 24336 26973 32448 35964 43264 47952 63936
4
339118713 343472100 452158284 457962800 491844378 655792504 713818284 951757712
4
1128 1200 1455 1504 1600 1940 2208 2944
4
561 748 1494 1635 1992 2180 2832 3776
4
24 32 573 764 1839 2256 2452 3008
4
4308147 5744196 89544234 119392312 259609356 330037620 346145808 440050160
4
162 216 783 1044 2001 2668 2976 3968
4
477 636 879 957 1172 1276 1494 1992
4
210 280 1284 1712 2673 2718 3564 3624
4
507 676 1191 1588 2406 2913 3208 3884
4
4887 6516 6516 8688 8688 11584 26082 34776
4
78 104 1107 1227 1476 1636 2664 3552
4
405 492 540 656 1233 1644 2802 3736
4
462 616 1302 1641 1734 1736 2188 2312
4
13203 15444 17604 20592 23472 27456 31296 36608
4
354 472 651 868 2109 2574 2812 3432
4
828 1104 1542 1941 2056 2265 2588 3020
4
537 716 816 1088 2772 2820 3696 3760
4
267 356 456 608 675 900 1518 2024
4
143390064 191186752 227044782 302726376 482082015 563049750 642776020 750733000
4
393 524 1572 2096 2391 2775 3188 3700
4
20032935 26710580 142746969 190329292 284164854 289715535 378886472 386287380
4
1455 1632 1842 1845 1940 2176 2456 2460
1
750000000 1000000000
1
3 4
4
1062 1416 1536 2048 2142 2340 2856 3120
4
1104 1314 1470 1472 1752 1960 2520 3360
4
201 268 1407 1674 1876 2232 2835 3780
2
3 4 750000000 1000000000
4
99381462 132508616 255721773 340962364 419893032 559857376 598071123 797428164
4
588 784 1035 1278 1380 1656 1704 2208
4
249 332 1560 2080 2196 2268 2928 3024
4
19710 20817 26280 27756 27756 37008 37008 49344
4
177 236 318 424 1245 1284 1660 1712
4
477 636 1683 1707 2244 2276 2472 3296
4
1887 1986 2040 2217 2516 2648 2720 2956
4
136186755 181582340 295048410 389655540 393397880 419752788 519540720 559670384
4
11178 14904 19872 26055 26496 34740 46320 61760
4
519 692 969 1292 1437 1916 2688 3584
4
918 1224 1224 1632 1632 2176 11691 15588
4
840 1120 1191 1588 2145 2148 2860 2864
4
105 140 345 460 702 936 1602 2136
4
1743 2103 2154 2256 2324 2804 2872 3008
4
837 1011 1116 1348 1857 2476 2553 3404
4
23139 26244 30852 34992 34992 46656 46656 62208
4
504 672 2682 2682 2724 3576 3576 3632
4
43639683 58186244 197271144 215185230 263028192 286913640 688501776 918002368
4
930 1240 1626 1818 2168 2217 2424 2956
4
20053806 26738408 219279669 292372892 412825188 550433584 636826335 849101780
4
61171746 81562328 343060167 436504416 457413556 524978034 582005888 699970712
4
1038 1384 1584 1863 2112 2484 2676 3568
4
876 1168 1251 1668 1929 2572 2964 3952
4
156 208 498 664 885 1180 2454 3272
