50
5
1 2
2 1
6
1 2
1 4
4 5
12
2 1
1 2
4 1
5 2
2 5
2 4
9 4
3 1
11 1
6
1 3
3 1
3 2
12
3 1
3 1
1 2
1 5
1 3
2 1
6 1
1 10
1 3
4
3 2
13
3 2
2 4
5 4
6 4
4 7
7 8
8 9
10 9
9 11
11 12
4
1 2
14
2 3
3 4
5 4
4 6
6 7
7 8
8 9
9 10
11 10
12 10
10 13
6
1 2
2 3
1 2
4
2 3
14
3 2
4 2
5 2
2 6
6 7
8 7
7 9
9 10
10 11
12 11
11 13
9
1 2
1 2
5 2
2 3
1 3
1 2
5
1 2
1 3
15
1 2
1 2
1 2
1 2
1 2
1 2
1 2
1 2
1 2
1 2
1 2
1 2
15
1 3
1 4
1 5
1 6
1 7
1 8
1 9
1 10
1 11
1 12
1 13
1 14
13
3 1
2 1
1 3
1 3
1 4
1 2
3 2
10 2
1 9
1 3
11
2 3
4 3
3 5
6 5
2 1
8 1
9 1
10 1
5
2 1
4 2
8
2 1
3 2
4 1
1 4
1 4
4
3 1
11
2 1
2 1
3 1
5 1
2 4
8 2
8 9
9 2
14
2 3
3 4
4 5
4 6
6 7
7 8
4 5
5 10
10 11
11 12
8 9
6
2 3
3 4
5 4
12
3 1
3 2
5 2
5 6
5 6
6 2
6 8
10 8
5 8
8
2 1
4 2
4 1
1 6
1 3
4
3 1
6
2 3
3 1
2 4
9
3 2
2 4
5 4
6 4
4 7
7 8
10
1 2
1 2
3 1
2 1
2 3
1 6
2 8
4
2 1
10
3 2
2 1
2 1
3 1
1 2
6 2
6 2
8
2 3
4 3
2 1
1 3
4 2
5
2 3
4 3
10
3 1
3 4
4 5
3 5
5 3
6 4
7 3
7
2 3
1 2
3 1
1 2
4
3 2
11
1 2
4 1
1 4
2 3
3 1
8 3
3 1
4 5
4
3 2
4
2 3
7
3 2
2 4
5 4
4 6
7
3 1
4 3
3 4
4 6
12
1 2
1 3
5 1
6 5
4 1
2 4
2 9
3 1
7 6
9
3 1
1 4
2 1
1 5
4 5
3 1
4
3 1
13
1 3
4 1
2 1
2 1
7 2
8 7
2 3
3 2
1 2
2 12
9
2 3
4 3
3 5
6 5
7 5
8 5
4
3 2
14
1 3
3 2
2 3
6 3
1 4
1 8
1 9
9 10
1 2
10 11
5 2
15
2 3
3 4
4 5
5 6
6 7
7 8
8 9
9 10
10 11
11 12
12 13
13 14
