100
1
472
6369
12158
13671
14861
15672
18648
21012
27838
41206
42453
45275
50284
50762
51021
51506
51823
52640
52997
53743
54342
55257
55915
56698
56699
57103
57511
58770
58791
58931
60501
62621
64944
66806
67076
67117
68642
69054
69097
69321
70238
71585
72023
72113
73960
74997
74998
76464
76629
77234
77548
78438
78845
79070
79092
79942
80191
81510
82099
82335
82587
84479
84968
85047
87016
87124
88801
89784
90883
91255
93148
94521
94528
95029
95395
95541
95633
95859
95926
96002
96046
96098
96370
96537
96557
97002
97617
97812
97845
98122
98162
99047
99059
99081
99457
99751
99894
99999
100000
