20
512 86 135176635 912723043 878859300
48575063
30736001
765943201
823493193
33995482
627474066
401428905
321932007
200151000
406182252
199803572
307018066
201336714
592241560
297718174
282281423
728644543
199812074
544657701
621819827
377087082
455818237
811480036
388419377
734950888
583091880
304249029
601503177
348331276
304249029
74068562
7141291
824079282
450246715
440869436
468309716
198861481
842298342
400476676
399012482
858715546
210515200
316265500
670287212
802756760
224218626
562803588
652542004
34265653
228601989
5737483
21587687
684420226
427452472
410007064
150746767
131685052
714256094
752249944
90251280
628740075
436553458
97392571
184195009
7940873
148496960
262739677
695896606
111936002
663216353
216049788
580886500
873731553
142550241
372314412
797629014
366768867
56258700
181546670
11269472
773954941
187284153
32857160
189750820
224971577
442864224
1000 97 878979295 723530430 886348989
74014631
321450865
625592532
629420994
246664035
669638174
608849661
529166846
749741198
203563850
622518166
828319161
268354797
772988318
529106766
188338254
647776360
286095362
556726665
701839037
62382359
111420630
130336152
152838343
593436018
195112059
859638275
324931666
657507832
859638274
358434484
356736793
294740151
609241347
99808798
166618516
392530532
333872790
320999693
767486061
537436640
57168870
334670563
431005767
455371518
863777329
244558351
728362208
775087021
801285016
543852257
837469380
26356657
299402739
103958734
245007006
494514799
588811339
569938672
265673642
187314955
553587487
247624765
107269436
276479845
347433563
273887952
294224707
681306353
220101975
175361779
843957323
277270846
510032342
13828431
357856694
112675012
258386782
199869914
1413044
173322810
368936501
838882424
711242786
668339240
568055489
69900803
788068369
270517839
265053806
678956341
83047124
818641293
40232117
190316560
208772149
12880011
100 100 0 0 1000000
15388
15388
45642
45642
72667
72667
118116
118116
129617
129617
132415
132415
139936
139936
182177
182177
192033
192033
197336
197336
197836
197836
253490
253490
271690
271690
288481
288481
344301
344301
388411
388411
406371
406371
409294
409294
411828
411828
413451
413451
420180
420180
425747
425747
440212
440212
452013
452013
470151
470151
577962
577962
585525
585525
609597
609597
670413
670413
686574
686574
700309
700309
705148
705148
732306
732306
753943
753943
754524
754524
764310
764310
775907
775907
777656
777656
801538
801538
804973
804973
828623
828623
846104
846104
869741
869741
875384
875384
898046
898046
911148
911148
922264
922264
934590
934590
963907
963907
978180
978180
624 19 109688455 864236880 387654806
335758734
307912478
262116116
33096683
193390620
202010001
283261835
87528194
113158591
278404927
54684822
194302680
122703122
45461597
266963093
94092468
65970270
93645508
196306379
511 44 905522097 263327055 302704575
42424515
190316559
107961647
55304526
279735402
236172833
122317004
286551646
215276488
96621458
195853065
20135354
56202721
109990245
268925430
17814
180467867
194659239
45074622
266861056
274998341
145648707
63163402
296219046
244042501
13573344
213171921
2080951
66082100
213171920
276056119
108506615
72232281
81313191
163811141
49263109
14781450
257576523
33110180
201506315
22941783
200411622
221641669
79144504
513 19 89418843 128211186 580535354
28851247
277009029
212005994
438819638
290837460
295140970
551494651
549224243
120225214
278185976
347761383
389097764
436469096
203747096
202179931
323925280
479397584
3835361
219657449
1000 67 974331896 500258911 429995058
170119164
224677200
197095843
48315880
53821665
16730709
119381273
126942805
288987630
246649386
182763707
270392797
121845990
217578403
117692648
90240824
185506316
415404933
382190100
315336491
199961399
58191762
331449527
118522912
163777791
209678949
48782272
420621098
422444329
48782271
376906148
162568435
273459472
146498575
210884316
327281137
163229285
332757231
26720526
22221857
151903201
211975875
295106296
273749191
429554279
415290587
366481658
185065537
403192104
318676700
72898613
173158445
376868462
404348140
294172999
113142837
186523673
342955271
106260520
178972944
391737542
55663252
341541380
237693598
202161828
124922280
137471320
512 13 915811018 701385398 592685194
379418053
398389892
397922971
297712284
556762556
129830175
316674668
208119863
446108094
185866435
210200815
247657487
357762776
480 90 628327980 120288411 73186616
42792537
16346324
64385793
33983733
57855974
46811712
65281021
54039890
55905334
58638500
16708002
58883073
56581553
46236369
9210636
61595699
55726473
33232512
54929099
13143630
19788734
67027748
23001614
12746679
23946046
43824364
30465173
42168475
17739543
30465173
33267829
35460297
21739713
24467006
69444030
6409072
46206934
36466651
35377178
3853868
70033367
27013397
62736941
53428304
63150
46875793
41837388
30717839
55036521
71694703
18789685
1638640
40464051
41791300
14385319
64410098
12429048
19778709
8320173
5096807
25172098
16516218
40557104
46911811
15911441
11742734
28249099
62118375
23137601
38554494
65972244
19984353
65567891
30450785
48340873
40559257
4139963
65106477
71277097
59176484
38542780
64994998
35743340
5820216
33599682
25056876
45158530
46028730
44835585
28406919
511 83 470112851 102545143 415722874
163980825
312153563
285589445
329217877
278944400
17556141
242442782
409579306
129173005
53708430
229042800
74974303
332819922
34263032
21435818
3860494
98031924
359862001
324920707
164326009
217182827
46391171
411675918
175170889
117922663
384535219
409702080
340866893
2488210
409702080
325871649
166469035
306132769
195738220
11094760
100485017
144425084
253537542
25472172
273598089
307245972
254514972
348572393
155473742
219908727
370008211
159334237
317940651
245278060
415385666
66543786
393591610
46053963
62496830
84170347
95107348
378162771
78149553
20251368
380650981
3259481
346123017
62527864
309392251
57269086
4753346
341007990
201694170
258290888
366480162
59569385
80944709
136402983
339272500
236418451
356311710
224688560
395752688
189660209
401097342
326546203
256203995
378966078
1 1 214739677 25606871 644961960
357130798
906 4 135426029 840931860 169942792
28313328
54053974
114528943
151733880
513 87 85371343 747664684 884172079
131223728
378659364
233525529
431646525
354036622
194639095
394806730
565775764
218691709
285980014
638674377
797663249
235345061
134668476
688514795
754300993
321192149
123116024
27245002
551020662
541527172
512903313
465058626
375899317
260888120
111621922
489188674
198775817
595975038
225877105
615554034
348059276
604536469
849079563
400566311
579433601
664579169
795373041
261037286
883270878
197180977
15539585
417622559
432526038
655240650
221965275
807687541
597293309
850113889
834932544
264141892
128329492
463663778
350061028
504228809
345412408
82543460
614277994
544188225
678518498
840155099
275570180
647438285
181379999
745510253
163832517
760813600
146777853
75033480
642711396
650909242
777247046
279111491
184359722
325601005
50180062
27185507
754149056
268333882
498159906
704909521
153336284
247349908
789433809
503397313
751578718
250674138
302 38 761512303 439627393 475553782
170731892
69545706
187770201
152774954
299708870
11601653
36441295
475352043
417602354
373286369
243217228
398694796
272658703
418268
53333953
114696266
55612534
360796282
325682910
119351212
201555025
390743950
394301047
34695582
249088215
96700795
323150838
108385391
60774406
323150837
239119763
231506298
147428023
181621444
384281253
201868374
423508359
420722548
1000 84 219356886 114375227 35979619
532067
28869823
3536577
31976162
23829054
17488211
575027
34711399
5085929
10582933
14314991
11268765
15795529
24535689
25248974
18976068
21275402
2252793
33972419
13586294
13522266
27669234
26983113
10399807
1542340
97358
21508603
33571800
2968558
17943431
28255395
3500626
22127127
7105845
35476788
9976563
24594056
11365688
8708343
4993859
21948621
34316826
16262624
13058023
34166388
5531979
32034091
30755663
19078264
5340764
8362338
32600530
33009999
35345452
7020718
34552339
35442810
3843195
7458394
2431749
33080118
11027662
17225867
19227626
18133508
28016528
4518062
18041437
14696089
13226405
23035296
665091
22857105
3318301
13723114
21043874
8850280
9777587
15819919
27928545
26411843
24182257
35842948
23442223
241 99 159999179 703092488 73823678
16332035
55342524
60712652
2327218
56131707
27858951
17023307
26475992
70093906
57952157
3027612
44441942
25925045
43271146
30470535
52589444
2602606
71557012
3313170
58587195
7474123
653233
51855839
66776195
48428782
34817066
54788603
60780605
33367975
21257110
44451592
49700011
70002648
31340566
52027229
52310677
52602531
69050536
72189684
42275774
46582029
1393618
12894038
72507075
44664764
36767587
44675855
40670384
34500922
47989025
25433902
35378059
42045273
70692755
28330576
16650377
31686143
2698515
3607305
65054119
17358639
41461911
34333466
13537609
72802477
12537017
65848287
44984345
1166889
64214293
13436441
41151933
59010925
19733493
39835330
29852012
56501080
4090521
63925410
10581338
52079547
15535634
45959397
13704156
5807725
67692987
30354533
37493869
70391502
27364852
22127324
13926463
68826763
56460790
27464073
61208577
62400821
12891696
25772258
513 1 0 83076450 83076452
83076451
511 1 0 1 106865580
0
885 15 172426986 119232929 20961771
14710279
13005199
697799
20401750
9364941
11019942
16673537
10137684
7369171
17919455
17830874
611880
15118510
19656649
1596351
857 81 42390763 914271455 296049568
274819732
242276063
129965718
3827040
195782401
77736049
183176489
287466624
250163035
154925772
160944746
228424805
228307906
40424997
58843662
243540108
189724104
271726993
147650468
240156646
190079532
35585839
164757430
291286809
253523828
224708937
224828300
148430945
250831689
261542923
105029957
154465181
132632746
234995676
83155549
32365579
237595053
266332038
23782635
191708520
125208242
109590710
48947085
57466580
74879035
107790748
225870017
189466467
83468173
2334245
58436874
198411033
37920085
223194304
118511603
291443913
151853674
268203231
68688618
31499123
233696586
173718576
185964304
70279764
37528012
269119853
27508671
199986393
164265651
272204202
20508673
214337221
85745344
69455758
196667129
85487708
177246506
126487578
274954175
185578007
128821824
