100
2
200 100 100
2
1000000000 1000000000 1000000000
2
1000000000 100 1
2
250000001 0 1000000000
3
10000 3000 4000 5000
5
3000 100 100 100 100 100
100
1000000000 1000000000 1000000000 1000000000 1000000000 1000000000 1000000000 1000000000 1000000000 1000000000 1000000000 1000000000 1000000000 1000000000 1000000000 1000000000 1000000000 1000000000 1000000000 1000000000 1000000000 1000000000 1000000000 1000000000 1000000000 1000000000 1000000000 1000000000 1000000000 1000000000 1000000000 1000000000 1000000000 1000000000 1000000000 1000000000 1000000000 1000000000 1000000000 1000000000 1000000000 1000000000 1000000000 1000000000 1000000000 1000000000 1000000000 1000000000 1000000000 1000000000 1000000000 1000000000 1000000000 1000000000 1000000000 1000000000 1000000000 1000000000 1000000000 1000000000 1000000000 1000000000 1000000000 1000000000 1000000000 1000000000 1000000000 1000000000 1000000000 1000000000 1000000000 1000000000 1000000000 1000000000 1000000000 1000000000 1000000000 1000000000 1000000000 1000000000 1000000000 1000000000 1000000000 1000000000 1000000000 1000000000 1000000000 1000000000 1000000000 1000000000 1000000000 1000000000 1000000000 1000000000 1000000000 1000000000 1000000000 1000000000 1000000000 1000000000 1000000000
20
113231535 7364660 6327781 6061584 3633404 5640143 3699105 1019367 2804243 729583 4445358 4180539 1636615 1430339 2774608 922414 786849 755656 1071758 1600803 2164142
60
9115594 5998597 9110369 8362164 2443796 6836886 2116839 1050805 4559646 7961507 6095419 2733766 8570573 9223992 3135025 5033732 6740198 9121088 2139537 5985565 9716716 6481902 7455737 7974601 5564017 3608697 6313371 5753613 4089414 8687545 4266990 5352075 7853515 8324367 9014113 6863561 3272796 8626353 9183671 7432693 7902621 5622211 5441337 6244161 2324698 7083781 8752070 2482341 7784894 7355639 2089028 1456482 6358272 2972319 3788728 6590561 6857475 7738742 6113921 4003666 1112745
20
103751384 2912603 1934561 379034 301503 320605 79643 65242 29364 15777 6118 3473 2185 372 633 348 27 28 16 4 2
20
80769376 635382 1497863 288561 145414 51822 15980 7882 1688 1516 315 88 43 28 23 5 3 0 0 0 0
20
112316617 2839741 2341594 2099166 4365820 3791874 1898086 802302 233113 304073 536913 816156 658564 710416 566386 232414 324504 189413 236093 68536 208163
51
27851812 4172189 8206742 2292852 9018226 1028977 7616886 7331187 5566128 2570394 4439374 5019876 2913199 2448863 8582017 5946393 3437146 6628779 6696603 2224563 6261410 6259496 1999406 3707167 8768729 6211374 3007773 4541736 5125544 7374402 8746695 1786984 1419960 4973802 1179882 2388812 1955995 1796605 6627840 1859225 6099943 9695332 2264211 7830788 6257822 2531821 9548636 7630315 4414802 8995613 1937228 8503468
20
81925095 3562340 1197897 529309 78128 65183 26356 5241 642 212 403 166 22 27 1 3 1 0 0 0 0
20
63877386 1414655 589633 119058 26775 1245 1408 173 137 3 2 2 0 0 0 0 0 0 0 0 0
89
28808611 9416060 7415780 1737093 3835865 2833408 3409405 6998789 4992926 7809226 1143394 9178886 2460485 7683917 8599377 1379534 5881253 9775409 1065829 5474565 4827624 4433566 2749569 2623363 3393631 2957651 3645329 9116483 9541123 3338353 1247711 3395128 8709207 2584343 6957882 1835614 4171730 2525582 6547948 4332329 7964494 5663667 4633921 1193421 8547593 1351581 5490213 9890603 8115362 4199719 9368541 3324101 6233834 6177919 7488610 3597230 4578979 3920896 9268672 7641421 4059114 7964303 6559576 3222037 5491878 1878532 2902719 1693206 1726729 6539409 8469030 8512028 2972471 9529851 4014828 7222237 6359729 5285476 7205126 9017749 7263546 5582064 8752779 7714533 4369786 9810966 4630731 1356224 9672672 9483855
77
15216563 7264133 1887716 8160998 6651330 9688368 5312263 3500515 7927316 5976588 8852989 1384815 7159949 9187458 2641177 1816872 5415617 6880549 6682164 5766945 4049581 7394990 9893396 5556825 4559321 9719772 2597395 6064087 8556063 8114137 7730301 7133424 5048866 9692602 1014180 4811828 5055743 7461611 3587091 2780272 5031085 6725229 5757961 8872981 5254923 2845889 6778806 4504881 1225009 4609405 1996798 6754166 9130081 7594873 9616521 2287050 8519606 7871502 3162080 5262230 2556762 3783665 5719770 4496886 4502119 7400112 7094150 2044753 6135684 7998632 1289837 7722946 1183753 4852799 4439476 1182720 1669715 7030822
63
168059334 2465010 6541087 9415401 7773662 4300354 9621017 4151936 3505592 4799508 9865236 4483218 3617624 5886563 6726870 7828194 7385448 7054363 4706276 4944355 9833293 5449554 7847127 4232558 1101878 4523268 5696966 4590763 2887903 2451822 1446930 7355474 5748983 8342996 8771713 7773072 8148264 9126167 9225345 8381176 9063193 4133351 9968517 9037305 8315789 8643982 7717783 6168339 5662834 9380568 3581644 6803508 9405813 3389538 2410873 3795141 4977137 5567895 3099536 3176950 2318570 5237075 2274965 4173959
58
28408519 6581248 3067476 9992979 3558681 9160577 3697394 6052660 6310770 6205172 4047394 8117672 6605237 6045915 5337657 3549481 4671188 7611026 7388757 9954527 7550959 9927132 3953786 3491197 9974327 4832060 6219986 8819371 2125248 2072090 5201665 2803006 1555029 7410558 5956168 5091309 6748330 3748071 4563744 4014856 6797267 5126167 6204103 5941689 6116470 1408452 8021577 9178240 1626059 7682840 6139563 7666789 1144959 1314577 5903717 5986918 1946454 7986814 1882287
95
13356166 7513824 8705432 3626027 6504181 1200543 7756077 2634497 1451444 7844268 1549008 6789088 9637560 5863422 5931878 7844333 7689888 5498329 1466442 9861112 7554371 5301341 7007573 3260066 3095039 1350097 4572844 6092412 1916172 2666025 4497901 1002717 8286397 2453773 9159130 6131104 3796856 1643015 6669547 1530488 4000610 9980628 8459317 7389913 6256198 6568454 7703075 8887879 1884968 9060024 9784728 6246027 3979295 1471094 4097111 1322429 7098101 6353847 7579979 8825352 3836551 7749513 7654545 6025365 1562948 8783568 5953892 5185010 8672180 2044342 1306728 6988871 7442304 5766769 6024254 7946361 8426972 6833245 7595977 5580143 2487704 8198432 1428572 2515983 6139270 4306581 8997017 3703906 5423943 2699961 8585557 4247144 7452516 7620788 5048087 2034281
20
51344051 2179030 161530 83969 22277 5556 1875 545 141 8 5 0 0 0 0 0 0 0 0 0 0
20
108846418 5597775 9319238 3233296 4009348 8503183 1618231 1241317 6430192 4873434 8284089 5485271 3104972 6109151 4344073 5721027 2362562 1327156 7667438 7091456 1925493
55
13593756 7376871 5037968 8636647 8353924 8411806 9226061 8282877 1018224 6759745 1849359 9050829 8411905 6457749 4934748 7185402 3668441 7201681 9657025 1343510 4513778 8254264 2618781 4163720 8354008 6143582 3362419 4605505 4281178 5584500 9937047 3232529 3905118 9015258 5387811 6814658 8806573 1906244 2597536 2277558 2592420 1563911 3130346 9245958 9094863 7176279 5641224 7715166 9604488 3543870 7574922 2143559 4429996 5734430 6645965 2864178
20
102227447 1989937 1797583 322154 188780 142797 28178 43413 8899 3936 1919 1176 545 234 111 30 8 21 10 4 1
20
109681556 595952 1552647 398692 162085 63559 34183 13025 5848 1746 1025 360 179 68 7 7 4 2 0 0 0
20
97570234 2349895 923214 1593484 982956 976458 358824 122776 47782 98884 22329 13507 20073 20245 5570 3324 887 3706 1976 870 159
98
32936323 7377064 7000602 6010098 4694934 7870946 1805182 3456915 6060783 5127573 5529506 6079818 1977026 2527280 1040965 6992536 6775488 1176269 2738126 3944475 8147274 7700692 2659265 5107426 6230164 8136491 2668225 2852225 7925410 7252969 3740542 3212709 5020265 1313642 6615629 8088267 2923041 8929158 8616468 1492439 7825810 8010498 6355832 3038016 5318935 9557140 6437855 9649373 8355002 6390091 8383753 5239745 2256882 5949791 2794334 3762640 1779122 5723935 7957499 9989148 7819958 7443540 7860260 3090587 6529542 9208755 6929369 4476341 7571876 8935102 4813468 3036348 4131230 7550137 2840141 2900447 9654640 1399037 1921179 8243147 6948355 8920449 9354993 2631611 7619308 3426689 7050133 1475251 7901797 2861839 6874240 5118618 6938538 4649820 1214085 3732014 3299525 9983503 1407345
20
68507149 1648106 1268304 430444 38041 43461 18659 14307 4887 1844 167 307 132 23 27 3 3 0 0 0 0
80
5610591 3771204 2034626 4639447 7631563 3132825 9593856 3311593 6772073 1975361 6208668 7919081 5517979 3549750 6118062 9929212 3380534 7679915 5853198 9885723 3468714 8628569 1273608 9456983 1446750 3955137 3034601 3518669 8934571 2896875 6239132 6410618 1528196 7882911 9698197 5672911 2800108 3716357 6179913 9676251 7731444 3578523 2268031 7591537 5426759 3890318 8335886 3784697 7872356 7898936 8095294 3215169 5420170 9016799 3549722 1816320 1499603 6696356 5375178 7480427 9372353 6194308 4833547 8944282 7191961 1514073 3426489 6465925 2995284 9953601 1439996 9099585 9425948 4463554 4275556 6185437 3233957 9947905 6806282 5637734 3399919
79
34553520 7580411 7544750 7590101 1775620 5318660 4517508 8133039 3025690 3861860 3521595 3841842 9438647 8961855 9802080 4145190 4985142 1470942 6683824 5040816 4299633 8870757 9994205 7112988 7728728 7232573 8243191 6151033 9517102 2700946 6824269 5333757 3866906 7232856 1408887 9141773 8149923 2372972 8986965 4112183 7541243 1407450 8293873 7774538 4671041 4415289 5545997 2024670 9826362 5559623 6582581 6111859 2512897 7328681 9631327 9942522 4958568 5058413 9922271 8117591 7093954 7115224 8836478 3808025 4119697 4028317 2714268 6376243 1087589 6555652 3619823 4696941 2344273 8473310 2837819 1376822 8267531 1353773 3670100 9979131
58
90511315 7391899 6028610 5731691 7866223 1453875 3873868 2596274 9867494 9084804 2864286 5926083 7599542 5872499 7742716 7930376 1508484 2016482 2998818 2933392 2014440 3629784 4918150 4917922 2478566 6011642 6642524 3458477 9874486 7009442 9526075 5380497 7816571 6756428 9125657 3794118 4642622 9278753 3252811 4800370 3347511 1409898 9604858 1070951 5975366 5858005 8767669 9891412 7461137 5487672 9123363 2790911 6728155 3807911 9349657 1567075 6378702 3422351 9541703
59
10494880 1073449 3182174 4328723 6735410 8079829 5072296 2223090 3999512 2099353 8678993 4874378 5140298 7459920 6727055 5511457 4626627 6343827 1365396 7510947 3508045 3705738 1569133 9672074 4946088 1309244 9921278 8167048 8357578 2165898 2977859 7745630 6066433 7607843 7314558 7042407 9068524 8826124 6804168 2226100 5739193 5547025 4926036 9475118 5799078 8807705 9010763 8079636 1726610 6545987 4194332 7630033 1944695 1060881 7244753 6889303 6827568 1936523 6921625 9041186
93
83231143 4145985 9004983 9447640 8098794 5111514 1897526 4743229 7760898 2945952 4339355 4033992 8032199 3837347 6095873 3443527 9504767 2822474 8539947 4531403 7559181 9474041 1883186 2886638 2749995 2798835 7741445 3568395 5846349 2148183 5618439 3664068 7513596 4284232 1934790 5338784 3222327 1098791 5159656 6507790 7821308 7538560 1301908 4618199 3991194 8674107 6858980 3111180 6096721 8354202 7068586 6694853 6113148 9909614 8970145 4894752 9691653 8629981 4572564 4958465 1287628 8402038 1958563 3941093 9077221 9305152 2796757 5911834 4088878 7475697 5331349 6843215 7263345 9895687 4019661 1055987 3604687 1145936 1562613 1292795 3186107 6314983 2000701 4873088 8069934 5979921 4309832 7515840 9072455 9237854 4683324 7726302 7442825 3873512
59
14321788 1376168 1298922 9966872 5841364 4473970 5416281 2790309 2450819 4593504 7621122 8797743 1384391 4189625 7913442 5702821 9055863 4582356 7053342 8798048 5534714 2094808 1447195 2105648 6309725 9545893 2622098 4742528 1476540 3472204 3278220 1106564 7258835 8173238 3921601 9118971 9232053 8684685 6632314 3737555 8098806 4057975 9877659 9146083 3462063 8898162 1844735 3645399 4339755 8994219 7514283 6994652 7715214 5370017 3558064 2289390 7865070 4420334 4762523 2845628
20
90991596 580346 1055707 424117 241527 54010 150850 45728 36021 15848 1912 5166 1123 1290 360 158 29 19 11 15 12
54
8816237 4016331 8861848 3882927 2461478 2804814 9066127 8371272 1470978 5290071 6855518 5564654 6090637 6605692 2078428 1888787 1165714 1403358 4166192 5144404 2653078 6815398 6044126 5778942 7676649 9998819 2234233 9514801 3721757 6797062 4619612 9389807 9407561 2417512 1314487 5831764 4516230 7396919 7175337 8449772 7357295 6970450 1389958 5440472 7586297 6900681 7771508 6222996 9592628 7016904 9570315 8809567 1759791 9268174 2217351
82
8452112 3441762 6835604 6013295 8434833 8145048 2911675 2281158 8183802 2033540 8986569 1055736 5734682 8105806 1941696 5121320 5684714 3944677 6195675 2688186 1643075 2745244 7794328 8839936 3381292 1470571 4312734 6743031 9954051 4185203 5125446 8055256 2056057 9195630 9395436 8647116 4555645 7873113 7007774 8070668 3686062 8740015 7631486 5058241 7988363 4305939 8865288 8368833 6744355 6309177 5302224 6877493 5653966 4569733 3154940 5931111 5931678 5120122 1003205 1297704 9086495 9449872 3858304 8575308 7281202 2212165 4725066 1663003 4116687 6406993 7533741 8747279 6436528 9615241 4731687 6207348 8645600 3395875 9940552 1995308 6870958 5674665 8152948
20
119585807 3925449 584138 3194214 2073170 1377344 658724 209638 601973 72797 259350 146673 64210 99742 51374 6287 35666 25772 13437 4306 3258
20
112184902 2395174 480879 901615 595561 138415 55045 90175 11106 12194 6783 1008 2611 1191 755 174 219 89 51 18 12
20
101676983 7794371 2046738 1619869 914563 416708 782489 1704813 428401 937724 552781 278662 223404 259033 142876 247178 129115 20083 28386 82064 10408
20
114233607 8063079 3068871 2820944 4458393 3335929 3301827 1397060 889053 2257727 740728 1503788 1421873 572091 752811 364534 617095 144820 290837 385235 374854
79
48136227 6365091 1286415 8271120 9919010 7508757 9066344 9634614 2810486 3516960 9074661 1034889 4503152 3429358 4957643 4177324 4837544 8529513 7239850 7517268 9004955 6210826 1851550 5951013 7228789 1204768 3437932 8800070 5983740 2984240 3858980 5583678 8955576 1475984 5484638 2824241 2224751 1273213 5621759 4529259 8558377 1895660 2331021 3058622 5323017 4582194 6056453 7853111 8633135 6536406 7471831 8190775 6635943 9386797 6673972 9594467 5347514 3193232 8785636 4664908 4399666 5882139 6773307 5378782 7631747 4996141 8478824 2991331 2805780 9432664 4014653 3429787 4945386 1064694 2500823 3436885 9611794 5601462 5656717 1444937
73
43176754 6127092 1953298 8745363 7166056 8375436 3156895 8061561 2054342 2446427 5697822 1062932 7933997 3074763 7294067 6911764 9479118 3320576 9898818 5838535 1243792 9547338 6293859 9133309 6264037 7549303 5433282 9200943 8080501 5954899 6577584 3163201 3018518 9411146 3792455 3023204 3560109 3989656 8002759 6487315 6863998 9295508 6002577 6580133 5552317 5003237 8838115 5337103 7772785 9465908 7413620 6595322 6199631 2208159 3902127 9485822 8870202 6908067 4059783 7209170 2082030 6645995 9506396 9659472 8593912 3064242 5331925 3217241 9245131 7877497 9871330 3995118 4988398 8578742
20
96710387 1138463 482597 239019 330754 320752 305562 286254 25580 14238 7149 29813 16118 6074 4682 4357 804 1650 296 518 362
20
118627662 2507416 3791628 565445 1515039 591121 130445 343108 93302 21784 77753 34836 41337 26367 15789 1508 3269 4196 1949 985 682
96
9804077 4514523 9984015 5889981 9818296 6076517 9546655 7745641 9643016 5836756 5189646 6263376 2728015 9914327 1562131 5318714 1869782 8475812 4495443 5193571 3410252 8154422 9013937 9567874 7998466 2775764 8863809 3574666 2022992 3009872 1696285 3648771 2534401 3427156 5283547 3009445 1815094 7753831 6643839 1801092 8302097 2845755 9025859 9139768 6627010 6543591 1045324 3189008 2419556 7457809 4905410 6752589 9261264 1019393 6903579 4639045 7537565 9123711 7659271 7804334 3140091 3054537 5490514 7847279 3893924 7854524 8852354 9274513 9058139 1197147 7103001 6095493 7911042 6515423 2806787 9559686 4256890 9268777 2866140 7534392 7697439 1200620 6369448 3069138 2791497 4398739 5648353 7018520 4864842 7072682 9652921 6839857 5946323 3881160 9133097 7579694 2026773
92
16121081 7482035 8902995 1119286 7694844 5809249 3773264 1006542 2394192 2859606 2646120 3700669 6753246 9670163 2279285 4370188 4246993 6707681 4015172 4149529 4646680 4430984 5549741 9968591 4989814 6565466 6072676 5493878 1568033 6611864 3111270 3812886 2665509 6659335 5669964 7540723 9543840 7161744 7260074 5511185 9778978 4247439 3948681 8270410 9732334 3880852 9266434 6469285 4283499 5775188 9917422 3361373 5459083 6624487 8927674 4125632 6472490 7650411 7275448 8191433 4905489 2639725 3862506 2546326 6363318 1190618 1705907 3190792 8580984 7081220 4563070 9114282 5698758 5092461 3547808 4080075 3221963 7434490 2124996 6305288 3835826 4651525 1206857 8226196 1450971 5361432 2001543 8708865 7102766 4293559 2631869 5760061 6289844
95
253189920 6546811 7615259 2485780 8086644 6983001 7131026 3664375 9160856 2007624 8323436 9231949 3491663 7988754 1360630 8460935 9555517 3362111 1814553 7330787 9366489 6663964 2850891 7381324 9951367 2499838 8390477 3484286 6208787 3447847 4642002 4325996 8747337 6487077 6532827 3277659 5339826 7898363 9841548 4484506 7810939 7342523 4204305 1487173 5528858 8479567 1509374 5625976 4585596 6429791 7125555 3332487 6684877 3464558 6771002 9547664 4207295 1695239 3926977 7781793 3129212 4556426 9343835 7909634 3837569 6277254 8248494 8628994 5083207 9098973 5029738 9252396 8288277 4685813 9763657 9410948 7246668 5956824 3641742 1747089 3317326 7573406 6472321 2051786 4231197 9083091 9196048 4846600 6400078 8146145 1328947 5747316 1747323 6775361 7338462 5396578
20
55260426 1938794 182519 65238 9240 1034 960 201 30 4 0 0 0 0 0 0 0 0 0 0 0
20
105055957 4727907 3382698 846037 779267 306524 153900 137728 103993 10240 38403 26126 6455 2277 4606 2974 311 910 189 254 143
76
4348371 2116528 2200109 3547017 3050277 9460392 4861476 9160051 9523347 2806844 3751176 1721644 3327750 7268037 3479831 3241447 7209790 8316100 9483750 8840028 4074427 8131019 4548913 4423720 3995160 2956130 8278228 8084521 6838027 9597961 4909485 9492417 9700959 6477316 4433923 9944906 3182811 5795666 6945850 6853900 4997615 9312688 6400551 4519580 6954747 7375658 3810022 5279396 7305636 2069868 6715601 2752523 3592081 5201992 9077083 2097223 2508786 9432921 8255977 6579415 3093352 2795217 2942970 2057787 3916896 1535668 1894514 1647765 6919941 4170327 3483249 9718927 9229333 7236278 5763839 3530427 1051125
20
81442262 1044469 964116 599462 319536 55887 16197 14959 5109 3010 1375 189 104 22 15 18 10 4 0 0 0
20
108316758 6754923 4373644 5911383 3581694 2132976 780226 2873181 3981338 957739 3593103 3436236 377953 368777 991669 2231572 2030464 1216024 634577 781386 777145
51
9205607 6205633 9905302 1823848 1983417 3944987 3787089 1736657 1844898 7860826 7888715 3461035 5459490 8535682 3958061 7274689 5924062 7492545 3093702 9968393 3256797 1125929 9009459 6637290 7819861 3859386 2196970 6999034 6993499 9306485 3192827 2161027 1816036 1198064 1280699 8935015 2266164 4440091 8690553 7620737 4492477 5442408 9405857 2358509 6490473 6218090 2295639 9527653 4965634 5827753 8888085 7379841
67
11148023 3227519 3872768 9896731 7936559 7663616 9284359 4298264 8036979 5277185 2280777 4951737 1486819 6734085 9915465 1857041 2702554 4520796 4184146 8349634 4248934 9916638 3821721 6763045 4211004 5939338 7242977 5740735 1379834 1236466 8074015 2371223 6087452 4029484 4207156 3017590 3365712 9011805 7211425 9307299 8427693 5419548 5135298 5830958 4090094 2549733 4779358 3299188 7418068 7747995 5189662 5449418 1331980 5853812 2806512 2595420 2575942 6411804 6671474 9974518 2228817 9764568 8424328 4208454 3998948 7018788 4814503 4904175
20
124771770 4503920 3468335 3255485 911131 307724 344637 592131 416524 312749 286411 75350 123529 57546 60859 25047 28834 8437 16489 7567 1389
20
97265052 2464731 308874 1029544 263712 110295 99024 17562 26144 3874 1643 2109 1256 453 134 151 18 13 9 2 0
20
89154873 886392 3658216 477742 718023 702912 911972 492594 529482 235145 141621 109329 98141 53764 26574 23472 35926 20285 26692 12709 15415
63
11440985 3220811 9896872 9801903 1231864 3746615 1317332 5880341 4474919 7918491 2043403 9880658 5724048 7824464 7339195 5462478 2698455 1668633 8118366 6266471 6874522 1611192 7873620 4145411 7421931 3477665 6896693 9169083 8706287 6378895 3083051 9413472 5534355 5015658 6485322 6738641 2749433 2642269 7185239 4823510 1311028 2784267 6636850 7189350 4242491 8296545 1876524 5528208 7256468 5924000 9926963 4999884 4453989 8861375 4814314 4463637 6702793 7503014 3729325 4502585 4384771 6144657 6906072 9628386
55
21737571 8304255 1893087 2061378 2556941 5347551 1220040 4215018 2551658 3993148 9484941 4317947 4780279 3175782 1534108 3076165 3379278 3489785 5342787 4684991 6424790 6478357 5775363 4518566 3603496 7258979 9440891 7239035 6238359 3197604 8900512 2157642 5262910 8710491 9248828 1802865 7094104 9249821 6541447 9734488 9526596 2092389 7673051 2595556 2714316 8562152 3562323 3792068 7277004 6877800 8811267 6574322 5396878 3236506 6587606 2237948
94
23458966 5153602 1358470 1180453 4058719 5213027 8775002 7210961 7567146 7415178 2631406 9552106 2612486 9596665 6883598 1739703 8022894 2962907 5625169 7858692 1694776 6163552 6435737 6855750 6474724 2287865 9912258 9443454 9908916 6126034 4601976 3567005 5478999 2453521 3501909 6378538 2392745 8288954 5800607 9886830 2211249 3342748 9802343 4388560 8472267 5142299 6474437 8994723 1129427 8180388 7913340 3715949 1933376 3927671 7874093 3050139 3531421 6822809 4128765 2266339 9257507 5317659 4797280 9082707 7969795 6712951 6659591 1929830 2901492 7025367 1425201 7475356 2943581 5970671 6607269 1534436 6824845 7960203 9642717 2504304 8309220 2356900 7569197 6494282 9059253 8257160 9978524 8935646 7479454 3834861 7361748 7933779 7789113 7887422 4436666
93
13578091 8314146 7492654 6756098 4036563 3797764 7593773 9797549 5887243 5076268 4994082 2129601 3767812 8415996 7133097 4995916 6170575 4849965 9356828 5386825 8179887 7987111 7240778 9601977 1085072 3559378 9556846 3961433 2387003 8095523 6343592 4002713 2660074 2126674 2678747 2820785 4822214 9055659 4883151 8023685 8068249 4294501 1349320 7114065 3525026 5340780 3360143 1711914 6877355 6869459 6937365 6995095 8495254 1535972 3319239 4739910 7152563 4660059 6927429 9934966 8870499 3312365 6570923 9128052 6323740 5437488 6877549 8341724 4165916 8698943 3694046 7459183 2097941 2180096 5054950 5920628 2327074 5554346 3761070 4070797 5587447 7300861 8530608 1183836 1958377 8134023 2648785 5864137 3546246 3607153 1890564 9845024 4869413 4253889
20
53110684 393122 591999 163636 20252 1918 543 574 129 45 4 0 0 0 0 0 0 0 0 0 0
93
9764455 8526977 9019902 6248989 4736748 4902262 1516752 5748222 6815667 3123856 4636671 9647939 2749811 8015015 9069284 5611288 1275416 7143569 8008098 3936628 2906616 9651002 9243109 6278852 4363483 8526831 3206518 1876995 9426711 1275896 9697406 8110135 8774863 8678389 2689773 1562654 4964162 5599635 5104363 3355460 1935239 6948157 4488170 5385158 4291980 3619683 5327566 1255025 9199234 1729099 7143220 9178677 1666737 3646470 9746754 4750088 4803667 6654103 1592559 9531127 1432346 8981315 9188222 3095330 9101571 1871076 9463466 4355657 6747764 1543350 2379193 3849402 4377983 3324193 2778016 7060160 4590436 5762928 6778734 6777011 5287141 5017264 6611693 1755618 8851323 1717463 9418695 2763384 9638258 2690265 6993980 5945787 4895294 2147125
81
8257397 8586522 2790375 7058908 5882674 3382604 6464329 8911563 2075088 6816482 9826051 9215262 7578060 2718367 3346472 5306051 5136852 5882061 1100373 7606710 3702672 2744380 8836384 1561995 4034120 1353259 2398250 1790516 4388850 1199376 1395092 3802995 5937511 9162819 1762007 6337316 5867330 4220265 6130568 5423179 4076790 5914485 5489782 6919510 6316989 3447985 9271275 6521469 8678940 7566203 7674339 4139306 6916798 1967699 8938562 1092335 4186364 5147252 9799404 3342373 4197246 5435975 1828063 4396845 3892606 6054779 4392492 9540627 1906067 9989478 1950599 2353881 8651444 2998294 7682024 7312964 9684013 4159163 3065917 8195971 8298758 1587101
20
117285759 5154370 833635 1901916 877362 500481 293438 65706 37639 77190 45008 17191 15869 4863 2342 1166 1323 523 606 71 101
54
6676619 2149845 2766419 5549607 9163874 8765828 1622654 6223529 5480586 6958910 9871250 1582986 7155839 2963876 8819033 2545973 6728699 1305695 8571567 4494602 3600562 3520882 7909686 9527907 3048906 9271924 4651053 7151564 7975128 4508551 6503140 4630934 8895517 9871666 9229311 3887305 2804497 1141194 3224335 5571565 9378088 9566827 1176906 9004791 4768468 2806731 8572577 6620566 2709937 7589744 2156910 6850133 6818729 5983351 5112540
20
43824517 603396 258953 73024 6013 611 618 77 22 0 1 0 0 0 0 0 0 0 0 0 0
20
108108550 2750581 1700245 348116 1266978 849716 173469 236460 234873 30494 49243 61400 28358 11847 7256 9016 4144 3885 2733 1002 871
20
96173802 1032723 3108157 3209803 3920264 2015157 1254214 1992322 965645 200249 606183 96672 216614 345460 480157 157877 238847 134154 35834 60017 34726
20
117177368 745976 621053 582381 468382 145363 60276 21931 19037 5474 5968 1956 1205 316 269 58 80 37 11 9 1
20
97806187 2367661 904527 1225334 544964 398281 220996 99232 62387 5421 3753 2563 839 281 409 154 97 155 31 34 24
20
92216751 1757569 753122 813049 95301 82249 71560 26431 7996 2266 4657 1051 473 209 75 77 20 14 2 1 1
20
91000574 1926876 915875 170796 221954 135963 34272 29451 17744 4720 3743 1066 523 307 105 43 14 8 10 0 1
78
6584932 2906012 8506312 1462200 6391601 6011356 8652135 3385967 8776054 5600078 2049495 1946310 9115493 8109748 5233409 2101803 5973649 5115740 4533198 5974654 1054806 5326944 2456523 4428635 9806763 5520177 3004261 6937180 7062658 5458993 3785295 7096996 9760089 5106025 9870527 3381402 6055625 8846734 9147363 2954162 4119586 7646120 2802383 6845990 3706853 3292761 8167304 5751008 5792485 8796668 7067460 8999037 9710782 6977612 7451231 3933134 6875563 1190117 2737074 5543411 3911018 3441188 6037496 5116220 7359625 1582434 2056060 5541316 6271517 5138071 2779795 6744127 8542047 9931480 4464403 6081456 4877306 9143570 2611652
76
14962282 4023195 5246221 5237391 1803383 5915109 1318690 7825743 6810909 2535271 6492557 4344614 2209050 1435927 1117418 9857550 7109331 7108313 5785684 5615395 9493839 8783850 5209256 6276433 4065826 5596677 2451842 4978948 2305963 6673019 7987400 2348108 8549564 8485255 2985980 5569875 9160633 3058718 4175447 3751226 5909003 2471467 9438579 8686751 3009319 9162712 9672443 7027079 1888441 8162719 3153738 9383887 4026059 2632609 2212179 2668527 8392053 7978733 1505713 2302137 4283941 5557869 2875407 7732147 7687397 9140761 6218116 7359817 2877710 2569569 7087602 9416914 4660833 3877052 5971019 8856197 3359851
63
7062097 7122874 2876523 1240233 9135508 3780314 8873351 1435233 6289248 2118980 6059747 4392538 4074646 8302892 7736406 6979133 2740572 6664393 9208245 8029553 6041401 1530148 3669970 2367315 3017154 4141714 4438060 1690976 3680770 8014436 6921286 9595226 4452241 1777151 1661765 6603408 9912147 1282184 1324125 2397845 4819256 7837515 3181903 8486186 9143762 5631333 2022024 5269165 6325692 8050909 4758323 3163277 1101930 8617795 1100912 8035081 7804923 9733577 8450046 4869606 4740730 4876981 3284849 2907622
20
129646317 6934302 4897496 5481627 2808755 3210588 2669854 1341909 1063088 1734214 1307375 305453 216122 631416 121397 561227 162171 364375 208219 72012 219440
60
8905659 3491649 3132437 2723218 4298109 8471818 5363017 8407339 6284971 9321793 8321082 2268383 6391890 1892553 1840550 3029103 3193575 5617641 3997400 4930542 4039150 7539156 8189543 3788622 1902051 5608905 2373198 7616124 5810180 4480047 5395060 3277779 4704952 8747082 6693652 7805477 3691341 8423078 3424248 8141103 7622748 5821161 7668512 6597930 2413618 4572653 9952209 1951972 1477363 1810929 1035113 3769724 6505163 6178183 1883666 3355919 6018670 6818231 3763509 9384034 1034471
87
16992142 6198766 5010541 1151117 9544460 8549333 1588972 2179434 8012563 2717567 5831562 1590914 3690166 6453449 7377401 9662203 8640407 9674576 8570695 6514345 9487298 1892734 8635702 6672021 5425461 2658660 2885251 8900030 4778813 6278740 1956867 4126286 5312495 8864669 9076388 4828634 4381149 7732477 7015781 2905396 5416242 6244314 6438521 4136787 5645794 5147737 7494829 1146497 7695009 3250298 8538549 6038232 2587074 3536737 6525930 3663694 7543117 8919372 5433532 9957316 6778808 2102648 5043648 4760948 3071101 2271496 5202056 8007872 3168100 2041972 1551737 2194442 6863569 6689299 4911131 9664787 1450656 8814207 7158040 7311311 9951192 2995273 6090753 3659329 3184198 9948622 2161658 1321290
20
108442988 3113018 6960534 4774030 1346013 2614847 5432747 3222860 3536782 1868751 2755274 614485 1554651 1864729 2964409 1040183 929051 1537096 2281101 1433470 1829527
54
37284827 9643108 1570886 8799522 2981464 8102779 6518015 5942520 3546987 6796773 5105187 7322084 4230390 9347806 9896914 7836538 4456597 8286309 8655059 9209940 4915422 4149716 7361380 1917090 5340952 7050783 1227542 8378698 3008179 8022790 8231884 5785334 9668437 3610515 2836182 6518028 3621446 3491548 6803444 3371528 6637764 9558766 1716839 7570752 9891535 6022658 2256586 6853575 9831473 2525663 1033156 2289722 7692271 3490501 8975089
77
12583650 1892441 2119488 4011106 8476212 3792651 1446854 6702965 2106953 7651260 1242223 8079953 2003935 1714222 5518229 5237522 8225357 2712134 5767594 5750115 5381370 3375911 3895956 1634870 5033980 3240216 2111218 8731797 3246760 8880220 4126070 6624028 2423652 2881328 1216887 6881436 8876615 8869044 8794193 3475752 6982503 6163243 7156197 4981665 6816417 8208411 8013131 5646171 1343971 9251110 3227546 5600104 1644661 5560174 4052289 3985294 1440623 3818338 7910522 6039044 3513079 1059361 3284969 2729906 1371130 2162856 2784907 8853190 2734942 9921818 9110871 3106512 5364040 6128806 4524669 2437811 3445251 9352687
20
110746914 2556188 4335269 1981200 2045691 626962 1329882 636992 886826 418177 330393 235733 71445 40405 129061 55057 97760 39918 38992 37433 11460
20
112985491 5467000 1190429 4681957 3823505 2826293 1569622 1138878 913554 1430987 1624560 1264837 1034244 496119 246227 308767 555324 72635 109713 289569 125926
20
91745499 4586424 1336861 147350 218116 65520 16934 46107 5720 6530 1832 822 978 96 61 62 5 16 6 0 2
20
121188620 767856 1641025 2075558 803242 151312 521104 322752 206494 152751 99573 37468 22804 10216 9059 1611 3877 3380 1791 930 584
87
11983492 9826662 8575933 1193322 2944208 7691407 8183874 7607596 6642236 3374340 7706365 3720886 3006602 6228287 8398597 5481516 2138760 1006055 9065426 4684680 5097545 6820438 3640368 3245323 2072576 4846601 6441470 8132182 7721921 5792548 5374118 8010911 4625478 8277398 7035687 1353038 7019327 7863201 3470143 5774262 2648625 6577253 1082001 6219611 6268198 2075110 8373770 3786563 3485601 5113581 6424468 1632557 6153663 2798957 1290329 4134502 3336222 7021670 4269228 3672018 7839639 4008965 4331229 5061227 4728373 3458640 3548653 8801909 1106687 6085675 5958956 5406703 4637754 1794538 6214541 6165946 9474881 1863775 2004572 9806279 7571989 6428443 8807847 1534889 8028952 6313863 8281418 7801507
20
109950806 2246869 2019288 672323 478748 187109 26727 39152 22719 4396 5184 535 1049 102 38 61 11 14 5 3 1
20
100177198 2192693 435006 227219 214443 149354 45298 12148 8461 1379 1542 1008 157 84 50 25 6 7 0 1 0
20
119773326 4749407 5096071 1018111 2555988 1020175 225719 293894 643935 539227 281130 163825 208696 93667 103500 100267 55167 24690 10515 27906 20216
100
7822001 2149193 1118602 6637124 9409165 5913330 2588010 3817690 2904130 4778423 3443704 9160810 2976338 3472145 6665605 6974245 6363203 1463852 1781597 8001918 8160889 1155095 1321856 1084187 7430328 5263842 5310044 3495731 8845583 8874633 8226136 3564823 7558128 6644807 5263122 4315073 2287255 1752563 6826401 7700474 8070758 2797285 6856846 7855478 5842080 9386838 5890426 2903933 5705974 1753808 8797345 8019886 6051329 5705976 3177421 5233096 6703108 1079602 8596076 8048435 8925840 6073298 6200680 4303697 6182812 8527173 6706438 8577272 8244187 2128158 4597898 7984378 7962215 9500979 8479511 1001495 6867208 4818731 9059148 2305844 7522720 5530387 9005198 7024425 8537650 3955338 7589479 1170452 2995242 6016702 6456934 1460569 6536286 9785527 4073562 6962052 4877445 8372781 9685177 4728489 9981068
65
5820724 6653173 1652248 1879410 3470014 9742668 3835874 5473925 2371117 3111818 2026699 4998147 6914538 5041880 4207539 8460168 3547247 6772293 7053287 3731265 3207434 9376286 1209836 1468331 3673791 1898186 4935197 4564762 7502347 9318199 5926227 1279049 3822727 3248853 7294741 4755232 4579904 1347584 2377253 3385733 2382769 3327357 1545849 2538782 6241083 5116238 6336440 3215160 7958482 8116191 7379222 4509968 4562017 2448143 9757694 9404317 3162662 8458033 4488248 1074822 9935603 2434002 1766362 2640104 6054208 7064324
100
6980945 3635722 5256156 3798588 7022822 9742385 7162940 8507427 7710901 2219187 8911333 2295938 8305148 1591110 7893439 4770451 1081180 7315773 7576131 9666697 3283491 5300177 4430205 6701444 4889422 8803635 1130058 5866412 7921234 2324232 4173674 1132311 4451296 8629039 7395699 4587027 6771736 5690642 4215458 2198404 1050778 6475220 5667343 7885042 6137187 9977533 2662519 1613046 5685971 3875024 6366080 1704169 9760009 5494816 3255245 7693777 9409749 8479456 4316227 2565275 6963808 6790684 2960200 9376364 2438425 5500903 8790240 2425150 7115855 4248816 5568713 2100374 9342395 6765161 9755909 1023732 9745502 1803626 4081622 5933365 4463730 8113076 9893094 5600344 1140642 2990094 8310485 8678803 4709123 9506298 9234406 5434263 6785048 1632291 7645657 5181992 3740126 8950629 9092650 2242374 7023551
20
74580030 499033 559777 685762 79431 36940 38098 23553 5202 1069 905 306 37 92 33 7 0 2 0 0 0
20
119531240 7180385 6676351 7268262 5427385 2115061 5241430 2347148 2278554 4154619 1876727 4487362 2359603 3031816 2084688 3132091 4495247 2586097 3166300 2745415 2174684
93
19853987 3216807 5481809 6202734 3680365 1994596 4895121 6987844 8704834 5011406 5666304 5827784 4891662 2463417 7247356 8110749 6504558 5172959 1820011 8710989 9623520 3051139 7488111 8420146 9867750 7945672 4023326 8973958 3769873 3461363 6367871 7175463 9363362 7882946 7166948 9681170 2952462 4211328 1728562 7217235 4456705 3073583 5765090 8406143 3050763 9658890 5101411 4995679 8349281 8134500 7379584 5715332 8753207 7636120 6954402 1333912 5649598 7241951 3188093 6329275 1971202 4663142 4517549 7905941 8976222 3782180 1271015 5546292 9129484 7383185 3848946 1674818 5132510 7155480 3343999 7924197 3650363 4694841 8616311 1971627 5973486 3884256 4408237 7135415 7709330 4538004 6241876 1935800 6309279 6502789 6744716 9293924 8759391 9573739
20
135676499 3695208 1746381 735179 392188 193052 167506 82469 41052 17791 12005 8136 3468 2169 1126 585 196 69 98 25 26
65
20796335 1699723 1158611 8398224 2917810 3011131 8779748 5648540 7783858 1597247 4909867 5473426 6098793 1809137 2425851 9186776 3253996 6665813 7615859 4930649 5620555 4847345 6541007 3373449 2450084 7789224 6548830 5347593 7233959 1023820 8804249 8630142 1309435 3737895 2370772 1916282 4905154 2781367 8017657 5468054 1869691 3857724 6936981 7048653 2969776 3784167 3686729 6334564 6175540 8689787 4064233 8857392 6097954 4642874 8695295 9448167 4532598 7472234 3434252 7020272 5858754 1435722 5116154 4182638 5316930 4665070
20
84365858 2533625 705327 247245 73242 46392 19750 3601 947 123 72 68 34 13 3 0 0 0 0 0 0
