100
7545010572
3681262567812592424218491807723413889164
757
97285873024428428177215891481235649
96537999532178
4431989412708166261970193002095185515467
25355132
7187071265279936196777082253789015833011
823649656417304239364137483715462043704
77
2187956965176281
5
4480698174082337138615943374829934462321
7204626598246044587
1031
1011838645404988223318118046346556616842
9999999999999999999999999999999999999989
1016640868495126673907180949303487658970
18591000000000000000000000868
1011134473239503864142694463221957437820
55525
95325776219668890423
4994
9979251315116337914968743216756890959380
6816746034272204499663154549223979446493
6496922351091198718302597361104286912534
367936639905
2704094431999784450353939883180722017765
6322331709806097293993999221783227285438
5299422043457934
2054628648960009168558619000698882536462
5554856508135730276696805824268127938087
1645393816802133855268634140249809787250
10568
955192580219093565390912085291559
7716539338214711936835584098
451484497
9669306929003715988935209288688410202706
150438595538
1184225060123592564985506857955253170902
3623
7912163333612197
54
316786864567817957787439539027046
5826699759108409242333591172044389097010
3249586815823752218478192336038817987638
24245556
7
17241
5160314956148335438998345339310675804339
9813705321576055602222065506751235073189
5372253001724494081009734718888152367337
32
1204
201
9012498181242528457546788101162530422823
3089616603480082283443822800843066169803
1331226547257933988016843339752746441106
93634303566
1018136802658667452293265286637084113285
92969
11862141470319575766757597953024335311
5636796980544170854884580714450896976365
1062415031
1296118793105193227185956135255464537547
619580716717075916
10000000000000000000000000000000000000000
21
7423705392879598337667339859204783201908
98
49082317940222642866824622204971328094
150634270219466030664912072503827
87
16611
9648587500360386198153075176678783396446
47234
57345
9564804345539641157676511657865161733558
174300169791318538
326625
6969272062018980798934544586750672836840
1218988267259312704927083214505575960370
1043518363665520448779473562165952756731
9604550936102706222127933694560913984777
954964378218073
8219907828706054675723387415267859815810
939120773026992307645490181
451178561256502826779337969
65
7714164709073813375060082549254668127935
2594727868975381154444511838314865438842
2374944780511227832234152809873999747846
2
3693621011303571740000471847325456634014
99129
43
7054607558920513002538680063568041885456
4261564141701937894381126680697222431788
76
7868632856547235169687825614735577061194
