200
934949 48931
901766 30074
973817 573979
2 0
931700 45866
15 1
1000000 1000000
943667 7900
920697 83114
982334 56217
916432 23810
983807 85334
12 1
929600 27439
907024 33794
1000000 0
987245 34283
942744 44106
970207 76199
922436 54866
974825 81676
957610 80907
967145 16661
922693 30126
500005 37662
19 1
996159 7384
971073 9947
976606 80181
904765 85471
980983 47092
18 1
965946 10547
907465 49306
934119 22549
945215 55468
940286 8022
964006 83793
902920 818340
499998 47412
937101 59851
986333 22864
499997 23255
999148 99576
969495 28103
948979 89948
976932 12528
973590 49955
188452 9768
929079 65913
976741 52472
2 1
919118 14110
1 1
998031 98877
996498 5386
980500 96986
978322 14435
966065 5048
945914 12319
907226 87460
808475 27432
957961 29261
989613 44693
932067 50762
929959 580973
1 0
925460 38348
10 0
998201 20917
933241 84302
992131 68285
500003 8242
956598 30427
990565 74146
977035 49913
975643 11508
997138 65980
944526 92258
924860 64176
923533 76278
920088 86342
499997 17586
934607 90837
973043 85834
980912 60932
928770 49458
928983 74314
948677 526059
991252 89084
2 2
965684 95675
917790 88327
949472 88107
433564 1811
936299 87624
912930 41329
918301 83524
902377 45386
931545 38302
970299 36739
935754 3903
964477 75278
986908 11879
908075 47877
17 0
937130 68604
912878 27839
919653 13838
983777 38617
918519 90690
973251 356004
958995 62777
3 3
949126 15071
940472 28923
950659 20606
996808 33051
992036 83000
964753 40863
993662 88819
992006 58887
499999 39948
918466 62716
903798 25055
988165 31164
942549 80850
905952 50908
914641 71694
965925 66007
981801 26335
500004 24854
933062 4418
976978 33715
977815 72185
952884 16688
999796 15110
3 1
940271 78949
18 0
3 2
908091 846
500005 9597
962997 34312
941565 86955
911573 67007
956691 88426
936448 89447
966944 50321
904690 16753
913216 43989
900896 26054
982660 397486
996934 34932
994148 45073
917719 34903
933707 87380
982122 85029
943417 37948
665003 4209
986109 33186
918611 34934
982194 38770
974536 720677
499999 5564
284903 7935
983658 94813
904279 21349
954127 22275
934583 69673
15 0
297443 20033
968834 92708
135163 3958
965576 438
976363 67552
962167 50919
7 0
994057 36801
923843 23567
3 0
999391 59558
937539 12654
946581 77474
938681 17045
988410 70170
934289 71950
938164 16678
911675 49516
957771 43839
901114 15714
934497 76818
951693 43926
931207 54559
466831 29417
909702 3468
937727 84899
939513 42971
962181 54691
980418 55964
