50
2 6 6
1 1
3 320 2
4 3 2
10 1252676 1252676
99944 99995 99916 99921 99977 99929 99919 99930 99999 99960
10 100000 1570811
105 97 98 98 104 105 105 100000 105 97
1 215776 215776
53944
10 1000000000 1000000000
99983 99959 99994 99976 99993 99988 99987 99949 99985 99906
10 697173 1215050
82178 88482 75385 98047 92034 77657 45643 5149 85526 11149
10 165442 4115376
22265 71691 97337 88412 310 77963 86575 18117 39937 70152
10 1405946 213613
46105 797 4974 15389 79297 75908 34591 48989 12610 30432
10 7702914 81942
52776 67156 38175 68151 66847 20995 98651 90188 12840 62014
10 252333 2962944
25350 82360 36019 93341 20631 75655 39038 87333 87244 85142
10 85854 4425076
31667 38130 16495 57788 41348 79522 87264 36794 7833 32463
10 3869318 196623
54757 58352 85630 70564 77330 86062 20508 66849 87022 62209
10 67872 5119018
14956 63789 7007 69381 56713 38673 54636 71621 11340 2740
10 71597 6947892
55343 57324 10769 69437 68825 1976 85931 82553 24708 28835
10 114970 6364549
91776 85491 86783 62034 67893 5684 31414 88230 75013 20789
10 3838025 135440
68370 80012 70128 53807 56342 81107 15818 47125 16561 41294
10 60088 5674444
19639 9030 5995 21956 20819 11679 95923 37461 24244 94652
10 78834 4998580
4451 53159 57450 4575 25281 27057 68293 22099 85994 70716
10 4703242 117760
4527 48909 39880 66791 39978 99364 60797 77409 35355 66223
10 262721 2789412
86690 32772 26965 42502 88507 7492 57858 90743 90853 88348
10 474185 989599
34017 60695 72260 32282 94796 90249 26917 29491 4326 4976
10 6555912 91415
18113 16198 22972 85194 11019 88442 85400 55395 58230 89893
10 1850779 302254
62777 13070 8095 58913 71204 45057 90252 31898 95058 51630
10 289409 1735275
32922 87631 71390 29619 95844 15881 73030 16724 43940 15884
10 765916 685665
21057 1375 62966 31550 91763 3145 39644 85159 51516 90108
10 436742 1513144
44330 57232 53610 86381 98576 44647 69491 14460 61370 77330
10 1776968 473121
34366 70934 98614 71775 50712 49338 91471 92105 56933 85646
10 6338418 65658
21613 68003 63116 55579 28012 83715 22717 45388 23674 58311
10 1338217 558084
8702 59365 64686 97609 71346 72079 67887 89787 83254 18605
10 739558 592523
35329 80015 60183 45003 36308 14796 74378 12635 45062 73073
10 3587157 156851
99318 54035 66081 60200 47897 58627 31356 49185 60754 47118
10 86350 7203289
42958 94639 98118 9366 73042 51249 53057 83744 12730 33602
10 85227 5343905
86051 85969 77995 1572 43461 12409 32545 889 35858 61029
10 67055 6386097
82333 14339 52079 38286 4597 77639 49933 9243 11397 85680
10 86525 3146973
81601 5962 33810 31986 29666 45164 49909 8364 24221 49057
10 467862 798458
22874 35897 58068 72322 12853 19783 45144 53564 79016 40752
10 69022 5142094
20052 65671 12204 31655 6243 77673 30624 81567 11423 54179
10 4111582 120855
26716 75919 47829 24955 22664 60532 62386 35516 88211 71650
10 145808 4293208
14595 25085 96617 18142 60417 98090 72173 83595 31602 53640
10 140899 3860577
7349 11201 31415 54268 46683 70348 68334 91611 95302 35283
10 89213 4632934
53347 30865 83756 19361 13763 60583 14514 60874 3037 85667
10 94813 8365591
60210 44185 34309 88953 95492 76637 34585 97343 41326 91952
10 8046433 82979
41553 51001 52494 93664 91308 54602 14083 88206 43202 74067
10 1565438 217356
18238 5683 36775 57702 71375 24 44544 39337 41561 79128
10 4377882 120957
69437 69017 67630 3178 87163 46716 8330 592 38583 90577
10 208767 2066612
56761 65654 24801 15201 1305 77927 87213 15547 3589 71783
10 196861 1567988
7065 52473 6068 10581 79527 15395 12759 3653 9245 99376
10 90279 7349091
96961 39678 68389 9542 31554 73713 54603 16354 86501 96607
10 116375 4303425
64225 50821 5971 2754 56888 69473 57161 71578 54942 75230
