100
2
0.2500 0.5000 0.5000 0.2500
3
0.0000 0.0000 0.0000 0.0009 0.0013 0.1776
1
1.0000 0.1234
2
1.0000 1.0000 0.9999 1.0000
2
0.5219 0.2097 0.3915 0.3990
4
0.2000 0.1000 0.4000 0.6000 0.3000 0.5000 0.7000 1.0000
3
0.1823 0.0907 0.0427 0.8726 0.9098 0.6845
4
0.0001 0.0001 0.0001 0.0001 0.0001 0.0001 0.0001 0.0001
4
0.0007 0.0007 0.0007 0.0007 0.0007 0.0007 0.0007 0.0007
4
0.3525 0.7282 0.6176 0.1842 0.6738 0.0228 0.9766 0.4443
2
0.0744 0.6701 0.2671 0.5191
2
0.2677 0.6665 0.4437 0.2037
2
0.0204 0.7470 0.3822 0.4281
2
0.0002 0.0003 0.0001 0.0004
2
0.4972 0.3815 0.1944 0.4253
2
0.8425 0.9154 0.1160 0.8338
3
0.4781 0.2035 0.0521 0.5106 0.1250 0.6310
3
0.7380 0.7738 0.3245 0.9188 0.3399 0.6177
4
0.9659 0.2874 0.6815 0.4506 0.0015 0.7180 0.4235 0.4499
4
0.3483 0.2815 0.5066 0.0350 0.9147 0.7384 0.0141 0.7797
3
0.9574 0.1430 0.7328 0.9034 0.8355 0.7635
4
0.9304 0.5979 0.2087 0.4008 0.9808 0.1453 0.4127 0.2604
3
0.9882 0.6314 0.5297 0.3388 0.6534 0.7106
1
0.0000 1.0000
2
0.5002 0.4999 0.5000 0.5001
4
0.4001 0.4005 0.4004 0.4001 0.3998 0.3997 0.4003 0.4005
1
0.0000 0.0000
4
0.4020 0.5405 0.9459 0.1942 0.3436 0.4542 0.5797 0.4741
4
0.9810 0.9810 0.9810 0.9810 0.9810 0.9810 0.9810 0.9810
2
0.5287 0.6362 0.8748 0.4479
2
0.8525 0.5881 0.9031 0.0293
3
0.0453 0.7802 0.9087 0.0695 0.5491 0.5685
4
0.2227 0.8800 0.3064 0.3000 0.8817 0.1201 0.6962 0.0109
4
0.0466 0.0199 0.0885 0.0874 0.4415 0.1543 0.1062 0.8608
2
0.4999 0.5001 0.5000 0.5000
4
0.2714 0.3044 0.9922 0.9368 0.1904 0.2713 0.3905 0.9981
4
0.4998 0.5002 0.4997 0.5000 0.4999 0.4996 0.5001 1.0000
2
0.2939 0.2659 0.2175 0.9019
4
0.5071 0.3433 0.5282 0.3630 0.2898 0.8542 0.7750 0.5904
4
0.9637 0.7461 0.9790 0.3744 0.5353 0.0395 0.4034 0.9427
2
0.4999 0.5000 0.4999 0.5000
2
1.0000 0.9998 0.9999 0.9997
4
0.9088 0.7427 0.5424 0.0421 0.1622 0.9751 0.8444 0.0159
4
0.0349 0.5541 0.7763 0.0161 0.1051 0.7408 0.5449 0.5711
2
0.5244 0.4736 0.3093 0.1729
4
0.7662 0.6191 0.3432 0.7129 0.0819 0.9352 0.0882 0.1920
4
0.7778 0.3333 0.5556 0.1111 0.6667 0.8889 0.4444 0.2222
4
0.5743 0.5181 0.2868 0.6448 0.9312 0.7464 0.8129 0.8494
2
0.3667 0.9351 0.6157 0.7527
2
0.6165 0.5182 0.3702 0.7739
3
0.9689 0.3955 0.8396 0.1775 0.7905 0.5627
4
0.0471 0.1230 0.0943 0.2488 0.1399 0.6414 0.1981 0.8729
4
0.3350 0.4546 0.5507 0.3053 0.3960 0.6442 0.4585 0.6387
4
0.3989 0.3989 0.3989 0.3989 0.3989 0.3989 0.3989 0.3989
3
0.9630 0.0395 0.2326 0.7671 0.5783 0.6885
2
0.7062 0.0496 0.5277 0.8159
4
0.4000 0.6000 0.4000 0.6000 0.5000 0.5000 0.6000 0.4000
4
0.8905 0.7148 0.7615 0.6515 0.2525 0.8138 0.9093 0.8474
1
0.9876 0.1234
3
0.6421 0.2051 0.1107 0.3894 0.0250 0.4010
2
1.0000 0.9999 0.9999 1.0000
4
0.3350 0.4762 0.6895 0.5091 0.6960 0.5955 0.8909 0.6914
4
0.6000 0.1000 0.5000 0.0000 0.4000 0.7000 0.2000 0.3000
1
1.0000 1.0000
3
0.5842 0.1404 0.5667 0.9662 0.0954 0.7590
4
0.4003 0.4005 0.3998 0.3996 0.4005 0.3995 0.3998 0.3997
4
0.9815 0.6727 0.7608 0.4118 0.3592 0.4383 0.4944 0.7095
2
0.1191 0.0616 0.4668 0.2003
4
0.6212 0.0507 0.7488 0.2191 0.3098 0.1210 0.6508 0.5954
4
1.0000 0.0000 0.0000 1.0000 0.0000 1.0000 1.0000 1.0000
2
0.7367 0.8884 0.9499 0.3794
4
0.4004 0.4002 0.3999 0.3995 0.4003 0.4001 0.3997 0.3996
3
0.1723 0.6202 0.6331 0.3526 0.2297 0.1416
4
0.7352 0.0032 0.3821 0.7035 0.8910 0.5073 0.1745 0.1436
3
0.1160 0.5706 0.7777 0.7111 0.3891 0.6771
3
0.7346 0.4820 0.7099 0.4079 0.2833 0.5607
4
0.4584 0.5844 0.1110 0.3935 0.8632 0.5790 0.2231 0.3008
4
0.4999 0.0000 0.4996 0.4997 0.5000 0.5001 0.4998 0.5002
4
0.0125 0.3337 0.5253 0.2091 0.3898 0.7201 0.1928 0.1140
4
0.5000 0.5002 0.4996 0.4997 0.4999 0.4998 0.5001 0.5003
2
0.5000 1.0000 0.5000 0.0000
2
0.2114 0.0976 0.4991 0.0770
4
0.6760 0.1647 0.8614 0.1472 0.5827 0.4935 0.5136 0.7539
2
0.2191 0.8299 0.8347 0.6155
4
0.3282 0.9972 0.2768 0.5800 0.8689 0.4258 0.9920 0.7279
4
0.1567 0.4419 0.1465 0.5075 0.2333 0.2419 0.2655 0.3106
4
0.2320 0.0800 0.8534 0.6428 0.2980 0.6264 0.8211 0.0097
4
0.5614 0.2997 0.5901 0.9068 0.3386 0.5784 0.7909 0.2843
4
0.4002 0.4003 0.3999 0.4000 0.3995 0.4003 0.4000 0.4003
4
0.5430 0.9851 0.3502 0.2908 0.3870 0.4222 0.6363 0.2784
4
0.5496 0.2125 0.8425 0.2708 0.1610 0.1360 0.6330 0.6254
4
0.7526 0.8959 0.7943 0.8202 0.9140 0.3481 0.9029 0.9966
4
0.2661 0.6620 0.1760 0.0275 0.3524 0.2598 0.0928 0.8566
3
0.2886 0.2582 0.7210 0.5753 0.5815 0.9299
3
0.0214 0.9879 0.0390 0.4989 0.8387 0.7906
4
0.7697 0.4791 0.9654 0.2778 0.6960 0.7957 0.6279 0.0986
4
0.4001 0.4004 0.3996 0.4002 0.4005 0.3999 0.4001 0.3997
4
0.7009 0.7132 0.5451 0.4006 0.4767 0.6185 0.6598 0.1611
4
0.4999 0.4997 0.4999 0.4998 0.4997 0.4998 0.4996 0.4996
4
1.0000 0.0000 1.0000 0.0000 0.0000 1.0000 0.0000 1.0000
