100
15 105 4
50 50 1
50 50 1
3 3 1
50 50 1
50 50 1
50 50 1
50 50 1
2 2 1
50 50 1
50 50 1
1 1 1
50 50 1
50 50 1
50 50 1
50 50 1
0 1
0 2
0 3
0 4
0 5
0 6
0 7
0 8
0 9
0 10
0 11
0 12
0 13
0 14
1 2
1 3
1 4
1 5
1 6
1 7
1 8
1 9
1 10
1 11
1 12
1 13
1 14
2 3
2 4
2 5
2 6
2 7
2 8
2 9
2 10
2 11
2 12
2 13
2 14
3 4
3 5
3 6
3 7
3 8
3 9
3 10
3 11
3 12
3 13
3 14
4 5
4 6
4 7
4 8
4 9
4 10
4 11
4 12
4 13
4 14
5 6
5 7
5 8
5 9
5 10
5 11
5 12
5 13
5 14
6 7
6 8
6 9
6 10
6 11
6 12
6 13
6 14
7 8
7 9
7 10
7 11
7 12
7 13
7 14
8 9
8 10
8 11
8 12
8 13
8 14
9 10
9 11
9 12
9 13
9 14
10 11
10 12
10 13
10 14
11 12
11 13
11 14
12 13
12 14
13 14
15 105 4
2 3 1
1 2 1
1 3 1
1 3 1
2 3 1
3 3 1
2 2 1
1 3 1
2 3 1
50 50 1
1 3 1
1 1 1
2 2 1
1 1 1
1 1 1
0 1
0 2
0 3
0 4
0 5
0 6
0 7
0 8
0 9
0 10
0 11
0 12
0 13
0 14
1 2
1 3
1 4
1 5
1 6
1 7
1 8
1 9
1 10
1 11
1 12
1 13
1 14
2 3
2 4
2 5
2 6
2 7
2 8
2 9
2 10
2 11
2 12
2 13
2 14
3 4
3 5
3 6
3 7
3 8
3 9
3 10
3 11
3 12
3 13
3 14
4 5
4 6
4 7
4 8
4 9
4 10
4 11
4 12
4 13
4 14
5 6
5 7
5 8
5 9
5 10
5 11
5 12
5 13
5 14
6 7
6 8
6 9
6 10
6 11
6 12
6 13
6 14
7 8
7 9
7 10
7 11
7 12
7 13
7 14
8 9
8 10
8 11
8 12
8 13
8 14
9 10
9 11
9 12
9 13
9 14
10 11
10 12
10 13
10 14
11 12
11 13
11 14
12 13
12 14
13 14
15 105 4
1 3 1
1 3 1
1 3 1
1 3 1
1 3 1
1 3 1
1 3 1
1 3 1
1 3 1
1 3 1
1 3 1
1 3 1
1 3 1
1 3 1
1 3 1
0 1
0 2
0 3
0 4
0 5
0 6
0 7
0 8
0 9
0 10
0 11
0 12
0 13
0 14
1 2
1 3
1 4
1 5
1 6
1 7
1 8
1 9
1 10
1 11
1 12
1 13
1 14
2 3
2 4
2 5
2 6
2 7
2 8
2 9
2 10
2 11
2 12
2 13
2 14
3 4
3 5
3 6
3 7
3 8
3 9
3 10
3 11
3 12
3 13
3 14
4 5
4 6
4 7
4 8
4 9
4 10
4 11
4 12
4 13
4 14
5 6
5 7
5 8
5 9
5 10
5 11
5 12
5 13
5 14
6 7
6 8
6 9
6 10
6 11
6 12
6 13
6 14
7 8
7 9
7 10
7 11
7 12
7 13
7 14
8 9
8 10
8 11
8 12
8 13
8 14
9 10
9 11
9 12
9 13
9 14
10 11
10 12
10 13
10 14
11 12
11 13
11 14
12 13
12 14
13 14
15 14 4
50 50 1
1 1 1
50 50 1
50 50 1
50 50 1
50 50 1
2 2 1
3 3 1
50 50 1
50 50 1
50 50 1
50 50 1
50 50 1
50 50 1
50 50 1
0 2
0 3
1 8
3 11
4 11
5 9
5 10
5 12
5 13
6 7
6 8
7 13
11 13
11 14
15 14 4
2 2 1
3 3 1
50 50 1
50 50 1
1 2 1
1 1 1
2 2 1
1 3 1
50 50 1
1 1 1
1 3 1
2 3 1
50 50 1
1 3 1
50 50 1
0 10
0 13
1 4
1 9
1 11
2 9
3 13
4 13
5 6
5 11
5 12
7 8
7 11
10 14
15 14 4
1 3 1
1 3 1
1 3 1
1 3 1
1 3 1
1 3 1
1 3 1
1 3 1
1 3 1
1 3 1
1 3 1
1 3 1
1 3 1
1 3 1
1 3 1
0 9
0 13
1 8
1 10
1 13
2 8
3 4
3 7
3 13
5 8
5 14
6 9
10 11
10 12
15 14 4
50 50 1
50 50 1
50 50 1
50 50 1
50 50 1
50 50 1
50 50 1
50 50 1
50 50 1
1 1 1
50 50 1
2 2 1
3 3 1
50 50 1
50 50 1
0 1
1 2
2 3
3 4
4 5
5 6
6 7
7 8
8 9
9 10
10 11
11 12
12 13
13 14
15 14 4
1 1 1
3 3 1
2 3 1
2 3 1
1 2 1
1 3 1
1 3 1
1 1 1
2 2 1
3 3 1
1 2 1
2 3 1
1 1 1
50 50 1
3 3 1
0 1
1 2
2 3
3 4
4 5
5 6
6 7
7 8
8 9
9 10
10 11
11 12
12 13
13 14
15 14 4
1 3 1
1 3 1
1 3 1
1 3 1
1 3 1
1 3 1
1 3 1
1 3 1
1 3 1
1 3 1
1 3 1
1 3 1
1 3 1
1 3 1
1 3 1
0 1
1 2
2 3
3 4
4 5
5 6
6 7
7 8
8 9
9 10
10 11
11 12
12 13
13 14
15 15 4
2 2 1
50 50 1
50 50 1
50 50 1
50 50 1
50 50 1
50 50 1
50 50 1
50 50 1
50 50 1
50 50 1
50 50 1
3 3 1
50 50 1
1 1 1
0 1
1 2
2 3
3 4
4 5
5 6
6 7
7 8
8 9
9 10
10 11
11 12
12 13
13 14
14 0
15 15 4
1 2 1
1 3 1
2 3 1
3 3 1
1 3 1
2 3 1
1 2 1
1 2 1
3 3 1
2 2 1
1 3 1
50 50 1
1 3 1
2 2 1
2 3 1
0 1
1 2
2 3
3 4
4 5
5 6
6 7
7 8
8 9
9 10
10 11
11 12
12 13
13 14
14 0
15 15 4
1 3 1
1 3 1
1 3 1
1 3 1
1 3 1
1 3 1
1 3 1
1 3 1
1 3 1
1 3 1
1 3 1
1 3 1
1 3 1
1 3 1
1 3 1
0 1
1 2
2 3
3 4
4 5
5 6
6 7
7 8
8 9
9 10
10 11
11 12
12 13
13 14
14 0
15 36 4
1 1 1
50 50 1
50 50 1
50 50 1
50 50 1
50 50 1
50 50 1
50 50 1
3 3 1
50 50 1
50 50 1
50 50 1
50 50 1
50 50 1
2 2 1
0 2
0 8
0 10
0 11
0 14
1 3
1 6
1 7
1 10
1 12
2 4
2 7
2 8
2 13
3 4
3 7
3 12
3 14
4 7
4 10
4 14
5 6
5 8
5 9
5 12
6 9
6 11
6 14
7 13
8 10
8 11
9 12
9 13
10 11
11 13
13 14
15 37 4
50 50 1
1 1 1
1 3 1
1 3 1
1 1 1
1 3 1
2 3 1
50 50 1
3 3 1
2 3 1
1 2 1
3 3 1
1 1 1
1 2 1
1 1 1
0 1
0 2
0 7
0 10
0 14
1 2
1 4
1 12
1 14
2 7
2 11
2 12
3 4
3 8
3 9
3 10
3 11
4 5
4 6
4 14
5 8
5 10
5 12
6 7
6 8
6 9
6 14
7 8
7 13
8 9
9 10
9 13
10 11
11 12
11 13
12 13
13 14
15 37 4
1 3 1
1 3 1
1 3 1
1 3 1
1 3 1
1 3 1
1 3 1
1 3 1
1 3 1
1 3 1
1 3 1
1 3 1
1 3 1
1 3 1
1 3 1
0 5
0 9
0 11
0 13
0 14
1 8
1 9
1 11
1 12
1 13
2 6
2 10
2 11
2 12
3 5
3 6
3 7
3 8
3 12
4 5
4 7
4 9
4 10
4 13
5 10
5 13
6 8
6 9
6 12
7 8
7 10
7 14
8 14
9 10
11 13
11 14
12 14
15 73 4
50 50 1
1 1 1
50 50 1
50 50 1
3 3 1
50 50 1
50 50 1
2 2 1
50 50 1
50 50 1
50 50 1
50 50 1
50 50 1
50 50 1
50 50 1
0 1
0 2
0 3
0 4
0 6
0 7
0 10
0 11
0 13
0 14
1 2
1 3
1 7
1 9
1 10
1 11
1 12
1 13
1 14
2 4
2 5
2 6
2 7
2 8
2 9
2 10
2 12
3 4
3 5
3 7
3 9
3 10
3 11
3 12
3 13
4 5
4 7
4 8
4 10
4 12
4 13
4 14
5 6
5 7
5 8
5 9
5 11
5 12
5 13
6 7
6 8
6 9
6 12
6 14
7 8
7 9
7 11
8 10
8 12
8 13
8 14
9 10
9 11
9 12
9 13
10 11
10 13
10 14
11 12
11 13
11 14
12 14
13 14
15 74 4
1 1 1
1 3 1
50 50 1
2 2 1
3 3 1
1 3 1
3 3 1
2 3 1
1 3 1
1 2 1
3 3 1
1 1 1
2 2 1
1 3 1
1 1 1
0 1
0 3
0 4
0 5
0 6
0 8
0 9
0 10
0 11
0 12
1 2
1 3
1 4
1 5
1 7
1 8
1 10
1 13
1 14
2 3
2 4
2 5
2 6
2 9
2 10
2 12
2 13
2 14
3 5
3 7
3 9
3 10
3 11
3 13
3 14
4 5
4 6
4 8
4 9
4 11
4 12
4 14
5 7
5 8
5 9
5 10
5 12
6 7
6 11
6 12
6 13
6 14
7 8
7 9
7 10
7 12
7 13
7 14
8 9
8 10
8 11
8 13
8 14
9 10
9 11
9 13
10 11
10 12
11 12
11 13
11 14
12 13
12 14
13 14
15 73 4
1 3 1
1 3 1
1 3 1
1 3 1
1 3 1
1 3 1
1 3 1
1 3 1
1 3 1
1 3 1
1 3 1
1 3 1
1 3 1
1 3 1
1 3 1
0 3
0 4
0 5
0 6
0 7
0 8
0 9
0 12
0 13
0 14
1 2
1 4
1 5
1 6
1 7
1 8
1 9
1 11
1 13
2 3
2 4
2 6
2 8
2 9
2 11
2 12
2 13
2 14
3 5
3 6
3 7
3 8
3 9
3 10
3 11
3 13
4 5
4 7
4 9
4 10
4 12
4 13
4 14
5 6
5 7
5 8
5 10
5 12
5 14
6 9
6 10
6 12
6 13
6 14
7 8
7 9
7 10
7 13
7 14
8 9
8 11
8 13
8 14
9 10
9 12
10 11
10 12
10 13
10 14
11 12
11 14
12 13
12 14
15 105 8
50 50 2
1 1 4
50 50 3
50 50 2
50 50 3
50 50 3
50 50 1
50 50 4
50 50 3
5 5 1
50 50 4
50 50 3
50 50 1
50 50 2
6 6 2
0 1
0 2
0 3
0 4
0 5
0 6
0 7
0 8
0 9
0 10
0 11
0 12
0 13
0 14
1 2
1 3
1 4
1 5
1 6
1 7
1 8
1 9
1 10
1 11
1 12
1 13
1 14
2 3
2 4
2 5
2 6
2 7
2 8
2 9
2 10
2 11
2 12
2 13
2 14
3 4
3 5
3 6
3 7
3 8
3 9
3 10
3 11
3 12
3 13
3 14
4 5
4 6
4 7
4 8
4 9
4 10
4 11
4 12
4 13
4 14
5 6
5 7
5 8
5 9
5 10
5 11
5 12
5 13
5 14
6 7
6 8
6 9
6 10
6 11
6 12
6 13
6 14
7 8
7 9
7 10
7 11
7 12
7 13
7 14
8 9
8 10
8 11
8 12
8 13
8 14
9 10
9 11
9 12
9 13
9 14
10 11
10 12
10 13
10 14
11 12
11 13
11 14
12 13
12 14
13 14
15 105 12
2 7 4
2 2 1
3 8 4
1 7 1
8 8 4
10 10 2
1 11 1
3 4 4
4 7 3
2 2 2
4 4 4
10 10 2
1 9 1
8 8 1
2 2 2
0 1
0 2
0 3
0 4
0 5
0 6
0 7
0 8
0 9
0 10
0 11
0 12
0 13
0 14
1 2
1 3
1 4
1 5
1 6
1 7
1 8
1 9
1 10
1 11
1 12
1 13
1 14
2 3
2 4
2 5
2 6
2 7
2 8
2 9
2 10
2 11
2 12
2 13
2 14
3 4
3 5
3 6
3 7
3 8
3 9
3 10
3 11
3 12
3 13
3 14
4 5
4 6
4 7
4 8
4 9
4 10
4 11
4 12
4 13
4 14
5 6
5 7
5 8
5 9
5 10
5 11
5 12
5 13
5 14
6 7
6 8
6 9
6 10
6 11
6 12
6 13
6 14
7 8
7 9
7 10
7 11
7 12
7 13
7 14
8 9
8 10
8 11
8 12
8 13
8 14
9 10
9 11
9 12
9 13
9 14
10 11
10 12
10 13
10 14
11 12
11 13
11 14
12 13
12 14
13 14
15 105 13
1 10 3
1 12 1
1 10 3
1 10 3
1 9 4
1 10 3
1 9 4
1 9 4
1 11 2
1 11 2
1 11 2
2 12 1
1 10 3
1 10 3
1 9 4
0 1
0 2
0 3
0 4
0 5
0 6
0 7
0 8
0 9
0 10
0 11
0 12
0 13
0 14
1 2
1 3
1 4
1 5
1 6
1 7
1 8
1 9
1 10
1 11
1 12
1 13
1 14
2 3
2 4
2 5
2 6
2 7
2 8
2 9
2 10
2 11
2 12
2 13
2 14
3 4
3 5
3 6
3 7
3 8
3 9
3 10
3 11
3 12
3 13
3 14
4 5
4 6
4 7
4 8
4 9
4 10
4 11
4 12
4 13
4 14
5 6
5 7
5 8
5 9
5 10
5 11
5 12
5 13
5 14
6 7
6 8
6 9
6 10
6 11
6 12
6 13
6 14
7 8
7 9
7 10
7 11
7 12
7 13
7 14
8 9
8 10
8 11
8 12
8 13
8 14
9 10
9 11
9 12
9 13
9 14
10 11
10 12
10 13
10 14
11 12
11 13
11 14
12 13
12 14
13 14
15 14 8
50 50 2
6 6 2
50 50 4
50 50 2
4 4 2
50 50 1
1 1 3
50 50 2
50 50 3
50 50 4
50 50 2
50 50 2
50 50 4
50 50 4
50 50 1
0 12
1 4
1 12
2 3
2 7
3 12
4 5
5 6
8 9
9 10
10 13
10 14
11 12
12 13
15 14 19
1 2 2
11 15 4
4 9 2
1 8 4
11 15 4
1 1 1
12 16 3
4 17 2
6 16 3
4 4 1
9 9 1
10 12 2
3 4 1
12 12 4
4 15 4
0 5
1 2
2 14
3 9
3 14
4 14
5 10
5 12
6 11
7 8
7 12
8 11
8 13
11 14
15 14 10
2 9 1
2 9 1
1 7 2
1 8 2
1 7 3
2 8 2
2 8 2
4 7 3
2 8 2
1 8 2
2 6 4
2 9 1
2 9 1
2 8 2
1 6 4
0 2
1 3
1 14
2 10
2 11
4 5
4 8
4 12
4 14
5 6
7 14
8 13
9 10
9 12
15 14 7
2 2 1
50 50 2
3 3 1
4 4 3
50 50 2
50 50 4
50 50 4
50 50 1
50 50 3
50 50 1
50 50 3
50 50 3
50 50 4
50 50 4
50 50 3
0 1
1 2
2 3
3 4
4 5
5 6
6 7
7 8
8 9
9 10
10 11
11 12
12 13
13 14
15 14 22
12 12 4
11 17 1
8 15 2
2 13 2
4 9 4
6 13 2
2 21 1
16 19 2
2 18 4
4 18 2
2 20 2
2 11 2
4 15 3
2 18 4
7 17 2
0 1
1 2
2 3
3 4
4 5
5 6
6 7
7 8
8 9
9 10
10 11
11 12
12 13
13 14
15 14 20
4 16 4
4 16 4
4 12 4
2 12 4
1 16 2
1 18 1
1 19 1
1 16 4
2 15 1
1 13 2
1 10 3
3 11 1
1 12 4
1 16 4
4 19 1
0 1
1 2
2 3
3 4
4 5
5 6
6 7
7 8
8 9
9 10
10 11
11 12
12 13
13 14
15 15 8
1 1 4
50 50 1
5 5 1
50 50 2
50 50 1
50 50 2
50 50 1
50 50 1
50 50 4
50 50 3
50 50 2
50 50 1
50 50 4
50 50 2
6 6 2
0 1
1 2
2 3
3 4
4 5
5 6
6 7
7 8
8 9
9 10
10 11
11 12
12 13
13 14
14 0
15 15 23
10 10 4
11 19 1
15 17 2
14 20 3
9 21 2
9 15 3
2 8 4
6 7 2
2 11 3
3 21 2
5 22 1
1 20 3
6 20 1
4 21 2
4 6 4
0 1
1 2
2 3
3 4
4 5
5 6
6 7
7 8
8 9
9 10
10 11
11 12
12 13
13 14
14 0
15 15 20
2 17 3
3 18 2
2 14 4
2 18 2
1 17 2
2 19 1
1 16 4
1 18 2
2 19 1
1 18 2
1 14 3
2 19 1
1 18 2
2 16 4
3 18 2
0 1
1 2
2 3
3 4
4 5
5 6
6 7
7 8
8 9
9 10
10 11
11 12
12 13
13 14
14 0
15 37 14
8 8 3
50 50 1
50 50 3
4 4 4
50 50 3
50 50 4
50 50 4
50 50 3
50 50 2
50 50 4
50 50 1
50 50 2
11 11 3
50 50 4
50 50 1
0 3
0 6
0 8
0 11
0 12
1 3
1 7
1 8
1 9
1 11
2 5
2 10
2 12
2 13
2 14
3 5
3 9
3 10
4 5
4 6
4 7
4 12
4 14
5 9
5 12
6 10
6 13
6 14
7 9
7 11
7 14
8 9
8 13
8 14
10 11
10 13
11 12
15 37 17
7 14 3
50 50 4
7 13 4
1 10 3
6 8 2
13 13 4
4 13 1
4 4 2
4 11 3
3 3 4
10 10 3
3 16 1
10 14 3
4 14 2
7 7 1
0 1
0 7
0 9
0 10
0 14
1 3
1 5
1 7
1 13
2 3
2 4
2 5
2 6
2 8
3 6
3 11
3 14
4 5
4 7
4 9
4 12
5 12
5 13
6 8
6 10
6 12
7 11
7 14
8 9
8 10
8 13
9 14
10 11
10 12
11 12
11 13
13 14
15 37 12
1 10 2
1 11 1
1 10 2
1 9 3
1 10 2
1 11 1
1 8 4
1 10 2
1 10 2
2 11 1
1 10 2
1 8 4
1 10 2
2 9 3
2 10 2
0 1
0 2
0 3
0 4
0 6
1 3
1 5
1 7
1 11
2 5
2 8
2 12
2 14
3 7
3 9
3 10
4 8
4 9
4 12
4 13
5 8
5 10
5 11
6 8
6 9
6 10
6 11
7 9
7 10
7 14
8 14
9 12
10 13
11 13
11 14
12 13
12 14
15 74 6
5 5 1
50 50 3
2 2 3
50 50 4
50 50 1
50 50 1
50 50 1
50 50 3
1 1 1
50 50 3
50 50 2
50 50 2
50 50 3
50 50 2
50 50 1
0 1
0 2
0 3
0 5
0 6
0 7
0 8
0 10
0 12
0 14
1 3
1 6
1 7
1 8
1 9
1 10
1 11
1 12
1 13
2 3
2 4
2 6
2 7
2 8
2 10
2 13
2 14
3 4
3 5
3 7
3 9
3 12
3 13
3 14
4 5
4 7
4 9
4 10
4 11
4 12
4 13
4 14
5 6
5 7
5 8
5 9
5 11
5 13
5 14
6 7
6 8
6 9
6 10
6 11
6 12
7 9
7 10
7 11
8 10
8 11
8 12
8 13
8 14
9 10
9 11
9 12
9 14
10 12
10 13
11 12
11 13
11 14
12 14
13 14
15 73 13
1 1 4
7 9 4
50 50 4
9 9 3
6 6 4
4 11 2
3 5 4
8 9 4
8 8 3
4 12 1
2 7 2
4 10 2
3 11 2
3 4 4
2 12 1
0 1
0 2
0 3
0 4
0 6
0 8
0 10
0 11
0 13
0 14
1 3
1 5
1 6
1 7
1 8
1 10
1 11
1 13
1 14
2 3
2 5
2 7
2 8
2 9
2 12
2 14
3 5
3 6
3 7
3 9
3 12
3 13
3 14
4 5
4 6
4 7
4 8
4 9
4 10
4 11
4 12
4 13
5 7
5 8
5 9
5 10
5 11
5 14
6 7
6 9
6 10
6 11
6 12
6 13
7 9
7 14
8 9
8 10
8 12
8 13
8 14
9 11
9 12
9 13
10 11
10 12
10 13
10 14
11 12
11 13
11 14
12 13
12 14
15 74 22
1 18 4
1 19 3
1 18 4
1 19 3
2 21 1
1 19 3
1 20 2
1 19 3
1 21 1
1 21 1
1 20 2
1 18 4
1 20 2
1 20 2
1 19 3
0 1
0 2
0 3
0 5
0 7
0 8
0 9
0 10
0 11
0 14
1 2
1 3
1 4
1 6
1 7
1 9
1 10
1 11
1 13
2 5
2 7
2 8
2 10
2 11
2 12
2 13
2 14
3 4
3 5
3 6
3 7
3 8
3 9
3 12
3 13
4 5
4 6
4 7
4 9
4 10
4 11
4 12
4 14
5 6
5 7
5 10
5 11
5 13
5 14
6 8
6 10
6 11
6 12
6 13
6 14
7 8
7 9
7 12
7 13
8 9
8 10
8 12
8 13
8 14
9 10
9 11
9 13
9 14
10 11
10 13
11 12
11 14
12 14
13 14
15 105 80
50 50 25
50 50 42
50 50 1
50 50 47
50 50 26
50 50 6
12 12 18
50 50 21
50 50 33
6 6 6
50 50 33
50 50 49
50 50 46
50 50 10
30 30 50
0 1
0 2
0 3
0 4
0 5
0 6
0 7
0 8
0 9
0 10
0 11
0 12
0 13
0 14
1 2
1 3
1 4
1 5
1 6
1 7
1 8
1 9
1 10
1 11
1 12
1 13
1 14
2 3
2 4
2 5
2 6
2 7
2 8
2 9
2 10
2 11
2 12
2 13
2 14
3 4
3 5
3 6
3 7
3 8
3 9
3 10
3 11
3 12
3 13
3 14
4 5
4 6
4 7
4 8
4 9
4 10
4 11
4 12
4 13
4 14
5 6
5 7
5 8
5 9
5 10
5 11
5 12
5 13
5 14
6 7
6 8
6 9
6 10
6 11
6 12
6 13
6 14
7 8
7 9
7 10
7 11
7 12
7 13
7 14
8 9
8 10
8 11
8 12
8 13
8 14
9 10
9 11
9 12
9 13
9 14
10 11
10 12
10 13
10 14
11 12
11 13
11 14
12 13
12 14
13 14
15 105 60
50 50 10
50 50 30
50 50 13
50 50 35
16 16 18
50 50 30
50 50 16
50 50 31
34 34 2
50 50 22
50 50 45
50 50 50
50 50 10
36 36 24
50 50 18
0 1
0 2
0 3
0 4
0 5
0 6
0 7
0 8
0 9
0 10
0 11
0 12
0 13
0 14
1 2
1 3
1 4
1 5
1 6
1 7
1 8
1 9
1 10
1 11
1 12
1 13
1 14
2 3
2 4
2 5
2 6
2 7
2 8
2 9
2 10
2 11
2 12
2 13
2 14
3 4
3 5
3 6
3 7
3 8
3 9
3 10
3 11
3 12
3 13
3 14
4 5
4 6
4 7
4 8
4 9
4 10
4 11
4 12
4 13
4 14
5 6
5 7
5 8
5 9
5 10
5 11
5 12
5 13
5 14
6 7
6 8
6 9
6 10
6 11
6 12
6 13
6 14
7 8
7 9
7 10
7 11
7 12
7 13
7 14
8 9
8 10
8 11
8 12
8 13
8 14
9 10
9 11
9 12
9 13
9 14
10 11
10 12
10 13
10 14
11 12
11 13
11 14
12 13
12 14
13 14
15 105 61
50 50 40
16 43 2
24 24 37
2 37 24
17 45 16
29 49 12
20 37 24
2 35 2
16 30 15
2 41 20
2 26 23
22 40 4
4 4 45
44 44 17
33 33 28
0 1
0 2
0 3
0 4
0 5
0 6
0 7
0 8
0 9
0 10
0 11
0 12
0 13
0 14
1 2
1 3
1 4
1 5
1 6
1 7
1 8
1 9
1 10
1 11
1 12
1 13
1 14
2 3
2 4
2 5
2 6
2 7
2 8
2 9
2 10
2 11
2 12
2 13
2 14
3 4
3 5
3 6
3 7
3 8
3 9
3 10
3 11
3 12
3 13
3 14
4 5
4 6
4 7
4 8
4 9
4 10
4 11
4 12
4 13
4 14
5 6
5 7
5 8
5 9
5 10
5 11
5 12
5 13
5 14
6 7
6 8
6 9
6 10
6 11
6 12
6 13
6 14
7 8
7 9
7 10
7 11
7 12
7 13
7 14
8 9
8 10
8 11
8 12
8 13
8 14
9 10
9 11
9 12
9 13
9 14
10 11
10 12
10 13
10 14
11 12
11 13
11 14
12 13
12 14
13 14
15 14 1
50 50 33
50 50 19
50 50 2
50 50 20
50 50 18
50 50 46
50 50 13
50 50 6
50 50 31
50 50 30
50 50 37
50 50 44
50 50 25
50 50 35
50 50 40
0 2
0 3
0 10
1 12
2 4
3 7
4 9
5 9
6 12
8 11
10 13
11 13
12 14
13 14
15 14 1
50 50 22
50 50 18
50 50 2
50 50 40
50 50 26
50 50 45
50 50 28
50 50 27
50 50 39
50 50 11
50 50 8
50 50 30
50 50 45
50 50 16
50 50 39
0 1
0 5
0 6
0 10
0 14
1 12
2 9
2 14
3 4
3 5
3 8
5 13
7 11
7 14
15 14 1
50 50 45
50 50 31
50 50 25
50 50 32
50 50 15
50 50 49
50 50 50
50 50 36
50 50 20
50 50 26
50 50 30
50 50 28
50 50 5
50 50 41
50 50 44
0 3
1 5
2 10
3 4
3 11
5 6
5 11
7 9
7 11
8 9
9 10
9 12
9 14
12 13
15 14 1
50 50 31
50 50 2
50 50 44
50 50 29
50 50 26
50 50 25
50 50 22
50 50 11
50 50 16
50 50 15
50 50 34
50 50 46
50 50 31
50 50 46
50 50 27
0 1
1 2
2 3
3 4
4 5
5 6
6 7
7 8
8 9
9 10
10 11
11 12
12 13
13 14
15 14 76
50 50 49
50 50 3
42 42 34
50 50 1
1 1 20
21 21 21
50 50 26
50 50 15
50 50 35
50 50 28
50 50 48
50 50 25
50 50 8
50 50 22
50 50 29
0 1
1 2
2 3
3 4
4 5
5 6
6 7
7 8
8 9
9 10
10 11
11 12
12 13
13 14
15 14 75
50 50 50
50 50 28
50 50 38
50 50 41
50 50 44
50 50 48
50 50 46
50 50 28
1 49 26
4 48 1
1 44 4
4 31 44
50 50 29
50 50 41
50 50 30
0 1
1 2
2 3
3 4
4 5
5 6
6 7
7 8
8 9
9 10
10 11
11 12
12 13
13 14
15 15 98
14 14 33
50 50 31
50 50 32
50 50 47
50 50 23
50 50 16
50 50 8
50 50 49
50 50 18
50 50 20
50 50 14
50 50 17
49 49 49
47 47 2
50 50 14
0 1
1 2
2 3
3 4
4 5
5 6
6 7
7 8
8 9
9 10
10 11
11 12
12 13
13 14
14 0
15 15 83
50 50 30
50 50 45
50 50 48
50 50 47
50 50 24
50 50 47
41 41 3
50 50 19
19 19 22
44 44 39
50 50 45
50 50 29
50 50 9
50 50 32
50 50 31
0 1
1 2
2 3
3 4
4 5
5 6
6 7
7 8
8 9
9 10
10 11
11 12
12 13
13 14
14 0
15 15 1
50 50 37
50 50 15
50 50 7
50 50 39
50 50 34
50 50 26
50 50 46
50 50 5
50 50 44
50 50 42
50 50 15
50 50 34
50 50 42
50 50 17
50 50 30
0 1
1 2
2 3
3 4
4 5
5 6
6 7
7 8
8 9
9 10
10 11
11 12
12 13
13 14
14 0
15 37 70
50 50 21
49 49 21
50 50 13
50 50 4
50 50 8
50 50 38
50 50 15
50 50 31
50 50 45
50 50 8
50 50 42
50 50 46
13 13 35
48 48 1
50 50 26
0 4
0 5
0 9
0 10
0 11
1 3
1 8
1 10
1 12
1 13
2 3
2 4
2 6
2 12
2 13
3 6
3 7
3 13
4 7
4 8
4 14
5 8
5 10
5 12
5 14
6 7
6 10
6 12
7 8
7 11
8 9
9 10
9 13
9 14
11 12
11 14
13 14
15 37 88
50 50 17
13 13 3
50 50 43
50 50 14
50 50 41
50 50 13
50 50 18
50 50 26
50 50 41
50 50 17
50 50 49
50 50 31
16 16 22
50 50 32
38 38 50
0 2
0 4
0 7
0 11
0 13
1 5
1 6
1 11
1 12
1 14
2 4
2 7
2 9
2 10
3 6
3 8
3 9
3 10
3 12
4 7
4 12
5 7
5 9
5 13
5 14
6 8
6 10
6 12
7 10
8 9
8 11
8 14
9 13
10 13
11 13
11 14
12 14
15 37 75
5 38 9
11 16 9
9 37 5
42 42 33
48 48 27
50 50 47
25 25 50
50 50 43
50 50 46
9 47 28
50 50 2
50 50 46
50 50 22
5 37 11
5 42 33
0 2
0 4
0 8
0 9
0 12
1 3
1 5
1 6
1 13
2 3
2 5
2 13
2 14
3 4
3 7
3 11
4 7
4 8
4 10
5 8
5 10
5 13
6 8
6 10
6 11
6 13
7 9
7 11
7 14
8 14
9 12
9 13
9 14
10 11
10 12
11 12
12 14
15 74 1
50 50 40
50 50 23
50 50 46
50 50 1
50 50 47
50 50 9
50 50 37
50 50 6
50 50 11
50 50 41
50 50 16
50 50 23
50 50 11
50 50 10
50 50 7
0 2
0 3
0 4
0 5
0 7
0 8
0 9
0 10
0 11
0 12
1 3
1 4
1 5
1 6
1 7
1 8
1 9
1 10
1 13
1 14
2 3
2 5
2 7
2 8
2 9
2 10
2 11
2 12
2 13
3 4
3 5
3 6
3 9
3 10
3 12
3 13
4 7
4 8
4 9
4 10
4 12
4 13
4 14
5 6
5 8
5 9
5 11
5 12
5 13
6 8
6 9
6 10
6 11
6 12
6 13
6 14
7 8
7 9
7 10
7 11
7 13
7 14
8 10
8 11
8 14
9 11
9 13
10 12
10 14
11 12
11 13
11 14
12 13
12 14
15 73 61
50 50 21
50 50 31
50 50 45
50 50 11
50 50 28
50 50 7
50 50 31
26 26 2
50 50 32
50 50 25
50 50 26
50 50 39
50 50 20
50 50 5
28 28 22
0 1
0 2
0 5
0 7
0 8
0 9
0 10
0 12
0 13
0 14
1 2
1 3
1 4
1 5
1 6
1 9
1 11
1 12
1 14
2 3
2 5
2 7
2 8
2 10
2 12
3 6
3 8
3 9
3 10
3 11
3 12
3 13
3 14
4 6
4 7
4 8
4 9
4 10
4 11
4 12
4 13
4 14
5 6
5 7
5 9
5 10
5 11
5 12
5 13
6 7
6 8
6 9
6 11
6 13
6 14
7 8
7 10
7 11
7 13
7 14
8 9
8 10
8 13
8 14
9 10
9 11
9 13
10 13
10 14
11 12
11 13
11 14
12 14
15 75 56
10 41 1
50 50 10
19 42 14
50 50 50
1 49 7
7 41 15
50 50 44
50 50 43
1 41 15
14 33 23
11 26 30
22 30 2
15 48 1
1 38 18
1 23 33
0 1
0 2
0 3
0 4
0 6
0 7
0 9
0 10
0 13
0 14
1 3
1 5
1 6
1 7
1 10
1 11
1 12
1 13
1 14
2 5
2 6
2 7
2 8
2 9
2 10
2 12
2 13
2 14
3 4
3 5
3 8
3 9
3 10
3 11
3 13
3 14
4 5
4 6
4 8
4 10
4 11
4 12
4 13
4 14
5 6
5 8
5 9
5 10
5 11
5 12
6 7
6 9
6 11
6 12
6 13
7 8
7 9
7 10
7 11
7 12
7 14
8 10
8 11
8 12
8 13
8 14
9 11
9 12
9 13
9 14
10 11
10 13
11 14
12 13
12 14
1 0 1
50 50 2
2 1 1
50 50 1
50 50 1
0 1
3 3 1
50 50 2
50 50 1
50 50 2
0 1
1 2
2 0
4 2 1
50 50 2
50 50 1
50 50 1
50 50 2
0 3
1 2
5 7 1
50 50 2
50 50 2
50 50 1
50 50 1
50 50 2
0 2
0 3
0 4
1 2
1 3
1 4
2 4
6 15 5
1 4 1
2 4 1
1 3 2
1 4 1
1 3 2
1 4 1
0 1
0 2
0 3
0 4
0 5
1 2
1 3
1 4
1 5
2 3
2 4
2 5
3 4
3 5
4 5
7 6 5
1 4 1
2 4 1
1 4 1
2 4 1
1 4 1
1 4 1
1 3 2
0 4
1 6
2 5
3 6
4 5
4 6
8 7 7
1 6 1
1 5 1
1 5 2
1 5 2
2 6 1
1 5 2
1 5 1
1 6 1
0 1
1 2
2 3
3 4
4 5
5 6
6 7
9 9 8
1 6 2
2 7 1
1 6 2
1 7 1
1 6 1
1 7 1
1 6 2
2 7 1
1 6 2
0 1
1 2
2 3
3 4
4 5
5 6
6 7
7 8
8 0
10 15 8
1 6 2
1 6 2
1 6 2
1 7 1
1 6 2
1 7 1
1 7 1
1 7 1
1 7 1
1 7 1
0 3
0 4
0 6
1 3
1 7
1 8
2 4
2 5
2 6
3 9
4 7
5 8
5 9
6 7
8 9
11 38 7
1 5 2
1 5 2
1 5 2
1 6 1
1 6 1
1 6 1
1 6 1
1 6 1
1 5 2
1 5 2
1 6 1
0 2
0 3
0 4
0 7
0 8
0 9
1 2
1 3
1 5
1 6
1 8
1 9
1 10
2 3
2 4
2 5
2 6
2 7
3 4
3 5
3 9
3 10
4 6
4 7
4 8
4 10
5 6
5 8
5 9
5 10
6 7
6 8
6 9
7 8
7 9
7 10
8 10
9 10
12 66 6
1 4 2
1 5 1
1 5 1
1 4 2
1 5 1
1 4 2
1 5 1
1 5 1
1 5 1
1 4 2
1 5 1
1 5 1
0 1
0 2
0 3
0 4
0 5
0 6
0 7
0 8
0 9
0 10
0 11
1 2
1 3
1 4
1 5
1 6
1 7
1 8
1 9
1 10
1 11
2 3
2 4
2 5
2 6
2 7
2 8
2 9
2 10
2 11
3 4
3 5
3 6
3 7
3 8
3 9
3 10
3 11
4 5
4 6
4 7
4 8
4 9
4 10
4 11
5 6
5 7
5 8
5 9
5 10
5 11
6 7
6 8
6 9
6 10
6 11
7 8
7 9
7 10
7 11
8 9
8 10
8 11
9 10
9 11
10 11
13 12 11
2 9 2
2 9 2
1 9 2
4 10 1
1 10 1
2 9 2
1 9 2
1 10 1
2 7 2
1 10 1
2 10 1
1 9 2
1 10 1
0 2
1 11
2 4
2 8
2 10
3 11
4 7
4 11
5 11
6 12
9 12
11 12
14 13 13
1 11 2
2 12 1
1 10 2
1 8 2
1 7 1
1 12 1
2 12 1
2 11 1
2 11 2
2 11 2
2 6 2
2 9 2
1 11 2
2 12 1
0 1
1 2
2 3
3 4
4 5
5 6
6 7
7 8
8 9
9 10
10 11
11 12
12 13
15 42 8
1 6 2
1 6 2
1 7 1
1 7 1
2 7 1
1 6 2
1 6 2
1 7 1
1 7 1
1 7 1
1 7 1
1 6 2
1 7 1
1 7 1
50 50 1
0 1
0 2
0 3
0 4
0 5
0 6
1 2
1 3
1 4
1 5
1 6
2 3
2 4
2 5
2 6
3 4
3 5
3 6
4 5
4 6
5 6
7 8
7 9
7 10
7 11
7 12
7 13
8 9
8 10
8 11
8 12
8 13
9 10
9 11
9 12
9 13
10 11
10 12
10 13
11 12
11 13
12 13
15 30 7
1 6 1
1 6 1
1 5 2
1 6 1
1 5 2
1 5 2
1 5 2
2 5 2
1 5 2
2 6 1
1 6 1
1 6 1
1 5 2
1 5 2
1 6 1
0 1
0 2
0 3
0 4
1 2
1 3
1 4
2 3
2 4
3 4
5 6
5 7
5 8
5 9
6 7
6 8
6 9
7 8
7 9
8 9
10 11
10 12
10 13
10 14
11 12
11 13
11 14
12 13
12 14
13 14
15 55 9
1 7 2
2 8 1
1 8 1
1 7 2
2 7 2
2 8 1
1 7 2
1 7 2
1 7 2
1 8 1
1 7 2
2 8 1
2 7 2
1 7 2
1 7 2
0 1
0 2
0 3
0 4
0 5
0 6
0 7
0 8
0 9
1 2
1 3
1 4
1 5
1 6
1 7
1 8
1 9
2 3
2 4
2 5
2 6
2 7
2 8
2 9
3 4
3 5
3 6
3 7
3 8
3 9
4 5
4 6
4 7
4 8
4 9
5 6
5 7
5 8
5 9
6 7
6 8
6 9
7 8
7 9
8 9
10 11
10 12
10 13
10 14
11 12
11 13
11 14
12 13
12 14
13 14
15 7 1
50 50 2
50 50 1
50 50 2
50 50 1
50 50 2
50 50 1
50 50 2
50 50 2
50 50 1
50 50 1
50 50 2
50 50 2
50 50 1
50 50 1
50 50 2
0 1
2 3
4 5
6 7
8 9
10 11
12 13
1 0 1
0 0 1
7 13 1
0 0 1
0 0 1
0 0 1
0 0 1
0 0 1
0 0 1
0 0 1
0 1
0 2
0 4
0 6
1 3
1 5
1 6
2 4
2 5
2 6
3 4
4 5
5 6
15 74 1
0 0 1
0 0 1
0 0 1
0 0 1
0 0 1
0 0 1
0 0 1
0 0 1
0 0 1
0 0 1
0 0 1
0 0 1
0 0 1
0 0 1
0 0 1
0 1
0 2
0 3
0 4
0 7
0 8
0 9
0 11
0 12
0 13
1 2
1 3
1 4
1 6
1 7
1 8
1 9
1 10
1 12
2 3
2 4
2 5
2 8
2 10
2 11
2 12
2 13
3 5
3 6
3 8
3 9
3 10
3 11
3 13
4 5
4 6
4 7
4 8
4 9
4 10
4 11
5 6
5 7
5 8
5 9
5 10
5 12
5 14
6 7
6 9
6 11
6 12
6 13
6 14
7 8
7 10
7 11
7 13
7 14
8 12
8 13
8 14
9 11
9 13
9 14
10 11
10 12
10 13
10 14
11 12
11 14
12 13
12 14
13 14
15 74 2000000000
0 1000000000 1000000000
0 1000000000 1000000000
0 1000000000 1000000000
0 1000000000 1000000000
0 1000000000 1000000000
0 1000000000 1000000000
0 1000000000 1000000000
0 1000000000 1000000000
0 1000000000 1000000000
0 1000000000 1000000000
0 1000000000 1000000000
0 1000000000 1000000000
0 1000000000 1000000000
0 1000000000 1000000000
0 1000000000 1000000000
0 2
0 3
0 5
0 6
0 7
0 8
0 9
0 10
0 11
0 13
1 2
1 3
1 4
1 5
1 6
1 8
1 10
1 11
1 12
1 13
2 3
2 5
2 7
2 8
2 9
2 10
2 11
2 13
3 5
3 7
3 8
3 11
3 12
3 13
3 14
4 5
4 6
4 8
4 9
4 10
4 11
4 12
4 13
4 14
5 6
5 7
5 11
5 12
5 14
6 8
6 9
6 10
6 12
6 14
7 8
7 9
7 10
7 11
7 12
7 13
8 10
8 12
8 14
9 10
9 11
9 12
9 13
9 14
10 13
10 14
11 13
11 14
12 14
13 14
15 74 16
0 50 1
0 50 1
0 50 1
0 50 1
0 50 1
0 50 1
0 50 1
0 50 1
0 50 1
0 50 1
0 50 1
0 50 1
0 50 1
0 50 1
0 50 1
0 2
0 4
0 6
0 7
0 8
0 9
0 10
0 11
0 12
0 14
1 2
1 3
1 4
1 8
1 9
1 11
1 12
1 13
2 4
2 5
2 6
2 7
2 9
2 10
2 11
2 12
3 5
3 6
3 7
3 8
3 9
3 11
3 12
3 13
3 14
4 5
4 7
4 9
4 11
4 12
4 13
4 14
5 6
5 7
5 8
5 10
5 11
5 12
5 13
6 8
6 10
6 11
6 12
6 13
6 14
7 8
7 9
7 10
7 13
7 14
8 9
8 10
8 13
8 14
9 10
9 12
9 14
10 11
10 13
10 14
11 12
11 14
12 13
13 14
15 74 15
1 1 1
1 1 1
1 1 1
1 1 1
1 1 1
1 1 1
1 1 1
1 1 1
1 1 1
1 1 1
1 1 1
1 1 1
1 1 1
1 1 1
1 1 1
0 1
0 2
0 3
0 7
0 9
0 10
0 11
0 12
0 13
0 14
1 2
1 3
1 4
1 5
1 7
1 10
1 11
1 12
1 14
2 4
2 5
2 6
2 8
2 9
2 11
2 13
2 14
3 4
3 7
3 8
3 9
3 10
3 12
3 13
3 14
4 6
4 10
4 11
4 12
4 13
4 14
5 6
5 7
5 8
5 9
5 10
5 11
5 13
5 14
6 8
6 9
6 10
6 11
6 12
6 13
6 14
7 8
7 9
7 10
7 11
7 12
7 13
8 9
8 10
8 11
8 13
8 14
9 10
9 13
9 14
10 12
11 12
11 14
12 13
15 92 964587134
68899081 964587135 68899080
68899081 964587135 68899080
68899080 964587135 68899080
68899080 964587134 68899082
68899080 964587135 68899082
68899081 964587134 68899080
68899081 964587135 68899082
68899080 964587134 68899082
68899080 964587135 68899080
68899081 964587134 68899082
68899081 964587135 68899080
68899081 964587135 68899081
68899080 964587134 68899082
68899081 964587135 68899080
68899080 964587134 68899081
4 9
3 9
2 4
2 11
6 9
1 2
1 13
9 10
5 9
5 7
2 3
3 11
4 13
10 13
4 12
2 5
12 14
10 12
7 13
1 7
0 4
6 13
1 9
5 11
1 10
3 5
7 9
5 6
0 2
8 10
1 3
2 6
1 8
5 12
11 14
5 10
9 12
1 14
11 12
0 10
2 8
10 11
1 12
5 14
7 12
7 14
2 9
6 11
4 5
1 11
3 8
8 11
0 1
3 7
0 13
2 13
8 9
3 13
0 9
0 14
4 6
3 14
8 12
0 6
3 12
6 12
4 7
2 14
0 11
3 10
0 3
2 7
6 14
12 13
9 14
7 11
1 6
1 5
0 12
4 11
4 10
0 7
3 6
2 10
0 5
4 14
11 13
2 12
6 10
5 13
8 13
7 10
15 103 946838550
63122569 946838550 63122569
63122570 946838551 63122569
63122569 946838550 63122571
63122570 946838550 63122570
63122569 946838550 63122571
63122569 946838550 63122571
63122570 946838550 63122569
63122570 946838550 63122571
63122570 946838551 63122569
63122570 946838550 63122570
63122569 946838551 63122570
63122570 946838550 63122571
63122569 946838551 63122571
63122569 946838551 63122570
63122569 946838551 63122570
1 5
5 12
9 11
5 10
8 13
6 12
1 4
7 14
3 11
5 9
1 2
0 7
2 11
4 8
2 6
3 4
7 8
7 9
1 7
9 12
2 4
2 10
3 8
4 5
1 3
13 14
9 13
4 6
2 3
4 7
0 11
4 10
0 14
0 13
5 14
9 10
1 11
0 6
8 9
10 12
2 8
2 7
5 7
12 14
10 14
6 11
9 14
4 13
3 7
5 11
10 13
3 14
6 7
3 6
6 13
6 8
3 10
6 10
8 10
8 12
2 9
8 14
1 13
8 11
2 12
3 12
5 13
7 10
0 10
1 6
1 12
4 11
7 12
11 12
0 12
7 13
3 9
6 14
4 12
0 5
3 13
10 11
0 8
0 3
11 14
0 2
4 9
3 5
2 14
5 8
2 13
2 5
1 10
12 13
6 9
0 1
1 8
7 11
4 14
11 13
5 6
1 9
0 9
15 104 971321052
728490790 809434210 80943422
80943421 971321052 80943422
242830264 323773684 80943421
161886841 242830262 80943422
80943421 971321052 80943422
323773685 404717104 80943420
404717104 485660526 80943422
80943421 971321053 80943420
809434211 890377630 80943421
566603947 647547369 80943421
890377630 971321051 80943422
647547368 728490790 80943421
80943420 161886843 80943422
485660525 566603946 80943422
0 80943422 80943420
6 9
7 14
5 7
4 9
9 10
1 11
4 11
3 4
0 12
2 11
5 9
0 8
1 12
4 12
1 3
6 8
13 14
2 12
7 9
1 7
0 2
5 13
11 14
6 10
8 14
7 12
6 12
2 5
3 14
0 5
1 5
7 8
1 8
3 7
3 10
11 12
0 11
0 10
4 5
5 10
3 8
4 8
5 14
0 9
0 7
9 12
8 11
7 11
1 9
8 12
10 11
2 9
6 13
7 13
3 12
3 6
1 10
1 13
2 7
0 1
2 13
6 7
0 3
0 14
3 5
4 14
2 10
0 4
3 11
5 8
4 7
5 11
1 4
12 14
1 6
9 14
1 2
5 6
6 14
3 13
1 14
8 9
2 3
6 11
4 13
7 10
8 10
11 13
0 13
12 13
10 13
2 14
2 8
9 13
10 14
2 6
9 11
8 13
2 4
0 6
10 12
5 12
4 10
4 6
15 94 950654254
604961798 691384912 86423115
691384911 777808027 86423115
86423115 172846228 86423113
86423114 950654255 86423114
172846228 259269342 86423115
86423113 950654255 86423114
259269343 345692455 86423114
777808025 864231139 86423115
345692457 432115571 86423113
864231140 950654254 86423115
86423114 950654255 86423113
86423114 950654255 86423115
432115570 518538683 86423114
0 86423113 86423114
518538684 604961797 86423114
1 5
0 6
7 10
2 14
5 11
2 3
6 9
5 14
4 8
2 6
1 10
3 4
10 14
7 9
4 5
7 14
4 7
4 13
10 11
1 14
6 12
7 13
3 12
4 10
7 12
3 14
4 11
0 1
12 13
5 6
4 6
1 8
4 14
0 14
8 9
8 10
6 8
2 12
13 14
0 11
1 2
8 13
1 9
1 3
1 12
2 8
4 9
3 11
2 9
0 10
6 14
1 13
9 13
4 12
11 13
0 12
0 2
5 13
0 13
5 10
2 7
3 8
9 10
2 11
3 10
10 12
8 14
2 4
0 7
11 12
6 10
12 14
1 4
0 4
3 9
7 8
5 8
1 11
3 13
9 11
1 7
0 8
6 13
2 13
5 9
2 10
3 5
2 5
7 11
0 5
6 7
9 12
1 6
3 6
15 90 975112920
108345879 975112921 108345880
108345880 975112921 108345879
108345879 975112920 108345881
108345880 975112921 108345881
108345880 975112921 108345880
108345879 975112920 108345880
108345880 975112921 108345880
108345880 975112920 108345879
108345880 975112920 108345881
108345879 975112920 108345881
108345879 975112920 108345881
108345880 975112920 108345880
108345880 975112921 108345881
108345880 975112921 108345881
108345880 975112921 108345879
4 8
12 14
8 14
4 7
0 1
2 3
2 11
0 13
0 5
3 7
1 2
0 11
4 12
10 12
3 4
2 10
7 11
2 6
2 4
6 12
6 7
8 12
5 12
4 13
3 8
5 14
2 14
6 9
9 14
2 5
6 8
2 12
4 5
11 12
0 6
7 8
2 8
4 6
12 13
3 13
2 7
6 11
1 3
3 12
10 11
5 13
4 11
7 12
5 10
5 11
0 12
3 9
10 14
0 10
7 14
1 12
9 13
1 5
7 13
0 4
4 10
9 10
0 2
1 6
1 13
3 11
5 9
6 13
3 10
8 13
7 10
2 13
0 9
1 9
6 10
8 9
5 8
5 6
0 8
9 12
1 11
1 4
13 14
0 7
6 14
11 13
3 6
8 10
5 7
1 14
15 95 932458344
77704862 932458344 77704863
77704862 932458345 77704863
77704861 932458344 77704861
77704862 932458344 77704863
77704861 932458344 77704861
77704861 932458344 77704863
77704861 932458345 77704863
77704861 932458344 77704863
77704862 932458344 77704861
77704861 932458345 77704862
77704861 932458345 77704861
77704861 932458344 77704861
77704862 932458344 77704862
77704862 932458344 77704861
77704861 932458345 77704862
2 7
9 14
6 9
3 4
0 13
1 9
5 9
2 14
5 13
2 3
6 14
1 12
12 13
11 12
4 5
1 7
4 9
1 14
3 6
12 14
2 12
6 13
8 12
1 3
6 7
3 11
1 11
7 13
4 8
9 10
1 13
1 4
0 2
3 13
0 11
4 10
9 13
6 12
3 8
7 9
5 8
5 7
7 12
0 9
5 10
10 13
2 9
2 11
4 6
6 10
0 4
10 11
6 8
8 11
3 7
0 7
0 12
9 11
0 10
2 4
3 12
0 3
3 10
0 5
1 8
1 5
10 14
1 10
2 8
0 8
10 12
4 11
7 10
7 11
1 2
5 12
4 12
8 9
4 13
5 11
2 6
8 10
0 14
7 14
8 14
8 13
6 11
2 10
3 5
5 6
3 14
13 14
11 14
4 14
1 6
15 103 999759978
142822854 999759978 142822855
142822854 999759979 142822853
142822854 999759978 142822853
142822854 999759979 142822854
142822853 999759979 142822853
142822853 999759979 142822854
142822854 999759978 142822854
142822854 999759978 142822854
142822853 999759979 142822854
142822853 999759978 142822854
142822853 999759979 142822853
142822853 999759979 142822854
142822853 999759978 142822854
142822854 999759979 142822853
142822853 999759978 142822855
7 8
0 3
8 9
1 6
4 7
6 8
0 8
2 7
0 1
5 11
2 8
3 8
7 11
2 10
1 3
11 13
4 13
0 13
6 13
7 13
13 14
2 13
2 3
4 6
3 9
10 11
1 11
0 12
1 4
0 14
4 8
8 13
3 11
5 13
6 14
4 14
6 7
5 9
2 14
0 10
1 12
2 9
7 10
5 12
3 4
1 10
9 11
12 14
6 11
6 12
10 14
1 5
3 7
11 14
10 12
1 14
5 14
8 10
9 10
8 14
4 5
9 14
2 11
9 13
10 13
0 4
4 10
0 9
4 12
0 2
5 8
7 14
2 12
1 7
6 10
2 4
3 6
0 6
1 9
1 8
5 7
0 11
2 5
6 9
4 9
3 13
7 9
0 5
11 12
12 13
3 10
5 6
2 6
0 7
3 12
8 11
8 12
7 12
3 5
1 2
5 10
4 11
3 14
15 85 953499832
119187478 953499832 119187479
119187479 953499833 119187478
119187479 953499832 119187479
119187479 953499832 119187478
119187478 953499832 119187479
119187478 953499833 119187480
119187478 953499833 119187480
119187479 953499832 119187480
119187479 953499833 119187478
119187479 953499833 119187479
119187479 953499832 119187480
119187479 953499832 119187480
119187479 953499833 119187478
119187478 953499832 119187478
119187478 953499833 119187479
7 14
3 14
3 13
10 12
0 4
3 12
12 13
8 11
7 10
4 5
5 10
13 14
0 5
3 7
5 13
0 14
2 6
2 4
0 9
8 13
5 11
9 14
7 8
0 1
9 10
4 10
3 5
0 12
0 8
1 4
2 9
6 8
9 11
2 14
10 11
7 9
2 12
6 9
4 6
1 2
4 11
6 7
3 9
10 13
8 10
2 13
2 11
11 13
6 13
5 6
2 8
9 12
8 12
0 11
8 14
0 6
5 8
1 6
1 5
6 12
4 7
1 9
12 14
11 14
4 8
0 7
3 10
5 9
4 14
6 10
9 13
1 11
7 12
0 3
5 12
5 14
1 7
3 4
8 9
3 11
0 2
7 13
2 7
11 12
3 8
15 86 930903288
66493091 930903289 66493093
66493092 930903289 66493093
66493091 930903289 66493093
66493092 930903288 66493093
66493092 930903289 66493092
66493091 930903289 66493091
66493092 930903289 66493093
66493092 930903289 66493091
66493091 930903288 66493092
66493091 930903289 66493091
66493091 930903289 66493093
66493091 930903288 66493091
66493091 930903288 66493093
66493092 930903289 66493093
66493092 930903288 66493092
0 8
9 10
4 13
6 8
2 13
3 9
1 8
9 11
8 10
3 13
9 13
3 7
7 9
8 11
7 14
7 11
0 1
1 7
2 4
1 11
7 8
2 7
4 5
5 10
4 8
5 14
3 12
3 5
2 3
1 2
11 13
0 5
2 10
0 12
8 12
8 14
2 5
0 13
6 7
2 9
10 12
6 11
2 12
7 12
0 10
3 8
7 10
1 6
9 12
0 6
4 12
3 14
6 13
5 9
12 14
5 7
2 6
10 11
5 6
9 14
2 14
7 13
1 14
1 3
5 12
10 14
3 10
10 13
6 12
6 10
2 8
5 8
1 13
8 9
4 11
0 14
11 14
1 9
6 14
2 11
4 7
4 6
12 13
6 9
0 11
0 7
15 92 957615106
68401078 136802159 68401079
752411869 820812949 68401079
1 68401078 68401078
547208633 615609710 68401080
820812948 889214026 68401079
273604315 342005394 68401079
684010791 752411868 68401078
615609712 684010790 68401078
478807554 547208631 68401078
68401079 957615106 68401079
136802159 205203238 68401078
889214027 957615105 68401078
342005395 410406473 68401079
205203236 273604316 68401078
410406475 478807552 68401079
10 11
0 8
4 14
2 7
4 10
7 11
8 10
3 6
13 14
4 9
9 12
1 14
3 5
1 9
1 3
0 1
1 4
2 13
6 12
1 13
7 13
9 11
6 9
11 14
0 4
11 13
3 13
1 11
8 12
2 5
6 14
1 10
4 12
4 8
7 9
7 12
5 6
6 8
9 14
12 14
1 6
4 11
3 8
4 6
7 10
0 13
7 8
3 4
5 11
2 6
6 13
0 14
6 11
9 13
6 10
3 10
2 14
0 9
8 14
2 8
1 12
1 8
4 7
1 7
2 12
2 4
8 11
5 9
3 9
8 13
0 3
1 5
0 5
0 6
0 2
0 12
8 9
11 12
0 7
5 10
1 2
2 3
7 14
6 7
5 12
3 12
0 10
3 11
9 10
2 9
4 13
5 8
2 1 2000000000
0 1000000000 1000000000
1000000000 1000000000 1000000000
1 0
15 105 11
1 10 1
1 10 1
1 10 1
1 9 2
1 10 1
1 9 2
1 9 2
1 9 2
1 9 2
1 9 2
1 10 1
1 10 1
1 9 2
1 10 1
1 10 1
0 1
0 2
0 3
0 4
0 5
0 6
0 7
0 8
0 9
0 10
0 11
0 12
0 13
0 14
1 2
1 3
1 4
1 5
1 6
1 7
1 8
1 9
1 10
1 11
1 12
1 13
1 14
2 3
2 4
2 5
2 6
2 7
2 8
2 9
2 10
2 11
2 12
2 13
2 14
3 4
3 5
3 6
3 7
3 8
3 9
3 10
3 11
3 12
3 13
3 14
4 5
4 6
4 7
4 8
4 9
4 10
4 11
4 12
4 13
4 14
5 6
5 7
5 8
5 9
5 10
5 11
5 12
5 13
5 14
6 7
6 8
6 9
6 10
6 11
6 12
6 13
6 14
7 8
7 9
7 10
7 11
7 12
7 13
7 14
8 9
8 10
8 11
8 12
8 13
8 14
9 10
9 11
9 12
9 13
9 14
10 11
10 12
10 13
10 14
11 12
11 13
11 14
12 13
12 14
13 14
15 105 17
1 15 2
1 15 2
1 16 1
1 15 2
1 16 1
1 15 2
1 15 2
1 15 2
1 16 1
1 16 1
1 16 1
1 15 2
1 16 1
1 15 2
1 16 1
0 1
0 2
0 3
0 4
0 5
0 6
0 7
0 8
0 9
0 10
0 11
0 12
0 13
0 14
1 2
1 3
1 4
1 5
1 6
1 7
1 8
1 9
1 10
1 11
1 12
1 13
1 14
2 3
2 4
2 5
2 6
2 7
2 8
2 9
2 10
2 11
2 12
2 13
2 14
3 4
3 5
3 6
3 7
3 8
3 9
3 10
3 11
3 12
3 13
3 14
4 5
4 6
4 7
4 8
4 9
4 10
4 11
4 12
4 13
4 14
5 6
5 7
5 8
5 9
5 10
5 11
5 12
5 13
5 14
6 7
6 8
6 9
6 10
6 11
6 12
6 13
6 14
7 8
7 9
7 10
7 11
7 12
7 13
7 14
8 9
8 10
8 11
8 12
8 13
8 14
9 10
9 11
9 12
9 13
9 14
10 11
10 12
10 13
10 14
11 12
11 13
11 14
12 13
12 14
13 14
15 105 10
1 8 2
1 8 2
1 8 2
1 9 1
1 8 2
1 9 1
1 9 1
1 8 2
1 8 2
1 8 2
1 8 2
1 8 2
1 9 1
1 8 2
1 8 2
0 1
0 2
0 3
0 4
0 5
0 6
0 7
0 8
0 9
0 10
0 11
0 12
0 13
0 14
1 2
1 3
1 4
1 5
1 6
1 7
1 8
1 9
1 10
1 11
1 12
1 13
1 14
2 3
2 4
2 5
2 6
2 7
2 8
2 9
2 10
2 11
2 12
2 13
2 14
3 4
3 5
3 6
3 7
3 8
3 9
3 10
3 11
3 12
3 13
3 14
4 5
4 6
4 7
4 8
4 9
4 10
4 11
4 12
4 13
4 14
5 6
5 7
5 8
5 9
5 10
5 11
5 12
5 13
5 14
6 7
6 8
6 9
6 10
6 11
6 12
6 13
6 14
7 8
7 9
7 10
7 11
7 12
7 13
7 14
8 9
8 10
8 11
8 12
8 13
8 14
9 10
9 11
9 12
9 13
9 14
10 11
10 12
10 13
10 14
11 12
11 13
11 14
12 13
12 14
13 14
15 105 8
1 7 1
1 7 1
1 7 1
1 7 1
1 7 1
1 7 1
1 7 1
1 6 2
1 6 2
1 7 1
1 7 1
1 6 2
1 7 1
1 7 1
1 7 1
0 1
0 2
0 3
0 4
0 5
0 6
0 7
0 8
0 9
0 10
0 11
0 12
0 13
0 14
1 2
1 3
1 4
1 5
1 6
1 7
1 8
1 9
1 10
1 11
1 12
1 13
1 14
2 3
2 4
2 5
2 6
2 7
2 8
2 9
2 10
2 11
2 12
2 13
2 14
3 4
3 5
3 6
3 7
3 8
3 9
3 10
3 11
3 12
3 13
3 14
4 5
4 6
4 7
4 8
4 9
4 10
4 11
4 12
4 13
4 14
5 6
5 7
5 8
5 9
5 10
5 11
5 12
5 13
5 14
6 7
6 8
6 9
6 10
6 11
6 12
6 13
6 14
7 8
7 9
7 10
7 11
7 12
7 13
7 14
8 9
8 10
8 11
8 12
8 13
8 14
9 10
9 11
9 12
9 13
9 14
10 11
10 12
10 13
10 14
11 12
11 13
11 14
12 13
12 14
13 14
15 105 13
1 11 2
1 11 2
1 11 2
1 12 1
1 12 1
1 12 1
1 12 1
1 12 1
1 11 2
1 12 1
1 11 2
1 11 2
1 12 1
1 12 1
1 12 1
0 1
0 2
0 3
0 4
0 5
0 6
0 7
0 8
0 9
0 10
0 11
0 12
0 13
0 14
1 2
1 3
1 4
1 5
1 6
1 7
1 8
1 9
1 10
1 11
1 12
1 13
1 14
2 3
2 4
2 5
2 6
2 7
2 8
2 9
2 10
2 11
2 12
2 13
2 14
3 4
3 5
3 6
3 7
3 8
3 9
3 10
3 11
3 12
3 13
3 14
4 5
4 6
4 7
4 8
4 9
4 10
4 11
4 12
4 13
4 14
5 6
5 7
5 8
5 9
5 10
5 11
5 12
5 13
5 14
6 7
6 8
6 9
6 10
6 11
6 12
6 13
6 14
7 8
7 9
7 10
7 11
7 12
7 13
7 14
8 9
8 10
8 11
8 12
8 13
8 14
9 10
9 11
9 12
9 13
9 14
10 11
10 12
10 13
10 14
11 12
11 13
11 14
12 13
12 14
13 14
15 105 13
1 12 1
1 11 2
1 11 2
1 12 1
1 11 2
1 12 1
1 12 1
1 12 1
1 12 1
1 11 2
1 11 2
1 11 2
1 12 1
1 12 1
1 12 1
0 1
0 2
0 3
0 4
0 5
0 6
0 7
0 8
0 9
0 10
0 11
0 12
0 13
0 14
1 2
1 3
1 4
1 5
1 6
1 7
1 8
1 9
1 10
1 11
1 12
1 13
1 14
2 3
2 4
2 5
2 6
2 7
2 8
2 9
2 10
2 11
2 12
2 13
2 14
3 4
3 5
3 6
3 7
3 8
3 9
3 10
3 11
3 12
3 13
3 14
4 5
4 6
4 7
4 8
4 9
4 10
4 11
4 12
4 13
4 14
5 6
5 7
5 8
5 9
5 10
5 11
5 12
5 13
5 14
6 7
6 8
6 9
6 10
6 11
6 12
6 13
6 14
7 8
7 9
7 10
7 11
7 12
7 13
7 14
8 9
8 10
8 11
8 12
8 13
8 14
9 10
9 11
9 12
9 13
9 14
10 11
10 12
10 13
10 14
11 12
11 13
11 14
12 13
12 14
13 14
15 105 15
1 13 2
1 13 2
1 13 2
1 14 1
1 13 2
1 13 2
1 14 1
1 14 1
1 14 1
1 14 1
1 13 2
1 14 1
1 13 2
1 14 1
1 13 2
0 1
0 2
0 3
0 4
0 5
0 6
0 7
0 8
0 9
0 10
0 11
0 12
0 13
0 14
1 2
1 3
1 4
1 5
1 6
1 7
1 8
1 9
1 10
1 11
1 12
1 13
1 14
2 3
2 4
2 5
2 6
2 7
2 8
2 9
2 10
2 11
2 12
2 13
2 14
3 4
3 5
3 6
3 7
3 8
3 9
3 10
3 11
3 12
3 13
3 14
4 5
4 6
4 7
4 8
4 9
4 10
4 11
4 12
4 13
4 14
5 6
5 7
5 8
5 9
5 10
5 11
5 12
5 13
5 14
6 7
6 8
6 9
6 10
6 11
6 12
6 13
6 14
7 8
7 9
7 10
7 11
7 12
7 13
7 14
8 9
8 10
8 11
8 12
8 13
8 14
9 10
9 11
9 12
9 13
9 14
10 11
10 12
10 13
10 14
11 12
11 13
11 14
12 13
12 14
13 14
15 105 16
1 15 1
1 14 2
1 14 2
1 14 2
1 15 1
1 15 1
1 15 1
1 14 2
1 14 2
1 14 2
1 15 1
1 15 1
1 14 2
1 15 1
1 14 2
0 1
0 2
0 3
0 4
0 5
0 6
0 7
0 8
0 9
0 10
0 11
0 12
0 13
0 14
1 2
1 3
1 4
1 5
1 6
1 7
1 8
1 9
1 10
1 11
1 12
1 13
1 14
2 3
2 4
2 5
2 6
2 7
2 8
2 9
2 10
2 11
2 12
2 13
2 14
3 4
3 5
3 6
3 7
3 8
3 9
3 10
3 11
3 12
3 13
3 14
4 5
4 6
4 7
4 8
4 9
4 10
4 11
4 12
4 13
4 14
5 6
5 7
5 8
5 9
5 10
5 11
5 12
5 13
5 14
6 7
6 8
6 9
6 10
6 11
6 12
6 13
6 14
7 8
7 9
7 10
7 11
7 12
7 13
7 14
8 9
8 10
8 11
8 12
8 13
8 14
9 10
9 11
9 12
9 13
9 14
10 11
10 12
10 13
10 14
11 12
11 13
11 14
12 13
12 14
13 14
15 105 23
1 21 2
1 21 2
1 21 2
1 21 2
1 22 1
1 22 1
1 22 1
1 21 2
1 22 1
1 21 2
1 21 2
1 21 2
1 21 2
1 21 2
1 22 1
0 1
0 2
0 3
0 4
0 5
0 6
0 7
0 8
0 9
0 10
0 11
0 12
0 13
0 14
1 2
1 3
1 4
1 5
1 6
1 7
1 8
1 9
1 10
1 11
1 12
1 13
1 14
2 3
2 4
2 5
2 6
2 7
2 8
2 9
2 10
2 11
2 12
2 13
2 14
3 4
3 5
3 6
3 7
3 8
3 9
3 10
3 11
3 12
3 13
3 14
4 5
4 6
4 7
4 8
4 9
4 10
4 11
4 12
4 13
4 14
5 6
5 7
5 8
5 9
5 10
5 11
5 12
5 13
5 14
6 7
6 8
6 9
6 10
6 11
6 12
6 13
6 14
7 8
7 9
7 10
7 11
7 12
7 13
7 14
8 9
8 10
8 11
8 12
8 13
8 14
9 10
9 11
9 12
9 13
9 14
10 11
10 12
10 13
10 14
11 12
11 13
11 14
12 13
12 14
13 14
15 105 12
1 10 2
1 10 2
1 10 2
1 10 2
1 10 2
1 10 2
1 10 2
1 11 1
1 11 1
1 10 2
1 11 1
1 10 2
1 10 2
1 11 1
1 10 2
0 1
0 2
0 3
0 4
0 5
0 6
0 7
0 8
0 9
0 10
0 11
0 12
0 13
0 14
1 2
1 3
1 4
1 5
1 6
1 7
1 8
1 9
1 10
1 11
1 12
1 13
1 14
2 3
2 4
2 5
2 6
2 7
2 8
2 9
2 10
2 11
2 12
2 13
2 14
3 4
3 5
3 6
3 7
3 8
3 9
3 10
3 11
3 12
3 13
3 14
4 5
4 6
4 7
4 8
4 9
4 10
4 11
4 12
4 13
4 14
5 6
5 7
5 8
5 9
5 10
5 11
5 12
5 13
5 14
6 7
6 8
6 9
6 10
6 11
6 12
6 13
6 14
7 8
7 9
7 10
7 11
7 12
7 13
7 14
8 9
8 10
8 11
8 12
8 13
8 14
9 10
9 11
9 12
9 13
9 14
10 11
10 12
10 13
10 14
11 12
11 13
11 14
12 13
12 14
13 14
15 105 11
1 9 2
1 10 1
1 9 2
1 10 1
1 9 2
1 10 1
1 10 1
1 9 2
1 9 2
1 9 2
1 9 2
1 10 1
1 9 2
1 10 1
1 10 1
0 1
0 2
0 3
0 4
0 5
0 6
0 7
0 8
0 9
0 10
0 11
0 12
0 13
0 14
1 2
1 3
1 4
1 5
1 6
1 7
1 8
1 9
1 10
1 11
1 12
1 13
1 14
2 3
2 4
2 5
2 6
2 7
2 8
2 9
2 10
2 11
2 12
2 13
2 14
3 4
3 5
3 6
3 7
3 8
3 9
3 10
3 11
3 12
3 13
3 14
4 5
4 6
4 7
4 8
4 9
4 10
4 11
4 12
4 13
4 14
5 6
5 7
5 8
5 9
5 10
5 11
5 12
5 13
5 14
6 7
6 8
6 9
6 10
6 11
6 12
6 13
6 14
7 8
7 9
7 10
7 11
7 12
7 13
7 14
8 9
8 10
8 11
8 12
8 13
8 14
9 10
9 11
9 12
9 13
9 14
10 11
10 12
10 13
10 14
11 12
11 13
11 14
12 13
12 14
13 14
