50
4 6 4
1 4 2 1
100 10 1
1
5 5 10
2 4 2 3 4 2 1 2 1 3
1 1 1
1
100 2 2
1 2
1000 100 10
4 3 9 1 2 5 6 9 1 10
1 10 10
4 3 4 1 2 5 6 9 1 10
1 10 9
1 1 1 1 1 1 1 1 1
1000 10 9
1 1 1 1 1 1 1 1 1
934 9 10
8 8 8 8 8 8 8 8 8 8
734 3 10
1 2 3 3 2 1 1 2 3 1
345 19 10
10 10 10 10 10 10 10 10 10 10
765 10 10
10 1 10 1 10 1 10 1 10 1
1000 100 10
10 10 10 10 10 10 10 10 10 10
734 20 10
1 2 3 4 5 6 7 8 9 10
631 16 10
10 9 8 7 6 5 4 3 2 1
4 6 9
3 5 2 2 5 2 2 1 5
4 12 5
2 1 9 1 4
3 6 7
6 1 2 2 4 6 3
4 13 7
6 5 4 9 3 7 2
563 11 10
3 7 2 5 7 1 5 2 7 8
273 9 10
4 1 9 4 3 9 4 9 8 4
644 8 9
3 7 4 8 4 7 8 4 7
893 14 9
5 8 10 1 2 3 9 9 6
6 22 10
3 4 10 8 8 5 2 1 4 2
9 28 10
7 8 10 2 9 2 6 7 1 6
9 22 9
9 10 3 1 6 8 6 7 5
7 20 10
3 6 9 4 5 2 2 4 3 3
102 13 8
5 8 5 9 8 6 9 7
16 11 10
8 6 5 7 6 8 6 8 8 5
139 24 10
5 8 6 8 7 9 8 9 5 8
403 10 8
5 9 8 6 9 8 5 9
232 36 8
8 9 6 8 8 5 9 6
430 55 8
7 9 7 6 6 7 7 6
111 79 8
6 5 5 9 5 6 6 6
269 15 8
5 5 8 7 9 9 8 9
203 92 8
7 6 9 5 5 6 6 9
630 4 9
4 4 4 4 4 4 4 4 4
724 84 9
6 5 8 9 9 9 8 7 6
375 8 8
8 5 7 8 8 5 5 7
215 30 9
5 9 6 5 5 9 9 6 7
90 2 8
2 2 2 2 2 2 2 2
614 20 9
6 5 6 8 7 8 7 6 5
613 15 6
9 6 5 5 8 6
887 65 8
9 6 8 5 9 9 9 7
329 62 9
5 7 7 7 7 7 6 8 6
318 100 5
8 6 7 9 9
356 49 7
6 6 8 6 5 7 6
744 39 7
9 8 6 8 8 9 5
572 58 8
8 8 5 9 9 7 8 8
