100
836366898
6902028419
2897528135
38912646
2639033710
8560925762
43
201
13752577
222
7978460
8150007063
6040183006
69866
8999291898
2313
4994
836644
9615746802
3141592
1301497
77
32178379
2226765426
32
579616975
757
51015
145840
87
9143608189
7930330691
7633
4565722445
5518
6377229606
52085
2863757642
5511504598
7102834409
1031
98
8383594007
355517189
62105065
7737972864
1426427544
3989230982
2
5746197468
93939
3969782
6044775095
4361805706
33356132
7483662379
21802
2149091
58245
76
3784664873
57845
829615
17781
4018118104
1924075432
80627
54955
650
1086412253
5
21
1085011185
65
40
121
2533456585
48334
7
96699768
964720
29022
4149463766
1551020926
1667851789
822757
4516428
9980
3578597813
54
185910868
20181
9523773259
100
382
9999999989
934
10000000000
54434677
4755344572
