100
3 2
1 4 1 1 0 11
4 1 1 1 8 11
2 5 0 0 0 11
4 1 0 0 0 11
953 978
889835710 483367804 411567130 358186457 772704386 3784498
984634695 624229972 285290707 977684258 17433734 245053808
67303498 824497528 880577136 928032559 18243676 719420308
284741142 328012014 874218637 633593630 924470862 146129848
967 972
763471229 121910047 417127051 142838468 479467597 489668213
205251209 171515466 956876107 509197998 899383064 228041060
654068894 234368054 555879722 144867873 432676059 346840027
759182170 631977163 923391724 417450981 415723444 484203345
982 983
83355685 369138868 673414987 595198231 579638916 818939410
709118 5785299 3671368 6222204 2372288 1937387
897557109 974213202 226834064 596147764 481073430 341349168
1285860 9446813 6612526 834991 8734249 2955685
970 968
144893792 491525005 471246177 308604944 672479061 824697714
627171775 373389344 411869396 973230062 251607872 545850955
233429565 939075152 660285023 304736839 540296003 133148801
62260052 573285124 85469394 722518770 772233980 173715306
978 999
388514921 507477471 30037136 730352687 700970282 519793141
9919352 6772396 8119524 6051125 2646806 1031370
764338703 607839071 652989227 607234159 381663438 687839798
7523218 2001634 6002511 4255978 9957109 4881552
968 973
457454271 327804648 84629793 389244978 515120381 535878688
304126821 534648160 258561833 639646056 721007507 238381078
252706340 707744467 629137690 337462309 173205815 958912769
502422775 294299952 122998826 696394314 447069305 225124387
953 975
419210726 207671427 943062764 520008039 614983603 2919403
84445464 28369927 345407882 945083287 837212589 639111187
454632870 84822086 743506017 288707696 658167196 153384549
453276368 300025518 930980318 318645643 221594595 363690997
950 979
648330191 414914364 112901469 472945640 410108653 434604876
39165866 474866652 956072138 32344620 833229361 64362223
956216430 409174451 619443269 568294803 797231492 676654856
188786693 624748302 127026706 21946349 926580859 225514327
998 957
4963 5498 8326 2499 9711 7810
24 50 68 81 14 42
6180 6037 3518 2010 1558 6901
76 76 88 78 33 81
1000 1000
743572698 221339227 106698784 618591795 475447684 544660860
814714870 900627605 633322325 649700198 513441185 940608095
743572698 221339227 106698784 618591795 475447684 544660860
814714870 900627605 633322325 649700198 513441185 940608095
977 984
455822294 565198868 907071469 159563235 5066840 168267246
130533849 200217614 720211345 225601465 886752644 486125769
934308541 617501767 68376996 957049658 670349787 224629072
561940367 198994661 603761023 116368803 6246168 235898390
956 996
329328777 671115688 148478832 335473575 566236058 273657452
1016925 9572295 18929 2739435 4504491 9368357
140913507 251844068 312394463 872541496 965938736 958307361
8698454 6648015 2079761 7701919 9715799 5698075
952 998
337602626 785228202 601716186 365485855 272745886 98843951
9360447 4640347 342846 5092880 6873399 885627
566973501 512587333 424166604 256573440 360343930 864845932
1368735 7552225 1721269 3134290 5036370 6347709
978 975
472719816 564740881 847046824 1502186 756405525 423806202
7212926 4927369 4973520 4033469 7344450 3547086
537530532 601187420 478004767 730589699 97101466 395599612
2738797 5918133 9445696 4796175 265754 4509382
985 951
671436276 32793262 922993718 472209668 178986461 601772873
232050 8183518 1609307 891094 9245662 7023000
414004917 226536354 18707320 387111041 54725264 589887197
4355755 2721456 9779750 4611350 938919 6969677
952 977
996124870 118957603 415104707 335694967 496203443 490677608
621298148 707531518 122321317 273006936 395581150 688377240
214881086 944912655 706119264 294787265 835681683 241142203
837087406 873997048 655334865 62492581 331786594 783996269
996 957
319036702 987827850 660148419 961702263 442768800 998236609
560225212 301162867 449222621 644449601 592336460 767553657
733179206 161053363 356034357 919717366 933749233 105288159
578798908 988784667 717932212 845479866 889077694 411689435
968 969
703660116 176680778 625916033 811492033 732835030 988915482
75061585 87104525 922869308 285004982 923524989 161419661
508343159 103545195 101337267 324730054 702876541 617824448
252464430 28031268 516214834 549699518 324752360 755313138
953 963
247927967 441728716 341100218 293344200 148915455 211827378
6093687 6442116 2903531 4771472 1595926 4247780
163786816 261343287 81591007 930395574 724716715 486431507
9343528 9361752 7524453 39776 2609487 7632483
967 981
452871766 392163513 686732312 916199177 705759869 102456377
4373647 2286312 9982519 1354153 6896088 1230080
796606039 945573645 151908596 445822630 94385376 351967172
3910555 5089954 6580553 2353528 1693127 1900222
1000 953
664349349 633169929 171420641 147625486 845282905 728470160
991558162 96089056 306823864 186226075 817023855 852764847
788581972 357057712 914646533 631049265 683454971 118647032
646230021 552965754 996630716 118599441 195076778 796179706
998 952
153976230 209410371 585572026 349860266 180130799 329143936
515196908 230431495 586190772 630167589 932813128 804880198
854337687 305117740 953507340 983386587 394488141 160820074
53164298 399792483 155374687 976864612 659550389 494159282
977 980
705716262 806902521 155399468 735222785 978378568 881536740
3876097 4550531 3957254 7071058 9175809 6757168
749795703 668217829 880704246 617807130 844039623 257065252
9170045 6991413 224665 3873782 742545 1329606
968 985
607766183 636713600 147408393 802725433 884190617 236277705
783201622 22472503 327367027 127933021 745008971 935683362
550927547 502522101 581151568 738033097 218838263 264154756
625130303 46129901 8882939 671515704 342216039 10813657
965 995
958562674 259045094 782382048 378618338 851642245 487951305
865013710 763986461 512193963 137618114 591210683 245714794
627575633 659388389 102471735 858143755 976156272 596071060
677217537 178844187 330586469 260108594 563496847 807076794
963 994
383408518 220589530 503313454 392593156 612220552 465110408
1477694 1819732 966431 8154067 9850280 7991967
817472984 997371945 909122071 35866720 869162499 494512008
1142242 4137984 5413660 8667719 6827278 7609313
963 958
255640332 464364918 398749184 222836820 706609402 695327627
933464494 373563446 904734066 258310790 4049937 473036428
263395019 804925854 603623506 76345951 85468201 560431125
318347348 910049829 889137300 861989835 226557308 779451389
971 985
959659011 956450717 594875725 381194722 529211383 883880613
3196402 3819379 2636708 340485 5429086 8882479
533819231 682509727 28089384 855133596 957585717 735109714
2805752 4888586 4470225 4859764 8526192 9678123
1000 1000
10 20 1 0 9 100005
10 10 0 0 9 100005
12345 54321 2 3 4 10243
3 10 7 9 4 17
951 958
902350802 11656530 797797672 194605896 488669531 473940557
823672872 55371875 861160579 31698730 308509144 581398996
151414632 738136486 566950592 430899786 301987484 721548604
966521055 8596507 632770397 622432298 373808152 974297736
970 965
327182012 26924119 860296029 67812500 688935977 643018575
3557562 9307228 8933310 5518909 1794227 5179127
183918728 83959983 136125297 20212922 233188448 295234732
2489835 9955771 2687903 3520865 2595585 4812501
963 958
37491079 147806853 19683950 630077218 857231000 57036656
588639316 518115805 808860516 886011994 377876139 895166079
862343504 725286091 746086941 877906071 588354136 682728128
749139179 769569861 60348794 870360533 393924176 853520568
980 984
430930269 21836824 100543540 862768308 193993958 380543147
106218004 499880081 606234763 1733806 738186028 776368425
41713949 957987789 313439300 622694346 84146883 570072437
608971813 505210153 820310717 459146897 110744087 769608014
1000 1000
188671750 5708577 297641350 284844711 574271738 118086714
824593863 763707677 57007738 574732177 589541644 542020106
860061359 450568462 0 0 112453428 80242274
816084777 297218673 543278702 987023758 336783214 821418020
964 963
82045055 104836453 910014905 232766517 250833696 658357569
20817064 661129608 688197503 241634639 714541399 299005136
363494002 478174989 113109314 80198126 104784410 430677877
516958263 915400020 634565887 271258746 881927893 335364257
993 995
584785330 611539294 479790927 411741238 501623537 330206382
410127215 498999649 499911663 557958508 360098049 781264187
405590327 172532857 231798508 998639233 114027150 244143543
931852623 753387093 157379456 846296642 298818491 364739629
965 959
957956758 258377528 544854946 914102648 387005409 884873096
9049330 5258200 7189795 3867882 6462367 5915650
147664863 149545716 867873741 812656076 607590285 837299373
1482488 2396122 9506940 8682646 2320234 8090508
993 987
268568557 19338824 134346705 324057840 477316745 80127570
317581330 313631660 131053601 809331162 880127717 254217531
895167868 371679646 788346092 85839885 956199918 206442909
524336747 371168597 16753498 963742536 559373272 630503686
984 956
405733773 66418235 649630454 86692136 877656468 411060761
4330916 275972 4999430 5172426 9455755 9166175
21452704 992053772 684404417 92809846 876358087 373066706
6220780 4115299 4956389 844291 2227332 5526035
954 976
121034953 792309639 354183570 685661582 442502970 686013631
234248161 148524807 836231183 94598809 665327047 521953452
947068614 453908718 503395952 117537630 44313495 426433027
640236328 695289975 407866687 671082215 351467424 139632802
968 960
575253465 19177265 554836983 348252775 450803778 535233574
959397995 382958903 836085436 103017285 646982963 401665450
128073253 9262426 240963017 375778342 45853796 755598254
372066822 605565020 645560076 342609485 745007103 316145918
971 977
5746 7119 117 5665 1372 2466
9516 4034 5273 2596 6221 2073
7338 662 7679 5339 4570 9842
4841 8211 9923 4647 9493 4820
993 979
916472051 983271047 538497767 428388451 343737269 469497227
994212699 300879642 170822867 241512010 35202910 781529890
993633046 449179040 170585125 400096925 308633932 374467437
346656293 114282006 550125023 914142947 306141268 662775624
954 994
725576439 524569740 593125229 597185222 914322263 872072258
382156342 915764288 487769646 529709386 489999787 608121523
238007249 38605717 436454838 746779930 368098578 976729579
296157650 824211623 614908608 718794017 338846732 971003240
965 983
351376716 844452457 575660456 114707811 785742778 293926327
828713292 314349883 120877519 933068782 898083273 774869795
248610397 647202599 795246122 375864112 620874119 573291856
847526563 363782247 297930750 394477389 795168995 414861420
993 974
477219711 794272607 982385929 66375684 367223597 480771425
7762509 1851052 5069512 7780847 6533149 1242609
579794422 330293535 676631592 84991474 692367023 322087974
7426726 6421716 403189 2940642 7197782 1674694
966 960
355402710 490477452 740673548 166253209 824149561 604075576
453225021 785238639 567478304 318494855 956192392 883610804
567960111 333346192 113765195 499673719 162041406 776715895
541443461 291211848 199927864 747809283 863171278 461882605
954 970
89018639 437820027 416781198 289676236 350248121 507073422
9710118 9826450 3827965 2651188 5517058 6843278
543837148 659469616 482412452 160561301 555131354 940869045
1992363 6985337 2744582 106200 4355281 2551219
951 986
630928032 540004742 919774776 762584607 698673805 999059898
3040139 9856155 9897748 3717259 2681107 7631979
621388061 656579441 838079552 144821434 613116209 115437264
48621 1133517 250086 3594631 9577989 4109352
953 977
312048676 813260701 544741334 58204870 978519336 606821708
445684480 703468365 198724456 211033718 895156393 75185566
213769136 805117986 933611151 94703786 637063256 555926271
895282573 738667839 781313526 48339828 19500555 823075039
962 962
920084562 507862689 638275158 712188309 306074307 865144507
748558 2532735 5630306 796656 1879611 7336091
145454489 403327141 526669346 354346762 678811062 588189331
7338438 1981995 9034544 2518420 1624348 8103212
996 956
946354182 806929234 291814800 285954555 281904059 715913684
9932497 2107485 303582 2827879 6847430 3469434
895206944 619416896 390685404 513913278 84503010 489316248
8570308 6215892 5198220 9261315 3486932 789851
974 961
656771112 877858581 989717375 978326731 419584717 144368385
7361478 2252925 2340644 7232199 4866460 2792374
940776233 465737108 812437753 305070372 21702963 472112320
5708789 5175175 5803483 5779386 2589667 3541425
957 993
42473255 397885915 301653200 745747519 510359756 590313971
447316107 705179779 545840870 444478656 844457006 400307326
456123749 37932186 135274385 164236553 800597521 51009296
669965905 707484881 888668872 489853224 183205232 262029429
989 963
152571593 113850261 857458087 332292979 464850578 539576403
95527921 152556910 169131369 716555319 779459895 213754650
232500151 213890295 581919301 334210938 809974144 164048867
790658498 291860380 715364771 444863289 839657005 866327469
950 963
560355581 12124464 532384801 472917440 859520886 961506388
8604315 829323 2132027 8121332 4377752 4247890
162564713 58752341 36568966 10666219 853804410 848004441
1330092 2756320 7158461 7185711 7053321 4218439
974 992
8870 6062 614 2794 3673 6797
8472 8448 4961 1865 636 3608
7165 4629 8877 3941 8463 8877
2187 2165 1790 5301 3015 8733
974 974
667091717 878952060 91310345 701039740 859007421 850314995
559769549 703677535 774823842 651173385 864230684 993843431
840742969 8890978 982077442 438354969 894799402 781686162
563587925 669406436 781198732 357503765 378827136 370546488
1000 1000
1000000 2000000 1 0 999999 1000000000
500000 501000 1 0 1999 1853081
50216 514 7 445 6737 998500201
36336 33663 63 36 33 1787783
994 955
43783493 778475196 995063924 213846442 967693047 480658854
1852366 7537088 4610002 9174165 3433311 7225897
611057319 102038433 154510369 233106920 59517894 359130596
2288890 2234533 667139 7383114 6959536 7275521
2 1000
99999 1 0 0 0 999
99998 2 0 0 0 999
1 2 3 4 5 131071
2 3 4 5 6 262145
985 973
630701235 878736946 85144803 74807877 754020757 860958171
6561852 160448 2322050 2285040 5814757 8686710
402542332 700216941 166854714 877256688 600219677 533038471
9951994 4767343 516164 3029076 6908291 1008955
978 955
8231 9634 1807 863 4573 7506
4880 1186 6392 4470 1686 4678
2160 288 8903 4750 1389 9686
8695 548 4926 7617 7179 5850
962 969
264594389 654760813 533121576 71189629 807083896 138386947
6455427 2504240 2014953 3512797 3338300 2103972
324132569 310683365 346476510 609527015 98097563 388486715
791920 7531035 5244383 2524779 5950866 2869941
980 973
8913 4365 3892 2438 1899 6693
1544 1013 8663 8819 9766 2216
975 52 16 6275 2172 8856
5103 9120 3666 1446 6369 846
965 999
135993960 184620257 84812580 876414654 334312885 294284442
6331159 4322041 7001687 9411183 6427083 8185962
360897457 320916048 188345540 610685870 400325362 191796415
56951 5331904 2527187 6474403 7965838 1422299
954 996
2392 938 2052 4679 6840 6279
42 96 20 96 40 77
4412 745 7403 1953 5138 9750
96 51 1 99 1 34
990 978
306588669 694309928 181075866 470005822 917591191 2911795
752337106 982403199 514105967 927652990 743905138 419294487
760783389 263325049 88938463 885020963 171683624 943900516
796966757 38865864 317971824 669145583 653769168 185390194
975 957
636519960 69914013 676394940 336524190 153115924 233072585
9349226 5275606 9474757 4276030 6029941 9837682
150808633 389970149 803600846 219414066 847010928 297174221
7312424 2468214 8465975 1738091 5568344 9677290
973 976
273053394 295417088 565128268 589819459 992826383 818620882
874169800 216009305 869706300 869371438 596401440 743026786
7101397 580216166 708881738 849547617 174558640 968251102
532001593 935781358 360796933 275440044 707916986 911890454
966 996
89382903 721128910 355517306 575026277 756286190 785025627
220767685 971144892 865428909 406459185 211698300 25944485
622621516 940814014 808362937 477016375 160198463 950260623
974740937 434050162 716225250 967676925 68123423 965096647
955 996
173468813 258274080 322278801 636040673 859525991 831158591
666247773 416075487 167478226 760497203 864765223 275123895
339007302 594973130 391631506 828756655 657886672 557254084
247106345 727889759 401880675 205416715 157659765 203346672
956 973
421624449 104194577 564628476 232545161 149539379 860945897
832629370 508167719 57140065 559570487 678631208 297984437
439666898 579550168 384747268 284889197 190224973 940652114
259948862 325243315 770019837 592458896 557406410 646962119
988 971
6122 1575 430 4464 234 5607
5265 3512 3571 749 3266 6497
7261 250 1063 886 6816 4526
2381 5878 6340 1071 4354 5117
952 993
249402124 366496276 503880670 986865864 212735683 680298097
881703583 793615856 936750792 352930687 721522060 3462524
892018527 48563199 547409002 691755273 773129266 882278492
970520299 92563193 564002773 648271782 278643121 952820711
1000 1000
1 2 1 0 0 1001
1000 999 1 0 998 1000
1 2 1 0 0 1001
1001 1001 0 0 1000 1001
967 978
6760 1309 8660 8719 6377 2662
319 7632 9001 3321 3834 9570
837 5603 3873 2863 7433 8797
9435 3774 2131 829 2131 5725
999 953
191161795 941570558 707430329 276205475 274020415 882547774
362285115 675008412 351623903 127481050 344396070 965575823
869841227 180045394 879408582 123344581 538536974 659482531
927727536 504358990 23403353 352697602 503871463 204888193
994 959
793467990 921587156 892590564 600281683 847961485 756365655
7582398 6058127 5933916 5598648 2188219 8613905
987579799 666736101 912258919 273231361 264244691 942268092
796305 4356341 4989638 7303391 4362714 4131186
973 980
360865517 522795747 586408877 332419534 620022953 122572577
4422193 9834881 3600946 7432545 3217040 8490555
786258663 484535261 281304846 528112298 965375848 290151574
7302050 9735301 7709815 6781018 3758740 8107373
957 976
318276827 824905399 364647037 692532285 154814630 974463001
500402361 371641503 565327583 472883628 206203893 204698606
10676985 604106255 376880862 949148779 41290777 741121172
644912128 226362218 560232542 729241443 293954551 546711098
986 984
7616 2058 5289 9154 4426 5547
1264 6464 1502 4817 5324 9824
7228 3616 945 6136 4272 9234
2729 5148 9808 4469 2412 9606
953 977
897789697 269181956 80954671 306978164 12241499 915252257
484767 9761355 3575363 8858779 6664642 3599242
643019900 115875824 380958881 967455451 365276461 853494574
1782872 8124006 2379695 6410195 449143 6255030
952 962
625287295 473026222 751750321 881609688 399148032 118163493
9536271 6652509 9765643 5245936 4274278 1733504
715990719 259695294 250844618 590580661 625662718 196794329
548099 3872934 6177217 1898932 1124612 4112463
968 956
3769 3312 8631 4970 8199 2197
5506 348 9074 8901 5322 9544
1724 1042 2285 2513 2034 3239
9908 6083 9728 5890 5592 4703
1000 978
536890542 850036298 167068940 802509606 628519040 355876004
431024703 598920068 823190869 626867143 781480255 977385816
640827328 375249139 332862118 957567511 623097503 480737369
937940938 292584951 75377729 361279298 463506806 349592422
987 963
4771 2518 1777 6904 472 9464
218 4787 6289 1197 7239 3155
2416 5800 1491 9590 1627 7386
5605 5463 4500 9104 1107 815
968 968
629376907 572173019 21647206 235048842 911990982 451704714
6034460 877372 5540347 3951567 3845055 5034123
12944002 339459265 470992804 345011252 327878963 143564846
4784184 2905167 4464730 5861614 9934795 1145612
991 999
669248691 675741841 557154741 978257109 705549202 600476798
785243051 729206919 447464835 369501847 526739914 887781946
55374894 690359048 551318150 887351822 856351127 481615010
684884598 614962088 803936442 18604279 910121790 800363547
969 993
273181361 263778361 655937017 818664395 670441472 164367308
942142565 628190789 919800269 349322455 790365448 323538276
301269310 657629722 177940030 178124577 596958185 193445082
940484730 269098022 639192250 520880037 252920150 43337844
970 997
746885179 466590095 456176255 22920451 921393131 842996116
8479132 1827940 702804 5771049 3021019 3567717
819121290 38254197 572102710 528702582 390901850 441595813
8115124 2465314 2946713 1121661 5969239 2132243
974 960
903724268 209513845 30506994 919460373 753043615 330488841
27027765 123293814 344544133 249165260 78949088 204132065
963012445 119621620 765434551 181751106 292401841 673973009
355842828 470721007 143289507 892176128 506583140 257474897
1000 1000
97757432 84110822 628897545 693463948 957914468 825089773
763685683 864317279 879535309 735020961 839663565 817816847
97757432 84110822 628897545 693463948 957914468 825089773
486279783 481768911 418706674 945199424 556237449 966152713
975 957
552078465 336956539 673969407 864544888 555573752 13556887
284213451 52727142 93089108 607738285 772905751 737457372
780407267 388333565 515067250 835033357 394768400 946011883
901911026 325122253 487654404 161472279 345063937 792594338
974 972
28059352 356349122 179311039 311840296 190115236 237967806
171744822 421461414 652233773 191722278 888333953 960371220
954118 64760394 130463935 721918892 294158434 626013464
981616286 870311452 466368134 657158807 891943613 939554504
988 994
247455450 994021727 649416948 178356213 312293373 805848169
9520261 7378011 9677550 2676427 3688768 7706999
983235299 770030542 805634270 604092988 30003973 803297619
155861 2067724 2895370 2283247 6440759 2201988
982 989
723290075 66785705 98527148 354273217 147859141 712783145
2939672 9470129 4465705 4812776 1367276 269752
411155886 677759847 434951406 424276844 115819537 89723475
3156666 6512285 799602 1099624 1258402 3938409
980 983
841757884 780860550 353290786 581921418 637369047 547557848
574012909 69732757 312520259 805483052 796720111 651760837
838817311 26826418 262455951 188954558 763123380 99235438
745759803 806233376 689778483 667028022 72343969 229161686
961 952
226091558 192856101 546627988 129061166 708938988 348730087
3966431 9093686 6975252 3279738 3862430 7970319
334868222 943698694 112250884 811438021 943222518 605764823
8101940 270522 6003189 1741397 8919695 9375143
