100
1 10
N
1 1
1 1
1 1
1 1
1 1
1 1
1 1
1 1
1 1
1 1
19 7
UUIFOXPFCFOQAWRYBZJ
15 15
4 17
9 17
13 15
2 14
6 6
4 10
3 4
PQG
2 2
3 3
2 3
1 2
10 7
VUPINJPRLA
7 7
3 10
2 10
3 9
8 10
10 10
6 6
1 14
A
1 1
1 1
1 1
1 1
1 1
1 1
1 1
1 1
1 1
1 1
1 1
1 1
1 1
1 1
16 16
PWXZKIUNSWUEZUXQ
10 10
9 12
4 4
15 16
3 16
11 11
2 15
3 5
3 9
7 13
13 13
14 16
8 11
7 12
3 11
7 7
19 18
PPYCBBJBSQPODTGQTQY
12 12
5 11
7 16
3 8
12 15
6 6
8 14
9 16
3 18
6 9
16 16
2 9
4 10
7 11
13 19
7 7
12 14
12 18
7 18
BTPSCWN
7 7
3 3
3 6
3 4
3 4
3 3
1 5
1 4
3 5
4 7
2 2
1 4
2 4
5 7
1 3
1 1
2 6
1 6
3 11
YTR
3 3
1 2
1 1
3 3
2 3
2 2
1 1
1 2
2 2
2 3
1 1
16 19
IDZMKANWSRVZNFNB
5 5
3 4
8 16
4 11
12 15
6 6
3 7
5 6
2 16
5 9
3 3
6 10
8 9
6 11
7 10
10 10
2 10
7 12
4 16
13 2
GRMHKTMKKJREF
7 7
4 10
20 20
QIPDOUVEHWVBFHBLLZZT
1 20
1 19
2 20
1 18
2 19
3 20
1 17
2 18
3 19
4 20
1 16
2 17
3 18
4 19
5 20
1 15
2 16
3 17
4 18
5 19
12 5
RETZIIKJSIVV
3 3
2 6
5 12
5 8
2 3
20 8
JHYTNMJBUUZCYEDEAWVU
10 10
5 12
8 15
7 20
3 19
18 18
6 11
8 12
12 2
PAPZIERVYRZF
12 12
10 10
13 19
DTJMEYQWSMVTY
10 10
7 12
3 4
3 5
4 8
4 4
2 11
3 11
1 12
4 7
3 3
2 9
3 5
4 6
2 10
3 3
9 13
2 13
2 9
1 7
X
1 1
1 1
1 1
1 1
1 1
1 1
1 1
12 13
ZKHIITYZYWHK
4 4
3 12
4 7
7 11
2 10
12 12
4 8
1 9
2 8
1 3
12 12
5 7
2 7
9 8
QALBIZUYO
5 5
3 6
1 6
4 9
6 9
8 8
9 9
3 5
20 11
MPVHKEOCYEIPHBKEUZSL
8 8
2 12
3 15
7 10
7 15
3 3
11 12
1 15
4 14
4 6
1 1
18 9
AMPXGNSXSEORKIYECW
13 13
7 7
15 18
6 15
2 4
3 3
3 7
2 5
2 16
18 19
QOENKMQBKBVKQICNEL
1 1
1 10
4 18
14 16
9 17
10 10
15 18
13 16
8 17
1 12
8 8
6 12
14 17
6 17
6 15
4 4
6 11
13 17
1 5
19 18
OOQJOAYCCLDFBDGUGQH
11 11
6 12
5 10
3 4
3 10
17 17
2 11
14 19
11 14
5 7
16 16
1 10
5 11
2 6
15 16
10 10
10 16
14 19
15 19
GNXLKKCFZFRGKEK
15 15
10 13
2 11
12 13
11 12
6 6
3 15
8 10
8 10
5 15
6 6
10 13
11 14
12 15
4 10
6 6
12 15
5 5
3 8
2 16
VO
1 1
1 2
1 2
1 1
1 2
2 2
1 1
1 1
1 2
1 1
1 1
1 1
1 2
1 1
1 2
1 1
20 20
YYYYYYYYYYYYYYYYYYYY
1 20
1 19
2 20
1 18
2 19
3 20
1 17
2 18
3 19
4 20
1 16
2 17
3 18
4 19
5 20
1 15
2 16
3 17
4 18
5 19
16 1
FCNNUFUWUNNAAREY
13 13
6 13
UFWODO
1 1
2 4
3 5
1 2
6 6
4 4
3 5
2 5
4 6
2 6
1 1
3 6
2 6
10 20
ADGDIHVDEW
2 2
2 5
1 8
4 5
3 4
5 5
8 8
6 6
7 10
2 2
6 6
1 8
1 4
2 4
4 5
5 5
10 10
2 4
3 4
1 4
11 18
CRSPBKXCVOC
5 5
7 11
3 4
5 10
5 6
7 7
1 11
6 10
2 4
2 9
2 2
1 6
6 11
9 11
2 6
1 1
7 8
6 10
13 16
RIQODPYMNFRJA
10 10
3 10
3 11
10 11
5 5
12 12
6 8
4 11
5 12
4 7
13 13
3 4
4 10
8 13
7 7
5 5
15 16
WTVRCCZNDEKKHXA
3 3
7 13
10 14
2 7
2 10
15 15
9 14
3 13
8 12
6 12
11 11
3 10
5 15
1 5
13 15
7 7
20 20
PZSAPIEFKPYREUYVQTDF
1 20
1 19
2 20
1 18
2 19
3 20
1 17
2 18
3 19
4 20
1 16
2 17
3 18
4 19
5 20
1 15
2 16
3 17
4 18
5 19
14 20
KOIVJHDTJDMNXR
5 5
4 10
10 11
9 14
2 7
10 10
11 12
2 8
5 8
4 7
7 7
3 7
7 11
4 14
11 13
12 12
1 6
4 6
2 12
1 7
10 10
PNUOZUIFBQ
5 5
4 8
3 6
3 10
2 10
7 7
5 8
2 7
3 5
5 9
20 20
LZURRBSKDFTVQNGIGMQU
10 16
14 19
14 16
2 19
1 20
10 10
13 19
8 14
2 13
8 16
2 9
8 15
9 20
1 2
1 4
11 16
12 17
17 20
11 13
18 19
12 20
XCVNOOUZVCIF
2 2
6 11
9 11
3 10
10 11
4 4
3 11
5 10
5 7
5 12
9 9
8 11
6 8
8 10
4 8
2 2
2 6
10 11
5 10
4 5
1 3
S
1 1
1 1
1 1
20 6
OBIHCYMWADMESKRXLANU
2 2
4 19
17 19
15 15
1 5
9 9
8 11
OLPHJHAJ
5 5
5 5
1 3
5 6
5 7
7 7
4 6
1 1
3 6
2 4
6 6
12 8
QAFQFDIMOOBN
1 1
1 3
9 12
3 11
2 9
10 10
6 12
6 8
18 9
CLXKZRPUMXKPRIPHYL
10 10
1 8
1 2
7 18
8 13
2 2
6 7
16 18
2 14
4 4
YQVY
3 3
1 2
4 4
2 3
3 14
IZG
3 3
1 2
2 2
2 2
2 2
1 1
1 2
2 3
2 3
1 2
3 3
1 1
2 3
3 3
18 7
SDIJCSWFPRTLDLHNLY
7 7
8 18
3 11
9 17
13 15
15 15
11 13
16 19
ZEKBBESEQAEYKPRR
7 7
7 10
4 12
2 12
11 13
4 4
3 3
10 16
2 7
7 10
16 16
5 6
5 11
11 11
8 14
11 11
7 16
10 10
11 15
7 10
CPEMQKI
5 5
3 4
4 7
3 6
1 6
4 4
3 5
1 5
1 2
1 4
3 18
XMH
3 3
1 3
2 3
1 3
1 3
2 2
2 2
1 3
3 3
1 3
2 2
1 2
1 2
2 3
1 3
1 1
1 3
2 3
20 20
ABCDEFGHIJKLMNOPQRST
1 20
1 19
2 20
1 18
2 19
3 20
1 17
2 18
3 19
4 20
1 16
2 17
3 18
4 19
5 20
1 15
2 16
3 17
4 18
5 19
13 7
DMUFTAIIMOEAG
13 13
1 6
1 9
1 4
9 10
12 12
6 8
16 19
AGIEYXOAXVIXAYCQ
8 8
5 5
14 15
9 11
11 14
5 5
5 12
3 13
6 11
13 14
13 13
2 10
2 15
4 14
7 15
15 15
6 14
2 7
2 16
13 3
OWSYAZEMJAWRE
12 12
2 6
5 7
2 13
MK
1 1
1 1
1 2
1 2
1 2
2 2
2 2
1 2
1 2
1 2
1 1
1 2
1 2
4 11
AGDY
2 2
1 4
2 4
2 4
2 4
3 3
1 2
3 4
1 2
2 3
2 2
3 19
JCP
2 2
1 1
3 3
3 3
1 3
2 2
1 3
1 1
1 1
1 1
1 1
1 2
2 3
1 1
1 3
2 2
1 1
1 3
3 3
11 2
ENCDAVVKHUJ
9 9
2 7
15 14
GZYSRPDXEWQCHJA
7 7
10 11
1 1
3 9
8 12
11 11
5 12
2 5
1 10
4 9
15 15
9 10
6 7
10 11
9 8
DLKOFLCLW
8 8
6 7
6 6
2 5
1 8
6 6
1 5
2 9
4 9
FZWU
3 3
3 4
1 3
3 3
2 3
3 3
2 4
1 2
1 2
2 18
BP
1 1
1 1
2 2
2 2
1 2
1 1
1 2
1 2
1 2
1 2
2 2
1 2
1 2
1 2
2 2
1 1
2 2
1 2
12 8
EHCITDGXOZDX
12 12
5 7
3 8
3 5
6 10
9 9
2 6
9 10
12 9
YEDSYBXQEVGY
2 2
6 9
5 6
2 4
2 4
12 12
3 8
1 5
9 9
9 19
ATJFKJPRM
8 8
3 5
4 7
7 9
4 5
1 1
6 8
7 8
1 2
6 8
4 4
1 8
4 9
3 7
3 6
8 8
1 5
5 5
1 9
2 15
NN
2 2
1 2
1 1
1 2
1 2
2 2
1 2
2 2
1 2
1 2
1 1
1 2
1 1
1 2
1 2
3 1
EVL
3 3
20 12
FVXHNBWCHPIVFORCFWVV
16 16
2 18
8 13
6 8
17 20
19 19
6 11
3 5
6 9
14 19
14 14
18 20
5 2
WRQUC
5 5
4 5
12 14
FBZXECHNJSTC
9 9
4 4
2 5
3 9
10 11
5 5
4 10
4 9
5 11
8 10
1 1
3 12
1 5
5 6
11 5
ZNXMJVIHBKK
10 10
8 9
6 10
4 10
4 10
20 6
EZGQKEKXSGSXPJECEUIZ
18 18
5 8
12 17
4 8
2 15
17 17
4 5
KPXC
2 2
2 3
1 3
2 3
2 3
9 14
KRWSJPXUA
9 9
1 5
4 6
3 3
3 4
7 7
2 7
3 7
2 5
2 4
8 8
4 7
3 6
2 6
1 4
W
1 1
1 1
1 1
1 1
13 17
XRCIUWOCXCSXD
7 7
9 13
3 10
6 13
3 12
3 3
7 13
5 5
1 12
3 6
7 7
5 5
5 6
8 13
3 9
4 4
6 10
15 14
KSIPXDRXPDAGSPL
15 15
1 13
5 11
1 3
12 13
13 13
4 8
8 11
7 11
12 15
6 6
8 11
1 4
3 4
6 1
AGVJYX
4 4
1 12
V
1 1
1 1
1 1
1 1
1 1
1 1
1 1
1 1
1 1
1 1
1 1
1 1
2 16
VY
2 2
1 1
1 2
1 2
1 2
2 2
1 1
1 2
1 2
1 2
2 2
1 2
1 2
1 1
2 2
1 1
2 5
IA
1 1
2 2
1 1
2 2
1 1
18 19
FHVDZXRVYMZPVBBWSZ
13 13
9 16
2 6
13 14
15 17
1 1
6 9
5 6
3 17
9 14
1 1
2 16
2 17
6 18
11 16
13 13
3 16
10 15
4 16
5 12
NXCSK
5 5
1 4
2 3
3 4
2 2
1 1
4 4
1 3
4 5
1 4
5 5
2 3
14 13
PIEDOPLFNDZYQS
4 4
5 6
2 11
9 14
7 13
5 5
3 4
7 10
5 10
3 10
11 11
10 11
1 4
4 6
NJZL
4 4
1 2
4 4
4 4
1 1
3 3
5 4
BDYHF
3 3
2 3
1 2
1 5
11 19
DENRVLUZJXM
2 2
7 10
1 5
5 9
5 5
4 4
1 6
11 11
2 5
2 11
4 4
7 9
5 6
5 5
1 10
2 2
9 11
4 10
3 10
15 9
HEGHVMLJKHPOJMM
10 10
2 9
7 11
7 8
4 5
9 9
2 14
8 11
1 9
16 5
OJOVCMNONHTXGMES
6 6
1 14
5 9
7 9
3 3
8 19
HYGNKUYO
2 2
1 3
5 7
5 8
5 6
2 2
1 5
1 2
4 7
3 3
8 8
2 2
1 7
2 7
3 8
4 4
2 7
5 8
2 5
7 7
TIUJOJU
2 2
1 6
1 1
5 6
1 2
4 4
1 4
13 18
JEIUXKMNZVZWQ
13 13
7 10
2 11
3 5
3 7
13 13
10 13
7 11
3 13
2 7
4 4
2 3
5 13
4 11
1 11
4 4
5 9
8 12
3 20
HIC
3 3
1 3
3 3
1 1
2 3
2 2
2 3
1 3
2 3
1 2
2 2
3 3
1 3
3 3
1 1
2 2
1 3
1 2
3 3
1 1
15 3
EHALSFVNECCSWZA
13 13
3 4
12 14
20 20
CHIYXEYADBPDYXSDTIRA
19 20
2 12
4 14
13 19
7 10
7 11
16 18
5 20
12 14
1 8
1 19
12 19
12 13
4 10
16 20
11 14
4 19
1 8
2 13
2 7
15 20
VKKKMFYUAXBMKXQ
2 2
4 4
6 9
12 13
2 13
11 11
2 13
13 14
1 11
2 6
14 14
3 14
1 2
6 7
6 10
9 9
1 15
5 9
6 10
3 12
15 5
ZFEMFKPDTMREQHO
14 14
1 12
1 14
3 10
10 10
13 20
KLBEMIEDALYTM
8 8
7 12
2 6
8 13
4 9
7 7
2 13
1 11
7 10
2 11
5 5
7 12
6 12
3 12
1 4
11 11
3 7
6 9
1 12
3 13
8 5
ZRKADXHT
8 8
1 2
7 7
3 7
1 5
11 13
CHHBUKDYGJE
8 8
9 10
2 9
3 6
2 9
8 8
2 3
5 10
1 3
5 8
6 6
10 11
9 9
8 11
ADLXIFZP
6 6
2 2
6 7
4 5
1 3
2 2
2 5
4 6
5 8
3 7
1 1
16 2
BNUHFYQVSMXZUPAG
9 9
12 14
