100
0 1 255 100
49 143 17 173 79 19 33 114 219 201 224 37 187 158 227 109 190 15 174 108 76 131 3 13 13 11 27 84 74 227 183 188 196 70 173 141 32 151 53 78 83 54 135 86 43 46 242 238 34 152 161 139 61 178 180 42 72 194 222 252 33 70 103 41 51 225 133 36 44 181 52 178 85 240 255 46 184 176 221 227 198 248 23 252 220 109 7 53 75 157 33 16 133 125 164 212 186 195 74 229
1 0 1 100
203 136 148 44 57 181 15 13 96 59 187 75 54 51 40 141 60 206 110 58 98 81 218 129 14 192 17 184 198 13 58 40 53 143 44 64 241 56 158 186 221 228 92 86 13 244 208 5 173 120 84 67 118 45 2 39 240 214 160 145 106 171 66 30 188 103 128 146 36 26 107 95 121 25 90 222 98 209 70 204 124 108 56 164 100 64 241 112 146 1 89 107 85 172 100 11 70 49 33 223
1 0 0 50
17 17 17 17 17 17 17 17 17 17 17 17 17 17 17 17 17 17 17 17 17 17 17 17 17 17 17 17 17 17 17 17 17 17 17 17 17 17 17 17 17 17 17 17 17 17 17 17 17 17
2 0 0 51
205 103 176 215 123 155 81 144 154 81 161 233 167 86 138 57 200 110 78 148 102 112 213 9 248 230 194 71 74 67 60 100 42 219 90 94 45 215 66 76 173 14 112 129 53 142 35 174 235 225 129
2 0 0 67
108 161 218 81 159 77 67 136 213 192 180 10 1 105 141 163 249 170 44 211 128 118 179 89 41 42 202 1 114 194 32 237 255 76 75 155 30 1 39 10 180 42 150 98 152 62 95 75 196 253 37 127 10 237 42 187 240 5 59 236 236 83 150 173 234 174 234
2 0 0 63
220 188 127 94 169 144 28 94 53 233 26 228 56 26 7 232 78 232 139 25 33 10 84 10 116 10 152 252 99 103 204 31 124 147 10 216 60 213 44 226 124 183 151 237 8 241 137 118 3 25 3 204 13 43 45 15 48 116 174 26 116 127 34
1 0 0 91
0 1 2 3 4 5 6 7 8 9 0 1 2 3 4 5 6 7 8 9 0 1 2 3 4 5 6 7 8 9 0 1 2 3 4 5 6 7 8 9 0 1 2 3 4 5 6 7 8 9 0 1 2 3 4 5 6 7 8 9 0 1 2 3 4 5 6 7 8 9 0 1 2 3 4 5 6 7 8 9 0 1 2 3 4 5 6 7 8 9 0
1 0 0 60
14 13 14 14 12 12 13 12 12 13 12 14 14 14 13 14 12 12 13 12 12 13 13 14 12 14 12 12 12 14 13 12 12 12 14 13 12 13 13 14 12 13 14 14 14 14 13 12 13 12 13 14 14 13 12 12 12 13 12 13
1 0 0 80
106 105 102 102 104 106 108 103 106 107 104 101 103 107 108 106 105 104 100 104 100 107 102 103 102 101 108 107 107 108 101 106 101 108 103 103 104 102 103 105 100 108 102 106 100 100 108 108 103 105 106 108 104 103 100 103 100 104 105 101 104 107 100 107 108 105 105 108 102 106 102 100 107 108 108 106 104 100 106 106
255 0 0 9
147 104 223 248 33 94 152 18 68
255 0 0 8
111 200 184 129 41 171 143 44
255 0 0 9
154 172 154 123 152 43 246 48 2
255 0 0 9
20 0 189 232 146 182 180 50 49
255 0 0 10
89 4 54 113 193 50 98 185 50 111
255 0 0 8
7 158 75 226 242 123 72 222
255 255 255 49
255 0 255 0 255 0 255 0 255 0 255 0 255 0 255 0 255 0 255 0 255 0 255 0 255 0 255 0 255 0 255 0 255 0 255 0 255 0 255 0 255 0 255 0 255 0 255 0 255
2 2 254 49
255 0 255 0 255 0 255 0 255 0 255 0 255 0 255 0 255 0 255 0 255 0 255 0 255 0 255 0 255 0 255 0 255 0 255 0 255 0 255 0 255 0 255 0 255 0 255 0 255
255 1 3 49
255 0 255 0 255 0 255 0 255 0 255 0 255 0 255 0 255 0 255 0 255 0 255 0 255 0 255 0 255 0 255 0 255 0 255 0 255 0 255 0 255 0 255 0 255 0 255 0 255
255 1 1 49
255 0 255 0 255 0 255 0 255 0 255 0 255 0 255 0 255 0 255 0 255 0 255 0 255 0 255 0 255 0 255 0 255 0 255 0 255 0 255 0 255 0 255 0 255 0 255 0 255
50 1 1 99
50 100 100 100 100 100 100 100 100 100 100 100 100 100 100 100 100 100 100 100 100 100 100 100 100 100 100 100 100 100 100 100 100 100 100 100 100 100 100 100 100 100 100 100 100 100 100 100 100 100 100 100 100 100 100 100 100 100 100 100 100 100 100 100 100 100 100 100 100 100 100 100 100 100 100 100 100 100 100 100 100 100 100 100 100 100 100 100 100 100 100 100 100 100 100 100 100 100 100
48 1 1 99
50 100 100 100 100 100 100 100 100 100 100 100 100 100 100 100 100 100 100 100 100 100 100 100 100 100 100 100 100 100 100 100 100 100 100 100 100 100 100 100 100 100 100 100 100 100 100 100 100 100 100 100 100 100 100 100 100 100 100 100 100 100 100 100 100 100 100 100 100 100 100 100 100 100 100 100 100 100 100 100 100 100 100 100 100 100 100 100 100 100 100 100 100 100 100 100 100 100 100
50 1 1 99
100 100 100 100 100 100 100 100 100 100 100 100 100 100 100 100 100 100 100 100 100 100 100 100 100 100 100 100 100 100 100 100 100 100 100 100 100 100 100 50 100 100 100 100 100 100 100 100 100 100 100 100 100 100 100 100 100 100 100 100 100 100 100 100 100 100 100 100 100 100 100 100 100 100 100 100 100 100 100 100 100 100 100 100 100 100 100 100 100 100 100 100 100 100 100 100 100 100 100
48 1 1 99
100 100 100 100 100 100 100 100 100 100 100 100 100 100 100 100 100 100 100 100 100 100 100 100 100 100 100 100 100 100 100 100 100 100 100 100 100 100 100 50 100 100 100 100 100 100 100 100 100 100 100 100 100 100 100 100 100 100 100 100 100 100 100 100 100 100 100 100 100 100 100 100 100 100 100 100 100 100 100 100 100 100 100 100 100 100 100 100 100 100 100 100 100 100 100 100 100 100 100
35 25 20 100
96 67 49 100 32 33 61 106 9 109 141 105 133 128 71 123 82 82 119 2 35 63 131 136 75 58 40 60 132 98 63 131 49 22 112 113 138 67 32 130 65 63 81 102 142 129 70 67 89 57 27 115 4 76 2 0 96 39 124 51 116 101 80 13 134 12 26 10 10 98 120 95 101 124 51 60 27 59 85 132 44 141 95 107 112 29 49 100 83 7 76 16 36 115 70 55 22 48 78 4
94 8 13 99
45 30 29 0 11 66 27 79 48 92 58 70 74 55 58 17 93 13 49 48 71 91 0 11 85 0 20 41 57 88 69 88 58 40 66 34 9 35 86 3 14 59 77 42 29 6 80 24 1 90 50 90 69 14 48 71 12 86 27 8 84 79 23 72 76 83 60 72 16 79 6 84 20 48 47 89 87 63 72 54 57 27 59 57 93 84 6 10 36 79 62 11 53 29 76 13 21 16 60
5 8 6 100
17 5 9 16 4 13 5 9 7 15 1 10 13 4 6 14 5 17 10 2 1 2 6 17 10 7 3 16 8 6 13 6 8 16 9 13 8 16 4 1 5 14 8 1 4 3 8 9 3 7 7 16 8 17 5 3 3 7 9 13 4 4 13 7 16 14 8 16 13 4 4 1 1 17 16 12 10 7 15 5 17 2 3 11 9 12 0 11 6 5 11 1 13 0 12 8 4 17 16 8
255 36 39 100
1 63 111 180 163 183 149 149 7 183 154 67 51 108 128 8 122 27 95 86 42 99 148 125 52 103 17 123 200 137 84 215 13 48 118 102 85 159 204 66 130 130 114 175 113 42 192 210 126 97 191 164 155 64 14 149 57 70 110 129 114 32 34 63 214 38 213 0 74 199 192 86 203 40 66 114 152 7 109 63 190 32 3 199 141 13 61 188 83 43 202 159 163 7 60 172 102 58 134 77
113 4 2 100
144 48 128 149 10 24 102 138 39 151 150 50 120 100 24 76 93 124 74 125 60 23 28 107 151 28 127 109 47 102 147 104 145 9 78 19 15 40 74 102 93 90 89 45 34 62 82 110 129 126 118 65 51 145 38 37 12 87 106 103 154 127 120 122 0 99 46 70 161 42 118 97 109 138 55 104 73 112 109 48 58 110 103 78 78 104 105 36 93 90 46 138 10 38 135 75 61 46 64 47
138 211 106 99
44 68 55 43 56 34 51 53 95 70 92 107 14 109 61 38 110 92 45 66 91 5 76 83 78 51 60 99 110 105 26 41 25 25 102 37 67 105 66 9 11 78 69 101 17 28 5 93 9 56 98 95 45 28 37 15 109 112 78 85 111 108 110 0 46 106 84 36 36 46 50 29 51 81 71 16 75 82 5 95 110 77 32 91 42 18 85 77 106 39 27 70 20 74 30 41 43 11 58
110 23 28 100
57 32 69 21 60 62 54 57 41 44 37 6 19 46 69 22 7 67 15 54 21 70 52 6 59 17 22 44 55 55 17 43 47 68 76 63 6 61 73 64 7 23 71 53 69 14 53 18 55 22 20 74 52 33 22 35 53 56 65 81 56 37 38 45 40 46 15 34 76 22 14 30 48 48 46 68 52 41 73 37 37 30 13 79 12 30 3 38 8 44 21 70 10 41 80 68 6 32 57 18
90 9 9 99
113 154 59 43 177 94 11 118 162 103 70 34 158 137 78 115 139 47 68 43 123 72 38 31 20 34 77 160 45 103 91 31 129 79 98 120 65 132 18 79 131 83 100 148 125 125 68 152 12 96 28 148 47 108 100 123 155 102 98 146 123 105 131 129 122 88 100 109 75 143 115 55 21 153 171 46 3 3 30 32 18 95 80 70 107 119 170 87 39 111 156 38 169 149 49 143 73 158 150
255 1 1 99
115 21 60 100 96 102 31 7 30 34 95 183 164 134 98 159 61 131 176 72 166 146 150 91 122 159 168 24 90 180 164 15 178 164 9 157 155 145 172 140 78 132 108 69 67 72 91 50 87 8 97 97 123 105 169 95 127 157 124 73 128 28 182 62 87 65 108 170 111 176 58 36 114 180 172 14 125 54 68 73 36 2 167 46 9 135 28 131 72 47 53 101 35 118 173 106 66 168 167
42 16 12 100
48 22 0 32 41 33 30 29 18 5 47 3 50 20 6 8 34 0 27 34 3 42 37 13 9 27 38 7 19 49 10 10 11 12 16 49 30 44 33 17 34 5 15 29 0 7 21 7 51 38 43 23 52 40 17 22 38 35 19 30 37 39 51 46 42 14 51 26 23 14 24 40 26 38 17 3 46 22 47 40 0 38 48 5 6 22 28 44 48 48 19 4 25 17 16 34 36 32 48 38
255 32 25 99
76 101 227 235 162 105 22 209 242 245 75 47 193 58 40 75 150 20 95 113 6 76 225 223 87 70 197 120 178 76 187 162 198 148 41 245 248 121 50 14 48 80 68 244 198 117 204 111 53 14 21 137 144 237 53 0 159 192 42 27 70 34 25 84 216 45 226 203 173 84 75 96 176 71 169 130 70 36 99 28 91 117 44 55 134 156 235 26 14 21 175 25 135 26 171 121 39 188 139
101 31 40 99
13 24 54 28 40 49 50 18 17 10 13 67 58 46 10 56 21 3 13 28 25 22 20 12 32 55 31 13 34 31 55 48 8 8 7 65 3 55 63 28 9 29 11 44 1 42 9 3 58 62 56 55 63 2 56 42 28 22 53 58 8 40 27 66 3 39 42 22 65 52 62 35 1 66 52 14 43 56 39 24 41 19 29 37 53 50 20 3 40 40 8 29 17 45 43 26 48 33 47
68 10 13 99
32 21 34 27 23 48 62 5 65 51 45 11 35 61 52 41 50 52 50 72 30 22 39 68 19 14 44 54 55 20 63 41 66 46 48 53 31 9 25 64 5 52 67 45 24 18 51 11 18 14 53 53 61 26 70 32 53 44 22 33 0 72 23 6 15 21 19 15 63 19 42 33 3 37 23 71 64 23 69 31 8 72 58 35 51 39 0 12 66 29 41 11 67 48 26 39 28 49 67
60 0 0 99
21 66 44 35 68 37 10 48 12 17 39 52 0 37 32 32 9 5 4 33 40 20 2 2 30 20 38 52 33 65 38 61 55 35 0 38 40 1 8 69 40 13 49 23 67 58 49 61 61 57 31 47 31 51 65 20 40 12 3 12 66 41 41 0 34 68 65 16 31 8 18 55 30 8 34 54 13 37 46 49 39 22 1 5 58 7 56 38 13 34 38 45 49 2 16 34 70 4 8
240 1 1 99
131 133 76 76 49 118 196 1 3 187 59 79 53 162 199 155 25 63 140 182 138 32 198 111 67 41 199 44 63 117 109 173 178 118 193 107 53 58 3 6 179 71 84 208 209 160 92 2 129 111 204 182 215 85 192 120 102 183 39 103 88 69 200 109 130 121 157 55 158 41 84 184 20 200 80 194 33 146 88 115 162 169 0 170 3 114 58 58 36 44 125 135 10 86 59 11 196 190 163
177 44 49 100
61 1 133 116 43 77 149 16 110 129 55 112 50 38 57 57 35 50 19 130 98 142 84 77 22 141 76 69 26 127 87 89 41 148 82 36 71 92 117 32 53 74 8 0 98 9 49 17 56 14 147 87 131 153 102 144 10 10 131 66 67 5 40 32 114 126 69 154 98 58 113 95 149 142 131 29 0 147 16 111 75 31 94 96 133 74 74 6 131 44 65 43 15 108 76 127 20 8 138 153
65 12 11 100
2 57 66 2 84 15 12 117 22 70 71 45 35 84 41 112 73 89 82 51 88 121 47 1 60 37 121 77 21 91 103 45 38 89 61 110 8 59 10 80 3 92 121 9 123 8 122 57 39 95 81 24 95 72 11 64 106 86 121 113 9 49 119 76 99 123 24 19 51 42 122 103 11 108 97 6 57 49 59 6 6 16 30 57 109 0 17 53 35 17 73 42 49 22 19 114 42 27 90 81
30 0 0 99
9 21 10 3 12 20 10 16 13 16 2 0 16 13 10 6 4 18 18 17 11 11 14 10 13 2 20 6 15 20 9 21 16 15 14 4 19 5 7 10 19 7 20 16 15 19 1 15 19 14 13 0 15 19 2 18 15 0 0 0 0 9 18 7 20 11 19 4 5 21 0 18 18 14 11 8 14 16 0 6 11 6 20 7 14 9 7 18 13 17 15 2 13 1 15 6 19 2 14
140 13 9 99
13 17 11 55 36 54 37 24 27 13 42 64 31 47 66 11 14 25 14 24 52 11 65 7 48 26 37 64 66 66 3 51 49 73 10 0 5 63 61 3 72 43 75 28 55 36 41 5 33 9 43 70 60 68 27 73 35 65 12 74 8 29 20 64 11 19 72 51 57 16 15 7 14 55 55 55 46 43 64 48 72 24 2 48 48 18 28 44 3 28 69 57 29 32 9 12 15 51 40
255 94 86 100
67 44 7 141 146 34 94 159 97 122 91 52 82 113 85 126 138 25 89 39 33 139 97 58 65 51 77 58 15 38 41 17 59 153 104 61 28 109 98 158 99 118 61 131 82 98 27 119 123 55 117 113 113 11 24 74 41 146 42 104 81 86 52 71 68 152 153 51 123 2 98 58 0 25 29 82 155 142 28 2 57 94 124 24 11 59 121 149 141 116 64 117 109 132 76 90 30 127 59 133
183 186 98 100
167 55 52 155 13 4 196 141 36 89 90 39 188 193 60 147 104 57 67 54 28 45 38 26 220 180 94 129 219 140 167 67 84 112 102 161 89 53 186 109 108 70 210 64 154 19 70 21 32 128 219 187 87 146 9 176 50 31 109 34 86 35 122 130 24 0 65 20 11 93 14 98 57 171 177 128 92 175 171 4 170 82 150 214 100 39 92 60 80 114 58 129 94 41 144 127 52 147 118 104
255 32 65 99
182 215 59 139 101 59 40 133 218 21 62 88 220 84 116 65 100 179 186 144 52 193 137 163 162 208 114 157 69 63 59 194 82 217 93 112 4 150 72 183 107 79 215 36 121 108 155 53 8 17 14 126 102 221 213 76 12 201 73 196 134 164 66 20 46 7 215 178 7 38 201 22 6 46 49 178 194 117 223 6 129 44 188 206 94 139 177 50 197 38 130 15 192 52 167 175 46 220 95
73 0 0 100
48 54 8 0 30 12 6 63 69 16 81 81 12 64 79 14 19 50 65 32 55 73 34 5 36 10 52 52 40 19 31 47 12 62 44 49 41 60 42 15 73 46 39 7 19 2 62 27 36 78 25 26 83 5 64 3 22 80 50 56 34 74 31 53 62 70 0 64 82 76 75 57 37 15 84 3 64 57 53 64 43 48 58 74 58 65 73 78 20 36 60 79 73 10 73 25 15 32 77 30
255 65 37 100
84 128 152 6 214 130 168 108 135 149 138 96 155 195 86 224 6 9 186 115 218 152 89 86 35 34 137 187 108 203 66 22 52 181 130 115 191 104 16 231 80 117 111 71 219 88 31 16 10 188 105 98 24 84 158 142 157 177 56 116 6 2 152 38 124 200 182 144 232 9 145 154 156 54 125 107 98 24 39 137 47 93 56 193 114 101 73 21 176 105 64 163 213 227 215 33 9 113 1 193
12 0 0 99
4 9 12 8 2 8 7 8 8 5 6 4 5 12 11 6 7 11 1 0 7 7 6 7 7 0 7 2 2 10 12 9 4 4 0 4 11 5 9 11 4 9 6 11 12 1 5 2 4 0 3 1 10 9 2 5 10 3 12 11 4 10 3 2 10 12 6 8 0 5 4 12 0 7 10 5 7 3 6 8 1 4 12 0 11 10 11 1 11 1 5 6 2 6 7 6 0 4 0
255 19 12 100
49 129 83 220 75 96 48 176 92 89 109 137 159 127 107 76 146 46 219 193 73 12 30 34 10 15 175 3 174 113 123 235 35 56 19 118 184 62 185 86 143 120 81 73 130 57 116 82 97 102 105 141 80 163 100 100 220 113 110 150 154 102 169 151 170 150 239 7 176 13 89 95 217 218 15 36 15 187 39 75 230 152 121 21 110 209 1 70 148 188 154 3 162 141 81 205 113 168 83 219
203 14 8 99
85 35 67 82 202 242 244 175 41 228 85 237 30 16 153 239 204 176 177 62 195 201 195 84 18 197 175 218 105 31 194 146 201 64 68 34 33 187 11 197 85 153 245 152 67 193 51 216 135 199 104 216 199 132 162 132 123 241 175 236 193 127 39 151 196 73 34 240 22 193 141 53 120 223 136 117 156 73 94 49 17 26 74 106 201 128 3 53 164 73 153 30 51 226 165 196 112 36 75
58 74 41 99
74 77 43 7 69 80 0 39 73 5 88 38 47 15 37 15 71 59 10 46 22 9 49 59 21 19 48 77 53 84 69 88 22 65 18 66 55 34 38 62 50 77 90 64 79 40 36 42 10 61 64 1 70 46 14 82 14 69 13 16 54 77 27 76 84 46 78 52 25 17 84 57 2 73 61 42 89 10 34 26 20 52 78 45 15 70 41 23 58 73 85 28 16 32 87 74 74 8 67
42 16 8 99
11 9 26 1 22 7 24 1 23 7 13 10 2 9 9 3 20 7 2 22 16 4 14 23 8 15 21 13 3 6 10 21 10 18 8 5 10 11 2 0 8 24 18 2 13 26 1 0 20 24 5 6 26 24 14 14 22 17 7 1 25 0 4 10 19 20 11 10 23 1 17 23 1 11 10 15 15 23 11 26 26 17 3 15 21 24 10 2 23 7 25 17 25 2 5 22 6 9 24
50 60 41 100
6 16 36 17 42 51 16 16 7 12 22 33 21 26 43 63 40 49 24 19 55 0 3 46 48 51 30 32 21 24 11 54 41 1 38 9 0 28 16 19 0 39 28 21 21 12 36 43 18 58 56 62 25 29 16 41 41 36 29 0 40 36 0 57 24 11 38 28 14 44 22 40 65 58 48 57 10 17 9 62 61 33 63 47 60 27 31 13 64 45 55 53 30 14 55 18 61 15 31 37
255 41 33 100
63 73 153 151 147 37 148 0 45 144 71 74 152 94 11 154 9 151 21 87 84 54 10 149 12 140 15 5 108 68 132 17 93 115 18 0 53 124 0 130 41 35 14 45 106 109 122 16 86 81 19 81 80 130 77 109 31 83 144 142 134 57 107 105 92 134 46 56 108 57 110 31 76 44 85 105 12 124 141 85 3 35 87 137 48 19 28 9 63 115 129 9 28 39 42 75 10 77 103 114
30 8 10 99
35 62 38 96 12 115 64 6 36 78 29 93 69 19 107 117 82 33 12 78 39 109 106 103 107 61 66 5 115 21 13 112 52 14 106 113 42 100 69 45 20 14 93 67 22 66 41 32 71 91 111 48 6 114 66 1 42 110 81 117 36 108 61 112 21 92 103 26 98 67 90 83 68 116 47 108 13 86 10 114 85 26 28 41 47 19 83 23 76 7 13 30 75 68 34 25 36 29 32
255 135 144 100
130 1 202 204 197 30 106 75 73 84 3 68 217 157 151 35 128 148 81 88 140 165 1 188 229 10 62 2 167 24 198 17 83 220 205 232 165 89 214 67 81 21 110 88 133 120 19 45 57 44 126 22 4 122 18 92 175 67 186 58 79 130 51 223 223 223 221 147 104 14 193 178 59 64 3 31 156 80 173 219 146 147 205 166 179 127 192 7 141 128 129 29 221 32 158 126 194 154 140 216
94 30 34 100
48 7 75 9 28 39 67 22 46 44 61 47 66 13 65 64 49 64 32 68 47 31 29 40 17 51 25 44 43 26 34 13 68 24 1 80 43 56 10 39 75 61 17 3 30 64 35 59 8 61 71 15 28 22 80 6 75 61 7 14 53 43 8 76 4 57 13 64 64 50 9 46 72 66 11 8 32 67 78 45 42 1 41 41 1 69 24 33 37 71 79 16 45 39 0 66 63 82 67 26
75 27 35 99
1 81 19 45 80 15 26 91 54 100 14 85 79 95 41 58 90 88 65 76 33 65 120 71 113 101 34 98 84 58 89 45 112 43 110 93 51 99 111 15 122 69 31 50 73 123 61 90 96 94 85 23 47 92 60 118 8 102 18 55 64 9 51 67 71 61 66 81 8 107 76 13 88 18 119 8 86 24 59 51 67 114 111 3 33 57 13 27 79 32 25 108 111 33 118 84 7 63 63
255 5 3 99
86 64 29 168 139 54 15 93 78 21 174 3 122 57 128 45 124 160 80 117 138 156 14 76 69 145 157 85 80 70 6 45 42 121 66 83 46 169 148 154 109 100 131 121 41 131 7 15 32 88 118 60 141 119 51 31 136 101 113 7 59 162 75 164 42 101 116 130 64 4 19 93 40 29 123 99 19 78 137 144 132 6 119 125 134 101 65 4 41 56 37 98 106 146 4 116 77 123 47
127 45 24 100
130 106 49 80 73 106 122 69 58 67 91 95 136 93 46 11 68 99 41 21 14 117 141 6 34 55 25 78 92 119 19 35 29 36 61 56 42 41 27 84 74 132 47 102 79 80 113 82 123 140 33 45 95 111 133 10 52 109 85 116 62 28 28 115 51 60 35 109 128 121 12 33 115 54 59 24 46 103 11 13 127 50 28 80 5 125 3 79 28 141 128 104 3 95 98 11 87 86 43 68
255 49 34 99
134 15 143 36 23 128 147 117 55 40 132 160 148 14 75 161 142 55 162 77 27 70 61 54 74 119 75 146 23 8 49 168 22 44 51 20 100 159 9 150 165 110 150 110 123 72 81 74 10 94 32 77 27 6 170 169 135 121 58 166 137 29 84 58 78 160 106 65 65 156 118 130 157 40 56 83 76 127 77 144 43 152 1 98 39 165 170 98 133 133 30 127 32 142 165 166 115 116 3
218 37 73 100
127 58 115 156 41 40 130 167 49 154 78 64 70 3 125 187 99 195 62 3 88 133 159 197 79 197 71 16 52 42 63 185 49 106 196 47 177 90 97 33 150 183 114 5 150 167 14 14 158 157 24 41 66 132 144 77 151 13 204 141 68 153 96 97 145 146 197 110 56 111 7 179 174 60 5 8 147 194 71 189 113 185 103 2 32 137 76 183 183 143 94 178 144 80 104 204 7 38 128 120
23 0 1 99
7 13 14 26 24 6 29 5 20 17 22 36 30 31 3 8 36 21 17 4 15 33 27 24 8 25 29 11 9 26 15 15 23 3 30 27 26 25 7 19 23 27 37 3 27 33 14 32 4 0 20 33 24 27 13 20 26 35 18 27 22 6 16 25 23 22 12 5 10 31 3 24 19 14 29 14 14 18 2 30 14 21 20 25 17 23 13 36 4 2 1 8 22 37 32 33 8 4 28
165 5 6 100
110 118 2 139 14 63 150 107 119 105 81 60 58 99 9 80 139 65 125 57 3 51 87 122 18 23 45 70 66 1 89 13 89 79 132 38 93 71 86 86 42 29 113 24 149 52 141 54 126 148 52 113 133 66 8 113 7 71 67 45 56 148 57 69 32 13 95 75 66 49 133 110 57 62 46 146 30 112 64 99 100 125 107 49 18 70 5 44 27 65 55 54 121 55 29 122 40 75 116 42
255 25 36 100
133 140 78 4 54 176 102 106 33 198 36 5 169 114 65 104 168 79 70 94 195 170 182 160 36 103 52 128 127 55 182 76 10 31 171 125 133 189 93 172 7 26 11 7 59 0 18 116 28 92 83 154 186 48 37 183 9 63 138 58 198 179 66 66 9 115 164 50 101 175 119 86 39 62 141 79 78 3 114 146 20 27 145 58 119 38 114 94 107 75 104 47 149 113 45 130 10 199 163 44
255 52 88 99
188 67 224 208 132 236 46 80 158 114 129 233 180 146 141 12 99 109 235 234 85 173 42 227 113 196 26 196 187 163 96 194 31 12 136 67 110 79 20 140 67 59 120 157 174 9 110 27 33 34 23 174 18 146 104 79 226 134 126 33 207 104 61 224 26 173 1 85 166 180 78 25 224 156 187 102 206 237 42 214 36 40 7 221 213 232 186 208 149 13 22 209 123 223 235 91 119 102 7
94 145 73 100
27 91 66 3 104 44 94 87 94 34 63 107 86 23 28 58 16 40 34 57 106 89 2 10 53 57 88 86 63 111 2 28 25 45 91 60 109 67 40 33 89 29 9 3 78 93 32 2 73 42 20 104 20 53 57 89 11 93 28 54 84 66 27 20 47 73 6 24 99 74 104 48 28 70 101 73 46 25 41 65 50 29 79 107 20 36 95 105 30 11 91 53 36 15 82 85 47 74 13 18
15 12 7 99
14 2 7 9 19 1 11 9 0 6 17 10 1 2 14 8 4 16 3 17 7 17 4 16 10 4 18 14 15 4 17 5 6 4 4 12 17 6 16 1 7 10 12 3 6 12 17 1 20 5 9 10 1 11 20 15 4 5 5 8 20 13 9 0 5 9 4 3 13 10 7 12 20 13 13 7 3 6 7 17 8 12 15 6 5 5 3 16 12 0 13 17 8 3 12 4 9 10 20
194 5 7 100
178 3 84 153 100 120 19 130 123 85 85 30 88 53 182 160 86 123 107 149 62 157 18 143 30 124 132 82 54 149 110 61 146 32 63 150 39 67 147 100 32 153 145 51 182 97 127 105 125 130 168 172 155 121 177 64 104 110 132 38 30 65 103 119 41 95 15 71 18 10 100 84 157 2 183 24 40 51 156 93 77 165 54 133 9 124 62 4 80 88 162 87 124 47 75 109 128 140 88 130
104 53 30 99
4 33 140 1 11 86 5 132 67 134 76 18 152 138 52 65 91 24 113 67 120 16 136 35 132 117 26 120 28 101 98 132 33 132 93 140 57 37 17 99 64 10 89 41 45 49 55 78 25 34 65 90 104 51 106 111 96 91 74 108 88 134 46 117 63 80 96 19 85 119 103 16 140 103 89 39 107 79 120 118 63 69 95 103 95 27 16 39 139 53 130 132 35 18 59 92 98 151 65
146 0 1 99
15 114 114 25 45 10 77 112 26 79 29 68 100 89 7 38 49 64 64 74 36 54 45 87 85 15 52 29 65 82 51 18 56 76 32 87 90 56 114 3 33 100 79 50 3 91 79 109 56 106 13 18 0 68 29 89 11 23 100 87 43 107 113 116 16 37 79 66 15 47 81 92 43 109 100 69 18 101 79 9 36 54 39 36 85 52 68 64 53 75 0 20 14 7 30 36 99 111 18
255 105 79 99
140 114 36 13 114 43 112 43 78 45 122 139 31 79 79 142 86 80 93 82 14 83 133 122 63 13 9 6 139 61 13 114 94 51 63 10 10 43 136 36 93 83 111 103 20 121 77 39 33 28 38 131 99 130 139 66 85 103 77 118 17 26 64 68 22 40 23 0 121 37 87 21 119 4 84 92 14 33 7 49 104 27 2 65 105 73 10 87 47 0 40 113 27 123 91 92 36 133 51
131 5 3 99
243 19 172 120 49 214 49 189 131 185 90 80 170 146 157 125 171 131 146 7 238 125 39 25 90 217 69 168 68 4 192 68 222 111 237 34 58 123 234 111 231 149 228 0 108 83 49 56 230 92 239 165 54 166 209 65 200 201 223 165 62 158 28 214 218 180 111 81 62 38 123 74 168 152 71 151 159 113 229 145 13 95 209 57 92 144 78 160 190 38 77 14 85 4 192 55 114 159 241
21 6 5 100
12 23 6 13 14 17 15 2 14 19 17 20 12 5 5 10 21 18 11 5 20 4 20 5 15 16 9 8 19 16 18 2 1 0 7 0 2 21 3 23 16 3 21 8 7 8 12 1 22 4 20 6 22 10 2 22 10 18 15 6 5 21 11 9 4 14 0 15 14 19 9 21 23 23 18 12 5 19 7 13 18 15 23 7 6 7 6 8 16 17 21 16 1 15 11 8 20 2 6 22
209 2 4 99
211 208 139 88 27 113 228 2 73 61 33 238 23 182 173 135 151 43 38 174 17 124 124 20 237 95 123 180 212 79 11 109 191 176 60 226 230 215 161 191 108 244 23 248 116 59 27 239 85 233 145 95 92 44 229 163 216 95 157 157 139 154 97 209 241 149 122 148 56 172 223 4 104 27 1 77 197 148 153 246 28 181 163 134 231 204 230 16 171 224 54 222 139 125 109 91 81 216 131
117 9 6 99
63 18 32 27 56 25 17 25 41 43 56 12 26 58 55 5 32 34 30 37 22 0 32 11 27 5 63 28 38 27 51 13 33 10 24 58 10 37 1 13 3 47 50 49 11 30 62 7 2 9 40 11 54 51 15 54 63 50 3 12 28 15 52 52 26 5 9 48 56 12 28 53 19 51 33 58 35 52 43 45 53 32 39 25 40 18 22 0 1 14 15 29 24 39 40 4 15 4 31
16 1 2 100
13 14 2 5 23 15 15 26 3 18 7 24 25 0 13 23 10 17 21 14 20 3 24 24 7 21 5 26 10 20 6 15 21 3 3 26 15 27 4 22 23 26 5 10 4 22 7 20 19 10 28 4 7 7 22 14 8 28 20 23 22 8 1 21 23 26 15 21 27 4 15 15 27 15 18 23 10 6 18 20 19 0 19 18 12 22 9 28 26 25 19 27 5 14 9 5 3 3 1 5
243 33 28 99
86 126 124 19 77 22 15 51 24 0 87 14 42 46 46 104 110 106 65 116 6 49 64 100 86 24 102 91 56 96 79 62 103 134 8 140 93 17 99 98 48 70 21 81 32 27 57 102 129 70 49 108 94 24 122 112 43 39 21 17 58 38 9 57 56 48 54 54 140 78 95 77 31 12 132 88 33 65 12 122 124 148 13 11 55 104 61 85 98 1 109 79 13 80 65 129 48 1 34
111 15 19 100
67 82 67 32 4 24 7 58 13 82 58 41 54 1 40 42 16 68 85 27 57 55 64 31 47 52 69 33 60 50 29 14 12 84 56 67 19 57 48 68 15 26 54 43 14 89 77 3 88 43 28 74 62 62 90 57 1 76 0 76 25 10 33 81 73 72 11 42 23 33 68 36 57 9 41 72 20 56 51 87 33 74 22 48 68 5 62 79 31 7 12 55 16 44 35 64 46 79 75 80
255 11 10 99
104 75 39 8 102 113 56 115 110 203 93 159 89 21 175 203 25 84 31 24 34 182 136 162 48 88 154 49 201 117 206 28 170 54 1 117 196 52 209 145 226 52 175 82 177 184 3 90 188 176 222 59 41 132 25 107 148 91 135 42 90 61 158 159 177 48 104 169 47 180 13 185 160 117 173 155 92 199 111 94 106 80 9 84 173 81 116 219 171 129 171 183 98 131 201 127 102 154 39
255 93 107 99
96 215 165 179 7 13 142 27 25 148 123 55 81 41 104 201 88 42 132 92 221 59 118 217 116 40 160 76 216 66 209 183 124 205 52 79 60 16 134 143 202 96 102 149 147 192 128 14 199 194 14 217 127 39 133 146 211 46 3 218 215 195 47 82 164 135 6 34 39 132 30 131 199 63 103 82 113 227 182 150 228 46 72 4 84 120 39 91 95 58 150 183 213 223 153 104 83 76 148
250 10 7 99
42 131 0 102 60 96 106 31 36 126 16 104 114 104 73 132 15 23 44 119 57 50 0 105 81 113 89 44 116 116 92 115 120 104 66 78 107 87 79 8 103 71 1 57 111 59 17 67 74 50 100 83 65 54 7 17 45 121 91 30 53 68 132 17 35 68 45 129 94 85 104 84 26 97 9 113 118 27 126 90 31 52 116 102 80 31 38 94 24 24 18 112 77 82 48 113 74 110 76
23 0 0 100
3 1 13 7 9 11 4 1 4 11 7 3 12 7 12 0 7 9 19 11 10 14 7 2 1 7 3 15 13 13 9 12 18 17 3 7 10 0 0 4 1 16 14 9 17 5 17 15 7 4 10 10 16 12 5 6 2 12 9 6 12 9 11 7 10 19 8 14 11 1 4 0 0 4 17 7 17 16 2 18 19 11 3 2 10 11 15 7 1 10 1 7 14 15 14 6 15 4 2 8
255 115 86 100
62 30 117 20 143 177 4 95 21 156 115 56 108 175 77 194 37 33 11 127 20 106 175 84 130 50 121 5 24 60 37 39 36 123 181 130 193 52 84 114 6 80 131 175 88 207 16 148 170 15 187 179 10 200 156 132 80 191 163 143 39 178 10 105 29 62 183 51 197 88 140 66 137 48 144 108 160 183 116 171 65 166 35 79 205 210 153 15 1 27 53 13 49 128 189 156 184 135 172 94
127 46 24 99
12 140 34 70 161 114 127 128 84 149 137 110 168 101 85 41 57 110 80 83 95 108 12 58 115 122 4 93 1 149 67 139 68 76 95 113 54 128 17 81 125 78 103 162 71 24 159 93 13 114 34 61 39 135 165 0 119 108 10 3 101 37 0 48 18 97 97 138 115 155 130 16 44 55 170 103 165 0 77 153 153 133 61 149 33 137 127 14 24 16 77 87 156 85 118 154 62 102 58
102 14 26 99
37 72 97 120 46 42 64 36 9 63 146 51 131 114 35 112 118 37 67 80 105 74 86 144 36 88 123 130 39 80 76 63 12 132 70 115 69 138 129 5 87 48 84 154 40 144 42 128 58 89 42 83 147 91 37 15 87 143 91 143 81 117 105 12 34 95 70 133 87 43 35 116 6 66 88 146 128 117 96 48 75 98 26 150 74 134 125 17 87 36 33 99 87 7 55 59 142 83 36
61 16 23 100
12 94 11 87 85 26 38 94 27 85 72 85 82 58 90 36 68 59 30 7 71 65 64 44 33 64 38 46 28 47 61 31 103 4 35 92 30 19 40 22 25 47 81 76 55 15 41 102 9 3 64 70 87 68 92 2 33 31 98 31 50 22 66 18 51 53 27 0 1 8 49 48 28 75 86 8 84 43 59 26 13 35 59 1 86 103 88 36 66 2 78 6 86 88 39 84 22 65 6 96
119 2 4 100
13 75 4 102 48 157 20 55 97 85 160 8 35 119 54 127 156 63 139 90 62 31 104 54 100 126 22 96 111 29 35 158 30 99 59 71 108 148 140 113 37 49 121 76 89 114 121 114 91 29 11 158 66 28 36 33 34 62 157 148 74 60 94 142 51 61 33 69 122 117 60 55 42 33 137 59 114 105 42 3 108 92 145 88 104 60 120 83 119 156 114 47 126 138 72 19 60 137 72 12
255 48 93 100
37 15 123 111 152 99 122 87 88 137 47 190 84 132 231 202 114 30 21 36 128 201 134 8 153 28 56 97 88 9 201 121 53 155 105 209 177 23 77 218 40 212 100 205 114 19 47 222 226 149 65 44 40 66 172 149 54 86 51 115 60 174 123 45 35 168 99 113 119 211 129 173 184 154 85 181 140 142 109 98 121 216 203 153 166 222 81 171 186 130 175 102 192 209 177 68 40 9 169 69
255 243 180 100
144 24 179 21 35 106 57 85 94 13 221 107 75 137 206 130 67 209 38 2 40 14 166 25 166 177 83 4 191 9 55 73 199 111 87 227 183 129 65 170 34 68 215 233 129 28 18 212 71 27 97 208 81 218 33 103 94 108 9 6 199 164 180 57 202 100 142 132 233 111 152 177 55 77 212 146 6 177 214 147 172 36 136 148 119 108 210 205 183 169 203 110 141 131 101 182 218 102 44 168
68 29 25 99
22 11 68 38 9 78 50 27 60 3 35 78 14 66 63 64 2 2 4 30 44 8 52 72 77 22 38 48 28 52 11 5 46 42 4 28 48 75 29 47 4 30 57 39 68 56 29 23 49 69 62 31 54 52 20 75 47 12 9 22 2 36 20 74 73 36 34 7 56 71 46 18 57 63 28 63 62 78 22 15 18 34 39 47 31 47 69 47 63 71 25 17 50 46 26 62 52 68 76
10 0 0 99
2 10 15 19 17 21 16 10 4 21 21 2 13 8 5 0 16 11 3 21 18 14 9 17 0 12 0 20 0 6 18 23 19 1 16 6 6 7 0 16 10 17 2 15 2 3 7 24 20 12 21 15 21 24 4 15 9 9 4 4 1 14 24 6 4 19 0 4 12 4 3 1 22 17 11 16 19 6 7 3 12 1 21 18 14 22 8 17 4 24 4 7 17 5 7 8 12 2 22
254 61 111 99
61 115 135 36 24 89 58 52 114 22 126 38 62 93 167 133 92 83 163 49 18 116 164 38 36 159 158 16 92 85 97 10 122 141 120 49 129 47 124 86 106 60 72 66 43 132 15 103 60 95 96 33 78 66 41 84 92 100 47 162 18 71 130 27 3 15 96 97 30 165 152 156 90 154 32 146 141 7 73 29 24 29 119 126 159 136 150 164 36 94 38 31 2 105 80 147 137 82 164
23 46 28 99
25 35 41 4 33 10 5 40 8 23 41 26 25 30 9 43 3 21 25 16 13 39 25 45 28 16 10 26 43 43 26 38 38 28 20 27 22 7 27 2 3 9 36 24 2 1 18 37 24 22 19 28 14 1 12 7 44 3 10 30 3 36 40 36 23 39 35 17 17 42 1 35 33 27 24 28 39 39 42 26 41 41 42 37 17 8 23 14 5 20 10 40 24 20 41 14 44 2 11
107 23 14 99
142 54 117 50 43 154 81 25 143 91 157 67 119 136 58 153 1 124 33 49 115 128 36 9 79 140 142 128 94 77 62 121 33 134 104 5 137 71 100 1 153 96 141 30 36 104 112 105 17 120 86 51 129 112 65 118 37 71 116 64 85 10 105 48 23 34 37 49 78 44 104 78 14 122 33 146 13 91 86 61 8 115 26 108 146 127 42 86 54 12 103 64 39 97 74 73 50 64 136
34 11 14 100
19 4 19 19 0 14 18 10 4 6 21 15 22 5 1 0 13 15 15 9 5 12 25 0 21 0 15 17 20 3 27 23 11 18 12 27 3 18 5 15 19 19 19 25 6 6 0 26 12 26 10 2 7 14 1 27 17 16 19 19 1 24 3 15 2 13 3 4 24 10 8 26 1 11 10 25 24 26 23 9 2 7 25 21 15 15 0 3 23 7 19 19 21 12 13 18 2 25 16 4
44 5 3 100
30 2 24 31 5 4 9 3 15 12 1 17 15 31 10 33 33 28 35 5 18 21 30 30 28 20 35 35 27 3 12 31 16 30 24 24 10 5 25 35 2 30 30 29 20 24 22 7 18 11 30 19 3 30 33 34 28 32 29 17 3 3 30 27 11 11 9 14 27 16 11 33 12 10 31 24 8 15 32 23 35 1 19 27 4 2 18 17 35 33 8 21 26 32 17 32 5 11 23 10
239 45 78 100
95 92 105 21 103 109 45 179 78 19 68 186 7 153 6 12 49 132 34 188 119 33 55 134 34 158 19 65 100 14 68 15 149 63 57 138 174 109 139 149 85 115 55 180 165 84 58 123 157 170 41 139 127 146 58 11 30 152 166 14 84 108 129 32 91 171 165 45 31 122 60 112 45 29 105 86 108 151 16 14 17 33 69 70 137 89 26 16 108 185 74 12 93 17 56 41 33 109 35 146
255 0 0 100
2 6 71 130 121 82 111 52 84 46 109 71 124 65 112 13 110 31 4 55 127 45 81 76 105 17 132 102 13 2 15 73 120 100 43 24 105 115 6 109 123 76 18 108 59 74 7 127 6 66 53 40 3 111 29 5 130 39 9 124 106 2 4 10 78 51 83 73 27 119 35 60 108 34 15 58 71 73 55 104 48 10 93 59 25 105 99 109 63 69 47 118 19 77 76 71 68 79 18 66
76 58 101 100
106 49 117 117 103 129 14 75 37 42 42 90 64 35 17 106 94 47 75 106 71 77 56 43 22 3 62 104 44 103 6 86 115 74 23 31 30 21 116 85 104 81 83 96 48 47 34 112 56 44 53 9 68 51 76 96 42 7 85 92 117 106 28 56 99 112 49 2 27 105 121 35 128 11 28 64 107 1 114 66 3 37 123 55 116 8 95 5 17 75 42 80 105 33 34 22 108 20 96 39
