100
2
320 1 39653885
219 1 611911302
2
31 1 693990743
268 1 571630006
2
290 1 278879522
39 1 986157788
2
122 1 56202722
338 1 103966791
2
239 1 323925281
172 1 945353159
2
358 1 72232282
290 1 578760695
2
322 1 306715884
4 1 986932922
2
115 1 373360754
344 1 480147118
2
339 1 502045057
160 1 446108095
2
193 1 734285969
151 1 807687542
2
54 1 397922972
47 1 149447751
2
86 1 991129618
356 1 813670414
2
122 1 74705149
132 1 658754525
2
277 1 380863789
330 1 876656713
2
98 1 131132463
289 1 67438130
2
180 1 10
180 1 30
1
180 2 1
2
61 1 879390853
139 1 244042502
2
314 1 16685142
85 1 593436019
2
167 1 728799364
100 1 635839880
2
356 1 400000000
51 1 471197411
2
13 1 97683715
141 1 485658311
2
249 1 414907455
41 1 85371346
2
278 1 320999694
66 1 423785630
2
320 1 742197837
80 1 78577963
2
66 1 84667317
177 1 48315881
2
311 1 150470152
74 1 181118117
2
83 1 815828624
233 1 976804974
2
180 1 1
180 1 100000
2
63 1 548751249
2 1 400566312
2
332 1 410666223
218 1 582439978
2
245 1 953188348
341 1 880407492
2
14 1 818641294
158 1 678956342
2
224 1 931055509
17 1 546633056
2
78 1 83069271
115 1 115325624
2
20 1 49968825
153 1 61710769
2
356 1 846712610
152 1 886348989
2
145 1 41052776
328 1 508867156
2
230 1 347835858
142 1 32486051
2
250 1 641970934
207 1 563734366
2
305 1 688514796
304 1 89536308
2
204 1 147132416
57 1 768869742
2
354 1 244558352
33 1 775087022
2
152 1 439256685
238 1 389097765
2
186 1 43215818
344 1 842598782
2
3 1 569938673
136 1 187314956
2
357 1 112675013
213 1 13828432
2
122 1 217578404
51 1 810221057
2
111 1 145060200
14 1 465058627
2
69 1 905522099
202 1 584370716
2
67 1 58191763
137 1 838503145
2
269 1 500258913
295 1 816275167
2
94 1 42424516
313 1 302704575
2
299 1 356425748
106 1 883344302
2
288 1 549224244
73 1 456211679
2
356 1 423990222
188 1 579604976
2
330 1 475050712
305 1 845285646
2
73 1 46585931
155 1 567655343
2
74 1 463143620
282 1 38656933
2
73 1 745331550
183 1 705390108
2
272 1 884172079
302 1 899567887
2
203 1 315197337
279 1 529686575
2
219 1 528304326
300 1 677334017
2
268 1 946020789
123 1 972567893
2
284 1 357762777
177 1 395571204
2
50 1 452553610
55 1 478777330
2
143 1 12880012
312 1 190316561
2
296 1 19362014
112 1 625592533
2
332 1 915811019
315 1 129755395
2
15 1 403128012
59 1 264338257
2
159 1 309520819
201 1 128211187
2
115 1 488708549
4 1 615554035
2
5 1 69669066
276 1 280611215
2
129 1 1000000000
340 1 345412409
2
35 1 592685194
67 1 564788442
2
115 1 859638276
49 1 657507833
2
302 1 322411829
80 1 922406372
2
157 1 81353057
285 1 145209366
2
129 1 636090188
142 1 495198651
2
114 1 27245003
179 1 425699252
2
27 1 235345062
256 1 638674378
2
142 1 990373030
170 1 966629619
2
22 1 218691710
333 1 394806731
2
284 1 799054636
136 1 430201247
2
154 1 247624766
237 1 162828835
2
29 1 742202090
51 1 332757232
2
6 1 146498576
345 1 47261370
2
179 1 301794639
280 1 539412730
2
347 1 725231414
132 1 554688230
2
317 1 238208702
166 1 117697609
2
301 1 277009030
340 1 438819639
2
47 1 608968003
198 1 202945388
2
359 1 40000
157 1 71133
2
90 1 64775908
342 1 878979297
2
141 1 62382360
141 1 443075655
2
67 1 334753944
268 1 871801539
2
177 1 529106767
281 1 534125350
2
51 1 334670564
308 1 341720508
2
333 1 657288482
186 1 44045643
2
71 1 930192034
303 1 582585526
