100
5888
145799
079338
9010
7013
45
799803
091
33
6932
688166
2077694
99
110
110108
8990
1699
34336046
6000007
00117889
99919999
6649
99996510
3069011
97793355
1839
62641246
63
55354543
00003489
6727
32
0185161
81730972
3700
55603650
17213723
13978382
3046
17017110
85162900
84646008
9681311
167581
305681
5927
03292727
27247266
183
3808
510741
19
39533120
29418027
666
66
7248
7030968
19101
10576552
774623
998910
3676400
4824717
1373
065064
13231
004680
81
145568
36813676
9090
31009619
87713668
66459739
10001009
66002198
11327
44060784
24821
0000502
102499
38
99348062
5154
00020060
804584
90090
1000100
957459
360722
901298
9998999
999990
54
73137797
21
6643
57
00000502
