100
16 26
341067101646680723 583151233017670573
65851444872110028 562866288161061611
16 370737823284148085
164 171833885250741350
1 1000000000000000000
884611484663550447 884611484663550456
184 280014278748017758
263437161400376238 852664477463775742
835327086411002152 835327086411002160
862 117764356620825214
727 832777325653663671
814 788130701103313076
500 130884312026225585
206 566587750632262826
37 322641887002303560
250 703414064407115278
642466125466342701 642466125466342705
723 882161241634676710
156 536506840722140751
768 634004856052007575
77776 77777
551187610325284307 551187610325284310
648780583156682547 648780583156682557
140 136518244846083280
876 854265315762468546
411 587142673180048445
220524311147843287 644381441208367152
603203116213726858 603203116213726861
854 350441443778757427
328 252863620255683667
27701230887026554 35071534130120572
40065881312845756 656414843852023351
822 655824570256645752
827 633862730631627741
272006448037117566 272006448037117575
765806106621122444 765806106621122452
16 247777131577551000
470 307173121400222740
608 102227815202553430
620 468536327322675616
210 403887385046054078
888 427564886176185675
281 638886574514122462
4520300556327250 4520300556327251
525474034602821571 525474034602821572
687 828665625654367106
844 865383332340017784
220540513318268078 744638668006218303
116282763531454702 814636831064663540
128622717571124822 128622717571124823
660834054230385147 660834054230385156
1 2
506128332762225107 506128332762225110
465 143783368125770788
406 120367315025445520
11 133324615300231102
447 575155737150485582
750564010741334353 750564010741334354
868 707566880608263673
28303873856121170 721830825633651305
480476136157270123 878474187512321386
658435131310332035 734147060125077251
725 531585654614222276
375 136570216334344465
88 102
712547705254388375 712547705254388383
741566005058462753 741566005058462754
2 3
161327827424668787 803518380421636270
487 166563501836275846
224862823752281005 224862823752281015
606275040480812303 748275185842432822
287 680005385727263614
311 102260540220264080
52 100364454510037207
366 658471248778867648
187570148877605370 253270082445826262
53126588105313655 100640842302602845
42 362878511301888278
523335863841363632 783567616141630033
553 417831123458288002
854 483551714831532652
432285840647328441 644164608061458851
541506741177506811 541506741177506818
152 231437064084880245
845221758747311758 845221758747311762
527 536655467831082415
573 513270441534171835
317488768346535634 317488768346535640
134 557788451527645080
75 370835558060870051
561 346476035167303411
10823638728410572 184153830132140201
656 743813276321522441
782 241600844421241255
36027042214463422 246623206307788020
247 758781503026275588
272332513008213413 626001287610053046
744 743612532751674854
