100
41
702352494 702352494 702352494 627474067 627474067 627474067 627474067 627474067 627474067 200791308 285041553 285041553 285041553 64736667 64736667 64736667 64736667 64736667 592241561 592241561 592241561 592241561 592241561 40000024 40000024 40000024 40000024 78671375 78671375 500679128 500679128 500679128 455818238 455818238 455818238 455818238 455818238 455818238 455818238 455818238 388419378
46
733582895 733582895 733582895 733582895 733582895 894163790 894163790 894163790 894163790 894163790 894163790 894163790 894163790 86656447 86656447 86656447 86656447 86656447 896050501 896050501 896050501 896050501 896050501 896050501 896050501 896050501 844074796 968981189 968981189 968981189 968981189 968981189 968981189 968981189 968981189 968981189 770689115 770689115 770689115 134704384 713289743 713289743 713289743 988973972 988973972 988973972
45
139865462 139865462 99379780 99379780 182345738 182345738 182345738 182345738 182345738 182345738 182345738 182345738 182345738 182345738 859028392 859028392 859028392 859028392 206658282 206658282 206658282 206658282 959250959 959250959 959250959 959250959 959250959 959250959 959250959 959250959 959250959 902093031 902093031 902093031 902093031 359220123 359220123 359220123 359220123 359220123 602376786 670080314 374926116 802122806 802122806
42
170718249 170718249 170718249 170718249 170718249 170718249 772034585 772034585 772034585 772034585 772034585 772034585 772034585 772034585 772034585 58644185 58644185 58644185 58644185 58644185 58644185 58644185 58644185 58644185 58644185 401097343 401097343 919095492 919095492 919095492 135176637 135176637 135176637 135176637 135176637 878859300 806293664 806293664 806293664 806293664 806293664 806293664
50
555129093 555129093 555129093 555129093 555129093 555129093 555129093 858423299 858423299 858423299 858423299 858423299 858423299 905655348 905655348 905655348 905655348 905655348 905655348 905655348 905655348 235695486 235695486 235695486 317866131 317866131 317866131 317866131 902955206 902955206 328719610 328719610 328719610 328719610 328719610 328719610 216607534 216607534 216607534 216607534 279964209 279964209 969791899 969791899 969791899 443185447 443185447 443185447 443185447 803189323
42
389097765 945353159 945353159 945353159 945353159 323925281 323925281 323925281 584370716 584370716 584370716 584370716 584370716 584370716 584370716 584370716 584370716 584370716 905522099 905522099 905522099 905522099 905522099 905522099 905522099 302704575 302704575 302704575 302704575 42424516 42424516 42424516 42424516 42424516 410666223 410666223 410666223 410666223 410666223 410666223 410666223 582439978
43
128305351 923734544 923734544 923734544 923734544 923734544 475485082 475485082 475485082 475485082 475485082 224708938 224708938 224708938 224708938 224708938 224708938 224708938 224708938 224708938 740530082 740530082 740530082 740530082 149691628 149691628 746564318 746564318 746564318 746564318 746564318 746564318 746564318 11293085 11293085 11293085 11293085 11293085 11293085 11293085 11293085 624464716 624464716
48
96886381 96886381 96886381 96886381 96886381 96886381 96886381 96886381 96886381 96886381 563444647 563444647 563444647 563444647 563444647 563444647 500869491 500869491 500869491 500869491 500869491 500869491 500869491 500869491 500869491 500869491 453214460 453214460 886710643 886710643 886710643 886710643 886710643 886710643 886710643 886710643 886710643 886710643 151903202 151903202 151903202 151903202 585091471 585091471 859549338 859549338 226471775 226471775
48
586183656 586183656 586183656 586183656 43329335 43329335 43329335 43329335 43329335 43329335 43329335 43329335 43329335 151974131 151974131 151974131 151974131 151974131 151974131 151974131 498500292 498500292 498500292 498500292 498500292 498500292 498500292 151145957 151145957 151145957 151145957 151145957 151145957 151145957 151145957 151145957 31402511 31402511 31402511 31402511 31402511 31402511 31402511 749426570 749426570 843918819 843918819 843918819
41
74687244 74687244 74687244 74687244 74687244 74687244 74687244 74687244 74687244 74687244 58793341 58793341 58793341 58793341 58793341 701839038 701839038 701839038 701839038 701839038 701839038 701839038 701839038 701839038 701839038 111420631 111420631 39187333 39187333 39187333 39187333 39187333 39187333 39187333 39187333 39187333 81461049 324931667 745987264 745987264 356736794
50
18114423 18114423 18114423 18114423 18114423 18114423 18114423 18114423 18114423 491831970 491831970 491831970 491831970 775275626 775275626 775275626 775275626 775275626 775275626 775275626 138311740 138311740 138311740 138311740 138311740 138311740 138311740 138311740 138311740 345143019 345143019 345143019 345143019 345143019 345143019 228307907 228307907 228307907 228307907 354893231 354893231 354893231 354893231 354893231 966021513 966021513 966021513 966021513 966021513 966021513
40
85731285 85731285 85731285 85731285 85731285 85731285 85731285 85731285 997265504 997265504 997265504 997265504 997265504 203592210 203592210 203592210 203592210 195031837 88963740 88963740 88963740 88963740 88963740 88963740 88963740 88963740 88963740 88963740 11485102 11485102 11485102 11485102 11485102 11485102 11485102 749860917 749860917 749860917 749860917 749860917
40
114746448 114746448 391407780 30871556 30871556 30871556 30871556 30871556 30871556 30871556 30871556 25606873 25606873 25606873 25606873 25606873 25606873 25606873 25606873 25606873 25606873 761326486 761326486 761326486 761326486 761326486 761326486 761326486 761326486 761326486 159999180 159999180 159999180 159999180 159999180 159999180 159999180 159999180 159999180 159999180
48
698417496 698417496 698417496 698417496 698417496 698417496 698417496 698417496 698417496 645299902 645299902 645299902 224839674 813413107 813413107 813413107 826530629 826530629 826530629 826530629 597861780 597861780 597861780 597861780 597861780 597861780 597861780 597861780 488807529 488807529 488807529 488807529 548191778 548191778 548191778 548191778 128795360 650934035 650934035 650934035 650934035 650934035 620011615 620011615 620011615 88560025 88560025 668027129
50
677741241 677741241 516687480 516687480 516687480 516687480 516687480 807009857 807009857 807009857 807009857 224653906 106860982 106860982 876420181 876420181 876420181 876420181 876420181 876420181 876420181 876420181 876420181 259609598 259609598 259609598 259609598 259609598 259609598 259609598 259609598 318253491 318253491 229978181 229978181 229978181 229978181 229978181 229978181 229978181 229978181 229978181 567764311 567764311 567764311 567764311 567764311 567764311 567764311 567764311
5
2 3 3 4 3
44
564572361 564572361 564572361 564572361 564572361 564572361 88668202 88668202 88668202 88668202 88668202 88668202 88668202 88668202 343730544 343730544 343730544 343730544 343730544 343730544 343730544 343730544 343730544 343730544 755193389 755193389 755193389 755193389 755193389 755193389 755193389 755193389 755193389 755193389 956103056 956103056 22723064 22723064 22723064 22723064 22723064 411595182 411595182 411595182
49
196667130 196667130 196667130 473296075 473296075 473296075 51251584 51251584 51251584 51251584 51251584 51251584 51251584 51251584 313020097 313020097 313020097 313020097 313020097 313020097 313020097 313020097 864236882 864236882 864236882 864236882 864236882 864236882 73547819 307912479 307912479 307912479 307912479 307912479 307912479 307912479 583715908 583715908 583715908 589664808 589664808 589664808 589664808 475183001 475183001 475183001 475183001 441369346 969612293
43
278965699 278965699 278965699 278965699 278965699 278965699 278965699 278965699 278965699 278965699 276813559 223798253 223798253 223798253 223798253 223798253 223798253 223798253 223798253 430508834 430508834 93538977 534425718 856502401 856502401 781507927 781507927 781507927 781507927 781507927 781507927 717002547 717002547 717002547 717002547 717002547 735970115 735970115 735970115 735970115 735970115 735970115 735970115
49
199407727 199407727 199407727 199407727 514165245 514165245 514165245 514165245 514165245 514165245 514165245 514165245 751151469 751151469 751151469 467968580 467968580 467968580 258756469 258756469 822848589 115122891 115122891 401341032 401341032 401341032 401341032 401341032 401341032 401341032 401341032 401341032 401341032 417284512 417284512 417284512 417284512 417284512 417284512 598673020 598673020 598673020 598673020 598673020 598673020 598673020 755976545 755976545 755976545
46
297712285 129830176 129830176 129830176 129830176 129830176 129830176 129830176 393490252 393490252 393490252 393490252 393490252 778551630 778551630 778551630 778551630 25713070 25713070 25713070 25713070 25713070 25713070 25713070 974331898 974331898 974331898 429995058 429995058 429995058 429995058 429995058 429995058 429995058 30109281 30109281 30109281 30109281 30109281 30109281 30109281 197095844 483816724 483816724 483816724 483816724
40
611006576 611006576 611006576 611006576 611006576 842920256 842920256 842920256 842920256 842920256 842920256 842920256 276135591 276135591 276135591 276135591 276135591 276135591 276135591 276135591 411729846 411729846 624808373 624808373 624808373 624808373 624808373 624808373 624808373 624808373 624808373 624808373 265710236 265710236 265710236 265710236 265710236 265710236 265710236 989576152
43
345408612 345408612 345408612 345408612 345408612 249088216 249088216 249088216 249088216 249088216 249088216 274258403 274258403 274258403 274258403 274258403 274258403 274258403 274258403 274258403 274258403 536328189 536328189 536328189 536328189 665781110 665781110 665781110 574089370 574089370 574089370 574089370 574089370 574089370 574089370 574089370 574089370 335388818 335388818 335388818 899062142 899062142 628327982
42
829073578 829073578 829073578 496672983 496672983 496672983 496672983 496672983 542662844 542662844 542662844 542662844 603929300 603929300 603929300 603929300 603929300 603929300 633780651 633780651 633780651 122294691 122294691 122294691 122294691 122294691 122294691 122294691 122294691 111411959 111411959 111411959 111411959 111411959 111411959 111411959 111411959 519852342 281235287 281235287 281235287 160181101
41
192859407 66735283 66735283 66735283 66735283 293177717 293177717 76009482 76009482 76009482 76009482 76009482 970815547 970815547 970815547 970815547 970815547 970815547 970815547 970815547 970815547 970815547 761574052 761574052 761574052 761574052 761574052 761574052 761574052 761574052 761574052 479007575 479007575 479007575 479007575 479007575 479007575 479007575 479007575 479007575 89249652
47
796954523 796954523 796954523 796954523 796954523 796954523 299873535 299873535 153099895 153099895 153099895 153099895 153099895 153099895 153099895 153099895 153099895 18044135 18044135 18044135 18044135 18044135 18044135 18044135 18044135 18044135 18044135 47107501 47107501 47107501 47107501 47107501 47107501 47107501 47107501 47107501 779204596 886924183 886924183 886924183 886924183 886924183 886924183 280119569 280119569 280119569 280119569
45
815051894 815051894 630046148 630046148 630046148 630046148 630046148 752898131 752898131 78180082 78180082 78180082 78180082 78180082 78180082 78180082 78180082 78180082 385850984 385850984 385850984 769224929 769224929 769224929 769224929 769224929 769224929 123773258 123773258 123773258 123773258 123773258 123773258 123773258 123773258 123773258 237458526 237458526 237458526 237458526 237458526 237458526 237458526 237458526 237458526
49
608596488 608596488 608596488 596616066 136596708 136596708 136596708 136596708 136596708 136596708 136596708 136596708 136596708 679766261 616969047 616969047 616969047 616969047 616969047 716010555 716010555 716010555 716010555 716010555 716010555 716010555 839796314 839796314 839796314 839796314 839796314 452217899 452217899 452217899 452217899 452217899 452217899 452217899 452217899 828394249 828394249 828394249 828394249 828394249 828394249 828394249 828394249 828394249 828394249
41
420431009 420431009 420431009 420431009 420431009 420431009 420431009 420431009 420431009 420431009 593807413 148436539 148436539 148436539 14696090 14696090 14696090 14696090 14696090 14696090 14696090 14696090 14696090 14696090 706648058 706648058 706648058 706648058 706648058 706648058 130795963 130795963 130795963 130795963 130795963 130795963 130795963 130795963 524867113 59688564 59688564
46
893029202 893029202 774918538 774918538 38017415 360127195 360127195 360127195 360127195 360127195 360127195 360127195 360127195 360127195 360127195 421597602 421597602 421597602 421597602 421597602 530828713 530828713 530828713 530828713 530828713 530828713 530828713 530828713 765219286 765219286 765219286 765219286 470323138 470323138 470323138 470323138 470323138 470323138 528743108 566178624 566178624 566178624 30661602 715759353 21748241 21748241
45
768869742 768869742 768869742 147132416 147132416 147132416 147132416 147132416 147132416 147132416 813670414 813670414 991129618 991129618 991129618 991129618 991129618 991129618 991129618 991129618 658754525 658754525 658754525 658754525 658754525 658754525 658754525 74705149 74705149 74705149 74705149 74705149 74705149 74705149 74705149 582585526 582585526 582585526 582585526 582585526 930192034 930192034 930192034 930192034 44045643
47
542012788 542012788 542012788 542012788 542012788 542012788 623015253 731803852 731803852 598957933 598957933 767417333 767417333 767417333 767417333 767417333 767417333 767417333 767417333 767417333 899716018 899716018 899716018 679363292 679363292 564351807 564351807 564351807 564351807 564351807 564351807 564351807 564351807 564351807 509158683 509158683 509158683 509158683 509158683 509158683 378369039 378369039 378369039 378369039 378369039 714138913 714138913
47
38656933 38656933 38656933 38656933 463143620 463143620 463143620 463143620 463143620 264338257 264338257 264338257 264338257 264338257 264338257 403128012 403128012 403128012 403128012 202945388 202945388 202945388 202945388 202945388 202945388 202945388 202945388 202945388 608968003 608968003 608968003 608968003 608968003 608968003 608968003 485658311 485658311 485658311 97683715 414907455 414907455 414907455 414907455 414907455 85371346 884172079 899567887
41
173143400 173143400 173143400 173143400 173143400 173143400 173143400 323509796 835821824 835821824 835821824 491155154 491155154 491155154 491155154 491155154 491155154 117121770 117121770 117121770 117121770 117121770 117121770 117121770 117121770 855156358 855156358 855156358 855156358 855156358 855156358 855156358 855156358 855156358 594378448 594378448 434842585 540117973 819536914 860771131 860771131
45
902630757 902630757 902630757 902630757 902630757 902630757 902630757 835330194 835330194 835330194 393212904 282545287 358804936 358804936 358804936 358804936 358804936 801656785 801656785 418089148 418089148 418089148 418089148 418089148 498182875 498182875 498182875 775020413 775020413 775020413 775020413 775020413 775020413 775020413 775020413 142999106 841422273 841422273 841422273 841422273 841422273 841422273 841422273 841422273 484036835
43
976598107 976598107 976598107 65169729 65169729 65169729 65169729 894150834 894150834 894150834 894150834 894150834 894150834 894150834 894150834 894150834 126048340 126048340 974563610 974563610 974563610 974563610 974563610 974563610 974563610 456517949 456517949 456517949 456517949 456517949 456517949 456517949 456517949 456517949 456517949 651060820 651060820 146140114 146140114 146140114 146140114 146140114 146140114
48
503838413 503838413 503838413 503838413 503838413 503838413 503838413 490400024 490400024 16168605 16168605 980624206 980624206 980624206 980624206 980624206 980624206 980624206 980624206 898775833 898775833 898775833 898775833 898775833 898775833 898775833 898775833 898775833 761512305 761512305 761512305 761512305 475553782 475553782 475553782 475553782 475553782 475553782 475553782 475553782 646285675 646285675 646285675 614431548 614431548 614431548 614431548 614431548
4
2 2 3 3
43
103077927 103077927 103077927 103077927 103077927 103077927 103077927 103077927 103077927 531401305 531401305 531401305 531401305 107461290 107461290 107461290 107461290 21587688 21587688 21587688 21587688 21587688 21587688 21587688 427452473 427452473 427452473 427452473 427452473 29606068 29606068 29606068 593115395 593115395 593115395 593115395 593115395 969110581 969110581 969110581 969110581 315412759 315412759
47
898028127 898028127 898028127 23001615 23001615 23001615 23001615 23001615 23001615 463065743 463065743 463065743 463065743 463065743 463065743 463065743 933317190 933317190 933317190 933317190 42352168 42352168 42352168 42352168 42352168 42352168 570186766 570186766 570186766 570186766 680419258 680419258 680419258 680419258 680419258 680419258 680419258 680419258 680419258 118669279 338953399 338953399 338953399 338953399 338953399 206363035 582339680
49
49561923 49561923 49561923 49561923 49561923 49561923 49561923 49561923 913043639 913043639 913043639 913043639 59438009 59438009 59438009 491466243 491466243 491466243 491466243 491466243 491466243 491466243 491466243 491466243 379738733 379738733 379738733 379738733 379738733 379738733 379738733 379738733 268823125 268823125 268823125 268823125 268823125 268823125 268823125 469893500 469893500 418558294 418558294 634150824 634150824 634150824 776407789 776407789 776407789
45
838062386 838062386 838062386 838062386 47426716 47426716 47426716 47426716 47426716 588035516 241147829 241147829 241147829 241147829 241147829 241147829 241147829 241147829 241147829 241147829 829360532 829360532 858629717 858629717 858629717 858629717 858629717 347653640 347653640 347653640 347653640 347653640 669260417 669260417 669260417 273598090 273598090 273598090 273598090 273598090 501683595 501683595 571196617 571196617 32899708
40
7442472 7442472 7442472 7442472 7442472 7442472 121105056 36987946 36987946 36987946 36987946 36987946 36987946 36987946 36987946 574059323 574059323 1398464 1398464 1398464 1398464 1398464 1398464 1398464 1398464 1398464 967610078 967610078 967610078 967610078 967610078 967610078 967610078 967610078 170744464 170744464 170744464 245859357 245859357 67812898
44
23972904 141147794 798772591 798772591 798772591 798772591 798772591 798772591 798772591 798772591 798772591 6515720 126827517 126827517 126827517 126827517 126827517 126827517 787727248 998745532 998745532 998745532 998745532 115644874 115644874 115644874 115644874 115644874 115644874 115644874 115644874 115644874 115644874 912585678 912585678 912585678 792682685 792682685 792682685 792682685 792682685 792682685 728242282 728242282
45
315818605 315818605 962983254 565775765 565775765 565775765 565775765 565775765 565775765 565775765 565775765 565775765 565775765 285980015 285980015 285980015 285980015 285980015 285980015 285980015 285980015 681835329 681835329 903012635 903012635 903012635 903012635 903012635 903012635 638473073 638473073 638473073 638473073 638473073 638473073 638473073 638473073 891460183 891460183 891460183 551020663 551020663 512903314 375899318 375899318
50
913816782 913816782 913816782 913816782 913816782 913816782 913816782 913816782 475352044 475352044 475352044 475352044 475352044 475352044 475352044 475352044 475352044 373286370 373286370 373286370 373286370 373286370 373286370 373286370 825356143 825356143 825356143 825356143 825356143 825356143 951525833 951525833 951525833 951525833 951525833 951525833 951525833 951525833 951525833 951525833 114696267 114696267 114696267 114696267 114696267 836350065 836350065 836350065 546012559 546012559
45
185375834 185375834 185375834 477317225 477317225 477317225 477317225 863823321 863823321 863823321 863823321 863823321 863823321 863823321 863823321 863823321 863823321 891486141 891486141 84844115 84844115 128701460 947492171 947492171 947492171 111441535 111441535 111441535 111441535 111441535 111441535 111441535 111441535 111441535 581826169 581826169 581826169 581826169 581826169 581826169 573826353 573826353 699285792 118742330 118742330
44
580535354 580535354 580535354 580535354 580535354 580535354 580535354 580535354 580535354 189921956 189921956 189921956 189921956 189921956 189921956 189921956 189921956 189921956 189921956 212005995 212005995 212005995 212005995 212005995 212005995 212005995 212005995 212005995 290837461 290837461 290837461 290837461 290837461 290837461 290837461 290837461 290837461 551494652 551494652 281295923 281295923 281295923 281295923 281295923
45
643629686 643629686 643629686 643629686 643629686 643629686 643629686 636571067 636571067 636571067 636571067 636571067 636571067 574405685 574405685 574405685 574405685 574405685 514297600 514297600 514297600 514297600 514297600 514297600 514297600 514297600 11268766 11268766 11268766 11268766 11268766 11268766 11268766 11268766 11268766 11268766 111353592 198874164 198874164 9682126 553280580 553280580 553280580 553280580 639322758
48
183108330 183108330 183108330 183108330 183108330 183108330 183108330 183108330 227190577 227190577 227190577 227190577 227190577 227190577 227190577 227190577 227190577 227190577 831787163 831787163 702938583 702938583 702938583 702938583 702938583 702938583 440869437 440869437 440869437 440869437 440869437 440869437 440869437 77720782 77720782 77720782 400476677 400476677 400476677 858715547 858715547 858715547 858715547 858715547 858715547 858715547 858715547 195124801
43
224095823 224095823 224095823 224095823 537888460 537888460 537888460 537888460 537888460 537888460 537888460 537888460 537888460 537888460 116925397 330054797 330054797 330054797 330054797 858546665 858546665 858546665 858546665 858546665 858546665 858546665 858546665 858546665 324304598 324304598 324304598 582110952 582110952 969978533 969978533 969978533 969978533 969978533 969978533 2358251 2358251 919823897 919823897
45
677334017 677334017 677334017 677334017 677334017 677334017 677334017 677334017 677334017 677334017 528304326 528304326 528304326 528304326 528304326 528304326 528304326 528304326 528304326 546633056 931055509 931055509 931055509 931055509 931055509 931055509 931055509 931055509 129755395 129755395 129755395 129755395 129755395 129755395 129755395 129755395 129755395 129755395 915811019 592685194 592685194 592685194 592685194 592685194 564788442
43
373360754 373360754 373360754 373360754 373360754 373360754 373360754 480147118 480147118 480147118 480147118 480147118 615554035 615554035 615554035 615554035 615554035 615554035 488708549 488708549 488708549 400566312 400566312 548751249 548751249 145209366 145209366 145209366 145209366 145209366 145209366 145209366 145209366 81353057 81353057 81353057 81353057 301794639 301794639 539412730 539412730 807687542 734285969
42
286048461 286048461 800236014 29341673 29341673 29341673 29341673 29341673 29341673 29341673 29341673 29341673 29341673 584962546 584962546 584962546 584962546 584962546 584962546 584962546 586632708 586632708 586632708 586632708 586632708 586632708 701221131 701221131 701221131 701221131 701221131 701221131 701221131 701221131 511233887 511233887 511233887 511233887 511233887 511233887 511233887 620946551
3
233 233 233
42
860576502 860576502 353056765 353056765 353056765 591829395 591829395 591829395 591829395 591829395 591829395 333355370 333355370 333355370 333355370 333355370 333355370 201892960 337745743 337745743 337745743 337745743 337745743 337745743 337745743 337745743 337745743 337745743 233649744 233649744 233649744 233649744 233649744 233649744 233649744 738900312 738900312 738900312 738900312 738900312 80710604 770769519
48
171799130 580911245 580911245 580911245 462069653 462069653 462069653 462069653 462069653 462069653 462069653 462069653 462069653 418826443 418826443 418826443 418826443 418826443 672059223 672059223 672059223 672059223 672059223 672059223 500605547 500605547 500605547 634455106 634455106 634455106 195521563 195521563 195521563 195521563 195521563 195521563 195521563 195521563 633050375 633050375 7948081 7948081 7948081 7948081 147068566 147068566 147068566 678673583
43
523796405 523796405 523796405 523796405 523796405 523796405 523796405 523796405 523796405 523796405 893637427 893637427 893637427 893637427 893637427 893637427 163940885 976438419 976438419 976438419 976438419 976438419 976438419 976438419 976438419 527744958 527744958 527744958 527744958 527744958 527744958 527744958 527744958 527744958 527744958 977936129 977936129 977936129 977936129 977936129 41714303 41714303 949844226
40
944319365 944319365 944319365 944319365 944319365 944319365 944319365 944319365 944319365 944319365 813203468 813203468 813203468 113562044 113562044 113562044 723307613 723307613 723307613 723307613 723307613 723307613 81548942 81548942 81548942 81548942 81548942 81548942 81548942 81548942 81548942 81548942 7048235 7048235 7048235 7048235 7048235 7048235 400507126 400507126
50
470112853 470112853 470112853 470112853 415722874 415722874 415722874 826872322 826872322 826872322 826872322 532758068 532758068 941835897 941835897 941835897 941835897 941835897 941835897 242442783 129173006 129173006 129173006 129173006 129173006 129173006 129173006 129173006 129173006 476211423 476211423 164265671 164265671 164265671 164265671 164265671 852881567 852881567 852881567 929477673 929477673 929477673 929477673 987812204 987812204 48628576 48628576 48628576 48628576 48628576
42
779242396 779242396 779242396 779242396 11563654 11563654 11563654 11563654 11563654 11563654 11563654 11563654 11563654 11563654 343723495 14496418 14496418 14496418 14496418 181015332 181015332 181015332 181015332 181015332 782688373 782688373 217650005 217650005 217650005 380853434 380853434 938486668 938486668 938486668 938486668 938486668 588955431 588955431 588955431 6289844 6289844 784662311
41
843377639 843377639 843377639 843377639 843377639 843377639 843377639 650909243 650909243 650909243 650909243 650909243 650909243 650909243 279111492 93945164 795529666 795529666 795529666 795529666 795529666 795529666 795529666 152505962 152505962 152505962 152505962 152505962 152505962 589081601 589081601 589081601 589081601 247349909 247349909 387569393 387569393 387569393 387569393 387569393 387569393
41
12501572 12501572 12501572 12501572 12501572 12501572 12501572 12501572 350061029 350061029 350061029 350061029 350061029 350061029 350061029 350061029 350061029 345412409 614277995 614277995 614277995 614277995 614277995 562690578 562690578 562690578 562690578 562690578 562690578 562690578 562690578 562690578 43914339 43914339 43914339 65552079 48004597 48004597 48004597 48004597 48004597
49
733187 733187 733187 733187 733187 792259065 792259065 792259065 792259065 792259065 792259065 792259065 510451676 510451676 510451676 510451676 72084433 72084433 72084433 72084433 72084433 72084433 72084433 72084433 72084433 72084433 69372069 69372069 525640627 525640627 525640627 525640627 525640627 525640627 914271456 914271456 914271456 914271456 914271456 914271456 914271456 914271456 252648581 252648581 252648581 252648581 252648581 252648581 252648581
43
23381880 23381880 23381880 23381880 23381880 23381880 23381880 347772107 347772107 347772107 347772107 597456687 597456687 597456687 597456687 597456687 597456687 597456687 597456687 597456687 597456687 596526978 596526978 596526978 596526978 596526978 596526978 144969827 144969827 144969827 144969827 144969827 144969827 144969827 354212806 354212806 79194036 79194036 906224757 906224757 906224757 906224757 906224757
41
16532486 16532486 16532486 16532486 16532486 16532486 742468653 357741463 357741463 357741463 357741463 357741463 357741463 357741463 981858849 981858849 981858849 25056877 95253979 95253979 95253979 95253979 95253979 95253979 979832928 979832928 979832928 979832928 979832928 979832928 979832928 119232932 237596715 237596715 237596715 237596715 237596715 237596715 237596715 237596715 767628956
48
405885978 405885978 405885978 405885978 852730843 852730843 852730843 302991552 302991552 302991552 302991552 302991552 302991552 302991552 302991552 302991552 773614840 773614840 773614840 773614840 773614840 773614840 773614840 773614840 513634824 513634824 513634824 513634824 513634824 513634824 513634824 513634824 513634824 345476582 345476582 345476582 345476582 297993228 297993228 297993228 297993228 297993228 297993228 320056646 320056646 320056646 320056646 484403980
47
626276690 626276690 626276690 626276690 821399101 821399101 821399101 821399101 278156206 278156206 278156206 278156206 278156206 278156206 278156206 485931409 485931409 485931409 485931409 485931409 485931409 485931409 485931409 485931409 485931409 737332059 737332059 737332059 737332059 737332059 737332059 737332059 644131429 644131429 644131429 644131429 644131429 644131429 644131429 229868930 229868930 656341922 281155548 281155548 281155548 281155548 862897913
42
333840945 333840945 333840945 333840945 333840945 333840945 333840945 333840945 333840945 333840945 678628140 678628140 678628140 678628140 678628140 678628140 678628140 678628140 678628140 678628140 122485239 122485239 122485239 122485239 122485239 122485239 122485239 122485239 38645659 38645659 38645659 38645659 38645659 38645659 94265241 94265241 414909083 414909083 823041284 823041284 631923789 607047375
49
376802754 376802754 376802754 376802754 376802754 376802754 376802754 376802754 376802754 223962224 223962224 223962224 223962224 480172899 480172899 666636083 666636083 666636083 666636083 666636083 666636083 666636083 739015866 739015866 739015866 739015866 739015866 739015866 739015866 739015866 398391045 398391045 398391045 60805722 60805722 60805722 60805722 60805722 60805722 60805722 60805722 417274675 417274675 417274675 417274675 316491316 316491316 316491316 316491316
45
429927512 429927512 429927512 429927512 429927512 65970271 65970271 65970271 196306380 196306380 196306380 196306380 196306380 196306380 196306380 196306380 196306380 196306380 840931862 840931862 608722104 608722104 608722104 608722104 608722104 608722104 608722104 73710727 73710727 21104593 21104593 21104593 21104593 21104593 21104593 21104593 511053345 511053345 511053345 511053345 511053345 511053345 511053345 511053345 109463355
43
891960797 891960797 891960797 891960797 912848909 20135355 20135355 412694821 412694821 412694821 412694821 412694821 412694821 605426965 605426965 605426965 10886690 10886690 10886690 10886690 10886690 10886690 10886690 10886690 83088507 83088507 751057858 751057858 751057858 204332772 204332772 316277920 316277920 2080952 2080952 2080952 2080952 2080952 2080952 726694796 726694796 726694796 622029491
45
269672114 269672114 269672114 269672114 269672114 269672114 269672114 269672114 269672114 269672114 113421089 113421089 113421089 113421089 113421089 113421089 113421089 113421089 67848226 67848226 67848226 67848226 67848226 67848226 200826327 887254909 887254909 887254909 887254909 887254909 887254909 887254909 887254909 389775846 389775846 389775846 389775846 389775846 389775846 389775846 389775846 389775846 464648540 464648540 464648540
45
478119925 478119925 478119925 478119925 322571622 322571622 322571622 322571622 322571622 322571622 322571622 323978078 323978078 323978078 323978078 323978078 323978078 323978078 900389138 900389138 900389138 900389138 900389138 692864160 75084098 448034923 448034923 448034923 448034923 448034923 448034923 448034923 448034923 448034923 924575368 924575368 924575368 924575368 924575368 924575368 924575368 218026135 218026135 247854765 186610795
45
55573567 55573567 55573567 845320865 845320865 130037388 130037388 130037388 130037388 130037388 130037388 130037388 130037388 835989365 835989365 835989365 835989365 835989365 835989365 577529213 577529213 577529213 577529213 235318733 235318733 235318733 235318733 235318733 616091862 515533693 515533693 515533693 515533693 515533693 515533693 204685859 204685859 204685859 204685859 204685859 204685859 204685859 204685859 204685859 152100746
48
539976639 466290429 466290429 469902074 469902074 469902074 469902074 469902074 469902074 469902074 742552611 742552611 742552611 742552611 742552611 742552611 742552611 2919052 838217910 838217910 838217910 838217910 838217910 838217910 763223552 763223552 763223552 763223552 763223552 763223552 763223552 763223552 763223552 155757971 155757971 155757971 155757971 155757971 880579685 245101206 245101206 245101206 912495182 912495182 912495182 912495182 640858810 832374622
41
736720473 736720473 736720473 736720473 736720473 632368722 494450160 494450160 494450160 494450160 494450160 494450160 901360104 901360104 901360104 901360104 901360104 901360104 245811113 245811113 245811113 245811113 245811113 245811113 245811113 245811113 407724381 407724381 407724381 407724381 407724381 407724381 407724381 407724381 674515651 674515651 674515651 674515651 674515651 674515651 117577950
43
300760364 300760364 300760364 300760364 300760364 409815193 409815193 409815193 409815193 409815193 140349525 81066973 225718499 225718499 225718499 132154621 132154621 132154621 132154621 711756576 711756576 711756576 711756576 711756576 711756576 711756576 711756576 26361321 26361321 26361321 26361321 26361321 26361321 26361321 26361321 50526774 50526774 50526774 50526774 134887780 681147451 681147451 524610195
42
492446683 492446683 492446683 492446683 492446683 729435283 124668334 84170348 84170348 84170348 84170348 84170348 84170348 84170348 84170348 84170348 41054268 41054268 683142865 683142865 683142865 683142865 683142865 683142865 683142865 683142865 3259482 3259482 3259482 3259482 725419361 725419361 725419361 725419361 720160583 720160583 720160583 756730865 756730865 674013763 674013763 138183756
8
3 4 1 4 2 5 3 1
40
986157788 986157788 986157788 986157788 986157788 278879522 320999694 320999694 423785630 423785630 423785630 423785630 423785630 423785630 423785630 423785630 423785630 334670564 334670564 334670564 334670564 334670564 334670564 334670564 341720508 341720508 341720508 341720508 341720508 341720508 341720508 341720508 341720508 341720508 244558352 244558352 244558352 775087022 775087022 430201247
4
1 5 3 1
49
765659474 262739678 262739678 262739678 262739678 262739678 262739678 262739678 869654603 869654603 869654603 869654603 973768389 873731554 873731554 251173713 251173713 251173713 251173713 251173713 124487468 60405971 60405971 60405971 773954942 773954942 773954942 773954942 32857161 224971578 224971578 224971578 224971578 224971578 219356888 219356888 219356888 219356888 219356888 219356888 219356888 219356888 219356888 219356888 35979619 35979619 35979619 35979619 936002162
46
710987619 710987619 710987619 710987619 710987619 710987619 710987619 710987619 710987619 432184840 432184840 432184840 432184840 432184840 432184840 432184840 63976243 63976243 826168424 826168424 826168424 826168424 826168424 826168424 826168424 358468195 358468195 358468195 358468195 358468195 358468195 905806700 905806700 905806700 731515487 731515487 731515487 731515487 731515487 95738354 95738354 95738354 95738354 48003210 37876666 37876666
43
812121995 812121995 812121995 812121995 812121995 448252128 448252128 448252128 448252128 448252128 448252128 57245932 57245932 57245932 57245932 57245932 57245932 57245932 57245932 57245932 57245932 32053494 32053494 32053494 32053494 32053494 32053494 32053494 32053494 32053494 32053494 692855370 692855370 692855370 692855370 692855370 692855370 692855370 692855370 692855370 17290323 17290323 892678709
43
934290145 934290145 934290145 934290145 934290145 399866944 399866944 399866944 399866944 399866944 399866944 399866944 399866944 399866944 975446184 975446184 975446184 975446184 975446184 975446184 975446184 975446184 975446184 35656932 35656932 35656932 35656932 35656932 35656932 35656932 35656932 234847391 234847391 234847391 234847391 234847391 234847391 234847391 381042658 763943056 763943056 221215743 257686510
40
633247360 633247360 633247360 633247360 633247360 953373218 953373218 953373218 953373218 953373218 953373218 953373218 953373218 953373218 634536362 634536362 634536362 634536362 634536362 634536362 634536362 634536362 744962026 744962026 744962026 744962026 744962026 744962026 744962026 744962026 707036955 707036955 707036955 707036955 707036955 707036955 707036955 707036955 707036955 918214429
43
966452014 966452014 966452014 966452014 966452014 966452014 966452014 979700310 979700310 979700310 951139937 951139937 961922265 961922265 961922265 961922265 961922265 961922265 961922265 22271691 22271691 22271691 22271691 22271691 368388412 368388412 368388412 368388412 368388412 368388412 368388412 151072668 151072668 151072668 151072668 314846105 314846105 314846105 314846105 314846105 314846105 482015389 482015389
50
781779597 329337812 329337812 329337812 329337812 329337812 329337812 329337812 329337812 257128639 257128639 257128639 257128639 257128639 95864592 95864592 95864592 95864592 820255878 820255878 820255878 820255878 820255878 316783862 316783862 832970802 832970802 832970802 832970802 832970802 706471321 735874382 735874382 735874382 735874382 735874382 735874382 735874382 735874382 735874382 963211833 963211833 963211833 963211833 963211833 696684041 696684041 696684041 696684041 696684041
40
327548692 327548692 327548692 327548692 327548692 653966417 653966417 653966417 653966417 653966417 653966417 653966417 653966417 653966417 142626741 142626741 142626741 453318126 453318126 453318126 453318126 453318126 453318126 453318126 453318126 199986394 199986394 199986394 199986394 199986394 199986394 199986394 199986394 199986394 199986394 568253771 568253771 568253771 568253771 214337222
44
946020789 725231414 725231414 725231414 725231414 725231414 725231414 554688230 554688230 554688230 554688230 554688230 554688230 554688230 554688230 554688230 842598782 842598782 842598782 842598782 842598782 842598782 842598782 842598782 842598782 842598782 43215818 43215818 43215818 43215818 43215818 43215818 43215818 678956342 678956342 678956342 678956342 678956342 818641294 818641294 818641294 190316561 190316561 12880012
46
878979297 878979297 886348989 886348989 886348989 886348989 886348989 886348989 886348989 846712610 846712610 846712610 846712610 846712610 846712610 625592533 625592533 625592533 625592533 625592533 19362014 19362014 19362014 19362014 19362014 495198651 495198651 495198651 495198651 495198651 495198651 495198651 636090188 636090188 636090188 636090188 636090188 636090188 636090188 636090188 636090188 636090188 508867156 508867156 508867156 41052776
44
299402740 299402740 299402740 245007007 245007007 245007007 245007007 245007007 245007007 245007007 245007007 245007007 588811340 588811340 588811340 38371621 38371621 38371621 38371621 38371621 38371621 553587488 553587488 553587488 553587488 553587488 553587488 107269437 107269437 107269437 107269437 107269437 233782553 294224708 294224708 294224708 220101976 843957324 843957324 396381332 396381332 244205684 244205684 258386783
47
986932922 966629619 966629619 966629619 966629619 966629619 966629619 966629619 966629619 966629619 966629619 990373030 990373030 990373030 990373030 990373030 217578404 217578404 217578404 810221057 810221057 810221057 810221057 810221057 705390108 705390108 705390108 705390108 705390108 705390108 705390108 705390108 705390108 745331550 745331550 745331550 745331550 745331550 745331550 58191763 58191763 58191763 58191763 838503145 838503145 69669066 280611215
49
273547016 273547016 273547016 273547016 273547016 273547016 240365278 240365278 240365278 240365278 118875578 118875578 118875578 118875578 118875578 118875578 118875578 118875578 118875578 118875578 24872587 24872587 24872587 24872587 24872587 24872587 24872587 24872587 24872587 24872587 405969409 405969409 405969409 405969409 405969409 405969409 405969409 405969409 405969409 405969409 147397795 147397795 147397795 147397795 147397795 34172386 34172386 34172386 859235880
46
480424745 360943129 360943129 360943129 360943129 360943129 360943129 360943129 360943129 360943129 986960009 986960009 986960009 615321438 615321438 615321438 615321438 615321438 958979709 958979709 958979709 958979709 958979709 173035537 173035537 574914477 574914477 574914477 574914477 574914477 574914477 599120600 599120600 599120600 599120600 599120600 599120600 599120600 599120600 599120600 169367314 169367314 169367314 169367314 169367314 151565305
48
96129612 96129612 96129612 96129612 96129612 96129612 96129612 96129612 96129612 901505651 901505651 901505651 48947086 48947086 48947086 48947086 48947086 48947086 48947086 259077308 259077308 259077308 259077308 259077308 259077308 259077308 817969154 817969154 859765582 859765582 859765582 859765582 58436875 58436875 58436875 58436875 222118358 222118358 222118358 222118358 222118358 222118358 222118358 222118358 222118358 6660308 336051947 336051947
42
458051065 458051065 458051065 458051065 458051065 458051065 458051065 458051065 458051065 562726317 562726317 562726317 562726317 562726317 562726317 562726317 562726317 562726317 562726317 974747857 974747857 974747857 974747857 974747857 974747857 974747857 974747857 974747857 169951620 169951620 169951620 169951620 169951620 169951620 169951620 169951620 169951620 963009903 641673101 641673101 641673101 908545609
1
233
45
347829064 347829064 347829064 347829064 347829064 347829064 347829064 347829064 347829064 213911583 213911583 213911583 452680103 452680103 452680103 452680103 452680103 452680103 452680103 452680103 452680103 775007055 775007055 775007055 775007055 775007055 775007055 775007055 46587936 46587936 46587936 46587936 46587936 46587936 46587936 46587936 46587936 642204696 642204696 239364002 239364002 317897231 317897231 317897231 707350168
