Case #1: 1
Case #2: 2 1
Case #3: 1 2 3
Case #4: 1 4 3 2 5
Case #5: 1 4 3 2 5
Case #6: -93 -83 98 90 -77 -75 -65 88 82 -65 -63 -43 -33 -23 80 -21 -9 3 9 70 62 9 19 62 29 54 50 51 73 42 73 22 16 0 85 87 -16 -28 -52 -62 -78
Case #7: 82 76 68 -77 -53 54 -41 38 -33 -33 30 -31 24 -23 -13 -9 -5 3 21 41 24 18 59 71 18 16 -66 93 -86 -100
Case #8: 94 -73 80 -63 -57 -53 -35 -29 76 -1 1 74 68 64 3 15 30 49 61 20 71 20 0 -34 -38 -60 81 87 99 -64 -86 -86 -98
Case #9: -97 94 -81 -79 88 -77 84 -75 -71 -63 84 -57 82 70 -55 -53 -49 -41 -35 -27 -25 68 -23 52 46 -13 -13 -11 -7 46 38 3 34 15 17 19 45 47 49 53 32 30 53 28 57 63 67 18 67 75 81 87 16 97 10 0 0 0 0 0 -18 -28 -36 -44 -46 -56 -58 -62 -76 -92 -94 -94
Case #10: 88 88 86 78 78 -89 -75 -71 -67 -65 -65 76 72 -63 -61 -57 -51 -47 -33 -29 -1 60 9 19 21 56 46 42 30 22 23 25 33 43 55 57 16 4 59 63 2 2 65 0 81 87 0 -6 -8 -10 -16 -20 -22 -28 -30 -46 -60 -62 -64 -72 -88 -88 -90 -96 -98 -98
Case #11: -95 94 -87 -85 90 -61 90 88 84 74 68 66 64 -57 -55 -31 -29 -25 62 60 -21 56 44 34 22 3 20 5 10 7 25 8 39 45 47 0 65 -6 -8 -32 -42 -56 -64 -66 -80 -82 -82 -84 -88 -88 -88 -92
Case #12: -33 25 31 78 -22 -60
Case #13: -91 -87 -77 100 90 88 -75 -71 78 58 -69 -49 58 54 -39 -33 -29 -19 50 48 46 -11 -1 11 13 29 31 33 41 41 44 42 36 43 55 59 65 69 77 32 28 89 91 93 95 26 20 14 10 10 0 -18 -34 -36 -36 -38 -40 -46 -72 -80 -84 -86 -92 -92 -94 -98 -100
Case #14: 90 78 68 64 26 0 -12 -47 -33 -19 -9 -48 -52 17 -74 19 -78 47
Case #15: -99 98 -99 98 -77 98 -77 -73 -71 -71 -65 -63 -59 92 -59 -55 -45 76 -41 -39 -29 60 52 52 -27 -13 -7 52 -3 -1 5 7 42 42 30 11 22 19 20 19 10 6 2 29 37 41 -4 -16 53 -26 57 -30 67 -36 -36 -36 69 -38 81 83 91 97 -42 -42 -44 -64 -74 -76 -78 -80 -88 -94 -96 -98 -100
Case #16: -99 -97 100 -89 -83 -77 -71 -71 -65 90 -63 -59 -53 -49 -43 -41 -39 -31 -29 -27 88 -21 -19 -5 84 -1 1 82 82 9 80 19 23 25 29 31 74 39 74 74 70 41 45 51 53 68 68 53 55 64 59 60 59 61 54 67 69 77 81 38 81 38 30 81 28 87 95 97 26 24 24 16 14 12 10 6 0 0 -2 -2 -4 -4 -6 -10 -18 -18 -26 -30 -32 -34 -34 -40 -42 -46 -52 -54 -60 -82 -88 -92
Case #17: -99 -97 100 -95 -91 -91 -85 -85 -83 98 -81 -79 -73 -73 -71 -59 -59 -55 -47 94 -45 -39 -39 -29 94 -21 -21 -5 -1 88 84 -1 9 15 84 78 15 17 21 23 23 74 37 70 68 39 49 51 58 53 55 46 57 42 61 63 69 34 69 32 26 73 77 87 87 91 97 24 97 18 6 0 -2 -2 -6 -8 -12 -16 -22 -26 -28 -28 -50 -52 -52 -58 -60 -60 -60 -68 -72 -72 -74 -76 -78 -86 -88 -90 -92 -92
Case #18: -93 -85 -79 -77 -75 -71 98 -67 -65 -61 92 -61 -59 -37 -37 -37 -37 -33 -27 92 -23 -21 -19 -17 86 76 76 -15 -7 68 62 -5 1 7 13 15 23 35 56 37 37 47 56 47 53 57 56 59 59 63 73 83 85 56 91 93 54 54 34 95 97 32 20 20 10 10 8 6 2 0 0 -2 -4 -8 -10 -10 -24 -38 -38 -44 -56 -56 -64 -70 -72 -74 -74 -74 -76 -78 -80 -88 -90 -90 -92 -96 -98 -100 -100 -100
Case #19: -87 -79 -63 -53 96 -37 -37 92 -29 -15 76 66 64 -13 -9 -7 -7 56 44 -5 -5 30 -1 7 30 4 27 31 4 0 41 55 -4 59 67 81 -20 85 89 99 -24 -28 -30 -48 -50 -50 -56 -58 -62 -96
Case #20: -93 92 84 -91 -63 -49 78 64 -39 -27 48 44 -3 7 19 23 40 27 53 0 59 65 -6 -10 -18 -24 -28 -30 -42 -54 -56 -58 -66 -68 -88 -94 -96 -96 -100 -100
Case #21: 100 -99 -85 96 -81 -79 -55 -43 -37 -7 -3 94 3 9 39 43 43 45 59 61 75 75 80 83 97 76 62 58 58 40 28 28 26 16 10 10 8 6 4 2 0 -2 -28 -44 -60 -64 -64 -66 -72 -84 -92 -98
Case #22: -99 100 -95 -87 -85 -85 -73 -63 -63 98 -61 -59 -59 94 -51 -39 84 -35 -25 80 78 -17 -15 -11 -1 3 9 78 74 74 58 9 13 15 21 21 33 50 48 37 41 41 36 49 53 57 71 32 26 12 71 4 83 91 2 97 97 2 0 -16 -16 -18 -26 -28 -40 -42 -52 -62 -70 -72 -76 -78 -96 -96 -100
Case #23: -99 -89 100 -89 -79 -77 84 -71 -67 -63 -59 -55 -53 -45 -45 -43 -39 -31 52 -23 -23 46 -13 44 -9 42 -5 1 3 3 42 9 11 40 40 38 13 17 23 29 35 39 41 53 59 34 28 28 59 65 71 73 79 79 87 95 99 26 24 24 22 20 18 14 2 0 -4 -14 -22 -28 -34 -38 -40 -44 -46 -50 -66 -66 -70 -72 -74 -80 -80 -82 -96 -98
Case #24: 100 -97 -91 -79 -77 -77 -65 -61 -55 100 -55 -53 90 -49 -47 88 -39 -39 86 -33 86 -19 82 82 78 -13 78 -11 -5 -3 -3 52 1 50 48 17 46 19 19 42 23 23 27 27 39 43 40 45 47 53 65 69 73 77 40 40 83 85 38 38 36 87 89 30 26 91 26 24 20 14 14 12 12 10 8 8 0 -12 -14 -16 -24 -26 -30 -46 -50 -54 -58 -66 -72 -74 -76 -76 -78 -80 -82 -82 -92 -94 -98
Case #25: 100 -95 -91 94 -77 92 88 -69 -59 78 -53 -47 -47 78 -41 -39 -33 -21 -19 -13 -11 -7 -5 72 -1 66 54 33 48 44 51 42 53 42 36 65 18 65 67 75 79 14 8 79 83 87 0 93 0 -14 -22 -32 93 95 97 -34 -42 -46 -50 -58 -68 -70 -76 -92
Case #26: -93 88 -79 -77 -67 -47 -33 -31 -27 -15 80 -7 -5 1 9 23 25 47 57 78 57 65 68 67 69 68 71 81 66 83 89 66 66 62 50 44 36 28 16 16 14 10 4 -36 -48 -58 -66 -66 -68 -72 -74 -90
Case #27: -91 -69 -65 86 -61 76 -29 60 40 36 -23 -5 5 30 24 27 24 27 29 20 12 39 12 49 57 10 71 0 81 0 -28 -42 -52 -62 -78 -86
Case #28: -97 100 -95 90 -89 90 88 82 74 66 64 62 -87 -83 60 -79 -73 -69 60 -67 -57 54 46 44 -51 -39 -33 -31 40 -29 38 -17 -17 -15 -9 24 -7 14 5 4 11 4 17 17 0 27 37 37 39 0 67 0 0 -12 -12 -12 75 93 97 -30 -32 -34 -46 -56 -86 -96 -98 -98
Case #29: -99 -25 7 25 51 94 64 97 62 42 40 12 10 -32 -36 -40 -40 -42 -66 -74 -76 -80
Case #30: -99 94 92 -97 -95 78 -83 -83 -77 -75 -75 70 58 -75 -67 -63 54 -57 54 -51 -51 -51 52 -49 -47 -39 52 52 -39 -39 -31 30 -29 -29 30 -25 -19 -17 20 20 20 16 12 -11 10 -9 10 -9 -3 4 0 0 7 0 11 -4 19 23 35 35 45 59 63 65 67 71 -6 -8 -12 75 -18 77 85 93 93 93 -20 -22 97 -24 -28 -30 -30 -36 -48 -50 -60 -60 -60 -64 -68 -76 -76 -76 -80 -82 -94
