30
1
1
2
2 1
3
1 2 3
5
1 2 3 4 5
5
5 2 3 4 1
41
-93 -83 98 90 -77 -75 -65 88 82 -65 -63 -43 -33 -23 80 -21 -9 3 9 70 62 9 19 62 29 54 50 51 73 42 73 22 16 0 85 87 -16 -28 -52 -62 -78
30
82 76 68 -77 -53 54 -41 38 -33 -33 30 -31 24 -23 -13 -9 -5 3 21 41 24 18 59 71 18 16 -66 93 -86 -100
33
94 -73 80 -63 -57 -53 -35 -29 76 -1 1 74 68 64 3 15 30 49 61 20 71 20 0 -34 -38 -60 81 87 99 -64 -86 -86 -98
72
-97 94 -81 -79 88 -77 84 -75 -71 -63 84 -57 82 70 -55 -53 -49 -41 -35 -27 -25 68 -23 52 46 -13 -13 -11 -7 46 38 3 34 15 17 19 45 47 49 53 32 30 53 28 57 63 67 18 67 75 81 87 16 97 10 0 0 0 0 0 -18 -28 -36 -44 -46 -56 -58 -62 -76 -92 -94 -94
66
88 88 86 78 78 -89 -75 -71 -67 -65 -65 76 72 -63 -61 -57 -51 -47 -33 -29 -1 60 9 19 21 56 46 42 30 22 23 25 33 43 55 57 16 4 59 63 2 2 65 0 81 87 0 -6 -8 -10 -16 -20 -22 -28 -30 -46 -60 -62 -64 -72 -88 -88 -90 -96 -98 -98
52
-95 94 -87 -85 90 -61 90 88 84 74 68 66 64 -57 -55 -31 -29 -25 62 60 -21 56 44 34 22 3 20 5 10 7 25 8 39 45 47 0 65 -6 -8 -32 -42 -56 -64 -66 -80 -82 -82 -84 -88 -88 -88 -92
6
-33 25 31 78 -22 -60
67
-91 -87 -77 100 90 88 -75 -71 78 58 -69 -49 58 54 -39 -33 -29 -19 50 48 46 -11 -1 11 13 29 31 33 41 41 44 42 36 43 55 59 65 69 77 32 28 89 91 93 95 26 20 14 10 10 0 -18 -34 -36 -36 -38 -40 -46 -72 -80 -84 -86 -92 -92 -94 -98 -100
18
90 78 68 64 26 0 -12 -47 -33 -19 -9 -48 -52 17 -74 19 -78 47
75
-99 98 -99 98 -77 98 -77 -73 -71 -71 -65 -63 -59 92 -59 -55 -45 76 -41 -39 -29 60 52 52 -27 -13 -7 52 -3 -1 5 7 42 42 30 11 22 19 20 19 10 6 2 29 37 41 -4 -16 53 -26 57 -30 67 -36 -36 -36 69 -38 81 83 91 97 -42 -42 -44 -64 -74 -76 -78 -80 -88 -94 -96 -98 -100
100
-71 -63 16 -31 -77 25 95 -89 -65 -52 9 -39 45 59 -41 59 31 23 -29 81 -30 41 39 -97 100 53 -27 -4 82 97 -18 87 81 -71 19 61 82 -43 12 0 -4 29 55 -49 81 24 68 -83 1 -82 -5 90 -59 69 -6 53 67 -99 51 6 -19 80 -32 -21 -2 -53 -1 77 14 60 88 38 38 -34 24 74 30 70 0 74 68 -10 -92 28 -46 54 -18 -40 84 -2 -34 -54 64 -42 10 -88 -60 -26 26 74
100
15 -59 94 57 -73 49 -83 21 -99 -52 51 87 -97 77 -73 69 87 -1 -91 6 -21 -29 73 53 -26 17 91 69 -55 -60 34 97 -71 -1 58 -78 -21 -39 -5 23 -79 -16 -91 -28 -28 -95 37 39 -92 -45 55 32 -85 -2 9 -59 23 -52 97 84 98 15 -81 63 61 -39 -47 46 -85 74 26 -86 100 42 -90 -60 -74 -72 -8 70 -50 68 -22 -60 84 -2 -92 18 -6 -12 -58 78 0 94 24 -72 -88 -68 88 -76
100
13 57 -15 -7 -23 -67 -38 -71 59 -37 -8 -61 35 47 93 -85 1 -21 -5 2 -93 73 23 -37 -96 68 -100 -33 15 54 -70 47 37 59 -27 -19 -59 91 86 -75 83 -37 0 -37 -65 85 -74 97 95 -17 -77 7 37 -2 -79 63 -98 56 -92 -61 53 -88 -10 -56 56 76 92 -44 98 92 56 -90 -38 -100 -24 -64 -72 20 6 -10 0 -78 32 10 -74 -80 -100 8 54 56 -76 -74 20 -4 10 76 34 -56 -90 62
50
-53 -13 31 89 44 99 81 -24 67 7 -50 4 30 41 -15 -79 -37 -96 0 -5 -87 30 -5 -37 64 4 85 -29 -20 56 -9 59 -58 -7 27 -63 76 55 -1 -7 -56 -62 66 -4 -50 96 -48 -30 92 -28
40
53 -66 84 -63 27 7 64 40 -91 -27 -96 0 -93 23 -3 -39 -56 -49 19 -30 59 65 -42 -96 -18 -28 -58 -6 -88 48 -100 44 -94 -10 78 92 -24 -54 -68 -100
52
-98 -37 45 96 39 -99 9 -85 -81 -7 3 8 -79 -3 -55 75 97 75 59 43 61 -43 10 43 83 -2 58 -28 16 4 26 80 -64 58 -84 -44 28 -66 40 0 -60 -72 100 76 62 -64 10 94 6 -92 2 28
75
21 74 -59 -73 -63 49 -39 -25 37 84 97 -15 -59 2 15 97 50 21 -85 -76 78 9 -95 33 -61 83 -17 2 4 -100 0 13 -51 -63 -87 41 -1 36 -78 -85 9 71 -42 57 3 -35 71 -96 12 78 91 -72 41 -11 100 -99 53 26 94 58 74 -16 -16 -40 48 -28 -70 80 32 98 -96 -18 -26 -62 -52
86
3 -23 100 95 -45 59 46 -89 99 41 73 79 11 -31 -53 -79 35 65 24 39 -71 -44 -77 -70 -55 -66 -63 87 -5 -23 -46 71 -45 26 42 -98 -39 1 23 -99 9 59 79 -9 -59 -80 28 -82 3 29 -67 -43 17 13 -89 53 -13 84 20 -72 28 -38 34 -4 44 -14 -80 -40 40 42 -74 18 14 -34 22 0 -50 -28 -22 -96 38 52 2 -66 24 40
99
-80 -3 47 53 -39 45 -97 1 69 -72 -13 83 14 -39 -61 78 17 -55 -76 -19 36 27 -82 40 52 -11 -74 19 -77 87 65 38 73 48 30 -77 -98 -33 85 50 23 77 23 -55 91 -49 100 -47 -53 19 -65 89 -5 39 90 0 -79 -3 40 -26 14 27 43 -78 12 -91 -58 78 -92 20 86 -82 -66 -54 -50 100 -12 -30 -24 46 40 26 -76 82 -94 8 10 8 24 88 26 38 12 86 42 -46 82 -14 -16
64
100 -91 -47 -34 87 72 14 -13 93 8 33 75 65 94 -11 -41 79 93 79 53 -33 67 -39 -50 -59 -76 0 -47 36 -22 65 -70 51 -46 -92 97 -32 -95 -21 83 -19 48 18 -69 -1 -7 -14 -5 42 -68 88 78 -77 -53 95 -58 54 -42 78 92 66 44 0 42
52
-47 -72 -27 47 -31 -77 67 89 -7 65 -68 25 9 -33 -67 1 -15 57 71 -58 57 -79 44 23 83 78 69 81 50 -5 -93 -36 66 16 16 68 -48 80 10 36 28 4 66 88 -66 -66 -90 62 14 68 66 -74
36
71 29 -61 24 57 0 49 20 -86 -78 -65 27 -91 40 12 5 -52 81 39 -28 76 -29 -42 -23 -69 -62 -5 0 27 60 10 36 12 24 30 86
68
-17 14 -9 54 -17 64 90 -98 0 88 -96 -46 37 67 40 -39 17 11 44 75 -67 4 90 60 -79 -31 -7 -95 -34 -57 -12 97 -69 -73 -51 46 39 100 -97 -98 17 62 -29 27 66 37 93 -87 5 82 -89 38 -12 -56 -32 74 -15 -33 -83 -30 -86 0 0 4 24 60 -12 0
22
25 51 -25 -99 7 -42 40 97 64 -40 10 -40 -80 94 -36 -76 42 12 -74 -32 62 -66
97
-75 -28 -50 -63 -99 12 -39 -97 67 93 -39 -48 16 -75 35 -77 -4 -11 -6 -95 -51 -51 -60 -29 -39 23 0 4 35 -3 7 70 -51 -75 78 45 75 -9 52 20 20 -18 -8 97 92 63 -76 93 -9 -24 -60 -68 -83 -82 93 58 -49 -19 -17 -57 71 -31 -47 85 -25 77 -36 30 94 59 52 65 11 19 -29 -67 -20 -60 -83 -80 -12 -76 -94 30 -30 54 20 0 -76 10 -22 -64 -30 10 54 0 52
