100
9
-10 4 -10 8 20 30 -2 -3 7
1 4
2 4
4 3
9 4
9 8
7 5
6 7
7 9
4
-2 20 20 20
1 2
1 3
1 4
5
-5 -10 8 -7 -2
5 4
4 3
3 2
2 1
9
2 4 -10 8 20 30 -2 -3 7
1 4
2 4
4 3
9 4
9 8
7 5
6 7
7 9
7
2 -4 8 -2 10 8 -10
1 2
2 3
1 4
4 5
1 6
6 7
5
-2 10 -5 11 25
1 2
2 3
3 4
4 5
6
1 -6 4 -3 5 -2
1 2
2 3
3 4
1 5
5 6
15
-78 -15378 -56055 -86504 -27673 -89595 -70448 -88650 -92967 -46930 -35022 -94167 -9653 -45722 -34617
1 3
3 6
6 10
6 11
1 8
11 15
6 14
1 2
3 13
14 5
13 7
14 12
15 9
10 4
15
33560 15187 26860 16348 47074 27101 64117 64951 77321 77748 49071 92654 65075 65177 76566
1 2
1 7
2 12
7 6
12 15
6 5
1 10
15 4
4 8
1 11
2 13
8 3
10 14
13 9
8
-59207 95358 -44968 -5797 -91455 -80193 -8234 -40006
2 3
1 2
4 5
5 6
3 4
6 7
7 8
5
-78728 6784 -38851 2191 -36935
1 5
1 4
1 2
4 3
15
-19777 -30518 53789 -64003 78680 74368 -7776 52724 34743 43244 -81337 -37986 -62521 270 73760
1 10
1 4
10 8
4 12
12 14
10 13
8 7
14 6
6 3
7 2
10 9
13 11
6 5
14 15
14
22634 -64052 56812 -50768 -87237 9878 -38055 -30209 41203 13049 55736 69068 -76508 -83489
1 8
1 14
14 13
14 7
13 4
4 12
4 9
14 3
14 10
14 2
1 6
7 5
6 11
12
-76710 -76500 49511 37665 -52136 -66851 23857 87116 51013 93041 23464 79181
1 8
8 4
8 9
1 5
9 6
8 11
5 12
9 10
8 3
9 7
6 2
4
49741 -93740 -76229 12971
2 3
3 4
1 2
4
-2023 -57471 70297 -19387
3 4
1 2
2 3
7
-39766 18555 -17913 95161 52778 -60129 -1098
1 4
1 7
7 3
1 5
4 2
2 6
6
-90209 65086 8058 -30113 49530 -39951
1 2
1 4
1 3
3 6
1 5
10
-76895 20030 -23925 49839 -50639 93172 16734 -13228 28867 88693
1 3
3 10
1 6
1 7
7 2
10 5
5 9
6 8
3 4
10
-90156 -43720 -26162 54655 90434 4695 50351 -43274 63500 -54850
1 7
7 3
3 9
3 4
4 6
7 5
9 2
5 8
2 10
2
17552 -73870
1 2
14
-14439 77472 -29779 72617 -22541 -85304 93154 -84824 -43129 -97565 23917 -99631 -93560 -50474
1 12
1 6
6 14
6 11
6 2
14 4
2 3
1 7
3 10
2 5
14 9
9 13
2 8
15
2149 59546 90223 70229 43540 86053 -14311 26512 -94843 -13085 25456 -36135 52334 86940 83708
1 6
6 4
1 8
8 9
6 2
1 7
7 5
5 14
4 11
8 3
11 12
6 15
9 13
12 10
11
42091 -64681 84105 46315 -64074 94005 25682 -34277 73985 -35434 35001
1 4
1 3
3 7
4 10
10 11
10 8
4 6
7 9
7 5
4 2
15
-74898 -21348 -47064 -36209 -2623 55225 72536 1464 -54140 41188 -41227 71923 -94493 55901 28632
1 5
5 13
13 11
11 9
11 8
9 6
5 3
3 14
5 7
6 10
1 12
13 2
3 4
10 15
14
51724 34153 -70130 -78065 -39971 -31112 66137 61511 -75666 73913 -48870 11253 59583 -80651
1 13
13 3
1 9
1 11
13 14
3 7
7 10
14 12
9 2
2 6
14 4
11 5
4 8
13
38955 30093 89576 -4540 39686 -78201 67974 -61285 -28704 -67269 -6774 98353 95470
1 12
1 13
1 3
13 4
1 2
12 8
2 11
1 6
13 7
8 5
7 10
13 9
4
45105 -1346 -77683 -29152
1 2
2 3
3 4
12
-9613 -15135 -24563 -67223 -36523 -68235 -42178 91584 -58437 30570 -87632 -28376
1 9
1 12
1 11
11 10
10 3
1 5
9 8
8 4
9 6
9 2
1 7
4
84014 -85089 -99849 40520
1 4
1 3
1 2
8
-62974 -27593 10073 31426 91253 -26484 39502 21592
1 8
1 3
3 4
3 7
8 6
1 2
2 5
15
-75641 -99071 -84075 -51160 -71924 -34642 -55706 -67564 43968 89888 37244 83444 -62091 13409 97437
1 15
15 3
3 13
15 11
11 4
1 10
10 9
1 6
4 12
3 14
12 5
10 8
14 7
11 2
10
7065 75325 78578 -51380 36404 -41003 29513 -50571 29829 54782
1 10
1 5
5 7
7 2
5 3
7 8
7 6
7 9
8 4
11
71274 5952 -33362 57845 -92476 -43698 -60379 -11128 -81387 -80632 5831
1 7
1 8
1 3
1 11
7 10
3 5
5 4
4 9
4 2
4 6
4
-68332 -74351 -24754 -86050
1 4
1 2
2 3
3
67538 10314 85388
1 3
3 2
14
92726 -77137 -44751 47665 15891 13807 -13820 71717 43269 -67591 -13892 66205 14684 -66579
1 12
12 5
5 11
11 13
12 7
13 4
5 3
3 10
12 8
12 9
5 2
3 6
6 14
14
83889 4131 -25462 27276 -53895 -28406 -63231 60980 -10657 42387 -78408 -12619 64350 38780
1 5
5 3
3 12
5 4
5 7
7 14
14 13
12 11
12 6
14 10
11 2
1 8
1 9
13
31961 95829 81211 4836 12055 -58326 90100 1451 -66156 -91191 -38284 -68426 -52400
1 7
7 4
4 10
7 5
1 12
7 2
2 3
5 8
4 9
5 13
3 6
5 11
10
37232 81073 86404 73232 -94222 18647 -61805 22037 -96622 86957
1 2
2 10
2 9
1 4
9 8
4 7
7 3
1 5
9 6
5
-87448 62472 70559 -18726 31266
1 4
4 5
4 2
2 3
5
91603 54464 85034 62034 -87834
1 3
1 2
2 4
3 5
15
84302 -56619 -19297 37321 -22693 -50802 -56881 -20648 -73675 -63522 -35282 -18912 94529 29103 62880
1 11
11 12
12 10
11 3
3 6
10 15
3 4
4 9
6 13
4 7
7 8
10 14
6 5
5 2
8
84408 -73288 44188 -22755 -86336 -42551 21237 59695
1 4
1 2
1 5
1 3
2 7
2 8
7 6
15
32683 17657 -99627 -21031 83907 -93052 87257 10643 20473 14652 -6808 -69917 94518 50641 33003
1 4
4 6
1 9
1 2
4 13
13 8
4 12
2 14
14 7
2 11
2 5
2 3
4 15
9 10
6
-99139 -22991 -51012 23657 -69521 -48949
1 3
1 5
3 4
4 2
4 6
14
-51898 -70325 37527 38167 -9502 43503 69213 -44007 -60324 -80180 17439 25810 -85790 -77650
1 2
2 10
2 3
1 5
3 13
3 9
1 6
2 7
2 12
12 14
2 8
13 11
2 4
11
-61030 59973 67884 33110 5150 -98975 -68015 55180 -84550 -27551 -81621
1 8
1 9
9 10
8 2
2 3
8 6
3 4
8 11
11 5
3 7
12
34142 -56622 -65710 -8072 86629 62190 -73153 -92418 -57657 -67066 1174 65279
1 6
6 2
6 8
2 12
1 4
6 10
4 3
10 7
8 9
4 5
9 11
2
34585 -12923
1 2
4
34468 20677 39479 34516
1 2
2 4
1 3
15
81165 29909 -2039 80702 47286 53441 90016 -13862 -28224 -2048 -69492 37131 -12695 -6019 -17148
1 9
1 4
9 7
9 3
9 6
4 15
6 13
3 11
6 2
3 10
2 14
1 12
14 8
4 5
4
-62795 -9237 -95175 6888
1 2
2 3
3 4
14
-97489 -82803 -74753 19122 -92125 51235 16875 -55099 -72650 -45224 86613 -6049 79625 -55866
1 7
1 13
13 6
7 12
6 14
1 9
9 5
1 8
7 11
9 3
6 10
12 4
11 2
9
693 -13722 -72212 -71381 80923 -36948 -14273 60223 77716
1 9
1 6
1 4
6 3
3 2
4 5
9 8
1 7
3
1653 -83255 -71492
1 3
1 2
14
35394 -6808 -72875 -26770 31828 63254 17150 -36191 99475 -38771 -64275 -86907 -51883 -21806
1 7
7 9
9 14
14 5
5 13
7 12
7 2
5 4
2 11
2 8
8 6
1 10
10 3
4
-81037 12951 5967 29477
1 2
1 3
2 4
5
-40725 -91470 63303 40762 -4440
1 3
1 5
1 2
2 4
3
57431 -45629 86416
1 3
1 2
5
28406 -63982 44900 -51609 -16814
1 2
2 4
2 5
5 3
12
32271 -98267 34668 -20490 -19524 15036 42032 -58325 -85022 39004 56532 32774
1 3
1 7
7 5
1 10
7 8
3 12
7 9
8 4
10 6
12 2
2 11
15
69013 -4445 33434 40213 -24307 26013 -67460 -12690 74195 87339 -7183 25240 -58545 8011 -18505
1 5
5 9
5 7
5 6
7 11
1 15
9 3
1 4
3 2
7 8
15 12
7 10
5 14
3 13
10
95151 85000 85390 34248 -74925 -67319 -38538 56841 28641 86290
7 8
9 10
1 2
4 5
3 4
8 9
2 3
5 6
6 7
6
-18044 87981 -23777 -64126 22538 -80724
1 6
6 3
6 4
4 5
6 2
13
-10954 49649 -31899 39353 -83514 -27123 -91248 2422 55503 -59073 -60370 -52993 -81455
1 2
2 7
7 3
1 5
7 10
1 6
5 11
10 12
6 8
6 13
8 4
5 9
10
-90367 -2994 18548 66227 -16567 -79538 -8410 6166 -32441 -74298
1 3
3 10
3 7
3 8
8 2
8 9
9 6
10 5
8 4
4
-51141 42403 -13993 -34755
1 4
1 3
3 2
13
17486 26006 11209 -69329 -26240 -57392 -4218 57184 -637 32534 -86547 6920 46271
1 7
7 5
1 13
13 3
13 6
13 2
5 11
13 10
7 12
7 8
10 9
12 4
15
100000 100000 100000 100000 100000 100000 100000 100000 100000 100000 100000 100000 100000 100000 100000
1 9
9 13
1 15
1 5
1 7
9 3
3 6
7 11
3 14
15 2
13 10
7 4
3 12
3 8
11
17929 56630 85868 65270 94847 -21552 -64316 24743 -21270 72173 -84643
1 2
1 3
1 7
1 10
3 5
1 11
3 6
3 4
10 9
3 8
9
-44192 43609 54833 81129 18601 -34519 6830 -72413 -49603
1 5
1 2
5 9
1 7
2 8
8 3
8 6
8 4
13
-9410 -723 -7421 17815 -51739 987 -74168 55708 -12634 9403 -30979 99676 -68979
1 13
1 4
1 12
1 3
12 5
13 7
13 9
13 6
13 8
7 10
6 11
4 2
4
-66684 35408 27357 -88562
1 2
1 3
1 4
2
-47846 21929
1 2
5
-92134 -98904 -72519 -31994 41873
1 3
1 5
3 4
4 2
5
-8005 2143 -35949 -28642 -21431
1 5
5 3
1 2
2 4
3
-7748 -76818 -86818
1 2
1 3
2
94451 -76413
1 2
13
98223 -82082 50796 39818 -58825 -93299 -73075 16298 54512 94828 50665 43738 11517
6 7
3 4
9 10
5 6
1 2
8 9
2 3
12 13
4 5
11 12
10 11
7 8
12
16006 -47992 -27972 31999 -68105 -48138 -83817 84230 -66640 -39954 58547 -94023
1 10
10 12
1 5
12 8
10 3
1 6
3 11
6 7
3 4
7 9
4 2
5
51563 -65208 36440 -33957 52821
1 5
1 3
3 2
2 4
8
-7847 68895 18447 -26762 -34130 -62745 20624 -43652
1 2
2 3
2 5
2 8
3 6
1 7
3 4
4
-85127 76595 19864 -23007
1 2
1 3
1 4
6
83766 -52592 59352 33356 -64934 44761
1 5
1 3
5 6
6 4
5 2
3
5627 -92192 -70780
1 3
1 2
4
-68892 -74323 46963 12136
1 3
3 2
3 4
6
-66245 6507 -95486 -34684 36720 79939
1 4
4 2
2 6
1 3
1 5
5
-71685 -12065 -31661 40247 -45450
1 5
1 2
2 4
2 3
11
-41457 4382 -7566 -12718 -6302 30064 8546 -32691 -76873 -16067 -85085
1 11
11 6
11 3
3 9
1 5
5 10
5 2
10 8
2 7
5 4
14
-67931 72023 -19993 -71412 -30176 -6971 -15355 80279 -60515 -97920 65993 49159 -67949 -25851
1 4
4 6
6 5
5 7
5 8
7 12
8 9
6 14
12 10
10 3
12 2
9 13
3 11
4
98550 310 -39230 30347
1 2
1 3
3 4
11
48656 74732 -85247 59314 2510 -68347 77767 -73735 -75662 -54504 -72723
1 3
1 2
3 6
2 4
1 9
1 8
3 11
9 10
8 5
8 7
14
-53956 -67012 -90638 52213 56669 -60071 -32395 93955 -20997 65807 -74349 806 90065 10448
1 10
10 3
10 4
1 5
10 2
5 14
14 11
4 9
5 6
2 12
12 7
12 13
13 8
7
-3064 53355 41405 9703 13634 85628 31131
1 3
3 2
2 6
3 5
3 4
2 7
15
81409 -64617 -24513 -35439 -53014 -36833 -89619 -19535 36306 -86441 -17066 -78084 33603 85595 74875
1 11
1 6
11 9
6 15
9 13
11 2
2 10
15 4
13 3
9 7
6 8
11 5
15 14
11 12
5
12455 64301 9209 -90462 4586
1 2
2 5
5 4
1 3
2
93164 82288
1 2
2
88750 -94799
1 2
2
-16024 32944
1 2
