100
100 1
100
10 3
20 3 15
433602 2
751249 373042
472173 2
598090 414595
1 5
409295 869742 440213 132416 732307
1000000 1
1000000
327179 3
914339 438286 552079
72668 5
15389 775908 804974 828624 846105
11 5
10 5 5 5 5
907455 2
461437 371346
316495 5
486062 785630 872791 879522 999694
591776 5
68370 215818 404479 598782 688230
170348 1
107349
2 5
7 9 8 6 5
1000000 1
999999
934591 5
979297 712610 530432 348989 200797
477673 3
30624 812204 326010
968003 4
722717 658311 521613 683715
2 5
1 1 3 1 3
484256 5
131550 351516 191763 239644 103145
91471 4
734366 549338 285646 471775
1000000 5
304527 439978 877409 839880 960797
655343 3
101976 710769 957324
1000000 5
132463 736794 438130 241348 157788
536308 3
460183 245003 20663
81601 1
508364
4597 3
985680 949933 377639
442958 1
353057
5 5
14 3 27 15 28
694499 5
56685 161384 297765 204451 153159
911149 4
45643 777657 288482 452014
925281 4
468293 370716 657450 522099
7 5
254 254 697 163 587
968825 5
381332 828432 205684 675013 386783
261370 1
214460
685142 1
187333
53807 5
956342 641294 581107 316561 47125
197837 5
700310 577963 139937 470152 922265
285969 4
932545 486051 501572 835858
18142 5
196617 631602 899708 502860 109274
866849 5
777330 720508 670564 558352 354757
945164 1
524221
903314 2
58627 899318
3 4
2 2 2 4
2 4
2 2 2 6
3 3
1 1 100
794639 4
698118 412730 309434 687542
630006 5
990743 886690 426965 188348 88507
420052 3
265671 431655 881567
149057 1
505962
708549 1
251643
8 5
1 2 2 2 2
722874 4
319783 872322 153564 758068
551630 5
258913 331898 571204 713070 762777
980015 5
674378 835329 345062 12635 514796
436019 5
461049 638276 931667 507833 987264
400889 4
412409 543461 277995 360305
186872 5
24766 69437 28835 182553 185931
659365 2
697609 818605
710643 2
202090 903202
10 5
24 51 132 52 131
5 5
9 1 9 2 24
922664 1
426716
909243 2
247047 111492
2 5
2 3 1 4 4
6 5
36 863 467 234 941
11 5
5 5 5 5 10
669066 1
782273
4 5
2 2 3 3 4
1 5
1000000 1000000 1000000 1000000 1000000
1000000 5
1000000 1000000 1000000 1000000 1000000
3 5
1 1 1 1 1
817635 2
653640 425085
433810 4
569393 750798 846218 112853
444330 5
777330 886381 553610 444647 498576
3 4
2 2 2 3
192105 2
656933 898614
848695 5
338257 163116 128012 523674 945388
835897 2
279016 442783
995058 5
667317 315881 275167 109281 95844
983254 2
806731 775765
685194 5
318113 788442 389893 922972 712285
172079 1
89787
1000000 5
447751 830176 45057 490252 108095
1000000 5
118117 271691 686575 388412 197337
173006 1
154179
799364 5
135355 202722 694821 848909 966791
116198 4
755395 258230 811019 385400
1 5
1 1 1 1 1
732153 5
272260 304326 90249 233056 20041
1000000 5
1 1 1 1 1
966081 5
360754 947897 147118 49185 554035
35516 5
488211 147829 871650 360532 301392
327057 5
704575 679744 424516 21135 666223
1000000 5
567893 762034 20789 285491 231414
186049 5
125350 393341 275655 239038 382360
2 5
1 1 1 1 1
831415 3
435283 591611 668334
836920 1
675919
10 5
5 5 5 5 10
