50
68 1
-68 245
-67 133
-63 151
-60 219
-56 55
-54 175
-53 214
-50 118
-49 182
-48 134
-46 129
-45 103
-44 86
-41 139
-39 217
-38 42
-35 177
-34 61
-33 97
-32 67
-31 243
-30 159
-22 94
-21 279
-20 200
-13 78
-11 114
-8 125
-4 224
-1 186
0 181
1 66
2 118
3 171
4 67
7 168
8 98
9 85
11 259
12 107
13 176
14 178
15 133
16 100
17 294
18 112
24 169
25 195
30 66
31 176
32 165
35 121
37 119
38 140
42 214
46 58
47 199
48 169
49 45
51 100
53 168
57 58
63 217
64 195
65 96
66 267
67 64
68 220
128 4
78359 59
78368 108
78370 138
78378 80
78379 153
78383 83
78384 148
78390 43
78394 136
78401 134
78409 63
78412 113
78421 121
78429 133
78435 88
78444 129
78452 103
78460 67
78463 92
78467 133
78475 63
78479 56
78481 46
78484 80
78493 113
78497 52
78498 52
78508 87
78516 107
78520 118
78526 44
78528 48
78532 73
78538 39
78544 55
78545 142
78546 119
78551 84
78556 57
78564 135
78572 46
78573 97
78582 96
78592 130
78602 134
78605 102
78612 59
78622 113
78626 98
78632 68
78638 121
78644 112
78645 81
78654 33
78663 43
78673 115
78682 102
78689 132
78695 68
78702 47
78710 103
78712 78
78718 104
78726 72
78735 70
78745 86
78755 58
78759 68
78765 36
78772 39
78775 69
78778 94
78780 50
78790 73
78796 47
78799 45
78807 117
78809 100
78819 95
78822 107
78826 60
78833 110
78841 42
78848 113
78852 51
78861 89
78866 120
78875 55
78879 74
78881 99
78890 68
78897 80
78899 103
78909 42
78919 80
78921 64
78927 93
78937 94
78946 49
78954 102
78957 45
78959 73
78963 81
78968 71
78969 26
78977 28
78984 84
78990 58
78995 67
78996 27
78997 50
78998 32
78999 89
79001 37
79011 51
79015 74
79025 41
79028 85
79037 58
79038 31
79046 38
79054 33
79060 42
79063 44
79065 63
79072 22
79079 51
79088 9
124 9
-99609 1
-98601 1
-96970 1
-96295 1
-92189 1
-90724 1
-90667 1
-90433 1
-85047 1
-83429 1
-82891 1
-82462 1
-81409 1
-79863 1
-79054 1
-77740 1
-76321 1
-75825 1
-75674 1
-71858 1
-68918 1
-68332 1
-65459 1
-61464 1
-59887 1
-59287 1
-56417 1
-56392 1
-55975 1
-54993 1
-54424 1
-54406 1
-53546 1
-53308 1
-52292 1
-50686 1
-50680 1
-50135 1
-48464 1
-48174 1
-43173 1
-41945 1
-38488 1
-36687 1
-33726 1
-29946 1
-29458 1
-29212 1
-28940 1
-27510 1
-27121 1
-23086 1
-22099 1
-21384 1
-21352 1
-19494 1
-15326 1
-12595 1
-10703 1
-6789 1
-6758 1
-5343 1
-4786 1
-3053 1
-2426 1
163 1
521 1
3418 1
3684 1
4817 1
7342 1
7774 1
12386 1
17306 1
21846 1
23478 1
24415 1
25090 1
25721 1
26324 1
27936 1
28315 1
28551 1
28955 1
31506 1
34845 1
36832 1
38367 1
38683 1
41756 1
41764 1
43046 1
46459 1
49013 1
51382 1
55518 1
55649 1
57098 1
57628 1
58822 1
59065 1
60749 1
65673 1
65702 1
66343 1
69276 1
69360 1
72358 1
73063 1
76603 1
78127 1
80683 1
81434 1
83286 1
86692 1
88622 1
89637 1
91909 1
92907 1
93260 1
94055 1
96290 1
96878 1
99972 1
147 2
-99207 1
-95829 1
-94734 1
-94658 1
-92303 1
-91729 1
-91225 1
-90393 1
-87689 1
-86751 1
-85989 1
-85547 1
-85545 1
-85036 1
-83349 1
-83318 1
-81621 1
-81233 1
-80889 1
-78958 1
-77339 1
-71261 1
-70664 1
-66551 1
-65395 1
-62079 1
-61628 1
-57494 1
-57404 1
-56806 1
-54507 1
-54294 1
-53897 1
-51162 1
-48891 1
-46572 1
-46261 1
-45960 1
-43621 1
-42414 1
-42401 1
-40054 1
-39886 1
-38230 1
-31004 1
-28820 1
-27494 1
-24378 1
-23632 1
-23502 1
-22858 1
-21720 1
-20476 1
-17019 1
-14374 1
-14054 1
-12472 1
-10455 1
-10000 1
-9661 1
-6498 1
-6413 1
-5930 1
-4894 1
-2872 1
-2577 1
-1069 1
78 1
559 1
593 1
2649 1
3952 1
5822 1
5928 1
6236 1
6629 1
6847 1
7112 1
8066 1
10039 1
12898 1
13809 1
13890 1
15262 1
17542 1
21254 1
23364 1
24022 1
25934 1
26827 1
26912 1
28132 1
30339 1
31666 1
34833 1
36014 1
39183 1
39758 1
39795 1
40100 1
40485 1
43056 1
43970 1
44084 1
44343 1
45181 1
45572 1
45925 1
48906 1
50956 1
57029 1
61026 1
61853 1
62561 1
62878 1
63067 1
64262 1
64767 1
66636 1
66792 1
69085 1
70059 1
70274 1
71333 1
74427 1
74554 1
75384 1
75626 1
75864 1
77178 1
80081 1
80867 1
81907 1
83059 1
84621 1
85642 1
86936 1
87413 1
88275 1
88633 1
90853 1
90887 1
91855 1
92066 1
96782 1
97742 1
99317 1
200 49
-99880 46
-99338 29
-98919 38
-96950 3
-95035 12
-94389 10
-94190 26
-93643 32
-92983 7
-92981 11
-92961 38
-91780 27
-87906 25
-87643 11
-87223 40
-86132 24
-85313 15
-84319 24
-82433 25
-79310 17
-78358 23
-76280 8
-73680 47
-71648 13
-71532 40
-71447 9
-69881 32
-69810 25
-67051 15
-64795 14
-64098 16
-59781 38
-59109 43
-58763 36
-57513 42
-57106 2
-56143 31
-52616 14
-50521 49
-49856 34
-49193 49
-46734 21
-46519 26
-45364 37
-45205 32
-44177 46
-43661 41
-43477 32
-41331 48
-41263 1
-41129 22
-39672 5
-38821 14
-38160 31
-36675 47
-35178 6
-34607 7
-34022 29
-33007 20
-32430 25
-31342 19
-29919 1
-28822 5
-27600 45
-25940 3
-22421 44
-22181 48
-20329 30
-20248 19
-20213 26
-19174 25
-17792 13
-17637 6
-16647 18
-16508 8
-16309 30
-14688 14
-14544 36
-14073 17
-12566 25
-12242 26
-12018 47
-10928 21
-10167 37
-7881 38
-5960 7
-5744 43
-4426 47
-3423 10
-1584 29
-711 9
-528 44
2059 43
2175 46
3361 12
5536 29
5856 40
6124 11
6938 2
10514 50
11484 10
12523 3
13160 25
14613 6
15608 18
16171 2
16849 44
17103 1
18006 29
18313 44
19259 18
20739 28
20896 50
21164 19
21246 38
23575 41
24572 26
24636 3
26174 47
27267 37
27686 43
28515 41
29331 38
30579 22
30616 39
30880 5
31276 40
32546 12
32613 23
34058 41
34139 50
35278 10
35444 24
38084 28
41603 21
41755 35
42228 7
43772 50
46066 18
46937 9
47143 38
48043 11
48766 48
49189 17
50434 6
50977 33
51253 38
51651 35
52298 6
52774 35
53098 29
53906 41
56015 46
59299 30
59807 15
61243 18
61362 4
63110 31
63289 3
63541 26
63748 6
63772 18
64426 3
66697 7
66809 15
67083 38
67356 12
67552 31
69074 22
71393 21
73569 49
75073 39
76219 17
76616 6
77011 18
78064 33
78957 42
79835 19
80222 4
80300 4
81556 20
83063 15
84000 21
84470 41
85328 7
85669 29
86458 48
86476 11
86805 38
87326 38
87962 1
88419 31
88774 22
89386 36
89564 29
90004 44
90132 32
90155 32
97656 5
99061 47
200 7
-100000 97
-99665 33
-98778 37
-96011 21
-95402 49
-94610 61
-93167 82
-92293 50
-92232 19
-91655 69
-89559 90
-89492 42
-89119 26
-88407 26
-88285 59
-87574 86
-87509 31
-87351 66
-86341 70
-85720 63
-85607 39
-85273 55
-83723 19
-83059 79
-80627 27
-79812 18
-79697 68
-79390 23
-79175 88
-79053 51
-78323 47
-75624 23
-73341 30
-72732 55
-68903 58
-67967 21
-67948 63
-67802 54
-67716 41
-67085 46
-65752 70
-65634 84
-65412 71
-63907 38
-63117 58
-62774 29
-61738 52
-61123 78
-60559 4
-60261 40
-57486 55
-56274 29
-54464 67
-54332 33
-54156 49
-53154 35
-52900 44
-52754 28
-52477 68
-52464 51
-52218 39
-52083 70
-51054 24
-50932 72
-50176 68
-50131 40
-49508 24
-48199 18
-46932 42
-46874 36
-46589 78
-44423 57
-44259 78
-43324 36
-42668 60
-38660 23
-36713 87
-35979 56
-35965 63
-35393 67
-34857 53
-32947 87
-32901 23
-31851 30
-31660 49
-30043 83
-29268 39
-29238 91
-29082 57
-28619 65
-28063 56
-26655 96
-25203 39
-24427 56
-23233 21
-21710 72
-20448 20
-20052 25
-18804 58
-17197 24
-14311 41
-13650 30
-13320 52
-12168 73
-12007 74
-11226 36
-10528 18
-10053 55
-9021 77
-6705 45
-6156 49
-4827 29
-4569 31
-2913 23
-2656 25
-635 65
147 20
753 53
3289 60
3509 26
4191 71
6139 33
7703 40
9061 56
9789 21
9963 42
12017 32
13037 45
16386 71
17644 75
17903 19
20808 77
21956 26
24213 29
28512 95
28697 86
29089 48
30096 40
32869 27
32922 69
35221 32
35725 53
36615 23
37343 75
37546 55
37660 25
38293 63
40903 65
42887 38
42950 61
45355 63
45543 67
47251 43
49240 57
49690 43
52300 28
52773 67
52965 38
54982 66
55047 25
55864 70
57708 24
58421 25
59146 61
60576 51
62030 60
62391 32
63680 65
65086 87
66403 34
66491 28
66941 66
67178 86
68439 60
70406 32
71986 72
74398 66
76087 86
76683 73
77237 27
77780 46
79052 32
80995 31
81281 78
82501 52
82668 44
85136 27
85640 34
85766 90
86562 28
89289 43
89479 52
90338 22
93466 64
94225 84
95373 40
97791 42
98086 93
98560 27
100000 48
200 1000000
-100000 5887
-99911 6382
-98241 3549
-97560 6779
-97490 4280
-96911 5680
-96361 2538
-95603 8444
-95244 3319
-95189 4605
-94968 2613
-94399 4103
-93561 3247
-92356 4794
-89784 6482
-89455 6363
-88942 5983
-87995 3981
-82556 3589
-81035 4098
-80215 2296
-78503 4743
-77213 6110
-76980 5612
-76473 4297
-75697 7617
-75456 7549
-74678 4561
-72853 5331
-72208 7634
-71638 3857
-70882 2260
-68300 2526
-68080 5701
-66949 5551
-66023 2605
-64952 2317
-62935 6852
-62800 5355
-62454 4606
-58719 5537
-57997 3652
-57430 3272
-56664 5788
-55134 5926
-54578 6044
-54360 9089
-53261 3189
-52671 6738
-52496 8554
-51314 3256
-50512 8449
-49147 6111
-48867 2844
-48589 2466
-45526 4262
-44118 6560
-43699 4434
-43116 8352
-41145 9712
-40389 2457
-38655 8835
-38107 4971
-36283 4216
-35831 2501
-34103 4767
-31561 8950
-31110 5469
-30601 3489
-28915 7201
-28816 1730
-26873 6833
-25816 933
-25551 4943
-24112 2784
-22770 7274
-22703 1270
-21774 5616
-21074 9191
-20053 6539
-19942 4636
-19544 7561
-18581 2504
-17993 2788
-16854 3452
-16497 2974
-14805 4847
-9384 3731
-7980 3697
-7877 4511
-6048 4491
-5883 1074
-5225 8741
-4181 5235
-3316 4281
-2157 5699
380 5559
1105 4280
3061 6430
3376 4079
4121 6076
4545 9025
5460 4707
5864 5780
5988 2372
9350 2854
10096 579
11353 2523
12211 7166
12571 3211
13799 3228
14019 6453
15609 3533
15639 7416
17679 6029
18557 4153
19271 2879
20982 4463
20996 4642
21807 4470
23661 4669
24662 8272
25047 4081
25630 3525
25860 4899
26547 4144
26680 4151
27823 5532
27987 4106
31935 5305
35823 7255
36304 2079
39373 5410
39717 4793
39885 7355
43048 3260
43432 5125
43505 3954
43885 5994
44557 4679
46231 4370
46347 6268
47270 9372
47650 4316
49746 7698
50957 1318
51917 6980
52857 3600
52947 6887
53163 1627
53887 5273
55568 6959
57129 3571
57801 2719
58030 8621
58389 4873
58575 4936
60919 2338
60988 6931
61271 7868
62658 2713
63078 6111
64226 3799
64309 4692
64958 1772
67724 1819
67794 6538
68422 3991
69902 5243
74936 5144
75584 7254
75698 8714
77316 2526
77455 1551
77570 2950
77613 9586
78511 8709
80618 3625
81456 3634
81581 3619
82048 4704
82273 5246
83102 3685
83582 8035
87383 5327
88130 2379
89126 5636
89405 4294
89569 7194
90720 5659
90761 6062
91175 5309
91472 5484
92180 6613
93379 6259
93947 1292
94096 9180
97078 5204
98089 5898
100000 7008
200 25
-98889 1
-98605 5
-97345 7
-96986 5
-95366 1
-94224 3
-93695 6
-91332 4
-90802 2
-90509 6
-89257 5
-89002 7
-88175 10
-87604 7
-87035 5
-85119 3
-84076 9
-83396 1
-83315 2
-83065 7
-83017 5
-81658 3
-81126 1
-77080 2
-76757 9
-76480 9
-75318 5
-74853 4
-72863 8
-72253 9
-71956 3
-68900 8
-65566 9
-65554 7
-63854 7
-63340 4
-62091 6
-61989 5
-60921 3
-60762 3
-59948 5
-58932 10
-57823 10
-55445 7
-54400 7
-49984 2
-48329 7
-47589 1
-47397 10
-43955 8
-43208 4
-38176 9
-35948 10
-35163 1
-34234 1
-33146 9
-32388 8
-32351 5
-31224 3
-30969 6
-30842 7
-30079 8
-29954 9
-28929 1
-28093 9
-26749 8
-26357 3
-25603 7
-25064 3
-24286 8
-24187 2
-23546 7
-23073 3
-20360 7
-19182 4
-17586 5
-17559 3
-16994 6
-16788 6
-16145 6
-14135 8
-13918 10
-13153 3
-10883 5
-10359 5
-9797 7
-8969 9
-7329 6
-6203 5
-5948 1
-5727 8
-5592 2
-3419 10
-2109 6
-2001 9
-1311 4
-1279 5
-729 9
-545 3
243 1
966 9
2847 4
4687 3
5071 3
5978 4
9346 10
10724 9
10943 4
12929 4
13611 7
13747 1
15537 10
15805 5
16628 6
17554 6
18396 5
19639 7
22041 5
22138 10
22978 8
22981 3
23124 6
29523 2
29560 3
31080 9
33738 9
33917 1
34401 8
34987 1
35033 3
36381 2
37639 5
38351 8
39728 9
39856 10
40340 1
42406 7
42540 5
42864 7
43076 6
43907 8
44517 8
44634 7
45007 6
45267 1
45995 6
46279 8
46776 2
48615 3
48679 1
48680 2
49148 7
49407 9
49501 9
49691 10
51726 3
52778 10
52787 6
54469 9
54654 6
54881 10
57621 5
57714 5
58835 3
59073 2
60363 1
60944 7
61130 10
61663 8
63974 5
65991 6
66874 7
69301 10
70523 5
71531 6
71788 1
73969 5
74027 5
75893 5
76629 7
77133 1
78636 9
80675 4
80776 6
80866 2
83610 1
85024 8
86432 4
86963 2
89570 9
89693 9
89721 3
91019 8
91300 5
91821 5
93214 2
93699 9
94002 4
96572 3
99198 7
144 4
55073 56
55079 118
55084 75
55085 116
55093 37
55097 39
55105 40
55114 106
55115 62
55124 75
55131 72
55140 134
55150 47
55156 58
55164 52
55168 77
55171 59
55177 65
55186 84
55193 61
55196 123
55205 49
55213 128
55221 63
55225 92
55227 53
55234 133
55244 82
55246 135
55252 47
55259 41
55263 51
55265 42
55273 92
55279 113
55287 130
55292 108
55300 85
55308 69
55311 33
55315 78
55325 104
55333 93
55341 83
55349 76
55351 57
55355 76
55358 71
55364 85
55370 87
55375 42
55378 70
55382 91
55386 74
55394 111
55397 76
55400 108
55405 33
55409 75
55413 84
55420 51
55425 117
55427 40
55433 114
55436 43
55441 93
55451 77
55460 49
55467 32
55475 76
55484 100
55493 121
55497 40
55502 84
55509 108
55519 34
55524 73
55528 79
55535 100
55544 87
55550 31
55559 98
55569 55
55578 106
55588 109
55591 71
55599 49
55603 56
55612 114
55622 74
55630 36
55632 35
55638 103
55640 35
55648 59
55650 34
55653 114
55662 95
55672 99
55673 103
55680 28
55690 51
55698 52
55702 27
55705 43
55710 81
55713 71
55719 40
55723 74
55726 78
55727 91
55734 79
55741 53
55749 50
55755 86
55761 75
55763 74
55768 34
55777 52
55786 80
55791 65
55797 42
55799 44
55806 87
55810 21
55820 79
55824 67
55834 31
55837 57
55844 53
55852 25
55853 28
55861 30
55863 23
55868 22
55870 56
55875 55
55882 81
55883 59
55887 51
55889 54
55890 40
55891 21
55898 13
168 3
-503 8168
-486 6290
-484 7732
-483 9539
-482 9892
-480 7418
-479 6206
-472 7544
-455 4759
-449 8679
-448 5234
-446 9570
-442 4847
-439 4665
-435 10738
-431 8960
-421 8480
-417 2791
-416 3624
-414 3130
-412 9520
-410 5029
-394 7399
-391 7603
-387 6986
-381 7327
-372 5081
-358 10268
-352 9688
-347 3617
-338 3634
-336 7721
-328 6139
-327 3760
-313 20
-312 3356
-310 10024
-308 4949
-304 4490
-293 11200
-287 4289
-284 7322
-281 10487
-271 3050
-266 4290
-254 7453
-247 5702
-241 7106
-234 5482
-231 6360
-228 5233
-226 5054
-205 10656
-201 3011
-195 3382
-190 5643
-183 4069
-160 8269
-151 2755
-145 7093
-139 5197
-136 3894
-103 8814
-99 2083
-92 5700
-91 7301
-87 3697
-84 4473
-81 6466
-75 2222
-74 6267
-72 5639
-59 5613
-44 7813
-26 5819
-24 2359
-23 3305
-20 7875
-19 3872
-10 3342
-4 3148
0 4326
4 3042
7 3497
9 7835
13 6587
18 6206
19 8459
35 5463
43 7339
46 3968
52 6084
54 2429
59 4005
61 10856
64 3934
76 2493
79 5305
80 4554
81 4152
93 10247
101 5301
105 4652
110 11632
124 7814
128 2944
137 4816
138 5225
139 5080
147 7473
154 6829
180 9289
181 9124
185 5088
200 5392
202 11261
204 7715
213 3192
221 5028
223 4617
242 5029
249 5566
253 6008
261 8495
269 5360
272 2245
273 2515
278 4987
285 6030
291 3290
294 4711
306 5377
316 7749
318 5154
323 10278
324 6997
325 7056
329 2974
337 10530
354 2385
358 3356
367 7638
375 2194
378 4897
380 10194
381 10466
393 5961
400 5652
410 5926
415 4355
419 3176
421 6868
422 10079
434 4420
442 5368
443 3113
449 3568
450 6121
454 4873
455 7259
461 10016
463 5369
466 4406
480 7716
481 6721
484 3339
488 6059
501 7199
200 31
-99991 26
-98009 35
-97457 26
-97065 27
-94364 34
-93865 37
-92665 42
-91498 9
-91102 36
-89922 35
-87657 36
-87531 9
-86042 7
-82426 5
-81367 19
-81066 4
-80887 26
-80053 5
-79895 47
-79418 17
-78932 26
-78803 10
-75853 34
-75668 32
-72380 8
-71121 44
-70451 27
-69800 31
-68527 30
-64731 8
-63718 46
-63487 45
-62982 3
-61352 25
-60217 33
-58704 31
-57015 49
-56882 29
-56336 12
-56257 4
-55816 27
-54140 14
-52844 1
-52497 39
-49685 30
-48498 31
-47589 11
-47078 50
-45661 28
-45452 15
-45407 20
-43515 22
-42026 39
-41741 3
-41185 9
-39845 18
-39536 5
-39241 40
-38220 27
-37584 38
-37543 28
-37404 34
-36183 46
-35130 5
-34520 11
-34131 39
-32302 18
-32099 3
-31885 11
-29120 5
-28728 13
-27790 5
-26777 7
-25369 27
-24366 26
-24080 44
-23411 35
-23348 45
-21887 13
-21485 7
-21379 22
-21187 9
-21034 6
-18496 48
-17952 16
-17641 38
-16098 27
-15670 48
-15150 40
-15137 21
-14676 39
-14528 22
-13339 44
-12943 5
-8071 19
-6839 33
-6739 9
-5930 32
-4014 3
-1433 33
2206 32
4781 50
5692 13
6052 45
6920 25
6930 20
9256 32
9359 38
9806 9
10608 33
12377 6
15013 18
15203 8
16167 31
16501 29
18059 30
19534 32
20565 19
20675 29
21567 46
21823 32
23521 18
23536 8
23777 42
24644 2
24988 44
27157 41
29176 22
29240 13
29487 10
29708 16
32904 2
34585 21
34893 40
35986 37
36237 4
37225 4
37603 38
37799 31
37820 30
39413 5
39915 40
41060 37
41467 46
41828 16
41884 43
41910 47
42172 27
44704 18
45093 18
45461 7
47431 28
47689 45
48622 25
48693 44
49187 8
49318 31
50337 46
50989 9
53682 20
53768 48
53907 6
54784 8
55045 13
55494 1
57599 33
57673 2
57838 22
58453 25
61221 24
61593 4
62070 19
63214 31
63251 4
64250 6
64349 16
66932 37
67740 49
74825 4
75994 23
78024 42
81001 15
83798 17
84870 42
86001 34
86194 12
86464 47
87001 23
88513 45
88716 19
89453 3
90042 5
90886 4
94808 37
94991 15
95602 14
97782 16
98082 50
99174 14
99543 24
180 10
-99818 79
-96840 37
-96235 68
-95533 41
-91549 42
-90815 93
-90506 45
-90185 74
-87692 64
-87330 90
-86893 44
-86793 51
-85939 51
-85328 54
-85275 52
-85083 47
-84276 54
-80745 23
-78965 62
-78101 25
-77112 27
-74604 82
-72834 56
-71419 62
-70670 82
-67069 84
-66896 51
-66698 69
-65718 18
-64611 52
-63919 38
-63558 81
-62878 79
-60540 79
-60178 53
-59212 17
-58900 32
-57689 94
-52214 27
-48440 48
-46198 75
-45860 63
-45350 56
-45207 107
-44188 80
-43936 6
-43440 81
-42982 37
-42715 13
-41784 68
-41603 80
-40838 85
-40468 51
-37999 21
-36591 51
-35437 103
-35208 60
-34599 27
-32568 68
-31207 24
-30673 58
-27990 34
-23900 43
-22573 72
-22571 46
-22061 34
-21565 37
-21418 73
-21340 56
-21193 54
-19217 83
-18067 72
-17021 37
-16791 94
-15749 70
-15452 70
-12150 79
-11219 97
-11095 85
-10598 81
-10391 86
-9581 40
-6535 50
-4800 37
-4375 38
-1465 54
-638 36
2216 31
3209 87
4875 102
4991 46
5985 43
9270 24
9925 27
10001 82
10133 109
10295 54
10472 22
11093 70
12962 78
13491 45
13724 52
14223 56
15670 36
15742 85
16387 24
16676 52
17264 33
17712 60
19580 46
19634 24
19670 74
21890 45
21952 29
23039 99
23395 75
25080 57
29811 60
30042 24
30412 34
31318 78
31869 39
33343 27
33586 45
33691 82
33839 87
34692 70
34892 91
35912 95
37156 49
37188 26
39143 98
40197 51
40256 53
41710 30
42588 26
44571 54
44604 57
44815 28
47283 43
47739 29
50099 49
52785 42
55225 49
55599 42
57212 37
57338 78
58670 77
59302 58
61016 31
62275 71
62582 37
62857 48
64699 47
64805 67
66619 62
68499 85
69580 69
72000 33
74402 28
76506 37
79289 70
82061 59
82062 56
82716 68
84262 65
84651 8
84710 34
85062 18
85812 58
86545 96
86726 51
87330 22
87504 93
87850 75
90612 18
91294 28
93752 37
94194 64
97592 84
1 1000000
-47869 10000
1 690821
-30857 9417
200 7
-100000 4948
-97040 4884
-96779 7653
-96566 2665
-95291 5954
-95172 4411
-95117 3592
-92556 5037
-92051 9510
-90922 9115
-89620 5212
-88318 2541
-87401 5724
-86469 4710
-85703 6907
-82376 1601
-82156 5387
-81841 2602
-81264 4518
-77733 2853
-77665 2939
-77404 2686
-76164 1249
-75226 5048
-74883 7378
-74648 6406
-73471 5673
-73263 3614
-72988 1643
-72944 6402
-72440 3950
-71972 4414
-71581 958
-70490 9005
-68670 2535
-67917 2814
-66558 4733
-63418 4748
-60807 1399
-59816 3012
-58673 5815
-57970 2508
-57313 6518
-56913 7603
-56498 5579
-56268 6144
-56082 3981
-54734 8085
-53482 4848
-53187 6968
-51061 7338
-50945 3620
-46854 2211
-44726 4875
-44468 7324
-43489 7458
-43249 6975
-41203 2666
-40854 2531
-40060 7850
-39288 4185
-38630 7492
-38141 3818
-37220 4164
-35408 3016
-33854 3945
-31442 6459
-29297 5811
-28988 3786
-28251 7952
-25557 7092
-24308 1983
-20165 4884
-20145 5882
-19230 4542
-19044 5207
-18529 2499
-17830 5723
-16219 3619
-13100 3649
-13033 4905
-12190 4188
-11402 6908
-9959 8317
-9831 2527
-8544 4367
-6292 5046
-6227 3703
-5879 4584
-5298 7163
-4495 6545
-4364 4395
-4307 3974
-3860 2318
-3857 5790
-2369 1901
-2024 4734
-1934 2685
-15 3669
86 1905
148 4536
312 3964
870 2795
3742 2927
6048 2905
6542 8233
6765 3994
7278 5057
7638 6996
7989 6506
8041 6088
8571 7786
8871 2728
9332 4022
10357 7567
10939 4905
11638 3236
11789 8331
12247 2370
12667 4037
12918 6403
13134 7185
13962 3807
14812 3362
15703 3961
17556 6152
17628 3763
19131 4341
21075 6532
22342 2573
22909 1682
23345 2958
23372 7696
23637 5650
26115 4316
26325 4654
26802 3562
27403 8708
28208 6909
28302 3088
28979 6757
30763 7769
32866 5851
33189 2700
33640 6691
34970 4063
36293 7987
36942 6169
37372 7311
39674 4051
40467 2269
41526 4250
42451 8118
43446 2292
44866 2109
45883 8855
46841 6061
47016 2717
48239 6709
49815 6230
50177 4225
50597 3962
51066 8838
53301 1496
54142 5709
56283 7501
58094 3895
59621 5511
60938 6980
62139 2203
63002 3813
63289 2721
63428 1699
65064 3094
65560 7369
66165 8044
67109 8569
68264 7701
68451 3860
68683 2150
70174 6715
72362 6722
73696 2965
74658 9310
74699 6339
80185 1909
80554 7799
80625 4809
83267 4061
83507 5998
83816 3369
83945 6170
84451 4277
86232 6761
87113 4127
90467 5969
90527 6702
94994 8720
96210 6930
100000 9105
200 6
-100000 59
-99951 71
-99752 23
-99568 42
-97184 30
-95904 48
-93911 41
-93713 79
-93476 92
-92387 57
-91846 55
-91790 41
-90687 81
-90029 46
-89545 68
-88541 49
-86978 58
-86324 26
-86315 23
-85746 65
-84859 36
-80926 26
-80492 82
-79966 43
-79232 56
-78849 15
-78439 66
-77479 39
-73835 76
-73557 72
-72877 21
-71738 86
-70589 94
-69895 36
-68127 64
-64599 59
-64164 63
-62561 38
-61920 23
-58889 79
-58085 42
-57674 58
-57315 50
-57288 66
-56217 69
-55373 37
-54515 14
-53737 62
-51796 56
-51314 49
-50644 80
-48240 40
-47990 85
-47921 69
-47836 79
-47284 19
-46870 42
-46652 14
-44057 79
-43313 35
-43311 41
-42869 80
-42257 64
-39493 84
-38871 44
-37646 41
-34317 28
-34204 73
-32949 18
-32716 34
-31534 51
-27537 60
-27402 24
-27043 71
-26510 41
-24801 59
-24759 50
-24386 36
-23842 64
-23390 53
-23337 29
-21684 53
-21677 29
-20986 22
-20499 40
-16675 45
-16282 71
-15032 48
-14344 49
-13589 51
-13251 83
-13213 49
-13084 45
-12192 52
-11894 50
-11587 28
-10676 73
-10209 44
-9393 77
-8925 75
-8068 64
-7287 67
-5858 23
-5557 25
-2878 30
-653 52
-597 43
3176 78
3923 26
4137 40
4375 71
6617 36
7273 23
7291 66
7739 7
9026 40
9702 39
10594 50
12053 32
12432 28
12845 67
14718 37
14761 28
15591 48
15860 39
17347 60
17997 91
18645 39
19124 81
20782 24
22240 64
22404 58
22857 26
23226 46
23576 70
27053 89
27265 46
28287 52
34829 57
34899 53
35013 26
38922 56
39473 69
39964 88
41118 86
41770 43
43156 31
43715 40
44836 52
48596 43
51778 36
51883 35
52129 41
53387 26
54346 59
54647 23
54992 41
56006 49
56477 17
57025 66
59228 50
59442 22
63102 51
63233 26
64697 30
65226 75
66561 44
66773 28
67723 45
67874 91
72702 22
72850 43
73406 27
77386 57
79362 35
80126 46
80401 84
81729 68
83653 41
83957 64
84769 22
85730 67
89413 71
89590 31
90847 46
91697 79
91897 9
92513 64
92538 34
93213 89
95383 45
97468 52
97515 45
97528 81
97658 40
98373 37
98462 29
98979 71
99781 52
100000 43
200 4
-99930 46
-97701 6
-96362 24
-95582 15
-90484 28
-90089 48
-85635 23
-81421 23
-80485 28
-80019 42
-79087 11
-78845 40
-77263 30
-77077 38
-76325 47
-74094 42
-74066 45
-73790 6
-72352 45
-70790 17
-69948 11
-69893 46
-69160 34
-68618 19
-68038 10
-67910 4
-66828 40
-66632 35
-65972 33
-65931 1
-64938 31
-63491 24
-62791 43
-62413 44
-62203 3
-61915 11
-58866 25
-58349 48
-57744 29
-55232 25
-55223 30
-54915 12
-54910 22
-54710 40
-54205 21
-53544 36
-52845 34
-51171 27
-50882 42
-50872 16
-50751 31
-50612 7
-47894 37
-46347 17
-46325 23
-45361 7
-44723 19
-44286 23
-38774 17
-38360 48
-37237 5
-37007 39
-35005 46
-34359 17
-33138 36
-29182 33
-29158 12
-28824 24
-28462 46
-28393 15
-27821 34
-27292 22
-27199 42
-25729 46
-24764 9
-23651 46
-22869 31
-20974 3
-20757 50
-20751 15
-18639 3
-17001 4
-16453 39
-15989 15
-13706 20
-12604 3
-8860 6
-7693 8
-6295 21
-4479 9
-3742 1
-3622 42
-2298 42
-1991 8
-820 14
-669 30
-220 20
-193 35
382 14
920 43
972 31
1775 39
2663 23
3449 37
4198 4
4363 24
4517 2
5434 34
6713 12
9260 38
11603 15
12001 46
12860 1
14563 46
14847 32
15987 49
16475 37
19600 2
19921 38
19983 5
20110 36
22068 44
24724 47
26698 32
26963 21
28904 39
29392 37
30057 25
31215 17
31618 5
31637 13
31851 12
32891 43
33423 11
33921 4
35259 22
35531 46
35880 27
37133 47
37715 6
38827 30
39871 6
41631 30
42343 7
42795 5
43218 46
44769 14
46678 16
46788 23
49343 39
50893 46
51071 16
54652 28
55820 39
57428 4
57464 43
57835 38
57852 1
57891 31
59443 16
60075 17
60421 3
61175 19
62032 42
62822 48
63097 20
63463 44
65695 37
66571 31
66744 45
67055 21
67735 16
69533 38
69709 28
70302 24
71500 6
73221 6
74044 25
76027 29
76136 19
79816 50
80639 21
81936 27
82628 15
83637 34
86990 42
87270 50
89591 15
89717 27
90587 9
90688 36
90879 44
90930 22
91236 19
93725 38
94593 28
97625 28
97836 30
98440 9
98459 14
1 1000000
-50371 1000000
200 63
-99862 6
-99432 4
-98983 6
-98461 7
-97610 7
-97318 6
-96779 7
-95993 6
-95442 9
-94869 5
-94412 7
-93940 3
-91266 8
-91090 6
-88124 9
-88048 10
-86552 8
-85356 4
-84381 7
-84083 5
-83406 8
-82334 8
-82126 6
-81600 6
-80861 4
-80234 7
-79608 10
-79307 3
-78186 4
-77885 1
-77878 3
-77063 5
-76624 7
-76156 9
-76022 10
-75528 10
-75469 2
-75462 5
-75077 4
-74757 5
-73081 3
-72483 1
-71745 3
-66952 1
-64419 4
-62860 7
-62808 4
-59900 9
-59646 4
-58728 5
-57852 1
-57820 4
-57098 3
-56620 3
-56112 9
-54610 6
-54523 1
-52991 5
-51374 2
-50645 9
-50413 9
-49487 4
-49143 2
-48580 4
-47764 3
-45905 2
-44777 5
-44662 7
-44551 4
-44154 6
-44112 7
-43971 6
-43655 10
-43269 1
-40848 6
-39477 7
-38619 10
-38372 10
-33002 3
-31523 8
-31254 4
-30286 10
-30204 5
-29473 9
-28401 8
-26753 3
-25596 7
-25425 4
-25171 2
-24534 6
-24383 7
-22767 3
-22381 5
-20770 8
-18609 8
-18550 6
-14342 3
-14151 2
-13852 4
-12401 8
-11337 6
-10993 6
-8393 10
-8038 8
-7597 7
-6653 9
-5152 9
-4732 10
-3007 8
-2722 2
-2673 4
-1190 7
375 4
706 7
929 10
966 8
2369 6
3211 7
4934 6
5445 9
10162 8
13458 6
14102 4
15541 1
15699 6
16730 6
18578 1
19975 8
20028 2
22420 4
23699 10
24712 6
24768 8
26845 1
27086 7
27365 9
27468 9
27584 6
28089 3
28533 3
29565 2
30572 8
32474 3
33753 10
36129 1
36248 8
37800 6
38037 6
38360 9
39034 10
39217 8
40340 3
40418 7
40450 10
42031 8
44578 9
45693 3
46728 3
47055 5
47335 2
47623 7
48257 7
51073 5
51926 6
53001 10
56180 2
58845 6
59803 8
60536 4
60588 2
60756 5
61619 2
63337 2
65793 6
65794 10
66816 3
67856 9
70215 1
70358 6
71884 10
72444 5
74185 6
76272 7
77529 5
77706 4
79086 5
79354 10
79517 6
80744 4
84693 9
84821 2
84946 2
90093 4
90374 8
93226 2
94013 6
95118 10
95787 10
97900 8
99805 9
200 92537
-100000 6008
-99821 3890
-99178 3010
-99081 7149
-98256 5906
-97736 4386
-97699 3744
-97188 5929
-96511 4115
-95959 3731
-95899 5933
-95566 6575
-95378 3633
-94782 1695
-93819 4875
-93178 7340
-92788 5465
-89608 4325
-89308 6909
-89267 5586
-87759 4315
-86963 7022
-85574 4206
-84515 1625
-84500 5613
-84042 5511
-82565 8117
-81692 5927
-81674 1278
-80904 4520
-79778 2486
-79173 2756
-76668 6054
-75638 5296
-75177 2786
-74805 2234
-73813 6400
-73533 7226
-73470 3800
-73365 6075
-71577 2591
-71521 5296
-70138 7085
-67550 3002
-66501 2967
-65031 3680
-64926 5510
-64873 5692
-64382 4305
-61482 2661
-61401 7353
-60795 3958
-60780 4190
-58838 4652
-58430 8132
-58070 5929
-55938 3872
-55536 3274
-54341 7371
-53471 3602
-52029 5318
-51084 6140
-51006 8166
-49665 6713
-49617 4252
-49094 5164
-46888 6936
-46613 5537
-46558 2805
-45238 3388
-44776 3602
-44248 7724
-42752 2081
-42388 3381
-42290 3211
-40739 7089
-40535 7076
-40151 9516
-37990 8620
-36813 3587
-34607 6553
-34019 3389
-33599 6649
-33223 2898
-32750 6907
-31291 6823
-30584 5300
-30033 1754
-29980 5412
-29071 9110
-28376 4909
-28037 2905
-27955 8473
-27589 6357
-26975 3224
-26831 8142
-26140 7036
-22923 6326
-22698 7048
-22187 7713
-22166 6451
-20068 2588
-19462 6143
-18025 3283
-16480 4578
-16404 8347
-16139 2815
-15541 2872
-15188 3571
-15021 7016
-11802 2647
-11635 5839
-8655 5064
-7920 1879
-6873 2273
-6851 6177
-6375 7294
-4972 2925
-4173 7108
-3782 5085
170 8055
3176 8420
3472 2905
5502 2536
5735 8224
7410 4790
7429 2701
11591 5647
13481 7409
13795 1388
14148 4055
17679 6510
19561 4572
20795 9385
21776 3065
22074 5248
24241 2437
24896 7506
25074 2703
26343 3038
27081 4147
29028 3043
32934 5905
33853 6008
34449 3707
34593 2421
34949 6254
35874 6265
36994 1111
38065 7078
39826 4449
42619 9399
43035 4567
43871 4177
43982 3800
45286 6965
46205 3929
46571 1510
48079 4170
49037 8987
49872 5659
50404 7453
50976 1333
51982 9515
52486 6223
57320 6983
58596 5479
62028 5207
62281 5434
62884 2494
63672 2569
64093 2859
64658 7343
65244 6953
65925 4295
68231 6889
68384 7773
68747 2371
68774 2784
69552 2466
69927 6452
72360 7860
73065 6211
73304 1976
74191 1124
74283 1715
76251 2920
78969 7269
85304 2846
86162 4837
87580 8354
87681 4152
89824 7781
90010 5733
92518 34
93029 2180
93648 2714
96162 3466
98380 6457
100000 5589
143 1
-30759 11715
-30752 11545
-30749 15778
-30730 14789
-30707 28208
-30689 21387
-30685 9996
-30676 10469
-30649 21348
-30642 31350
-30633 27680
-30626 9912
-30614 11803
-30590 29886
-30581 16804
-30562 25460
-30538 14720
-30537 18395
-30535 19365
-30525 15431
-30523 18231
-30502 18086
-30497 18122
-30481 18437
-30469 14240
-30449 14942
-30447 10178
-30443 5570
-30414 13639
-30384 5197
-30365 13907
-30346 6682
-30320 2803
49539 8402
49560 5261
49565 3821
49577 6879
49595 6785
49603 5393
49613 7964
49621 5679
49644 3956
49652 7325
49657 4008
49672 5810
49677 5820
49683 4544
49691 6466
49716 5538
49720 5891
49721 7182
49741 6400
49758 5652
49778 7875
49802 5731
49806 2102
49817 3617
49827 4721
49834 6471
49842 5565
49844 4749
49868 2960
49886 5761
49901 2522
49923 2607
49941 4149
49951 2120
49969 5311
49975 3625
49986 3025
50014 2572
50043 2935
50067 3823
50069 2328
50097 4966
50102 6147
50107 2989
50119 5315
50132 5223
50158 6362
50186 2109
50204 3661
50208 3106
50210 7660
50213 3069
50234 3145
50243 6750
50265 7336
50268 4285
50284 2596
50300 3811
50321 1886
50331 6149
50358 6104
50370 6063
50387 3215
50406 5583
50421 3493
50451 6091
50458 2947
50469 6809
50485 3460
50494 5945
50499 5058
50513 6162
50516 5598
50518 3904
50521 2971
50529 2185
50553 4519
50566 4503
50585 4736
50613 4763
50620 4438
50622 4218
50636 2974
50639 5277
50654 2431
50674 2619
50679 3188
50702 3290
50725 4726
50738 2693
50765 2621
50781 1535
50804 2953
50819 2315
50840 2381
50846 2084
50869 2688
50893 3652
50918 2839
50945 3761
50973 2721
50985 2233
50995 2358
50996 1750
51016 5911
51035 3252
51045 3680
51058 3251
51082 473
51087 742
200 4
-99893 93
-99875 181
-99714 134
-97680 149
-97607 165
-97084 200
-95307 76
-94639 211
-94062 233
-93082 91
-92325 127
-91938 218
-91705 29
-88616 235
-87924 93
-87288 73
-86224 144
-85551 102
-84852 13
-84344 88
-83968 153
-83388 178
-81963 194
-81202 184
-78465 75
-77515 201
-76819 109
-74744 215
-73565 225
-73248 23
-72905 123
-68288 206
-67708 53
-67061 246
-67036 160
-65702 242
-65413 221
-65097 40
-63877 159
-63212 192
-63163 99
-62514 37
-61364 161
-61023 195
-55620 154
-55457 8
-55199 17
-54349 245
-54255 122
-54148 133
-53927 72
-52930 93
-52198 247
-51492 57
-51200 59
-51133 240
-50704 242
-50409 215
-48537 231
-48306 241
-47501 80
-46944 113
-46753 63
-45983 16
-43848 96
-41434 67
-41175 226
-40246 162
-38609 244
-38183 229
-38177 216
-35669 60
-35484 198
-34026 212
-33672 137
-30707 117
-30590 154
-30018 16
-27109 187
-26553 1
-26072 133
-24784 4
-24256 179
-23554 34
-20695 234
-20217 178
-20029 36
-19394 111
-17838 215
-16012 114
-15830 227
-14092 169
-14027 60
-13282 95
-11991 66
-11896 83
-8254 218
-7784 113
-5805 102
-5600 23
-4843 112
-1254 136
-647 39
-457 231
-334 169
-118 206
2183 175
3263 127
5574 11
5967 81
6236 21
6580 81
6597 100
8726 236
9833 88
9869 35
10782 60
14050 197
15493 120
15662 55
16745 20
20574 36
21753 190
23917 29
26287 87
27405 83
27450 225
29676 197
29844 105
30031 126
30552 144
30719 95
30891 35
31534 4
33799 70
34150 44
35946 125
37342 237
40167 195
40219 218
45937 78
47036 92
49424 64
53643 80
54264 173
54765 166
54872 171
54967 222
55160 4
56605 63
59929 238
60328 116
62152 139
62318 129
62690 70
63413 169
63718 100
66401 5
67016 149
67095 35
68428 242
68767 239
68768 61
69512 219
70000 38
71295 239
71865 239
72819 192
74339 159
74930 15
75643 120
75807 79
77972 193
79608 87
80741 120
80834 14
80892 25
81640 126
81649 65
84041 1
84551 79
85402 182
85827 47
85853 147
85895 44
90099 138
90996 195
91475 87
91907 3
93152 182
93253 99
93600 85
93703 49
93941 208
93967 8
94558 20
95538 151
95914 152
96195 175
98826 107
1 604095
54938 5897
200 1000000
-100000 60
-99744 92
-98464 32
-97943 78
-97741 72
-97623 95
-97475 85
-97037 80
-94775 24
-94709 58
-94389 78
-93396 36
-91813 22
-90876 37
-89297 78
-88127 62
-87848 41
-87173 62
-86648 44
-85680 50
-85488 49
-85255 42
-82790 51
-82676 27
-81883 37
-81537 69
-80711 75
-78406 46
-76751 48
-75884 72
-74930 74
-74240 78
-72520 42
-72353 21
-72257 62
-70983 25
-70160 39
-68618 63
-66574 24
-66038 47
-64669 57
-63645 30
-62962 7
-60418 54
-58600 75
-57472 38
-56315 19
-56230 54
-56226 31
-55804 39
-53950 32
-53908 34
-53661 55
-52983 39
-52710 26
-52253 74
-51547 58
-51418 65
-50661 53
-50649 49
-49190 77
-47954 41
-47898 43
-42572 56
-42334 62
-41964 82
-39747 62
-36601 71
-36014 47
-35874 57
-35840 33
-35596 27
-34843 46
-34024 41
-32733 33
-31775 27
-31710 83
-30627 45
-30160 51
-29335 74
-26647 28
-26157 57
-25585 57
-24000 24
-22286 76
-20128 48
-18549 42
-17738 93
-15175 71
-14951 41
-14831 52
-14814 76
-14392 15
-14356 47
-12760 78
-10376 20
-7816 71
-7177 45
-4254 36
-3951 32
-3891 64
-3259 58
-3046 34
-2771 76
-2361 49
-1164 39
-284 63
-256 24
-77 84
-24 62
2338 36
3735 57
4311 18
4827 28
5234 29
6444 29
6706 40
11564 30
11754 37
13709 42
15598 37
15620 88
16310 36
16495 18
19239 18
19398 34
20291 36
20697 87
22855 43
23332 64
23386 66
25298 43
25667 32
31439 77
31546 55
32872 98
36434 51
38862 73
39118 68
39755 29
44211 54
45692 50
46926 66
47447 23
47449 24
47551 27
49556 74
49794 62
53680 39
53985 54
54066 26
58228 46
58357 35
58424 89
59014 49
60456 67
61919 90
63132 36
65048 11
65959 73
66249 58
66696 47
70826 36
71393 68
72565 39
74326 78
75820 52
76496 28
77216 75
77954 68
78103 92
78192 26
79566 50
80426 60
80536 22
81019 38
81530 23
81925 61
82374 79
82427 31
84322 19
85674 47
87791 27
87891 23
89814 9
89900 41
90393 64
90648 30
91204 66
92993 90
94351 25
96621 32
96694 27
97101 26
97272 59
97328 32
98052 66
98860 55
99634 68
100000 83
200 141
-99012 9
-98501 8
-98313 6
-96097 1
-95624 8
-94985 5
-94762 2
-94188 7
-93348 4
-92948 5
-91946 2
-90381 5
-89649 7
-88921 6
-88131 7
-87731 7
-86630 4
-84485 4
-84296 3
-84068 3
-82928 4
-81666 8
-79136 8
-78618 9
-78250 6
-78071 8
-77608 7
-76665 3
-74155 3
-71339 9
-69433 2
-67644 7
-65885 2
-64928 5
-64157 9
-61718 6
-61237 7
-59558 2
-57197 10
-56700 6
-55868 6
-55261 5
-52546 9
-51366 4
-50897 7
-49698 3
-49343 9
-44473 6
-43314 6
-42131 4
-41856 10
-41699 9
-40869 5
-40714 1
-40059 2
-40026 9
-39581 4
-38362 8
-37470 4
-37104 5
-36708 7
-35992 10
-32897 1
-32269 5
-31673 7
-31245 9
-28538 10
-28537 2
-27985 10
-27572 9
-27292 3
-26717 8
-26159 4
-25854 9
-25636 10
-25623 9
-25164 2
-24321 1
-24040 6
-23842 7
-22246 8
-21744 10
-21669 7
-21134 2
-20901 7
-20490 8
-19921 1
-19444 7
-17637 4
-16001 3
-13868 2
-12368 1
-11814 10
-9813 7
-8810 9
-7967 9
-4826 4
-4164 4
-4005 1
-3477 6
-3155 9
-2803 7
-2480 10
-416 5
-95 2
324 8
554 8
1946 10
4003 1
6364 7
7593 2
8652 7
8869 3
9920 7
10171 9
13047 1
13900 7
14998 6
16828 4
17169 2
17610 9
18555 4
19754 8
21486 8
21801 10
22281 9
23175 8
26162 10
27091 8
27822 4
30161 2
30411 5
30559 5
32104 7
33048 1
35728 9
36628 7
36793 8
37392 7
39132 6
39297 10
40999 2
41270 1
43385 1
44064 9
45356 8
45895 2
47862 1
48372 3
49809 7
49939 6
50184 2
50637 10
51165 10
51718 5
53439 6
54864 1
58399 3
58975 8
59540 3
59612 10
59870 1
61107 3
62271 8
62781 9
63822 7
64812 4
65586 10
65889 1
67377 2
67933 6
71743 3
71771 4
72488 1
73083 1
74022 2
75166 6
75490 1
77392 4
82933 2
86228 7
87094 8
88748 2
89857 6
89913 8
89969 2
90257 6
90602 5
90776 3
91114 4
92202 1
92995 5
93412 9
93443 5
93686 8
95238 6
95325 8
98208 7
99533 4
99836 5
56 2
-52806 22200
-52800 30556
-52797 10233
-52793 23547
-52785 32839
-52781 19333
-52774 9883
-52766 20899
-52763 14062
-52758 9711
-52753 11724
-52752 31778
-52751 29691
-52748 10369
-52744 22988
-52736 8936
-52728 31761
-52720 21394
-52715 20097
-52706 21795
-52696 28909
-52693 21459
-52688 9428
-52683 26347
-52678 30588
-52677 9999
-52671 29269
-52668 21354
-52659 22994
-52651 26159
-52648 8533
-52644 16188
-52634 12437
-52632 27279
-52630 20791
-52629 9823
-52626 8756
-52617 18893
-52611 21741
-52604 14984
-52600 11478
-52598 15254
-52588 23715
-52582 17107
-52578 18440
-52574 18630
-52564 7093
-52556 18700
-52548 15576
-52543 17681
-52540 11065
-52536 12685
-52535 6016
-52529 6352
-52523 4368
-52522 6101
1 502003
-35096 5312
113 1
-99916 10793
-96521 10924
-96486 13419
-95837 4554
-94185 5198
-90961 5261
-87190 11101
-86809 9572
-85997 14030
-85992 7993
-81621 5943
-77676 16406
-77610 6948
-76212 7853
-75254 8705
-73548 8099
-72409 5581
-72042 8177
-71464 3337
-71011 5781
-69565 12529
-67596 9073
-67233 11022
-66451 9037
-65725 4081
-64946 9357
-64535 6736
-62832 7217
-61286 17452
-57668 13796
-56801 5894
-55661 4453
-53833 4870
-46210 4665
-41855 9049
-40231 2951
-38268 15790
-35436 14281
-33524 14745
-33459 14932
-33024 4709
-32242 7009
-29089 4639
-27911 11332
-25374 6485
-22161 13841
-20031 8101
-18602 6942
-13089 11391
-9062 9809
-7454 11185
-6725 9363
-5549 5247
-4761 11314
-4359 12370
-3325 5360
-1004 7299
5123 15356
6046 10558
7008 3110
9643 5386
10513 7314
12950 5037
15323 7078
20629 6342
21496 6407
23825 5525
28363 7082
28710 11032
30780 13582
32875 8242
34600 14574
36222 14562
37287 8152
40065 2077
43534 5555
46631 10555
48946 11316
50252 6895
51476 8665
51558 12403
54582 11191
57805 5248
58146 10570
58900 12924
59588 7610
63552 10460
64538 11583
68851 11225
74650 9831
74687 11500
74917 2172
77942 14085
78050 5711
78671 3668
83870 4508
84037 13085
85122 3320
87569 14400
87703 4103
88124 3823
89613 8635
89716 7104
89749 10243
90529 11907
90819 11457
92970 8873
93786 2916
94402 16491
94536 6209
96485 10661
98180 11737
98839 7266
156 4
-623 4609
-620 6171
-618 9703
-616 3615
-589 6542
-557 7539
-555 5163
-551 6971
-527 9112
-514 7387
-513 7132
-510 10267
-503 4452
-491 8848
-478 5756
-452 11003
-445 9997
-435 3431
-429 6961
-423 3260
-422 6995
-415 3753
-410 8515
-402 6021
-399 3748
-395 8459
-380 10294
-378 8414
-361 5831
-354 4253
-351 6929
-348 5110
-339 3512
-313 4529
-306 3214
-304 5361
-297 5797
-288 8489
-269 4111
-263 3798
-253 6229
-252 5148
-238 9709
-209 3007
-198 8382
-186 10095
-184 11623
-177 2678
-172 3482
-144 4626
-138 10408
-137 4286
-136 2457
-132 4361
-117 3622
-107 9309
-96 3760
-90 3895
-84 3520
-49 7744
-41 3751
-31 8850
-25 5894
-23 7960
-18 5450
-14 7035
-10 6074
5 6140
9 9510
20 4435
23 8310
30 11846
35 3359
37 7453
48 8145
57 3595
69 4338
74 8945
81 7588
94 7530
98 3878
105 8395
109 5340
116 7379
128 8306
136 5340
139 2662
140 7784
142 5223
147 9342
152 3332
159 11812
162 9825
186 7608
188 10212
189 7022
211 6873
217 3753
220 4060
227 9135
231 10119
236 5093
243 7318
254 7128
261 2346
262 12500
265 1653
270 4094
276 3935
277 7507
285 5972
290 3215
297 5075
314 5287
317 1490
325 3583
327 4565
339 7246
347 1243
348 10464
366 3282
369 4992
372 2239
376 8134
389 8844
398 4474
402 5439
410 8697
416 2914
427 9997
431 5356
434 7058
445 6861
451 12286
470 8432
477 10307
491 4013
498 6060
510 6734
516 4970
517 4445
520 3706
524 3375
530 3540
535 6651
561 4524
568 10474
572 10106
584 12113
588 9690
601 4298
605 6298
616 6074
618 9753
619 10646
622 6238
200 70867
-100000 27
-99319 16
-98903 41
-97936 55
-97248 89
-96905 39
-95129 57
-92451 63
-91574 71
-90964 48
-90589 24
-89327 55
-88575 86
-88070 60
-87060 73
-86823 36
-86009 59
-85583 26
-83812 41
-83530 74
-83331 71
-83071 24
-82529 76
-82304 69
-82186 93
-79336 23
-79051 48
-78072 69
-77594 29
-77283 37
-77096 27
-76830 14
-74995 60
-73834 67
-72454 80
-72299 30
-71129 48
-71114 40
-70976 16
-69805 34
-68990 35
-67312 45
-66735 28
-66649 38
-66560 75
-65739 28
-65316 55
-63061 27
-61568 63
-61282 45
-60630 63
-60093 42
-59365 49
-58115 81
-53713 86
-52667 61
-50104 73
-49571 79
-49349 25
-47340 56
-46482 38
-46364 50
-45978 73
-45321 56
-44672 34
-44369 35
-43942 70
-43781 52
-43742 47
-41233 80
-40638 30
-40529 72
-40197 38
-40158 83
-40093 24
-39290 75
-38875 60
-38856 75
-38519 33
-36633 43
-35756 47
-35748 24
-33955 85
-32339 54
-31488 59
-29556 92
-24569 20
-23557 61
-22858 65
-22056 68
-20276 64
-19878 65
-19331 37
-18472 42
-18147 71
-17840 26
-17685 59
-17621 98
-17581 52
-17546 26
-16063 45
-15097 96
-14957 26
-12584 28
-12128 81
-11761 51
-7559 49
-7248 35
-4717 55
-973 68
227 69
1107 79
1828 13
4238 61
5886 64
9305 72
11103 39
11184 36
12496 49
14133 72
15705 59
16058 18
19096 84
20133 50
20790 47
22867 89
23503 33
23739 81
24208 60
24360 65
25568 28
26321 35
26753 32
28337 22
28417 59
29063 69
29172 44
29443 24
30143 72
31603 20
32463 76
32594 20
33189 58
35617 67
36362 31
36898 17
39262 16
39847 46
42081 15
43379 50
45445 19
45654 37
46803 45
48161 35
48245 27
51218 82
52570 67
52745 65
56310 82
56935 66
56946 60
57866 26
59953 37
60606 27
62252 43
63376 42
64292 44
66208 53
66225 27
68395 35
68844 29
68959 88
69104 63
71482 31
71595 28
73764 76
74967 39
75343 56
76946 31
78293 31
78602 49
78651 52
79159 37
79587 50
79718 28
80023 76
81306 35
83072 49
84010 40
84301 45
86191 23
86837 33
87142 42
88645 40
89520 57
91398 25
92424 25
93410 44
99459 55
100000 97
200 275
-99972 5
-98585 8
-97625 13
-96703 40
-95561 4
-93430 43
-92693 37
-92337 41
-92052 4
-91773 43
-90542 20
-90358 23
-89519 13
-88892 27
-87550 42
-86667 17
-86064 18
-85910 12
-85770 19
-85442 39
-85015 45
-84992 42
-84986 17
-84144 39
-83538 24
-80564 17
-80199 14
-77393 14
-74157 17
-74018 37
-73930 12
-72349 11
-71482 28
-70617 13
-70589 26
-70308 22
-69899 32
-69806 5
-66527 47
-65750 23
-65645 25
-63627 15
-63459 30
-62980 17
-62078 19
-61408 8
-60845 9
-60793 11
-59986 41
-59862 37
-59494 23
-56877 42
-56162 23
-55073 8
-54064 40
-53911 41
-52889 23
-52846 6
-51277 34
-49233 50
-49034 30
-48123 32
-46251 29
-45344 27
-45000 16
-44423 39
-41993 24
-41631 48
-41608 27
-41332 17
-40234 40
-38808 35
-38793 11
-38292 14
-38091 16
-37383 47
-37086 23
-36071 35
-34581 21
-33457 22
-32844 25
-32338 28
-30828 43
-29662 45
-27370 32
-26090 40
-25138 19
-24671 35
-22324 16
-21331 26
-20234 14
-20081 29
-19347 2
-16618 41
-16541 24
-16348 12
-14762 25
-14524 49
-9712 16
-8191 41
-5725 6
-4469 22
-4108 3
-1809 7
-1190 7
-521 2
684 5
1070 9
1251 44
4455 30
6252 14
7392 19
7458 32
7911 8
8019 11
9943 50
10840 27
13404 44
14272 28
14607 2
15117 35
19253 5
20612 36
20836 48
21147 14
21490 48
21518 23
21612 17
21716 34
27764 7
28154 24
28882 15
30510 28
30642 33
33145 11
35024 40
35265 40
35796 39
36149 8
36732 6
37372 15
37479 50
37966 19
38010 45
38582 43
38663 49
39253 8
39255 20
41192 24
43198 39
43545 42
46276 34
49861 23
50371 10
51320 7
52910 3
54845 21
55324 12
55895 21
56649 45
58650 10
59173 35
59457 9
60847 1
61456 11
62561 19
62666 20
63282 37
65249 25
68687 22
69162 14
69457 6
70399 29
70877 25
70987 29
71341 17
71904 15
71943 7
73780 8
74473 8
74802 50
75664 20
76108 31
76621 13
76945 3
77725 37
78115 11
78407 2
80072 14
81136 41
85043 45
87651 30
88458 10
88971 37
89840 46
91116 36
91235 23
92811 18
95347 15
98439 9
117 10
-96237 88
-96227 40
-96204 123
-96179 130
-96151 138
-96137 52
-96131 72
-96105 130
-96092 102
-96069 48
-96061 82
-96054 80
-96053 135
-96045 99
-96018 89
-95990 100
-95973 85
-95971 47
-95943 66
-95935 125
-95927 46
-95900 100
-95890 120
-95865 132
-95845 93
-95834 131
-95819 49
-95813 76
-95812 104
-95789 50
-95773 46
-95772 116
-95753 53
-95735 39
-95732 117
-95707 77
-95677 34
-95663 56
-95635 79
-95613 110
-95605 121
-95600 100
-95589 98
-95561 38
-95546 101
-95525 114
-95522 59
-95506 86
-95478 104
-95449 74
-95437 81
-95436 57
-95429 82
-95418 73
-95405 87
-95393 44
-95376 81
-95372 70
-95363 98
-95341 54
-95327 79
-95320 106
-95303 99
-95283 63
-95274 50
-95268 25
-95264 98
-95250 100
-95238 83
-95233 75
-95224 90
-95195 52
-95180 84
-95174 70
-95171 23
-95141 60
-95131 20
-95116 58
-95105 64
-95081 74
-95066 45
-95044 68
-95016 39
-95005 30
-94993 72
-94968 60
-94954 19
-94925 20
-94908 61
-94904 37
-94903 23
-94884 42
-94870 18
-94858 19
-94837 31
-94810 19
-94784 27
25198 78
25205 251
25207 153
25229 241
25251 138
25254 102
25270 228
25278 170
25299 215
25305 239
25307 176
25333 99
25339 147
25348 81
25353 56
25357 118
25384 50
25394 217
25399 103
25429 29
66 2
-97256 1
-96463 1
-94734 1
-92365 1
-91404 1
-77281 1
-75253 1
-75149 1
-72665 1
-72509 1
-69166 1
-67931 1
-67207 1
-63683 1
-61242 1
-50907 1
-49672 1
-49364 1
-45348 1
-44488 1
-40487 1
-39936 1
-34450 1
-33247 1
-30588 1
-29395 1
-22189 1
-18236 1
-17052 1
-15084 1
-14449 1
-12489 1
-5701 1
-2820 1
-2059 1
-801 1
13752 1
14757 1
17756 1
18295 1
19455 1
23046 1
23066 1
28155 1
30075 1
30892 1
43301 1
45553 1
49408 1
55477 1
56995 1
57440 1
64875 1
65627 1
67570 1
68094 1
71571 1
73760 1
79028 1
83576 1
87900 1
90934 1
94996 1
98564 1
99718 1
99780 1
200 1000000
-100000 7024
-98684 2203
-97146 7472
-96815 8088
-95942 5257
-95637 4436
-95591 8748
-93524 4410
-91447 5852
-88899 3011
-88222 4692
-87897 5555
-86958 5942
-85778 3931
-85768 4531
-85594 3628
-85448 4472
-80796 1414
-75562 6925
-74973 3267
-74352 7533
-74228 4111
-74038 7878
-72925 3111
-70269 6260
-69836 5699
-69210 5023
-68556 2231
-68337 3101
-68228 3413
-67802 9046
-65812 6640
-64013 8007
-63379 9235
-63132 2185
-61798 7181
-61626 5508
-59259 2602
-58830 3149
-58707 4162
-58321 3282
-57047 3204
-56959 9030
-56164 5592
-54529 9509
-53686 4559
-53020 5338
-52421 2687
-52379 5799
-51088 3043
-49903 7382
-45916 3082
-44080 7402
-42936 7941
-42184 3771
-42163 4416
-41689 3338
-39463 3826
-38536 5618
-37929 7459
-34134 2801
-30755 3926
-30477 3128
-30202 6776
-30128 4695
-29525 7945
-29493 2838
-29100 4700
-28917 6002
-28280 5330
-26022 8159
-22175 3721
-21642 6588
-21335 2401
-20632 4271
-20270 4665
-15398 3731
-15077 5867
-14309 2575
-14039 3318
-13458 2734
-13355 3468
-13171 4316
-12977 3454
-11588 2388
-11495 3812
-7462 4962
-6175 3125
-5656 9394
-4713 7081
-2475 9018
-2028 5374
-1943 9272
-1376 3180
-245 9341
1687 4633
3415 5428
4259 5210
4912 6275
5755 5843
7178 8819
9847 8210
10631 2614
10874 2840
11394 1814
11731 2665
12218 3985
14599 5933
15965 4155
16193 6623
18451 6437
19163 3029
21015 3558
22976 2654
23681 4629
23772 3050
24110 6022
24687 9402
24884 3377
25537 3116
26741 8341
27237 6896
27918 5070
28325 7015
32118 4963
32219 2996
34616 2164
37815 5911
39611 5658
42773 6973
43615 5319
44050 8112
45570 7266
45593 5476
48258 2720
48368 2086
50299 3214
50405 8627
50621 6986
50756 5286
50876 6402
51344 8228
52572 7726
53340 3694
53786 1630
54558 7652
56006 4453
56234 2928
57754 3357
58237 3923
58630 3005
58934 4191
60242 7987
60714 5643
60945 2814
61376 4003
61984 1570
63978 4183
64231 5225
64706 5646
65399 7247
67101 2718
67540 8138
69723 3672
70108 6232
71161 2101
72036 2499
72080 5107
72378 4693
72944 4515
72990 4907
75262 6580
75323 3717
77254 1646
78139 298
78469 6369
78679 3269
78846 6337
80414 2457
81480 8134
81797 7156
82369 3877
83236 8255
83320 4018
84687 2711
84958 4172
86046 4063
86904 4754
87349 6567
87552 2389
90005 4572
91719 2703
92120 3137
92175 6267
93311 6753
93936 5405
95164 8072
95628 4292
96965 1019
100000 5955
154 3
-45987 32
-45977 43
-45947 31
-45942 38
-45929 38
-45928 21
-45904 41
-45881 44
-45877 32
-45862 50
-45834 31
-45818 30
-45798 37
-45776 29
-45768 24
-45754 18
-45751 20
-45744 14
-45720 14
-45719 37
-45713 34
-45698 34
-45685 34
-45663 30
-45652 41
-45647 48
-45639 35
-45633 36
-45616 17
-45614 17
-45590 27
-45573 19
-45552 27
-45548 13
-45539 33
-45520 31
-45502 39
-45498 46
-45474 23
-45458 38
-45435 42
-45423 42
-45400 14
-45382 26
-45362 14
-45345 13
-45328 33
-45306 42
-45305 10
-45285 34
-45265 21
-45251 28
-45234 38
-45227 36
-45223 23
-45218 34
-45193 31
-45176 9
-45167 25
-45158 30
-45144 15
-45120 18
-45108 12
-45102 29
-45100 24
-45087 11
-45079 32
-45051 15
-45046 11
-45021 24
-45012 11
-44987 34
-44965 17
-44954 8
-44948 9
-44928 14
-44899 21
-44889 34
-44869 1
33069 135
33084 154
33097 189
33104 62
33112 175
33140 157
33159 68
33175 156
33176 107
33192 58
33220 182
33226 175
33228 74
33250 170
33278 97
33288 107
33312 92
33325 70
33341 82
33371 102
33401 157
33419 138
33435 156
33449 110
33450 177
33453 144
33457 113
33464 110
33468 65
33475 65
33505 97
33530 115
33532 48
33545 127
33563 99
33565 150
33587 46
33597 123
33610 117
33617 183
33623 82
33648 67
33657 90
33662 99
33682 147
33708 74
33719 113
33745 72
33756 78
33785 98
33789 144
33818 97
33821 65
33846 158
33870 63
33882 73
33906 113
33928 120
33956 132
33961 40
33982 68
34001 149
34012 57
34025 44
34054 101
34066 87
34091 59
34118 131
34120 72
34123 129
34129 115
34137 44
34148 56
34178 78
34202 1
111 10
-99166 1
-97826 1
-96532 1
-95256 1
-94724 1
-93855 1
-91779 1
-91653 1
-85922 1
-82886 1
-81974 1
-80268 1
-77423 1
-69664 1
-68608 1
-64994 1
-63045 1
-61493 1
-60782 1
-59931 1
-58119 1
-57996 1
-57814 1
-55630 1
-53734 1
-53692 1
-49340 1
-48458 1
-45401 1
-44968 1
-44391 1
-41565 1
-41183 1
-40722 1
-40656 1
-40125 1
-40011 1
-38148 1
-37305 1
-35893 1
-35191 1
-32531 1
-28145 1
-20916 1
-19429 1
-17151 1
-16059 1
-15185 1
-14952 1
-11804 1
-11709 1
-10792 1
-10322 1
-10248 1
-9945 1
-7946 1
-4284 1
-3971 1
-3400 1
-3379 1
345 1
3311 1
4576 1
7697 1
10330 1
11629 1
12015 1
15041 1
15786 1
16902 1
18755 1
19544 1
23219 1
23297 1
24133 1
25616 1
27204 1
28971 1
31377 1
32123 1
35516 1
40859 1
42377 1
44190 1
46359 1
49516 1
55162 1
55866 1
55968 1
61106 1
62407 1
63366 1
64159 1
65035 1
66091 1
66514 1
67880 1
68106 1
68683 1
69139 1
69208 1
69399 1
69433 1
74928 1
86410 1
87913 1
91576 1
94302 1
95371 1
96398 1
98991 1
21 1
-97288 335
-87127 238
-69901 275
-46368 728
-45309 821
-41986 783
-24387 826
-16590 203
-8363 240
-1652 272
471 383
22439 214
24655 905
27768 645
48710 408
57560 232
61413 648
65692 323
81238 358
85483 855
88043 286
1 1000000
-29269 10000
39 5
-99523 1
-98137 1
-90996 1
-89138 1
-87217 1
-86497 1
-84612 1
-82649 1
-80915 1
-80437 1
-64542 1
-62447 1
-60056 1
-59178 1
-56586 1
-42644 1
-35789 1
-33149 1
-21283 1
-12273 1
-5301 1
-4308 1
3864 1
12728 1
17473 1
25511 1
25815 1
30138 1
35667 1
43212 1
53048 1
62789 1
69379 1
83197 1
86961 1
89063 1
89926 1
97610 1
97968 1
200 35
-99348 25
-98117 33
-93687 29
-93491 31
-93042 38
-92243 49
-92064 19
-91665 32
-91233 30
-90598 49
-89854 4
-87991 2
-87360 30
-87217 19
-85589 4
-84281 37
-84275 48
-84037 22
-83498 19
-82533 26
-81651 40
-79282 19
-79061 16
-75549 30
-75491 12
-75085 17
-74926 26
-73564 29
-67596 27
-67449 13
-66870 28
-66740 11
-65599 22
-65346 5
-64602 37
-64445 50
-61996 6
-61367 35
-61300 22
-59725 17
-57543 43
-56683 49
-55754 2
-55058 30
-54560 26
-53330 11
-52955 42
-52257 32
-51571 4
-51328 8
-51121 18
-50846 17
-48412 29
-46769 43
-44689 16
-43681 36
-43461 45
-42549 30
-41551 12
-39124 28
-37428 2
-36553 45
-35909 10
-35819 11
-35032 14
-34881 4
-32722 26
-32104 3
-32005 22
-29283 7
-28981 7
-28773 49
-27435 29
-26866 50
-26836 41
-25129 32
-24762 17
-24752 37
-23515 3
-23333 41
-22061 14
-20094 46
-17409 16
-16689 47
-16403 44
-14223 28
-11557 49
-11504 6
-6815 8
-5336 20
-3415 35
-3305 41
-3088 30
-2222 27
-1772 24
-1085 48
-206 12
299 33
657 43
1615 16
5027 36
6060 42
6368 23
7138 14
8900 4
10119 29
10463 37
10541 39
14541 49
14570 49
14940 34
15507 15
16927 41
18572 26
19296 28
20921 24
21092 36
22413 1
23418 14
23548 40
24170 50
24345 7
26863 42
27574 5
28245 13
29179 15
29852 1
31543 45
32202 26
32894 29
33721 13
34305 20
34674 19
35447 10
35951 36
36792 3
36833 24
36951 27
39612 5
40117 6
40390 36
41587 17
43442 1
43826 33
44055 33
44124 33
44633 16
44918 47
47725 24
48500 20
48774 11
51342 47
54940 32
54985 50
55386 8
55758 6
56669 27
56957 33
58722 34
59874 5
62069 29
63631 15
64034 41
64231 29
66170 20
66823 26
67636 19
68525 16
69158 49
69473 39
69544 22
71216 1
71244 17
73122 27
74239 50
75037 19
75631 22
76419 23
76911 47
77633 28
77745 1
85194 1
85200 28
85593 23
86585 37
89334 32
89808 6
91467 10
92002 16
92916 25
93199 21
93277 47
93302 30
93547 6
93985 23
94611 48
94877 39
95371 46
96589 20
97961 43
200 10
-100000 50
-97886 54
-96849 73
-96770 25
-95243 50
-94912 33
-94054 47
-93750 39
-92438 55
-91658 37
-91360 25
-89533 45
-89047 30
-87165 41
-86878 56
-86851 43
-86529 30
-85818 54
-85340 70
-84811 39
-84403 42
-83545 49
-82461 50
-82057 25
-79440 18
-78040 51
-77583 87
-77335 75
-77202 42
-76206 63
-74943 28
-74103 71
-70249 81
-70002 87
-69174 24
-68787 57
-68601 28
-66762 37
-66337 41
-65968 53
-65235 41
-64643 44
-63777 30
-63127 82
-60494 58
-59890 35
-58925 40
-58336 29
-57998 68
-57150 23
-56336 33
-56268 94
-55550 26
-55306 49
-55271 56
-53259 67
-53040 62
-49761 50
-49735 16
-49632 71
-49000 83
-48725 58
-48201 50
-47388 56
-46718 28
-44541 79
-44038 47
-43953 12
-41169 23
-41013 69
-40079 77
-39141 79
-37762 30
-36456 67
-36455 61
-36202 71
-36113 28
-35961 88
-35257 66
-33713 25
-33180 23
-32307 28
-29346 59
-28224 27
-26088 25
-25744 58
-24942 82
-24441 85
-22904 63
-22795 23
-20829 53
-20755 53
-18578 69
-18251 66
-17896 17
-17488 36
-16597 82
-16361 43
-13706 20
-12613 31
-11206 20
-10205 76
-8130 38
-7988 87
-7527 44
-7086 51
-6455 74
-5566 86
-4614 60
-3651 61
-3125 47
-2912 50
-2246 55
-2171 54
-493 62
-249 60
-145 52
257 41
1554 47
2162 13
2218 51
4487 14
7454 43
8343 58
8998 26
9771 68
10607 54
12424 51
13357 54
13410 30
17692 28
18296 47
18694 64
19480 69
20943 58
23802 53
24911 20
24974 40
25343 15
29541 20
29588 68
29829 62
31350 29
31667 51
31919 45
37098 76
37235 80
37418 44
41540 39
41995 82
43574 73
43606 39
44899 29
46594 37
46788 25
51001 30
51280 22
51903 35
53393 57
53817 33
54366 36
57733 48
57802 74
58000 76
58792 73
59476 20
60310 40
60438 54
61344 92
61742 52
62348 34
69383 45
70283 40
72990 91
74060 33
77502 72
78772 83
79268 50
82893 62
84551 78
85599 87
86473 82
87820 50
89980 66
90082 55
91387 50
92277 21
93913 55
94820 42
95401 37
95571 63
95679 48
96445 56
96842 33
97428 19
97817 31
99102 56
99191 72
99254 78
100000 30
9 7
-88162 1533
-38653 1238
-37248 224
-3205 1576
26011 998
51141 1834
63160 324
82742 1535
95450 677
200 9
-99728 4
-98721 2
-97571 7
-96697 7
-96655 4
-96265 4
-95108 7
-94489 2
-93801 5
-90691 4
-90529 8
-89007 4
-85302 2
-83942 7
-82839 10
-80233 7
-79315 8
-78835 8
-77891 4
-77235 8
-76640 9
-75669 5
-74581 8
-73489 8
-73225 9
-71856 7
-70564 3
-70306 7
-69995 1
-68951 2
-68930 4
-68620 8
-68562 10
-67977 2
-65991 2
-64576 3
-63970 10
-63916 10
-63705 6
-63629 1
-61039 1
-60867 1
-58458 8
-57507 9
-56852 4
-56508 3
-54230 10
-53574 3
-53395 8
-52347 5
-52079 2
-50856 4
-50594 6
-49560 2
-48986 3
-48186 6
-48125 10
-47510 7
-47468 7
-46527 9
-45711 5
-44940 7
-41508 3
-41399 6
-39857 4
-39046 1
-38044 1
-35277 10
-35120 10
-34554 1
-30037 4
-29615 6
-28927 6
-27689 2
-25778 8
-24977 1
-23180 4
-22457 2
-20503 10
-19961 8
-19830 9
-19223 3
-16782 6
-15857 6
-14694 5
-14258 1
-13325 4
-13036 3
-10730 8
-9780 10
-8533 9
-6878 1
-6042 1
-6018 8
-5167 10
-4252 6
-3172 6
-2783 8
-2161 3
-1247 10
-145 1
155 7
1807 7
2236 6
2552 8
3598 3
4563 7
4753 7
4884 8
7010 9
7316 4
8726 7
8963 5
9947 4
10186 4
10257 6
10869 4
12268 2
15150 4
15708 9
16330 4
17301 10
17594 6
18033 10
18214 4
20888 2
21216 4
23515 9
23850 9
24093 8
25966 7
26172 7
26914 7
27049 6
27133 7
27808 5
28357 7
30563 3
31034 2
34712 6
35776 10
38131 7
38492 10
40563 6
42047 10
42205 9
42368 7
44001 2
45295 5
45998 7
47289 3
47635 2
50899 8
53036 10
54316 7
54397 9
55055 6
55488 4
56895 3
57967 4
58246 5
58520 2
58635 9
59943 10
60641 1
62245 7
62679 10
62993 1
67785 5
68968 8
70166 9
72035 9
72427 4
72939 9
73328 6
73455 2
73715 6
73718 5
75033 9
75860 2
77498 3
79740 2
82119 9
83145 10
84979 6
85087 5
87991 5
88140 7
88970 9
89259 6
92054 1
93934 6
94406 3
94442 3
94743 7
94935 10
95280 3
98857 2
98897 8
99696 5
200 7
-100000 80
-99534 75
-98262 31
-96598 52
-95591 15
-93435 57
-93354 37
-92590 90
-90337 64
-90282 37
-90260 57
-88142 52
-87656 61
-87097 43
-84875 38
-84199 39
-84141 56
-83490 74
-82147 88
-81939 24
-81049 80
-79529 40
-76520 50
-75999 55
-74842 35
-74577 88
-73533 75
-70903 53
-69856 62
-68994 60
-68547 51
-68261 50
-66550 64
-65506 25
-64638 59
-63312 32
-63129 69
-62848 29
-62253 48
-62226 79
-60768 82
-58642 57
-58517 19
-56325 19
-55842 55
-54721 53
-53768 68
-53642 64
-52702 32
-52481 66
-52058 58
-51940 68
-50545 68
-49904 59
-49787 61
-49252 71
-48006 86
-47664 46
-47333 80
-46581 83
-45628 12
-45552 36
-44185 71
-42459 85
-41638 68
-41167 30
-41050 23
-40597 16
-40319 26
-39270 35
-38068 72
-35402 52
-34940 85
-33222 66
-32112 77
-30899 49
-30712 93
-29328 44
-28284 32
-27992 69
-27428 91
-27340 20
-26742 62
-25583 19
-25328 47
-24283 58
-23672 52
-22913 25
-22875 81
-21111 60
-19079 70
-17334 25
-17326 70
-12182 23
-11477 71
-10999 21
-10920 21
-10371 47
-9125 66
-5960 35
-4725 70
-3848 36
-2208 57
1126 51
1184 55
2224 22
2765 66
3667 20
5638 57
6195 49
8002 43
8508 63
9315 52
9333 80
10210 40
11362 62
11802 73
12347 46
12767 57
13481 30
15006 38
16214 69
16215 43
17866 30
19580 26
20834 69
21968 48
22445 19
24544 58
25241 53
25299 45
25331 30
26233 63
26326 20
26541 36
27372 26
29245 36
30309 94
31658 39
32764 95
33579 47
33658 62
35486 35
37811 15
40084 41
40907 33
42280 40
42544 64
42657 20
43177 29
43180 21
43516 23
44280 35
44383 23
47080 59
47782 44
49776 30
50551 52
52912 63
56207 82
57487 30
58260 68
58855 76
59692 47
59894 51
61927 76
62011 22
62259 35
62861 76
64717 65
65294 25
66084 75
66474 39
66871 72
68743 59
72253 1
73959 38
74978 25
75704 31
76014 32
76297 19
76637 56
78142 13
79190 51
79269 24
85335 59
87131 37
87619 68
87702 48
88655 50
89432 47
90427 50
90512 83
93501 17
94112 33
94849 35
95840 34
99549 38
99637 79
100000 58
200 1000000
-100000 42
-98773 76
-98453 47
-98148 47
-98023 54
-97834 25
-97799 60
-97402 50
-96252 37
-95542 72
-94485 30
-93603 47
-92560 38
-92044 74
-90715 52
-89941 45
-88024 57
-87794 31
-86918 35
-85230 30
-81959 23
-81705 60
-80549 52
-79413 92
-78735 24
-78654 39
-78607 74
-78314 63
-77825 28
-74688 22
-74132 40
-73560 54
-73493 44
-72509 88
-72487 9
-72142 31
-71089 33
-70336 62
-70241 63
-66357 58
-66268 63
-65705 79
-63450 42
-62445 64
-61679 50
-60500 28
-59421 40
-59399 76
-59335 65
-58679 40
-57631 85
-56973 26
-56204 53
-56053 27
-55423 27
-54243 62
-52903 95
-52853 63
-52709 49
-52608 72
-51556 17
-48166 25
-44425 35
-44310 51
-43584 41
-42390 49
-41922 26
-40773 56
-36223 51
-34271 66
-33578 24
-30349 22
-29162 61
-26928 16
-26190 22
-25795 33
-25185 46
-23061 75
-22977 37
-21195 98
-19857 63
-19738 43
-19066 28
-17709 87
-15396 59
-13033 43
-11654 88
-7917 26
-7754 29
-6733 31
-4589 34
-4409 24
-3618 54
-993 35
-61 93
234 56
1127 35
3802 19
3818 24
4420 49
6236 58
6391 55
7493 36
7880 29
8001 79
9232 24
10310 14
11051 38
11631 70
11759 54
11771 62
12448 51
13200 89
13753 90
15269 83
15309 27
16311 51
16556 61
16602 34
16676 38
16691 53
16868 32
18466 53
20301 30
21286 34
22546 61
24550 49
26858 23
28937 64
29238 65
30538 31
32028 50
34032 66
34061 67
35023 68
35033 66
35978 24
36538 37
36663 62
37433 55
38136 28
40014 42
40257 73
40331 91
40658 76
42025 24
42388 89
42871 63
42948 29
43008 38
44646 56
45290 38
45383 20
46834 54
48998 24
51449 66
53182 27
55275 40
55395 77
56051 44
56739 72
57155 32
57969 80
59145 69
59243 84
60872 58
62276 61
63444 17
67686 52
68441 60
72155 25
73257 38
74056 70
75572 34
76723 41
78440 62
78640 85
78680 83
79103 36
79335 59
80432 58
80584 63
81843 59
82809 50
83442 45
84206 38
84232 75
84344 60
84633 73
85300 30
85518 68
91191 44
91373 31
92878 78
94135 49
94846 91
95842 52
98466 17
99292 33
100000 51
200 53019
-100000 42
-99175 51
-97980 38
-97170 52
-95261 92
-94743 49
-94358 26
-91161 36
-90976 35
-87512 52
-86895 36
-86369 58
-83944 46
-83137 67
-82241 89
-79280 34
-78867 29
-78439 74
-77206 41
-76518 41
-75513 51
-75500 79
-75298 43
-75180 77
-73642 75
-72998 89
-71128 32
-70865 53
-69713 59
-68297 39
-65668 58
-63710 41
-63683 15
-63548 47
-63400 49
-62829 22
-62160 11
-59414 67
-58526 39
-58301 60
-58179 40
-57829 76
-57373 48
-57360 44
-57314 96
-52693 30
-52403 62
-52392 70
-52300 41
-51854 54
-51453 45
-51382 78
-46229 72
-46171 24
-45917 40
-43497 92
-43400 31
-43052 26
-42980 46
-42835 17
-42092 84
-41922 38
-40740 29
-39210 22
-37111 48
-36245 71
-35058 40
-33141 46
-31036 24
-30171 30
-30062 83
-29813 12
-26386 26
-25972 34
-24924 12
-24584 20
-23615 57
-23039 48
-22730 54
-19417 26
-19000 70
-18276 46
-16965 71
-16693 35
-16492 48
-14752 52
-10818 51
-10672 21
-10629 83
-7824 53
-6044 70
-5526 25
-5444 73
-4919 86
-4718 54
-3957 63
-3750 52
1422 36
1739 96
2920 36
5606 50
6192 59
6322 84
6423 79
7232 35
7806 86
7879 47
7915 76
8853 35
8932 81
11580 58
11867 77
12306 22
13771 56
17475 49
17782 55
17949 90
19917 46
21664 63
21943 18
21946 37
22906 41
22939 45
24023 29
25082 54
25959 25
27924 27
28717 24
30062 76
30081 56
32284 35
32888 26
33372 78
34823 73
36480 89
37701 80
38238 35
42923 68
46093 48
46587 23
49605 53
49726 59
51952 60
52363 33
53883 63
55159 27
56031 39
59427 13
59475 21
60310 22
62378 43
62927 70
63463 35
63756 44
63974 42
65178 50
66084 47
68094 53
68126 63
68293 28
68320 46
69008 54
69601 26
70536 18
70776 32
71476 67
71572 46
72525 64
74326 57
74582 40
75279 74
75570 37
78747 78
78959 20
79002 64
79744 22
81212 28
81405 64
81505 63
83580 74
84052 30
84289 63
85065 45
85301 49
85466 44
85877 35
86082 18
90101 62
91715 82
92258 51
92609 24
93549 57
96879 51
98319 68
98621 76
98661 70
99369 89
99588 69
99742 58
100000 34
1 968342
43321 722839
200 54772
-100000 29
-99576 53
-97453 27
-96005 32
-95204 67
-94921 60
-91319 12
-89813 95
-88472 41
-86613 47
-86512 65
-86278 71
-84048 73
-82919 20
-79705 34
-79464 43
-79001 23
-78910 69
-78889 38
-78664 30
-78263 44
-76147 42
-75217 53
-74478 72
-74038 73
-73408 78
-72515 33
-71902 36
-71766 46
-71695 28
-71576 14
-70712 79
-70675 32
-69815 67
-69299 28
-68097 83
-67722 68
-66518 53
-65752 49
-65141 32
-63832 13
-61762 20
-59882 67
-59165 82
-59039 36
-58581 59
-58395 40
-58153 68
-57118 44
-55081 40
-54726 61
-52863 39
-49267 35
-48925 86
-47884 49
-47818 35
-47812 90
-47000 12
-46515 51
-45282 63
-44536 36
-44334 22
-43976 63
-43191 23
-43038 95
-42332 32
-39228 23
-39140 22
-38090 36
-37896 21
-36756 26
-36031 51
-35896 69
-35703 41
-33057 50
-33046 62
-32541 18
-32061 21
-31908 27
-31636 38
-31614 25
-31407 39
-30558 90
-30538 47
-28124 60
-26558 48
-23099 18
-21357 53
-21264 97
-20721 34
-19404 66
-16896 74
-15270 11
-9918 57
-8207 47
-6586 31
-6166 80
-5413 68
-5054 74
-4535 47
-3494 10
-2082 40
-996 44
694 62
3661 75
3820 28
4316 83
4752 74
6346 53
8748 27
9869 63
11427 53
11623 79
11659 52
12595 84
12727 42
13285 76
14308 41
14965 65
15299 43
19027 47
20260 50
21418 81
22213 38
22227 51
22950 52
26186 49
28060 30
29144 40
29970 65
30115 84
33508 81
33957 27
36082 61
37334 50
37443 37
38524 57
40550 37
40720 27
40885 24
41183 28
41553 90
42006 49
42543 94
42606 38
44271 91
47020 36
47472 81
47855 27
50241 33
50504 66
53281 42
53782 72
54114 84
54141 67
55414 49
55423 27
55649 34
56129 20
58161 90
59849 86
60655 40
60979 63
61073 23
62060 50
64516 51
64761 39
65529 82
65730 46
66696 69
68160 43
70247 58
70877 39
71774 47
73008 71
73938 24
74105 56
74497 63
76086 19
76584 28
78049 45
79500 48
84937 66
86904 30
86939 38
87566 39
89937 89
90563 56
90774 45
91221 28
92890 60
92929 64
93043 54
93273 25
93837 25
94998 66
98944 82
99598 43
99665 67
100000 62
159 9
-77163 1083
-77144 1034
-77138 817
-77114 348
-77098 760
-77095 901
-77091 360
-77074 485
-77053 547
-77023 764
-77019 411
-77002 463
-76991 374
-76966 85
24613 6
24630 18
24644 9
24658 13
24676 5
24685 7
24707 11
24713 16
24733 14
24740 14
24746 6
24766 15
24785 14
24794 12
24801 18
24810 6
24827 15
24855 16
24876 17
24879 9
24881 14
24883 16
24888 16
24898 5
24910 5
24935 17
24949 17
24967 11
24978 12
25001 6
25007 8
25032 7
25049 7
25055 17
25079 7
25086 16
25088 14
25090 17
25119 4
25140 16
25167 12
25179 9
25192 4
25195 16
25204 15
25228 17
25246 13
25274 15
25275 13
25301 4
25317 12
25342 12
25366 14
25380 11
25386 14
25411 5
25435 16
25438 9
25456 16
25477 15
25492 9
25494 5
25509 9
25529 10
25544 10
25566 10
25567 11
25597 12
25600 8
25608 12
25638 12
25640 7
25661 16
25682 12
25706 12
25733 13
25749 5
25750 13
25761 14
25789 16
25816 15
25833 15
25852 16
25857 13
25870 7
25892 14
25920 6
25947 12
25958 13
25976 4
25996 11
26007 10
26033 10
26052 13
26068 5
26090 13
26110 11
26133 6
26141 15
26170 13
26200 10
26223 5
26228 4
26257 11
26286 6
26297 6
26311 3
26340 5
26356 9
26370 4
26388 15
26393 9
26398 11
26412 14
26427 9
26450 8
26474 11
26499 8
26525 9
26530 10
26560 4
26586 8
26605 6
26626 13
26651 8
26678 4
26701 5
26719 12
26730 6
26752 7
26780 6
26803 3
26831 9
26842 8
26851 9
26852 9
26857 10
26870 8
26874 5
26893 7
26914 5
26924 6
26954 4
26977 2
26989 2
183 1
-182 18
-181 78
-180 78
-178 75
-176 22
-174 53
-173 83
-171 32
-170 19
-164 71
-163 55
-162 52
-161 70
-159 76
-158 41
-157 41
-156 87
-153 38
-152 54
-151 45
-150 82
-149 103
-146 90
-143 94
-142 91
-141 54
-140 100
-139 72
-138 31
-136 27
-134 59
-132 50
-128 47
-126 52
-123 27
-121 67
-120 62
-115 39
-114 40
-112 98
-111 93
-106 39
-105 27
-103 29
-100 72
-97 27
-96 37
-94 43
-92 8
-91 35
-89 66
-85 48
-84 61
-81 95
-80 73
-79 25
-78 59
-77 66
-75 17
-74 32
-73 109
-72 62
-69 64
-67 20
-66 19
-64 48
-63 18
-62 85
-60 39
-59 36
-56 47
-53 22
-52 25
-50 65
-49 25
-48 45
-47 71
-43 66
-41 51
-40 45
-39 88
-36 74
-34 28
-33 38
-32 31
-31 54
-26 73
-24 39
-23 49
-22 60
-17 48
-16 30
-15 73
-14 25
-10 67
-9 19
-6 74
-4 76
-2 63
-1 80
2 88
6 57
7 24
18 91
23 63
24 47
25 53
26 71
35 34
37 53
38 32
42 34
44 77
45 24
46 22
51 24
59 90
62 22
63 80
65 44
66 31
67 60
68 73
69 59
73 49
78 27
79 52
80 57
82 64
83 83
84 86
86 31
87 22
88 55
89 78
94 42
95 71
97 32
101 19
102 50
103 59
105 91
106 62
107 44
108 19
109 73
113 37
115 52
117 79
118 33
120 99
121 76
126 42
135 44
136 44
137 92
138 25
139 81
141 76
142 84
143 82
144 73
145 29
146 53
147 86
149 65
152 17
154 71
156 46
157 93
159 92
160 21
164 33
166 21
169 45
170 86
173 73
174 71
175 76
177 33
179 100
181 56
182 17
