30
3
3 4
4 10
6 10
9
3
3 4
4 10
7 10
9
2
6 6
10 3
13
2
6 6
10 3
14
23
10 53
11 16
12 27
13 76
14 53
15 64
16 96
17 99
18 75
19 30
20 19
30 10
40 10
41 46
42 78
43 14
44 76
45 99
46 17
47 27
48 58
49 26
50 72
60
99
102799 1000000
205504 102702
205506 102701
205508 102700
205510 102699
205512 102698
205514 102697
205516 102696
205518 102695
205520 102694
205522 102693
205524 102692
205526 102691
205528 102690
205530 102689
205532 102688
205534 102687
205536 102686
205538 102685
205540 102684
205542 102683
205544 102682
205546 102681
205548 102680
205550 102679
205552 102678
205554 102677
205556 102676
205558 102675
205560 102674
205562 102673
205564 102672
205566 102671
205568 102670
205570 102669
205572 102668
205574 102667
205576 102666
205578 102665
205580 102664
205582 102663
205584 102662
205586 102661
205588 102660
205590 102659
205592 102658
205594 102657
205596 102656
205598 102655
308223 102684
410908 102685
513499 102588
513501 102587
513503 102586
513505 102585
513507 102584
513509 102583
513511 102582
513513 102581
513515 102580
513517 102579
513519 102578
513521 102577
513523 102576
513525 102575
513527 102574
513529 102573
513531 102572
513533 102571
513535 102570
513537 102569
513539 102568
513541 102567
513543 102566
513545 102565
513547 102564
513549 102563
513551 102562
513553 102561
513555 102560
513557 102559
513559 102558
513561 102557
513563 102556
513565 102555
513567 102554
513569 102553
513571 102552
513573 102551
513575 102550
513577 102549
513579 102548
513581 102547
513583 102546
513585 102545
513587 102544
513589 102543
513591 102542
513593 102541
616134
99
642831 1000000
1285628 642794
1285630 642793
1285632 642792
1285634 642791
1285636 642790
1285638 642789
1285640 642788
1285642 642787
1285644 642786
1285646 642785
1285648 642784
1285650 642783
1285652 642782
1285654 642781
1285656 642780
1285658 642779
1285660 642778
1285662 642777
1928436 642779
2571216 642780
3213962 642743
3213964 642742
3213966 642741
3213968 642740
3213970 642739
3213972 642738
3213974 642737
3213976 642736
3213978 642735
3213980 642734
3213982 642733
3213984 642732
3213986 642731
3213988 642730
3213990 642729
3213992 642728
3213994 642727
3213996 642726
3856718 642730
4499448 642730
5142144 642693
5142146 642692
5142148 642691
5142150 642690
5142152 642689
5142154 642688
5142156 642687
5142158 642686
5142160 642685
5142162 642684
5142164 642683
5142166 642682
5142168 642681
5142170 642680
5142172 642679
5142174 642678
5142176 642677
5142178 642676
5784848 642682
6427530 642682
7070178 642645
7070180 642644
7070182 642643
7070184 642642
7070186 642641
7070188 642640
7070190 642639
7070192 642638
7070194 642637
7070196 642636
7070198 642635
7070200 642634
7070202 642633
7070204 642632
7070206 642631
7070208 642630
7070210 642629
7070212 642628
7712833 642635
8355468 642635
8998069 642598
8998071 642597
8998073 642596
8998075 642595
8998077 642594
8998079 642593
8998081 642592
8998083 642591
8998085 642590
8998087 642589
8998089 642588
8998091 642587
8998093 642586
8998095 642585
8998097 642584
8998099 642583
8998101 642582
8998103 642581
9640684
2
10 1000
100 10
110
1
200000000 300000000
400000000
2
10 10
11 10
20
95
282988 1000000
303276 811279
335931 635670
339438 676691
357557 533358
385513 924549
418871 806634
427775 830083
434431 577212
476995 554332
490622 969445
503247 786654
511485 683798
518390 627010
535493 841053
554675 962348
826334 271656
826336 271655
826338 271654
826340 271653
826342 271652
826344 271651
826346 271650
826348 271649
826350 271648
826352 271647
826354 271646
826356 271645
826358 271644
826360 271643
826362 271642
1098003 271643
1369646 271643
1385963 920626
1392054 872470
1398399 939747
1401574 731935
1431176 782045
1453031 616634
1460613 659282
1467134 845494
1493555 580804
1500852 546629
1526329 608767
1559402 631883
1559899 934632
1569457 688677
1587312 635204
1804950 217635
1804952 217634
1804954 217633
1804956 217632
1804958 217631
1804960 217630
1804962 217629
1804964 217628
1804966 217627
1804968 217626
1804970 217625
1804972 217624
1804974 217623
1804976 217622
1804978 217621
2022597 217622
2240220 217623
2262776 504678
2262983 983216
2263544 650186
2279418 538557
2287468 951223
2290002 679818
2329847 680433
2333558 774708
2338845 787723
2378565 527596
2382422 961821
2415816 636960
2430332 744048
2431826 922498
2442017 869236
2643786 201766
2643788 201765
2643790 201764
2643792 201763
2643794 201762
2643796 201761
2643798 201760
2643800 201759
2643802 201758
2643804 201757
2643806 201756
2643808 201755
2643810 201754
2643812 201753
2643814 201752
2845566
7
10 10
15 5
20 9
25 5
30 10
35 5
40 10
45
5
100 100
105 5
110 5
112 2
114 2
120
99
620408 1000000
682846 590043
736881 705463
761087 581048
870510 846177
892665 953496
902468 905337
931155 857641
976548 769730
981011 735754
984813 588763
992318 850555
994838 762654
1003874 900192
1015398 578321
1019625 962883
1080857 965612
1081953 542413
1119025 527149
1132606 547318
1139049 837894
1150185 729775
1185569 944659
1204876 678031
1234321 918852
1848188 613864
1848190 613863
1848192 613862
1848194 613861
1848196 613860
1848198 613859
1848200 613858
1848202 613857
1848204 613856
1848206 613855
1848208 613854
1848210 613853
1848212 613852
1848214 613851
1848216 613850
1848218 613849
1848220 613848
1848222 613847
1848224 613846
1848226 613845
1848228 613844
1848230 613843
1848232 613842
1848234 613841
2462071 613845
3075916 613845
3106938 970883
3114742 875840
3117767 966096
3123974 859973
3200042 951809
3203126 541362
3220738 956390
3242585 556365
3266572 678904
3297991 844461
3328083 666151
3338122 689874
3351982 664259
3445940 888907
3481357 784826
3501284 874324
3501503 920353
3516904 804915
3517067 770492
3555259 600868
3556593 549316
3601512 881355
3652170 994407
3673076 722321
3689715 613796
3689717 613795
3689719 613794
3689721 613793
3689723 613792
3689725 613791
3689727 613790
3689729 613789
3689731 613788
3689733 613787
3689735 613786
3689737 613785
3689739 613784
3689741 613783
3689743 613782
3689745 613781
3689747 613780
3689749 613779
3689751 613778
3689753 613777
3689755 613776
3689757 613775
3689759 613774
3689761 613773
4303534
99
10 81
11 86
14 13
15 93
16 63
17 70
18 100
19 65
20 49
30 10
40 10
41 96
42 20
43 80
46 89
47 57
48 33
49 74
50 61
60 10
70 10
71 34
72 11
73 76
74 19
75 70
76 96
77 33
79 63
88 9
97 9
98 100
99 43
101 80
102 51
103 85
104 83
105 63
106 42
115 9
124 9
125 86
126 79
128 44
129 32
130 27
131 53
132 16
133 51
142 9
151 9
153 76
154 74
155 61
156 20
157 72
158 56
159 88
160 56
169 8
178 9
179 57
180 84
182 14
183 44
184 72
185 49
186 17
187 12
196 9
205 9
206 51
207 40
208 20
209 58
211 17
212 21
213 13
214 85
223 9
232 9
233 49
235 31
236 77
237 70
238 75
239 42
240 49
241 13
250 9
259 9
260 28
261 34
262 40
263 62
265 62
266 55
267 41
268 19
277
2
10 10
11 10
21
99
32975 1000000
65946 32968
65948 32967
65950 32966
98915 32967
131882 32967
164845 32960
164847 32959
164849 32958
197807 32958
230765 32958
263719 32951
263721 32950
263723 32949
296672 32949
329621 32949
362566 32942
362568 32941
362570 32940
395509 32941
428450 32941
461387 32934
461389 32933
461391 32932
494323 32932
527255 32932
560183 32925
560185 32924
560187 32923
593110 32923
626033 32923
658952 32916
658954 32915
658956 32914
691868 32916
724784 32916
757696 32909
757698 32908
757700 32907
790606 32908
823514 32908
856418 32901
856420 32900
856422 32899
889320 32900
922220 32900
955116 32893
955118 32892
955120 32891
988009 32893
1020902 32893
1053791 32886
1053793 32885
1053795 32884
1086679 32884
1119563 32884
1152443 32877
1152445 32876
1152447 32875
1185322 32875
1218197 32875
1251068 32868
1251070 32867
1251072 32866
1283936 32868
1316804 32868
1349668 32861
1349670 32860
1349672 32859
1382529 32861
1415390 32861
1448247 32854
1448249 32853
1448251 32852
1481103 32852
1513955 32852
1546803 32845
1546805 32844
1546807 32843
1579648 32845
1612493 32845
1645334 32838
1645336 32837
1645338 32836
1678172 32838
1711010 32838
1743844 32831
1743846 32830
1743848 32829
1776677 32829
1809506 32829
1842331 32822
1842333 32821
1842335 32820
1875153 32822
1907975 32822
1940793 32815
1940795 32814
1940797 32813
1973610
3
5 5
7 5
9 5
21
99
107316 1000000
214618 107299
214620 107298
214622 107297
214624 107296
214626 107295
214628 107294
214630 107293
214632 107292
321921 107295
429216 107295
536497 107278
536499 107277
536501 107276
536503 107275
536505 107274
536507 107273
536509 107272
536511 107271
643775 107278
751053 107278
858317 107261
858319 107260
858321 107259
858323 107258
858325 107257
858327 107256
858329 107255
858331 107254
965585 107254
1072839 107254
1180079 107237
1180081 107236
1180083 107235
1180085 107234
1180087 107233
1180089 107232
1180091 107231
1180093 107230
1287320 107233
1394553 107233
1501772 107216
1501774 107215
1501776 107214
1501778 107213
1501780 107212
1501782 107211
1501784 107210
1501786 107209
1608991 107213
1716204 107213
1823403 107196
1823405 107195
1823407 107194
1823409 107193
1823411 107192
1823413 107191
1823415 107190
1823417 107189
1930605 107190
2037795 107190
2144971 107173
2144973 107172
2144975 107171
2144977 107170
2144979 107169
2144981 107168
2144983 107167
2144985 107166
2252144 107173
2359317 107173
2466476 107156
2466478 107155
2466480 107154
2466482 107153
2466484 107152
2466486 107151
2466488 107150
2466490 107149
2573632 107156
2680788 107156
2787930 107139
2787932 107138
2787934 107137
2787936 107136
2787938 107135
2787940 107134
2787942 107133
2787944 107132
2895076 107131
3002208 107132
3109326 107115
3109328 107114
3109330 107113
3109332 107112
3109334 107111
3109336 107110
3109338 107109
3109340 107108
3216448
99
702211 1000000
1404408 702194
1404410 702193
1404412 702192
1404414 702191
1404416 702190
1404418 702189
1404420 702188
1404422 702187
2106607 702189
2808796 702189
3510971 702172
3510973 702171
3510975 702170
3510977 702169
3510979 702168
3510981 702167
3510983 702166
3510985 702165
4213144 702171
4915315 702171
5617472 702154
5617474 702153
5617476 702152
5617478 702151
5617480 702150
5617482 702149
5617484 702148
5617486 702147
6319631 702149
7021780 702149
7723915 702132
7723917 702131
7723919 702130
7723921 702129
7723923 702128
7723925 702127
7723927 702126
7723929 702125
8426047 702132
9128179 702132
9830297 702115
9830299 702114
9830301 702113
9830303 702112
9830305 702111
9830307 702110
9830309 702109
9830311 702108
10532417 702110
11234527 702110
11936623 702093
11936625 702092
11936627 702091
11936629 702090
11936631 702089
11936633 702088
11936635 702087
11936637 702086
12638722 702087
13340809 702087
14042882 702070
14042884 702069
14042886 702068
14042888 702067
14042890 702066
14042892 702065
14042894 702064
14042896 702063
14744952 702070
15447022 702070
16149078 702053
16149080 702052
16149082 702051
16149084 702050
16149086 702049
16149088 702048
16149090 702047
16149092 702046
16851136 702048
17553184 702048
18255218 702031
18255220 702030
18255222 702029
18255224 702028
18255226 702027
18255228 702026
18255230 702025
18255232 702024
18957249 702031
19659280 702031
20361297 702014
20361299 702013
20361301 702012
20361303 702011
20361305 702010
20361307 702009
20361309 702008
20361311 702007
21063318
99
10 88
13 94
14 38
15 98
16 65
17 83
18 17
19 98
20 95
30 10
40 10
41 71
43 95
44 41
45 61
46 34
47 54
49 66
50 61
60 10
70 10
71 44
73 80
74 47
75 55
76 33
77 11
78 83
79 57
80 10
90 10
91 70
92 75
93 67
94 46
95 12
96 23
97 34
98 52
100 10
110 10
111 77
112 41
113 36
114 81
115 75
116 65
119 22
120 41
130 10
140 10
141 24
142 33
143 44
145 20
146 95
147 87
148 51
150 73
160 10
170 10
171 95
172 70
173 12
174 65
175 12
177 95
178 57
179 77
180 10
190 10
191 78
192 50
193 22
194 85
196 59
197 55
198 69
200 75
210 10
220 10
221 47
222 79
223 11
224 71
225 39
226 36
227 27
230 91
240 10
250 10
251 69
252 81
253 42
254 94
255 77
256 93
257 73
259 71
268
99
863800 1000000
868836 544503
890940 968304
910344 714732
929657 772156
948628 654778
955870 637868
979672 835215
1012368 558629
1025771 608769
1040694 999608
1075837 522385
1094542 624414
1098925 697229
1101220 912389
1101477 771623
1131481 916426
1141234 968425
1147904 656145
1149578 531337
1150513 648674
1152117 571449
1165009 770914
1189390 522128
1201715 594827
1213557 978326
1220471 891334
1227747 617763
1240540 748070
1243058 956597
1255525 642381
1264618 907531
1292211 842916
1308150 652439
1347817 864153
1355944 687044
1402935 801174
1436404 545297
1437756 837895
1481001 992224
1481582 585948
1510105 883686
1556235 758026
1562692 781522
1578361 870286
1581094 551724
1611673 776283
1660088 858964
1684025 540994
1726843 968668
2589790 862944
2589792 862943
2589794 862942
2589796 862941
2589798 862940
2589800 862939
2589802 862938
2589804 862937
2589806 862936
2589808 862935
2589810 862934
2589812 862933
2589814 862932
2589816 862931
2589818 862930
2589820 862929
2589822 862928
2589824 862927
2589826 862926
2589828 862925
2589830 862924
2589832 862923
2589834 862922
2589836 862921
2589838 862920
2589840 862919
2589842 862918
2589844 862917
2589846 862916
2589848 862915
2589850 862914
2589852 862913
2589854 862912
2589856 862911
2589858 862910
2589860 862909
2589862 862908
2589864 862907
2589866 862906
2589868 862905
2589870 862904
2589872 862903
2589874 862902
2589876 862901
2589878 862900
2589880 862899
2589882 862898
2589884 862897
2589886 862896
3452782
99
210618 1000000
235365 553860
246930 625086
263986 928241
281936 658604
315019 928794
333996 852306
372884 795789
380560 622598
416188 977610
421220 210599
421222 210598
421224 210597
421226 210596
421228 210595
421230 210594
421232 210593
421234 210592
421236 210591
631821 210597
842418 210597
843949 979240
850264 865667
865506 503197
876634 747430
901819 940202
967731 548523
981824 529856
986553 875787
1046798 601861
1052999 210578
1053001 210577
1053003 210576
1053005 210575
1053007 210574
1053009 210573
1053011 210572
1053013 210571
1053015 210570
1263579 210576
1474155 210576
1489365 970756
1492317 520390
1506764 984678
1512382 740651
1578807 780549
1643885 715484
1653131 976413
1654255 701412
1661563 775394
1848955 187389
1848957 187388
1848959 187387
1848961 187386
1848963 187385
1848965 187384
1848967 187383
1848969 187382
1848971 187381
2036351 187382
2223733 187382
2226194 731876
2234926 809737
2240031 957032
2286567 819601
2330782 672932
2354615 879502
2357393 913487
2379226 732020
2382605 918989
2541461 158853
2541463 158852
2541465 158851
2541467 158850
2541469 158849
2541471 158848
2541473 158847
2541475 158846
2541477 158845
2700315 158852
2859167 158852
2870480 712700
2888494 609020
2948813 557849
2951361 590042
2955523 617561
2963450 560950
2970520 956859
2990338 767448
2999085 959577
3018003 158833
3018005 158832
3018007 158831
3018009 158830
3018011 158829
3018013 158828
3018015 158827
3018017 158826
3018019 158825
3176844
4
5 5
8 3
9 4
11 3
14
1
10 25
25
99
681733 1000000
729182 704770
932464 752669
1113548 813214
1201474 835771
1363460 681724
1363462 681723
1363464 681722
1363466 681721
2045185 681723
2726908 681723
2734359 674566
3004457 560484
3357129 617504
3369632 510361
3408625 681714
3408627 681713
3408629 681712
3408631 681711
4090340 681713
4772053 681713
4920832 912013
5161399 718741
5246493 892585
5339507 641597
5906955 567445
5906957 567444
5906959 567443
5906961 567442
6474401 567444
7041845 567444
7319427 723469
7364600 834050
7427092 936800
7507739 972755
7609283 567435
7609285 567434
7609287 567433
7609289 567432
8176720 567433
8744153 567433
8797904 771995
9104078 814506
9239043 991906
9278088 774635
9311580 567424
9311582 567423
9311584 567422
9311586 567421
9879005 567423
10446428 567423
10489590 781884
10532647 878565
10607688 772066
11003631 827487
11560828 557194
11560830 557193
11560832 557192
11560834 557191
12118025 557191
12675216 557191
12783780 506365
13078208 881798
13087652 645312
13203534 542296
13731846 528309
13731848 528308
13731850 528307
13731852 528306
14260156 528308
14788464 528308
15037195 714820
15161408 909714
15237103 913589
15303653 590560
15818836 515180
15818838 515179
15818840 515178
15818842 515177
16334018 515178
16849196 515178
16925100 835311
17243518 971972
17271771 740017
17316747 539170
17784292 467542
17784294 467541
17784296 467540
17784298 467539
18251837 467539
18719376 467539
18735575 847235
18812649 872119
18890439 705686
19159549 637480
19599716 440164
19599718 440163
19599720 440162
19599722 440161
20039883
99
360554 1000000
721104 360547
721106 360546
721108 360545
1081653 360545
1442198 360545
1802739 360538
1802741 360537
1802743 360536
2163278 360537
2523815 360537
2884348 360530
2884350 360529
2884352 360528
3244878 360529
3605408 360530
3965934 360523
3965936 360522
3965938 360521
4326459 360521
4686980 360521
5047497 360514
5047499 360513
5047501 360512
5408011 360514
5768525 360514
6129035 360507
6129037 360506
6129039 360505
6489542 360507
6850049 360507
7210552 360500
7210554 360499
7210556 360498
7571053 360499
7931552 360499
8292047 360492
8292049 360491
8292051 360490
8652540 360491
9013031 360491
9373518 360484
9373520 360483
9373522 360482
9734002 360484
10094486 360484
10454966 360477
10454968 360476
10454970 360475
10815444 360476
11175920 360476
11536392 360469
11536394 360468
11536396 360467
11896863 360467
12257330 360467
12617793 360460
12617795 360459
12617797 360458
12978255 360458
13338713 360458
13699167 360451
13699169 360450
13699171 360449
14059620 360449
14420069 360449
14780514 360442
14780516 360441
14780518 360440
15140956 360442
15501398 360442
15861836 360435
15861838 360434
15861840 360433
16222271 360435
16582706 360435
16943137 360428
16943139 360427
16943141 360426
17303565 360428
17663993 360428
18024417 360421
18024419 360420
18024421 360419
18384838 360421
18745259 360421
19105676 360414
19105678 360413
19105680 360412
19466090 360414
19826504 360414
20186914 360407
20186916 360406
20186918 360405
20547323 360405
20907728 360405
21268129 360398
21268131 360397
21268133 360396
21628529
7
10 10
15 5
20 9
25 5
30 10
35 5
40 10
49
95
200789 1000000
224274 830806
256318 941878
273554 646282
296220 889195
318560 556898
319484 898992
382227 716994
401566 200774
401568 200773
401570 200772
401572 200771
401574 200770
401576 200769
401578 200768
602344 200770
803114 200770
824725 999794
826704 673844
843129 986327
864739 662446
904951 781020
916711 762066
920581 661508
1038036 117452
1038038 117451
1038040 117450
1038042 117449
1038044 117448
1038046 117447
1038048 117446
1155488 117452
1272940 117452
1301175 627113
1313656 942153
1328023 698733
1329455 959451
1343679 776441
1351007 967420
1356392 915173
1439832 83437
1439834 83436
1439836 83435
1439838 83434
1439840 83433
1439842 83432
1439844 83431
1523275 83431
1606706 83431
1622848 892753
1626982 702112
1635153 540422
1644355 961992
1652463 874172
1663101 822455
1665004 975701
1690125 83416
1690127 83415
1690129 83414
1690131 83413
1690133 83412
1690135 83411
1690137 83410
1773545 83412
1856957 83412
1879082 880839
1879282 779034
1886342 704754
1889430 886061
1922523 839248
1936225 829728
1938478 533088
2019987 81506
2019989 81505
2019991 81504
2019993 81503
2019995 81502
2019997 81501
2019999 81500
2101499 81500
2182999 81500
2185673 731751
2187776 808411
2202237 568552
2208277 637252
2228752 628271
2234032 638808
2253607 753712
2264487 81485
2264489 81484
2264491 81483
2264493 81482
2264495 81481
2264497 81480
2264499 81479
2345978
99
229375 1000000
458656 229278
458658 229277
458660 229276
458662 229275
458664 229274
458666 229273
458668 229272
458670 229271
458672 229270
458674 229269
458676 229268
458678 229267
458680 229266
458682 229265
458684 229264
458686 229263
458688 229262
458690 229261
458692 229260
458694 229259
458696 229258
458698 229257
458700 229256
458702 229255
458704 229254
458706 229253
458708 229252
458710 229251
458712 229250
458714 229249
458716 229248
458718 229247
458720 229246
458722 229245
458724 229244
458726 229243
458728 229242
458730 229241
458732 229240
458734 229239
458736 229238
458738 229237
458740 229236
458742 229235
458744 229234
458746 229233
458748 229232
458750 229231
687952 229260
917212 229260
1146378 229163
1146380 229162
1146382 229161
1146384 229160
1146386 229159
1146388 229158
1146390 229157
1146392 229156
1146394 229155
1146396 229154
1146398 229153
1146400 229152
1146402 229151
1146404 229150
1146406 229149
1146408 229148
1146410 229147
1146412 229146
1146414 229145
1146416 229144
1146418 229143
1146420 229142
1146422 229141
1146424 229140
1146426 229139
1146428 229138
1146430 229137
1146432 229136
1146434 229135
1146436 229134
1146438 229133
1146440 229132
1146442 229131
1146444 229130
1146446 229129
1146448 229128
1146450 229127
1146452 229126
1146454 229125
1146456 229124
1146458 229123
1146460 229122
1146462 229121
1146464 229120
1146466 229119
1146468 229118
1146470 229117
1146472 229116
1375588
