Case #1: 9 1 5 6 2 8 3 10 7 4
Case #2: 4 1 6 3 5 8 2 9 10 7
Case #3: 9 4 8 7 2 3 5 6 1 10
Case #4: 5 8 1 7 3 9 10 2 6 4
Case #5: 7 9 3 5 2 1 8 10 6 4
Case #6: 7 8 3 6 5 2 10 9 1 4
Case #7: 1 5 8 3 6 7 2 9 10 4
Case #8: 2 8 9 7 5 10 6 3 4 1
Case #9: 4 6 3 1 8 5 10 2 7 9
Case #10: 10 1 6 2 3 9 4 8 5 7
Case #11: 5 9 1 4 7 2 10 6 8 3
Case #12: 5 4 3 8 2 7 1 10 9 6
Case #13: 1 2 3 9 8 4 6 5 10 7
Case #14: 4 2 1 10 3 8 6 5 7 9
Case #15: 2 3 10 1 4 7 8 6 9 5
Case #16: 2 8 6 3 10 1 5 7 4 9
Case #17: 5 10 3 9 4 8 6 7 1 2
Case #18: 3 4 7 5 9 10 1 8 2 6
Case #19: 1 8 4 3 7 10 9 2 5 6
Case #20: 8 5 2 1 4 6 9 10 3 7
Case #21: 2 1
Case #22: 5 9 6 3 4 2 7 1 8 10
Case #23: 8 7 3 5 9 4 1 6 2 10
Case #24: 9 10 6 7 8 4 1 5 2 3
Case #25: 5 6 9 7 8 1 4 3 10 2
Case #26: 10 8 1 5 4 3 2 6 9 7
Case #27: 6 7 2 1 8 4 10 9 5 3
Case #28: 3 2 8 10 5 9 1 7 4 6
Case #29: 1 2 7 5 3 8 9 6 4 10
Case #30: 9 7 10 8 4 2 1 3 5 6
Case #31: 2 4 9 1 8 6 10 3 7 5
Case #32: 3 4 5 1 6 9 7 2 10 8
Case #33: 1
Case #34: 7 4 6 8 9 10 2 3 5 1
Case #35: 1 4 2 8 7 6 5 9 10 3
Case #36: 9 4 10 3 6 5 2 7 8 1
Case #37: 8 10 2 5 6 4 9 3 1 7
Case #38: 9 2 5 8 10 7 1 3 4 6
Case #39: 8 3 10 7 5 2 9 6 4 1
Case #40: 9 8 5 2 1 3 4 6 10 7
Case #41: 5 10 9 3 6 4 1 7 8 2
Case #42: 1 3 7 10 4 6 2 5 9 8
Case #43: 6 1 8 3 4 5 9 10 2 7
Case #44: 1 2 3
Case #45: 1 4 2 6 8 5 9 7 10 3
Case #46: 8 10 5 9 1 4 7 6 2 3
Case #47: 7 1 2 10 3 4 9 6 5 8
Case #48: 5 4 1 8 3 9 10 6 7 2
Case #49: 8 3 4 10 2 6 5 9 1 7
Case #50: 9 7 2 6 3 1 10 5 8 4
Case #51: 2 7 10 1 9 4 8 3 5 6
Case #52: 7 8 2 5 9 10 3 4 1 6
Case #53: 5 10 7 8 3 2 4 1 6 9
Case #54: 5 6 9 8 2 10 1 7 4 3
Case #55: 9 2 1 7 3 6 8 10 5 4
Case #56: 2 5 3 7 10 8 1 6 4 9
Case #57: 2 8 4 1 3 5 6 7 9 10
Case #58: 9 6 1 2 4 7 5 3 8 10
Case #59: 8 7 1 6 4 2 10 9 3 5
Case #60: 8 7 10 3 6 1 4 9 2 5
Case #61: 6 9 1 4 2 5 3 8 7 10
Case #62: 7 10 2 4 6 8 9 5 1 3
Case #63: 6 9 2 8 1 4 10 7 3 5
Case #64: 4 7 1 6 9 3 10 8 5 2
Case #65: 2 10 8 9 3 4 1 5 7 6
Case #66: 3 4 6 1 9 8 7 2 5 10
Case #67: 10 9 2 1 3 4 5 7 6 8
Case #68: 10 3 5 8 2 6 4 7 1 9
Case #69: 5 2 6 1 7 3 10 8 9 4
Case #70: 4 8 5 10 9 3 7 1 6 2
Case #71: 3 4 2 6 8 10 5 1 9 7
Case #72: 4 10 6 7 9 3 5 2 1 8
Case #73: 10 1 2 3 9 8 4 7 6 5
Case #74: 5 10 1 2 7 9 4 3 6 8
Case #75: 2 8 9 1 6 4 5 10 7 3
Case #76: 4 7 2 3 5 8 10 6 9 1
Case #77: 9 5 4 10 8 3 2 7 1 6
Case #78: 10 3 8 6 5 9 4 7 2 1
Case #79: 2 9 5 7 1 10 3 6 4 8
Case #80: 3 7 6 4 1 5 10 8 9 2
Case #81: 5 10 7 1 6 2 4 8 9 3
Case #82: 2 3 10 6 5 4 8 1 7 9
Case #83: 6 7 1 10 9 3 8 4 5 2
Case #84: 3 1 9 10 6 4 8 7 5 2
Case #85: 6 9 4 10 2 3 8 7 5 1
Case #86: 9 4 8 5 10 7 6 1 2 3
Case #87: 9 7 1 3 6 10 8 4 2 5
Case #88: 4 5 9 6 10 7 2 3 8 1
Case #89: 8 2 5 3 9 6 1 7 10 4
Case #90: 2 3 7 5 1 6 9 4 8 10
Case #91: 9 2 7 1 8 5 4 6 10 3
Case #92: 4 7 3 2 6 1 5 8 10 9
Case #93: 1 7 5 3 10 8 2 9 4 6
Case #94: 5 7 6 10 9 2 1 8 3 4
Case #95: 7 1 4 5 8 2 9 10 3 6
Case #96: 3 1 2
Case #97: 7 4 3 8 1 6 2 9 5 10
Case #98: 9 1 8 5 6 2 4 7 3 10
Case #99: 5 7 8 4 3 1 6 9 10 2
Case #100: 2 3 6 4 8 1 9 10 7 5
