100
10 100
90 1
56 1
46 1
13 1
80 1
12 1
25 0
50 1
2 0
37 1
10 100
10 0
32 1
89 0
94 1
66 0
20 0
53 1
31 1
55 1
54 0
10 100
34 0
62 0
22 0
14 1
46 1
41 0
21 1
19 1
3 1
27 0
10 100
11 0
74 0
27 0
64 1
2 0
44 1
89 1
9 0
81 0
43 0
10 100
36 0
55 0
27 1
46 0
69 1
50 1
71 0
53 1
1 1
40 1
10 100
57 1
71 1
78 0
52 1
76 0
23 1
4 0
79 1
30 0
62 1
10 100
81 1
34 0
18 1
37 0
1 1
25 1
79 0
2 1
60 0
39 0
10 100
58 0
96 0
71 1
56 0
35 1
75 1
24 1
87 0
85 1
45 0
10 100
24 1
55 1
98 0
6 0
62 0
12 0
46 1
73 1
34 0
31 1
10 100
7 1
12 1
17 0
63 0
44 0
83 0
24 1
19 1
71 1
85 1
10 100
86 0
75 0
68 0
85 0
23 0
52 1
34 1
66 1
28 0
50 0
10 100
37 0
25 1
14 1
12 1
6 0
44 1
77 0
85 0
62 0
38 0
10 100
78 0
70 0
13 1
27 1
60 0
62 0
56 1
65 1
24 1
32 1
10 100
20 1
88 0
22 1
10 0
74 0
50 1
59 0
37 0
55 0
81 1
10 100
86 0
99 0
89 1
44 0
77 0
59 0
82 1
49 1
75 0
37 1
10 100
52 0
89 1
72 0
65 0
57 1
19 0
61 0
8 1
67 0
23 0
10 100
36 1
34 1
18 1
24 1
5 1
51 0
38 1
59 0
63 0
15 0
10 100
65 0
60 0
1 1
2 0
15 1
27 1
6 0
26 0
23 1
82 0
10 100
93 1
30 1
14 0
11 1
65 1
62 1
67 0
90 1
27 0
66 0
10 100
23 0
8 0
53 1
29 1
7 0
96 0
35 0
1 0
31 0
67 1
2 11
2 1
7 1
10 100
47 1
77 0
88 0
83 0
95 1
91 1
12 1
74 1
5 0
61 1
10 100
27 0
73 1
84 0
77 0
10 1
31 1
6 1
99 1
18 0
37 0
10 100
49 0
40 1
36 1
50 1
45 1
9 0
28 1
94 0
3 0
4 0
10 100
31 0
43 0
55 1
59 1
11 1
72 1
29 1
71 0
27 0
33 0
10 100
95 1
60 0
73 1
34 0
10 1
46 0
51 1
9 0
53 1
99 0
10 100
94 1
15 1
51 0
33 0
47 1
97 0
1 1
81 0
80 0
44 1
10 100
59 1
76 0
99 1
36 1
6 1
26 1
23 1
73 1
62 0
71 1
10 100
94 0
93 0
83 1
64 1
87 1
55 1
25 0
40 0
71 0
69 1
10 100
45 0
40 0
46 0
18 0
55 0
67 1
82 0
75 1
4 1
79 1
10 100
95 1
98 0
52 1
12 0
27 0
25 1
43 1
68 1
22 1
56 0
10 100
7 1
32 0
6 0
94 1
72 1
55 1
36 1
16 1
43 1
28 1
1 55
37 0
10 100
46 0
50 1
49 1
78 1
39 1
77 0
86 1
16 1
61 1
51 1
10 100
96 1
10 1
41 0
1 1
57 1
58 0
14 0
67 1
15 0
51 1
10 100
55 1
68 0
41 0
88 0
73 1
42 0
57 1
47 1
2 0
27 0
10 100
49 0
85 1
47 0
28 0
84 1
20 0
70 0
3 0
32 0
8 0
10 100
58 1
12 0
37 1
36 0
88 1
28 1
23 1
81 1
6 0
73 1
10 100
52 0
27 0
9 1
72 1
21 1
36 0
77 0
88 1
30 0
15 0
10 100
40 0
34 1
80 0
75 0
31 1
63 0
54 0
30 1
11 0
46 0
10 100
16 1
31 1
76 1
57 1
97 0
69 0
49 1
42 1
95 1
15 0
10 100
89 0
43 1
10 1
60 0
33 1
50 0
62 1
25 1
23 1
17 1
10 100
5 1
51 1
30 0
35 1
65 0
94 1
52 0
71 0
59 0
40 1
3 48
20 0
25 0
40 0
10 100
96 0
14 1
77 0
13 0
52 0
90 1
88 0
15 0
67 1
73 0
10 100
58 0
44 1
36 1
32 1
21 1
45 0
49 1
90 0
73 1
77 1
10 100
14 0
27 0
74 0
28 1
60 1
34 0
8 1
50 1
71 0
99 0
10 100
92 1
87 0
89 1
10 0
99 0
72 1
80 0
90 0
42 1
71 0
10 100
64 1
66 1
5 1
69 0
34 0
18 0
51 0
3 1
38 0
9 0
10 100
56 1
70 1
60 1
22 1
49 1
62 1
95 0
25 1
8 0
50 1
10 100
24 0
12 0
46 1
84 1
28 1
41 1
98 0
48 1
87 1
96 0
10 100
86 0
8 1
82 1
83 0
29 0
85 0
97 0
88 1
36 0
60 0
10 100
36 0
24 1
20 0
72 0
99 1
66 0
19 1
79 0
63 1
6 1
10 100
38 1
35 0
65 0
71 1
12 0
14 0
46 0
16 1
96 0
83 0
10 100
21 0
95 0
41 1
71 0
67 0
84 1
94 0
47 0
11 0
57 1
10 100
30 0
97 1
4 1
49 0
95 0
81 0
12 1
22 0
70 1
92 1
10 100
15 0
4 0
79 1
14 0
71 1
70 0
50 0
11 0
51 0
63 1
10 100
90 0
77 0
34 1
70 0
24 0
21 0
68 1
42 1
20 1
39 1
10 100
91 0
63 1
51 1
30 1
45 0
71 0
29 0
21 1
32 0
57 1
10 100
30 1
31 0
10 1
73 0
34 0
29 1
95 1
99 1
43 0
87 1
10 100
6 0
64 1
9 1
67 1
61 1
2 0
39 1
46 0
3 0
37 1
10 100
44 0
30 0
49 1
89 0
51 1
36 1
90 1
72 0
64 1
25 0
10 100
41 0
86 1
80 0
46 0
59 0
97 1
56 0
32 1
5 0
50 0
10 100
10 1
21 1
56 1
72 0
24 1
63 0
3 1
37 1
15 1
46 0
10 100
73 0
90 0
17 1
41 1
42 1
69 0
43 0
85 1
84 0
7 1
10 100
4 1
60 1
98 1
97 0
17 1
3 1
16 0
92 1
95 0
21 0
10 100
93 1
94 0
60 1
39 0
36 1
21 1
28 1
25 1
18 1
96 0
10 100
18 0
13 1
2 1
64 1
88 1
69 1
35 0
82 1
24 1
92 0
10 100
72 1
4 1
6 0
9 1
1 0
79 1
59 1
43 1
12 1
51 0
10 100
44 0
41 0
89 0
98 1
6 1
38 1
53 1
95 1
18 1
12 0
10 100
52 1
22 1
14 0
97 0
70 1
86 0
39 0
25 0
30 1
85 1
10 100
74 0
91 0
93 0
3 1
47 1
5 0
6 1
64 0
8 1
99 0
10 100
1 1
7 1
11 1
19 1
21 1
52 1
56 0
57 0
62 0
89 0
10 100
98 0
9 1
71 0
28 0
99 1
36 1
73 1
64 0
19 0
1 1
10 100
71 0
18 1
34 0
70 1
31 1
27 1
41 1
91 0
23 0
65 0
10 100
42 1
14 0
74 1
94 1
17 1
43 0
92 1
73 0
30 1
53 1
10 100
68 1
32 0
72 0
91 0
10 1
66 1
36 1
76 0
94 1
23 0
10 100
55 1
52 0
88 0
59 0
33 1
24 0
40 1
68 0
64 1
6 1
10 100
39 0
92 1
52 0
53 0
26 0
80 0
37 1
55 0
5 1
42 0
10 100
29 1
58 0
99 1
82 1
37 0
95 1
97 1
43 0
50 1
67 0
10 100
22 0
78 1
31 1
69 0
97 1
81 0
18 0
28 1
43 1
94 1
10 100
56 0
1 0
17 0
89 0
36 0
31 0
58 1
52 0
88 0
27 0
10 100
24 1
52 0
32 0
84 0
45 1
10 0
90 0
85 1
29 0
26 0
10 100
67 1
24 1
84 0
29 1
12 1
43 1
27 1
28 1
64 1
45 1
10 100
31 1
55 1
16 1
57 0
49 1
13 0
54 1
20 1
67 0
56 1
10 100
72 0
87 0
86 0
11 1
34 1
50 0
48 0
26 0
3 0
95 0
10 100
9 1
27 0
24 1
36 1
33 0
26 0
81 0
48 1
7 0
75 1
10 100
43 1
91 1
27 0
7 0
9 0
11 1
20 0
87 0
94 0
14 0
10 100
40 0
88 1
77 1
46 1
81 1
6 1
68 1
96 1
70 0
41 0
10 100
78 1
92 1
9 0
18 1
79 0
73 0
85 1
59 1
11 1
51 1
10 100
74 0
87 0
48 1
37 1
10 1
69 0
4 1
7 1
91 1
56 0
10 100
65 1
77 1
78 1
9 0
12 1
66 1
82 1
51 1
41 0
48 1
10 100
97 1
43 0
81 0
44 0
12 0
61 0
90 1
27 1
63 1
13 1
10 100
43 1
48 0
10 0
32 1
3 1
89 1
97 0
35 1
56 1
7 1
10 100
14 1
75 1
57 1
15 0
95 1
23 1
99 0
81 0
62 1
16 0
3 85
12 0
39 0
74 1
10 100
30 1
73 1
27 0
87 0
66 0
40 0
15 0
82 1
46 0
48 1
10 100
89 1
36 0
82 0
38 0
4 1
88 0
50 1
3 1
95 1
68 0
10 100
47 1
66 0
80 0
26 1
8 0
73 1
96 0
95 0
49 0
63 1
10 100
75 1
93 1
89 0
35 0
51 1
25 0
49 1
80 0
56 0
46 1
