Case #1: 33.3333333319 66.6666666652
Case #2: 0.0000000000 99.9999999985
Case #3: 25.0000000000 25.0000000000 25.0000000000 25.0000000000
Case #4: 34.6666666667 26.6666666667 38.6666666667
Case #5: 24.8475609754 0.0000000000 0.0000000000 25.4573170729 24.8475609754 24.8475609754 0.0000000000
Case #6: 11.1111111109 0.0000000000 11.1111111109 11.1111111109 11.1111111109 11.1111111109 11.1111111109 11.1111111109 11.1111111109 11.1111111109
Case #7: 16.6666666666 16.6666666666 16.6666666666 16.6666666666 16.6666666666 16.6666666666
Case #8: 49.9999999998 49.9999999998
Case #9: 0.0000000000 0.0000000000 0.0000000000 25.2252252251 25.2252252251 24.7747747747 24.7747747747
Case #10: 9.9999999999 9.9999999999 9.9999999999 9.9999999999 9.9999999999 9.9999999999 9.9999999999 9.9999999999 9.9999999999 9.9999999999
Case #11: 0.0000000000 99.9999999987
Case #12: 0.0000000000 24.9169435214 0.0000000000 24.9169435214 24.9169435214 25.2491694350 0.0000000000
Case #13: 22.6881720430 17.2043010753 21.3978494623 17.2043010753 1.0752688172 20.4301075269
Case #14: 33.5034013603 32.9931972787 0.0000000000 33.5034013603 0.0000000000
Case #15: 16.6666666663 44.0860215050 22.0430107523 17.2043010749
Case #16: 11.2728503722 17.9079214623 14.3534190926 15.7752200405 12.2207176708 17.1970209884 11.2728503722
Case #17: 13.5177453026 13.9352818371 13.9352818371 9.1336116909 15.1878914404 9.1336116909 8.9248434237 16.2317327765
Case #18: 66.6666666628 33.3333333295
Case #19: 16.6666666664 16.6666666664 16.6666666664 16.6666666664 16.6666666664 16.6666666664 0.0000000000
Case #20: 87.2340425527 12.7659574463
