100
863 737
147 1 1 826
830 1 1 831
186 768
267 527 792527137 526
81 13 460856586 342
848 696
135 1 1 787
813 1 1 814
987 668
157 1 1 892
255 326 108399179 710
728 169
323 210 682026321 585
750 85 977096686 799
915 725
167 1 1 866
813 1 1 814
816 381
670 1 1 744
429 1 1 430
688 569
579 848 252088721 919
872 528 11000807 984
824 913
225 437 290518157 436
410 1 1 411
43 234
221 468 158537267 467
301 750 507715910 394
748 29
39 338 181219481 579
43 975 387398189 195
424 226
810 794 69999431 916
533 400 572663933 909
917 775
262 525 78899727 524
479 1 1 480
6 5
10 1 3 17
5 2 7 19
947 439
838 1 1 930
845 1 1 846
831 814
317 562 557336419 561
415 1 1 416
1 230
327 1 391887043 560
91 953 113333314 521
704 381
610 173 693509044 967
639 130 371505459 953
840 981
736 271 906549860 780
460 950 999180135 686
880 474
201 351 404270877 490
137 242 889858383 143
862 394
225 519 937770319 518
175 1 2 177
885 738
164 1 1 873
803 1 1 804
959 936
243 528 289943167 527
932 1 1 933
863 619
192 929 369090535 464
804 1 1 805
938 542
472 1 1 933
861 1 1 862
862 745
142 1 1 833
807 1 1 808
864 426
714 1 1 792
440 1 1 441
148 123
62 112 593241610 164
119 858 633435226 481
942 3
275 1 606040581 566
90 1 1 91
810 704
123 1 1 765
895 1 1 896
858 698
140 1 1 808
841 1 1 842
896 695
153 1 1 878
832 1 1 833
275 184
368 755 409087081 747
438 545 47036919 946
10 13
28 931 601463 36
231 539 556432 258
903 622
457 1 1 901
832 1 1 833
1 198
219 410 137923317 409
78 933 255117403 86
444 167
84 964 800199431 180
282 856 442745619 784
889 17
211 446 458492119 445
452 1 1 453
814 425
722 1 1 800
266 754 667732105 751
64 941
115 469 22534481 234
16 202 554359549 81
1 395
18 246 615815 60
73 228 14618 195
960 731
268 590 218830954 589
191 1 2 193
878 414
696 1 1 772
435 1 1 436
696 873
50 724 812060180 208
158 710 199628314 292
910 9
210 458 744680000 457
465 1 1 466
817 998
217 913 982901063 432
74 1 1 75
876 427
791 1 1 875
810 1 1 811
753 904
130 843 339436441 437
219 838 619636135 423
939 829
156 1 1 925
943 1 1 944
963 492
477 1 1 921
871 1 1 872
884 699
134 1 1 826
835 1 1 836
997 927
226 1 708591247 424
866 1 1 867
897 448
767 1 1 852
831 1 1 832
920 361
714 1 1 777
304 22 99988477 663
110 816
90 954 511709604 174
182 669 913166800 190
926 770
149 1 1 872
851 1 1 852
1000 700
1 1 1 1000
999 1 1 1000
1 679
324 570 873527363 569
81 369 952060052 393
326 670
194 376 270854258 398
165 388 236303546 639
1000 999
1 1 1 1000
999 1 1 1000
801 700
234 1 478258747 446
63 1 1 64
821 387
685 1 1 760
311 885 263210012 414
864 190
217 995 788436094 497
846 1 1 847
833 903
290 503 785653281 502
86 1 1 87
1000 53
248 453 331880733 452
176 251 215789508 474
938 463
828 1 1 917
882 1 1 883
13 295
244 357 507265986 870
43 101 786417583 310
946 410
776 1 1 860
322 264 213519335 325
820 70
222 510 726001328 509
422 1 1 423
829 444
197 1 599479317 403
88 1 1 89
988 435
448 1 1 842
495 1 1 496
999 803
150 1 1 880
858 1 1 859
974 970
248 555 21272651 554
879 1 1 880
897 2
354 600 947072639 599
80 1 1 81
819 535
228 706 938604107 423
67 1 1 68
951 645
263 459 83810243 458
461 1 1 462
942 248
148 1 1 810
654 394 278144481 917
991 254
307 709 378173774 531
93 1 1 94
1000 712
310 1 936568099 570
97 225 532768470 975
819 722
150 398 868941385 565
431 105 426401349 615
904 3
306 1 199358763 518
57 1 1 58
1000 999
999 1 999 1000
999 1 1 1000
894 342
144 1 1 873
779 274 411293603 961
900 793
150 1 1 882
810 1 1 811
828 10
240 545 884367869 544
107 1 1 108
957 702
128 1 1 802
862 1 1 863
921 448
760 1 1 841
420 1 1 421
1000 982
621 2 7 997
899 1 1 900
945 605
484 1 1 916
846 1 1 847
1000 23
276 116 193612016 575
846 661 73159557 967
725 577
184 773 926560694 283
713 162 403766195 978
942 441
465 1 1 858
479 1 1 480
726 512
840 721 793980345 880
37 220 387924156 161
962 135
227 895 397629029 447
926 1 1 927
887 831
273 647 428897395 578
116 1 1 117
865 785
234 169 802666397 504
806 1 1 807
153 316
246 793 665342333 558
110 937 683957056 168
466 877
1 243 379331528 397
190 839 716420155 575
893 760
152 1 1 863
823 1 1 824
802 695
131 1 1 785
825 1 1 826
