100
4
1 0 0
-1 0 0
10 10 1000
10 -10 1000
3
1 1 0
2 2 0
3 3 0
5
10 10 1000
-10 10 1000
10 -10 1000
-10 -10 1000
20 20 2000
1
0 0 0
1
-11 0 99
1
-11 0 100
2
0 0 251
7 0 0
2
0 0 250
7 0 0
1
0 0 100000000
2
0 0 100000000
1 0 100000000
1
1000 1000 100000000
5
0 6 600
0 14 1400
0 22 2200
0 -6 600
0 -14 1400
1
-1000 1000 100000000
1
1000 -1000 100000000
1
-1000 -1000 100000000
3
5 0 0
-1 0 99
-3 0 299
3
5 0 0
-1 0 99
-3 0 300
3
0 0 201
8 0 0
16 0 600
3
0 0 200
8 0 0
16 0 600
8
0 0 0
1 1 1000
2 2 2000
3 3 3000
4 4 4000
5 5 5000
6 6 6000
7 7 7000
8
-1 -1 0
0 0 1000
1 1 2000
-1 -1 3000
0 0 4000
1 1 5000
-1 -1 6000
0 0 7000
7
-250 -250 24000
250 250 24000
-500 -500 49000
500 500 49000
-750 -750 74000
750 750 74000
-1000 -1000 99000
8
-9 8 478
7 0 866
3 -1 728
5 1 1764
-6 -2 1970
11 -3 3048
1 -1 3119
14 -5 4018
7
-6 -8 1234
-10 4 1170
-18 1 989
-12 -10 2565
-23 6 1018
-15 3 1239
-18 14 1810
6
0 5 350
6 -5 928
-3 -12 2063
7 7 808
1 13 633
-7 -11 2850
5
3 6 14
8 0 1213
16 -4 2592
-2 9 534
15 -10 2495
4
6 -10 1561
-4 -10 861
1 -12 1634
10 0 3451
3
6 -1 75
9 -8 386
12 -13 1422
2
5 -1 666
-9 0 1236
1
-2 -7 1258
8
6 6 905
-5 3 466
15 4 2653
-2 10 2588
-10 18 4222
1 6 3133
-1 -4 3805
-2 10 4055
7
-10 -7 1480
5 9 1493
-1 8 1550
-18 -3 1498
-6 -1 1496
2 10 1135
-6 3 1635
6
7 -9 1763
-4 -3 1051
12 -9 2953
-14 -10 1536
22 -12 3683
20 -4 3693
5
-6 1 1192
9 -10 1396
14 -2 1233
-1 10 2287
20 7 2422
4
3 -4 395
-7 6 683
5 -10 680
0 5 1541
3
3 2 1524
-6 -7 233
6 -6 2496
2
-6 4 63
-4 -10 1080
1
-10 -6 947
8
1 1 321
10 0 502
-1 -1 805
7 5 1404
12 10 956
-3 2 2317
11 6 1231
19 16 1387
7
2 -9 1463
3 -1 1560
8 -4 2763
1 -11 2913
14 -9 3206
10 -14 3200
20 -19 3838
6
-10 -6 745
3 4 78
11 3 796
-17 -15 1369
14 -6 2568
20 -1 1473
5
-6 -9 1432
-9 5 1343
-11 -18 1440
-19 9 2755
-28 10 2665
4
2 4 616
0 9 24
-9 0 1475
2 6 37
3
1 -9 1073
7 -10 197
5 -19 559
2
-7 -7 565
7 -3 1017
1
-8 2 1686
8
-5 -9 493
9 -6 215
-4 0 1083
5 -18 2270
1 -21 2349
1 -5 689
-8 -23 4193
1 3 997
7
-7 3 580
3 -3 1319
-3 4 554
-3 -5 447
-12 14 965
-12 -8 530
-14 -14 423
6
-2 -6 1424
6 -1 446
8 3 1464
7 -3 1902
7 -5 1330
13 4 2663
5
-9 9 1815
-1 -6 1729
-7 19 2199
-14 9 2056
-21 7 2312
4
-3 6 1009
9 7 1678
17 1 2376
2 -1 864
3
-7 5 474
-7 8 160
-1 11 128
2
10 2 148
-4 9 96
1
4 5 1566
8
-5 9 855
5 0 270
-15 6 1402
3 9 671
8 11 1050
7 15 1843
7 6 1146
12 8 3149
7
5 -9 670
3 6 1368
-2 16 2815
13 0 2122
5 22 2662
19 -4 2987
15 -6 3294
6
-7 10 1995
7 5 760
15 5 625
1 0 3201
11 6 826
14 13 842
5
-6 9 1454
-1 -9 1683
4 -12 1576
-9 -8 3124
-6 -12 4127
4
-2 2 647
2 10 49
3 8 2209
-8 2 841
3
-5 -3 1205
0 0 9
-5 -9 76
2
-1 -6 1284
7 3 1326
1
-4 -7 829
8
10 1 1796
10 9 76
19 -2 2554
19 18 1879
20 7 3865
10 26 3364
1 30 4822
10 35 3655
7
-4 0 785
1 -8 1629
-2 5 1448
-11 9 1378
-13 1 3078
6 -3 2621
-19 -8 3575
6
9 3 1319
-6 6 1108
-1 12 2435
-6 15 1059
-9 20 930
-1 2 3058
5
-2 9 979
-4 6 1491
-10 -3 1678
6 6 2794
-1 7 2114
4
-7 10 840
7 -3 1226
9 0 956
14 -4 2131
3
-3 -6 1658
-3 4 992
-13 -1 1522
2
1 -8 1607
-5 0 608
1
10 4 561
8
-9 -9 785
4 9 180
-3 3 1225
-17 -12 757
5 -7 1436
-12 -9 817
-22 0 1834
-9 -8 822
7
2 4 1177
-1 -6 730
0 12 1480
7 4 807
15 11 2362
3 9 1393
11 15 2030
6
-1 -7 1495
9 -2 539
7 -5 2137
-4 -6 2556
-10 -3 2910
10 -7 2332
5
1 -7 937
-9 0 942
-6 6 883
11 1 2012
7 0 2099
4
-9 -1 1156
8 0 339
-9 -4 652
13 7 370
3
9 -4 526
6 -3 1225
16 6 1784
2
1 -4 1035
-6 8 1185
1
-2 7 512
8
-6 3 276
4 4 1133
-8 12 1755
8 12 2098
-10 21 3015
-10 19 3017
-3 16 4399
-10 12 2948
7
5 1 1315
1 5 1071
-1 8 1605
11 11 1841
17 8 3084
20 6 1862
26 2 4512
6
-9 -4 1671
-6 10 1109
-16 10 2562
-8 12 1521
-10 15 1004
-18 10 2264
5
2 5 1437
9 -4 1354
-5 10 1944
-6 -4 1348
-7 4 1218
4
3 -6 1016
-1 -8 817
-5 -14 1052
0 -16 1474
3
2 10 22
0 8 666
-8 5 882
2
2 -7 926
-8 0 1587
1
-1 -9 1587
8
1 7 561
-8 -4 960
-4 -3 584
2 17 1015
-12 3 557
-7 -13 693
-2 4 696
-21 11 2006
7
-10 -2 402
-3 -10 421
-1 -3 370
-13 -16 590
-9 -18 1817
-11 -9 2055
-3 -14 2731
6
7 -7 66
-5 -1 1317
-9 6 1052
-9 3 2104
-18 7 2328
1 -3 1404
5
-2 -10 512
7 -2 1181
-3 -4 1287
13 -2 1397
-13 -6 1837
4
-5 -9 1277
4 2 306
14 12 1221
1 -15 1354
3
4 -2 856
-2 -8 1778
12 -10 1371
2
-6 -6 13
-10 3 1614
1
-1 -6 1614
8
2 8 1116
0 -9 1201
-6 -15 1360
0 -4 908
-3 -22 2875
-10 5 1505
-1 -12 3492
-17 1 2337
7
0 0 1291
5 8 231
10 -1 2624
-1 7 843
-11 15 2109
2 3 380
-6 22 2143
6
-7 -10 6
1 -7 788
-6 -17 294
-13 -14 1494
-11 -19 1133
-6 -8 1803
5
-8 5 1156
6 -3 870
-11 -5 1932
-3 8 1885
-19 4 2406
4
7 -2 861
-7 -5 1047
-17 1 2237
-7 -6 921
3
-7 1 1450
-9 -9 174
1 6 2163
