100
3 2 4
3 2 9
12 30 263180874667
1 5 3
3 15 1015
4 500000000000 1000000000000
2 100 549755813913
17 8075650 997942644271
1 1000000000000 1000000000000
2 900330237488 986823843037
2 1000000000 1000024601
14 511778245582 978276154349
6 5375535 999983007170
2 969141433748 986576981126
3 3 97843
2 936381888838 965042556701
26 1000000000 39602115355
1 1000000000000 1000000000000
3 2 7
3 5 51
1 7755352 955507945755
24 666298 664427099509
2 991707132943 999157375610
2 100 1000000000000
1 5 1
5 8556960 982646268031
24 336582625892 848219365944
16 2004790 958914341935
22 5837035 973780693022
17 933880 652332653635
5 893712771465 951607291512
1 5 2
26 1 5
2 926120856790 946825048483
5 10 7323
24 653203514606 862580465424
2 982171006686 983317477494
23 2918665 969562532501
15 660228 946734333332
2 653027 776047357004
2 100 353414451810
3 891232684215 905396600541
2 996883592420 998352951738
21 684552 778443500335
11 443119061506 818191193321
13 602526447123 662597054244
26 1 3
15 9407012 988207463919
2 100 96234111004
12 977299 96655776734
4 7056408 957102371777
2 971414630111 980330676140
26 1000000000000 1000000000000
2 100 3007316006
15 1000000000 988079017835
3 1000000000 1001223458
16 40278521721 255320544056
5 10 7322
11 163641 709489556244
1 999999999999 1000000000000
26 6441620 999235176397
1 236288 782836489068
20 1000000000 917507635353
26 1000000000 418654129135
17 358734624021 395430609803
23 3982202 959641918251
13 274734094121 925895513069
26 8125765 955914070434
22 7507752 967535237088
2 100 3121207
1 1 1
2 5249822 955280264522
14 753047334940 791512343469
4 713912663607 981795301520
2 10000000000 100
2 100 3196059683
21 6246630 987704585733
2 902619509073 976940027806
17 3882751 954997989494
3 217367983694 634636374843
8 3170697 973295928156
9 331827857202 932624861134
18 206062812677 672070775276
3 18 6851
26 1 1
26 1000000000 10860556400
2 100 102273908761
12 3706552 986468479845
2 100 2936890
1 1 2
22 628113 826683781563
6 7307702 950289097203
2 976616356513 977940686165
17 56964554956 900648162634
2 928761 464828680547
15 1097999 981815305685
3 3 16
25 4240782062 564888702708
1 5 5
1 394964118207 963087784864
