100
34 34 4 4
99 99 25 24
72 69 43 33
1 1 1 1
99 99 88 87
34 33 1 1
99 98 99 1
100 8 93 1
62 62 57 39
100 100 94 94
99 98 3 1
34 34 2 1
34 33 2 2
99 94 7 1
2 2 2 2
96 87 74 44
100 91 11 1
34 1 1 1
34 34 5 4
99 94 6 1
34 34 2 2
99 24 24 24
34 1 2 1
99 87 87 87
100 8 94 1
90 76 87 75
100 99 29 29
34 33 34 33
99 99 24 24
99 1 98 1
34 34 34 1
100 99 99 1
2 2 1 1
100 91 9 1
99 99 99 99
59 58 37 35
34 7 29 1
99 98 1 1
99 98 98 1
34 2 2 2
100 8 92 1
34 33 33 1
100 94 94 94
2 1 1 1
99 98 99 98
100 100 95 94
100 1 2 1
99 99 87 87
34 7 27 1
100 100 30 29
34 34 3 2
34 34 34 33
100 99 100 1
99 2 2 1
99 2 99 1
99 98 87 87
100 29 29 29
69 46 69 34
35 28 25 17
34 4 4 4
34 2 33 1
34 25 10 1
100 1 1 1
34 33 33 33
99 99 1 1
100 100 29 29
34 25 9 1
95 90 80 80
34 2 2 1
71 40 31 31
99 1 1 1
34 1 34 1
2 2 2 1
34 34 34 34
100 2 2 1
99 98 2 1
100 91 10 1
100 100 2 1
100 1 100 1
99 94 5 1
34 33 4 4
8 4 7 3
100 99 1 1
100 100 100 99
2 1 2 1
99 98 24 24
34 7 28 1
34 25 11 1
99 1 2 1
100 2 99 1
100 99 94 94
100 100 100 1
99 98 98 98
100 100 100 100
88 70 85 57
100 99 100 99
99 99 99 1
99 99 99 98
100 99 99 99
34 33 34 1
