10
100 20
41 2 80 85 57 24 6 71 82 72 81 29 98 48 91 2 81 39 11 44 95 42 13 16 7 14 52 18 8 25 47 49 78 26 85 34 49 43 57 82 14 37 10 63 37 52 65 17 91 75 12 37 68 24 5 74 89 8 91 97 32 89 97 10 66 33 95 14 75 51 47 88 40 56 51 76 8 67 44 50 41 55 38 60 31 42 33 19 49 76 67 33 64 63 94 30 48 88 95 22
91 4957
62 5021
49 4987
57 5043
30 4999
9 5029
6 5004
81 5015
40 5038
7 4962
40 4978
21 4995
88 4985
37 5016
53 5020
8 5008
76 4982
24 5026
32 5019
84 5038
12 10
93 34 89 91 14 76 30 79 82 70 18 7
2 70
10 76
5 71
4 75
7 73
7 67
10 76
3 78
3 71
12 76
14 20
84 65 51 59 94 81 93 16 50 99 57 75 44 16
5 97
5 98
7 96
7 94
13 95
9 104
7 96
3 95
8 92
3 100
12 95
6 102
14 102
6 94
8 97
5 96
3 97
4 96
3 96
5 93
997 20
95 30 19 100 94 13 42 93 72 85 51 76 57 52 95 30 4 70 77 98 13 58 67 81 17 44 81 24 84 90 22 31 19 40 30 65 4 23 57 75 8 59 50 16 63 44 45 66 66 73 15 30 30 81 10 47 76 91 70 60 32 43 90 2 34 71 66 38 46 75 12 5 33 14 20 95 57 16 12 74 88 79 3 17 11 13 15 87 55 37 46 86 79 87 87 65 9 5 2 54 31 65 10 15 78 29 62 35 96 73 8 83 3 63 52 14 27 18 100 81 54 97 18 85 35 56 49 43 12 2 49 42 66 58 57 44 39 18 30 34 42 89 69 45 51 72 58 29 89 9 61 95 5 78 79 39 86 79 33 97 80 33 39 97 43 47 92 81 64 21 66 57 62 86 1 64 9 10 93 98 18 53 44 74 83 22 64 68 52 97 16 83 81 6 79 23 52 71 55 67 43 73 24 4 10 76 20 19 86 64 16 55 16 11 29 50 32 92 17 35 40 85 17 73 90 95 95 42 17 2 8 60 74 83 15 83 11 34 1 48 49 68 2 65 78 82 14 61 74 83 47 65 67 63 37 56 10 84 49 26 85 9 85 10 43 52 92 53 37 45 100 86 64 2 2 94 83 67 6 8 1 53 73 67 15 61 75 24 44 75 2 28 83 38 37 78 89 81 30 78 77 30 63 92 83 16 37 17 82 43 77 83 47 1 1 13 61 27 89 5 54 90 84 88 27 73 65 68 53 95 45 81 76 59 72 10 74 61 78 7 3 54 89 1 54 42 13 15 68 1 71 73 42 54 61 21 78 25 88 30 19 84 62 46 42 86 7 67 46 85 25 100 38 66 100 92 7 64 58 26 65 80 99 58 85 59 78 63 83 65 44 54 100 6 51 93 91 58 59 88 42 36 87 31 1 38 74 7 1 83 84 17 62 82 75 47 40 52 9 75 69 52 80 20 9 30 13 51 39 23 90 80 58 76 63 58 13 36 64 14 19 48 82 80 81 56 78 73 60 86 99 80 90 78 99 50 59 11 53 98 34 42 77 91 18 91 1 82 27 16 47 45 15 29 76 96 84 54 20 95 91 18 74 32 95 73 82 5 83 34 2 68 75 31 11 44 21 11 26 47 78 24 43 93 52 19 40 88 24 59 82 14 28 56 46 74 80 79 78 62 12 80 82 38 10 92 34 82 54 59 29 31 34 23 75 86 41 14 25 16 24 6 30 51 13 27 24 92 5 2 6 68 33 39 5 94 82 38 75 35 48 55 17 82 78 44 19 70 57 43 86 33 100 67 35 65 93 59 8 97 12 65 16 96 3 20 89 84 10 63 70 9 18 39 42 95 82 12 16 90 54 1 74 6 67 9 70 59 67 29 7 30 94 22 25 48 94 13 32 55 27 53 15 96 43 57 90 24 68 6 66 74 58 39 79 25 99 100 35 17 80 94 46 73 15 22 21 60 86 4 66 13 8 81 8 51 37 50 26 56 7 43 29 64 34 59 40 32 10 27 49 90 20 46 14 86 68 86 46 53 41 63 17 49 43 77 51 79 26 28 87 32 71 15 47 56 26 39 87 35 65 87 76 84 33 90 69 52 27 66 56 68 81 73 68 23 49 70 54 26 97 40 9 19 6 7 74 31 45 13 66 9 51 41 44 35 82 65 38 9 82 94 28 62 18 47 85 18 16 90 43 12 29 51 83 86 57 8 17 54 72 82 14 75 74 58 9 8 22 47 68 55 92 95 17 9 41 53 26 8 94 20 71 74 22 53 59 30 13 75 83 84 8 97 58 82 6 19 41 79 17 8 33 8 54 1 16 46 53 93 53 98 12 75 71 33 80 30 62 92 4 97 27 12 93 37 45 50 55 85 28 23 44 60 30 97 61 97 94 65 89 98 63 52 72 33 36 51 62 97 94 18 45 21 29 89 9 73 38 15 9 65 37 52 77 66 100 89 14 45 5 2 94 67 53 65 52 88 68 65 36 13 34 33 85 62 21 93 86 59 59 46 75 95 97 51 12 48 39 25 92 44 78 85 62 82 2 65 21 21 82 9 33 15 41 70 29 61 62 14 71 73 60 46 67 8 96 31 8 87 7 51 30 85 88 43 66 41 8 39 61 41 47 45 55 87 14 35 99 28 49 70 100 60 15 18 19 62 48 26 48 55 29 29 91 16 72 56 56 31 46 68 23 92 64 29 78 78 64 29 57 12 98 8 23 64 25 93 25 25 71 73 31 99 53 21 14
270 496912
641 497498
835 497134
686 496903
42 496544
786 496966
200 496898
718 496617
98 496929
936 497048
859 497229
513 497261
790 496518
100 497022
339 496587
633 496896
511 497228
614 496642
645 496688
466 496817
109 20
61 71 83 35 59 69 6 53 77 92 24 30 2 19 100 37 96 21 24 93 54 86 70 8 58 19 48 62 85 91 73 97 14 56 31 24 76 88 76 53 31 52 82 33 22 33 69 18 53 92 62 7 29 83 66 39 2 13 100 38 56 24 35 69 31 17 92 7 57 19 11 87 70 92 19 44 76 39 61 29 82 74 87 11 57 52 1 10 16 52 99 71 75 85 91 6 54 82 12 10 53 22 48 74 65 19 17 40 57
4 5985
91 5978
49 5976
2 5907
4 5924
28 5983
74 5937
95 5954
88 5902
93 5962
102 5936
7 5966
82 5994
76 5922
101 5992
62 5891
14 5936
30 5916
79 5948
76 5897
980 20
40 40 2 87 17 60 24 4 71 94 1 91 69 20 11 17 6 48 81 32 94 74 30 78 73 85 62 82 100 98 14 40 89 68 26 6 27 1 9 98 46 9 40 14 80 2 82 38 2 15 21 95 40 2 25 13 38 86 94 38 36 8 77 24 75 2 81 53 54 41 2 99 2 42 65 33 95 46 70 96 60 91 43 100 44 67 12 82 4 57 19 39 16 95 15 90 48 47 95 1 88 96 51 89 89 15 73 84 61 43 31 72 85 73 23 28 39 34 9 43 43 79 33 58 25 47 100 72 94 94 24 33 89 75 73 30 41 45 13 53 39 43 25 23 16 47 3 6 33 63 48 75 42 81 84 66 79 83 90 24 76 65 56 17 91 28 46 32 73 10 36 11 52 60 86 19 59 40 77 43 2 24 17 95 56 100 13 87 35 54 10 10 70 66 78 61 45 75 44 69 84 79 32 88 91 17 58 1 56 34 43 9 10 59 56 65 10 68 3 44 73 13 6 42 30 35 54 26 10 97 95 45 28 26 32 70 94 90 70 49 23 12 9 84 22 64 49 83 83 3 79 55 67 36 49 96 70 2 22 31 51 68 76 30 93 7 99 86 48 68 86 23 31 94 6 52 10 6 34 44 9 12 99 75 47 99 23 69 100 96 99 2 63 74 31 7 33 29 44 80 48 29 54 78 74 60 81 35 65 15 79 25 78 29 52 77 27 74 45 78 69 43 80 83 69 62 89 1 91 32 32 90 12 86 20 37 45 100 72 61 66 2 38 44 30 89 20 56 62 64 85 82 58 64 16 26 78 4 78 20 87 10 9 50 95 28 86 91 80 9 3 45 10 40 40 39 28 59 46 41 74 83 74 84 98 89 9 75 44 39 94 82 48 55 31 42 82 69 84 13 29 86 58 39 26 49 29 5 60 27 46 85 61 19 68 58 60 29 33 3 67 26 85 14 80 67 7 14 87 90 78 16 27 87 6 52 36 86 57 95 64 54 79 24 24 99 82 83 27 66 38 45 43 22 58 75 40 16 40 27 57 17 94 83 4 51 87 91 36 95 85 52 48 15 75 23 13 8 6 91 73 95 35 68 68 44 42 7 11 81 85 67 97 78 2 52 28 88 42 16 82 78 67 81 45 93 3 57 1 60 100 25 54 86 92 21 30 85 80 92 65 64 59 14 94 60 65 73 99 59 40 80 36 6 60 80 99 62 89 51 74 40 27 27 25 71 100 54 55 79 46 20 94 56 85 39 67 49 12 65 59 51 96 95 9 55 26 59 68 66 61 41 5 87 20 30 57 19 35 64 49 32 35 42 87 19 33 5 19 44 69 78 46 16 24 54 22 49 64 90 67 24 82 71 11 53 52 19 71 87 82 71 18 16 65 57 86 97 61 5 92 82 82 37 97 5 43 19 5 6 60 71 82 93 94 44 46 45 62 68 83 96 39 1 63 3 57 49 51 17 53 42 98 86 78 47 90 72 65 46 30 24 69 11 16 62 54 13 58 67 81 41 14 71 41 29 73 49 29 75 17 33 16 67 18 45 13 59 17 29 4 98 52 72 60 19 85 13 32 43 31 64 83 97 34 75 25 58 75 5 32 91 37 47 57 6 43 21 64 11 49 67 8 52 91 67 23 75 31 6 17 14 69 51 10 54 25 86 11 99 42 94 42 78 92 50 83 34 71 46 45 71 64 4 75 6 71 97 81 53 2 49 66 22 100 27 75 76 12 37 27 53 30 68 82 73 69 64 6 39 61 2 62 77 6 36 82 28 32 14 80 85 15 46 58 66 72 32 41 36 20 19 40 1 38 22 73 7 37 78 97 50 32 58 78 37 45 11 16 28 25 95 64 91 92 21 56 16 52 48 3 23 67 42 23 56 15 95 62 4 25 11 5 56 20 82 44 65 44 11 92 68 5 56 10 49 76 65 16 80 13 18 54 31 11 77 86 78 23 100 81 47 10 37 54 29 18 49 45 61 59 89 81 16 96 42 64 23 7 79 2 71 48 8 53 58 84 90 35 6 89 67 5 50 3 58 31 72 7 27 85 17 15 17 32 10 58 47 33 64 25 86 86 24 93 38 82 28 28 68 34 68 87 90 18 89 47 100 13 5 26 97 22 41 13 53 2 22 52 34 86 76 20 23 52 64 61 85 92 88 52 77 7 38 66 76 79 64 75 91 21 53 39 42 93 51 46 94 72 97
240 480622
725 480640
152 479995
194 479907
280 479974
543 480448
45 479782
213 480441
345 480280
546 480540
53 480225
43 480200
459 480464
333 480427
141 479795
173 480159
965 480622
582 480403
916 479764
91 480324
935 20
5 49 20 93 1 22 9 83 87 100 55 24 94 17 2 81 29 77 13 65 49 24 61 49 37 88 24 63 10 10 50 66 59 70 10 11 43 19 46 29 70 52 4 63 69 5 43 97 81 55 13 82 30 73 82 66 12 6 81 73 15 82 90 25 51 100 88 93 18 85 73 39 36 28 1 56 32 96 5 65 2 17 98 32 42 79 49 5 84 81 78 51 63 67 27 65 18 14 10 35 50 34 25 86 62 78 41 93 73 45 9 26 14 58 9 55 37 58 59 72 90 88 74 52 7 1 17 24 66 78 11 16 11 35 53 72 12 93 17 36 90 25 14 3 35 22 9 71 31 67 94 21 7 20 24 13 20 92 36 37 69 98 4 80 85 56 51 48 1 19 84 42 44 97 44 30 70 4 100 1 70 45 21 76 64 96 40 35 88 76 24 56 25 27 87 9 35 38 57 87 8 92 28 3 40 23 32 9 26 83 61 47 28 81 75 43 77 14 30 16 41 53 71 66 31 58 26 65 47 34 3 54 25 82 57 16 4 88 77 81 71 37 80 50 70 54 92 98 19 21 13 60 25 35 77 56 44 2 72 90 36 75 96 12 56 4 28 12 91 56 44 13 92 75 14 13 28 6 10 47 78 74 58 55 9 34 10 52 35 81 94 70 7 89 34 15 44 61 26 34 68 21 99 59 96 12 24 75 69 33 21 99 59 78 53 67 11 14 70 98 94 15 19 53 55 52 67 98 64 44 84 31 64 82 42 11 45 65 86 14 49 6 64 7 36 16 25 98 29 47 95 74 61 66 26 16 17 44 65 81 87 48 11 3 81 52 13 26 68 98 91 17 56 54 23 43 21 48 40 1 94 87 74 6 52 52 21 20 47 86 100 34 85 63 36 66 66 100 43 34 98 33 50 53 38 24 95 58 23 86 58 16 24 83 74 27 86 94 99 33 31 98 18 68 12 5 33 30 4 75 63 1 59 64 5 96 87 51 5 62 89 14 77 64 96 50 91 34 96 89 18 78 38 35 45 2 39 29 31 94 55 45 95 65 60 51 60 98 54 16 59 42 29 36 5 77 37 47 10 84 87 27 14 77 13 10 78 3 39 60 96 45 4 42 10 63 45 21 60 98 37 19 39 65 6 95 41 94 42 2 30 28 80 43 56 44 52 33 46 42 92 94 39 47 35 48 9 79 68 21 28 56 91 66 21 96 13 13 41 54 67 70 33 98 64 89 42 68 73 39 9 65 32 47 63 19 46 72 49 66 44 77 21 34 94 41 81 6 6 73 59 24 95 44 21 58 32 62 25 4 1 86 20 32 84 83 2 30 6 51 95 1 27 15 86 20 8 66 26 65 90 36 88 84 79 8 42 62 22 18 18 22 3 89 5 39 23 7 68 80 57 14 80 35 80 65 54 39 82 31 3 72 67 42 55 97 50 48 11 71 66 28 44 20 68 48 58 91 6 77 70 62 90 50 96 70 66 2 8 100 32 63 71 50 4 77 99 5 25 9 27 42 88 70 13 55 70 71 45 75 47 67 37 89 16 84 10 33 85 69 32 69 31 54 70 87 31 20 91 7 28 70 100 67 39 12 22 8 82 18 35 81 84 71 21 51 6 30 36 43 98 67 63 29 21 32 67 3 52 9 9 31 78 8 50 17 71 71 76 53 40 10 85 76 32 5 26 90 34 13 32 83 80 94 63 52 77 29 54 80 38 14 63 15 73 12 83 43 34 11 47 25 72 31 100 56 87 78 45 72 90 76 55 21 21 17 72 49 98 25 29 35 90 43 1 62 54 84 5 39 46 51 63 17 34 63 72 20 92 16 44 81 43 98 2 15 66 73 64 63 50 44 49 39 86 50 1 91 85 57 29 30 7 91 46 40 5 70 12 96 85 55 29 80 4 30 94 21 54 9 84 55 4 84 94 41 33 46 31 17 2 11 46 60 54 44 52 58 13 15 6 49 21 34 28 76 15 74 96 68 82 31 23 86 15 68 26 47 65 9 16 18 19 13 77 24 8 80 34 20 94 39 21 66 24 48 41 38 21 89 5 55 19 79 92 85 98 17 84 62 77 99 79 96 63 8 71 71 87 4 42 33 94 62 50
632 437204
91 437082
729 436877
491 437193
149 436925
309 437132
714 437168
529 436796
519 436929
351 436695
26 436723
47 436865
441 437574
255 437563
411 437080
798 437474
877 436651
648 436910
740 437336
165 436651
966 20
19 63 5 18 31 57 41 49 87 64 82 76 57 32 51 53 28 11 43 34 20 2 52 71 66 4 100 92 44 29 58 14 44 15 83 26 23 75 27 61 38 8 36 94 91 38 47 19 48 41 4 19 42 7 89 59 11 40 50 6 69 8 71 64 74 53 41 96 27 19 56 17 78 43 10 69 80 8 39 28 49 94 98 42 100 87 53 10 26 2 15 46 61 37 9 34 89 2 29 68 20 36 84 98 78 45 18 58 53 8 37 53 1 34 46 100 72 98 62 98 52 28 43 12 65 4 46 53 57 26 72 76 14 55 25 43 100 94 100 4 1 88 8 53 74 53 53 45 3 14 42 54 41 37 65 5 40 62 10 96 40 33 23 5 88 100 47 39 45 47 42 98 86 49 50 59 53 54 56 55 67 97 8 60 85 25 16 24 38 77 71 29 10 46 33 49 45 80 87 89 78 80 86 63 80 88 74 84 41 29 39 60 77 98 19 62 74 86 37 12 63 8 40 72 53 73 72 49 4 10 89 81 89 27 43 20 14 68 3 54 48 93 13 25 43 83 38 16 69 74 79 83 33 71 6 37 95 77 85 98 86 26 78 26 52 72 45 65 92 99 70 39 44 35 63 86 17 52 53 37 26 84 19 10 54 24 47 100 100 83 49 37 8 78 62 11 1 58 75 92 57 45 31 52 79 45 89 47 97 41 84 74 76 2 83 81 78 81 80 77 16 28 14 75 57 27 86 58 85 12 49 93 56 31 44 86 76 32 33 24 24 68 97 100 21 31 80 98 64 12 27 31 91 92 5 48 18 42 57 2 54 5 94 61 88 89 99 63 72 83 86 96 50 34 47 70 16 26 20 79 89 46 9 80 37 66 79 54 7 35 8 12 91 53 73 78 42 23 92 13 5 29 60 54 62 6 75 30 84 46 8 72 91 69 3 79 86 81 85 44 67 92 56 10 44 80 87 37 2 31 2 6 59 61 11 73 67 37 2 50 83 9 73 25 29 76 4 14 8 40 58 27 31 65 36 26 96 74 15 49 4 16 54 63 76 16 35 42 4 88 43 86 48 68 11 77 95 66 42 2 5 51 80 87 15 67 12 62 41 78 10 44 93 15 58 69 30 44 62 34 31 57 71 79 24 81 7 18 46 48 71 2 51 51 88 65 17 100 27 9 29 88 5 22 3 62 42 32 58 3 17 40 11 88 18 34 20 76 51 18 76 74 19 26 76 59 42 92 10 20 53 38 8 57 59 10 70 100 93 27 55 10 19 65 49 36 51 20 64 53 89 39 26 60 64 1 18 5 45 27 25 97 64 32 5 23 93 26 74 85 5 80 46 23 45 46 10 47 66 73 99 6 11 77 65 26 77 82 83 73 8 59 21 24 42 25 98 34 3 71 18 7 51 16 29 47 61 38 45 78 63 43 84 25 19 48 51 48 30 85 20 89 43 41 12 84 17 9 17 19 32 86 25 34 1 5 32 62 43 76 39 57 18 22 81 89 22 83 36 3 67 55 91 9 47 55 92 64 15 60 82 46 46 59 79 98 63 10 59 57 85 50 13 55 23 46 43 44 28 30 46 95 84 89 3 31 95 47 46 9 58 27 55 3 37 85 1 100 47 11 8 83 12 21 37 35 66 31 30 93 60 28 39 96 68 94 78 62 40 23 70 97 1 76 52 38 61 4 89 59 14 96 41 26 16 30 12 33 12 41 78 24 20 16 19 87 61 96 48 52 18 70 1 70 45 52 7 57 7 95 15 20 91 8 97 58 89 60 43 100 53 20 23 72 87 93 11 48 88 10 51 57 79 51 27 24 2 85 32 8 80 99 80 22 58 28 31 46 40 73 97 92 44 20 15 83 12 77 82 52 87 32 8 65 83 86 40 36 71 72 44 2 22 75 23 79 54 5 24 93 30 20 36 73 91 3 7 55 79 88 6 65 20 65 82 2 51 21 89 73 44 84 74 65 58 48 43 64 4 18 8 33 90 44 6 80 98 64 34 76 52 91 93 23 56 74 76 58 46 64 82 90 48 55 6 5 54 1 20 57 18 28 90 59 23 47 39 20 10 24 47 13 15 91 35 22 16 10 31 62 74 12 3 21 18 60 77 71 60 97 79 30 76 20 88 98 66 78 17 28 54 15 92 20 6 27 41 21 36 23 34 61 34 88 33 51
896 466870
567 466293
866 466291
640 466425
149 466870
550 466330
189 466698
903 466968
492 466179
717 467017
89 466499
520 466402
965 466881
315 466950
383 466685
574 466750
608 466888
114 466555
19 466268
217 466855
934 20
100 14 91 97 33 53 61 43 81 29 79 54 70 2 48 45 86 28 7 55 57 16 32 59 83 19 15 90 37 41 76 89 6 19 85 38 71 97 80 3 26 10 8 47 12 56 91 49 83 97 3 91 64 87 49 47 5 15 88 93 55 16 81 61 34 18 98 56 14 30 10 91 39 18 38 2 25 28 51 59 77 5 49 40 91 50 38 47 64 78 92 19 93 24 79 78 41 28 85 7 9 94 97 48 63 86 49 87 66 51 97 42 56 46 81 98 95 71 45 10 48 88 80 92 11 58 69 4 38 5 10 46 50 58 45 13 44 46 51 9 96 48 2 3 45 82 1 91 52 97 100 51 36 80 42 46 89 62 49 78 66 58 76 16 16 20 80 11 17 30 19 13 29 20 67 73 53 19 15 57 15 15 7 50 46 1 48 34 62 96 64 80 6 39 95 73 58 26 83 27 7 53 91 36 24 57 60 28 76 75 36 42 41 95 92 86 95 91 71 56 86 34 35 43 24 81 15 34 58 49 60 65 1 50 100 76 6 11 4 33 85 91 75 77 85 18 62 79 8 85 87 93 70 73 36 94 6 2 79 63 51 38 27 3 87 78 79 44 89 34 77 25 24 51 2 9 68 15 87 75 51 73 19 73 98 6 18 3 8 96 65 10 33 92 12 71 69 90 14 9 75 42 34 99 92 87 7 11 53 45 37 4 70 8 28 67 13 45 69 72 40 33 81 72 76 93 42 97 34 7 5 9 49 90 7 92 28 65 3 81 61 91 36 30 98 63 48 63 7 16 86 46 1 67 69 76 11 62 24 44 68 29 52 16 70 10 60 98 26 62 30 87 4 17 68 54 79 16 16 37 31 1 34 83 19 54 11 29 15 34 25 34 14 28 2 36 90 61 33 15 74 14 1 77 30 69 30 60 36 45 48 66 98 33 1 68 86 63 97 52 96 73 85 62 100 86 97 89 46 81 56 19 94 56 96 75 76 77 34 11 74 81 29 71 65 81 38 50 43 86 1 38 10 85 51 10 23 47 50 20 27 5 39 20 13 86 46 40 14 79 3 87 11 83 57 75 63 47 76 5 84 76 94 94 13 45 55 35 43 4 6 70 61 44 41 25 81 87 16 95 17 18 33 28 52 42 54 14 88 30 70 23 57 16 16 21 60 22 55 54 78 13 23 38 8 16 14 89 54 29 35 70 99 19 49 50 60 55 16 99 36 85 22 92 100 89 13 11 11 19 65 88 31 39 77 39 6 42 79 59 22 65 81 20 83 29 22 43 35 37 41 70 73 14 62 25 55 26 35 65 96 51 4 79 42 32 17 47 73 47 58 94 11 38 66 45 18 87 39 53 75 32 22 99 45 35 23 99 60 58 15 8 60 70 86 1 1 2 100 25 100 57 71 62 46 36 6 63 74 97 15 100 28 89 98 24 23 21 23 35 78 89 42 89 11 27 90 63 80 41 88 31 97 58 92 42 45 49 56 18 45 23 17 72 11 14 96 85 34 70 19 63 10 12 4 72 90 93 35 21 33 74 51 81 31 42 74 75 43 29 44 39 3 60 11 13 25 58 98 11 79 68 25 40 80 28 12 69 72 98 90 56 71 40 36 1 34 61 27 28 42 70 66 44 81 28 57 57 37 6 67 67 73 92 7 52 19 70 73 43 67 14 98 37 5 86 89 38 46 15 17 87 36 83 83 68 62 91 24 99 96 91 65 68 34 23 72 4 92 96 46 10 9 44 46 13 81 34 3 26 100 19 65 87 53 99 54 15 89 30 65 84 20 81 3 5 56 26 8 99 21 6 9 29 1 6 42 81 92 96 58 43 14 22 30 19 20 35 85 60 64 1 43 83 81 98 39 88 23 99 87 44 4 47 24 4 52 17 84 95 12 93 38 78 15 67 96 86 1 32 46 65 32 40 99 64 37 90 52 12 88 38 55 91 36 30 94 87 47 29 82 10 21 19 39 87 37 86 25 89 17 22 5 48 13 4 12 50 93 15 61 80 4 67 22 39 96 67 77 94 47 10 56 19 80 94 6 16 80 82 57 96 55 61 96 67 64 59 16 8 73 28 39 28 46 60 66 94 78 42 39 24 4 94
93 436155
720 436252
159 435745
335 435977
38 436391
703 436529
307 435715
275 436563
900 436199
68 436035
760 436586
522 436091
785 436116
423 436299
573 436140
227 436007
62 435726
98 436452
886 436240
862 435723
955 20
93 6 9 75 76 29 68 19 76 100 40 21 44 27 59 65 7 84 61 42 6 100 59 15 37 27 42 59 52 86 14 44 43 22 70 19 50 38 89 78 37 28 98 80 6 9 96 64 44 57 5 49 8 64 63 44 90 56 54 41 93 68 37 36 41 6 54 91 43 94 20 32 73 69 63 79 77 59 42 20 67 99 68 74 62 82 69 3 89 23 95 82 42 31 17 82 89 22 24 83 67 43 14 39 64 77 17 40 87 11 12 5 61 79 78 74 13 98 76 1 72 22 82 13 5 50 47 93 23 70 75 89 65 41 80 28 17 48 19 55 58 30 59 18 61 88 91 73 37 18 73 9 92 7 73 96 8 19 40 83 41 66 23 5 6 2 84 74 50 2 80 59 32 38 29 92 77 19 16 14 89 40 74 32 98 46 27 6 17 18 40 57 35 62 61 41 64 44 66 65 97 46 23 28 35 51 71 12 22 38 25 62 78 98 93 75 95 71 32 11 40 71 19 74 85 31 66 100 26 32 64 23 29 38 2 63 41 73 74 14 62 50 75 39 99 19 66 94 41 49 56 80 72 27 53 56 57 71 7 83 2 70 5 30 59 6 44 99 30 18 64 44 19 38 82 18 8 99 11 48 100 18 27 71 44 32 78 53 2 84 35 55 5 91 36 63 48 79 14 30 48 77 73 67 67 6 84 26 57 46 74 56 15 52 78 59 83 55 11 36 90 97 90 94 39 77 8 86 56 21 15 3 50 39 69 68 45 4 93 1 49 18 8 64 70 85 74 4 39 36 92 28 84 33 73 22 10 80 7 17 53 74 71 54 12 92 21 8 95 65 60 96 35 67 59 56 51 84 11 41 19 2 20 2 87 92 75 96 72 81 64 76 6 34 29 70 25 1 29 20 17 89 15 51 7 25 58 58 8 69 50 78 70 70 31 56 13 5 3 36 37 66 11 43 52 91 64 76 91 92 95 60 80 61 10 87 37 68 96 44 36 97 73 57 18 3 65 31 59 19 18 96 37 29 90 88 19 53 63 62 44 10 21 76 70 82 14 7 1 61 2 88 57 27 97 75 29 61 57 40 79 74 35 15 54 24 54 25 28 17 86 23 26 58 98 47 39 63 5 40 23 59 79 32 85 75 6 65 87 14 4 66 39 38 32 93 13 86 17 92 54 2 15 31 11 64 77 49 27 34 40 49 92 71 32 76 45 37 92 32 2 96 49 41 85 32 33 98 69 1 89 22 54 55 52 64 19 81 64 97 66 56 97 57 26 29 84 70 17 75 53 19 70 1 11 55 85 95 4 53 95 44 27 48 51 30 63 69 10 26 17 75 81 13 83 6 41 18 28 58 93 80 76 14 33 86 20 17 32 75 69 26 71 47 25 21 77 87 41 38 12 57 65 93 69 47 50 10 65 29 67 9 9 94 74 93 31 46 9 62 20 29 87 90 76 11 10 52 49 50 89 60 6 53 4 75 52 6 36 68 34 2 76 94 47 1 86 29 46 94 90 18 23 28 7 50 90 69 1 38 18 41 97 76 94 53 2 97 58 37 64 43 90 91 37 88 91 22 16 89 16 5 6 90 84 12 39 73 32 91 62 50 31 10 77 24 62 78 20 71 66 35 14 7 25 50 94 68 71 9 56 38 65 61 79 48 24 17 72 56 7 33 57 38 94 85 13 56 14 85 78 79 19 91 85 96 92 30 63 15 90 18 52 54 30 31 53 53 99 76 60 6 60 68 95 53 52 7 8 65 43 38 95 62 80 31 57 72 60 71 86 49 88 89 54 17 19 6 21 18 33 33 75 92 100 69 45 4 27 4 68 70 41 15 83 21 45 91 92 57 61 29 57 48 17 11 16 88 68 88 57 1 72 31 92 72 51 36 27 29 92 94 50 32 60 32 4 5 22 47 61 34 75 17 33 44 79 100 31 47 88 87 99 59 69 42 82 71 30 8 99 21 54 49 52 13 80 8 69 54 54 29 87 29 98 20 72 28 19 54 26 58 40 24 69 60 66 2 30 95 62 28 67 15 76 70 79 8 77 48 13 31 28 51 11 77 22 82 5 93 87 30 50 26 6 70 85 71 72 14 17 33 93 83 99 21 52 77 80 29 76 92 11 4 42 21 32 16 54 36 8 40 18 9 17
923 455797
183 456023
517 456180
416 455890
645 456176
394 456331
143 455904
664 455733
400 456484
363 456181
181 456306
226 455990
553 456462
828 455862
16 455650
60 455553
601 456249
472 456329
574 455604
784 456227
