100
6 6 2 1 1 1 1 1
8 6 2 2 1 1 1 1 1 1
8 5 2 2 1 1 1 1 1 1
20 7 2 1 1 1 1 0 0 0 0 0 0 0 0 0 0 0 0 0 0 0
9 6 2 2 2 2 2 2 2 2 2
9 12 2 2 2 2 2 2 2 2 2
1 536870912 16
4 1024 9 9 10 4
3 173 2 7 4
5 4194304 14 0 4 7 19
5 417 2 4 5 8 1
6 420 8 3 7 8 0 3
6 476 7 0 5 3 5 1
5 3 1 0 1 0 0
8 259 7 7 6 4 5 8 0 6
8 443 1 1 5 8 0 6 1 5
5 1 0 0 0 0 0
6 4 1 0 0 2 2 2
9 67108864 25 24 13 12 23 11 14 23 21
8 4 0 0 1 1 0 2 2 0
5 238 1 7 3 6 1
5 16777216 22 22 16 2 1
9 2 1 0 0 1 0 0 1 1 1
8 473 6 7 6 1 7 5 5 5
7 305 6 1 6 5 4 8 2
9 419 6 5 3 5 5 3 4 7 5
9 143 7 3 2 1 4 5 5 7 4
8 5 1 2 1 2 2 0 1 0
8 142 0 5 4 4 6 0 2 0
7 202 3 4 5 0 0 0 3
8 167 0 5 0 6 1 5 0 2
6 268435456 20 23 28 22 3 15
9 486 1 8 6 8 5 7 0 6 6
7 4194304 12 8 2 15 12 14 7
6 230 2 5 3 7 6 7
5 187 4 3 6 2 4
6 393 6 7 4 4 5 7
7 173 3 3 0 1 0 6 0
6 156 5 4 5 4 1 7
6 444 2 8 1 5 6 3
5 508 6 7 7 3 3
7 305 0 3 3 6 7 7 2
6 132 5 0 4 6 0 1
8 2 0 0 0 1 0 0 1 1
6 225 4 4 0 3 7 0
6 1048576 5 14 8 10 2 8
6 16 4 0 1 3 0 4
8 16777216 2 7 18 24 0 15 8 16
5 202 7 1 4 3 5
6 186 3 6 3 7 1 2
18 153 1 2 0 3 6 1 0 5 7 6 1 2 6 7 1 5 2 2
10 64 1 5 3 6 1 2 6 0 2 3
13 134217728 14 27 18 22 23 20 2 27 26 25 15 5 26
17 2097152 15 11 20 18 11 14 21 8 9 11 3 18 7 10 13 0 20
15 3 0 1 0 1 0 1 0 0 1 1 0 0 1 1 1
15 199 7 6 0 2 6 5 7 1 7 5 0 2 4 1 1
14 4 0 1 1 2 1 0 2 1 2 0 0 2 2 0
14 1 0 0 0 0 0 0 0 0 0 0 0 0 0 0
15 1 0 0 0 0 0 0 0 0 0 0 0 0 0 0 0
11 237 7 4 6 1 1 3 2 2 6 0 4
10 271 7 6 1 5 5 7 8 2 1 5
12 64 5 3 5 3 3 6 2 1 1 4 2 0
17 524288 13 18 18 12 2 7 17 5 0 16 12 13 15 12 12 11 10
12 5 1 1 2 0 2 1 0 0 0 0 1 2
17 231 6 5 2 6 1 0 0 0 5 4 0 4 7 1 0 1 0
14 3 0 0 0 1 0 0 1 0 0 1 0 0 1 1
11 16777216 24 6 7 15 3 24 13 24 9 16 20
10 2 0 0 0 0 0 0 0 0 0 1
18 536870912 14 8 28 25 24 18 29 1 15 29 27 11 8 7 26 6 28 27
12 5 2 0 0 1 1 2 2 0 1 0 0 1
12 5 1 1 2 1 1 1 0 1 0 0 2 2
11 247 4 2 2 1 4 7 1 7 3 7 0
13 512 7 7 4 2 3 0 5 5 0 1 1 8 2
11 64 4 4 3 2 5 0 3 3 0 1 3
18 1 0 0 0 0 0 0 0 0 0 0 0 0 0 0 0 0 0 0
20 189 2 4 6 3 6 2 2 6 0 6 0 1 6 1 4 7 1 4 0 7
20 65536 12 13 3 16 9 10 0 9 15 13 1 16 10 15 8 12 8 12 10 15
20 347 8 7 6 7 2 4 2 5 0 8 0 5 7 8 6 5 3 2 3 6
20 217 3 6 7 6 5 0 2 6 5 6 4 3 4 2 5 4 5 3 0 5
20 4 0 2 1 0 1 1 1 2 2 0 1 2 1 0 1 0 0 0 2 0
20 262144 4 14 18 1 15 2 4 18 17 2 8 14 18 6 5 11 16 11 11 15
20 480 4 2 2 5 0 7 8 3 6 4 1 5 6 6 5 2 6 2 2 3
20 5 2 0 1 2 1 2 1 0 2 0 2 1 0 1 0 1 2 0 0 1
20 2048 1 3 11 10 6 4 11 9 9 8 6 8 8 3 9 5 8 0 2 1
20 459 1 5 3 8 6 7 4 3 8 7 3 8 3 8 3 6 4 8 0 0
20 8 1 3 3 1 1 3 2 0 1 1 3 3 1 3 0 1 1 0 3 1
20 128 2 1 7 5 1 6 0 4 2 4 7 7 7 4 5 1 5 2 1 1
20 33554432 4 5 25 2 1 3 10 20 3 12 13 24 9 20 12 2 22 10 7 18
20 3 0 0 1 1 0 1 1 0 1 0 0 1 1 1 1 0 0 0 0 1
20 293 7 8 7 5 6 3 0 4 7 1 6 7 3 2 6 7 8 6 8 7
20 32768 10 4 12 10 14 6 2 9 12 2 5 2 3 7 5 2 13 6 4 13
20 4 1 2 2 2 2 2 2 0 0 2 0 2 0 1 1 2 1 2 2 0
20 4194304 11 7 21 15 11 4 20 21 22 3 20 11 6 1 18 15 18 19 19 20
20 469 4 3 7 1 6 1 2 1 2 3 7 8 2 4 7 5 1 5 0 8
20 446 8 0 5 8 2 5 8 8 3 3 5 8 6 5 8 0 0 5 8 5
20 217 6 3 1 0 7 5 0 1 6 7 4 4 7 4 7 6 1 4 3 3
20 4 0 0 0 0 1 0 1 2 0 1 0 2 1 2 1 0 0 1 0 1
20 3 0 0 0 1 0 0 1 1 1 1 1 1 0 0 1 1 0 0 1 1
20 342 7 3 8 4 0 1 4 7 8 7 6 5 7 1 8 1 4 0 0 0
20 406 1 0 5 2 3 5 8 6 4 6 1 4 3 8 0 4 6 8 3 5
