100
4 3
4 5 6 4
4 2
4 5 6 4
3 3
1 1 1
23 4
71 19 19 75 91 39 9 52 97 45 7 13 29 15 13 55 70 67 83 31 9 75 1
17 4
53 49 69 89 43 75 17 15 41 97 35 35 72 91 39 57 27
100 3
2 22 71 47 13 17 94 5 2 35 65 38 10 32 71 50 71 47 32 64 2 37 53 74 96 86 69 32 14 71 26 68 84 56 94 92 97 53 86 56 88 61 4 59 92 79 11 2 11 89 46 40 71 59 46 33 47 29 1 11 29 16 80 69 94 82 41 35 12 41 47 76 80 53 80 16 5 56 26 55 74 50 44 82 71 29 63 10 58 67 82 89 70 55 35 8 1 35 14 50
100 3
35 28 5 52 30 62 68 41 77 47 37 56 28 35 34 92 98 91 10 58 83 65 21 85 8 62 39 26 85 73 26 53 31 92 95 35 53 98 35 79 74 85 56 8 5 70 65 65 20 94 54 43 32 98 20 95 14 62 50 52 34 34 53 86 9 86 85 98 71 73 41 17 89 88 92 41 83 86 77 43 81 61 56 28 14 77 38 5 8 89 85 16 40 41 55 44 83 59 86 8
24 4
65 15 63 50 45 93 61 1 49 49 21 3 71 53 13 77 20 49 43 73 49 35 1 55
17 4
85 71 79 81 17 69 79 68 39 68 40 6 40 63 89 43 16
26 4
77 7 9 81 49 61 92 81 21 33 1 80 87 33 47 79 1 9 45 36 13 95 58 39 69 91
1 4
70
18 4
66 5 85 71 11 39 93 92 3 45 85 73 83 7 45 73 15 19
17 3
71 73 1 59 46 4 31 83 31 64 56 49 55 88 13 64 65
23 4
73 63 21 25 31 1 57 97 85 71 45 97 35 59 93 53 17 73 41 81 93 25 17
2 2
33 35
25 4
41 61 27 75 13 59 69 5 11 57 10 37 17 7 17 85 5 81 37 37 63 27 85 31 53
18 2
84 29 58 62 87 5 98 3 4 9 32 68 36 18 50 83 14 43
25 3
32 70 46 49 88 97 59 17 44 71 8 11 44 83 86 44 56 1 92 2 44 34 2 14 78
100 4
58 45 34 93 30 41 61 81 34 47 65 87 25 89 85 90 1 21 43 41 20 5 65 2 58 69 85 49 9 19 73 58 37 83 55 37 64 74 21 25 18 14 38 94 81 53 66 81 49 65 96 42 21 81 37 90 13 22 86 62 65 81 62 61 85 25 40 19 49 73 43 47 89 73 11 53 89 9 25 45 56 78 50 1 85 2 69 65 13 5 55 94 18 61 35 41 77 6 31 4
100 3
97 73 74 15 26 10 76 44 52 26 94 97 22 1 80 15 78 37 95 32 59 56 16 17 29 4 49 1 58 20 95 29 68 10 98 8 95 32 7 11 8 22 38 11 67 17 26 78 95 89 6 22 32 98 95 23 70 59 55 74 11 58 81 83 34 2 95 89 62 77 26 41 53 95 26 7 96 95 23 32 79 65 8 87 80 94 34 67 90 76 3 73 4 1 44 91 56 38 26 61
18 4
28 49 3 9 58 9 97 55 9 1 71 28 55 70 55 95 30 96
17 3
80 77 56 74 64 64 31 38 70 47 23 73 58 59 34 40 13
100 3
70 75 21 65 53 62 1 47 48 59 93 46 5 77 84 78 10 1 50 52 65 45 74 85 65 92 86 56 90 40 41 58 26 37 46 53 80 52 91 35 34 41 37 23 40 49 82 95 95 10 2 17 13 70 33 20 71 2 44 68 63 35 66 17 65 35 26 16 86 30 38 77 69 29 7 71 10 98 19 11 17 24 19 56 25 56 3 1 41 19 20 43 62 23 85 53 4 5 88 31
19 4
47 80 25 55 67 79 27 72 11 77 59 95 55 85 95 39 85 69 57
100 4
3 85 19 29 61 2 25 45 96 65 57 93 95 17 73 32 93 57 85 49 61 85 97 97 13 47 70 73 87 17 53 8 67 69 53 81 37 19 53 92 53 21 17 5 38 82 90 93 80 29 41 78 21 13 21 61 81 21 83 65 71 61 14 90 17 14 57 73 10 95 86 13 65 38 90 57 53 9 22 32 70 78 5 82 23 53 39 42 25 50 61 61 22 49 62 77 6 53 66 12
100 3
37 26 34 44 28 83 17 64 35 41 73 58 41 31 82 97 19 88 85 70 44 58 31 46 5 23 94 86 25 34 65 43 20 82 22 17 92 52 92 70 64 53 52 10 83 49 77 92 53 2 31 23 77 37 91 53 41 20 19 88 14 56 26 86 80 64 77 5 4 23 23 43 98 88 79 88 17 19 68 50 79 94 43 31 80 38 77 46 28 32 19 44 44 26 65 23 22 1 49 50
20 4
59 21 85 51 34 47 13 95 55 59 55 84 83 67 45 93 19 15 1 80
13 3
80 28 56 32 38 44 62 79 1 47 2 64 58
100 3
22 98 28 49 5 11 17 87 25 44 85 93 30 27 49 16 29 58 34 38 10 24 46 88 76 90 17 50 28 76 25 94 97 86 2 16 67 47 74 70 49 4 50 14 94 34 2 16 13 94 10 13 11 1 58 27 91 10 50 52 87 87 61 19 69 33 83 51 62 77 86 52 55 5 82 46 73 22 19 70 15 28 49 82 22 61 34 79 79 56 74 75 14 34 8 34 73 10 13 25
2 4
14 10
1 3
25
3 3
11 50 26
24 4
29 89 75 87 47 29 59 7 11 75 27 3 29 23 79 55 75 13 65 83 67 15 89 45
26 4
67 11 92 15 23 33 22 61 21 27 69 59 82 91 35 53 75 3 14 75 67 93 55 31 89 75
2 4
57 69
27 3
67 16 74 35 91 98 44 31 72 14 77 83 26 5 75 56 41 77 46 44 69 86 18 59 70 51 5
13 3
50 35 92 95 60 64 1 7 54 94 73 35 84
100 4
83 82 19 31 71 67 87 83 29 11 10 27 35 29 13 43 82 86 50 75 44 79 67 71 31 86 34 75 42 33 75 37 23 28 27 3 55 66 83 46 86 43 47 17 77 1 11 83 11 35 7 46 63 27 11 58 66 6 59 18 70 2 55 54 33 67 79 75 27 23 51 7 52 15 54 69 50 80 27 67 20 15 56 95 7 23 47 62 27 62 22 86 90 15 71 83 67 30 42 50
24 4
91 87 91 83 23 45 29 19 71 67 59 59 65 45 53 19 71 27 34 43 15 27 43 75
100 4
81 89 3 85 53 61 77 90 14 47 62 8 12 1 61 29 71 51 5 74 27 17 93 61 74 29 54 38 15 23 89 21 73 53 1 50 95 77 66 45 91 94 62 21 18 14 15 10 85 10 11 55 25 20 87 57 66 49 3 5 73 13 63 38 86 84 53 73 77 26 84 17 86 36 46 87 53 89 93 17 50 69 38 11 27 29 34 55 2 47 17 49 34 29 29 53 81 33 91 41
21 3
8 61 48 61 40 22 47 23 27 79 2 41 64 8 26 68 76 28 25 37 76
100 4
11 82 41 41 19 21 83 33 65 31 78 53 97 33 14 29 3 57 50 3 55 43 86 71 87 11 73 83 93 78 42 63 95 13 81 13 2 38 7 42 86 45 46 6 53 50 94 85 27 29 11 91 43 10 91 59 59 61 17 49 50 78 6 7 39 49 3 70 22 89 22 85 75 25 39 62 22 50 70 93 66 19 33 59 78 41 71 42 35 75 33 14 27 10 70 86 89 89 25 3
1 3
30
18 3
1 25 17 56 23 40 98 49 95 2 16 1 88 1 83 44 91 27
3 4
78 6 22
100 4
97 38 69 38 71 54 48 9 42 71 69 73 49 1 6 21 69 54 1 25 57 70 74 25 1 83 14 37 37 57 89 22 74 1 82 6 42 45 6 47 29 14 57 33 65 13 66 97 83 60 33 30 13 53 47 66 49 63 57 45 95 33 41 73 17 50 33 23 83 28 48 17 10 17 26 14 54 77 77 66 1 66 46 6 27 41 81 89 33 10 53 89 66 15 57 58 33 2 34 33
2 3
43 31
10 3
20 55 94 4 59 47 37 80 67 8
15 4
65 4 19 81 89 79 27 71 80 28 49 1 55 47 21
15 4
43 17 53 35 91 25 63 20 19 85 57 95 27 54 73
19 4
29 63 66 73 35 85 59 10 59 62 71 73 70 36 5 55 5 73 14
1 4
4
17 3
8 40 38 86 95 71 11 80 14 47 44 66 31 82 64 38 37
100 3
89 66 59 8 68 80 62 78 84 30 52 48 4 24 93 12 14 30 30 7 82 34 31 93 43 92 68 25 83 20 76 24 6 7 51 19 41 25 37 82 25 7 64 81 50 62 36 84 47 9 64 59 87 43 56 24 35 42 87 2 30 89 57 34 52 69 83 93 43 58 40 83 23 24 69 23 59 8 71 11 65 98 76 52 95 4 34 72 94 78 97 85 30 29 97 29 61 87 51 92
21 4
21 71 26 83 89 39 43 23 41 6 71 97 89 25 86 58 41 42 63 13 14
22 4
61 41 25 7 17 61 37 57 51 76 5 67 41 23 67 69 39 27 69 17 3 65
100 4
49 6 57 79 45 59 29 21 53 66 11 85 61 65 41 86 13 82 65 89 49 69 39 70 22 50 22 41 45 85 48 1 37 53 90 63 70 13 87 77 57 41 50 69 58 85 89 54 53 65 50 37 17 33 69 77 35 10 81 85 15 38 31 48 17 58 17 78 64 81 55 10 42 22 90 89 87 77 52 62 49 50 69 18 51 93 7 9 65 78 90 77 85 46 43 7 33 61 93 37
17 2
84 71 33 70 64 62 72 29 46 6 70 32 72 27 97 50 11
1 3
98
23 4
15 45 25 77 93 4 3 97 85 81 73 97 61 45 3 25 21 75 71 69 23 97 87
1 4
1
2 4
27 19
100 3
43 17 15 29 83 63 77 71 79 8 10 50 80 19 34 69 19 65 89 98 23 74 43 2 20 26 50 4 44 22 14 53 98 59 58 55 10 68 13 34 54 71 87 34 2 65 23 23 65 35 16 5 89 70 83 65 77 37 97 45 10 47 38 20 53 44 2 17 62 60 98 86 82 92 80 74 79 77 25 49 7 35 14 62 23 87 92 71 26 32 13 50 32 80 92 32 47 59 18 96
100 3
76 68 22 68 1 58 39 62 35 89 65 17 41 95 20 65 25 50 45 57 10 36 33 82 56 82 36 17 34 6 95 77 47 55 89 11 32 59 23 74 59 80 89 52 3 92 10 48 8 35 82 38 7 61 89 74 5 23 44 20 71 74 71 49 59 1 19 56 98 47 65 38 20 7 41 68 64 86 87 89 24 76 37 11 14 68 54 8 57 68 62 86 86 5 29 31 91 38 26 38
100 3
64 47 88 52 31 10 5 19 22 46 85 68 63 77 94 16 28 1 73 16 4 71 79 40 55 60 55 49 52 94 47 49 79 27 83 50 52 43 61 85 4 50 47 30 98 46 24 85 69 46 82 29 16 88 79 82 54 1 64 35 20 73 10 23 58 30 79 67 31 7 98 49 21 46 14 47 83 10 52 67 58 22 94 91 72 61 92 26 32 55 64 91 25 2 70 49 53 20 32 61
100 4
47 86 3 49 37 38 19 23 39 29 61 6 7 42 14 71 66 39 90 1 62 93 93 37 17 65 69 71 82 54 70 81 43 23 74 22 91 87 77 33 87 47 17 89 51 74 26 58 75 6 57 14 32 2 9 29 97 58 83 7 13 23 2 39 3 61 15 53 29 97 18 26 63 59 13 70 62 6 66 6 6 89 55 6 87 87 5 53 57 23 82 77 73 19 11 34 95 29 51 18
13 4
7 21 35 19 91 30 17 85 59 81 37 79 29
18 4
1 71 53 17 6 6 59 27 66 90 70 86 79 17 85 25 55 83
2 3
65 44
100 4
67 62 32 6 56 46 9 52 52 80 66 9 89 61 91 60 91 80 14 18 43 65 13 19 51 57 83 44 28 47 51 7 2 58 37 51 48 17 69 48 18 22 5 94 8 38 65 3 87 82 17 35 76 90 28 91 90 25 26 25 89 65 43 12 80 47 4 6 19 40 85 27 56 97 42 15 78 41 51 21 54 68 8 80 90 82 43 17 69 70 32 75 78 47 46 84 49 8 41 87
20 4
15 14 15 70 69 35 72 72 91 85 13 18 13 83 22 76 60 87 44 41
4 4
79 47 35 11
12 4
39 1 37 11 13 59 41 31 53 93 43 19
14 4
75 5 47 95 1 47 13 21 8 33 9 1 79 43
100 3
71 13 18 24 26 38 95 46 53 11 61 92 50 20 14 86 37 71 92 63 1 20 17 23 14 59 51 81 86 80 46 76 65 92 2 35 83 69 46 97 95 84 28 44 77 50 61 20 80 17 35 67 92 71 39 93 16 68 37 74 80 50 91 95 76 40 63 64 5 49 65 58 48 61 65 25 38 61 32 2 62 89 94 71 87 41 89 53 50 70 80 85 14 92 8 41 59 68 38 38
100 3
76 91 37 61 34 25 76 47 20 52 95 76 88 49 3 72 94 40 83 79 91 79 26 79 61 13 82 73 34 63 16 58 13 18 13 11 81 55 91 53 22 70 26 19 76 73 8 1 32 98 6 49 97 40 11 44 4 62 67 10 47 85 88 31 16 43 49 77 45 58 43 58 26 97 85 40 37 47 65 81 64 35 79 58 40 3 21 50 4 55 82 31 19 73 43 26 19 85 21 16
16 4
35 24 83 88 97 23 75 47 45 77 67 45 64 65 30 49
29 4
43 7 83 90 79 63 62 39 54 33 13 35 69 83 51 77 7 37 70 75 15 65 15 89 83 90 9 47 71
27 4
95 14 71 27 43 75 91 35 83 71 35 27 57 17 63 53 25 79 78 19 62 31 43 65 31 2 27
24 4
39 14 25 25 77 49 37 29 34 66 77 88 23 24 21 1 97 3 47 37 50 75 70 79
17 3
44 82 85 59 58 20 25 34 92 10 84 89 13 89 41 85 92
25 4
89 61 13 47 43 41 16 32 59 5 21 57 67 85 5 9 65 9 72 73 91 43 23 41 17
100 2
58 73 34 74 86 45 92 83 40 6 80 51 64 95 59 14 83 21 60 91 39 64 16 97 55 95 68 91 95 56 43 91 5 67 56 29 92 62 52 45 45 71 52 60 94 2 35 92 1 5 34 9 79 84 46 73 46 49 59 50 78 5 60 90 63 62 66 94 61 58 39 46 18 42 4 83 90 97 86 11 65 96 11 61 85 7 59 22 69 24 35 96 45 6 83 7 79 46 80 90
100 4
29 25 10 69 85 50 65 33 57 49 37 77 91 1 38 73 9 26 93 29 78 91 51 1 89 18 52 12 90 14 71 97 26 67 69 7 51 69 13 5 61 25 58 9 85 64 91 61 41 21 61 41 55 66 29 69 42 33 86 97 17 22 85 2 53 38 85 11 70 71 13 82 45 69 66 37 37 25 46 21 77 74 67 45 65 85 64 38 25 43 29 57 73 73 39 13 53 42 41 13
3 4
71 79 7
100 4
63 59 86 43 1 77 17 91 5 93 81 92 34 82 75 13 31 41 57 89 45 57 25 49 27 57 17 39 38 69 71 58 86 5 29 91 9 13 78 55 35 85 63 54 49 77 37 1 70 97 70 29 53 22 5 97 12 66 75 17 5 91 82 14 93 77 29 3 21 72 97 51 54 74 69 35 1 45 21 21 1 73 9 18 93 53 57 86 2 53 73 17 97 97 69 83 17 25 65 33
100 3
83 91 25 22 2 18 23 20 35 41 23 41 11 46 92 94 67 43 41 56 4 53 40 70 54 14 32 72 4 59 56 20 62 47 65 66 4 56 59 10 27 67 61 41 96 52 95 50 76 34 46 11 29 17 41 14 11 32 68 17 14 52 67 2 26 71 46 50 13 37 31 20 37 74 86 53 8 58 8 56 4 56 95 86 34 41 64 53 50 48 44 8 80 65 26 55 82 49 11 68
16 4
75 31 67 17 45 23 77 47 17 63 81 5 22 43 5 47
15 4
97 13 17 61 59 55 51 31 51 65 7 75 81 19 1
31 4
5 11 53 75 63 87 25 2 45 37 97 78 57 73 19 89 77 72 37 9 87 14 53 71 36 28 5 18 94 81 38
1 4
39
100 4
1 67 15 83 34 70 59 71 43 80 41 49 43 84 46 19 87 31 7 8 77 30 13 27 17 54 45 91 75 22 62 44 34 10 42 6 13 77 71 2 93 77 25 59 19 71 38 25 47 85 51 21 19 85 18 46 75 86 40 66 27 79 65 83 53 3 11 15 37 63 95 58 63 83 33 53 14 2 23 23 94 50 65 67 23 31 55 15 79 9 26 9 71 3 27 38 79 54 85 90
16 4
76 44 73 31 23 23 76 33 72 89 79 23 89 93 63 8
100 3
19 77 5 29 25 32 65 16 76 8 35 2 67 68 28 37 79 44 35 92 65 23 43 17 91 34 29 82 44 89 8 19 32 64 76 29 98 85 68 29 32 55 20 65 47 79 28 17 38 50 76 56 86 13 14 43 94 58 44 10 25 73 14 62 5 43 49 65 34 47 49 80 91 4 4 47 89 53 59 89 50 19 92 86 97 7 32 74 22 10 47 1 17 59 13 34 73 19 38 73
1 2
18
100 4
70 47 15 11 93 95 67 15 11 31 35 32 95 36 46 83 57 19 67 39 22 1 27 18 38 83 90 91 15 23 80 78 63 64 59 91 19 23 35 85 91 34 49 58 79 43 38 23 46 39 11 66 62 91 19 13 6 43 51 15 67 5 78 62 69 41 82 59 23 67 7 88 12 82 90 62 19 83 11 67 49 42 45 5 63 66 83 95 43 19 7 74 26 15 66 3 23 14 58 87
22 4
57 19 77 9 59 5 28 73 25 78 75 42 10 63 70 61 93 75 15 87 10 87
1 2
5
17 3
80 16 31 75 20 14 35 4 7 24 38 25 77 46 12 38 72
27 4
39 62 65 47 43 59 73 88 47 5 6 13 61 23 93 47 91 82 95 11 47 67 11 21 2 65 66
