120
104 770482441
75 6692495
28 49
1505117308 50932823902
11 8555258536
6 134077168501
69943 260964235949
5951 99999999993
467163 907393
1 7
28755791 13673516703
61 76
8965 743631402394
355 246741
62702 71051746907
9 19431026774
90136 7136643385
19755795 63501050
244080363 399894050
113318 234388
10021999 271946035
31932 87571943
45361 49665063
2 4513654969
25 18214951
3 8423418
5648 8725157888
43 70428223565
22288213 7565351996
138232 767328
19230 43140
539333960 1058888498
12 110
683184 758306
9 2049473524
9 66869839328
24 81
15 60
11 21
17243 706581
19 43
4 3255447828
86196726 3480075119
26 9154382
630849 29834136599
1893756 286898007
30288200 112222145
3 75
91769645 97526527
52 84192216690
5228231 806769268
8476 731061821096
53994 7307866227
63588441 88330150354
2885941682 839083373829
37737691 90277246
69 4885095334
61511520 675151579
53926 946472534628
652 6537283080
545220 5844399783
2 10000000000
4 10
70 51072
382767279 7307337045
97788 568517
2 9
66 18530
82 118616685197
9998 4288828611
77 8536619390
719221600 822770187015
5445 5445
284111419 1425445192
540252 709287
8665 976227
9068 95641499
1 402
3 12442055020
13009 466849036902
93897 3491530114
15283 19073342
101 53061833043
4004 4005
67022135 77078362
11657 8018474850
100 3751509105
54 8074541753
10 13
790 62284307314
1 2
5 5
40458750 94690609654
555386 834250
39964013 886969685
7730 5603103
239434868 37348284393
908 92336
20 66859884359
70189 1971971
93311343 241838151
9 11
9749 4718782
161217 924558
383 10000000008
53 9999999996
12 17
9665 10000000005
97 5576276277
2141080 7102680928
118935891 172404278
12686360 69030337
75777 815510
1 10000000000000
77697361 5557491883
546491 709846
40082970 77322296
91579 30822684114
100 8677781939
1317131 1317132
