10
56 10
1100100010
1100010011
1111101001
0111110110
1100100000
1010110110
1001000000
1011010101
1011110110
0110111000
0000011111
0010110000
1000000101
0110010111
1001100011
1100011011
0110000101
1100111010
0001110001
0010101101
1001011001
1001110011
0000011011
0000010010
0110110101
0111010110
0010110100
0000100010
0000101011
1100010011
1100000000
1101101110
1111101000
1000100011
0011000100
0000100001
1001110000
0011100100
0011101110
1100110001
0000010011
0001110010
0111000100
0111111001
0011011001
0110110011
0010010101
0100000010
1000100000
0110010011
0010011111
1100111101
1110110100
1000110100
0001100011
1100010111
6
M 19 4 0
M 32 6 0
Q
M 33 3 1
Q
Q
83 35
11010011111101101001010101111111001
00000010110000110000110110100111011
11111111100011001010100000010010111
10100011011110100101010100100001110
01010110001100111101100011110001001
10011010101110110000011100000011101
11001110010011001001101110100111100
00110111100100100100011110010110110
11100010100101000111100110100101010
00110010010100011001111000101110111
11100101101101001010100011011011011
10010100001000000001001000001010000
11110111101000101010001011010001111
11101101001001000110011011110011000
10111110111011000001010101010000100
11100110111010010001011001100100100
00001011110111100111001001101111100
00101010000110010111101010010011101
00011100100110010111101001001100110
01111100101111000101000011101010000
10000101100010000001101100010110111
11011001000111010110111010000000000
11110101100111001110010010101011101
10010010000001101000010111000100001
11110001000011101110011011010110110
01101110100010011111110100110000001
00010001001101100010110101111100000
01011111010101011010010110001100110
10001010111001010000100010010111100
10111010111111001010010101100101101
10110000000111011001111100010010100
01101011010110010000001010100001111
10110110100010001110110101011011110
11001110101101110110011001000010001
10110000001011001110000011101101011
01000001101101111000110010100011000
10110010101001011010000011110100001
00001100011000000011000101000001110
11000000101000100000101010101111100
11100101011101011100000101100110001
10001100001100001111000110101001110
01110101010111000110111010011110110
10111110011101001100010010000110000
10001000111011110000011110001101010
10001000111100010100100000111101100
01101110001111110011100010110010111
00110110101110010001000111100011101
00101011101000101000100111111010101
10100100011001110000010110101110011
10010111001011011011000010011111010
11000110111010000011111011101111101
11101110101000101000111011000110110
11100101100000000101100010101111000
11001111110000110100001100000010001
00100000101111000111010111011110110
10000100110100100111100100101111101
00001001101001111011100001110010010
01001001111100110100101101111111111
00100001010010000100110011001110000
00101110101010001010111001101011111
10110010010111101010110011000000101
10101011000101101010000111010011110
10001110111010110000110100100000001
11001011001011011000010000101010111
10110100101111100101011100111111100
01010100101010101101000011001000011
11001110110001110000100110010010001
00110001100100011101000001110011001
11100100010011000010010110011101111
11010100101000110110101001111111101
00011010100001011111011011001000100
11110001100111110110100101001111111
00100011011011100011111011100101101
11011011011000010010111000010111101
01011010111100010000011001000010001
01001010011110001001101110110010110
01110001100001010010000010100110001
01000100010000010111011010111001011
11000000110001111111010001101011001
11010000000010101101010011000101011
11110001101110111110111100001111111
01110011000100101101110011001110110
10010100100000110010100000000010100
3
M 67 6 1
M 63 19 1
Q
4 4
0101
0010
0100
1111
7
Q
M 0 2 1
Q
M 2 2 0
Q
M 2 1 0
Q
27 20
11011011000001011011
11100101111110010101
01010010110110001111
11000111101000011101
11011101001001001001
01100001010001001010
10010100010010110000
11101101001010100000
10100001110111111010
00001001100110001001
00010010001110111010
11000011111101110010
11111100011011010011
11101111011000101110
11011110110101001011
11111111110000001100
01111010010000100101
01001001011011000010
10101111011111010110
10100010011010110000
01001110001011101010
11110010011110111110
01100010100110110001
01101101000111100101
11110111000100011110
01001101111111101111
10101001110100110011
5
M 25 3 1
Q
Q
Q
Q
65 23
11001101011111101110000
11111111000100001000011
01000111000001110000001
10010010011110101110111
10111000010000111111000
10010010010011111011101
00011100101111001001111
11111100101100011101110
11001000010110101001100
00001100101100010000100
01001001011011101001001
01100100011000101111000
10111001001111111110000
01101010010010000110010
11110010110111101101011
10011010100010000001101
00010100011001110011000
01011000011111001010111
00000110011001110011000
10000000101011001110011
11011110000111110111100
10111001001110111110100
11011111111000110110101
11100111010101001100111
11010111111011010110010
11001010110110011110110
01100000111101101000011
01100111011111101001010
11100010010101110111001
10001000011000000000101
01001111001001101011010
10101011100100100101010
00101011101001011111000
01010011111011101000100
11010011100001111111111
01000000101011011101101
11111001010110000101010
01010110111100111101110
00111010100010100000110
11010011110011011101111
00010001101010110100011
11010010011001101001111
11010011100100001001101
00010101111011010100111
00011011101001000101110
00011000111111100100011
10111011000101010001001
11100100111101101011000
01101101100010011011100
00111100001101011001010
01110011010010101000010
01111011000111000011101
00100001111110001110000
11110100010000100110100
11010001000011110011101
10110011010011101110011
00001100110101100100110
01110011110110001000100
10101101101100100010011
01010101100011111110001
10001001101111101111110
11011011000101010100011
11111101100001001001100
10001100010010101111000
00110110101100111111011
3
Q
M 36 13 1
M 5 13 0
45 25
1010000010111010001101011
1101101001101100110001110
1001101111001110000001101
0101111001010110000111001
1111101111111100110111101
1011011000010011011110100
1101000110010000110010010
0010001000111000110001001
0001110000110000110001011
0100111011111000101110111
0000111100100100100111100
1101100001100111011001001
0010011000001011011111110
0100010101000111100111010
1110000011101000111000110
1100101010100011101110000
0111010001111010100000010
1011101100001110000000101
1101101001000100011100010
1111000010101110001011111
1101000011110000110001010
1000001001110011101010011
1001110001101111111100100
0010101101101001100110011
1001010101111111101000111
1111111101011000010100100
1100001010110111011100101
1001101011111001010010011
0001101000111011011111011
0011010000001011000100001
0100001111001111111011000
0000001010101111011001001
0110110001111011001000110
1000111001100111111000110
1110111111010110000000110
1010111100001010111110001
1011000010001111010111101
1010010110011111100110111
1011110011100010010001001
0011011110101111110111001
1111000110101010001011111
1110011011000001100001111
1111100001101001011110101
0111001111000111101100010
0101100000110101110110101
2
Q
Q
46 55
0011010101100011011010100101010000010011110011111001100
0110001110010000010010100011010110111010111100110011110
0110111011110101111001010101100110110001001100011000011
0100001001001111001100000010100000111000011011011001011
1010100011101110001101001000111010111110110111100011111
1000001100001000000000001001001111010111010101010010101
1100111111000001000010110001111001111100110110101010001
0110011101111100010001100011000111101101001000000110011
1111010111101001110011001010110001110100100110011111000
0011011100001111101011101000010100000011101100000010001
1100011000001100110011011010110111011011100001100010110
1010111100000000111000001011011001101001100101101111101
1111000110011011100110101001100000111100100011011101100
1100111010011111000111011001010010100011111111101101111
1001001110010100100111101101001000010000011110001001001
0100000110100111001000110001111101010000101000011110010
1110000010101110101110100000011110101100001001001100001
0000101110101010101111010001111011010010110000101010000
0110100000100000101000000101111011100111000001100111011
0101001111100100001011001010010100111111110000011001111
1111010001001110111001111100110000010101001101000101101
1100111000100011101101010000010100101110101010010011101
1000010000010101110101000000001010001100011111001100111
1001101100010000010010110100000000010011000011101100000
0110010101001001110001011000101001011110111100000101111
1111101110010010111110010100011111100100110011011010010
1111011011010011001001100011110001010001110011010001000
1001111001110101111011010001100010010000011001001010011
1110001100000101110100011100000111000001111100100001110
1111101001110100010000101010111101000110000100010010101
1011001011111010111100110001111100111111111111011000001
1001010101111001001110010000110001011011000011000110000
1010001110100001111111011001100011110000101111001111011
0111111111100110000000010001101001111110001101010100010
0010111000110110000110000001101101001101001101000001010
1010000111001011101010001101010100001101111110011100011
0000111100011001010101001101000011111011111101100010000
0111010111101011110111101111000101001101110001001100010
0101011111001001001110110110110011010000010001100010111
1010001110011001100100111111111001111011111000001100011
1001001101111001011101011011001010000010101110100011000
1011100101001000110011010110100100111011100110110001011
0011011000100101110010000101100000110110001000111100101
1100101110000011111011101000010010001001011100111111110
1100001011101011111111101100111010100011011111010110101
0001101001010110000100001010001010011000011101110110001
5
Q
M 1 22 0
Q
M 43 53 0
Q
15 84
100001000101011101101100110100101011000001010011110101101010101101110101100010111000
101101101111000101000101000011111000000000111000010011000100001011010100000111111001
011100111100010001111001001110101110100101110000111100101111011001100011110110100101
110110101100100110110100110110110110010001000101010001111110111111010101011000010100
010111010000110100111100101011101001100001100101011011110110110011011100101001011111
110000010100110011101110111111010111011110001001011011001101100001110000110101001010
011110011111111100111111000110000000110000001100000010001100001011000001110111110010
000010100001111000010101000101111001010110110101110011100111011001010010100101100000
001011100101001111010010101011100010001100011001100010011011011000001100011010111011
000000100101100100101101001101110111010100000101100111101100110010101100011101101100
000001101101110101000001000010001110000001101001111011100100011001111010111101111001
011110100111011011111001001010110110001101100010001110101110000010101111010111100100
100101101010010000111011001000100011011111001100000001010000111100100101110001110011
101011001101000011000101111001001110111010000101110110110101001011101000001001011111
011101011111100010111010010010111100000011000011101110000001001000011010001110010010
9
Q
M 7 28 1
M 13 53 1
Q
Q
Q
M 13 55 0
Q
Q
44 55
1100111001001101010010000101101100111000100101111100011
0000000111111101110010111101010111010111111011001111110
1111110101011100010110101110111111011000011000110110110
1001101101110001111000000111110001000010110000000011011
1011100011110111011100001010010010101000110010100110000
0001111101101110101010000000101010111111110110100110000
0111100100110111100010001001010101111110011011001101110
0100000100010010110001101101111110000101111010111000001
0111110111110110111110100110000001011110110110011010100
0011101011011101100110010100111101011011000101101101000
0011000110100101010100010011100010111110101000000001111
1011000010010000110000011001100110010110000010110110001
0100000101010111100011100000111000011111110010111001010
0110011101110100011011001110101000010000101001010011000
1011100001011000011111101110101100001101111000110110011
0001000011010010110011011110101010101000111101000111010
1001011111010001000010110001100011000100000111001011001
1100111100011110000000110100011000111010110010101101001
1011101110011100000100001011100000001010000100011010101
1110011110010011101111110001000101011000110000011010100
0101010001011000101001001110010101110111100101101100111
0110000111100010001100110001100111000111010101000100010
1100111111011111011010110001110011110010010001110100010
0000101000111001101111110111001110001111011001110110111
0110110111010011100101101100101001001100010111000101100
1111011100111100010110000010110000010001110100100001000
1111011111011001110101011101010100111111011001001010100
1101100100100010101011011101110111111010110000001000111
1111111100100110111100001010010001100001110010011010000
0000011011110100110111011100001011001100100101010110101
1101110111000111000001100111001110110010100001010100011
0011111110001101110010100001001000100111000110110111011
1101100101000101000100011110100101000100101101000100010
1100110011001010110000110000111111000001011101010001010
0010111101110011111010110111011000101110011101111000100
0110011110111010100001101100110110001101001001101100110
1011100100100011011101010000011000101011001100110000110
0001101100100100001010100010110001011110010011110001000
1001000101001001110000010010111010100101101111101000011
1010101110000001011101110101000010011000111111001100110
0100011001101011101101111111110011011000100111010011111
1101001111010000011111100100101111000001111010010010001
0000000110000010000001000010100010101001010101010101100
1010001000011000111101101111001001100111110001100011011
2
Q
Q
100 100
0011001110000010101101000100111011110011110101001111100001010000110101110111001011010110100010000101
1111111011110011010100101010110100111001111010110110110010110000000000101111011011100010010010110100
1001111011001110110000101001011011011000001011010111011000101001011001101100111001110111010001100111
1110001000110101101111111100101111000010100101111100010011011001111001110100100011100011010100000000
0001000110000011100100110010101000001100001011000101110101010000011010110010011101001000000011111101
1110101111000100001110000010011100011011100011100111111000000100111011011001111011011111111011011001
1011111111110101110110110100010011011001100000110001101000011001011111010110010011010011101010100000
1110001100100011111010111011010011101011011100011111000110111101111001011000011011000111101101101010
0110100000010100010101111011101011000001110111111010011011010001011100010111111000000110110101100100
0100110010011111100001110100011101111011001000011100000110001010010000111101011100010010101101001010
1011001001010001101011010100000010111101100110000010000111111111011001000111100000000110010010100101
0110010111000111001100010000011101011111100100000100110101000011001101111011100111001101110001001011
1111101001001010010110011010100011010101011110000000000111000110000110000000110010101011001111000000
1111000001100001101111100111000100100010100111110111000100101100111010111000010001100001111111101001
1001110100110100011111101001110101010100111100011010100111001000010101100101010010111100111100110100
1010001110111110101011100110101110101100000111011011110010001101110010011111000000100000011011111010
1001010101110111001100100000110101011101000100100110011111111000001100110010101000101111111110101111
1111000011000000100011100100100000011101011010101111111010100111000110101111010111011001010110001101
0100000100010111000101101001010101010100011111001100010001011110000111001111001000100011010110010010
0011111011101010001100101100001000000100100001100011101100001111011110101010010100100101001100110100
0010110101011010101001010101110000011100011001001110110011000100111100000110001010111111000111010000
1010111100100010010000011010101011101011110000100010000000100111100010010010111111001101111011000010
1110011111011111000000010000010000010101110110000101011011111010000001001010101010100111001000101111
1000111001101100000001011000010111001011110011101000010100010110001101101111001010010111000010110111
1111100110111010010011101100100110001100110100001011001000100011010111011101110101000001001001011100
0011001000100011101110000111000010010010111000100100010000000111101011000011011100011101110001000111
1000001111100000101110100010000100000000001001000011111101001000101010110101111101110111011000111000
1000101101011111111111011110001111010101110010001001100100011011110011100111110100000111000000101010
1110000100101011011110000010011001000100001011000100000010101001110111010010001111000010100011001101
1110011110010101010111011111100111001000110001011010001001110010001001010101001001010110010100110111
0011001111011011101000011001101010101101100000011000101011001101011010110001100011100111011010010001
0000010001110000110000001101101010001100001111111010011001011110010100110001101101010111101001110001
0101111011101001001100010011110011001010111010011010101110100010111110011001011011000001101000000110
0000000100011110000001011100001001110010010010010011010010111000101011111000000110011101010111010001
1011010101000111001000001100110111011111001110101011101110111101110010000011110001100111010111011010
0001101001011011011110100001001100101001011010010001100011011011010010101110000001001110011110101001
1000001001110100110001000010010111011110110010110111110111011111100100011001110011011111001100011011
1111011110110011110000101000110111101111110000111101101101111010001011110010001011011100000111000000
1000100011010001111100100001010000101101010011101111100011100110000001001000110100101111000111100001
1111110111111000011001011001110000000000010000000011111101111101110000100110011000000111101000010000
1111100101000011001111001100111011001100111011011111000111110000001000110111011011000110011101010111
1100001111011111111111001010111100000000111011001001101110011011011001101110100111110011110111001010
0111111100110010100111111011010011001001001110010100011011101010001100010110101011101111010000100101
1100000011111001111001101110001010001111100100100011000000001001110110000101000011010100110110111001
0111001111001001011001101111000110101011000110110101001001111011100111010011101010100101000101000111
1111011011111000011100010111011001010000010001010010110111000001111011000100010101101111101000000110
0100111100010001101011100110001000101000010000011001110100001100000101000110000001111111011110110011
1011010011001010010010101110110100101011001101000010111000101100000100010000101010000011111110111011
0011100110111101100011011101001100100110011101000110011000001100000111111111100101001011100111111110
1110010111101010110101001001111101011111110010110000011011011110101101110000000101011111101001111110
0100101001101010001101000100000001011100101111111101110001010100000000101000100101010110100110100001
1001000000110010011100101111100101011100000000110111000111111000111111101011110001100101100101111100
1111000111001110110111010011111000000110111011111100010110100010111010100111101001101000001011101111
0101010000110001010110110100010000110001010111001000000110000001001101010010101000111010011000011110
1001000000011110011111000000010101011010100000100001000110100010101111000010111100110100000010011000
0010111111111110101101010011100001110111101101011110111000000000101010011001011010100110010111110100
0110010001110100111110100101001101101111111010110011001111100010111010000010110011000100001111101110
0011100000110100111001011100100100111101101000110100000000110011001100110111011111010000010100100100
0001100010000000011010011101110110110000001010110001101000111010100001111001101111100101110110000110
0010110011001010001010110001010001101111101011010010011100000010111011100110100100000100111110001011
0111111000100101100010110000011111001011000100111100010100110010011101111000001001111100001110010111
0000111110010100111100101010100010111011111010100001001001100110101111111010101110010011110100000000
1111010111110001101001010111001001011011001010110101110010110001100110100010010100001101001100001100
1010000110001101110000100010101100001100111110011111010110110011100101000110100100011101101011010101
0111100110011101011011011010000011001011101100010000000011100110111101100000110011100110111000010011
1000111100001110111101111010010001100101100100011000000000011100001111111110000010111110000000011000
1001000110101100101111010100101000010000101001111110100111101100000111100010010000110110110110001011
0010111010001001000101100000101100001011111000001101100001011010100111011001110010000101111010101011
1000110001000101111010101111110101010101111110110010011010110000010111011110101111001110000111001111
0001000110010011000100101000100011100000001111000101111101010110010111111001011111011101111010100010
1011101000110101110111011111010000001101000001011111101000000110101000100111001011010000111001101011
1100000101001111000000011111001000000100111101100100011011000011001110011000011010100110101100001010
1011101101001010001110101000101011100100011010111110101110100110010101010100000101000011010111101011
0011100010010111111011101110110010110001001101000000001010110110011100101001111000011011100100110101
0101111111000011111011000011011111111110011100000110111001011100110011101101000001111001110101001010
0110000110010111011010100100001110101000000101100111011110111111010110001001000001000000101010011011
1000011110011100010111011010100001000010001000100001100011110011100011100110001000100000001111110100
1101011000110110110011111100010000000101011011010110001010001101111111111010111011011011100111101001
0000100100110001100001101111101010001111010100110011110110111001110100010110001101101100000000101110
0000011001011101011011100010111100010001000001010100010000111110001011110001110001110000000011000101
0011010010101010001101001000011110001100100010111011010001010000001110111000100001111001111001100111
1110001101111110000000101111010011110010000110010100011011101001001010011010110111011010010001100111
0110011010001111011010010000000100110101100110001001100011110101001101111111011000110000011011101101
0100101011010011000100001011110000001001011111100000011010011011001110011011010111010000111001101101
1100000011010011001011000111000011110110111101010011100100010010010111101100011101101011001111100010
0101010111101010000110101010111100110010000111000110011101010011010000000100111001100001101001011111
1000001000000111010010111011111100011111000000011001101110100100100000110001101110111010111101010001
0100010001110011110101101000100001011110111100101010111100010101011001010011111111111011001010111101
0111100010010000100000010010000111010100010111111011001111100110111010100110001001010011010011111011
1010000111101001101110011101010100111001001010100000011011001110011100000000101100010100101101000000
1100111001111110111101101010100111011110100001011110111101001011001010001001001001011110100100011011
1001100010110111000100010111010101100011101101100100000100000100001101100101000000111000011100010111
1101100101010000011100111110110110011100001100011110000100110000110010101000100110001011111010100010
1011110001101101000010011000000010101110111011000010111100111010011010110101000111101110011001111001
1001111001001100101011101001100111111011010011111101000010011001110000010100010001010101000011100011
1011010110000100000111110101101011011110011110011001001010011000000100010001111000001010001010101001
1111001111011101101110010111010011011011111011100100111011001100010010110010011110010001110101010110
0001101010011111111110101010000010111101111100100110110101100000100110111010100010010100101110011011
1011101110111001110100100010111000011010000111011000100110001111001111010100101110101000101001000011
0100011010011011101011100000001110010101011101110000000101010110011110111111001100000101001001111100
10
M 24 48 0
M 6 24 1
Q
M 49 34 1
Q
M 62 83 1
Q
M 5 19 0
Q
M 88 39 1
