60
2
10
11
3
001
100
010
4
1110
1100
1100
1000
1
1
7
1000000
0000000
0110000
0001000
1010000
1000000
0100000
8
10000000
01000000
01000000
10000000
10000000
00001000
00100100
10011000
2
01
10
8
01000000
10000000
10100000
01100000
10000000
00100000
00000000
00100000
4
0000
0000
0000
0000
1
1
2
10
01
4
1000
0100
0010
0101
7
1000000
0100000
0010000
0001000
1100100
0000110
1110111
8
10000000
01000000
10100000
11010000
00101000
10010100
00000010
10100001
5
10101
01010
01000
10000
01100
7
0010000
0010011
0001000
1110110
1000100
1000000
0100000
7
0001100
0100000
1001010
0001000
1011111
1000000
0010000
7
0100000
0100010
1000000
0000101
1011000
0110100
0010000
5
00010
10000
01000
11011
10100
7
0010000
1000000
1101111
0000100
0100000
1011110
1001000
4
0010
1000
1011
0100
5
10010
01001
01000
10000
01100
7
1010100
1011010
0001000
0100000
0110000
0001101
1000000
8
01100000
11011101
01010000
01000000
00001000
10000000
01111010
00000100
8
10000000
01000000
10110011
00001100
00011000
00100000
10010000
00111110
8
01000000
00000010
10000000
01100000
11011000
11101111
00010000
00000100
8
01010100
00010000
01000000
00001000
01101110
10000000
10100111
00100000
2
01
10
4
1011
0010
0100
1000
7
0011111
0000010
0000100
0001000
0110000
0100000
1000000
8
11011111
11011110
00000100
00001000
00010000
00100000
01000000
10000000
8
01111000
00000001
01101110
10000000
01011000
01000000
10000000
00010000
8
00011010
00100000
00010000
00101000
10000000
01000000
00000100
11111011
8
01000000
10000000
01000000
10100010
00000101
00000100
00011000
01100000
8
01000010
01000000
10010000
00001000
00000000
11011100
01100000
00000000
8
00000100
01000000
00100000
11110010
01101000
10000000
01110000
11110111
8
00010100
11001111
00011010
10111000
01000000
01100000
00110000
10000000
8
01110000
00000000
10000000
00001000
00100000
01000000
00000000
10111010
8
11101110
00101011
00100000
01000000
01000000
11010000
00001000
10000000
8
11100100
01000000
00000000
10011111
01100000
00000000
10001110
10110000
8
01000001
01000000
00100000
00000010
11100100
10011000
10000000
10010000
8
01000000
10100000
11001000
10000000
00100000
00010100
00100000
01100000
8
00100000
10000000
01010000
01000000
01000000
10111111
01011000
00000100
8
01111100
10000000
10110000
00100000
11111101
01000000
10011000
11000010
8
00011001
10010000
00001000
10011100
11101110
10000000
01000000
00100000
8
10000000
01100000
10110000
01101001
01111100
01010010
01000000
10000000
8
10000000
10000000
11110100
10000000
10100000
00100010
00000000
00110000
8
00100010
10000000
00010000
00001100
01001000
01100000
11001110
00000000
8
00101000
10000000
00010000
01000100
00100000
10111010
01000000
00010101
8
10100000
01110000
10000000
00011000
10110101
00000010
01000000
01011100
8
00001000
10000000
10011100
00011000
01100000
01000000
10001110
00110000
8
00000100
01001110
11010000
01000000
10000000
00001000
00100000
00000001
8
10101010
00000100
00101000
01000000
10000000
00100000
11010000
10000000
8
00101000
00010000
00000100
01011000
10000000
10000000
01100000
10000000
8
01000000
11111010
10010000
00000100
00000001
01100000
10000000
01001000
8
00001000
01101100
01010000
00100000
00000000
01100000
00001010
01000000
8
00000100
10000000
00100000
01001000
00010000
10111011
10101010
01000000
8
00000110
00000001
01000000
10000000
00100000
01011100
00001000
10010000
8
01100000
00100000
00000000
00000001
01000000
00000000
01011110
01111000
8
01000000
10000000
10111101
10110000
11010010
00100000
00001000
00010100
