100
71
2 4 6 8 10 12 14 16 18 20 22 24 26 28 30 32 34 36 38 40 42 44 46 48 50 52 54 56 58 60 62 64 66 68 70 71 69 67 65 63 61 59 57 55 53 51 49 47 45 43 41 39 37 35 33 31 29 27 25 23 21 19 17 15 13 11 9 7 5 3 1
3
2 3 1
18
10 3 6 8 7 1 5 4 2 9 11 12 14 13 15 16 17 18
98
69 71 44 78 53 46 12 95 27 41 52 50 34 76 6 84 56 88 18 62 61 47 17 10 51 74 31 60 85 67 98 83 3 36 25 4 16 70 11 54 21 28 97 1 66 79 14 26 33 24 49 40 68 13 32 80 9 65 55 22 48 92 93 20 73 57 90 96 81 30 58 35 8 42 75 94 43 37 38 23 45 89 5 64 91 59 77 63 87 15 86 29 19 82 72 2 7 39
16
1 2 3 4 10 5 11 13 14 16 15 12 9 8 7 6
51
2 8 14 15 16 17 23 24 25 26 28 29 30 33 34 45 46 47 50 21 22 27 31 32 35 36 37 38 39 40 41 42 43 44 48 49 51 20 19 18 13 12 11 10 9 7 6 5 4 3 1
90
4 62 70 69 32 77 7 71 15 54 38 53 40 75 43 24 59 35 82 28 88 9 39 60 55 65 8 50 44 30 51 49 85 48 86 63 21 46 87 25 80 17 16 10 1 61 11 47 42 14 33 90 74 3 89 37 52 45 81 84 34 66 29 27 58 41 2 26 72 22 36 20 23 73 78 12 56 83 76 5 67 19 18 64 79 6 68 31 57 13
97
2 3 4 7 10 11 14 15 16 17 18 19 22 24 26 27 32 34 35 39 41 45 47 48 49 50 57 62 63 67 70 72 73 77 78 79 81 82 84 86 87 89 91 92 93 96 97 95 94 90 88 85 83 80 76 75 74 71 69 68 66 65 64 61 60 59 58 56 55 54 53 52 51 46 44 43 42 40 38 37 36 33 31 30 29 28 25 23 21 20 13 12 9 8 6 5 1
100
1 3 5 12 15 17 18 19 20 21 22 23 25 26 28 30 32 33 36 38 39 40 42 43 45 46 47 48 49 50 51 52 58 59 60 62 63 64 66 69 71 74 76 79 80 81 85 92 93 94 96 98 99 100 97 95 91 90 89 88 87 86 84 83 82 78 77 75 73 72 70 68 67 65 61 57 56 55 54 53 44 41 37 35 34 31 29 27 24 16 14 13 11 10 9 8 7 6 4 2
19
2 4 6 8 10 12 14 16 18 19 17 15 13 11 9 7 5 3 1
91
7 59 67 66 11 68 44 75 87 90 46 34 21 57 6 20 84 2 89 31 50 64 35 24 23 53 12 70 39 9 28 77 4 80 41 15 78 55 86 43 19 65 26 62 37 69 54 58 18 72 81 83 32 27 13 63 47 14 88 5 52 45 38 49 16 17 76 82 33 60 56 42 40 8 25 1 85 22 30 91 71 29 73 48 3 61 74 36 10 79 51
100
31 98 75 55 77 43 37 5 44 66 68 36 45 30 47 86 7 32 16 64 93 13 78 20 21 76 27 82 11 72 41 52 1 10 3 59 63 33 71 9 62 53 99 19 12 70 94 46 91 80 60 87 29 4 51 96 50 83 14 84 85 95 97 25 54 24 26 49 79 67 42 22 48 38 35 81 17 73 15 40 74 2 18 39 100 57 65 34 56 92 58 69 6 61 23 28 90 8 88 89
38
5 4 13 12 11 10 9 8 7 6 1 16 14 15 3 2 17 18 19 20 21 22 23 24 25 26 27 28 29 30 31 32 33 34 35 36 37 38
94
88 92 51 94 84 33 61 60 49 66 37 91 42 58 73 25 30 6 85 46 11 93 59 15 21 26 7 50 3 64 16 13 28 62 43 12 29 57 10 78 27 9 55 53 38 80 75 56 20 47 69 54 35 76 41 22 79 71 81 45 44 23 72 90 83 52 68 17 31 18 1 48 89 4 39 65 82 40 2 77 86 8 19 36 5 70 87 74 34 32 63 67 24 14
99
5 8 11 12 15 22 24 26 28 30 31 33 34 35 37 38 39 40 41 42 43 44 46 48 49 50 52 53 57 59 61 62 65 67 68 71 74 75 76 78 80 81 82 83 86 87 89 91 95 96 97 99 98 94 93 92 90 88 85 84 79 77 73 72 70 69 66 64 63 60 58 56 55 54 51 47 45 36 32 29 27 25 23 21 20 19 18 17 16 14 13 10 9 7 6 4 3 2 1
66
2 4 6 8 10 12 14 16 18 20 22 24 26 28 30 32 34 36 38 40 42 44 46 48 50 52 54 56 58 60 62 64 66 65 63 61 59 57 55 53 51 49 47 45 43 41 39 37 35 33 31 29 27 25 23 21 19 17 15 13 11 9 7 5 3 1
83
18 17 10 19 12 35 23 14 29 65 33 16 21 20 42 47 67 22 31 37 62 61 27 60 26 40 28 48 46 30 59 32 44 39 45 66 43 36 7 58 3 25 15 52 54 8 6 4 5 41 64 34 50 51 1 13 63 24 11 2 49 38 9 55 56 57 53 68 69 70 71 72 73 74 75 76 77 78 79 80 81 82 83
91
4 2 52 75 84 28 53 12 22 30 40 44 83 39 31 13 36 66 57 5 8 9 21 72 88 87 48 64 46 58 89 23 6 45 61 69 55 32 68 16 81 42 63 29 76 80 17 74 59 71 47 56 35 54 49 19 38 79 25 77 65 82 11 26 27 91 34 50 3 33 41 43 14 70 67 51 7 24 73 60 86 20 1 15 62 37 10 78 85 90 18
50
4 5 9 11 13 14 15 16 17 19 20 21 22 24 25 26 28 31 32 33 37 38 40 42 43 44 45 47 48 50 49 46 41 35 36 39 34 30 29 27 23 18 12 10 8 7 6 3 2 1
44
7 15 16 19 5 12 13 14 6 18 3 2 1 10 11 4 17 8 9 20 21 22 23 24 25 26 27 28 29 30 31 32 33 34 35 36 37 38 39 40 41 42 43 44
92
5 19 54 35 59 67 63 8 71 32 14 70 80 77 83 45 55 21 84 34 92 50 41 44 36 22 86 24 42 90 66 1 61 9 52 58 3 81 38 82 25 47 39 69 29 88 27 2 74 15 11 53 64 62 68 85 48 31 17 78 75 91 18 56 73 79 57 4 26 7 43 89 12 51 46 10 87 60 16 33 13 28 37 23 30 76 40 72 65 49 6 20
99
34 63 53 35 18 23 57 21 55 20 41 49 43 39 22 60 27 44 81 25 59 51 70 36 47 76 56 68 24 38 80 26 48 29 28 13 83 31 66 30 82 15 74 11 12 46 64 79 5 8 58 52 78 16 50 75 14 32 3 6 71 37 40 77 1 69 54 61 65 42 19 2 72 9 67 7 4 10 17 73 45 62 33 84 85 86 87 88 89 90 91 92 93 94 95 96 97 98 99
98
58 80 95 23 14 28 3 90 63 32 51 1 37 94 57 29 66 33 40 74 10 6 31 98 96 4 69 91 16 84 75 47 21 15 61 59 11 68 12 9 2 38 41 92 60 72 35 89 82 5 44 25 79 52 7 64 88 42 18 34 19 54 56 85 26 17 50 71 77 36 13 73 97 93 83 43 49 81 46 86 24 62 45 8 65 30 39 20 67 76 70 87 78 27 48 55 53 22
98
45 6 49 30 7 66 1 33 27 79 47 62 34 84 46 23 69 95 40 3 22 9 25 83 61 20 71 91 52 82 36 39 96 35 97 76 78 31 64 81 67 87 94 60 93 15 72 32 58 68 98 50 65 53 85 38 55 86 54 5 10 2 19 74 48 59 88 73 80 56 28 21 26 92 18 37 63 90 75 16 43 13 24 12 14 8 17 57 51 44 70 89 4 42 11 29 77 41
94
60 53 50 82 67 11 2 20 39 59 49 63 52 69 41 9 6 16 92 21 14 42 70 81 93 83 12 76 57 58 91 86 88 8 44 25 84 32 30 68 29 64 66 54 7 72 90 1 45 3 18 77 15 35 73 85 74 36 27 51 47 34 28 13 61 17 56 89 48 4 5 71 40 37 65 24 19 94 78 87 75 80 10 31 23 43 38 22 55 79 46 62 33 26
3
1 2 3
50
2 4 6 8 10 12 14 16 18 20 22 24 26 28 30 32 34 36 38 40 42 44 46 48 50 49 47 45 43 41 39 37 35 33 31 29 27 25 23 21 19 17 15 13 11 9 7 5 3 1
95
74 12 59 52 8 43 67 80 26 46 57 17 19 2 49 76 24 54 31 72 39 78 66 1 85 10 15 64 87 53 30 37 47 7 14 36 42 75 6 22 93 88 91 11 23 94 34 70 40 25 3 13 28 79 20 48 50 5 60 95 90 92 38 44 61 29 56 65 21 63 86 77 35 27 83 32 89 9 16 18 33 4 58 55 45 41 51 68 71 82 73 81 62 84 69
94
18 59 28 94 51 21 49 10 79 78 7 14 89 9 2 44 75 76 4 45 39 29 60 22 37 15 66 93 26 6 41 34 50 20 5 3 43 83 90 82 92 73 23 47 70 67 32 80 88 38 30 8 69 53 25 24 77 56 16 11 48 63 72 61 84 13 27 54 42 57 68 1 87 46 91 65 62 64 58 52 81 19 55 71 12 33 36 31 74 40 85 35 86 17
92
85 16 6 14 68 81 38 73 87 5 88 29 66 22 89 70 2 78 35 62 83 77 33 54 44 39 43 65 10 42 58 63 61 36 59 47 18 92 76 45 46 91 56 19 82 84 53 86 31 26 21 40 23 64 34 17 4 50 11 37 1 41 69 3 28 32 24 71 72 27 15 52 90 7 57 74 60 25 67 79 80 12 51 9 30 20 75 55 48 8 13 49
99
94 96 75 2 1 38 74 31 15 7 24 92 80 59 70 63 10 43 66 95 99 25 42 22 18 13 14 11 40 39 65 47 68 60 77 81 97 35 57 28 90 62 30 72 23 88 17 52 87 33 91 50 85 58 76 82 9 8 3 84 32 36 51 71 27 37 48 4 12 93 16 26 46 20 55 44 67 86 78 56 54 73 19 64 6 53 41 61 5 29 98 69 79 45 89 49 34 83 21
73
1 2 3 4 5 6 7 8 9 10 19 20 21 22 23 34 35 36 37 38 39 40 41 42 43 44 45 46 47 48 49 50 51 52 53 54 55 56 57 58 59 73 72 71 70 69 68 67 66 65 64 63 62 61 60 31 30 29 28 27 26 25 24 33 32 18 17 16 15 14 13 12 11
99
1 2 3 4 5 6 7 8 9 10 11 12 13 14 15 16 17 18 19 20 21 22 23 24 25 26 27 28 29 30 31 32 33 34 35 36 37 38 39 40 41 42 43 44 45 46 47 48 49 50 51 52 53 54 55 56 57 58 59 60 61 62 63 64 65 66 67 68 69 70 71 72 73 74 75 76 77 78 79 80 81 82 83 84 85 86 87 88 89 90 91 92 93 94 95 96 97 98 99
97
25 19 13 90 78 49 34 74 4 16 59 77 52 32 89 70 51 40 76 17 10 67 18 2 61 3 97 69 46 1 91 30 41 75 82 81 66 64 36 65 62 22 53 42 88 5 31 21 54 72 20 95 86 57 83 60 48 26 79 94 68 6 11 87 15 12 56 44 50 33 84 63 9 71 55 80 24 43 45 28 8 96 39 29 38 7 92 93 73 23 27 35 58 14 37 85 47
100
99 96 17 51 90 89 22 13 30 21 77 49 83 28 29 56 37 58 11 95 55 78 98 14 36 100 86 8 43 4 70 76 40 72 32 80 54 92 33 61 23 5 26 31 20 50 3 1 7 79 41 57 82 67 65 6 53 2 52 60 45 94 39 84 27 25 63 64 48 18 35 85 87 74 73 88 69 10 9 16 24 19 47 75 44 12 66 46 34 62 81 91 59 38 15 93 68 42 97 71
100
35 55 49 67 90 59 88 60 92 48 38 39 27 69 51 36 42 58 82 23 2 31 96 19 63 79 32 13 66 62 86 61 43 21 45 75 29 71 89 6 41 25 73 87 94 3 28 50 8 26 44 64 14 20 93 40 80 7 57 100 95 17 5 56 47 24 30 65 16 22 10 78 81 97 77 91 83 1 98 54 53 85 72 9 15 74 11 99 4 18 33 52 76 84 70 68 46 37 34 12
89
53 81 87 16 11 84 41 18 29 85 43 66 39 71 13 35 26 67 37 10 83 36 61 1 24 42 38 79 30 52 15 57 19 7 65 70 60 72 73 63 78 40 86 80 44 54 48 46 25 50 5 14 6 89 82 56 32 20 62 59 34 31 33 23 22 49 58 3 75 17 51 2 69 76 28 47 77 8 4 64 45 27 21 68 74 88 55 9 12
3
1 3 2
98
4 79 78 88 16 13 5 14 46 17 97 58 93 21 81 85 94 37 83 2 15 65 33 6 82 87 61 71 68 60 92 98 43 25 84 89 29 95 41 70 75 3 74 67 80 9 76 50 7 24 62 45 63 51 54 40 72 23 56 31 30 69 96 73 59 39 19 1 28 22 35 11 91 49 44 86 32 10 55 8 36 47 34 90 52 12 20 18 77 66 48 53 27 42 57 64 38 26
98
2 3 4 5 6 8 12 14 18 20 21 22 23 26 29 30 31 32 33 37 40 42 46 52 53 55 58 60 64 65 68 71 74 75 76 77 78 80 81 83 84 88 92 94 96 97 98 95 93 91 90 89 87 86 85 82 79 73 72 70 69 67 66 63 62 61 59 57 56 54 51 50 49 48 47 45 44 43 41 39 38 36 35 34 28 27 25 24 19 17 16 15 13 11 10 9 7 1
99
1 5 7 8 11 12 13 14 17 20 21 23 24 29 30 32 33 34 38 43 45 46 48 49 50 52 55 56 58 59 60 64 67 74 77 79 82 83 84 86 87 88 89 98 99 97 96 95 94 93 92 91 90 85 81 80 78 76 75 73 72 71 70 69 68 66 65 63 62 61 57 54 53 51 47 44 42 41 40 39 37 36 35 31 28 27 26 25 22 19 18 16 15 10 9 6 4 3 2
89
18 46 55 51 20 88 21 19 70 66 2 39 67 17 24 30 61 9 1 68 53 12 31 36 45 85 11 8 16 59 22 77 75 60 27 35 62 74 64 50 44 15 81 58 87 37 71 80 40 6 63 47 3 13 34 48 32 41 57 89 33 56 54 43 38 76 29 83 4 84 86 65 26 14 25 72 78 10 73 49 82 28 7 23 79 52 5 42 69
23
2 4 6 8 10 12 14 16 18 20 22 23 21 19 17 15 13 11 9 7 5 3 1
18
1 2 3 4 5 6 7 8 9 10 11 12 13 14 15 16 17 18
95
52 58 35 16 77 53 48 63 72 84 9 15 54 47 57 62 42 33 60 61 18 37 20 92 38 22 89 79 12 64 23 93 56 30 26 59 31 46 17 39 81 76 94 74 19 34 88 71 27 50 43 28 7 80 85 68 36 55 25 95 86 45 2 82 21 90 87 65 41 75 70 83 24 40 14 3 78 32 44 69 51 11 66 10 91 4 13 5 49 8 6 67 1 73 29
91
1 2 3 4 5 6 7 8 9 10 11 12 13 14 15 16 17 18 19 20 21 22 23 24 25 26 27 28 29 30 31 32 33 34 35 36 37 38 39 40 41 42 43 44 45 46 47 48 49 50 51 52 53 54 55 56 57 58 59 60 61 62 63 64 65 66 67 68 69 70 71 72 73 74 75 76 77 78 79 80 81 82 83 84 85 86 87 88 89 90 91
99
2 4 6 8 10 12 14 16 18 20 22 24 26 28 30 32 34 36 38 40 42 44 46 48 50 52 54 56 58 60 62 64 66 68 70 72 74 76 78 80 82 84 86 88 90 92 94 96 98 99 97 95 93 91 89 87 85 83 81 79 77 75 73 71 69 67 65 63 61 59 57 55 53 51 49 47 45 43 41 39 37 35 33 31 29 27 25 23 21 19 17 15 13 11 9 7 5 3 1
46
8 15 14 20 6 19 5 21 1 9 10 11 24 23 16 17 18 3 4 13 2 22 7 12 25 26 27 28 29 30 31 32 33 34 35 36 37 38 39 40 41 42 43 44 45 46
64
25 11 12 30 15 13 45 17 35 34 9 33 5 44 26 42 31 39 18 27 48 49 21 8 41 14 6 36 23 40 7 29 43 16 10 32 3 22 47 46 1 37 38 24 2 4 19 20 28 50 51 52 53 54 55 56 57 58 59 60 61 62 63 64
97
45 50 89 14 77 65 67 90 88 15 51 71 54 58 96 95 11 78 23 2 59 22 36 48 12 17 7 56 39 1 83 32 69 38 86 10 74 29 82 25 61 68 40 57 5 63 70 13 80 16 72 60 97 20 49 81 28 35 33 92 31 47 87 79 84 94 9 55 43 62 91 21 52 76 85 53 3 41 42 6 44 27 93 4 19 24 46 30 75 8 73 64 66 26 37 18 34
93
50 15 56 54 30 79 93 84 33 76 11 91 89 19 36 74 51 42 44 6 90 71 17 62 52 64 66 87 43 5 78 20 88 40 3 28 63 8 37 21 55 73 4 45 53 48 85 22 59 47 35 32 72 39 38 27 60 61 58 86 41 83 29 49 70 13 65 18 16 12 69 24 7 23 77 57 1 80 31 81 34 10 82 68 67 25 75 92 14 26 46 2 9
50
33 30 2 24 5 26 22 7 23 25 28 38 35 32 27 4 6 31 11 42 21 10 13 39 9 8 19 12 36 37 14 41 40 17 29 1 16 18 34 3 15 20 43 44 45 46 47 48 49 50
97
1 2 6 13 14 17 18 19 23 24 26 34 37 38 40 43 45 47 48 49 51 54 55 58 59 62 65 69 72 75 76 79 80 81 86 87 88 89 91 96 97 95 94 93 92 90 85 84 83 82 78 77 74 73 71 70 68 67 66 64 63 61 60 57 56 53 52 50 46 44 42 41 39 36 35 33 32 31 30 29 28 27 25 22 21 20 16 15 12 11 10 9 8 7 5 4 3
97
58 51 9 84 97 67 24 74 2 89 76 85 80 16 47 62 56 42 54 19 35 57 13 55 48 14 1 87 86 53 72 70 21 66 73 92 44 40 43 96 52 25 69 45 3 64 75 5 91 83 18 61 6 4 50 60 31 10 94 17 32 34 27 29 81 12 7 8 11 28 90 30 49 38 23 71 41 78 22 36 59 46 77 39 88 33 65 37 68 26 15 63 93 79 20 82 95
23
1 2 3 4 5 6 7 8 9 10 11 12 13 14 15 16 17 18 19 20 21 22 23
100
22 2 94 88 55 90 96 67 70 84 71 37 56 72 76 28 63 18 21 39 12 45 87 78 75 43 42 77 30 91 32 97 53 93 36 10 33 85 99 74 80 26 34 6 46 14 17 82 40 5 65 44 59 83 49 61 58 89 52 41 23 79 11 68 38 81 64 92 24 100 73 86 7 69 51 50 98 48 66 27 95 9 47 25 4 16 1 13 60 35 29 31 20 54 19 8 57 15 3 62
94
22 76 42 33 14 58 30 34 64 48 6 79 73 78 62 75 36 3 45 94 46 1 56 47 85 26 90 25 65 82 54 21 74 59 17 35 20 10 23 43 92 32 84 88 87 71 55 93 69 18 24 83 13 50 37 89 5 77 52 9 66 28 16 11 29 53 2 49 41 19 80 68 63 60 40 86 61 4 7 67 91 57 81 72 51 44 15 8 38 27 39 12 31 70
50
1 2 3 4 5 6 7 8 9 10 11 12 13 14 15 16 17 18 19 20 21 22 23 24 25 26 27 28 29 30 31 32 33 34 35 36 37 38 39 40 41 42 43 44 45 46 47 48 49 50
96
69 17 58 42 65 84 96 56 55 43 38 86 37 87 34 1 72 4 28 51 82 13 67 10 40 23 79 50 47 32 20 59 83 92 5 9 80 54 14 21 25 66 29 94 63 33 64 71 81 46 27 11 52 16 91 75 61 77 90 2 88 3 15 49 57 68 73 30 93 44 18 19 95 45 70 48 60 36 8 85 39 31 89 6 76 35 78 24 22 53 7 74 62 41 12 26
99
1 2 5 6 7 12 15 16 18 24 26 28 30 34 36 39 40 45 49 50 51 52 53 54 59 61 62 63 64 67 69 70 72 73 75 77 80 81 85 86 90 91 94 95 96 97 99 98 93 92 89 88 87 84 83 82 79 78 76 74 71 68 66 65 60 58 57 56 55 48 47 46 44 43 42 41 38 37 35 33 32 31 29 27 25 23 22 21 20 19 17 14 13 10 11 9 8 4 3
71
12 6 29 30 31 32 33 34 35 36 37 38 7 28 23 14 21 22 3 10 16 15 1 24 4 27 2 5 13 25 17 9 26 11 20 19 18 8 39 40 41 42 43 44 45 46 47 48 49 50 51 52 53 54 55 56 57 58 59 60 61 62 63 64 65 66 67 68 69 70 71
15
2 4 6 7 12 11 5 8 1 3 13 10 9 14 15
100
2 4 6 8 10 12 14 16 18 20 22 24 26 28 30 32 34 36 38 40 42 44 46 48 50 52 54 56 58 60 62 64 66 68 70 72 74 76 78 80 82 84 86 88 90 92 94 96 98 100 99 97 95 93 91 89 87 85 83 81 79 77 75 73 71 69 67 65 63 61 59 57 55 53 51 49 47 45 43 41 39 37 35 33 31 29 27 25 23 21 19 17 15 13 11 9 7 5 3 1
32
7 6 5 8 2 10 9 16 15 3 18 1 17 4 14 13 12 11 19 20 21 22 23 24 25 26 27 28 29 30 31 32
32
2 3 4 5 7 10 11 14 15 16 17 18 19 21 22 23 24 28 29 30 32 31 27 26 25 20 13 12 9 8 6 1
89
49 5 80 41 36 31 64 44 14 18 55 24 38 56 62 71 16 42 46 33 57 59 17 89 53 35 20 63 7 79 3 86 32 83 13 2 65 8 39 75 76 72 58 48 21 66 81 52 28 19 60 9 27 67 54 78 68 25 82 85 61 70 34 74 15 77 37 51 87 50 88 69 11 73 10 23 1 43 45 30 4 6 29 22 12 84 47 40 26
94
75 55 47 14 85 23 39 22 78 79 73 63 91 72 24 16 31 90 50 43 51 48 11 15 56 33 2 40 37 8 89 59 57 88 87 5 38 69 83 94 65 58 35 17 74 54 53 7 1 12 80 18 81 3 71 67 30 62 26 68 77 32 46 19 64 34 44 4 45 76 9 21 27 70 10 60 13 52 92 28 84 29 82 93 86 61 6 66 49 42 41 25 36 20
93
29 20 83 49 8 28 89 33 40 81 41 74 44 53 56 67 48 31 73 17 50 4 69 23 14 76 35 80 85 3 47 75 71 34 24 2 6 32 26 42 79 36 90 63 93 60 7 51 18 16 1 21 62 55 45 72 37 46 82 30 10 91 57 19 11 12 52 54 58 43 92 22 78 77 25 64 27 87 66 9 65 86 88 39 61 59 15 84 70 5 38 13 68
93
70 74 9 53 31 5 44 79 90 69 36 12 78 58 68 4 32 83 14 85 38 46 19 28 92 91 37 11 67 13 60 82 45 51 88 40 93 54 47 20 73 48 34 75 57 76 8 49 80 89 10 43 16 61 22 62 1 66 52 56 33 42 6 72 21 30 2 15 3 23 87 86 17 27 63 50 55 29 35 39 25 81 71 24 18 64 41 84 7 59 26 65 77
99
53 12 84 94 28 54 82 58 62 34 2 56 36 88 86 63 20 24 92 44 75 7 57 65 99 39 66 30 46 23 72 31 13 26 97 91 85 79 43 11 52 93 64 38 41 37 18 16 61 8 25 27 83 33 76 51 6 9 87 48 40 45 77 98 10 90 67 81 59 14 15 71 95 3 19 5 29 74 1 35 21 50 22 68 80 69 32 89 70 17 55 49 4 42 60 47 96 73 78
2
2 1
92
51 70 21 14 76 41 30 56 72 83 79 62 34 39 49 89 65 55 66 77 42 86 88 44 4 9 63 28 92 37 33 35 31 67 3 29 78 17 12 80 10 8 74 64 25 24 38 71 19 50 82 20 45 75 59 61 36 1 6 23 69 22 11 90 16 15 5 60 53 27 26 81 85 46 58 57 40 52 87 91 84 54 73 32 2 18 7 48 47 68 13 43
12
2 4 6 8 10 12 11 9 7 5 3 1
98
10 92 77 53 12 60 36 26 2 79 5 85 83 82 76 13 15 80 93 78 33 40 59 69 75 35 48 61 17 9 3 94 21 67 97 68 95 55 49 84 52 57 72 54 96 86 39 51 16 29 58 98 71 8 14 25 1 64 73 11 62 81 66 34 24 20 88 65 89 4 31 90 18 41 63 7 19 74 44 28 42 23 87 32 38 27 46 37 6 70 22 50 45 47 43 91 56 30
71
4 5 8 9 10 11 13 16 17 19 20 22 67 65 64 62 61 60 59 58 55 54 53 50 49 48 46 44 43 42 41 40 39 38 37 36 35 34 32 30 29 28 27 26 25 23 68 69 70 71 66 63 57 56 52 51 47 45 33 31 24 21 18 15 14 12 7 6 3 2 1
100
32 25 16 14 2 74 52 50 59 56 63 45 33 77 58 73 31 64 78 44 38 29 41 19 28 37 79 68 46 24 22 23 43 69 75 20 21 17 61 30 18 39 67 34 66 27 15 57 13 81 80 11 7 76 26 55 9 35 12 60 10 53 5 70 62 65 8 71 72 49 51 6 1 48 82 83 3 47 36 54 40 42 4 84 85 86 87 88 89 90 91 92 93 94 95 96 97 98 99 100
100
1 2 3 4 5 6 7 8 9 10 11 12 13 14 15 16 17 18 19 20 21 22 23 24 25 26 27 28 29 30 31 32 33 34 35 36 37 38 39 40 41 42 43 44 45 46 47 48 49 50 51 52 53 54 55 56 57 58 59 60 61 62 63 64 65 66 67 68 69 70 71 72 73 74 75 76 77 78 79 80 81 82 83 84 85 86 87 88 89 90 91 92 93 94 95 96 97 98 99 100
95
54 55 81 22 89 49 44 61 1 20 59 36 6 77 85 53 80 91 29 27 51 46 13 56 86 62 47 8 25 10 40 12 83 82 73 90 34 72 92 28 23 16 52 78 74 19 38 15 65 71 2 88 42 63 3 33 37 7 39 30 17 84 75 9 67 24 60 95 93 64 43 87 58 4 50 31 79 41 21 32 66 5 94 18 57 76 68 70 11 14 35 45 69 26 48
93
6 35 8 36 54 65 16 86 49 11 46 24 68 59 37 31 56 85 23 20 7 93 17 47 69 14 34 91 13 90 58 15 88 26 10 3 77 66 27 18 40 73 50 92 62 63 2 30 1 4 87 32 53 89 48 19 9 64 41 21 75 74 82 84 52 5 22 51 57 67 12 28 43 78 42 39 83 79 44 38 61 55 71 72 25 29 80 33 60 81 76 45 70
24
9 19 20 21 23 24 22 18 17 16 15 13 14 12 11 10 8 7 6 5 4 3 2 1
99
8 79 94 54 47 89 52 44 5 82 85 61 70 43 80 75 87 67 83 12 30 65 9 98 77 91 27 62 28 66 92 68 53 26 39 59 35 46 33 25 31 42 72 86 95 20 84 10 96 4 15 90 37 88 40 45 74 73 97 21 36 23 93 55 99 60 24 2 78 81 32 64 14 34 17 49 19 50 56 7 76 57 6 41 58 29 11 13 38 22 16 1 71 3 69 51 18 63 48
75
2 4 6 8 10 12 14 16 18 20 22 24 26 28 30 32 34 36 38 40 42 44 46 48 50 52 54 56 58 60 62 64 66 68 70 72 74 75 73 71 69 67 65 63 61 59 57 55 53 51 49 47 45 43 41 39 37 35 33 31 29 27 25 23 21 19 17 15 13 11 9 7 5 3 1
95
36 37 65 39 34 7 10 59 77 2 8 62 66 9 58 83 44 68 79 43 4 82 90 18 31 75 14 56 95 60 89 84 64 61 76 29 35 70 6 57 28 78 53 27 80 23 15 54 16 71 20 22 41 33 13 5 19 3 38 45 47 12 49 51 88 17 46 11 48 73 67 85 87 55 93 30 52 50 40 94 21 91 69 74 63 86 24 92 26 42 72 81 32 25 1
93
55 76 62 5 73 39 83 48 68 50 17 20 31 8 56 57 85 54 37 60 71 52 80 78 29 36 22 44 10 7 61 88 92 58 42 87 77 33 27 90 45 65 81 70 3 26 43 16 38 18 51 35 41 14 59 64 40 24 91 66 15 79 49 82 11 74 21 32 19 69 6 4 93 12 86 72 23 25 34 13 84 46 47 75 67 2 30 53 28 63 89 1 9
98
67 76 71 5 70 39 41 69 64 96 22 32 12 45 3 59 97 23 24 53 95 44 55 92 51 74 40 61 48 88 2 62 66 29 9 75 73 57 85 38 4 77 83 25 15 98 17 89 35 80 68 84 34 1 42 91 13 37 56 81 93 26 36 63 72 94 21 49 11 16 46 82 27 78 33 19 7 54 79 28 18 6 90 47 10 8 52 20 86 31 14 87 58 50 30 43 60 65
2
1 2
87
1 2 3 4 5 6 7 8 9 10 11 12 13 14 15 16 17 18 19 20 21 22 23 24 25 26 27 28 29 30 31 32 33 34 35 36 37 38 39 40 41 42 43 44 45 46 47 48 49 50 51 52 53 54 55 56 57 58 59 60 61 62 63 64 65 66 67 68 69 70 71 72 73 74 75 76 77 78 79 80 81 82 83 84 85 86 87
81
1 2 3 6 7 8 9 10 11 12 13 14 15 16 17 20 21 22 23 24 25 26 27 28 29 30 31 32 33 34 35 36 37 38 39 40 41 42 43 44 45 46 47 48 58 70 71 72 73 75 76 77 78 79 80 81 74 63 62 61 60 59 69 68 67 66 65 64 57 56 55 54 53 52 51 50 49 19 18 5 4
67
1 2 24 25 28 29 57 58 59 60 61 62 63 64 65 66 67 56 55 54 53 52 51 50 5 6 7 8 9 10 11 12 13 14 15 16 17 18 19 20 21 22 23 26 27 30 31 32 33 34 35 36 37 38 39 40 41 42 43 44 45 46 47 48 49 4 3
100
38 91 11 8 61 56 35 66 74 65 25 27 24 45 81 13 33 4 100 93 73 41 22 5 40 20 87 76 84 48 42 34 62 46 10 31 52 29 53 32 82 99 78 89 2 72 39 86 43 92 51 97 30 90 18 23 79 71 96 17 44 14 57 58 67 26 85 15 60 37 21 36 6 63 9 16 95 49 1 28 7 77 59 50 3 19 88 83 94 80 55 70 54 69 12 98 64 68 75 47
100
8 10 11 12 14 15 30 32 33 38 40 41 45 48 49 50 52 54 55 56 57 58 63 66 70 72 73 75 77 79 80 84 86 89 91 96 97 99 100 98 95 94 93 92 90 88 87 85 83 82 81 78 76 74 71 69 68 67 65 64 62 61 60 59 53 51 47 46 44 43 42 39 37 36 35 34 31 29 26 25 22 21 17 16 28 27 24 23 20 19 18 13 9 7 6 5 4 3 2 1
96
40 92 31 83 77 26 39 1 88 25 21 18 93 71 91 37 57 32 12 81 76 72 55 28 90 86 45 47 80 50 95 41 96 29 13 61 84 6 7 44 24 5 87 75 23 2 67 60 3 58 68 9 65 4 48 73 42 30 52 63 89 69 36 49 8 62 38 59 17 64 20 11 56 27 70 35 43 22 33 54 34 46 10 66 85 19 82 14 15 53 74 51 78 94 16 79
39
1 27 39 38 37 16 17 18 19 20 21 22 23 24 25 26 28 29 30 31 32 33 34 35 36 15 14 13 12 11 10 9 8 7 6 5 4 3 2
90
1 2 3 4 5 6 7 8 9 10 11 12 13 14 15 16 17 18 19 20 21 22 23 24 25 26 27 28 29 30 31 32 33 34 35 36 37 38 39 40 41 42 43 44 45 46 47 48 49 50 51 52 53 54 55 56 57 58 59 60 61 62 63 64 65 66 67 68 69 70 71 72 73 74 75 76 77 78 79 80 81 82 83 84 85 86 87 88 89 90
3
2 1 3
10
9 10 4 2 3 6 5 1 8 7
98
3 4 5 6 7 9 10 13 16 17 19 21 25 26 27 28 30 31 33 38 41 43 44 45 49 51 52 53 54 55 56 57 58 60 61 63 64 66 67 68 70 72 73 74 75 76 78 79 80 82 83 84 87 92 93 94 95 98 97 96 91 90 89 88 86 85 81 77 71 69 65 62 59 50 48 47 46 42 40 39 37 36 35 34 32 29 24 23 22 20 18 15 14 12 11 8 2 1
36
1 9 10 12 13 20 24 25 26 27 29 30 31 32 35 36 34 33 28 22 21 23 19 18 17 16 15 14 11 8 7 6 5 4 3 2
100
2 3 5 7 8 13 14 15 16 18 19 20 23 25 28 31 36 37 39 40 43 44 47 48 49 53 54 61 62 63 64 66 68 69 70 73 77 86 88 89 91 93 94 96 100 99 98 97 95 92 90 87 85 84 83 82 81 80 79 78 76 75 74 72 71 67 65 60 59 58 57 56 55 52 51 50 46 45 42 41 38 35 34 33 32 30 29 27 26 24 22 21 17 12 11 10 9 6 4 1
99
1 2 3 9 10 12 13 14 15 16 17 19 21 22 23 24 29 30 31 32 33 34 37 40 42 45 46 48 50 54 55 57 58 60 61 62 63 73 74 75 77 78 79 80 82 84 85 87 90 91 93 94 96 99 98 97 95 92 89 88 86 83 81 76 72 71 70 69 68 67 66 65 64 59 56 53 52 51 49 47 44 43 41 39 38 36 35 28 27 26 25 20 18 11 8 7 6 5 4
