100
40 73
3 1
5 4
21 56
66 33
67 33
47 88
40 13
10 63
5 5
24 25
2 71
3 3
49 100
82 100
5 2
2 2
3 2
100 26
1 3
3 4
2 2
94 30
2 3
53 31
5 3
16 100
14 100
1 1
4 2
1 2
48 88
34 100
97 10
29 2
32 32
64 63
9 22
4 1
24 2
2 72
76 30
5 74
4 4
62 30
2 48
42 100
100 25
2 1
32 89
39 2
91 14
1 4
65 17
4 3
37 35
44 50
81 36
37 52
91 75
57 8
12 37
2 4
51 76
84 13
91 97
68 24
2 85
2 2
1 5
5 1
43 100
3 5
7 89
49 64
38 60
88 66
83 93
49 76
41 55
30 52
44 2
75 51
40 56
8 67
95 22
100 18
8 43
14 37
89 8
91 94
95 14
33 19
31 42
2 5
4 5
34 89
79 82
6 47
76 69
