Case #1:
69336.141196349
11812.588556133
6.000000000
64963.916445978
60166.569208399
45837.733364555
64649.081609414
387409.283664282
75484.000000000
64265.092223501
Case #2:
2892.233892600
69560.887515902
1465332.340990171
433019.771726637
Case #3:
5368614.186502320
448459106.000000179
44976.256176674
836138.823940023
64269.000000000
64269.000000000
5368614.186502320
7.000000000
670.733180930
Case #4:
3.000000000
3.000000000
3.000000000
3.000000000
3.000000000
3.000000000
Case #5:
1105795.592939310
38494.195276691
1105795.592939310
Case #6:
2377321.671015518
21340.000000000
2377321.671015518
2377321.671015518
264838722.000000328
2377321.671015518
264838722.000000328
264838722.000000328
264838722.000000328
Case #7:
1809.200129571
10.000000000
7.071067812
7.071067812
Case #8:
91216.999468301
709233.005683963
78213.314226610
709233.005683963
91216.999468301
78213.314226610
Case #9:
1.000000000
2.000000000
Case #10:
5.000000000
6440149.312359478
230897.943052948
436227.013672188
Case #11:
4947.316146882
697.167124870
6510.531193794
77246.000000000
6418.523639534
63125.000000000
24740.133579835
10407.394975880
14255.307157215
3318.327542045
Case #12:
140318.008951966
Case #13:
608758.696498912
608758.696498912
17930.410982462
Case #14:
1.000000000
34235.880508425
734257.743994573
905.467309187
34235.880508425
2.828427125
2314.440658209
201246.044021569
1979.042325363
761.404214425
Case #15:
206.605905046
206.605905046
511.496790036
53261.368569567
Case #16:
310521.520097319
40841.549554345
131.304988481
305.357470238
22936.443813332
131.304988481
1063717.300383895
5747.000000000
3835.704285303
4103.090829341
Case #17:
269240278.999999702
93104.191312744
25476.350602078
Case #18:
949850.507499907
949850.507499907
1207.712403849
5120.448989932
56660.142220451
29946.000000000
7250.401348560
18446.339912930
8984.893685822
1.000000000
Case #19:
311.387218749
913374483.999999523
34368.682631480
125867.226442267
1391298.124698208
2156850.009588061
3.162277660
125867.226442267
32241.720780175
3.162277660
Case #20:
999999999.999999285
Case #21:
718.908759824
2.449489743
718.908759824
273.256265536
Case #22:
29021.038945497
440435462.000000358
152.273112396
39370.745380264
Case #23:
43981.624389641
425.219943088
43981.624389641
5107.706640092
52570.889656358
45203.000000000
Case #24:
5724246.675327684
181.016573827
1.000000000
Case #25:
68459.000000000
68459.000000000
68459.000000000
68459.000000000
68459.000000000
68459.000000000
68459.000000000
68459.000000000
Case #26:
1383661.408222400
6761309.538374064
314725.037484186
1982461.884225773
Case #27:
490381.571154357
2264045.042128280
359900005.692898214
Case #28:
47168.301273207
3629882.654646012
3629882.654646012
47168.301273207
47168.301273207
47168.301273207
Case #29:
47318.698132979
957.340328862
195.344940031
340.450680303
19079.822797919
2.884499141
51175.273669026
1924.497337570
6.000000000
195.344940031
Case #30:
598.591680530
2081.875890122
30648.803386103
2081.875890122
1485.373399411
6794.820773304
1.414213562
49310.283229424
Case #31:
821772673.000000119
Case #32:
307242.954233128
4966.000000000
21527.726860356
57104.477765975
7083.000000000
560.270798026
188.188735051
26986.971203312
21527.726860356
3620070.777200748
Case #33:
38166.596658185
35876.000000000
39366.168342880
3044034.202445826
3044034.202445826
38166.596658185
328.067066314
3593.708858586
38166.596658185
Case #34:
8.000000000
1954.360456161
525834337.841602147
820809.977819565
5359.984991987
349.551362219
164.220283127
5359.984991987
349.551362219
349.551362219
Case #35:
945157209.000000715
9361607.885642566
9361607.885642566
945157209.000000715
Case #36:
30115.059716049
482251.495935912
Case #37:
5877503.427418814
761350466.999999166
1161615.277603436
384037.753768241
5877503.427418814
739720278.523273826
15022774.945936361
5877503.427418814
73003.104516178
66994.421431937
Case #38:
212061.300146517
167078472.965326369
382964424.463588595
4.582575695
45069.034782017
Case #39:
75157.000000000
75157.000000000
75157.000000000
75157.000000000
75157.000000000
75157.000000000
Case #40:
813344.787499517
158426.408886135
88275.000000000
542503.198690815
656742.800959686
1221255.623623490
4289211.745709970
1047034.701102971
251847.920365018
88275.000000000
Case #41:
43126.645687709
32732.037394577
1957.408060764
6774147.569186839
461252364.999999464
790608.649034829
43126.645687709
1957.408060764
Case #42:
24767.779477195
5949.101735098
97818.643729645
971.132997141
27257.368732220
371217998.999999762
40618.706943010
Case #43:
14788.000000000
14788.000000000
14788.000000000
14788.000000000
14788.000000000
14788.000000000
14788.000000000
14788.000000000
14788.000000000
Case #44:
95.675699687
95.675699687
Case #45:
75791.000000000
1639236.180813716
2002506.733519769
62769.000000000
Case #46:
171103.264146359
9458.000000000
2112592.972750433
71020.000000000
3242506.146603275
766992.496013259
429208.499608442
201904.278344425
64385.000000000
463290.763527939
Case #47:
799985842.000000358
Case #48:
54633.885638860
5975025.771428945
667458.307056198
24448.361008460
59833.389426427
59833.389426427
24448.361008460
59833.389426427
6.000000000
36547.352289787
Case #49:
66.823818451
5.885661913
998.498873309
41.264375884
5.848035476
66.823818451
10.000000000
51911.857893934
2998.088037281
Case #50:
2144.632202575
6.000000000
54735.000000000
2.449489743
6.000000000
2.449489743
Case #51:
18983.802753927
1.000000000
18983.802753927
1.000000000
18983.802753927
1.000000000
360384767.000000358
Case #52:
5678.809371959
343144.549931260
1251.537008544
1543.650024946
3.464101615
83979.000000000
3432.995350159
100.257602506
100.257602506
76855.363794598
Case #53:
2.000000000
49953.098131618
183.770823685
7131.435523676
277783.591288979
210191.789951032
183.770823685
63729.070040573
177331.492385094
28586334.019846868
Case #54:
544300188.107834935
539339020.922567129
70135495.660771474
70135495.660771474
29409839.634091102
544300188.107834935
9120400.269144095
9120400.269144095
544300188.107834935
Case #55:
41688.000000000
Case #56:
279153.160996851
2152160.929185364
1054959.736629444
2580.822406980
59315.389502362
96362.000000000
24041.242740625
2580.822406980
24041.242740625
6515.406711171
Case #57:
6115.791195830
144866521.000000209
309392.137019341
766573.666617907
Case #58:
39657.585661492
35933.734456636
322808317.999999523
3224139.180655199
6.000000000
57252.448087396
57252.448087396
39657.585661492
3974.291346220
1019008.046531083
Case #59:
51694658.058810905
89098418.000000119
9258.559769208
691822.290321929
50705387.385059744
220284.416494850
136994.375421649
136994.375421649
61187033.919056103
978384.465725288
Case #60:
3.000000000
155.190205877
Case #61:
2.000000000
2.000000000
2.000000000
2.000000000
2.000000000
2.000000000
2.000000000
2.000000000
Case #62:
949530627.000000119
176234897.999999762
324581495.264773011
385545519.071570098
2.000000000
53163483.152570114
34229.397111190
20216.230855429
53163483.152570114
441750.125718369
Case #63:
248.192229711
163.804247901
Case #64:
427595.863097055
753401.186048972
22661.826315234
8458.378282172
5796.535477810
51092.834049727
403992.415527413
14259.782424392
8458.378282172
40414.817332261
Case #65:
2714.093331623
531.781936677
953.399332910
204.701185948
94.666460416
3.301927249
48.854513599
30.331501776
338.382746281
30.331501776
Case #66:
3.464101615
3.464101615
3.464101615
2.884499141
2.000000000
2.000000000
Case #67:
1012694.701941741
226874.941856657
Case #68:
5268803.882063372
Case #69:
142007.251550560
372486487.185549319
169876075.052436292
124.896896314
Case #70:
5.000000000
5.000000000
5.000000000
5.000000000
Case #71:
11.416383563
68.627340517
9.948756323
1.732050808
1.316074013
9.948756323
1.000000000
57.882540725
1.316074013
254.249877089
Case #72:
68969.000000000
43872.572618781
45700.686580789
45700.686580789
589169.551678760
42323.308707655
68962.426258182
68969.000000000
133639.923893334
43155.721686752
Case #73:
6664.000000000
6664.000000000
59.744095283
Case #74:
3859.052998455
525.334179356
30415.918005738
4363.420253270
90037.760078758
14471.185923735
1227.657678198
30204.827011034
3.000000000
287.471737741
Case #75:
25755466.098070096
1096838.147454764
3280.656706340
7.071067812
30223.410681094
11288.180428040
10.000000000
Case #76:
2812.982817259
747.897051739
60908.091826949
2812.982817259
6.000000000
60908.091826949
747.897051739
2812.982817259
Case #77:
634564.302776978
291845384.013021767
3995027.562274376
41906.264006709
99844.949997484
Case #78:
1.414213562
2.449489743
Case #79:
858.102557973
73634.000000000
73634.000000000
Case #80:
42922.501057138
165.651061441
35.979131986
20.095604335
45.775046287
5.000000000
429.080615519
56.643720057
49.771121226
365.357703514
Case #81:
838609.530392596
403018.587720676
89098.441709283
838609.530392596
85338.325786249
89098.441709283
Case #82:
159963.860866059
259562.601392046
146129.528703325
205253202.000000030
17315934.666429296
944835.019374247
17315934.666429296
146129.528703325
Case #83:
280.042853863
2385625.135123370
280.042853863
5023.847201113
145307.409595535
62918.814355496
22018.737106433
13275.065272909
518801.888306867
8.000000000
Case #84:
5003136.001967074
473729061.000000715
473729061.000000715
5003136.001967074
52269787.722181402
52269787.722181402
4789233.084110852
5003136.001967074
4789233.084110852
434087577.999999821
Case #85:
6491306.686234112
560718.588205649
776252312.000000358
36721.400971515
456844.506518498
24089.196678869
560718.588205649
1933.600448407
628.221793729
18573.714168146
Case #86:
89405485.000000104
89405485.000000104
89405485.000000104
89405485.000000104
89405485.000000104
89405485.000000104
89405485.000000104
89405485.000000104
89405485.000000104
Case #87:
8601.540430875
27043.950580490
157.942108792
3456954.705030426
83909.522704520
83909.522704520
869782.150713303
157.942108792
Case #88:
591.918203319
3130.850024488
2179732.156505086
414258336.628177166
63430.592450277
164367.781997013
7317.361698099
57361.511709175
1218717.968941765
17640826.069451999
Case #89:
83379667.158276483
Case #90:
400883541.309837759
496504069.054642141
443704758.485925615
Case #91:
178832615.000000209
358951181.989754379
358951181.989754379
358951181.989754379
Case #92:
4.000000000
6.000000000
1288.915331249
6.000000000
4.000000000
Case #93:
6885.516820284
7.000000000
6772905.983201011
7.000000000
7.000000000
7.000000000
735.714634647
6885.516820284
7.000000000
6772905.983201011
Case #94:
787.645526503
808.287077714
9.000000000
72592.000000000
174.372566737
9.000000000
174.372566737
8.000000000
73638.000000000
Case #95:
88156.573379414
Case #96:
51552.279968979
51552.279968979
265763757.000000000
51552.279968979
Case #97:
944653697.000001431
4102777.623372121
573976.267295087
Case #98:
307304.228133221
938.051484332
1.000000000
178353575.737140834
223818576.000000179
3567959.182624445
26571206.925715338
1.259921050
81094.000000000
26571206.925715338
Case #99:
52412.761209743
972759.038126762
972759.038126762
3794508.759505640
47236.541469502
47236.541469502
223129085.000000298
Case #100:
8.617738760
8.000000000
8.944271910
