100
4302.00000 2.00000 8604.00000
535.72058 27.92528 426.71610
1282.29592 54.25667 348.76138
1110.62004 41.05550 504.11620
1265.33826 66.16310 189.38
1.06527 99.93281 99999.14012
1.07406 99.08931 99999.31304
6.84 8.4614 871.0
5748.00000 2.00000 11496.00000
9598.00000 2.00000 19196.00000
28.25 57.0 211.9471
5385.0 34.0 11149.0
9998.12725 1.49905 99932.50595
57.20272 17.69482 572.63000
9992.77532 1.15221 99979.89503
51.96625 93.75158 61.27939
56.30453 88.43997 539.87741
585.37072 22.65745 691.76990
9994.36618 1.19839 99962.52163
7752.00000 52.00000 8230.00000
9993.99403 1.31876 99909.15954
9995.63821 1.13684 99904.78636
1.06528 99.99095 99999.67449
479.7773 18.89 238.8
297.32 21.19 746.33
9991.78848 1.49355 99950.76976
93.0 8.0 447.108
1264.32706 6.70457 577.67974
9990.28935 1.45564 99950.01020
639.1960 68.2 333.0
9992.76878 1.08858 99945.29579
7963.0 37.0 70152.0
866.0 33.0 20995.0
4591.0 97.0 30432.0
504.78350 15.96678 21.13535
9990.16104 1.38224 99988.57737
9995.66288 1.10571 99925.30177
2668.0 24.0 46105.0
5742.00000 16.00000 6141.00000
9997.61882 1.32840 99955.78133
3908.0 25.0 98047.0
9993.84232 1.31262 99921.10749
358.76278 94.332 286.50672
9993.13301 1.16472 99958.92625
582.0 26.0 100000.00000
1130.75539 97.25822 916.81102
9994.32500 1.38627 99927.41213
9997.17130 1.28008 99953.39309
6575.0 12.0 97337.0
954.18835 5.08849 881.40749
10000.00000 95.0 198.0
9996.06139 1.36754 99912.68305
9998.78441 1.05328 99921.03666
390.09776 28.00444 731.60096
9995.47922 1.41958 99922.98797
8989.0 97.0 12610.0
1.04054 99.58070 99999.58849
9996.99302 1.36103 99911.18267
9998.49224 1.48377 99968.84556
9990.58117 1.21093 99919.44866
395.8067 71.77576 219.692
66.98530 8.19210 824.90
120.23892 77.69024 332.88086
642.0 2.09145 350.0
9997.53907 1.13656 99975.06434
43.42451 98.02113 411.66622
9993.23806 1.01690 99944.70152
9997.68346 1.46616 99987.11899
3491.00000 2.00000 6982.00000
9996.95289 1.13966 99973.40890
5149.0 78.0 85526.0
9997.21453 1.36319 99965.32544
4974.0 89.0 75908.0
9997.44168 1.36075 99924.90499
2014.0 37.0 310.0
9994.87482 1.28922 99956.90936
430.43773 68.0 1070.66907
236.3451 23.013 689.0
9990.31497 1.18525 99906.55799
9993.26325 1.43399 99990.75166
9993.59568 1.09510 99911.92364
3.08095 95.60496 512.94260
9994.41257 1.12427 99992.72857
606.42696 11.99072 797.13450
227.77447 1.96079 515.04717
980.3714 100.000 987.933
990.42692 94.33400 655.67226
579.76069 39.02947 73.23228
491.502 82.6594 1118.70
7194.00000 39.00000 7307.00000
156.7 3.4 398.9230
245.04250 20.27792 210.23803
7046.00000 95.00000 7686.00000
9990.94556 1.40214 99923.32431
9991.83321 1.08692 99910.07617
9995.64539 1.21782 99936.21368
752.05786 98.39083 1205.33277
2265.0 17.0 71691.0
5643.0 57.0 88482.0
609.96800 98.72270 486.6583
