100
230000 4244 25281 85994 53159 4451 97765 61384 56685
320000 8825 20789 62034 67893 86783 75013 5684 28432
200000 10000 31415 46683 9274 2860 99708 31602 96617
400000 10000 26716 22664 62386 75919 36920 28576 26010
660000 2610 90188 66847 98651 38175 62014 20995 92533
950000 4796 90249 4326 72260 34017 26917 32282 29491
300000 10000 35287 12336 52342 37688 11959 46658 94691
700000 10000 86809 74052 18240 15547 475 9482 15862
250000 6342 11187 18844 80012 70128 16561 81107 41294
300000 10000 95302 54268 7349 70348 11201 68334 91611
100000 10000 2162 82484 79619 75230 56888 64225 71578
800000 10000 72929 50959 7054 58282 51934 28392 35210
270000 6223 66791 48909 99364 60797 39880 77409 39978
100000 10000 46225 80314 74941 76786 65475 20123 85234
740000 6105 797 48989 30432 79297 34591 75908 15389
970000 2333 11492 47047 9243 11397 77639 49933 85680
750000 5646 38257 48695 43620 98614 56933 92105 50712
300000 8095 75167 95058 58913 31898 62777 13070 71204
380000 5655 38276 61049 36019 87333 85142 20631 82360
300000 10000 8808 12559 36693 50065 12535 96267 95300
1000000 10000 1 1 1 1 1 1 997
430000 1149 39937 77963 310 97837 52014 88482 77657
640000 3881 8364 81601 31986 5962 49057 29666 24221
600000 10000 22674 96418 6491 23495 65620 63654 45184
600000 10000 95492 91952 97343 60210 44185 34309 34585
140000 5491 53807 15818 68370 98782 4479 88230 91776
600000 10000 84025 5685 26646 71067 66007 29686 95242
500000 10000 7413 73530 31009 66520 92880 49652 20869
1000000 10000 30799 26486 61960 6873 39678 71556 72281
420000 8113 90252 45057 30176 47751 12285 22972 89893
600000 10000 73578 8759 99685 22758 51599 80580 51465
500000 10000 29717 1392 60532 71650 47829 88211 35516
520000 663 47897 60754 66081 60200 99318 58627 3314
560000 2840 93341 25350 87244 6767 37308 52776 68151
440000 4311 13452 70414 32307 32416 40213 69742 9295
400000 10000 68482 79780 81612 65462 79678 28179 3980
500000 10000 83595 14595 98090 72173 60417 25085 53640
160000 8293 21135 24516 79744 4575 27057 22099 57450
100000 9909 19783 22874 45144 12853 46218 50798 69393
1000000 10000 98253 73111 13559 39850 65699 23678 92490
500000 10000 57161 2754 54942 69473 5971 77301 87468
400000 10000 22173 41553 51001 91308 88206 74067 14083
580000 7492 4976 80952 90222 77920 42502 32772 90853
500000 10000 18249 2984 44710 83756 3037 13763 85667
2 3 1 2 1 2 1 1 9
600000 10000 24 40427 38413 70351 67430 22806 77124
700000 10000 28189 520 58403 796 88216 49365 8612
330000 1667 16495 57788 41348 38130 36794 32463 87264
300000 1215 61370 69491 98576 44647 53610 86381 77330
700000 10000 14840 54819 91552 56093 30843 17924 85978
300000 10000 96784 61290 65654 1305 3589 77927 56761
800000 10000 8330 51181 10189 19378 39337 18238 5683
200000 10000 12305 9039 75833 66568 24206 79702 68605
200000 10000 102 53434 61483 50005 55182 88373 20095
200000 10000 12486 56143 32357 86370 9919 52044 95078
300000 10000 80651 65006 29300 68954 62844 30465 72983
120000 3116 21613 58311 22717 68003 55579 45388 23674
230000 4179 30624 77673 6243 81567 31655 65671 20052
90000 9365 80015 91710 75765 6731 83254 8702 18605
10 10 10001 10002 10003 10004 10005 10006 89273
800000 10000 99026 62311 6721 89844 59911 55431 47775
170000 9281 87631 32922 71390 15884 16724 15881 95844
800000 10000 9245 15395 3653 6068 7065 52473 79527
910000 9522 20508 54757 70564 66849 85630 86062 99694
660000 3042 9434 12730 98118 94639 83744 53057 42958
650000 152 28624 72668 97337 88412 86575 71691 18117
300000 10000 43202 54602 93664 83986 59300 23045 76637
290000 4378 45003 60183 36308 73073 14796 12635 45062
70000 6713 24766 87488 14956 71621 38673 11340 63789
1000000 10000 58258 74164 78307 53592 84100 68766 22038
640000 2322 73006 2181 42783 79016 35897 40752 58068
800000 10000 56646 99256 93228 41314 76582 80459 34824
80000 9618 92034 75385 85526 82178 5149 98047 54525
520000 7330 2740 54636 69381 1247 34006 87022 62209
220000 5355 88507 88348 86690 90743 26965 30006 94821
400000 10000 70217 74955 31548 60835 85675 64238 53782
1000000 10000 100000 100000 100000 100000 100000 100000 100000
100000 10000 95963 31376 48058 88880 96090 35723 36539
800000 10000 71082 46448 91919 77014 88564 56636 67113
850000 7118 51249 33602 66312 51643 8549 31356 54035
410000 3056 85194 85400 11019 58230 55395 16198 55509
700000 10000 24801 15201 15547 71783 76677 57643 20782
870000 3715 67887 89787 72079 64686 71346 61437 7455
700000 10000 57702 71375 44544 24 36775 41561 55315
500000 5159 82273 69066 62966 3145 39644 91763 51516
800000 10000 69437 46716 38583 592 87163 67630 90577
100000 10000 39678 96961 59474 54310 11172 12759 99376
400000 9619 90108 1375 21057 77823 78404 31165 73030
610000 2409 52079 38286 14339 27179 90578 60305 77995
320000 4460 49338 34366 91471 70934 3202 2090 10643
20000 1241 60982 69271 53906 25624 9857 53885 87480
500000 10000 53347 60583 60874 19361 14514 59482 42478
190000 5354 94652 11679 37461 19639 5995 9030 21956
700000 10000 73713 9542 31554 86501 68389 16354 54603
890000 7542 889 61029 35858 1572 86051 32545 85969
100000 10000 57884 35283 9901 59407 60674 35738 81101
800000 10000 2401 51291 25718 56891 38977 94342 8834
200000 10000 23976 73629 70115 99845 2547 7316 7927
350000 9437 57324 10769 1976 55343 24708 85931 82553
810000 6372 1539 78181 44302 53491 25748 9598 11829
