100
1 41 29
3 3 5
25 4 26
20 5 30
2 2 4
3 3 2
3 3 3
10 8 74
9 11 99
3 33 95
1 6 2
3 2 4
5 10 24
3 2 6
1 59 35
2 1 1
1 80 11
3 2 5
10 7 50
1 1 0
10 5 14
2 3 1
2 3 2
1 3 2
10 2 9
8 10 73
2 2 3
2 1 2
1 43 36
1 2 0
3 3 1
1 3 3
3 1 1
2 3 4
1 2 1
9 11 0
1 65 21
3 3 8
2 3 5
3 3 7
34 2 30
12 8 35
10 3 5
20 5 41
7 10 19
14 7 96
1 100 12
1 57 47
7 10 17
98 1 17
2 1 0
20 5 5
81 1 46
12 8 53
1 99 21
20 5 95
3 33 4
10 1 9
1 1 1
2 2 0
14 7 2
2 2 2
4 25 99
3 3 9
3 3 6
3 3 0
3 1 3
12 8 3
1 2 2
1 96 12
3 2 0
1 3 1
100 1 56
100 1 62
2 3 0
1 3 0
2 3 6
3 1 2
11 1 3
80 1 46
14 7 50
2 3 3
2 4 7
91 1 45
30 1 3
3 2 3
3 1 0
12 8 93
3 3 4
10 3 14
9 10 4
4 25 1
9 11 50
3 2 2
6 3 4
1 82 64
3 2 1
2 2 1
81 1 2
7 8 48
