20
2
0 3 0 2 10 2 3 -2
10 3 2 3 8 7 2 0
3
2 1 0 5 10 2 4 0
0 3 0 2 7 1 1 2
3 3 0 5 1 1 2 0
2
3 2 0 2 9 2 3 0
6 1 1 4 6 3 -1 -2
6
3414 2 -25 61 326 54788 -7 61
181452 8 -10 3 6717 12710 2 -498
223505 8 -62 77 280 13242 5 595
101271 3 -16 37 8692 213187 -4 -883
265384 8 -81 89 3249 13934 -5 -37
197549 4 -3 78 2761 22851 -10 560
1
35092 2 85 93 1000000 104605 9 100000
1
12506 9 3 11 1000000 7188 9 100000
10
191256 10 -67 -34 74211 19110 1 83047
5613 10 6 75 839312 43037 1 -64472
24233 10 -61 2 864831 42620 10 -79927
63418 10 -47 41 435425 27527 4 82137
15569 10 23 85 937837 10826 -9 -44359
184455 10 32 47 507175 42024 8 30042
255501 10 -59 -49 130331 4682 -5 78534
1358 10 -65 88 436062 325 9 35010
323808 10 -37 -16 793226 2362 -5 -61699
1664 10 41 95 878243 5907 -9 6798
10
149091 10 -67 19 956480 16906 0 5460
149091 10 -19 53 379935 16906 6 58575
149091 10 -57 16 736910 16906 6 -71638
149091 10 -84 -83 653007 16906 -4 -25551
149091 10 15 74 761146 16906 -3 58030
149091 10 -81 -34 893067 16906 -6 -88942
149091 10 -32 57 872105 16906 6 -77213
149091 10 -99 21 860919 16906 -2 -19544
149091 10 -84 31 67581 16906 8 89569
149091 10 -38 3 882740 16906 -1 -94399
10
15863 10 -50 12 670556 10433 -3 -23140
15863 10 32 74 790030 10433 2 -81331
15863 10 14 94 439395 10433 -5 4250
15863 10 -62 -25 841612 10433 -5 -25286
15863 10 -56 8 797635 10433 -9 56337
15863 10 16 85 605319 10433 2 -60656
15863 10 -73 55 202665 10433 -3 35254
15863 10 -84 85 524450 10433 -3 -7243
15863 10 59 99 800100 10433 1 -76063
15863 10 -53 -11 212628 10433 1 -23365
10
42641 10 -47 -45 274465 13220 2 -29216
549997 10 -46 5 936472 1644 -9 -1703
44521 10 -49 -36 330804 55750 -8 81098
18794 10 -37 -5 191704 4768 4 46216
53432 10 38 51 626531 13814 -8 -66314
13524 10 -4 59 667996 3575 2 55697
53615 10 -33 3 609934 7065 2 82029
91184 10 -91 -5 784236 16 6 -57783
1479 10 -19 92 969890 9071 -5 -24104
201901 10 -24 29 801836 10253 -3 -63171
10
20341 10 23 47 721035 66 -2 64958
20341 10 23 47 473653 66 2 -44118
20341 10 23 47 382129 66 -2 -21774
20341 10 23 47 460439 66 2 380
20341 10 23 47 662938 66 8 60919
20341 10 23 47 88106 66 -1 62658
20341 10 23 47 658986 66 8 58389
20341 10 23 47 659365 66 -1 -7980
20341 10 23 47 949584 66 -8 -97490
20341 10 23 47 986317 66 8 -95244
10
4325 5 -49 80 2708 3884 1 165
21319 8 -94 -69 5176 79302 -10 869
131385 9 39 97 649 34955 -9 290
37176 2 -66 98 2744 211761 -10 331
110788 5 -90 100 7912 7601 -7 -837
204248 6 -57 -40 1259 7458 -2 116
92537 3 -95 -72 2351 44656 2 342
91602 8 -12 46 9321 13620 -2 -929
158450 3 26 36 5692 118952 -1 464
56432 3 -29 -18 9659 201813 -5 622
6
211591 9 -98 64 7590 12000 7 -87
66137 3 52 63 1931 64094 2 180
3041 2 5 89 182 169999 2 819
161704 1 -96 -58 2865 5236 0 -269
337748 5 33 79 9156 36911 -10 217
5269 7 -27 75 8481 972 -9 -492
4
48322 3 53 98 2778 299537 -9 -514
373751 7 -91 92 987 13168 7 212
179746 5 28 70 6440 29540 7 353
2934 7 -22 39 1171 5830 -6 -186
1
9794 5 -38 62 9233 75136 -1 -558
8
73179 9 -66 -53 8594 30490 6 -843
259752 1 -19 35 821 1022 6 -260
13540 10 -18 63 9943 26327 1 148
172868 8 15 70 3813 1754 3 514
66588 7 -62 70 7570 16947 8 -863
9073 10 -70 18 6016 9350 2 -606
59452 3 68 77 6726 86460 8 -452
6551 2 19 38 5159 175580 1 -749
6
12782 5 -37 13 3866 2307 -9 201
22492 5 -90 43 7234 48444 2 746
67909 10 -23 -13 6291 1469 2 -619
93618 8 51 82 2165 67349 -1 705
177092 6 -55 54 7669 44187 8 -560
4096 10 -34 -7 1217 50310 10 549
10
51736 9 46 59 9988 5633 2 -938
164885 10 -83 -73 3862 2460 -5 984
511 3 70 75 2067 2148 9 -545
21385 1 -57 -23 9167 1481 -3 136
277058 9 -16 99 6733 4753 5 -310
17450 3 -85 -73 4413 80015 -6 -619
39668 10 58 91 7113 6846 -10 -775
166382 10 -100 -12 8997 30731 9 -866
10379 8 16 56 8601 179 1 -821
48210 6 18 80 4681 92249 4 -695
6
47657 4 -89 59 1052 19563 4 356
33160 10 -68 -47 120 2972 10 447
166699 9 -98 -2 5257 35789 -8 -395
2798 8 -61 33 7510 9991 -3 -649
44963 2 11 42 3951 162558 6 -514
93774 2 62 93 7835 13032 -7 820
3
7096 6 -3 71 7088 84788 1 -73
23255 3 -11 32 2244 27286 4 739
94936 10 -89 -59 7038 5812 3 -336
