100
1
1 10 10
0
1
1 10 10
1
1 10 10
1
1 10 10
2
1 10 10
1 10 10
6
0 2 1
1 4 0
1 6 0
1 8 0
0 4 0
0 3 0
0
5
1 2 1
1 6 0
1 0 0
1 4 0
1 4 0
2
1 1 1
0 2 0
4
0 6 1
0 0 0
0 8 0
0 8 0
4
1 2 0
1 3 0
0 0 0
1 4 0
6
1 6 0
1 1 0
0 6 1
1 8 1
1 7 2
1 8 0
3
0 3 0
0 2 0
1 0 0
5
1 5 0
1 6 0
1 3 1
1 7 0
0 9 0
5
0 3 1
1 6 0
1 1 0
1 6 0
0 9 0
9
1 7 0
1 7 0
0 9 0
0 3 0
1 3 0
1 0 0
1 0 2
1 6 0
1 0 0
2
1 0 0
1 8 0
5
0 9 0
0 8 0
1 9 1
1 8 0
0 5 0
7
1 7 0
0 1 0
1 2 0
1 8 1
0 2 0
0 8 0
1 9 1
7
0 2 0
0 2 0
1 2 0
1 9 0
1 8 0
0 5 1
1 3 1
6
0 6 0
0 9 0
1 8 0
0 6 0
0 6 1
1 7 0
3
0 3 1
0 4 0
0 0 1
11
0 2 1
1 4 0
0 4 0
1 4 1
0 7 0
0 8 0
1 0 0
0 8 0
1 8 0
0 5 1
1 0 0
2
1 5 1
1 1 0
13
0 5 0
0 4 0
0 5 1
0 3 1
0 1 0
1 4 0
0 0 1
0 3 0
1 7 0
1 0 0
1 6 1
0 8 0
0 2 0
8
1 4 1
0 5 0
0 9 0
0 0 0
0 9 0
0 7 0
0 8 0
1 2 2
8
1 6 0
0 2 1
0 1 0
1 2 0
0 9 0
0 5 0
1 4 0
1 1 0
11
0 7 0
0 4 0
1 3 0
0 5 0
0 1 0
1 2 0
0 5 1
0 2 0
1 2 0
1 6 0
1 8 0
6
1 9 1
0 6 0
1 4 1
1 6 0
1 1 0
0 0 0
16
1 1 0
0 0 1
0 2 0
0 3 0
1 9 0
1 3 0
1 8 1
0 3 0
0 0 0
1 9 1
0 9 0
1 7 0
0 3 0
0 8 0
0 9 1
0 5 0
2
0 7 0
0 6 0
18
1 0 0
0 6 0
1 8 0
0 4 0
1 5 0
0 6 0
0 8 0
0 8 1
1 9 1
1 8 0
1 5 0
1 1 0
0 2 0
1 5 0
0 0 0
1 1 0
1 2 0
0 7 0
1
0 3 0
7
1 9 0
1 6 0
1 7 1
0 8 0
1 0 0
0 7 0
1 4 0
13
0 8 0
0 9 0
0 4 0
0 6 0
0 3 0
0 2 0
1 5 0
0 2 0
1 0 0
1 9 1
1 9 0
1 4 0
0 5 0
13
0 9 0
0 4 0
0 0 1
1 7 0
0 9 0
1 0 1
0 2 0
1 6 0
1 0 1
0 0 0
0 4 0
0 9 1
1 2 0
8
0 4 2
1 6 0
1 1 0
1 0 0
1 7 1
1 5 1
1 7 0
0 2 0
8
0 6 1
1 9 0
0 0 0
0 5 0
1 2 0
1 0 1
0 3 0
0 0 0
14
1 1 1
0 8 0
0 4 1
1 4 1
1 0 0
1 2 0
1 8 0
0 7 1
1 0 0
0 3 2
0 2 2
0 4 0
0 6 0
1 0 0
14
0 2 0
0 8 0
0 3 0
1 9 0
1 2 1
0 8 0
1 0 0
1 8 0
0 0 0
0 8 1
0 1 0
0 1 0
1 2 0
0 2 0
9
1 8 0
0 7 0
1 6 0
0 1 1
1 6 1
1 0 0
1 4 0
1 4 0
1 5 2
22
1 3 0
1 4 0
1 0 0
0 7 0
1 4 1
1 4 0
1 7 1
1 3 0
1 5 0
1 4 0
1 0 0
1 5 0
1 6 1
0 0 0
1 6 0
0 9 1
0 5 0
0 2 0
1 4 0
1 9 0
0 6 2
1 2 0
2
0 2 2
0 6 0
20
1 6 0
1 6 1
1 7 0
1 2 0
0 5 0
1 4 0
1 1 0
1 0 0
1 6 0
1 5 0
1 5 0
1 9 0
1 1 0
0 5 0
0 8 0
1 9 0
0 6 0
0 9 0
1 4 0
1 9 0
5
0 7 0
0 8 0
0 2 0
0 1 2
0 4 0
26
0 6 0
1 4 0
1 8 0
0 4 1
0 8 0
0 3 0
0 9 1
0 1 0
0 7 1
0 2 0
1 2 0
0 4 0
1 2 0
0 8 1
0 9 0
1 6 0
0 3 0
0 0 1
0 5 1
0 0 0
0 4 1
0 3 0
0 0 1
1 0 2
0 3 0
1 4 0
0
8
0 3 0
1 6 0
1 3 0
0 3 0
1 7 0
1 3 0
1 1 0
0 1 1
19
0 7 0
1 3 0
1 8 0
1 8 0
1 5 0
0 4 0
0 5 0
0 9 1
1 9 0
0 3 0
1 4 0
0 8 0
1 9 0
0 1 0
0 0 0
0 1 0
0 3 0
1 2 0
1 2 0
15
0 4 0
0 3 0
0 1 0
1 7 0
1 4 0
0 1 0
0 8 0
1 2 0
1 0 0
0 2 0
1 6 0
0 5 0
1 7 0
1 6 0
1 8 1
13
1 6 0
1 7 0
1 9 0
0 8 0
1 0 0
0 8 0
0 3 0
0 0 0
0 3 0
1 2 0
0 0 2
0 9 0
1 6 0
14
0 7 0
0 2 0
0 3 0
0 7 0
1 8 2
0 9 0
1 0 0
1 7 0
0 5 0
0 2 0
1 1 0
1 6 0
1 2 1
0 8 0
15
0 1 0
1 8 0
1 6 0
0 6 1
1 6 0
1 1 0
1 1 0
1 4 0
0 8 0
0 2 0
0 3 1
0 8 0
0 7 1
1 1 0
0 7 0
26
0 7 0
0 5 1
1 1 0
1 2 1
0 8 0
1 4 1
0 2 0
1 6 0
1 3 1
0 2 1
1 0 1
1 7 0
1 7 0
1 0 0
1 3 0
0 3 0
1 3 0
1 3 0
0 2 0
0 3 1
1 6 1
0 2 0
0 5 0
0 5 0
1 8 0
0 0 0
4
1 0 1
1 5 0
1 4 0
1 5 0
27
1 9 0
0 3 0
0 7 0
0 9 0
1 7 0
1 7 0
1 9 1
0 6 1
1 9 0
0 0 0
0 4 0
1 8 1
0 5 0
1 4 0
1 7 1
0 1 0
0 0 0
1 8 0
1 5 0
1 0 1
1 4 0
1 9 0
0 8 0
1 9 1
0 7 0
0 6 0
1 0 0
4
1 7 0
0 0 0
1 7 0
1 7 0
20
0 1 0
0 5 0
0 9 0
1 6 0
1 4 1
0 5 0
1 7 0
0 1 0
0 9 0
0 2 0
0 8 1
1 7 0
1 7 0
1 9 0
0 3 0
1 5 0
1 7 0
1 7 1
0 3 0
1 6 0
12
0 0 1
0 0 0
0 4 0
1 7 0
1 3 0
1 3 0
0 8 2
1 9 0
1 1 0
1 1 2
1 5 0
0 7 0
19
0 3 0
1 0 0
0 3 2
1 1 1
1 2 1
0 1 0
0 5 0
1 0 0
1 2 0
0 5 1
1 5 0
1 9 0
1 5 0
1 5 0
0 9 0
1 3 0
0 6 2
1 0 1
1 7 1
14
0 0 0
0 2 0
1 1 0
0 0 0
1 6 0
0 0 1
0 3 0
0 5 0
0 9 0
1 7 0
1 7 0
1 3 1
0 1 0
1 9 0
18
1 2 0
0 7 0
0 6 1
1 6 0
0 6 0
0 4 0
1 2 0
1 2 1
1 7 0
0 2 0
1 7 0
0 2 0
0 5 0
0 1 0
1 1 0
0 1 0
0 1 0
0 5 2
16
1 7 0
0 5 0
1 5 1
1 6 0
0 8 0
0 8 1
0 1 1
1 0 0
1 4 0
0 0 0
0 7 1
1 8 0
0 5 0
1 2 0
1 5 1
1 1 0
35
1 6 0
0 6 0
0 4 0
1 2 1
1 0 1
0 7 0
0 2 0
1 5 1
0 2 0
1 8 0
1 5 0
1 3 0
0 6 0
1 9 0
1 2 0
1 7 0
0 5 0
1 8 0
0 4 0
1 6 0
0 1 0
0 6 0
0 1 1
0 8 1
0 1 0
0 2 0
1 5 1
0 1 1
1 8 0
0 7 0
0 2 0
1 1 0
0 7 0
1 6 2
1 2 0
0
13
1 0 0
0 8 0
1 7 2
0 6 0
1 2 2
1 9 0
0 9 0
1 3 0
0 3 2
1 3 1
1 1 0
0 9 0
0 7 0
23
1 5 1
0 7 0
0 2 0
1 7 1
1 6 0
0 6 0
0 7 0
0 3 1
0 8 0
1 2 0
0 9 0
0 5 0
1 5 0
1 1 0
1 9 2
0 5 1
0 7 0
0 2 0
0 6 0
0 6 1
0 4 0
0 7 0
0 7 1
18
1 8 0
0 4 1
1 7 0
0 8 0
0 4 1
0 0 0
0 9 0
0 5 0
1 1 0
0 5 0
0 8 0
1 2 0
1 4 0
0 0 0
1 3 0
1 0 0
1 1 0
1 3 2
19
1 0 0
0 6 0
0 6 0
1 9 0
0 2 2
0 0 0
1 7 0
0 6 0
0 0 0
0 1 1
0 8 0
1 8 0
1 9 0
0 3 0
0 7 0
1 7 0
0 7 0
1 7 0
1 6 0
18
1 3 1
1 5 1
1 8 0
1 9 1
1 0 0
0 4 0
0 3 0
1 8 0
0 0 0
0 0 0
1 6 0
1 7 1
0 9 1
0 4 1
1 8 0
1 1 0
1 1 0
1 3 0
20
0 5 0
1 4 1
0 4 0
1 3 1
1 2 0
0 2 0
0 1 1
1 7 1
0 8 0
0 5 0
1 8 1
1 7 0
1 8 1
0 4 0
1 4 1
0 4 0
1 6 0
0 9 0
0 9 0
0 8 1
10
1 5 0
0 3 0
1 4 0
1 7 0
1 2 1
1 4 0
0 0 1
0 7 2
1 7 2
0 9 0
29
1 2 0
0 8 0
1 5 0
1 7 0
0 4 0
0 4 0
0 8 1
1 9 0
1 8 0
0 7 1
1 2 0
1 6 0
0 0 2
1 5 0
1 8 0
1 8 0
0 2 0
1 3 0
0 6 1
1 4 0
0 3 0
0 7 0
1 5 1
1 4 0
0 3 1
0 0 1
1 7 0
0 4 0
1 3 0
40
0 5 0
1 6 0
0 7 0
1 2 0
1 2 0
1 0 0
1 5 0
1 9 0
1 0 0
0 8 0
1 9 0
1 5 1
1 5 0
1 7 0
0 2 0
0 0 0
1 9 0
1 5 1
1 3 0
1 4 0
0 1 1
0 3 1
0 4 0
0 1 1
1 2 0
0 2 0
0 1 0
0 3 0
1 8 0
1 2 0
1 8 0
1 6 0
0 2 0
0 2 0
0 2 0
1 0 0
1 8 0
0 4 1
0 8 0
0 5 1
0
7
0 5 0
0 8 0
0 3 0
0 8 0
1 6 1
1 3 0
1 5 0
34
1 0 1
0 4 0
1 9 0
1 3 1
0 1 0
0 8 1
1 1 0
1 3 0
1 0 0
1 9 0
0 5 0
0 9 0
1 7 1
1 6 0
1 8 0
0 7 0
0 8 2
0 5 0
0 6 0
0 7 1
1 8 0
1 7 0
0 2 1
1 1 1
1 6 0
1 8 0
0 3 0
1 4 1
0 4 1
0 7 0
0 4 1
1 5 0
1 6 0
0 4 1
26
1 1 0
0 4 0
1 9 0
1 6 0
1 3 0
1 9 0
0 2 0
1 9 0
0 4 1
0 6 0
1 1 0
0 2 0
0 1 1
1 2 0
0 1 0
1 6 0
1 7 1
0 1 0
1 7 0
0 0 0
0 8 0
0 0 0
0 5 0
0 9 0
0 6 0
1 2 0
16
0 9 0
1 0 2
0 0 0
1 0 0
1 4 0
0 4 0
1 8 0
1 5 2
0 9 0
1 1 0
0 5 2
1 8 1
0 2 0
1 9 0
0 4 1
1 0 0
35
0 5 2
0 3 1
0 6 0
0 4 1
1 8 1
0 1 0
0 2 0
1 3 0
0 8 0
0 7 0
0 1 0
0 0 0
1 0 0
1 7 0
0 4 0
1 9 1
1 9 0
0 7 0
0 3 1
1 5 0
1 9 0
1 7 0
0 3 2
1 9 0
1 5 1
1 4 1
1 6 0
1 9 0
1 6 0
0 7 0
0 4 0
0 1 0
1 8 0
1 1 1
1 3 0
8
0 9 0
1 1 0
1 4 0
0 1 0
1 4 0
0 2 0
1 8 1
1 3 1
31
1 0 0
0 7 0
1 9 0
1 6 0
1 9 0
1 5 0
0 6 0
0 9 2
0 8 0
1 5 0
0 0 0
0 5 0
1 5 0
0 0 0
0 7 0
0 1 1
1 9 0
1 7 0
0 0 0
1 8 0
0 6 0
1 2 0
0 3 0
1 1 0
1 9 0
1 3 2
1 5 0
0 8 2
1 6 0
1 8 1
1 1 0
13
0 0 0
0 1 0
0 5 0
1 2 0
0 6 0
1 4 2
0 8 1
1 5 0
1 1 1
0 7 0
1 2 0
1 5 2
1 7 0
40
0 4 0
0 3 0
1 3 0
1 7 2
0 7 0
1 3 0
0 2 0
1 6 0
1 0 0
0 9 0
0 7 0
1 4 0
1 4 0
0 3 0
0 6 0
1 4 0
1 6 1
0 4 0
1 7 0
1 6 0
0 4 0
0 4 0
1 4 1
0 6 1
0 1 0
0 4 0
0 6 0
0 9 1
1 9 0
1 5 0
0 0 1
0 4 0
1 7 0
0 4 0
0 7 0
0 9 1
0 8 0
1 8 0
1 2 0
0 2 0
5
0 6 0
0 9 0
0 8 0
0 9 0
0 2 0
69
1 17 0
1 5 0
1 13 0
0 18 0
0 0 0
1 3 0
0 3 0
0 4 0
0 2 0
1 18 0
1 7 0
1 11 1
0 2 0
0 6 0
0 16 0
0 2 0
0 5 0
1 15 0
1 12 0
1 11 0
0 10 1
1 19 0
0 7 1
0 10 0
0 13 1
1 3 0
0 8 0
1 1 0
0 16 0
0 15 0
0 0 0
0 20 2
1 5 0
1 18 0
0 19 1
0 19 0
1 17 0
1 11 0
0 17 0
1 15 0
1 1 0
0 10 0
1 2 0
0 6 0
1 1 1
1 0 0
0 8 0
1 18 0
0 6 1
1 4 0
0 5 0
1 3 0
1 20 0
0 17 0
1 6 0
0 18 0
1 5 0
1 16 0
0 1 0
1 14 0
1 19 0
0 8 0
0 19 0
1 15 0
0 2 0
1 17 0
0 9 0
0 18 0
0 18 1
11
1 19 0
0 17 2
1 18 0
0 18 0
1 14 0
0 3 0
1 6 1
1 13 2
1 5 0
1 18 0
0 19 0
61
0 7 0
0 6 0
1 19 0
1 19 1
0 8 1
1 9 0
1 15 0
0 3 0
1 0 0
0 20 1
0 8 1
1 15 1
0 12 0
0 9 1
0 2 0
0 6 2
1 2 0
1 11 0
0 10 0
1 18 2
1 14 0
1 1 0
0 19 0
0 14 0
1 3 0
0 0 0
1 1 0
1 6 2
0 11 0
0 0 0
1 16 0
1 10 1
1 19 0
0 4 0
1 17 0
0 3 0
1 3 0
1 20 0
1 11 1
0 7 0
0 8 0
0 11 0
1 12 2
1 0 0
1 19 0
1 3 0
1 1 1
0 0 0
0 10 0
1 7 1
1 2 0
1 19 0
1 10 0
0 16 0
0 10 0
0 10 0
0 8 0
0 12 0
1 13 1
0 16 0
0 19 0
19
1 0 0
0 12 0
0 17 0
1 4 1
1 16 1
0 4 0
0 19 0
0 13 0
1 13 0
0 11 0
1 6 0
1 2 0
1 13 0
0 3 0
1 15 0
1 1 0
0 17 0
0 11 0
1 13 2
4
1 14 0
1 10 0
0 16 1
0 11 0
76
0 20 1
0 12 0
0 12 0
0 13 0
0 16 0
0 13 2
0 18 0
0 10 2
1 17 0
0 14 0
1 18 0
0 4 0
0 2 0
0 10 0
1 14 0
0 15 0
1 10 0
1 12 0
0 5 0
1 13 0
1 19 0
1 13 0
1 2 0
0 14 0
0 14 0
1 2 0
0 3 0
1 0 0
0 10 0
1 10 0
0 11 0
1 19 0
1 11 0
1 9 0
0 15 2
0 1 0
0 18 0
1 1 0
1 17 0
0 1 0
1 18 0
1 8 0
1 6 0
1 2 0
0 0 0
0 19 0
1 11 0
1 3 0
0 1 0
1 9 0
0 8 0
1 19 0
1 5 1
0 16 0
1 3 0
0 5 0
1 14 0
1 4 0
1 17 0
1 16 0
0 3 1
0 3 0
1 7 0
1 6 1
1 6 0
1 0 0
1 3 0
0 4 0
1 12 0
0 1 0
1 13 1
0 10 0
1 20 0
0 2 0
1 18 0
0 2 0
34
0 5 1
1 9 1
0 19 0
1 19 0
0 15 0
0 8 0
1 8 0
0 3 0
1 16 0
1 4 0
0 0 0
1 10 0
1 1 0
1 7 0
1 10 0
1 20 0
1 1 1
1 17 0
0 7 0
0 0 0
0 18 0
0 13 0
0 1 0
0 12 1
0 2 0
0 1 1
0 9 1
0 20 0
1 19 0
0 7 0
0 1 0
0 2 0
1 2 1
0 12 1
46
0 4 0
0 18 0
1 11 0
1 6 0
0 9 0
0 18 0
0 4 0
1 16 0
0 12 0
0 7 0
1 0 0
1 5 0
0 20 0
0 11 0
0 12 0
0 7 0
1 3 0
0 3 0
0 14 0
1 15 0
1 0 0
0 0 0
1 5 0
1 10 0
1 11 0
0 17 0
0 0 0
1 4 0
1 5 0
0 12 0
1 9 1
1 5 0
1 2 2
1 13 0
0 1 0
1 19 0
1 13 0
0 16 0
1 0 1
1 12 0
1 13 0
1 6 0
0 15 0
1 2 0
0 7 1
1 14 0
59
1 20 2
0 18 0
1 14 0
1 18 1
1 6 0
0 1 0
0 5 0
0 14 0
0 4 0
1 19 0
1 7 0
1 17 0
1 15 1
1 7 0
0 10 0
1 15 2
1 13 0
0 14 0
1 9 0
1 4 0
0 7 0
1 10 0
0 13 0
1 11 0
1 5 0
1 17 0
0 17 3
1 1 0
1 0 0
1 10 0
0 16 0
1 13 0
1 8 0
1 12 0
0 2 0
1 13 0
1 0 1
1 4 0
0 1 0
0 8 0
1 5 0
1 20 0
0 13 1
1 13 1
1 15 1
1 17 0
1 4 0
0 14 0
1 7 1
1 8 0
1 12 0
0 8 0
1 0 0
0 14 2
0 8 2
1 15 1
0 3 0
0 18 0
1 15 0
21
0 19 1
0 20 0
1 4 3
0 15 0
0 11 0
1 4 0
1 16 0
1 16 1
0 6 0
0 10 0
1 11 0
0 18 0
0 13 0
1 7 0
0 6 0
1 12 0
1 16 0
1 2 0
0 5 0
0 4 1
1 3 0
72
1 14 0
1 17 0
1 17 0
1 11 0
0 5 0
0 10 1
0 9 0
1 20 0
1 10 0
1 2 0
1 11 0
0 20 0
0 7 1
0 17 1
0 2 0
0 0 1
0 7 0
1 14 0
0 14 0
1 4 0
0 4 0
1 16 2
0 20 0
0 4 0
0 17 0
0 19 0
1 6 0
1 19 0
1 7 0
1 4 0
0 0 0
0 3 0
0 4 0
0 2 0
0 18 4
0 1 0
0 9 1
0 16 0
1 17 2
1 12 0
1 5 2
0 13 1
1 10 0
1 17 0
1 3 0
1 10 0
1 10 0
0 13 0
0 11 1
0 14 0
1 0 2
1 8 1
1 5 0
0 12 0
1 3 0
1 12 0
1 8 0
0 19 0
1 12 2
0 15 3
0 16 0
1 3 0
1 5 2
0 17 0
1 6 0
0 15 1
0 16 0
0 7 0
1 19 0
1 10 0
1 3 0
1 0 0
8
0 16 0
0 5 1
1 18 0
1 0 0
1 19 0
0 7 0
0 0 2
1 14 0
34
1 19 0
0 0 0
1 0 0
0 8 0
0 5 0
1 10 0
1 9 0
0 19 0
0 17 0
1 20 0
1 14 0
1 19 0
1 9 0
0 2 0
1 14 0
1 0 0
0 17 0
0 19 0
0 4 1
1 17 0
1 5 0
1 0 1
0 3 0
1 4 0
0 2 0
0 18 0
1 17 1
1 13 1
0 7 0
0 1 0
0 5 1
1 15 2
1 17 0
0 2 0
46
0 10 0
1 7 0
0 10 0
0 15 0
0 13 0
0 11 0
0 15 0
0 0 0
1 4 0
1 10 0
1 7 0
1 1 0
1 16 0
1 7 2
1 4 0
0 10 0
1 1 0
1 5 0
1 15 0
1 20 0
1 0 1
0 5 0
0 6 1
1 4 0
0 14 0
0 4 0
1 6 0
0 18 0
0 2 0
0 5 0
0 15 0
1 10 1
1 4 0
1 4 0
1 20 0
1 15 0
0 3 0
0 17 1
1 6 1
1 17 1
0 1 0
0 19 0
0 19 0
1 5 0
1 12 0
0 7 0
5
1 3 0
1 19 1
1 16 0
1 15 0
0 8 0
75
0 3 0
1 3 0
0 3 0
0 9 0
1 16 1
1 7 0
0 20 0
0 8 0
1 5 0
1 3 0
1 13 0
0 16 0
1 3 0
1 1 0
0 10 0
1 7 0
1 15 0
1 16 0
0 19 0
0 15 0
1 7 0
1 11 0
0 15 0
1 1 0
1 13 0
0 19 0
0 0 0
0 20 1
0 20 0
0 19 1
1 13 1
1 17 0
0 0 0
1 14 0
0 7 0
0 12 0
0 20 0
0 19 0
0 8 0
0 18 1
1 16 0
1 20 0
0 0 0
0 5 0
0 4 0
1 7 0
0 14 0
1 7 0
0 12 0
0 19 0
0 17 0
1 1 0
0 13 0
1 1 0
1 11 0
0 14 0
0 14 0
0 0 0
1 4 0
1 8 0
1 7 2
1 7 1
1 15 1
1 8 0
1 6 0
1 9 0
1 17 1
1 7 0
1 15 0
1 18 0
1 16 0
0 6 0
0 12 0
0 12 0
1 17 0
19
1 3 0
0 15 0
0 14 2
0 15 0
0 6 0
0 15 0
1 17 0
0 17 0
0 6 0
0 18 0
1 2 0
0 19 1
0 19 0
1 12 0
0 10 0
1 7 0
1 9 0
0 3 0
0 13 0
61
1 18 0
1 14 0
0 17 0
1 20 0
1 4 2
0 1 0
1 17 0
1 1 0
1 3 0
0 4 0
0 16 0
1 9 1
0 15 1
1 5 0
0 3 0
1 14 0
0 4 0
1 15 0
0 2 0
1 5 0
0 2 1
1 15 0
1 6 0
0 18 1
0 13 0
1 1 0
0 8 1
0 6 0
1 11 1
0 8 1
1 15 0
1 2 2
1 0 0
1 0 1
1 18 0
0 13 0
0 13 0
0 8 0
0 7 0
0 20 0
0 2 0
0 14 1
0 16 0
1 19 1
0 6 0
1 17 1
1 7 0
1 20 0
1 18 2
1 0 2
1 7 0
0 4 0
1 16 0
1 7 0
1 13 1
1 5 0
1 19 1
1 4 0
1 12 0
0 18 0
1 1 0
20
0 20 20
0 20 20
1 20 20
0 20 20
0 20 20
1 20 20
1 20 20
0 20 20
1 20 20
0 20 20
0 20 20
1 20 20
0 20 20
0 20 20
1 20 20
0 20 20
0 20 20
1 20 20
0 20 20
1 20 20
60
0 20 20
1 20 20
0 20 20
0 20 20
1 20 20
0 20 20
0 20 20
1 20 20
1 20 20
1 20 20
1 20 20
0 20 20
1 20 20
0 20 20
1 20 20
0 20 20
0 20 20
0 20 20
1 20 20
0 20 20
1 20 20
0 20 20
0 20 20
0 20 20
1 20 20
0 20 20
0 20 20
0 20 20
0 20 20
1 20 20
0 20 20
1 20 20
1 20 20
0 20 20
1 20 20
0 20 20
0 20 20
0 20 20
0 20 20
0 20 20
1 20 20
0 20 20
0 20 20
0 20 20
0 20 20
0 20 20
0 20 20
1 20 20
0 20 20
1 20 20
1 20 20
1 20 20
1 20 20
0 20 20
0 20 20
1 20 20
0 20 20
0 20 20
1 20 20
0 20 20
64
1 11 0
0 19 0
0 10 0
1 9 0
0 8 0
1 18 1
0 13 0
0 20 0
0 1 1
0 14 0
0 9 0
1 17 0
0 19 0
0 3 0
1 19 0
0 13 0
1 11 0
1 6 0
1 20 0
0 8 0
0 1 0
1 20 1
1 7 0
0 6 1
0 12 0
1 1 0
0 9 0
1 14 0
1 7 0
1 8 0
1 12 0
1 14 0
1 11 0
0 18 0
0 10 0
1 11 0
1 3 1
0 1 0
0 11 1
1 17 0
0 20 0
1 6 0
0 10 0
0 2 1
1 6 0
1 16 0
1 20 0
1 9 0
0 18 0
1 11 0
1 1 0
1 20 0
0 17 0
1 4 0
1 17 0
1 14 1
0 9 0
1 2 0
1 4 0
1 3 0
0 3 0
0 2 0
1 0 0
1 15 0
16
1 7 0
1 9 0
1 11 1
0 13 0
0 16 0
1 14 0
0 19 0
1 3 0
0 5 0
1 2 0
0 0 0
1 15 0
0 6 2
1 14 1
1 2 0
1 19 0
55
0 12 0
0 6 0
1 18 0
1 14 0
1 15 0
1 14 1
0 2 0
1 2 0
0 10 0
0 4 0
1 16 0
0 10 0
1 1 0
1 12 0
0 4 0
1 0 0
1 11 0
1 7 0
0 8 0
0 9 0
1 2 0
1 0 0
0 17 0
1 8 0
1 11 0
1 7 0
0 15 3
1 11 0
0 7 0
0 14 0
1 19 0
1 13 2
0 19 0
1 18 1
1 0 0
0 20 2
0 1 0
1 9 1
1 5 1
0 10 0
0 7 0
0 5 1
0 15 0
0 9 0
1 16 0
1 20 0
1 7 0
1 7 0
1 15 0
0 2 0
1 8 0
0 17 0
0 20 0
0 7 0
0 13 1
25
0 16 0
0 1 1
0 12 0
1 10 0
0 9 0
0 10 0
1 16 1
1 16 0
0 2 1
0 12 0
0 2 0
1 5 0
0 4 0
1 5 1
1 1 2
0 1 0
0 10 0
1 3 0
1 20 1
1 6 0
1 0 2
0 6 0
1 12 0
1 0 0
0 13 1
32
0 9 0
0 6 0
0 13 0
1 17 0
0 8 1
1 15 0
0 16 0
0 20 1
0 18 0
0 5 0
1 8 1
0 17 0
1 15 0
0 13 0
1 3 0
0 19 0
1 9 0
1 9 1
1 3 0
0 4 0
0 14 0
1 5 0
0 17 0
0 11 0
1 5 4
1 16 0
0 7 1
0 3 0
1 15 0
1 18 0
0 7 0
0 14 0
48
1 8 0
0 18 0
1 9 0
1 20 0
0 1 0
1 0 0
1 19 0
1 3 0
1 3 0
1 11 0
0 17 0
0 6 0
0 17 0
1 17 1
1 3 1
0 6 0
1 11 0
1 17 0
0 18 0
1 4 0
0 13 0
1 0 0
1 14 0
0 7 0
0 6 0
1 12 0
1 20 0
0 10 0
0 12 0
1 9 0
0 14 0
1 5 0
1 18 1
1 20 0
1 14 0
0 11 0
0 9 1
0 9 0
0 3 0
1 1 0
0 14 1
1 7 0
0 17 0
0 16 0
1 9 0
0 6 0
1 6 1
0 4 0
59
1 1 0
0 7 0
1 13 0
0 4 0
0 0 0
1 9 0
0 5 0
0 14 0
0 7 0
1 1 0
1 12 0
0 8 0
1 4 1
0 3 0
0 18 0
0 7 0
1 17 0
0 6 0
0 0 0
0 13 0
0 18 1
1 18 0
1 6 0
1 5 0
0 13 0
0 18 0
1 11 0
0 12 0
0 17 2
0 20 0
0 9 0
0 9 0
0 11 0
1 9 2
0 0 0
1 2 0
1 13 0
1 8 0
0 13 0
1 1 1
0 1 0
1 18 0
0 4 0
1 9 0
1 15 0
1 3 0
1 19 0
0 8 0
0 19 0
0 20 0
0 17 0
0 19 0
0 15 0
1 9 0
1 4 0
0 10 1
1 12 0
0 9 0
1 13 0
21
0 12 0
0 7 0
1 7 0
1 5 0
0 9 0
0 0 0
1 17 0
0 15 0
0 13 0
0 2 0
0 4 0
1 4 1
0 4 2
1 15 1
0 15 0
1 16 0
1 11 0
0 13 0
1 14 0
1 15 0
1 2 1
68
0 15 0
0 16 0
1 0 1
1 7 0
1 10 0
1 1 0
1 11 0
0 18 0
0 4 0
0 13 0
1 18 1
0 14 0
0 9 0
0 7 1
0 8 0
0 12 1
1 13 0
1 19 1
1 18 1
1 18 0
0 16 0
0 15 0
1 11 0
1 13 0
0 3 0
1 3 1
1 6 0
0 11 0
1 5 0
0 16 0
0 0 0
1 1 0
0 18 0
1 18 1
1 5 0
1 10 0
0 13 0
0 16 1
1 20 0
1 0 0
0 17 0
1 16 2
1 16 0
0 16 0
0 9 1
0 11 0
0 14 0
1 19 0
1 18 1
1 15 0
1 7 1
1 7 0
0 1 0
1 16 0
1 15 0
1 2 0
0 8 0
1 16 0
0 2 0
0 13 0
1 17 0
1 11 0
0 19 0
1 17 0
1 13 0
1 20 0
0 9 1
0 0 0
12
0 9 0
0 9 0
1 14 0
1 18 0
1 17 1
1 2 0
0 17 1
1 0 0
1 14 1
0 7 1
0 14 0
0 13 0
13
1 19 0
0 13 0
0 18 0
1 5 0
1 4 0
1 0 0
0 15 0
0 2 0
0 18 0
0 7 1
0 7 0
0 1 0
1 3 0
67
0 1 1
1 5 0
0 14 0
0 18 0
0 2 0
0 16 0
1 13 2
1 17 0
0 19 0
0 4 0
1 16 0
1 19 3
1 17 2
0 11 0
0 17 1
0 14 0
0 14 0
1 10 0
1 8 1
0 20 0
1 10 0
0 2 0
0 7 0
1 16 0
1 3 1
1 9 0
0 10 0
1 20 0
0 19 0
0 8 2
1 17 0
0 19 0
0 2 0
1 16 1
0 9 0
1 9 0
1 20 0
0 11 0
1 20 0
0 10 0
1 13 0
0 9 2
1 8 0
0 0 0
1 6 0
0 2 0
1 13 1
1 3 0
1 11 0
0 16 1
0 16 1
1 0 0
1 8 1
0 4 0
0 20 0
1 2 0
1 6 0
0 3 0
1 9 0
0 1 0
1 5 0
1 2 1
1 0 0
0 8 0
0 13 0
0 17 0
1 12 0
49
0 4 0
1 0 0
0 0 0
0 4 0
0 4 1
0 3 0
0 19 0
1 0 0
1 17 0
1 12 0
1 13 0
0 20 1
1 5 0
0 9 0
1 5 0
0 0 0
1 2 1
1 19 0
1 19 0
0 15 2
0 15 1
1 10 0
0 6 0
1 9 0
0 8 0
0 3 0
0 3 0
0 9 0
1 7 0
1 20 0
0 6 0
0 4 0
1 11 0
1 17 0
1 9 0
0 19 0
1 14 0
1 8 0
0 20 0
0 5 0
1 1 0
1 15 0
0 14 0
1 19 0
0 6 0
1 17 0
1 12 1
0 19 0
0 12 0
31
1 14 0
0 1 0
0 10 0
1 19 0
1 2 3
0 2 0
1 19 0
1 19 0
0 16 2
0 14 0
0 3 2
0 16 0
1 17 1
0 0 0
0 9 0
1 3 0
1 14 0
0 16 0
0 10 1
0 9 0
1 10 0
0 13 1
1 18 0
0 18 0
0 17 0
0 1 1
0 0 0
1 4 0
0 3 0
0 13 0
1 16 0
9
1 6 0
1 4 0
1 8 0
1 5 0
0 3 0
0 2 1
0 14 0
0 3 1
0 13 0
71
1 8 0
1 1 0
0 16 0
1 18 0
1 1 0
0 3 0
1 1 0
1 9 0
1 2 0
0 1 0
0 19 1
0 10 0
0 6 2
0 17 0
1 4 0
0 4 1
1 0 0
1 1 0
0 2 0
0 3 1
1 2 1
1 1 0
1 7 1
1 5 0
1 1 0
0 19 0
0 17 0
1 5 0
0 12 0
0 11 0
0 2 0
0 4 0
1 19 0
1 16 0
0 18 0
1 10 0
0 2 1
0 19 0
1 16 0
0 0 0
1 20 0
0 8 0
1 15 0
1 10 3
1 11 0
0 20 0
0 2 1
0 9 0
0 0 0
0 17 2
0 18 0
1 7 0
1 18 0
0 13 0
1 18 2
0 19 0
1 14 0
0 20 1
0 8 1
1 10 0
1 12 0
0 10 1
1 7 0
1 6 1
0 19 0
0 14 0
1 11 2
1 0 0
0 5 1
1 4 1
1 19 0
61
1 13 1
0 10 0
1 7 0
1 20 0
0 10 0
1 10 0
1 20 0
1 11 0
0 20 0
0 19 0
0 11 0
0 12 0
0 2 1
1 16 0
1 17 0
1 16 0
0 15 0
1 10 0
0 1 0
1 1 0
0 15 0
1 12 0
1 3 4
0 7 0
0 2 0
1 15 0
1 7 0
0 14 0
0 8 0
0 8 0
1 9 0
0 18 0
1 5 0
0 0 0
0 12 0
0 0 0
1 8 2
0 13 0
1 17 0
0 2 0
0 5 0
1 18 0
0 8 1
0 20 0
0 6 0
0 6 0
1 18 0
1 19 1
0 14 1
1 17 2
1 11 0
0 15 0
0 19 0
0 5 0
1 4 1
0 6 1
0 14 0
1 12 0
0 1 0
0 4 0
1 14 0
19
1 17 0
1 15 0
1 16 0
0 20 0
1 17 0
1 10 0
0 6 0
0 10 0
0 10 0
0 0 0
0 5 0
0 16 0
1 17 0
0 1 0
0 15 0
1 14 0
0 13 1
1 0 0
1 15 0
24
1 3 4
1 1 2
1 6 0
0 9 0
1 12 0
1 1 0
1 11 0
1 11 0
0 3 2
0 2 0
1 18 0
0 3 0
1 15 0
0 2 0
1 6 2
0 16 0
1 8 0
1 14 2
1 2 0
0 19 0
0 6 0
0 7 1
1 4 0
1 8 0
56
1 20 1
0 15 0
0 15 0
0 2 0
0 7 0
0 14 0
1 10 0
0 11 0
1 16 0
0 10 0
0 19 0
0 15 1
0 5 0
1 14 0
0 12 0
1 5 0
0 16 0
0 4 0
0 16 0
0 17 0
0 13 0
1 10 0
0 8 1
1 0 0
0 5 0
0 2 0
1 1 0
1 7 1
0 0 0
0 13 0
1 19 0
1 16 1
0 18 0
0 10 0
0 15 3
1 0 3
1 9 0
0 16 0
0 1 1
1 12 0
1 6 0
1 4 0
0 12 1
1 3 0
1 5 0
1 11 0
1 3 2
0 2 0
0 13 0
1 2 2
0 9 1
0 11 0
1 2 0
1 0 1
0 13 0
1 5 0
5
0 20 20
1 20 20
1 20 20
1 20 20
1 20 20
75
1 20 0
1 20 0
0 20 0
1 20 0
1 20 0
0 20 0
0 20 0
1 20 0
1 20 0
0 20 0
1 20 0
1 20 0
1 20 0
1 20 0
0 20 0
1 20 0
0 20 0
1 20 0
0 20 0
0 20 0
1 20 0
1 20 0
0 20 0
0 20 0
0 20 0
0 20 0
1 20 0
1 20 0
0 20 0
1 20 0
0 20 0
0 20 0
0 20 0
0 20 0
0 20 0
1 20 0
0 20 0
0 20 0
1 20 0
0 20 0
0 20 0
1 20 0
1 20 0
0 20 0
1 20 0
0 20 0
1 20 0
1 20 0
0 20 0
0 20 0
1 20 0
1 20 0
0 20 0
0 20 0
1 20 0
0 20 0
0 20 0
0 20 0
1 20 0
0 20 0
0 20 0
1 20 0
1 20 0
0 20 0
1 20 0
1 20 0
1 20 0
0 20 0
1 20 0
0 20 0
1 20 0
0 20 0
1 20 0
0 20 0
0 20 0
43
0 18 0
0 16 0
0 4 1
0 2 0
1 11 0
0 11 0
1 15 2
1 3 0
1 19 0
1 15 0
0 5 0
1 16 1
1 3 1
0 12 0
1 11 0
1 1 0
1 7 0
0 14 0
1 20 0
1 13 1
0 1 0
0 15 0
1 14 0
1 8 0
0 6 0
0 17 0
0 20 0
1 13 0
1 19 0
1 8 0
1 18 0
1 15 0
0 0 0
1 10 1
0 7 1
1 7 0
1 10 0
0 15 0
0 17 0
1 8 0
1 5 0
0 9 0
0 7 0
37
1 19 1
1 20 0
0 15 0
0 19 0
0 0 0
1 16 0
1 9 0
1 9 0
1 14 1
1 1 0
1 12 0
1 8 0
1 15 0
0 16 0
0 3 1
1 9 0
0 12 0
1 4 1
1 9 0
1 6 0
0 3 0
0 0 0
0 0 0
1 16 0
0 3 0
0 17 0
1 12 0
1 15 0
0 13 0
0 5 0
0 10 0
0 6 0
0 16 0
0 4 0
1 1 0
0 12 0
0 7 1
30
0 19 0
0 0 0
0 8 0
1 18 2
0 10 0
0 1 0
0 1 0
0 15 0
1 5 0
1 16 0
0 6 0
0 9 0
1 16 2
1 2 1
0 15 3
0 6 0
1 5 0
1 18 0
1 15 0
0 10 0
0 18 0
0 18 0
1 8 0
0 20 1
1 11 0
0 7 0
0 5 0
0 8 0
0 14 0
0 4 0
50
0 3 0
0 6 1
0 9 0
0 17 0
0 0 0
1 13 0
1 2 0
1 12 1
1 15 0
0 6 0
0 9 0
1 0 0
0 6 0
1 7 0
0 10 0
0 3 0
1 0 0
1 19 0
1 5 0
0 11 2
0 18 0
0 19 2
0 18 0
0 16 0
1 18 0
1 0 0
0 17 0
1 15 0
1 8 0
0 1 0
1 9 0
1 8 0
0 12 0
1 13 0
1 4 0
0 4 0
1 2 0
0 15 0
0 12 0
1 19 1
0 4 0
1 9 0
0 19 0
0 20 0
0 1 0
0 4 1
0 3 0
1 10 2
0 20 0
0 16 0
76
0 2 0
1 12 0
0 17 0
0 7 0
0 16 0
1 10 2
1 20 1
1 5 0
1 9 0
0 14 0
1 19 0
1 1 0
0 17 1
1 16 0
1 11 0
1 6 0
1 6 1
0 20 0
1 1 1
0 18 1
1 7 0
0 16 1
1 19 0
1 0 1
0 5 0
0 15 0
1 4 0
0 20 0
1 20 1
0 20 0
1 4 0
1 16 0
0 2 0
1 2 1
1 7 0
0 12 0
0 20 0
1 9 0
0 20 0
0 14 0
0 18 0
1 18 0
1 1 0
1 4 0
1 17 0
1 6 0
0 7 0
1 8 0
0 13 0
1 0 0
1 2 0
0 4 0
0 0 1
0 18 0
0 2 0
1 12 0
0 11 0
1 17 0
1 1 0
0 1 0
0 9 0
0 4 0
1 17 0
1 9 0
1 13 0
0 14 0
1 20 0
0 7 0
1 15 0
1 4 0
0 0 0
1 7 0
0 7 0
1 5 0
1 0 0
0 0 0
4
0 15 0
1 18 0
0 19 0
0 6 0
5
1 14 0
1 0 3
0 14 0
1 3 0
0 20 0
75
1 10 0
0 5 0
0 13 0
0 13 0
0 20 0
0 20 0
1 15 0
0 7 0
0 19 0
0 7 0
1 7 0
1 16 2
1 14 0
0 7 3
1 5 0
0 14 0
1 2 0
1 2 0
0 10 0
0 18 0
1 10 0
1 4 0
0 10 0
1 8 0
0 17 0
1 17 0
0 20 0
0 1 0
0 5 0
1 19 0
1 20 0
0 7 0
0 7 3
0 4 0
1 13 0
1 8 0
1 16 0
0 20 0
0 4 0
1 20 0
1 2 0
1 18 0
0 19 0
0 13 0
1 15 0
1 0 0
0 6 1
1 19 1
1 20 0
1 6 0
1 8 1
1 20 0
1 20 1
1 13 1
1 6 0
1 8 1
1 7 0
0 12 0
0 13 0
0 14 0
0 5 1
0 13 0
0 12 2
0 1 1
0 9 0
0 13 0
1 0 2
1 18 1
1 12 1
0 14 0
0 16 0
1 9 1
1 0 0
1 11 0
0 18 0
30
1 14 0
1 20 0
0 3 0
1 2 1
1 4 0
0 8 0
0 19 0
0 11 0
1 1 1
1 8 0
0 17 0
1 16 1
0 9 0
1 8 0
0 0 1
1 20 0
0 10 0
1 0 2
1 9 0
1 9 1
1 6 0
0 18 0
1 13 0
1 11 0
0 14 0
0 15 0
1 20 0
1 0 0
1 17 0
0 19 0
50
0 13 0
0 14 0
0 0 0
1 16 0
1 3 0
1 1 0
1 12 0
1 0 0
0 15 1
0 16 2
1 2 2
1 15 0
0 19 0
0 15 0
1 13 1
1 10 0
0 2 0
1 11 0
1 1 0
0 14 0
0 5 0
0 3 0
0 13 1
0 3 0
0 6 0
0 11 1
1 15 0
1 8 0
0 5 3
1 1 0
0 17 1
1 4 0
1 20 0
0 12 0
1 8 0
0 3 0
1 12 0
0 11 0
1 12 0
0 7 0
0 19 3
0 9 1
1 6 0
1 20 0
1 0 0
0 12 0
0 6 0
0 15 0
1 6 0
0 14 0
80
0 20 20
0 20 20
1 20 20
0 20 20
0 20 20
0 20 20
0 20 20
1 20 20
0 20 20
0 20 20
1 20 20
1 20 20
1 20 20
0 20 20
1 20 20
0 20 20
1 20 20
0 20 20
1 20 20
0 20 20
0 20 20
1 20 20
1 20 20
0 20 20
1 20 20
1 20 20
0 20 20
1 20 20
1 20 20
1 20 20
1 20 20
1 20 20
1 20 20
0 20 20
0 20 20
1 20 20
0 20 20
0 20 20
1 20 20
0 20 20
1 20 20
1 20 20
0 20 20
0 20 20
0 20 20
1 20 20
0 20 20
1 20 20
1 20 20
1 20 20
0 20 20
1 20 20
1 20 20
0 20 20
1 20 20
1 20 20
0 20 20
1 20 20
0 20 20
1 20 20
1 20 20
1 20 20
1 20 20
0 20 20
0 20 20
0 20 20
1 20 20
1 20 20
1 20 20
0 20 20
0 20 20
1 20 20
0 20 20
0 20 20
0 20 20
0 20 20
0 20 20
1 20 20
1 20 20
0 20 20
0
10
1 20 20
1 20 20
1 20 20
1 20 20
1 20 20
1 20 20
1 20 20
1 20 20
1 20 20
1 20 20
70
1 20 0
1 20 0
1 20 0
1 20 0
1 20 0
1 20 0
1 20 0
1 20 0
1 20 0
1 20 0
1 20 0
1 20 0
1 20 0
1 20 0
1 20 0
1 20 0
1 20 0
1 20 0
1 20 0
1 20 0
1 20 0
1 20 0
1 20 0
1 20 0
1 20 0
1 20 0
1 20 0
1 20 0
1 20 0
1 20 0
1 20 0
1 20 0
1 20 0
1 20 0
1 20 0
1 20 0
1 20 0
1 20 0
1 20 0
1 20 0
1 20 0
1 20 0
1 20 0
1 20 0
1 20 0
1 20 0
1 20 0
1 20 0
1 20 0
1 20 0
1 20 0
1 20 0
1 20 0
1 20 0
1 20 0
1 20 0
1 20 0
1 20 0
1 20 0
1 20 0
1 20 0
1 20 0
1 20 0
1 20 0
1 20 0
1 20 0
1 20 0
1 20 0
1 20 0
1 20 0
24
1 12 0
0 14 0
1 18 1
0 10 0
0 18 0
1 20 0
0 12 0
0 1 0
1 18 0
0 16 0
1 18 0
1 15 0
1 10 0
0 14 0
0 17 0
1 20 1
0 1 0
0 0 1
1 7 0
1 1 0
1 6 0
0 5 0
1 20 0
1 10 0
56
0 15 1
1 4 0
1 7 0
0 1 2
0 6 0
0 17 0
0 2 2
0 17 0
1 10 0
1 17 0
1 7 0
0 3 0
1 7 0
1 3 0
0 19 0
1 7 0
1 20 1
1 16 0
0 7 0
1 16 0
1 6 0
1 5 0
1 18 0
1 8 0
0 1 0
1 6 1
0 2 0
0 1 0
0 18 1
1 2 0
0 14 0
0 8 0
0 5 0
0 3 1
1 15 0
0 14 0
1 8 0
0 15 0
0 0 0
1 3 0
1 13 2
1 20 1
0 9 0
1 8 0
0 13 0
0 19 0
1 17 0
0 16 0
1 9 0
1 6 0
1 20 0
1 10 3
0 0 0
1 4 0
0 0 1
0 11 0
8
0 5 3
1 15 0
1 1 0
1 1 0
1 4 0
1 0 0
0 15 0
0 1 0
72
0 0 0
0 18 0
0 15 0
1 4 0
1 11 0
0 17 0
0 20 0
1 14 0
1 2 0
0 11 0
0 8 0
1 14 0
1 4 2
1 18 0
1 4 0
0 4 0
0 6 0
1 1 0
1 4 0
1 20 0
1 8 0
0 4 0
0 7 0
0 14 1
0 7 0
0 3 0
0 16 0
1 13 0
1 7 1
0 14 0
0 6 0
0 18 0
1 13 0
0 2 0
0 9 0
1 18 0
1 10 0
1 16 0
0 1 0
0 17 1
0 14 2
1 9 0
1 15 0
1 20 0
0 19 0
0 3 0
1 19 0
1 10 0
0 3 0
1 12 1
0 18 1
1 9 1
0 18 1
1 9 0
1 3 0
0 15 0
1 5 2
1 5 0
0 12 2
0 18 0
1 0 3
0 3 0
0 0 1
1 17 0
0 11 0
1 12 0
0 19 1
1 9 0
0 14 0
0 15 0
1 6 0
0 6 0
20
1 9 0
0 2 0
1 3 2
0 5 0
0 14 0
0 19 0
1 18 0
0 1 0
1 9 0
1 8 2
0 2 0
0 11 0
0 16 0
1 3 2
1 3 0
1 18 0
1 19 0
1 3 1
0 17 0
1 12 0
60
1 18 1
1 9 0
0 17 0
1 16 1
0 11 0
1 5 0
0 7 0
1 17 1
0 20 0
1 4 0
1 5 0
0 17 4
1 8 0
0 1 1
0 16 0
1 20 2
1 8 0
1 1 0
0 7 1
0 11 2
0 17 0
1 7 0
0 6 1
1 18 0
1 18 0
1 19 0
0 5 0
1 9 0
0 19 0
0 15 0
1 18 0
0 6 0
0 9 1
1 7 0
0 13 0
1 13 0
1 6 1
0 6 0
1 2 0
0 1 0
0 15 0
1 6 0
0 14 0
1 9 0
0 2 0
1 6 0
0 10 0
0 13 1
1 0 0
0 10 0
1 4 0
1 19 0
0 6 0
0 11 0
1 4 0
0 6 0
0 3 1
1 5 0
0 2 0
0 0 0
10
0 20 20
1 20 20
1 20 20
1 20 20
1 20 20
1 20 20
1 20 20
1 20 20
1 20 20
0 20 20
70
0 20 20
0 20 20
1 20 20
0 20 20
1 20 20
0 20 20
1 20 20
0 20 20
1 20 20
1 20 20
0 20 20
1 20 20
0 20 20
0 20 20
1 20 20
1 20 20
1 20 20
0 20 20
1 20 20
0 20 20
1 20 20
1 20 20
1 20 20
0 20 20
0 20 20
1 20 20
0 20 20
1 20 20
0 20 20
0 20 20
0 20 20
1 20 20
0 20 20
1 20 20
1 20 20
0 20 20
1 20 20
0 20 20
0 20 20
0 20 20
1 20 20
1 20 20
1 20 20
1 20 20
1 20 20
1 20 20
0 20 20
0 20 20
0 20 20
0 20 20
0 20 20
0 20 20
1 20 20
0 20 20
0 20 20
1 20 20
0 20 20
0 20 20
1 20 20
1 20 20
1 20 20
0 20 20
1 20 20
1 20 20
0 20 20
1 20 20
1 20 20
1 20 20
0 20 20
0 20 20
29
1 18 0
0 12 0
1 17 1
0 13 0
1 17 0
0 9 0
0 8 0
0 14 0
1 15 0
0 17 0
0 18 1
0 18 1
0 7 0
1 9 0
1 19 0
0 10 0
1 17 0
0 18 0
1 0 0
0 9 0
0 12 1
0 1 0
0 5 0
0 7 2
0 3 0
0 17 0
1 4 0
0 9 0
0 13 0
51
1 5 2
1 9 0
0 10 0
1 10 0
1 10 0
0 1 0
1 13 0
1 10 1
1 15 0
0 6 0
1 6 0
0 1 0
0 20 0
0 20 0
1 20 0
0 5 0
0 9 0
1 14 0
1 20 1
0 5 0
1 8 0
1 20 0
0 18 0
1 11 0
0 5 0
1 0 3
1 7 0
1 3 0
1 2 0
1 7 0
0 19 1
1 20 0
0 6 0
1 14 1
1 1 0
0 10 0
0 8 0
0 2 0
1 5 1
0 16 0
0 2 1
0 8 1
0 16 0
1 19 0
0 14 0
1 1 0
0 2 0
1 5 0
0 2 0
0 6 0
0 19 0
15
1 20 20
0 20 20
1 20 20
1 20 20
1 20 20
0 20 20
1 20 20
0 20 20
1 20 20
0 20 20
0 20 20
1 20 20
1 20 20
1 20 20
0 20 20
65
0 20 20
0 20 20
0 20 20
1 20 20
1 20 20
1 20 20
1 20 20
0 20 20
0 20 20
0 20 20
0 20 20
0 20 20
0 20 20
0 20 20
1 20 20
1 20 20
0 20 20
0 20 20
1 20 20
0 20 20
1 20 20
0 20 20
1 20 20
1 20 20
0 20 20
0 20 20
0 20 20
1 20 20
0 20 20
0 20 20
1 20 20
0 20 20
1 20 20
0 20 20
0 20 20
0 20 20
0 20 20
0 20 20
0 20 20
0 20 20
0 20 20
0 20 20
0 20 20
1 20 20
1 20 20
0 20 20
0 20 20
1 20 20
1 20 20
0 20 20
0 20 20
1 20 20
1 20 20
0 20 20
0 20 20
0 20 20
0 20 20
1 20 20
1 20 20
1 20 20
1 20 20
0 20 20
0 20 20
0 20 20
1 20 20
67
1 9 0
1 7 0
0 15 0
0 1 0
0 1 0
1 2 0
0 7 0
0 6 0
0 17 0
1 6 2
0 2 2
1 11 1
1 18 0
1 9 0
0 2 0
0 6 0
1 9 0
1 8 0
0 14 0
1 19 0
1 8 0
0 18 1
1 17 0
0 13 0
0 7 0
0 2 1
0 2 0
0 19 0
0 0 0
1 3 0
0 6 0
0 14 0
0 18 0
1 6 0
0 17 0
0 19 0
1 17 2
1 17 0
0 14 0
1 10 0
1 1 1
0 19 1
0 16 0
0 10 0
0 3 0
1 14 0
1 20 1
1 13 0
1 7 0
0 2 0
0 13 0
1 16 0
0 4 1
1 5 0
0 1 0
1 17 0
1 7 0
1 12 0
1 16 0
1 11 0
0 12 2
0 3 0
1 19 0
0 2 0
1 14 2
0 4 0
0 11 0
13
1 5 0
1 7 0
0 5 0
1 7 0
0 8 0
1 19 0
0 6 0
1 3 0
0 6 0
1 12 0
1 11 0
0 2 0
0 4 0
56
1 19 2
0 4 0
0 6 0
0 20 1
0 18 0
1 12 1
1 15 0
0 17 0
0 12 0
0 18 1
1 0 0
1 16 3
0 12 0
1 2 0
0 1 0
1 14 1
0 3 1
1 15 0
1 11 0
0 9 0
1 13 0
0 19 0
1 0 2
1 15 0
0 5 3
1 9 0
0 9 2
1 11 1
1 13 1
1 5 0
0 2 0
1 9 0
0 9 1
0 8 0
1 15 0
1 16 0
0 20 0
0 0 0
1 2 0
0 1 0
1 19 0
1 8 0
0 1 2
1 7 0
1 16 0
1 9 1
0 6 0
0 10 0
0 3 0
0 17 0
0 3 0
0 13 0
1 15 0
0 19 0
1 19 2
1 8 0
24
0 2 1
0 15 0
1 10 0
0 13 3
0 7 0
1 4 0
0 15 0
0 7 0
1 7 0
0 4 0
0 1 0
0 14 0
1 9 0
0 14 2
1 17 1
0 14 0
1 7 0
0 7 0
1 20 1
1 1 1
1 1 0
0 8 1
1 17 0
1 3 0
31
0 11 0
0 12 0
0 10 1
0 9 1
0 20 0
1 8 0
0 16 0
1 8 0
1 16 0
0 4 0
1 20 0
0 20 0
0 12 1
1 5 0
0 12 0
1 11 2
1 7 0
0 7 1
0 2 0
0 17 1
1 11 1
0 3 0
0 12 1
0 12 0
0 7 0
0 11 0
1 2 0
0 12 0
1 5 0
0 20 1
1 16 0
49
0 7 0
1 14 0
1 6 0
0 12 0
0 4 1
0 16 0
1 9 0
0 6 0
1 4 1
0 2 0
1 17 0
0 11 0
0 3 0
0 15 0
1 4 1
0 10 0
1 4 0
1 13 0
0 11 0
1 7 0
0 5 0
1 12 0
0 16 0
1 9 4
0 15 0
1 1 0
0 19 0
0 11 0
1 17 0
0 19 0
0 19 0
1 6 0
0 15 0
1 8 0
1 10 2
1 9 0
0 14 0
0 1 0
0 15 1
1 11 0
0 8 0
1 5 1
1 16 0
1 17 1
0 1 0
1 2 0
1 6 0
0 3 0
0 7 1
25
0 20 20
0 20 20
1 20 20
1 20 20
1 20 20
1 20 20
0 20 20
1 20 20
1 20 20
1 20 20
1 20 20
1 20 20
0 20 20
1 20 20
0 20 20
0 20 20
0 20 20
0 20 20
0 20 20
0 20 20
1 20 20
1 20 20
1 20 20
0 20 20
0 20 20
55
1 20 20
1 20 20
0 20 20
1 20 20
0 20 20
1 20 20
1 20 20
1 20 20
1 20 20
0 20 20
0 20 20
1 20 20
0 20 20
1 20 20
1 20 20
1 20 20
0 20 20
1 20 20
0 20 20
1 20 20
0 20 20
1 20 20
1 20 20
0 20 20
0 20 20
1 20 20
1 20 20
1 20 20
1 20 20
1 20 20
1 20 20
0 20 20
1 20 20
0 20 20
0 20 20
1 20 20
0 20 20
1 20 20
1 20 20
1 20 20
0 20 20
0 20 20
1 20 20
0 20 20
0 20 20
1 20 20
1 20 20
1 20 20
0 20 20
0 20 20
0 20 20
0 20 20
1 20 20
1 20 20
0 20 20
29
1 19 0
1 18 0
1 12 0
1 12 0
0 13 0
0 2 0
1 19 0
1 8 0
0 3 0
0 8 0
1 0 2
0 11 0
0 15 1
1 19 1
0 15 0
0 7 2
0 7 0
0 8 0
0 4 0
1 0 0
1 2 0
1 16 1
1 20 0
0 10 0
1 8 0
0 11 0
1 13 0
0 19 0
1 18 0
51
1 20 0
0 20 0
0 4 0
0 8 0
0 20 0
0 20 0
0 3 0
0 3 0
1 9 0
0 12 0
0 15 0
1 17 0
0 18 0
1 2 0
0 13 1
1 15 0
0 17 0
0 5 0
0 12 0
0 11 0
1 12 0
0 4 0
0 8 3
0 16 0
1 17 0
0 0 0
1 4 0
0 6 1
1 17 0
0 6 0
0 9 2
0 5 0
1 0 0
0 16 0
0 2 0
1 17 0
1 6 0
0 9 0
0 18 0
0 9 3
1 20 0
0 3 0
1 20 0
0 2 0
1 18 0
1 9 1
1 1 0
1 17 0
0 6 0
1 0 0
0 6 1
8
0 15 0
1 20 1
1 15 1
1 7 0
0 11 0
1 12 0
0 9 0
0 7 0
72
0 17 0
0 6 0
0 5 0
1 20 0
0 10 0
1 0 0
1 18 1
1 13 0
1 14 0
0 1 0
1 1 0
1 18 0
0 1 0
1 3 0
0 16 0
0 12 0
0 14 0
0 3 0
1 0 0
0 8 0
1 19 0
1 10 1
1 9 0
0 16 0
1 9 0
0 4 0
1 8 0
1 1 0
0 7 0
1 1 0
1 19 0
1 5 0
0 10 0
0 7 0
1 1 1
0 1 1
1 16 0
1 0 1
1 20 0
0 4 1
0 5 1
1 20 0
1 20 0
1 19 0
1 14 0
0 8 2
0 15 0
1 15 0
1 18 0
0 1 0
1 16 0
0 12 0
1 4 0
0 14 0
0 2 1
1 14 0
0 12 0
1 4 0
1 0 1
1 0 0
0 2 0
0 12 0
0 1 0
0 18 0
1 8 0
1 1 0
0 13 0
0 14 0
1 13 0
0 16 0
1 8 0
1 2 0
27
0 12 0
0 15 0
1 19 0
0 19 0
1 12 0
1 9 1
1 6 0
0 5 0
0 4 0
0 20 2
1 4 1
0 12 0
0 0 0
1 15 1
0 11 0
1 3 0
0 2 1
1 10 0
1 17 0
1 3 0
1 0 0
0 20 1
1 18 0
1 10 0
1 16 0
0 1 1
1 19 0
53
1 19 0
0 4 0
0 18 0
0 3 0
1 16 0
1 19 1
0 9 0
0 19 0
0 1 1
0 0 0
1 10 0
0 12 0
1 14 0
0 11 0
1 4 1
0 8 1
0 5 0
1 5 1
0 9 0
0 13 1
1 20 0
1 8 0
0 5 0
1 4 0
0 2 0
1 15 1
1 8 0
1 3 0
1 14 2
1 20 0
0 13 0
0 16 0
0 14 0
0 11 0
1 2 0
0 20 0
0 15 1
1 11 1
1 11 1
1 20 0
0 11 0
1 11 0
0 7 0
0 1 0
1 14 0
1 10 0
1 0 0
1 15 1
0 3 0
0 9 0
0 11 0
0 18 1
1 18 0
55
1 11 0
0 4 0
1 2 1
1 16 1
0 11 1
0 11 1
0 3 0
1 19 1
1 12 0
0 15 0
1 4 0
1 4 1
1 17 0
1 7 0
0 9 1
0 4 0
1 11 1
1 14 0
1 0 0
0 19 0
1 19 0
0 6 0
0 4 0
0 12 1
1 0 0
1 16 0
1 13 0
0 17 0
1 18 0
0 4 0
1 16 1
0 9 0
0 10 0
0 1 0
1 19 0
0 17 1
0 20 0
0 11 0
0 12 3
0 9 0
1 17 0
0 19 0
0 2 0
0 3 0
1 5 0
1 14 0
0 16 0
0 5 1
1 16 1
1 6 0
1 16 0
1 14 1
1 16 0
0 5 1
0 8 1
25
1 20 0
0 20 0
0 14 0
1 15 0
1 2 0
1 14 0
1 17 0
0 12 0
1 15 0
0 14 0
0 14 0
1 18 0
1 1 0
0 9 0
1 11 0
0 11 0
0 4 1
0 13 1
1 17 0
1 16 0
0 12 0
1 8 0
0 12 1
0 13 0
0 15 0
52
1 1 0
1 4 0
1 16 0
0 0 1
1 2 0
0 14 1
1 20 0
1 9 0
1 13 0
1 13 0
0 7 0
0 18 0
1 5 1
0 0 0
0 12 0
0 11 0
0 8 0
0 9 0
1 0 0
1 0 0
0 20 0
1 10 0
0 14 0
1 17 0
0 5 0
0 18 0
0 20 0
1 12 0
0 1 1
1 4 0
0 0 0
1 2 1
1 7 0
1 18 0
0 5 1
0 10 0
0 16 0
1 5 0
0 15 0
1 20 0
1 7 0
0 7 0
1 3 0
1 6 0
0 6 0
0 4 1
0 13 0
0 1 1
0 12 1
0 2 1
0 14 0
0 10 0
28
1 2 0
1 9 1
0 8 0
1 2 0
0 18 0
0 2 0
0 2 1
1 5 1
1 10 0
1 4 0
0 18 0
0 8 0
1 1 0
0 12 0
1 0 0
1 9 0
1 11 0
1 9 0
0 16 0
1 15 0
0 5 1
1 19 0
0 20 0
1 4 0
0 3 0
0 3 0
1 5 0
0 7 0
21
1 9 0
0 12 0
0 5 0
1 15 0
1 6 0
0 19 1
0 2 0
0 0 0
0 9 0
0 8 1
0 5 0
1 7 0
1 20 0
1 13 0
0 6 3
0 13 0
0 14 0
1 10 0
1 7 0
0 14 0
0 5 0
59
0 15 0
0 16 0
1 17 0
0 1 1
0 10 0
0 9 0
0 8 0
0 6 0
1 14 0
1 2 0
1 6 0
0 1 0
0 11 0
0 16 0
0 7 0
0 14 0
1 12 1
1 9 0
0 5 0
1 1 0
0 16 0
1 10 0
0 7 0
1 17 0
0 7 0
0 7 0
1 8 0
0 15 0
1 19 1
1 18 0
1 14 0
1 16 0
1 13 0
0 6 0
0 15 0
0 2 0
1 12 0
0 3 0
0 13 1
0 17 2
1 16 0
1 10 0
0 7 0
1 20 0
1 11 0
1 2 0
1 9 0
1 3 1
0 4 1
1 12 0
1 6 0
1 0 0
1 6 0
1 15 0
0 11 0
1 1 0
0 0 2
0 5 1
0 17 0
29
0 3 0
1 9 0
1 12 0
1 5 4
1 11 0
0 10 1
0 18 0
1 20 0
1 19 0
0 20 1
0 5 0
0 9 0
1 18 0
1 0 0
1 19 1
0 0 0
0 3 0
1 2 0
0 13 0
1 1 0
1 14 0
0 1 0
1 14 0
0 16 0
0 8 0
1 6 0
0 18 1
1 9 1
1 11 0
51
0 17 1
0 12 0
1 4 0
1 5 0
1 19 0
0 2 1
1 5 0
0 0 0
1 7 0
0 16 0
0 9 1
1 5 0
0 2 0
0 19 0
1 5 2
1 13 0
1 10 0
1 12 1
1 6 0
0 18 1
1 8 0
1 9 0
0 15 0
1 13 1
1 16 0
0 0 0
1 5 0
0 8 0
0 10 2
1 11 1
1 5 0
0 14 0
0 18 0
1 11 0
1 11 0
1 20 0
0 9 0
1 13 0
1 16 0
1 1 0
1 6 0
0 13 0
0 15 0
1 7 0
0 10 0
0 1 0
1 9 0
0 13 0
1 15 0
0 15 0
0 20 1
52
1 1 0
1 4 0
0 11 0
0 12 0
0 11 1
0 2 1
1 6 0
1 6 1
1 2 0
1 9 0
0 2 0
0 4 0
1 18 0
0 12 0
1 19 1
1 5 0
1 12 0
0 18 0
1 17 0
0 0 0
0 16 0
0 3 0
0 8 0
0 9 0
1 14 1
1 8 0
1 8 0
0 20 1
1 2 0
0 15 0
0 18 0
1 12 0
1 10 1
0 10 0
1 1 0
0 18 0
0 11 0
0 20 0
1 2 0
0 18 0
1 17 0
0 14 0
0 5 1
1 1 0
1 13 0
0 20 0
0 8 0
0 10 0
0 16 2
1 5 0
0 6 1
0 20 1
28
1 11 1
0 14 1
1 10 0
1 18 0
1 12 2
1 17 0
1 10 2
0 4 0
1 7 0
1 7 0
0 13 0
1 15 0
1 17 0
0 13 0
1 11 0
0 11 0
1 12 0
0 13 0
0 10 0
0 15 1
1 20 0
1 4 0
1 20 0
1 6 0
0 9 0
1 5 0
1 12 1
1 13 0
64
0 11 0
1 20 0
1 20 0
1 6 0
0 8 0
0 7 0
1 3 0
0 2 0
1 7 0
1 6 0
1 2 0
0 10 0
0 4 0
0 5 0
1 0 2
1 5 0
1 17 1
1 17 0
0 2 0
0 13 0
1 9 1
0 12 0
1 7 0
1 20 0
0 2 0
0 8 0
1 0 0
0 18 3
1 20 0
1 12 0
0 13 1
0 13 0
1 13 0
0 8 0
1 13 1
1 12 0
0 3 0
0 9 0
1 11 0
1 6 1
1 6 0
1 11 0
0 12 0
1 20 0
1 9 0
0 1 0
0 14 0
0 5 0
0 13 0
0 9 0
0 19 0
1 9 1
1 11 0
1 18 0
1 17 0
0 18 0
1 20 0
0 7 0
1 20 0
0 19 0
0 2 1
1 0 0
1 1 1
0 2 0
16
1 8 0
1 9 1
0 3 0
0 6 0
1 9 1
0 8 1
0 7 1
1 7 0
0 6 0
1 14 0
0 8 0
0 14 0
1 7 0
0 9 0
1 9 1
1 16 0
10
0 20 20
0 20 20
0 20 20
0 20 20
0 20 20
0 20 20
0 20 20
0 20 20
0 20 20
0 20 20
70
0 20 20
0 20 20
0 20 20
0 20 20
0 20 20
0 20 20
0 20 20
0 20 20
0 20 20
0 20 20
0 20 20
0 20 20
0 20 20
0 20 20
0 20 20
0 20 20
0 20 20
0 20 20
0 20 20
0 20 20
0 20 20
0 20 20
0 20 20
0 20 20
0 20 20
0 20 20
0 20 20
0 20 20
0 20 20
0 20 20
0 20 20
0 20 20
0 20 20
0 20 20
0 20 20
0 20 20
0 20 20
0 20 20
0 20 20
0 20 20
0 20 20
0 20 20
0 20 20
0 20 20
0 20 20
0 20 20
0 20 20
0 20 20
0 20 20
0 20 20
0 20 20
0 20 20
0 20 20
0 20 20
0 20 20
0 20 20
0 20 20
0 20 20
0 20 20
0 20 20
0 20 20
0 20 20
0 20 20
0 20 20
0 20 20
0 20 20
0 20 20
0 20 20
0 20 20
0 20 20
10
0 20 20
0 20 20
0 20 20
0 20 20
0 20 20
0 20 20
0 20 20
0 20 20
0 20 20
0 20 20
70
0 20 0
0 20 0
0 20 0
0 20 0
0 20 0
0 20 0
0 20 0
0 20 0
0 20 0
0 20 0
0 20 0
0 20 0
0 20 0
0 20 0
0 20 0
0 20 0
0 20 0
0 20 0
0 20 0
0 20 0
0 20 0
0 20 0
0 20 0
0 20 0
0 20 0
0 20 0
0 20 0
0 20 0
0 20 0
0 20 0
0 20 0
0 20 0
0 20 0
0 20 0
0 20 0
0 20 0
0 20 0
0 20 0
0 20 0
0 20 0
0 20 0
0 20 0
0 20 0
0 20 0
0 20 0
0 20 0
0 20 0
0 20 0
0 20 0
0 20 0
0 20 0
0 20 0
0 20 0
0 20 0
0 20 0
0 20 0
0 20 0
0 20 0
0 20 0
0 20 0
0 20 0
0 20 0
0 20 0
0 20 0
0 20 0
0 20 0
0 20 0
0 20 0
0 20 0
0 20 0
22
0 11 0
0 7 0
0 14 0
1 1 2
1 14 1
1 16 0
0 13 0
0 5 0
0 6 0
1 15 0
1 13 2
1 5 0
1 7 0
1 20 0
1 8 1
0 11 0
1 11 0
1 12 0
1 12 0
1 12 0
0 15 0
0 5 0
58
1 8 0
0 19 0
0 3 0
0 7 0
1 6 1
0 6 2
1 16 1
1 0 0
0 3 0
1 12 0
0 16 0
0 16 0
0 7 0
0 5 1
0 3 0
1 0 0
0 11 0
0 20 1
1 17 0
1 9 0
0 5 0
1 10 0
0 18 2
1 0 0
1 11 1
0 13 0
0 5 0
0 9 1
1 9 0
1 16 0
0 0 0
0 15 0
1 5 0
0 4 0
1 11 0
1 13 1
1 2 0
0 20 0
1 7 0
0 5 0
0 3 0
1 16 0
1 19 0
0 6 0
1 15 1
1 13 0
0 4 0
1 8 0
0 12 1
0 8 0
0 11 0
0 2 1
1 2 0
1 8 0
0 14 0
0 20 0
0 5 1
1 6 0
59
1 12 0
0 2 0
1 3 0
0 12 0
0 13 0
0 6 0
0 13 1
0 13 0
0 19 0
0 11 0
1 11 2
0 8 2
1 19 1
1 9 0
0 6 1
1 4 0
0 18 1
1 11 1
0 20 0
1 20 0
1 18 0
0 11 0
0 18 0
1 18 0
1 17 0
0 1 1
1 15 0
1 10 0
1 8 0
0 15 0
0 9 0
1 18 3
0 5 0
0 6 0
1 1 0
0 2 0
1 8 1
0 14 0
0 4 0
0 4 0
1 7 0
1 1 0
1 15 0
0 15 0
0 9 0
1 15 0
0 9 0
1 19 0
1 9 0
1 15 0
1 18 2
0 2 0
0 9 0
0 6 0
0 3 0
1 6 0
1 12 0
0 11 0
0 18 0
21
0 4 0
0 7 0
1 4 0
0 16 0
1 15 1
0 14 0
0 14 0
1 8 0
0 19 2
0 9 0
1 10 0
0 13 0
1 2 1
0 1 0
0 15 0
0 4 0
0 0 0
1 14 0
0 2 0
1 11 1
1 13 1
25
1 1 0
0 7 1
0 12 1
1 4 1
1 2 0
1 18 0
0 13 0
1 15 0
1 4 0
0 12 2
1 17 0
1 17 0
0 12 2
0 5 1
1 13 0
0 0 0
0 15 0
0 13 0
1 15 0
1 9 0
1 15 0
1 3 0
1 17 0
0 10 1
1 3 1
55
1 1 0
0 19 1
1 12 0
1 12 0
0 9 0
1 10 1
0 20 0
0 18 0
1 11 0
1 4 0
0 17 0
0 15 0
1 6 0
1 14 2
0 12 1
0 11 0
0 8 0
1 3 0
0 3 0
1 0 1
1 1 0
1 8 0
0 6 0
0 19 0
0 16 0
0 7 0
1 9 1
0 13 0
0 7 0
0 15 0
0 13 0
1 4 0
1 1 0
0 1 1
0 11 0
0 2 0
1 6 0
1 9 1
1 5 0
0 9 2
0 14 0
1 19 0
1 9 1
0 16 0
1 7 1
0 16 0
0 16 0
1 8 0
1 10 0
0 15 0
1 11 0
0 7 0
1 1 0
0 7 0
0 8 0
69
0 0 2
0 16 0
0 1 0
1 18 0
1 7 0
1 13 0
0 20 0
1 2 1
0 2 0
0 1 0
0 15 2
0 12 1
0 11 0
0 20 0
0 13 1
1 1 1
0 20 0
1 10 1
1 15 0
1 18 0
1 0 0
0 5 3
0 10 0
0 13 0
0 17 0
1 19 0
0 7 0
1 16 0
1 6 0
1 14 1
0 4 1
1 9 0
0 16 0
1 3 0
1 3 0
0 16 0
1 7 1
1 2 0
0 13 0
1 5 0
0 1 0
0 1 2
1 8 1
0 2 0
1 18 0
1 14 0
1 9 0
0 2 0
1 15 0
1 0 1
1 12 0
1 14 0
1 7 0
0 18 0
0 14 0
1 5 0
1 20 0
0 15 0
0 15 0
1 13 0
0 0 0
0 15 0
1 0 0
0 3 2
1 7 0
0 8 0
0 3 1
0 14 0
1 12 0
11
1 19 2
1 12 0
1 15 0
0 3 0
1 16 0
0 13 0
1 10 0
0 19 0
1 11 2
1 3 3
0 3 2
43
0 7 1
0 8 0
0 2 1
0 16 0
1 3 0
1 12 0
0 4 0
0 2 0
0 18 0
1 10 1
0 11 0
0 18 1
1 18 0
1 6 0
0 8 0
0 0 0
0 9 0
1 5 0
0 19 0
0 10 0
1 12 0
0 1 0
1 20 0
1 20 0
0 8 0
1 16 0
1 15 0
0 20 0
0 4 0
1 13 0
0 4 0
0 16 0
1 13 0
0 10 0
0 15 0
0 13 0
0 17 1
1 14 1
1 16 1
1 15 0
0 11 0
0 2 0
0 8 0
37
0 5 0
1 3 1
0 13 0
1 15 0
0 19 0
1 15 0
0 6 0
0 17 0
1 15 0
1 2 0
1 12 0
0 4 0
0 13 3
1 6 0
1 8 0
0 15 0
0 18 1
0 9 0
0 6 0
1 6 0
1 9 1
0 15 0
0 12 0
0 1 0
1 0 0
0 0 1
1 12 0
1 6 0
0 16 0
0 17 0
0 16 0
1 20 0
0 2 2
1 15 0
1 0 1
1 1 0
1 10 0
10
1 20 20
1 20 20
1 20 20
1 20 20
1 20 20
1 20 20
1 20 20
1 20 20
1 20 20
1 20 20
70
1 20 20
1 20 20
1 20 20
1 20 20
1 20 20
1 20 20
1 20 20
1 20 20
1 20 20
1 20 20
1 20 20
1 20 20
1 20 20
1 20 20
1 20 20
1 20 20
1 20 20
1 20 20
1 20 20
1 20 20
1 20 20
1 20 20
1 20 20
1 20 20
1 20 20
1 20 20
1 20 20
1 20 20
1 20 20
1 20 20
1 20 20
1 20 20
1 20 20
1 20 20
1 20 20
1 20 20
1 20 20
1 20 20
1 20 20
1 20 20
1 20 20
1 20 20
1 20 20
1 20 20
1 20 20
1 20 20
1 20 20
1 20 20
1 20 20
1 20 20
1 20 20
1 20 20
1 20 20
1 20 20
1 20 20
1 20 20
1 20 20
1 20 20
1 20 20
1 20 20
1 20 20
1 20 20
1 20 20
1 20 20
1 20 20
1 20 20
1 20 20
1 20 20
1 20 20
1 20 20
68
0 12 0
0 15 0
0 4 2
1 10 0
0 1 0
0 5 2
1 6 0
1 18 0
1 15 0
1 18 0
0 19 0
1 10 2
1 9 0
1 19 0
0 11 0
0 14 0
0 11 1
1 7 0
0 16 1
0 3 0
0 2 1
1 0 0
0 0 0
0 19 0
1 1 0
0 3 0
0 0 0
1 7 0
1 3 0
1 5 0
1 10 0
1 16 0
0 5 0
0 2 0
0 4 0
0 13 0
0 8 2
0 13 0
1 14 0
1 7 0
1 16 0
1 12 1
1 6 0
0 3 0
1 15 0
1 5 0
1 9 0
0 19 0
1 5 1
1 20 0
1 10 2
0 2 0
1 13 2
0 14 1
1 18 0
1 11 0
0 4 0
0 10 1
1 1 0
1 19 1
1 9 0
1 15 0
1 10 1
0 14 0
1 1 0
1 16 0
0 10 0
1 12 0
12
0 20 0
0 8 2
0 9 0
1 3 0
1 14 0
0 13 0
0 18 0
0 13 2
1 11 0
0 17 0
1 19 0
1 16 1
37
0 17 0
1 15 1
1 0 0
1 19 0
0 18 0
0 14 1
1 3 1
0 4 0
1 18 0
0 18 1
0 3 0
0 10 0
0 3 2
1 3 0
1 14 0
0 8 0
0 4 0
0 3 0
1 1 2
1 19 2
1 19 3
0 19 0
1 15 0
0 5 1
1 18 1
1 16 0
0 10 0
1 12 0
0 3 0
0 14 0
1 19 0
1 18 0
1 10 0
0 9 1
0 2 0
0 1 0
0 2 0
43
1 14 0
0 7 0
1 5 0
1 12 0
0 3 1
1 12 2
1 18 0
1 17 0
1 10 1
1 4 0
0 5 0
1 4 1
0 17 1
1 6 0
0 10 0
1 12 0
0 14 1
1 13 0
1 19 1
0 20 0
0 19 0
1 2 0
1 19 1
0 3 0
1 12 0
1 5 0
1 5 0
1 1 0
0 15 0
1 8 0
0 6 0
1 0 0
1 5 0
0 9 0
1 2 0
0 7 0
0 4 0
1 6 0
0 14 0
1 7 0
1 5 1
1 16 0
0 16 0
