100
10
475 172
471 172
472 172
470 172
466 172
473 172
468 172
474 172
467 172
469 172
9
-122 -170
-125 -170
-119 -170
-123 -170
-126 -170
-121 -170
-120 -170
-124 -170
-127 -170
3
53 9
55 9
54 9
8
492 90
494 90
493 90
488 90
495 90
490 90
491 90
489 90
1
-390 121
10
-413 420
-413 420
-413 420
-413 420
-413 420
-413 420
-413 420
-413 420
-413 420
-413 420
7
179 259
179 259
179 259
179 259
179 259
179 259
179 259
7
-332 -488
-332 -488
-332 -488
-332 -488
-332 -488
-332 -488
-332 -488
7
-377 86
-377 86
-377 86
-377 86
-377 86
-377 86
-377 86
10
188 -468
353 -468
-39 -468
-401 -468
141 -468
455 -468
-427 -468
-24 -468
198 -468
376 -468
9
-248 -413
405 -413
22 -413
284 -413
-198 -413
145 -413
-318 -413
201 -413
216 -413
10
-160 -275
23 -275
126 -275
466 -275
409 -275
-29 -275
-17 -275
-256 -275
-257 -275
276 -275
1
-295 467
10
273 38
273 -29
273 -84
273 -207
273 320
273 80
273 -21
273 -195
273 -4
273 218
5
-88 -134
-88 -246
-88 -492
-88 0
-88 95
4
-430 308
-430 -381
-430 -412
-430 308
2
439 154
439 -481
10
-405 -450
-113 -158
43 -2
-78 -123
367 322
-333 -378
223 178
-422 -467
-154 -199
-452 -497
7
276 278
157 159
104 106
-470 -468
-326 -324
414 416
401 403
5
-227 -249
-187 -209
-24 -46
-207 -229
196 174
4
260 290
-203 -173
318 348
62 92
9
-477 -445
299 331
455 487
-35 -3
53 85
-206 -174
432 464
451 483
122 154
2
-11 18
-362 -333
9
144 191
216 263
134 181
-186 -139
-80 -33
-222 -175
232 279
129 176
-286 -239
5
41 91
-430 -380
-435 -385
-213 -163
-85 -35
10
-211 -222
-353 -364
117 106
114 103
401 390
416 405
439 428
329 318
333 322
276 265
7
-231 -214
356 373
-161 -144
412 429
-142 -125
-447 -430
236 253
3
-364 -314
34 84
74 124
10
-141 130
397 -408
225 -236
19 -30
-122 111
144 -155
-455 444
131 -142
310 -321
236 -247
2
22 -58
313 -349
9
290 -316
-249 223
-393 367
302 -328
-383 357
84 -110
6 -32
-128 102
-140 114
2
-113 102
318 -329
1
139 -133
2
-131 141
249 -239
10
-264 313
393 -344
-79 128
-222 271
156 -107
-386 435
-96 145
275 -226
-303 352
474 -425
10
339 -300
-108 147
-37 76
210 -171
-446 485
401 -362
393 -354
271 -232
-292 331
-225 264
9
211 -235
374 -398
374 -398
97 -121
-370 346
-308 284
69 -93
102 -126
-395 371
1
394 -374
6
137 -110
126 -99
231 -204
-419 446
-380 407
85 -58
10
-500 500
-500 -500
500 500
500 -500
500 112
500 -55
500 -286
339 500
-500 437
-275 500
4
-500 500
-500 -500
500 500
500 -500
10
-500 500
-500 -500
500 500
500 -500
450 500
-8 500
157 -500
27 -500
-371 -500
-391 -500
5
-500 500
-500 -500
500 500
500 -500
500 8
10
486 485
486 483
488 493
492 499
-487 -490
-496 -491
498 498
-496 -492
-496 -499
-494 -494
2
485 492
-496 -486
3
483 484
499 495
-499 -492
2
499 492
-491 -487
10
500 -349
500 -16
500 -464
500 394
500 -228
500 -100
500 -359
500 -196
500 -447
500 41
4
500 463
500 331
500 -458
500 329
3
500 57
500 -115
500 299
2
500 276
500 -213
10
-498 -498
-499 -500
-500 -499
-498 -498
-499 -498
-500 -499
-500 -498
-498 -499
-499 -499
-500 -500
2
-498 -498
-498 -500
10
499 498
498 499
498 500
500 498
498 499
500 498
499 498
499 499
499 500
498 499
1
499 498
9
-500 -340
-500 -55
-500 -486
-500 251
-500 92
488 -136
441 -473
454 -35
479 48
5
259 368
149 -220
353 -36
-132 162
-377 -205
4
253 -264
49 -217
167 -231
-170 -216
4
-70 115
439 179
-266 -290
-172 -323
6
-259 -61
-383 234
245 -318
286 437
-469 442
-148 73
7
-189 -292
-320 455
330 165
186 110
-192 -122
-64 -409
-389 133
7
224 57
205 237
-256 -372
309 494
395 435
-438 228
-426 449
10
240 -366
-479 142
98 237
65 80
-129 9
330 351
-38 498
-486 172
-169 -206
446 -3
5
77 374
-267 331
122 -234
-318 -464
433 289
5
-10 1
495 -218
345 -156
-236 15
446 121
4
-147 -426
116 431
306 268
481 -400
1
-185 -341
4
-172 -269
354 -304
-100 461
-114 177
2
-282 -244
489 -441
7
-370 321
74 123
-415 -443
231 -322
-157 273
-144 15
-325 -328
9
-453 369
31 290
88 -347
190 438
308 3
-257 -305
214 4
-397 199
-138 151
6
132 -133
-167 -232
89 180
-54 223
428 -141
57 -49
5
58 -331
-349 -329
-80 -45
486 140
-266 33
10
-124 -446
197 302
-318 200
-242 474
199 195
-269 -28
-94 3
-500 -278
-407 -243
338 53
8
249 -454
-460 256
195 -126
-359 310
-55 -290
14 -334
129 442
-162 207
1
-375 500
1
175 387
6
-359 434
-485 418
-77 -303
221 57
147 -220
-205 -409
4
-442 483
21 -354
174 -126
283 -385
8
-175 256
-255 -230
140 -338
136 440
-89 -118
110 388
441 430
350 30
4
448 -263
283 -293
-32 -318
146 -491
9
-201 -408
463 -215
-202 219
-437 367
-256 -153
-460 57
276 442
-251 -257
-117 254
1
-438 -60
6
-473 -467
-165 -446
267 -99
180 45
-55 -55
-73 -6
3
187 251
388 394
259 -1
5
107 -240
471 -11
-41 307
269 -479
378 -110
6
-425 8
-142 45
117 337
-418 -360
369 -500
4 -250
6
424 -77
76 -415
212 -24
-437 -246
154 -117
-412 317
2
-134 -29
75 -268
1
431 60
7
275 205
426 251
-45 -431
-87 -112
-190 209
-339 482
-46 -166
5
-256 400
371 441
-486 -37
-465 491
436 -293
6
224 -374
210 155
-23 -400
36 -188
-398 344
273 56
3
292 144
44 -496
54 -234
6
-306 425
-357 247
-196 51
447 45
139 125
-54 153
4
-380 -187
-225 -485
-426 32
-294 198
10
457 227
457 -418
294 10
404 -335
-382 70
-485 -473
358 470
122 290
446 -458
423 207
5
-283 -216
2 162
486 -381
173 69
44 470
3
-287 483
70 256
-15 -432
8
225 131
228 179
-287 -107
-79 -46
250 331
198 267
164 115
-308 -157
