100
3 1 5 15 13 11
3 0 8 23 22 21
1 0 8 21
2 0 7 17 21
3 0 4 9 15 14
2 0 0 30 28
3 1 3 13 5 6
1 1 7 13
2 1 1 0 25
2 1 8 21 22
3 3 0 4 10 9
1 1 2 6
2 0 3 5 25
3 2 3 11 12 28
2 2 4 7 25
2 0 9 7 29
3 0 0 30 30 30
2 0 9 26 4
2 1 0 19 2
3 3 5 8 14 5
1 0 8 20
3 0 10 30 30 30
3 0 2 27 21 2
2 0 10 26 26
1 0 3 24
2 2 0 24 17
3 0 0 0 0 0
1 0 7 23
1 1 10 10
1 0 8 3
2 0 3 14 25
2 2 0 2 11
1 0 7 27
3 0 5 12 11 15
3 1 6 2 1 0
3 1 4 14 28 11
2 0 0 15 20
3 0 1 24 20 11
2 0 10 27 27
2 1 7 18 17
2 0 4 9 10
3 1 10 1 23 2
3 2 1 1 6 4
2 0 8 5 17
3 3 0 16 22 7
1 0 8 20
3 1 7 21 17 17
1 0 0 13
2 1 5 11 12
3 2 10 23 17 11
3 3 5 10 12 16
2 0 5 11 11
1 0 0 7
2 1 3 6 6
2 0 2 30 28
2 0 6 2 15
1 0 6 14
1 1 4 4
2 0 5 19 24
2 0 7 25 0
1 1 4 11
3 2 7 30 12 15
3 0 4 18 0 2
2 0 10 14 17
1 0 2 11
3 0 5 15 12 10
1 0 7 18
1 0 6 16
2 0 10 27 26
2 1 6 14 14
2 0 5 30 28
1 0 10 27
2 0 2 20 16
1 0 6 15
1 0 3 6
1 0 6 14
2 0 8 20 20
3 0 1 0 0 0
1 0 1 4
3 0 9 24 23 24
3 3 7 6 3 6
2 0 3 6 0
2 0 7 28 17
2 1 9 23 24
3 1 8 15 23 7
3 0 7 5 27 17
3 0 5 15 11 5
2 0 10 3 26
1 0 4 9
3 0 3 20 6 27
2 0 10 26 17
2 2 5 22 2
1 0 0 22
2 0 9 5 23
2 2 10 18 4
1 0 6 20
1 1 4 6
2 0 3 24 9
3 2 2 2 2 3
3 0 5 12 11 16
