100
2 11
0 15
15 0
0 -15
-15 0
92 49
-52 83
0 -63
76 -51
99 80
0 -85
95 0
-100 -99
99 -100
-99 100
100 99
-100 -100
100 -100
-100 100
100 100
-3 0
-2 -1
-2 0
-2 1
-1 -2
-1 -1
-1 0
-1 1
-1 2
0 -3
0 -2
0 -1
0 1
0 2
0 3
1 -2
1 -1
1 0
1 1
1 2
2 -1
2 0
2 1
3 0
27 40
24 14
-37 80
32 7
-82 -54
-3 -62
9 54
-96 -25
-27 37
90 2
31 -93
16 69
94 88
54 14
91 -81
-35 62
-59 -16
70 -5
51 -55
3 9
-80 -44
-9 71
92 -25
95 47
64 -9
38 -75
-55 38
4 -8
53 -63
31 -73
85 68
-73 35
-57 -80
66 -77
17 14
61 84
33 36
-7 19
-38 -79
27 44
8 -32
-84 -26
11 -8
10 88
-69 -96
9 -23
-52 -93
45 -88
-53 -80
-100 51
-90 95
-63 98
-66 -65
-88 65
61 86
82 59
