100
412565811220699238734417315203350095
9293358531714707689
59345624143569301807521268224877563
824284998924228448294294489494489894
399641714224505553973517307340351690
80648070233858065377534620
043637265124528008948357617793432299
9235586888187547237950234005785524
41248000000000000000000000000
307682611588765611267362538275673706
0973835411883504187860840383
74362299936632
704798035074922961404373
99000000000000000000000000000000000
00934060296779591538017287941624474
35945890167622368718070249751453809
498765300123
279351857032224953279351857784477586
98675696217515591851054
000123459922
25143079849538157942166791335072213
6902496329997426210756
545621937267974546
4848358618733675501257987593
31312711550024611764282872
99332573090258564975658
50226832325481149696982947
100010110101100110111111000101010011
400340430444004033304400430033303440
28925266873235945043
73613445384955
5123127016452115494025
221133445566778899999999900000000000
681524330276613704913770268846
0994716075698128380458595
8301046227286117783010462620915479
455699297921676421242550542250867046
121582163554790121582170836446
469078542166147598359580743012138072
846164260217581334283
00905218301010821966419276
52513031038068538193289874696241770
234653706385057848311
881593096570816881593505319729
771715171546486589404002560467
1234567890000000
503501499366253011789397909081824931
40181399806271004706380390
10721824137680297524
4140322835399762839053727176843054
0006482539982464053821187297305918
165702933251847917837403958162941873
501234699876
100000000000000100000000000009
231393369102382319698603163959662335
3716881415746
96787036486501063273
8558029039750938745451859752
0013567911
95474310660112110872628937509022394
1961554632274070275754251763398812
435748160451270590435748160820715296
66439034614621585740
106742487706038839323984814529658676
854337338604216914855141721957055243
078139884849926602072045456807131256
033899028805461049
084451769487440181851876978710087
205729712650522205730077845256
014865250496767929838619481433398163
24398371004675590912051
8283102981905705469963623427741507
2144485868179535671033075529020796
50403421260569237721614900170
49877234974606982853687396293240
9607331986530016652881575132791772
961086319640590051012029093800901594
123456789000000000000000000000000000
83946120493333608504
910000000000000000000000000000000000
985944458948963692162731551484453
10225349384744854549958055
065519516212460
210000000000000000000000000000000000
350117034784589586
799630632867926889
266748349318265342
7959510086099206116556247439383171
333333333333333333333333333333333333
407703854171038795
999999999999999999999999999999995401
9148473078879976
009179009809949035001908269099
81990059934900970021099600989
2542356995725996826964
36000000000000000000000000000000000
980850640960640969906680479566760864
830693392305364880
482447585469393440072902503922222356
32739225165601765
