100
4 2
5 2
6 2
1000 1000
1000 1
999999999999999999 576460752303423488
1000000000000000000 500000000000000000
562924617368838484 493812434811316625
758007385650845289 669565491861301132
1000000000000000000 288230376151711743
500000000000000000 2
999999999999999999 576460752303423487
756128332762225106 658884006837395577
361227253609198131 304980945168481242
999999999999999999 423539247696576512
775474034602821570 682997515043797655
500000000000000000 144115188075855872
5 1
628417544169436214 535291710192407872
999999999999999999 127
1000000000000000000 2
500000000000000000 249999999999999998
356680967332353227 335650631409156573
618134837735081482 502002451759086566
999999999999999999 441003127313758008
999999999999999999 1
296983718115262297 271653980464443405
977598748457977279 823915745255757831
2 1
500000000000000000 499999999999999999
1000000000000000000 576460752303423487
500000000000000000 211769623848288257
500000000000000000 212227155910889068
999999999999999999 128
903913129414739280 843143359098844662
3 2
1000000000000000000 423539247696576513
1000000000000000000 999999999999999999
917647104469154301 806909265380583182
915152702231584324 696256941705699971
500000000000000000 288230376151711744
682885768278756340 580165939424647028
691793686484007622 536561279224253759
995196014786970506 747319431399162937
500000000000000000 128
4 1
3 1
790088839079067484 601601451360062453
500000000000000000 141720463971253901
2 2
914412977471170291 820894810200926524
853203116213726857 744663123279324710
413428315342291259 390379503600346648
809250225498768776 776149058512228542
500000000000000000 288230376151711743
1000000000000000000 1000000000000000000
500000000000000000 249999999999999999
532239918817306598 459048904275226739
999999999999999999 999999999999999998
854702152331166432 813714244084233659
1000000000000000000 423539247696576512
500000000000000000 1
500000000000000000 144115188075855871
548868157284730249 492357439836228935
988974173215701286 977123363086954872
999999999999999999 499999999999999998
1000000000000000000 127
1000000000000000000 1
500000000000000000 211769623848288256
845670510024051012 749271435299076898
500000000000000000 250000000000000000
1000000000000000000 499999999999999998
500000000000000000 500000000000000000
1000000000000000000 576460752303423488
373073073278354421 309103370508853286
940164161270643513 883782834887239669
999999999999999999 499999999999999997
500000000000000000 197363918508974908
1000000000000000000 288230376151711744
500000000000000000 127
999999999999999999 288230376151711744
1000000000000000000 128
999999999999999999 999999999999999999
395484372775988315 389309030153704804
666307691488581562 524054627090492316
999999999999999999 2
293162056461082614 244672066221636126
999999999999999999 317739115721256780
755523938799391765 621411016322965399
999999999999999999 288230376151711743
999999999999999999 282228879193953658
999999999999999999 423539247696576511
999999999999999999 499999999999999999
1000000000000000000 368925332043972123
1000000000000000000 499999999999999999
1000000000000000000 553105583129250532
1000000000000000000 281333243177482637
422174067444960637 379185456919565234
924708965557662890 767660928266242355
1 1
