100
16
72 57 87 71
-27 87 97 10
11 28 36 90
23 22 27 17
-29 -77 67 5
7 26 -99 91
96 52 42 29
-78 -69 47 86
27 54 -15 59
82 -14 36 76
-88 18 37 97
79 -25 7 12
55 48 96 91
63 48 4 88
92 15 -60 18
-97 -13 9 39
16
-9 3 8 3
6 4 -1 3
-1 -1 0 5
-1 4 -9 3
7 2 -5 1
-5 5 -4 7
-7 1 8 4
0 0 6 5
-7 9 -9 5
-5 7 2 5
-8 -3 8 7
7 -1 -7 2
6 -6 -5 1
5 4 -1 3
-6 9 3 5
1 0 -6 1
2
1 1 1 1
100000000 100000000 100000000 1
16
-20 39 93 74
-5 51 19 86
-99 84 -35 66
99 -33 -32 53
-37 -94 -22 58
-15 -82 -26 94
98 -30 -17 12
4 -29 74 1
-58 -4 86 5
61 13 -63 50
-90 95 -17 38
34 1 28 94
54 94 59 60
-97 15 41 36
4 36 -9 87
-26 76 -9 3
11
-44802719 7946575 28650905 38582501
-5428773 -36875939 -13307267 36612137
49705224 -34332228 -22854627 24888902
9634568 9273316 -32562154 14244229
24027911 22811522 -30106759 33410256
-39511750 2074514 37843328 38729653
31904681 5423547 2800185 49259705
-25654812 23476278 -48089843 15296859
10733756 -10295173 -14148271 2247645
-25009116 -16411985 29248570 20297237
47845984 39780974 3529111 40770004
16
46020201 46655173 -30354149 67776554
88341853 -80264536 62453281 70152465
-930220 -35135032 -89311330 75465370
44632761 -46820436 51353199 72992117
-85760964 -73092829 -32731296 20529196
15601797 88305748 -76939554 62537918
-39392836 32690381 15436372 62513376
-4747702 90495096 -43343030 26991712
-47212581 -99983827 -43924313 22303767
29171961 42832961 80493092 48717410
-57432647 -11255326 55253808 42181244
70690180 57210970 38457557 77334699
-34316939 4326409 -64726537 19535770
61167202 -94355887 -32793314 35112922
-65802758 -36346682 -30618314 25093593
-85872122 67274835 -65900599 84516537
3
1 1 1 2
2 3 4 1
5 6 7 1
13
1242978 -6101796 5811859 1463423
6928551 -7391024 -2667177 1666120
-4442163 1073658 -3035616 4649579
-2749589 -6252085 5546860 1538270
2714981 4497418 1736476 576037
-7548335 2039458 2068708 6450981
-4724837 447554 -728236 4421059
-3763853 -1401091 4790798 6422499
2657065 -280174 2489196 1649414
-4214624 2214401 6946673 3220164
1334788 2001598 5424578 7546034
-6152815 -4297547 3624716 1068925
-734922 -7480374 -7057071 1083442
9
-51853339 23261810 -31609288 40519864
-29574444 6337445 -37828042 14004143
-22489846 38106391 -49818368 5058869
-43996822 19468757 42935085 20102484
-5124312 47078711 -31410466 48515332
42678795 37153665 -48720468 11817288
14326022 -25821429 -18525425 8409618
48002835 13468485 35208087 20367205
-26261643 20128729 -16667927 47681690
16
-6 4 5 3
-1 -8 -5 7
3 -7 -3 9
8 0 7 9
8 4 7 9
5 2 9 9
6 -6 0 1
5 -1 0 9
9 -7 -2 4
-2 -3 1 6
2 5 -2 1
4 2 -3 10
-5 -8 -3 5
5 -8 -1 7
-4 4 -2 5
-4 -6 -7 4
16
84 -15 37 71
-28 45 48 80
86 -77 85 80
-87 83 28 60
-76 -18 -73 37
11 -7 71 73
71 -3 88 89
26 -19 67 54
47 12 42 38
15 73 82 71
5 94 -84 86
-25 -25 71 65
91 69 43 63
85 51 -36 84
-18 -53 -46 100
82 -36 -77 11
16
-67 -69 -92 93
5 -74 -28 19
-75 39 43 59
64 83 -41 100
58 36 41 52
-85 43 -21 19
-49 -88 -36 98
-79 -8 -63 57
4 -7 -62 90
-55 40 67 36
-40 53 -42 20
31 68 78 59
-41 66 -67 62
81 2 22 82
41 -16 -88 24
82 -42 -38 77
5
-9 0 -6 1
-9 1 -9 4
0 -7 -4 5
-2 9 -6 2
-3 8 6 3
5
4 -8 0 6
9 6 -3 5
2 7 9 4
8 -4 0 5
-2 7 -1 3
16
21152835 79658785 -73012108 42820110
-88167756 92012018 16702458 24400261
20068819 -13018297 42474018 52948693
62098917 50099077 -72799763 55570866
82060656 -58968046 81557424 2181256
-7085884 -97517717 -59297199 63071444
-75999657 87471703 -37261681 79726975
-32252051 -85192018 -21049985 12129036
93849749 -20216252 -59748358 84156601
-93822135 -38854207 25234104 96161661
-37047655 11749456 -77657054 14148494
14918736 -93875467 -64128788 46554461
-85178773 11199848 5471351 59971632
-17736062 -96644583 -38476938 64982569
-16227395 61144229 -2805079 71355068
80462133 -85503560 -81891413 47584362
16
1 -4 0 3
-1 0 7 8
9 -3 -5 6
6 5 -4 8
-5 1 -3 6
-4 -8 4 8
2 -4 -3 6
0 0 -8 2
5 0 -7 7
0 3 -1 5
-6 1 4 2
-9 -8 2 9
-2 -9 5 8
-2 -3 -8 2
9 -5 -2 6
-8 -9 -8 9
2
52090462 51257913 69671992 16417795
-35744647 69929004 -19953322 61529836
12
4968591 -11373300 17210750 50389904
-31738188 -32444271 4510608 4432852
50524875 -33498104 10159678 40928055
-45117787 -48133136 38941521 49531323
50934400 32025427 29308073 24273599
15741135 21745852 40420452 47238488
44931060 20893650 48184538 25148798
5426568 35299163 37648917 42662946
23672790 39276618 -32789410 16037157
31319795 40310754 8573970 41622607
48994422 -5165756 -19134174 21990744
-14401063 47139540 52694174 30956572
4
1 1 1 1
2 2 2 1
4 4 4 1
5 5 5 1
12
404913 -423076 683081 502721
-120354 -371022 72755 19092
-710724 474336 67891 474011
-91255 579166 -262477 673434
-83493 -511415 -181677 901083
-864758 -175980 949835 67625
890915 86716 621054 564887
688945 907221 -631824 927790
894301 -505075 707087 1071176
-888764 876111 -360737 282992
82750 350616 -528668 251337
-53575 -816223 -268997 163226
16
9 -8 0 6
-8 -7 2 4
0 0 -4 10
0 2 8 6
2 -1 -9 9
9 5 3 4
-5 -7 -8 2
4 2 -3 1
-3 -7 2 2
1 1 -8 3
-1 6 -2 9
1 -9 -5 5
8 -6 6 9
0 -9 -8 6
8 -8 3 1
-6 0 -5 9
5
2 3 0 6
9 -1 7 2
-4 6 -7 4
-6 -8 9 9
0 -1 2 4
16
-62314459 -73423315 -18940224 71595621
85904844 -78709293 -13410219 36473678
-25745272 82745497 -13461888 80356096
-3531565 27577268 -57592005 43166276
42685615 -70451508 41322707 10694815
-12779283 -34806786 10379091 35033159
-76305662 24023188 -99263970 7770760
-12725858 -40643206 53235654 10563569
-10827659 -6246195 41357137 11029703
35196196 -21724516 -39899275 99175960
-50278366 -86725469 -33986170 81151316
-85766493 -41438426 -17448330 19782480
-70683984 -82862399 88631063 40057623
82504552 -51087324 -43927882 18192581
36343509 17368539 -56939583 18238610
90925753 51906276 -37392713 27700951
16
31 39 -18 85
-30 -99 -31 23
-28 1 40 74
-13 49 38 19
-65 40 -55 72
26 55 70 83
-1 -4 -58 44
-98 -17 43 38
-81 7 -10 100
17 -70 -31 53
-1 34 4 36
-62 -78 -29 77
72 -66 -83 57
-45 55 -51 59
82 -10 89 90
93 -76 -85 21
16
5 -6 6 5
-1 1 6 3
8 -5 0 3
-3 5 -1 3
5 0 2 9
0 -2 -7 8
-6 1 -5 4
8 -5 3 8
6 0 0 9
2 8 6 6
-6 4 8 9
-3 -1 9 5
-2 2 3 7
3 -4 4 2
0 6 5 1
3 8 -7 1
16
-28 -4 -2 42
-31 2 39 88
-17 -19 -50 76
73 -25 -58 92
-9 -52 7 59
-9 99 26 10
18 -48 -50 64
52 -38 -59 1
17 44 24 64
31 22 -25 85
-4 45 -44 10
-46 72 5 77
-64 -76 82 8
58 -23 -24 34
2 17 -50 29
46 37 77 43
3
15363898 -28383543 34202552 13010766
-9548393 3709704 7995899 24635474
13063803 -22901230 5895848 23735799
16
77 9 -79 39
27 -93 -41 87
-52 -25 -14 61
36 33 1 68
-19 -83 77 18
57 7 52 34
-45 -71 -61 52
27 11 -3 53
-56 -71 13 25
-42 -93 3 88
7 73 52 3
-13 53 36 5
-39 -9 39 23
-4 99 38 47
-41 85 49 53
-53 54 -96 60
8
4887207 2325937 339218 6960527
-4605409 2937603 1327955 1688340
6174589 -927226 7263141 5590931
3860600 6919269 -523018 2920420
3930101 5715406 -4950088 3803017
1234228 -3242740 5113333 6479412
2386210 -4112673 -2128483 3076184
-5336546 1146311 142850 562551
2
-9334505 -9054260 -8434185 11935444
3229615 -1369428 -9817880 8278385
16
6 4 5 4
8 -9 -4 1
-8 -3 -7 10
-2 0 4 4
3 5 6 3
1 -5 9 5
-5 6 -2 8
1 -8 5 1
-1 -6 -5 8
-1 9 -4 8
-5 1 -5 9
9 -7 2 7
7 -9 -7 7
4 -5 4 4
0 0 -5 8
2 -6 -2 5
16
65592159 -36038142 91673391 72737204
-48305683 -41135901 35985990 76580396
40711507 -4119327 -19182135 15585231
89313774 -31260645 4216604 33946470
-78560102 -11669696 -93526693 77120904
-85200084 -2374458 -37995472 39418511
73981462 15998905 50906250 37629090
-22604737 -5730671 91151231 73089565
95367835 -7036034 55579935 23112903
-49106628 233805 -94065994 72845184
-32061467 -12263693 96338479 73252252
47244729 63397692 -70341101 34284330
-61492332 -7373893 -30227165 35820809
38323452 11450062 62110987 79285849
-56176982 -4647383 70476162 99314083
66814641 25082686 56136264 88941541
16
72 17 64 59
-18 95 -28 88
18 -62 -43 21
-75 -81 6 61
-1 56 96 29
60 39 73 15
-53 53 27 86
-22 -57 46 63
-4 22 -78 85
-74 64 -13 66
-38 31 -12 17
-91 1 30 64
76 -26 39 92
-70 75 -36 32
-1 48 -84 33
97 0 -21 55
16
46552485 -53702845 -84659689 10107523
70050527 -28559249 65905968 86601338
76334017 -37861496 23903693 67153102
-71554796 -20773436 -64417942 2749291
-690836 -50754190 45617415 85028616
-30277104 -47652489 35111 53637873
18457431 -92755561 -14780030 44111577
-38683723 -11264677 -63539970 72288535
27957913 -75037824 -11784393 75892071
-57401808 13437037 28347060 93039248
80898523 -99193471 90885206 46663757
-5665237 43291684 -5531255 59620185
21587577 31908718 -5422884 30710592
69723629 -59119014 -73053017 19837054
53916429 65392652 -28495898 86687260
-19381105 85867367 -89166652 74428007
16
-37564714 -72351869 -49183327 51710513
-58112748 44164372 -90311614 1718770
-40456187 90922366 -81632743 60874221
92069935 14269244 69808273 56887116
-279891 -80579458 -59768330 6385997
61468009 -10612860 49710519 82588576
92538485 -84307344 70646535 66160830
-52279279 79551401 -94809200 23825257
17133825 80712372 84469101 7774674
-44237431 66677021 -23591547 77802550
-25818418 60391124 63800627 51351578
34447163 17512406 -46474260 83592009
93799812 -59933616 34145048 80863706
18614149 41154730 -26226383 21073373
2334282 -51392273 -74737801 46509606
-91054781 97861182 38991804 17261091
1
1 1 1 2
16
2 8 6 9
-5 -6 0 7
-5 8 4 7
-5 -2 -8 7
-5 7 -2 3
-8 -3 -6 9
-8 -6 0 3
5 0 3 2
-4 -8 -3 2
7 -4 -5 3
1 0 5 8
-6 -1 3 4
7 -7 -6 5
1 6 0 6
-7 9 -3 3
-8 2 -2 8
16
0 -74 56 31
51 44 46 41
-83 -75 82 78
-80 -76 -27 75
56 -85 -84 49
-92 -30 -85 32
-32 -23 -96 21
-30 -97 11 31
-90 -4 -17 57
-1 -4 -60 89
98 71 -85 50
33 -69 -25 79
-88 -8 -36 79
53 -34 11 53
-72 41 91 5
-28 -53 5 30
16
14 49 -68 45
3 0 -17 64
69 -73 -38 92
-27 32 -21 80
6 -52 -70 12
91 7 -64 96
34 -58 -50 11
40 -1 1 92
-74 71 -63 6
33 69 0 20
16 14 6 58
-57 -68 -77 70
-30 12 -2 37
65 -42 -90 76
-90 -94 79 10
86 -67 -43 97
11
2053734 1920357 -10408204 3689262
4325809 -230417 5089139 2957161
-8668460 8868215 -7973705 2408684
7844897 469868 675708 8634097
7669431 -7329598 3867100 1418615
-3323116 5107875 10564982 2542998
3847329 5500158 -9961857 7835961
6128770 10244643 9655927 7516408
9477031 -5198314 -10447693 3256043
-3362605 4674656 9267440 2527854
8880233 -5070850 2763344 2484371
16
6 -78 5 20
-64 1 20 73
-43 73 -57 43
-63 -17 -32 44
-5 -97 -33 52
90 -22 -73 58
-45 -81 47 6
-4 0 -56 28
89 22 -38 10
23 12 90 22
-15 -30 -73 3
-20 59 -70 97
-78 -75 -87 66
77 -27 -14 20
5 40 35 34
-60 87 -50 10
16
-51 -60 88 14
95 -25 -29 33
11 -77 -19 19
86 -95 -51 70
0 -44 6 7
94 19 7 58
-88 -42 -52 23
71 92 -47 10
50 78 -26 2
-84 -7 -98 22
-57 -30 39 97
-91 19 -82 77
-81 -86 7 83
-85 35 -71 2
21 22 53 24
-92 -19 72 3
16
0 -33 -95 80
5 94 -57 83
26 52 -35 57
-59 75 -35 41
-94 85 90 56
-85 34 23 15
-33 -48 64 50
-99 5 3 85
90 76 -17 79
7 86 69 36
-93 1 62 38
26 -86 -78 89
33 -24 -50 9
67 86 50 19
-72 -5 -2 96
-64 -32 11 69
16
7 0 2 7
0 9 -3 2
0 -4 1 4
-8 -3 4 9
-8 -9 -5 10
-8 8 -3 7
6 0 3 9
-5 -3 4 7
-8 4 0 5
8 5 -7 1
0 -6 9 9
-4 -8 -4 7
8 4 3 8
-5 -3 1 4
9 -3 0 3
1 0 1 8
16
-4 3 0 6
-9 3 3 2
7 -5 -8 5
-5 -2 3 1
-6 7 9 7
9 3 7 5
0 8 -5 2
3 6 1 8
7 -7 9 6
8 -4 -2 1
1 6 6 7
-1 7 -2 5
-5 3 -7 8
-7 -3 -6 8
8 9 -4 7
1 2 -1 2
16
-17339406 60641599 -59077696 31847520
64469108 -1459369 27160047 97954006
-94486593 6630233 52320826 83065880
-1853782 -70469251 -11362371 93678475
-41139945 -53392719 22151232 66457335
-33745280 98304853 32925405 44736766
60085452 42690770 -99192496 68451461
-51513322 4033691 18578764 70493417
-29941135 -64171890 -95942064 34593137
-18093296 53566822 -77499094 55085669
10424499 99822433 -49209288 30114703
918136 -51082514 -43765013 58314916
-62343778 -81324683 -4115940 68398699
52574356 2991835 -52209165 27538933
-29708259 -82624600 -17615287 15675416
19340927 98306469 -21827146 77723228
9
4933952 -4560119 -13890400 9540437
-7851299 10585909 3530646 14712151
4927686 -10564603 6472090 11804832
-7667098 -4265167 -4997599 8593153
-1819478 13561668 3489027 3840483
-1698092 13380918 -6429538 4227841
-9960184 -4117902 -13100893 6302337
4750895 3285079 10723039 360295
-898550 -9812693 9621861 10330708
16
0 4 -5 2
-1 -2 -7 5
8 9 -8 9
-2 0 8 2
-4 1 7 8
-4 0 0 9
7 -4 4 5
-3 -4 3 10
3 0 -9 7
-6 -3 0 1
0 9 -6 8
0 -3 -9 3
-4 -1 -7 10
-8 -5 6 9
-7 -8 -3 2
-1 1 0 10
5
-1 -9 -1 6
4 1 -6 6
-8 0 7 10
-8 3 1 2
4 5 1 10
16
-5 3 1 5
6 2 -9 9
1 3 6 9
-3 7 -3 4
9 4 4 5
7 1 -6 5
7 -2 2 2
8 0 -1 2
-5 6 -9 1
-5 -7 9 10
-5 3 -1 4
-5 -7 -7 7
9 9 -7 1
9 2 -9 10
-8 -8 0 3
-3 7 8 4
5
3 2 -1 7
9 -6 4 1
-4 -6 3 4
-8 0 1 7
-9 2 3 1
16
-89 -11 37 91
-35 93 46 82
9 18 86 86
24 -16 -4 13
-3 49 14 80
3 21 95 77
93 -9 -18 94
-5 -79 -56 55
-60 -66 -58 8
-72 -38 -45 66
-93 41 -23 94
42 -87 50 81
-6 34 60 83
18 41 47 70
-93 86 21 25
-44 70 -65 38
16
-6 23 -19 36
36 -97 79 56
-50 0 -83 44
-96 -29 -3 1
69 -20 -63 40
-34 -75 55 27
86 -34 56 8
-91 -2 -22 9
25 60 27 75
42 -13 15 53
-70 -30 25 47
33 53 81 16
-3 76 70 80
-49 -53 97 21
-12 24 -76 44
-1 -89 -74 12
16
-89 8 -41 99
91 6 52 37
-3 -7 66 45
-68 39 -80 76
-92 -96 6 9
-48 -6 27 3
80 -90 -29 63
47 -6 -85 1
66 75 -61 44
67 -51 -69 60
-97 -61 -86 17
-67 -78 15 31
0 82 53 29
-14 -24 -13 2
-35 60 -14 14
0 29 -29 36
16
-3 -5 -2 4
0 -1 1 7
-7 5 3 1
0 -8 2 6
-3 -6 8 1
-1 -3 9 3
2 8 9 1
5 -2 2 9
6 3 5 2
4 -1 5 1
-6 4 9 1
1 2 9 4
3 1 8 3
4 3 8 8
3 -9 -9 9
-9 0 -8 9
16
85 -37 14 87
35 -82 61 24
-98 90 -67 23
-71 -91 -45 9
-43 12 33 26
99 64 52 54
14 29 -83 81
2 -55 7 21
5 28 -5 81
-91 57 -13 30
-18 34 -59 1
42 -80 -38 23
98 -43 -46 4
51 83 11 38
77 -66 85 32
45 -31 -98 37
16
-17 1 27 59
76 -48 -90 38
-46 -77 18 24
-78 -40 84 9
93 47 85 87
65 -96 -55 81
97 70 -9 88
-79 -10 -68 38
-4 -45 57 13
-43 50 -95 2
2 81 -90 97
99 -35 -41 89
61 -77 -57 16
-15 79 -16 19
12 19 72 19
14 14 -6 46
7
39733402 -40526538 19271177 32229300
25235840 27138617 -35311926 28975609
-32330030 -19065398 47880052 46468039
-26659824 27844639 27525459 36225624
25000437 -4174413 -34436561 6288672
4770892 38384538 22863884 7021339
-9238964 35996947 -8947878 37709947
16
-37982416 53369450 65903607 95232218
-48656 -76095922 65952281 34030739
-44695017 -7620462 15236739 75182001
-42490892 -21691605 -89859759 64080322
-81367915 -33857763 -62461882 3648912
28365490 51397480 64544743 52109656
83013376 -38656745 27375513 27254046
42612252 54952397 -86151485 23681523
28527596 -40278195 -46221278 81762195
8683160 37927457 -71958860 70495501
-89019955 75121508 -19111449 52258078
-46486962 32028474 22894461 31751416
-9045947 -55432937 22403425 47469056
-21141055 81747601 -41275672 71905571
13234532 94917423 -30851040 26804173
2478841 31578601 96388998 43097723
16
1 -2 -5 8
-5 -6 -4 1
-2 0 -8 2
4 -4 -9 10
0 -9 -6 2
3 8 5 5
-9 6 0 6
0 8 -2 1
2 1 2 8
-8 8 2 3
7 -6 -1 4
3 8 -2 1
4 2 2 3
5 -2 2 8
-4 0 5 3
-9 5 5 1
16
-16 86 11 61
-78 73 -97 1
-71 81 -4 47
92 69 88 41
-79 -16 18 58
29 17 87 73
-36 72 91 73
-95 -18 82 66
22 -5 -83 50
-1 -58 37 92
76 -15 -88 74
-31 45 5 18
39 -34 60 64
-43 64 45 28
34 -70 -21 25
-61 97 74 71
16
83 20 -5 36
-42 66 28 32
66 51 8 78
-7 16 -70 53
-39 -84 31 26
-89 -12 -82 94
-62 76 -53 38
13 14 11 43
33 46 71 100
55 77 -71 76
54 20 71 98
24 -34 42 62
-53 4 45 63
-16 -62 -19 16
43 -42 1 66
-72 -62 43 39
16
-44 -65 32 68
85 -96 95 85
-61 85 -88 81
55 -93 95 76
-76 -10 80 71
64 -37 -42 1
-37 84 9 47
-49 26 -38 13
-85 -39 78 87
10 56 62 76
-4 -75 93 45
54 -42 -5 61
43 24 -86 95
-16 -32 -51 54
-13 -29 22 16
15 -59 -54 78
16
-9327725 -4302339 -37666668 42935766
-86812201 -64932994 93974627 52744715
-25975375 -58461378 -29328676 7207713
-59858030 54332450 -85420776 37795782
28229304 -81098286 -29736649 96400506
19919669 -39336270 83706113 23402533
30197092 28663598 85516551 36646680
-14845228 43854391 -38834203 29669221
-76771331 -19981353 -44144007 95074018
26397008 91474522 82678352 5564902
66384465 -81483785 -67243494 57786730
-5276397 -94433408 -19959539 99857588
-11310094 -82043159 35877860 45598414
-80021867 -40672430 94617119 5251906
77295471 10816806 -55586856 45294199
75346702 -55597279 9785742 53261078
16
4358156 61851235 67278879 25237321
-32005416 97289442 -10456535 36028134
43249849 23657407 -7227145 84804366
37845459 -62414310 -9219223 32796236
-75119822 -17312772 -36432231 75702132
-3711110 -53455803 -25894941 33921850
-36351476 22466335 28773809 93686639
-36000955 31007355 -18766634 2596701
-80502209 35392935 -34834818 40132716
71267049 -68351198 -82244070 15727391
-60655363 -49649240 -19975526 81640870
-48749335 75327507 -29399852 63629410
48166486 18742461 80416395 36807081
67767565 29456147 -43743522 66529127
78503944 -82256516 44682945 36166148
-17174823 -17807016 79809704 55707154
16
-83 -7 90 3
-78 80 43 92
-55 -43 86 2
-30 5 60 73
66 -1 82 73
24 -75 -13 40
57 30 -35 96
73 -48 -15 63
-75 -34 -3 43
-85 67 76 66
-41 4 79 15
-66 61 -77 44
92 57 -29 62
33 56 -78 81
-6 -45 -70 51
-50 64 99 9
16
-55 -27 -90 44
-12 -74 -12 6
9 -77 57 9
-33 51 -80 70
6 33 43 26
-33 20 -58 12
23 68 20 59
77 66 -13 98
93 18 -54 67
-97 -43 -30 82
41 44 -85 49
-5 -6 15 98
28 -94 -60 26
15 43 80 48
10 -80 -12 68
97 -16 53 43
16
26477365 -23225869 -21277477 49862569
4020995 -85683376 -93223460 34807233
-7850800 14093080 80658494 57298936
3651009 9129369 -38374271 89557726
47026887 -78499265 -37850232 66506655
11644061 16369223 -92432700 58009505
85656161 -45333088 65552401 62567448
98727248 -19866382 -66334525 77876612
-57225148 -67434336 95965649 30272641
-86332233 96779295 42565395 13641352
-34998095 24167207 -24452564 19193922
-42521317 -81761368 59609448 48659527
25943973 -26536138 56413069 39937509
52378718 -22726501 97628221 36687246
92709968 2844948 -10437191 53395025
34889755 -72588946 77955266 71175991
16
83 -18 -50 30
-84 88 -40 84
16 16 -31 25
33 -4 61 76
38 -17 80 22
-82 2 54 9
46 -91 -14 82
-45 58 97 10
58 -84 12 23
45 -43 -29 95
83 2 94 46
-8 26 2 85
0 46 7 12
20 -34 -30 93
-59 -38 -67 78
-61 -22 96 76
5
-3 -6 -2 7
0 3 -3 10
1 -8 9 4
2 -4 -8 6
-2 -4 5 5
11
59693612 -79115267 19295964 13811440
-24680976 -21746896 -71607875 70746981
-76491866 15594722 11183623 19706829
20747457 4362473 -58159089 25539620
-11006585 -11810509 5277385 48923525
24573350 62734963 -25816901 56199738
16509502 2344919 24133845 8748840
72546218 28455667 -25456177 2255057
39928742 -27794676 -27190284 40720251
-32467669 -45957250 -18382357 62608822
-512734 -75122034 70385201 22650558
16
-38 95 -3 10
62 -20 97 19
38 5 -40 42
-1 -27 -42 44
51 -45 -91 39
46 47 -78 21
-27 -90 -20 13
12 53 69 98
63 -41 72 9
-64 46 -18 72
-48 43 -20 94
40 -5 72 24
-94 -20 -31 25
3 -85 -31 83
-1 5 94 27
-14 -19 -65 65
2
48912193 -29170668 -16482271 7925778
66445008 2405235 16288299 7737205
16
0 -7 1 1
7 0 -6 7
4 -8 -5 4
9 0 -3 5
-2 4 -3 8
4 0 0 6
-6 3 -2 9
-9 3 -1 8
-5 -3 -8 2
-1 -1 -9 4
-1 8 0 3
-4 0 -4 4
-5 0 -6 2
-4 -5 2 5
-3 7 -4 5
-6 -7 -8 7
16
-85 0 84 29
29 -90 39 70
-11 84 -28 4
-29 -20 -8 55
-3 93 -32 31
-16 -10 -59 44
-51 12 5 21
-33 75 -73 68
81 -22 -14 26
46 -8 17 13
-76 -7 -33 94
38 -65 47 38
20 4 18 92
-84 -16 61 99
-78 -62 70 87
-3 -32 -61 17
5
3 -7 1 2
5 0 9 7
-8 2 -5 6
6 2 7 6
-8 -4 -1 3
16
94697907 -86564542 -80375294 70863680
38314530 -1574271 -68223770 87679949
41276787 60033353 -71927618 82524521
423517 21728132 -56612691 49883669
-45779344 -76828026 -25502667 61795441
58394314 32659120 -64834690 57263357
33058460 -97459656 33208716 22044816
-57652687 57085687 -30480200 82913531
-87092891 -85313550 80712926 78382192
-6215593 -40177631 -64949031 13835105
29783721 -71098460 59545874 42210133
45270943 16771299 -14002846 13516187
96999398 -48946068 96629181 21997230
77342107 -379420 -32000748 53200313
-96949779 -19551768 30529353 94608387
-90075228 -36818519 42808527 90786154
16
-29745281 -5635016 34858536 81653153
70736396 -27251565 -97839544 9693492
-44973015 -14945396 -15545043 70981128
23648251 -68791677 -30576177 32134406
-40361919 37911834 72803540 16195280
7662077 -97848431 -73444067 81673090
71283611 43882932 45611292 91041466
-13672687 -62022593 65235086 41348597
-95811263 25999353 -87171928 11313087
59975469 27508365 91199416 51068724
-64643483 85258164 48513490 57216426
-46641134 -774242 -82625364 2667465
47860450 -96532413 6363389 84877600
46051670 -48707037 98933696 78697390
-90133112 82282464 -62094400 95736395
-63124242 52952819 89683854 75111903
16
12 -37 -15 89
53 -34 98 49
-49 -54 -98 85
-21 99 12 11
18 87 38 39
-5 78 21 81
19 -28 42 37
-40 -72 61 55
25 -64 -50 79
-41 16 72 58
93 -37 -44 87
38 -74 21 45
34 -98 57 8
-59 85 0 100
-24 56 -61 36
5 73 -14 28
16
-1 4 0 9
2 0 8 2
3 -2 5 8
5 7 6 10
-4 -2 0 9
0 6 4 4
4 7 -9 10
-4 -8 -7 8
4 8 -5 6
5 -5 -2 4
-8 -7 8 2
-7 -2 4 5
4 2 8 1
-3 7 -7 8
9 0 -4 2
-2 -4 4 5
16
19283459 27365489 24278231 70935655
-99198008 18404709 58422058 2679633
-99697730 -74585202 -33860070 67703104
17227462 -47023627 75875093 21188460
24780443 16802534 -2862660 77426014
79657243 48361667 15541417 99194317
73963475 54390300 96811464 39109822
30671534 6812924 -90536036 72638004
-18927481 93826463 -84713492 92804532
87576152 70230544 -91828878 98605001
-7370295 -97799316 67375385 7511330
64186849 -46621150 84675950 306436
-27728339 72944439 49774812 42880098
-87004656 -35684628 94778679 94330558
-86607558 -92935557 -24964082 27827977
-44855819 -35339305 -81638663 8933757
2
1 1 1 1
100000000 100000000 100000000 100000000
16
-72309219 -30295718 -67684059 16357736
26563801 -53751686 93351908 83675315
92285604 14889055 -42828085 42228017
57438838 37964411 13910226 35361162
56110432 -62989415 -18717246 1105674
-38917657 69979760 79538571 43129634
25406831 -79321299 67446057 5143856
10274142 47371872 -61126726 93308766
-27553304 -81186278 -30963214 64599741
2196812 -65705413 -15123147 11628633
94661718 -54758265 -95672198 42793689
-63118255 47937544 77220849 46138083
-38347576 91963199 -14448268 54597322
97927834 19197062 -59818701 93755469
-27458200 -5384100 -90069677 47221173
85741875 -90014861 -85093610 27285234
16
-88 23 20 35
77 41 10 90
-62 -40 30 58
-91 44 -55 45
22 71 -13 85
-33 18 -9 4
-71 92 20 74
50 -30 73 43
-28 38 59 13
-24 97 -78 25
-39 -27 -68 98
-89 -70 35 34
60 -27 -69 44
-80 56 -36 67
66 91 51 70
72 -66 97 5
16
-6 -1 8 9
-6 -2 3 6
5 2 -7 5
0 -9 -1 4
6 1 6 10
4 7 -3 10
6 -6 4 8
-2 1 5 2
-6 7 0 9
8 7 8 7
1 -5 -8 5
-4 3 2 2
-7 -4 -2 3
-4 0 5 9
5 4 0 8
8 -1 7 2
16
2 2 3 8
-8 1 -7 4
0 2 4 3
-6 -9 -8 5
8 9 -1 3
6 -9 -3 2
3 -6 7 3
2 4 -4 4
-4 7 7 8
8 -9 -6 3
1 5 -6 3
6 6 0 1
6 -4 -9 8
6 -4 2 5
0 -8 -9 1
7 -2 8 4
16
-19191651 21413218 677063 9026866
24803355 -34834156 -41037228 25937570
33152316 57780352 87159869 50587711
46323454 -97097094 47619852 64314044
-12523726 -94536750 9711562 14715110
10388625 23741974 92354212 28193506
-33391440 -6647427 -59876292 10464876
99552513 -61052585 -80953216 24174775
-28573068 41005170 45352524 77844877
55064086 -45076337 57525356 644693
49879568 -81354549 90327764 49814767
2720408 -12795993 10279592 5697946
-91232808 29872719 -32874486 65935376
-78227010 43780251 10428049 51260160
67953405 4421203 -95134751 53620336
-37978867 -3435101 36272893 48004901
16
15967928 -28921319 -69986219 3349710
4774262 10318494 98048724 1666220
-13030114 -69449090 6211574 92227794
58464582 32051105 -82670567 81252708
7478650 75876759 -55298262 53369360
25284481 -56719068 -7792778 90820646
-5841502 -45003216 -53089115 17420057
-11817041 -62164201 50560393 12747841
-85747312 46516899 -19112801 16672541
26927415 22558251 -47033570 82270640
54826348 -25607637 -60706870 84572173
66312337 54508580 -35045479 927355
-38122224 66191546 -5391412 69611851
77020565 38800742 -67326546 56159877
-14360116 -90946867 49532955 87403373
62756177 71975544 29777574 7197894
16
-18830966 -9240192 -5246914 45731478
-55021727 -88611574 88937192 69123545
83715871 -15970453 17300517 16817636
-42264599 -44645611 -52630780 1195793
86785796 10129548 54888958 4692420
-60135872 -50423896 -13091664 62216688
-2028856 83856583 -3608456 8584510
-20908973 -25402144 13406635 55326697
-66037415 -56522488 64494397 10956326
-71899707 68165096 -2674260 52225884
15765925 -14442570 83537897 56055862
-87146353 -64640371 -59375590 76261605
-25298577 -31588300 62639296 49191909
79650046 -12664586 3366361 88618038
-6040622 -40843921 -67108547 44634033
-50646445 689894 -9260892 50880830
16
-8 -1 4 2
1 3 -8 8
-8 8 -4 7
5 0 -7 10
8 2 5 4
9 -6 -6 8
5 -6 -1 6
6 -3 -8 4
-8 2 -5 5
-2 7 -9 10
6 -6 -2 1
6 5 -4 8
4 2 -7 1
2 -4 -7 2
6 0 6 8
-1 -7 -1 2
5
0 9 -6 6
0 1 -8 8
0 0 0 5
1 5 -3 8
7 6 -7 5
16
-2 -2 6 5
2 7 1 6
5 9 -3 3
9 7 1 2
-1 -9 0 6
6 9 6 7
-9 1 -7 3
1 6 -4 3
-6 -3 -5 4
7 8 -8 5
-6 -3 2 2
0 -5 5 8
0 0 -9 6
6 -8 3 10
-1 6 -9 6
-3 -7 5 1
3
1 1 1 1
2 2 2 1
4 4 4 1
5
4 4 -5 9
6 4 -4 4
0 9 7 2
-4 -2 2 3
-1 -6 9 4
16
-89 -87 -78 42
-61 -17 21 89
4 22 -67 57
-13 -34 -64 39
81 -2 -66 55
-96 47 -70 28
-43 -67 57 6
-76 -61 -49 70
-65 -7 31 71
-49 76 4 9
-26 -87 12 70
70 74 66 89
-15 9 84 32
68 -53 86 20
90 -27 99 39
-11 -7 17 81
16
61 -53 78 88
48 -78 -38 69
-99 66 70 38
41 75 -44 91
-5 6 99 1
29 -39 66 63
-4 30 40 87
-63 75 31 53
27 -42 -19 52
-70 -3 -91 29
-57 43 -82 23
74 -60 -7 94
-90 46 47 4
-18 6 58 40
-49 -68 -70 74
52 95 -18 17
16
-9209557 -19336562 -9291323 38561092
42224071 27884523 4088228 1542604
-47831750 -20588081 -32311418 65495003
76994363 -54177501 48837093 12609699
81163150 -68316851 79686541 265103
-41494216 -91342546 -28012265 46226277
32100493 47768879 41781163 58784292
-74092581 -76795645 -16017319 50288837
-17370765 -15414886 -30658467 41422975
-10345008 41688076 12215701 88073865
40227966 86816492 -91407192 57293409
-85704707 -16077699 84209296 15916939
-52742968 -18722126 36869564 21164001
-20044383 -62586974 51835661 34744969
-64051362 75335184 4661477 81640493
-96068669 38933900 -57228434 94087018
16
-7 1 -9 1
-1 5 -8 7
-2 3 -4 10
2 -4 -9 10
-5 0 -4 9
3 -1 0 8
0 3 -8 9
5 -9 -2 3
-2 -1 -4 6
9 4 -7 2
-9 -9 8 2
-8 -1 8 3
2 4 5 6
-9 1 0 6
9 6 -5 8
5 0 -5 10
5
-6 -9 0 8
-6 9 -4 10
0 2 -8 7
-2 -2 -9 8
-4 0 -1 9
16
54841043 -99999781 30761147 12069376
19392210 -4643349 42809777 72113865
-39254011 -42822796 20467419 14735750
-77407002 -32974358 36677067 97541355
-26586133 77758656 -11200729 59468557
-41961877 -24054283 37624095 68283555
32950224 92913770 -75552581 318110
-48536352 67570210 17762304 46792463
6955723 96850168 21199596 67485386
-32400325 79470293 70536934 40748995
8161029 61548900 -79232275 18348195
7301208 -71182655 -43676197 81780916
-13954853 81089729 -82271691 6968786
-55987639 -74454170 -62465038 67782872
-33001972 8531865 99736655 39823313
-31485282 -10687858 -72291731 94624053
