25
1 20
9
1 1 16
6 1 8
7 3 16 12 13
16 4 20 6 4 19
17 3 14 11 11
18 3 13 12 6
13 2 3 7
11 2 20 3
14 1 4
2 2 4 18
9 2 14 5
19 3 2 13 17
8 1 17
3 2 5 15
5 1 10
20 2 10 2
12 1 20
4 2 19 1
15 1 14
10 2 1 19
5 20
2 1 4 2 1
3 0
1 3 2 2 4
2 4 3 3 1 1
3 1 3
4 1 2
3 1 4
1 2 3 4
3 1 1
1 2 2 2
4 2 4 1
4 1 2
4 4 2 4 2 4
2 3 2 4 2
4 1 4
3 3 3 1 2
3 0
2 2 1 2
2 1 1
4 1 2
3 2 3 2
3 20
1 2 2
2 3 3 1 1
3 2 1 1
2 2 2 2
2 1 1
2 1 1
2 1 1
2 0
3 0
2 3 3 2 3
1 4 1 2 3 2
1 1 1
2 0
2 2 1 3
2 0
3 2 2 1
3 3 1 3 1
2 3 2 3 2
2 0
3 3 2 1 1
3 1 3
10 20
1 2 3 4 5 6 7 8 9 10
3 1 3
8 1 8
7 1 7
10 1 10
5 0
8 0
3 0
1 0
5 1 5
2 0
4 1 4
9 1 9
10 0
6 0
7 0
4 0
1 1 1
9 0
2 1 2
6 1 6
23 5
4 4 4 3 2 3 4 2 3 3 1 3 4 4 3 1 4 1 3 3 2 1 1
4 0
2 2 2 4
3 0
1 3 4 4 3
3 1 3
20 15
5 2 1 1 5 3 5 3 2 2 3 3 2 2 5 2 2 1 1 5
1 1 1
2 3 5 2 1
2 0
2 3 5 5 5
5 1 5
1 0
4 3 3 1 4
1 0
1 0
4 1 5
3 1 4
5 2 3 5
5 2 3 4
4 2 3 3
5 1 1
2 13
2 2
2 0
2 1 2
2 0
2 3 2 2 2
2 0
2 1 2
2 0
2 0
2 1 2
2 1 2
2 1 2
2 0
2 2 2 2
1 1
2
2 0
1 20
1
3 2 3 2
2 1 2
1 1 2
1 1 3
2 1 2
3 2 3 2
2 2 2 1
1 1 1
3 0
2 0
2 2 2 1
2 2 3 2
1 1 3
2 1 3
3 1 3
1 0
1 1 3
3 4 3 2 2 2
2 2 1 2
1 2 1 1
3 19
1 1 1
1 0
1 0
1 0
1 0
1 0
1 0
1 1 1
1 1 1
1 1 1
1 1 1
1 1 1
1 1 1
1 1 1
1 1 1
1 1 1
1 2 1 1
1 2 1 1
1 2 1 1
1 2 1 1
1 1
2
1 1 1
2 15
2 3
2 1 1
2 1 2
1 1 3
1 2 3 2
2 2 1 3
3 0
3 2 2 2
3 2 1 3
1 1 2
2 3 2 1 2
3 2 2 3
3 3 2 2 2
2 0
3 0
1 0
2 9
13 13
13 1 13
13 1 13
13 1 13
13 0
13 0
13 0
13 2 13 13
13 1 13
13 1 13
3 3
1 1 1
1 0
1 0
1 0
3 10
2 1 2
1 1 1
1 0
2 1 1
1 3 1 1 1
1 0
1 2 1 2
1 2 2 2
2 2 1 2
1 1 1
2 2 2 1
1 4
1
1 0
1 2 1 3
2 0
3 1 2
3 20
1 3 3
1 2 2 2
1 0
2 1 3
1 2 2 2
1 1 1
3 1 3
2 3 2 2 2
2 2 2 3
2 2 2 2
2 2 2 1
2 1 3
1 1 1
1 1 1
2 1 1
2 0
3 2 2 3
1 2 1 2
3 0
1 1 3
3 2 2 2
1 15
3
1 0
2 1 3
1 1 2
1 1 3
2 0
1 0
3 1 1
3 1 2
2 2 1 3
2 4 1 1 1 3
2 2 2 2
3 0
1 1 2
1 1 2
2 2 2 3
4 10
1 5 1 5
6 2 4 6
1 3 2 1 6
2 3 5 1 2
3 5 2 2 5 1 4
1 0
4 2 5 3
3 2 5 3
5 2 5 4
6 3 6 1 4
6 0
1 1
2
1 3 1 2 3
1 20
4
16 1 16
18 1 16
10 3 2 14 18
3 1 10
19 1 3
14 1 19
20 1 14
6 1 20
2 1 6
13 1 2
11 1 13
1 1 11
17 3 16 1 18
5 2 2 17
9 2 10 5
15 1 9
12 2 3 15
7 2 10 12
8 2 9 7
4 1 8
1 20
1
4 0
1 2 1 3
4 0
2 0
1 0
2 2 4 3
2 1 1
2 3 1 3 1
1 0
2 4 3 2 1 1
3 0
3 3 3 2 2
1 0
3 2 3 2
3 2 4 1
1 3 4 3 1
4 1 1
2 4 1 2 3 1
4 3 4 1 2
1 1 1
1 2
2
2 0
2 1 2
1 1
2
2 3 1 2 3
3 5
1 2 1
2 0
1 2 1 2
2 2 1 2
2 1 1
2 1 2
