100
10 1 2 3 4 5 10 9 8 7 6
8 101 102 103 104 105 106 103 104
0
5 1 2 3 4 9
9 6382 6381 6381 6382 6380 6382 6383 6383 6381
7 5407 5408 5408 5409 5410 5407 5408
10 107 107 100 108 108 100 101 110 102 103
10 3878 3885 3884 3878 3877 3879 3883 3880 3882 3879
9 5520 5521 5519 5525 5518 5519 5521 5522 5524
10 2435 2439 2434 2438 2436 2433 2432 2434 2435 2440
10 730 734 732 731 734 731 732 733 733 730
8 912 909 914 911 910 913 911 912
8 576 580 577 578 578 577 578 579
5 1 2 3 10000 9999
9 6798 6796 6796 6795 6798 6797 6797 6799 6797
10 1754 1753 1754 1750 1753 1755 1751 1751 1752 1753
9 5371 5372 5370 5373 5373 5372 5371 5372 5374
9 5655 5655 5656 5654 5656 5657 5657 5656 5658
8 179 182 174 176 178 180 181 175
8 2665 2666 2667 2666 2667 2668 2664 2668
10 4368 4369 4365 4364 4365 4370 4369 4364 4366 4365
10 8438 8439 8441 8440 8439 8439 8442 8440 8440 8440
9 7061 7060 7060 7062 7061 7060 7059 7061 7062
10 3988 3988 3989 3989 3990 3990 3991 3991 3992 3992
10 3487 3489 3484 3485 3485 3486 3486 3488 3488 3487
6 5097 5096 5098 5098 5096 5097
9 9280 9281 9279 9281 9279 9280 9277 9279 9278
10 6325 6323 6325 6323 6327 6324 6324 6326 6322 6321
8 6098 6100 6101 6100 6099 6098 6101 6099
8 6306 6307 6305 6308 6307 6306 6308 6305
10 757 756 758 755 755 753 754 754 757 756
7 7895 7894 7896 7894 7891 7892 7893
10 4390 4391 4396 4392 4395 4393 4394 4392 4391 4394
9 876 877 874 876 873 875 875 874 875
9 2428 2429 2428 2431 2432 2427 2429 2432 2431
9 682 683 678 681 679 677 680 679 681
10 2787 7888 7069 9924 912 1435 218 9227 9246 5581
9 7268 7264 7263 7267 7263 7262 7259 7265 7260
7 102 103 104 105 106 103 104
9 6004 6005 6006 6005 6003 6007 6004 6003 6006
9 53 52 52 51 51 49 50 50 49
10 4003 4003 4008 4004 4004 4004 4004 4005 4007 4005
10 2171 2172 2175 2176 2173 2173 2172 2174 2174 2170
10 6724 6722 6723 6724 6723 6723 6723 6724 6724 6725
7 6126 6128 6127 6129 6130 6128 6129
10 5132 5132 5132 5132 5132 5132 5132 5132 5132 5132
9 8673 8674 8675 8675 8676 8676 8674 8675 8674
10 7254 7250 7252 7251 7252 7256 7254 7253 7253 7255
10 4469 4464 4464 4464 4467 4465 4463 4465 4468 4468
10 8851 8852 8850 8848 8851 8853 8847 8846 8852 8847
9 6657 6658 6660 6657 6659 6655 6658 6656 6656
10 2106 2111 2110 2108 2108 2107 2105 2107 2110 2109
10 1003 1002 1005 1004 1000 1002 1001 1003 1001 1003
7 8183 8185 8183 8186 8184 8185 8184
10 7 5 7 7 7 6 5 7 7 5
9 5881 5882 5880 5886 5883 5884 5883 5879 5885
9 1645 1643 1643 1647 1644 1642 1646 1644 1645
10 9069 9069 9069 9069 9069 9070 9070 9070 9070 9070
8 3314 3312 3313 3314 3311 3312 3313 3315
10 3034 3034 3037 3036 3038 3035 3035 3037 3036 3038
9 4278 4278 4280 4280 4279 4278 4279 4280 4279
9 8757 8759 8759 8758 8761 8761 8758 8760 8760
9 9459 9461 9458 9460 9462 9459 9460 9457 9461
9 7348 7347 7345 7346 7347 7348 7346 7347 7346
10 753 755 754 756 754 757 755 756 757 753
8 4521 4523 4524 4525 4523 4522 4520 4524
7 159 164 161 162 161 160 163
6 9615 9617 9616 9614 9617 9616
9 376 373 374 374 375 373 376 377 374
9 6217 6214 6213 6217 6215 6216 6218 6215 6219
9 898 898 897 900 900 899 899 901 901
9 1489 1490 1488 1487 1487 1485 1488 1486 1486
10 1030 1031 1030 1032 1028 1029 1033 1029 1031 1032
9 1185 1186 1185 1187 1188 1189 1184 1183 1187
8 5383 5383 5382 5382 5381 5384 5380 5381
10 6904 6903 6900 6898 6897 6899 6897 6902 6896 6899
8 8689 8687 8685 8686 8688 8688 8687 8690
9 4659 4657 4662 4659 4660 4661 4663 4658 4661
1 3895
8 9920 9920 9922 9921 9923 9922 9921 9919
7 101 102 103 104 105 103 104
8 946 947 948 948 946 949 949 947
9 7285 7285 7285 7287 7286 7286 7287 7286 7284
9 7489 7490 7489 7490 7491 7490 7489 7491 7491
9 4979 4978 4979 4977 4978 4979 4977 4978 4977
9 6902 6898 6900 6903 6899 6897 6899 6900 6901
9 5398 5399 5398 5398 5399 5394 5399 5395 5396
9 5358 5360 5357 5357 5359 5360 5356 5356 5359
9 6927 6924 6928 6925 6927 6925 6927 6926 6928
8 8169 8171 8168 8171 8172 8170 8170 8169
7 7759 7761 7761 7763 7762 7762 7760
9 3758 3758 3756 3756 3757 3756 3757 3757 3758
10 7685 7686 7687 7688 7689 7690 7691 7692 7693 7694
9 654 655 656 656 653 657 654 655 652
10 5544 5541 5549 5548 5545 5546 5542 5545 5546 5545
7 8 8 7 9 7 10 9
10 8685 8687 8691 8689 8686 8687 8689 8688 8690 8686
10 7584 7585 7589 7589 7588 7588 7586 7585 7585 7586
10 9405 9398 9397 9399 9404 9402 9403 9400 9399 9396
10 3247 3246 3247 3245 3248 3246 3249 3248 3247 3244
