100
339899 0
1 -2
0 -941200
938388 -188955
230551 284863
967800 956902
0 45602
-329604 865934
-359116 47083
-171747 269383
288153 777224
-43998 53674
-467 872624
-422077 699820
314862 -629399
435722 186813
197903 637840
828425 -619367
-1000000 -1000000
784918 485678
-2 0
470489 0
1 -1
187815 288961
-842706 241043
-195515 -154053
117526 921784
1000000 1000000
-433094 -613347
-910631 166582
129122 412503
-133599 912295
-325044 -794939
-683535 -419357
-1 -2
106502 336478
1 0
624642 587211
-1 1
592220 450705
361004 420680
-121118 315525
214796 -932025
86634 -638156
-2 1
0 647621
131397 986391
659888 -237680
507504 -68496
669507 731894
-130643 -591426
437096 -263385
1 1
-415266 182116
0 -1
74933 -207689
0 1
-441771 776898
-354981 -672918
-344226 402590
-803035 -548470
655048 -531374
53736 468962
-980185 761590
-954380 910300
-402140 -596249
-529924 139461
-617672 838687
-246724 764027
828216 72592
0 -2
710238 -898135
-415093 781936
735542 0
-224125 -984853
51755 -332707
-315367 420575
196679 -611773
339900 0
-1 0
-808432 -125099
-2 -1
-288314 -800107
-651455 529570
637846 460508
-312548 590977
-136902 6884
187814 288961
-21643 933607
-875418 -313294
-1 -1
131842 439989
-799469 633162
-295889 897514
-2 -2
-359508 0
719837 354098
-246305 -36791
654559 -775440
685810 -729321
