100
1 1
975
1 999
1000
100 1
685 625 380 920 702 432 295 126 855 352 377 332 760 316 569 154 848 152 22 937 425 555 510 27 822 121 995 591 666 567 411 961 509 930 843 112 622 89 920 511 680 760 65 170 14 494 125 587 34 689 853 463 101 642 955 74 477 699 876 235 89 253 906 523 784 303 646 183 701 716 174 227 342 523 627 966 909 472 484 245 244 776 804 967 207 773 539 472 417 295 821 581 480 306 497 719 409 413 368 255
100 999
1000 1000 1000 1000 1000 1000 1000 1000 1000 1000 1000 1000 1000 1000 1000 1000 1000 1000 1000 1000 1000 1000 1000 1000 1000 1000 1000 1000 1000 1000 1000 1000 1000 1000 1000 1000 1000 1000 1000 1000 1000 1000 1000 1000 1000 1000 1000 1000 1000 1000 1000 1000 1000 1000 1000 1000 1000 1000 1000 1000 1000 1000 1000 1000 1000 1000 1000 1000 1000 1000 1000 1000 1000 1000 1000 1000 1000 1000 1000 1000 1000 1000 1000 1000 1000 1000 1000 1000 1000 1000 1000 1000 1000 1000 1000 1000 1000 1000 1000 1000
74 999
1000 1000 1000 1000 1000 1000 1000 1000 1000 1000 1000 1000 1000 1000 1000 1000 1000 1000 1000 1000 1000 1000 1000 1000 1000 1000 1000 1000 1000 1000 1000 1000 1000 1000 1000 1000 1000 1000 1000 1000 1000 1000 1000 1000 1000 1000 1000 1000 1000 1000 1000 1000 1000 1000 1000 1000 1000 1000 1000 1000 1000 1000 1000 1000 1000 1000 1000 1000 1000 1000 1000 1000 1000 1000
100 131
299 626 654 223 580 738 908 855 794 685 676 767 202 236 640 836 663 663 518 547 318 317 860 552 945 574 327 245 939 428 957 929 559 380 702 496 589 544 244 356 227 334 194 573 170 856 531 965 391 958 340 471 901 813 983 756 705 557 737 784 893 906 981 349 632 188 359 553 287 279 536 855 985 297 164 990 870 742 415 355 698 355 664 508 817 984 749 209 240 505 583 992 593 887 263 552 164 908 368 479
57 50000
1000 1000 1000 1000 1000 203 1000 1000 1000 811 1000 192 1 1000 393 154 1000 1000 1000 1000 1000 1000 1000 1000 10 1000 1000 1000 1000 234 1000 1000 1000 1000 1000 1000 2 1000 1000 1000 1000 1000 1000 1000 1000 1000 1000 1000 1000 1000 1000 1000 1000 1000 1000 1000 1000
100 100000
1000 1000 1000 1000 1000 1000 1000 1000 1000 1000 1000 1000 1000 1000 1000 1000 1000 1000 1000 1000 1000 1000 1000 1000 1000 1000 1000 1000 1000 1000 1000 1000 1000 1000 1000 1000 1000 1000 1000 1000 1000 1000 1000 1000 1000 1000 1000 1000 1000 1000 1000 1000 1000 1000 1000 1000 1000 1000 1000 1000 1000 1000 1000 1000 1000 1000 1000 1000 1000 1000 1000 1000 1000 1000 1000 1000 1000 1000 1000 1000 1000 1000 1000 1000 1000 1000 1000 1000 1000 1000 1000 1000 1000 1000 1000 1000 1000 1000 1000 1000
100 1
11 17 29 35 42 55 58 59 64 65 93 94 117 127 143 148 164 184 199 209 218 239 245 245 247 250 261 271 281 286 296 299 301 325 326 337 348 375 383 384 403 413 418 424 428 439 441 446 446 446 470 495 500 522 531 546 558 558 562 608 610 611 637 640 647 647 674 676 681 688 700 707 720 722 752 754 756 759 768 771 776 783 783 824 851 867 887 888 888 894 918 930 934 940 941 943 948 963 983 1000
98 999
1000 1000 1000 1000 1000 1000 1000 1000 1000 1000 1000 1000 1000 1000 1000 1000 1000 1000 1000 1000 1000 1000 1000 1000 1000 1000 1000 1000 1000 1000 1000 1000 1000 1000 1000 1000 1000 1000 1000 1000 1000 1000 1000 1000 1000 1000 1000 1000 1000 1000 1000 1000 1000 1000 1000 1000 1000 1000 1000 1000 1000 1000 1000 1000 1000 1000 1000 1000 1000 1000 1000 1000 1000 1000 1000 1000 1000 1000 1000 1000 1000 1000 1000 1000 1000 1000 1000 1000 1000 1000 1000 1000 1000 1000 1000 1000 1000 1000
100 446
449 455 455 462 463 470 481 484 488 490 492 508 512 513 513 538 538 553 561 565 565 567 587 599 600 603 604 604 620 620 631 637 642 643 650 664 667 680 682 688 690 698 698 705 715 716 725 729 741 743 748 762 762 763 763 769 776 787 791 796 797 801 808 813 813 814 819 821 822 831 833 833 838 843 848 849 850 858 862 865 871 884 886 907 909 916 922 938 947 953 958 960 967 970 976 977 984 984 991 993
62 50000
1 1 1 1 1 1 1 1 1 1 2 473 606 909 1000 1000 1000 1000 1000 1000 1000 1000 1000 1000 1000 1000 1000 1000 1000 1000 1000 1000 1000 1000 1000 1000 1000 1000 1000 1000 1000 1000 1000 1000 1000 1000 1000 1000 1000 1000 1000 1000 1000 1000 1000 1000 1000 1000 1000 1000 1000 1000
100 50000
1000 1000 1000 1000 1000 1000 1000 1000 1000 1000 1000 1000 1000 1000 1000 1000 1000 1000 1000 1000 1000 1000 1000 1000 1000 1000 1000 1000 1000 1000 1000 1000 1000 1000 1000 1000 1000 1000 1000 1000 1000 1000 1000 1000 1000 1000 1000 1000 1000 1000 1000 1000 1000 1000 1000 1000 1000 1000 1000 1000 1000 1000 1000 1000 1000 1000 1000 1000 1000 1000 1000 1000 1000 1000 1000 1000 1000 1000 1000 1000 1000 1000 1000 1000 1000 1000 1000 1000 1000 1000 1000 1000 1000 1000 1000 1000 1000 1000 1000 1000
96 37131
1000 1000 1000 1000 1000 1000 1000 1000 1000 1000 1000 1000 1000 131 1000 1000 1000 1000 1000 1000 1000 1000 1000 1000 1000 1000 1000 1000 1000 1000 1000 1000 1000 1000 1000 1000 1000 1000 1000 1000 1000 1000 1000 1000 1000 1000 1000 1000 1000 1000 1000 1000 1000 1000 1000 1000 1000 1000 1000 1000 1000 1000 1000 1000 1000 1000 1000 1000 1000 1000 1000 1000 1000 1000 1000 1000 1000 1000 1000 1000 1000 1000 1000 1000 1000 1000 1000 1000 1000 1000 1000 1000 1000 1000 1000 1000
88 18398
1000 1000 1000 1000 1000 1000 1000 1000 398 1000 1000 1000 1000 1000 1000 1000 1000 1000 1000 1000 1000 1000 1000 1000 1000 1000 1000 1000 1000 1000 1000 1000 1000 1000 1000 1000 1000 1000 1000 1000 1000 1000 1000 1000 1000 1000 1000 1000 1000 1000 1000 1000 1000 1000 1000 1000 1000 1000 1000 1000 1000 1000 1000 1000 1000 1000 1000 1000 1000 1000 1000 1000 1000 1000 1000 1000 1000 1000 1000 1000 1000 1000 1000 1000 1000 1000 1000 1000
61 10429
872 851 1000 420 1000 1000 1000 286 1000 1000 1000 1000 1000 1000 1000 1000 1000 1000 1000 1000 1000 1000 1000 1000 1000 1000 1000 1000 1000 1000 1000 1000 1000 1000 1000 1000 1000 1000 1000 1000 1000 1000 1000 1000 1000 1000 1000 1000 1000 1000 1000 1000 1000 1000 1000 1000 1000 1000 1000 1000 1000
85 30848
1000 1000 1000 1000 1000 1000 1000 958 1000 1000 1000 1000 1000 1000 1000 1000 1000 1000 1000 1000 1000 1000 1000 1000 1000 1000 890 1000 1000 1000 1000 1000 1000 1000 1000 1000 1000 1000 1000 1000 1000 1000 1000 1000 1000 1000 1000 1000 1000 1000 1000 1000 1000 1000 1000 1000 1000 1000 1000 1000 1000 1000 1000 1000 1000 1000 1000 1000 1000 1000 1000 1000 1000 1000 1000 1000 1000 1000 1000 1000 1000 1000 1000 1000 1000
60 25791
1000 1000 1000 1000 1000 1000 1000 1000 1000 1000 1000 1000 1000 1000 1000 1000 1000 1000 791 1000 1000 1000 1000 1000 1000 1000 1000 1000 1000 1000 1000 1000 1000 1000 1000 1000 1000 1000 1000 1000 1000 1000 1000 1000 1000 1000 1000 1000 1000 1000 1000 1000 1000 1000 1000 1000 1000 1000 1000 1000
100 100000
995 944 942 932 932 926 924 890 870 869 860 856 846 840 809 770 759 743 734 717 711 710 710 709 700 688 666 658 654 635 630 619 617 613 606 597 591 590 583 576 566 563 549 547 510 501 494 487 475 468 442 424 410 410 402 391 375 373 370 365 361 359 356 354 348 323 286 279 278 256 245 243 236 235 232 223 217 210 203 203 195 184 179 173 152 145 133 128 128 126 116 113 112 106 84 81 77 65 56 44
100 1
979 974 972 969 952 951 937 936 902 901 899 891 890 883 879 844 822 822 780 778 738 727 696 678 674 668 663 652 648 632 629 615 610 600 599 589 586 583 580 549 545 534 529 512 512 496 486 483 478 476 469 469 465 447 443 433 430 407 361 360 349 348 331 323 299 277 275 262 245 231 209 206 202 199 194 186 184 170 168 154 131 129 107 106 103 100 93 81 74 67 66 64 55 44 35 32 25 23 20 2
30 30544
945 910 880 858 840 820 795 709 691 664 610 604 587 578 520 450 428 409 403 389 386 362 326 278 182 140 85 64 56 16
28 85239
984 942 929 894 869 839 789 774 744 682 659 655 646 609 539 526 386 375 313 284 258 241 148 131 98 83 82 74
29 77449
985 978 958 885 880 861 827 814 806 687 667 646 616 587 560 467 460 427 419 405 352 333 314 303 226 168 129 107 90
17 1000
1000 879 121 754 379 224 524 899 182 83 27 866 738 45 443 722 858
57 1000
1000 584 331 15 16 6 12 4 2 1 1 2 1 1 1 1 1 1 1 1 1 1 1 1 1 1 1 1 1 1 1 1 1 1 1 1 2 402 652 928 688 942 216 82 78 867 581 945 93 603 357 501 60 500 125 254 686
5 879
879 879 680 792 365
18 1000
1000 309 138 553 273 699 59 840 780 136 706 360 80 799 962 789 651 374
65 1000
1000 269 99 200 10 10 333 20 2 2 1 1 1 1 1 1 1 1 1 1 1 1 1 1 1 1 1 1 1 1 1 1 1 1 1 1 1 1 1 1 1 1 1 1 1 1 1 1 1 1 1 1 1 1 1 1 1 1 1 1 1 1 1 2 619
87 81471
982 171 218 16 465 257 186 697 761 905 492 782 582 337 97 705 643 419 705 206 60 371 382 393 694 944 46 645 562 868 983 896 39 201 263 503 457 449 551 217 353 42 998 286 378 447 990 372 865 46 930 924 769 311 316 462 254 713 458 167 581 441 414 971 641 29 473 449 829 375 17 533 416 367 818 145 813 159 517 29 204 798 952 972 460 619 785
32 89713
243 231 264 683 997 234 675 25 58 475 205 432 491 737 847 857 906 343 21 64 211 49 267 8 352 591 467 323 375 531 6 617
69 20114
651 110 854 325 486 911 799 42 694 642 778 892 850 683 234 871 746 445 271 364 804 975 306 271 297 681 153 302 649 266 922 300 727 775 976 212 37 127 253 730 768 382 973 969 64 206 839 161 2 462 877 806 436 182 428 732 214 580 385 215 846 658 866 572 432 841 136 820 319
1 20740
438
73 28122
407 537 78 597 50 432 58 278 237 845 811 16 928 25 595 664 591 792 321 456 716 752 648 203 923 967 942 823 756 415 695 162 304 125 111 705 556 520 982 144 365 144 511 292 168 105 956 110 249 276 565 316 380 213 518 654 531 811 477 286 578 523 800 881 647 910 937 554 429 918 49 145 61
89 98559
581 16 96 42 264 723 607 579 102 171 448 108 53 258 584 690 835 106 489 67 105 750 3 658 531 272 707 27 685 617 815 617 632 910 658 247 633 264 825 86 786 624 193 838 882 128 528 68 234 368 487 690 118 489 347 1000 113 405 26 797 22 841 413 653 102 422 252 734 686 76 820 823 52 364 661 285 492 188 352 77 907 838 766 376 679 464 375 791 221
39 19753
242 593 351 246 694 772 497 780 809 925 951 632 976 314 644 260 157 183 963 585 89 153 350 465 831 166 191 973 386 943 911 979 887 613 224 581 736 73 712
49 49545
662 528 676 327 171 287 836 705 249 420 793 401 122 609 583 287 800 555 24 94 817 2 981 429 577 913 165 649 624 61 349 637 588 24 963 110 310 150 166 559 570 310 311 43 919 246 329 70 152
63 5704
969 705 143 397 281 55 913 282 30 973 982 666 912 6 981 373 315 482 890 225 51 200 888 93 118 485 773 539 636 828 701 956 532 196 705 165 602 617 798 632 942 779 649 205 784 981 578 451 463 467 27 865 18 914 310 135 750 434 25 386 262 78 341
73 17793
45 309 226 14 458 209 955 237 858 159 372 190 88 174 652 907 201 517 924 466 178 411 216 611 435 953 872 512 293 17 136 690 325 714 703 135 922 9 371 131 167 94 321 607 620 324 513 820 192 436 637 369 198 204 980 985 156 851 848 801 219 984 842 544 697 544 30 970 904 400 101 70 845
76 70421
464 96 540 635 288 976 624 656 525 827 987 509 335 838 357 487 408 692 328 303 740 223 332 709 126 83 161 547 928 581 575 743 677 114 730 316 441 353 971 966 531 958 826 865 147 534 703 554 225 382 857 316 604 188 377 81 271 537 980 550 470 554 292 498 19 21 813 460 725 135 777 256 444 602 472 590
75 38136
496 712 556 704 28 512 891 756 944 513 292 275 414 113 828 706 610 847 78 774 658 155 909 434 410 352 35 881 294 170 407 789 234 315 844 261 826 734 368 121 599 659 396 12 124 575 69 733 421 499 859 78 653 767 511 414 470 898 294 115 419 53 255 652 367 98 264 544 184 631 664 782 642 411 145
86 91765
214 849 406 64 707 836 716 825 698 129 647 595 774 761 366 826 16 17 544 465 281 87 648 911 103 781 552 513 926 668 498 491 517 256 554 223 443 621 48 140 101 694 87 874 806 452 52 821 820 947 286 100 34 285 363 136 66 266 1000 343 934 498 833 450 753 738 24 195 358 423 686 458 116 124 683 274 927 86 94 99 33 731 198 418 368 912
33 99905
530 904 775 463 401 959 264 505 696 287 51 405 62 89 214 177 564 896 450 491 334 896 589 718 978 138 135 345 402 39 129 931 294
45 20255
695 565 360 551 260 998 954 16 59 42 229 236 605 477 37 447 810 284 387 527 614 877 13 310 278 403 439 560 696 45 304 742 610 663 645 221 660 598 237 719 639 465 306 595 941
42 50694
102 330 428 980 943 656 344 252 933 746 42 492 794 439 147 535 48 809 179 268 821 128 856 891 766 321 196 713 613 241 754 67 570 533 398 864 189 742 468 473 839 509
32 75965
947 463 519 346 272 49 966 444 177 821 334 294 141 881 6 106 473 759 524 395 644 921 258 832 662 725 304 501 586 620 132 884
2 62083
230 706
95 89051
501 227 15 186 520 508 66 526 965 890 636 488 284 279 408 542 462 422 618 118 922 203 89 405 439 523 407 668 580 457 214 80 35 580 265 554 439 682 431 403 572 67 242 855 697 650 748 511 71 366 628 344 920 68 748 358 591 506 377 170 962 590 250 996 170 866 902 608 900 332 363 471 750 604 677 799 605 425 309 27 142 288 370 413 355 470 771 945 975 147 467 937 89 716 284
33 76610
185 569 832 869 931 654 970 887 331 120 491 107 428 870 600 67 239 12 422 708 782 718 35 281 184 971 721 251 606 330 536 143 898
63 95367
829 21 332 67 703 452 909 809 231 778 408 650 17 771 71 76 553 140 110 185 676 432 905 926 390 234 813 532 483 180 894 663 552 577 729 254 380 638 414 963 415 173 612 783 943 34 211 847 525 672 31 200 456 287 478 845 872 290 376 355 821 621 17
49 25372
98 625 929 735 390 243 501 562 854 284 505 239 846 351 763 517 734 963 972 20 792 816 244 81 543 598 902 515 966 273 64 63 250 344 149 639 586 650 201 791 285 57 29 130 407 791 646 140 105
12 86970
896 785 755 329 680 704 230 194 21 854 609 84
4 18455
584 94 241 233
31 31646
517 702 411 646 460 554 644 952 658 613 815 906 749 921 234 428 976 815 974 996 668 582 431 123 886 15 568 126 247 565 509
18 8116
919 113 77 824 108 380 834 720 194 739 821 466 324 248 441 138 221 789
55 13805
219 279 392 585 198 517 184 762 377 299 379 296 763 808 471 871 187 304 942 733 394 762 550 717 362 991 854 934 779 11 88 349 641 479 934 839 348 469 600 724 767 331 371 881 138 842 751 676 497 45 408 891 806 958 607
100 74167
813 101 430 175 540 130 167 19 63 5 718 531 957 441 649 287 164 882 776 357 632 451 853 28 211 743 834 520 702 352 171 866 804 600 392 344 729 558 714 144 915 783 26 223 575 27 861 738 908 636 94 891 438 947 919 648 41 104 519 742 807 689 959 611 640 350 306 369 908 371 864 174 153 241 396 727 619 256 817 878 243 910 769 680 208 39 328 249 494 198 342 300 887 653 910 526 2 215 246 261
9 31937
434 89 702 829 168 320 436 984 198
45 91678
318 358 453 708 37 53 201 234 746 500 472 398 762 998 752 328 243 12 265 704 446 353 757 626 872 76 414 855 625 443 100 294 800 904 1 188 308 553 774 53 53 245 803 814 242
41 51554
837 565 405 540 362 110 296 340 333 723 105 188 700 547 639 345 347 542 698 886 849 250 659 253 654 256 55 467 497 608 960 685 525 716 224 238 177 871 929 510 946
49 33033
645 580 687 989 278 580 686 163 780 288 174 384 941 429 439 760 277 398 719 962 274 786 537 512 963 408 440 472 353 473 872 349 404 910 689 681 489 727 843 620 14 368 3 954 148 793 713 425 543
38 92783
816 569 274 679 883 33 471 706 737 295 577 85 698 486 126 378 326 852 572 945 865 292 299 170 439 444 235 863 986 17 952 153 937 226 184 819 610 654
47 83524
300 100 783 349 937 908 78 262 111 1 558 975 292 857 145 731 652 379 945 989 747 897 141 684 474 676 502 83 681 378 781 980 477 916 328 414 175 757 27 286 758 585 612 49 793 756 131
86 67444
76 432 233 324 924 268 797 600 121 231 280 498 364 612 327 631 291 92 805 48 118 442 157 702 54 205 494 161 688 289 999 763 72 583 86 996 850 234 947 970 816 226 820 179 189 146 809 480 237 966 879 354 407 35 408 812 591 253 973 278 542 323 392 613 905 829 960 754 62 906 75 230 484 246 408 672 391 569 503 979 886 381 685 644 767 92
10 83456
344 780 987 237 102 731 202 6 559 161
73 50111
67 537 202 550 783 609 573 525 529 76 504 414 808 540 58 927 631 865 636 326 996 974 915 449 704 116 454 263 276 916 235 342 804 788 243 586 748 168 111 277 595 966 42 402 505 451 680 487 315 667 812 662 641 78 110 344 193 915 958 469 830 544 162 634 331 757 571 79 924 681 707 518 646
71 92748
502 551 951 988 865 617 800 527 609 229 988 305 422 903 262 242 732 158 403 717 840 511 288 918 434 320 976 951 318 76 574 819 626 876 159 842 492 310 720 453 538 708 757 959 610 370 200 693 527 955 410 719 465 49 636 251 720 964 553 389 39 126 560 664 1 718 505 845 27 225 297
32 12564
405 523 893 126 74 585 5 380 346 723 845 746 710 447 466 673 999 206 711 477 765 726 477 482 583 673 508 159 321 424 442 725
34 72298
203 371 918 207 751 616 929 947 361 638 745 178 663 743 384 725 219 148 451 48 630 385 720 489 543 41 912 984 117 209 317 319 932 586
34 57525
201 805 332 562 443 76 739 457 818 122 181 389 622 983 436 603 367 155 91 909 547 355 892 664 915 560 982 846 146 859 879 698 663 210
57 18259
285 350 913 455 823 446 843 444 428 630 46 795 784 489 703 331 195 947 346 109 858 327 955 3 537 185 701 200 747 311 8 383 12 921 837 835 366 31 630 793 660 28 939 796 868 994 478 62 940 823 170 797 501 476 152 38 661
89 3204
759 514 596 141 526 516 330 712 233 712 341 378 724 720 316 519 587 661 996 648 952 818 170 101 670 645 252 707 657 807 295 415 320 891 908 197 758 589 260 343 300 953 720 23 672 387 893 611 48 888 610 351 57 779 451 727 424 702 785 432 508 80 199 180 322 458 728 431 46 340 773 697 292 844 720 315 583 612 277 982 852 887 332 908 665 783 986 440 836
72 32771
344 202 422 875 523 879 954 305 924 293 430 620 936 273 691 603 207 655 879 188 506 765 520 765 782 302 751 221 489 873 444 184 74 865 58 948 743 364 604 18 8 33 990 944 306 680 898 864 334 776 52 191 893 923 956 674 576 58 246 64 282 690 248 355 906 305 654 1 20 257 18 28
59 86290
323 947 39 220 810 724 347 213 915 591 135 222 616 710 631 862 774 912 903 21 618 160 677 271 160 697 879 530 76 520 888 398 466 278 617 628 354 315 192 620 906 327 841 521 36 823 734 161 734 988 533 351 148 210 973 659 258 851 188
71 18333
428 730 188 57 698 167 410 12 359 29 269 37 221 790 424 43 523 585 128 863 117 830 10 678 802 668 935 5 208 619 727 635 700 914 691 397 433 453 761 143 481 29 179 54 170 602 448 45 186 928 907 655 757 916 332 559 583 619 915 790 237 641 776 289 906 819 685 338 271 797 480
26 91103
10 508 347 612 956 391 149 883 297 803 991 564 487 549 147 105 815 288 693 455 416 981 361 234 18 698
14 42856
530 310 991 539 818 338 502 125 728 651 359 377 805 349
91 31940
250 438 747 64 78 792 519 493 124 879 78 141 928 285 307 809 594 297 348 763 986 849 887 66 851 597 442 656 946 381 298 195 171 45 610 248 188 480 92 311 358 169 804 638 805 110 446 750 758 145 513 744 346 751 809 196 348 602 203 645 982 501 191 152 897 800 751 436 280 842 746 989 362 549 978 166 658 776 916 416 920 780 511 617 530 319 813 229 920 367 873
19 95253
415 757 115 215 507 550 846 701 648 834 62 196 164 580 206 939 495 973 858
83 54626
827 507 153 991 736 424 357 960 28 576 375 136 42 941 995 592 786 695 591 971 756 786 134 335 343 424 181 315 634 158 149 460 665 301 450 400 76 806 711 104 733 85 591 775 377 585 718 162 279 308 485 387 93 970 73 436 394 606 102 379 763 251 838 427 903 287 178 979 444 889 434 177 325 24 951 702 609 668 215 887 975 51 273
73 87419
698 206 118 303 308 496 65 910 333 492 812 971 669 790 414 909 575 942 234 599 892 287 207 911 853 445 237 904 70 8 628 767 213 745 69 872 240 133 781 572 976 593 542 997 734 307 905 309 249 490 907 492 128 465 403 981 261 991 236 330 998 863 448 563 607 516 786 846 1 567 769 976 511
24 83662
244 968 229 552 216 70 810 60 198 626 462 530 887 804 117 568 154 979 16 716 937 531 501 134
19 52883
254 211 929 915 534 525 234 114 428 802 536 590 861 733 215 674 614 101 477
69 97730
630 60 36 345 348 566 198 833 801 968 86 363 897 352 896 773 585 362 200 386 897 789 246 981 356 919 594 456 396 675 476 377 734 511 74 81 429 271 265 581 238 350 943 486 701 838 610 285 551 810 23 447 950 620 427 305 539 20 113 286 46 940 14 779 803 87 211 583 357
63 88475
947 176 105 784 876 294 394 513 845 555 535 643 504 506 70 161 44 441 625 681 487 916 695 617 718 133 828 652 842 654 814 788 830 270 923 57 916 316 921 760 222 455 754 78 313 823 238 708 616 214 389 454 129 435 70 199 919 249 850 760 255 16 899
85 93436
822 492 200 489 413 311 711 219 65 788 531 239 377 239 206 942 979 659 422 765 81 620 683 329 822 443 935 837 341 370 473 514 862 25 355 626 335 65 196 751 204 79 342 932 317 547 873 647 558 294 411 638 266 445 318 87 239 253 275 932 622 99 445 835 123 799 460 458 215 8 560 770 86 901 701 402 800 925 400 357 571 162 346 836 606
74 58663
197 915 900 128 889 998 924 723 121 723 535 578 289 542 489 411 627 390 463 380 541 388 131 897 958 292 242 145 249 256 418 445 523 317 572 411 314 496 485 434 570 19 363 210 912 204 972 890 593 435 621 133 174 751 381 131 42 974 275 643 229 44 439 103 360 11 513 25 858 998 811 779 368 525
80 67340
728 312 169 672 98 790 156 271 540 536 401 934 861 27 928 442 70 366 544 781 728 57 157 937 406 967 67 773 492 407 52 219 70 573 243 167 714 398 437 605 286 189 538 146 215 817 587 636 183 483 768 262 891 924 199 296 891 265 68 734 23 472 304 92 396 546 610 109 944 46 713 581 234 603 726 800 419 665 787 953
54 45499
215 389 830 765 684 720 381 103 805 756 926 108 199 321 6 809 429 301 206 142 881 792 96 958 943 514 622 730 819 120 635 385 860 464 501 543 183 881 998 339 988 923 799 187 244 804 347 24 104 552 517 984 695 612
38 90293
478 915 367 296 386 1 32 246 465 532 140 999 764 137 690 752 412 488 938 655 291 636 30 394 187 547 729 882 510 21 519 339 287 237 986 25 589 17
5 3622
548 113 404 312 250
15 8093
661 580 704 667 222 339 696 967 877 594 47 110 456 419 980
6 3794
216 780 82 157 796 55
96 66561
167 964 359 416 408 773 428 339 828 446 560 166 494 878 42 439 924 504 894 343 483 688 400 51 819 481 207 966 535 767 661 53 83 19 469 842 143 248 533 970 694 444 487 187 322 881 625 245 384 871 939 866 910 338 268 728 170 474 693 56 593 706 109 675 76 929 868 219 176 400 540 221 844 27 759 165 907 384 761 642 606 700 859 515 37 127 242 559 952 286 614 544 343 722 570 419
38 5650
989 178 837 528 398 680 906 509 196 164 244 957 805 849 8 664 363 44 790 956 954 741 593 568 637 936 641 206 354 291 643 694 820 832 573 569 863 479
59 9077
642 320 367 799 168 374 462 882 769 603 189 723 695 782 642 331 717 282 889 422 924 883 467 743 714 39 664 577 517 740 987 511 412 705 661 579 78 474 813 198 76 1 272 122 782 913 805 850 547 693 623 470 575 89 565 641 480 228 217
19 78348
555 858 730 259 518 661 688 991 473 237 418 473 509 892 607 773 696 808 319
83 64740
141 666 223 705 306 702 284 874 50 602 780 259 332 38 129 992 77 119 816 314 889 640 174 132 598 946 827 406 617 918 540 757 935 762 461 241 464 744 466 865 697 246 123 28 635 251 371 712 722 538 25 962 178 198 93 775 495 271 532 111 540 71 219 474 185 31 66 1000 126 532 864 823 129 338 202 763 941 573 474 14 462 850 975
99 89639
419 766 894 41 649 356 580 72 927 53 256 957 471 607 83 2 470 905 130 159 106 244 99 30 718 464 844 919 438 482 318 208 599 211 248 600 918 827 671 844 232 278 153 702 884 235 55 705 491 536 863 948 779 314 330 848 777 173 767 567 6 84 126 957 646 374 556 915 552 578 759 783 855 911 836 90 497 890 794 339 777 8 286 556 321 615 403 450 139 169 368 145 604 493 101 249 218 8 164
85 99770
274 904 439 536 92 528 384 333 673 722 110 680 7 17 353 974 771 154 112 292 521 608 895 365 60 496 935 67 659 56 651 284 311 441 819 402 320 202 87 992 275 196 672 281 564 376 606 334 529 70 625 401 29 520 117 89 15 51 507 25 458 158 308 769 950 478 170 270 31 256 613 305 803 636 937 366 11 543 52 891 964 676 291 992 195
80 69760
561 810 587 937 268 96 244 36 397 73 557 18 103 165 631 759 319 618 696 37 629 590 88 519 553 763 162 544 310 921 976 870 82 914 807 701 361 402 88 757 827 997 775 929 161 757 40 479 374 735 515 354 324 954 225 228 717 386 123 26 658 98 247 739 363 405 440 723 159 879 832 985 875 606 265 387 714 304 866 439
