100
12345 12890 10 13 1
19368 14373 66 25 0
11967 7914 10 10 55
13662 554 1 76 1
16768 10487 19 14 96
15581 19534 29 71 52
13182 3577 5 59 78
18635 17556 55 4 8
5716 775 9 76 93
15060 19241 40 60 20
3492 2729 14 35 1
363 14780 38 11 100
8809 15896 18 1 40
11351 19894 11 79 52
11946 16963 47 48 43
16964 10971 81 10 0
11789 1428 23 18 86
2628 0 0 75 51
0 10363 1 81 78
7355 707 19 22 0
9740 9740 10 10 99
0 14345 23 77 91
10499 11762 29 12 1
6331 11516 16 15 0
12286 9552 59 22 55
17842 15062 82 12 0
14340 17542 11 30 83
3894 0 20 26 13
12220 18837 5 29 18
6124 6124 10 10 99
12199 852 32 63 95
5614 11836 12 25 11
0 0 10 15 13
3440 0 0 13 88
13662 554 1 76 0
1900 1900 10 10 99
12669 0 1 81 50
13275 13815 60 35 74
6331 11516 16 15 1
363 14780 38 11 1
8869 18910 57 3 40
4551 4842 62 18 18
17699 2919 41 8 1
12345 12890 10 13 0
20000 20000 51 49 100
432 12913 4 75 40
15296 6978 41 59 13
19810 19810 10 10 99
0 9525 20 26 2
12385 4073 3 92 1
14451 11251 60 29 23
16201 18092 20 57 18
13662 554 1 76 100
5641 253 53 32 0
17400 3076 33 5 96
10499 11762 29 12 0
11566 16713 12 7 80
982 15519 16 80 35
9379 13864 17 10 1
17699 2919 41 8 100
0 11327 0 75 74
19368 14373 66 25 100
6331 11516 16 15 100
12385 4073 3 92 100
20000 20000 49 51 100
10499 11762 29 12 100
523 15375 50 12 7
6620 17930 76 18 0
12385 4073 3 92 0
18958 5911 66 34 97
8186 16699 93 7 67
0 7043 0 13 63
4357 690 2 38 58
9747 3258 22 40 62
9628 9628 10 10 99
12064 11022 4 19 13
6682 7953 16 70 0
363 14780 38 11 0
8647 0 23 77 66
19368 14373 66 25 1
17699 2919 41 8 0
16964 10971 81 10 1
10281 11224 29 46 15
16964 10971 81 10 100
15360 14444 90 10 8
3492 2729 14 35 100
15357 5774 64 30 69
9379 13864 17 10 0
14187 19912 38 10 45
3492 2729 14 35 0
20000 20000 50 50 100
10911 9440 67 23 63
10949 4431 35 14 32
5410 15043 10 45 15
8465 5999 39 55 87
0 0 10 15 0
10661 17353 34 45 99
9379 13864 17 10 100
12345 12890 10 13 100
10899 6955 42 17 22
