10
797165
81 140306 539639 277073 529787 434285 215588 332159 196407 422603 11172 103742 446796 589874 190856 314086 30967 602537 47876 331756 396699 228759 240460 502293 765383 480423 140593 508024 399909 466633 567307 462049 606938 388642 739122 418421 104623 236406 32276 301029 659008 43447 404771 387500 712182 674488 780448 743149 479859 110020 356601 158255 338779 597061 739409 306996 359180 82836 96716 759089 628330 664022 423972 438102 334360 444790 138220 438982 760058 170495 740010 621900 213942 426477 291097 128958 303800 274379 153803 65355 384398 589266
1000000
100 687480 653885 9857 325624 653906 69271 860982 406372 420181 411829 609598 425748 253491 344302 978181 801539 764311 753944 409295 869742 440213 132416 732307 670414 413452 129618 963908 754525 898047 705149 182178 585526 875385 192034 911149 45643 777657 288482 452014 197837 700310 577963 139937 470152 922265 118117 271691 686575 388412 197337 72668 828624 846105 804974 15389 775908 934591 979297 530432 348989 200797 712610 450866 592533 420995 362014 638175 198651 166847 90188 912840 867156 668151 52776 337308 106767 687244 125350 793341 75655 839038 382360 420631 685142 187333 436019 461049 638276 931667 507833 987264 132463 736794 438130 241348 157788 316495 879522 872791 999694
991026
95 509741 625915 8732 56620 655129 677695 336541 551454 825047 624612 746272 936035 601093 103366 520850 586249 396783 570267 166844 181082 43400 290751 696118 182839 868469 773665 779111 821726 392122 46520 660394 971557 672434 669125 37150 336536 355794 373691 887990 259508 7276 712929 204516 678062 885989 795060 273284 361439 443994 509822 542520 487393 870266 317305 670231 817403 99944 458316 648102 492065 504835 317470 542289 255937 65262 579439 662166 490749 953129 628823 750257 39072 350726 954772 717134 315382 828499 69085 676820 281466 648600 228313 768859 527840 615311 448063 354216 715254 976072 11291 285987 559575 398454 828275 815511
944779
94 774705 218798 332831 134328 249324 805370 882379 368242 258712 750620 395187 195420 852576 325619 309246 541670 214023 236936 483318 248714 891773 92668 509410 750665 845958 194617 398439 266982 913248 723952 269677 743174 942749 601526 876520 246312 462116 814120 614553 720828 618979 64960 915266 526775 389598 279732 122684 603620 515687 605020 851352 462680 697687 415982 268565 597885 609618 666022 864866 578086 445195 188783 375499 442183 790308 307240 688495 307645 175599 358268 82712 793596 422247 53198 375591 810863 331949 497294 468722 847635 157534 375295 364554 854240 791276 632137 507345 456114 353379 427431 89421 798573 616213 464919
903871
97 775442 456311 73569 876936 212761 514162 684233 76278 82612 588882 552682 352001 91997 41959 575277 830431 604370 137527 450250 590968 51667 51643 19782 873466 112347 484224 533401 404840 65551 283791 115337 840992 740101 188905 814057 162839 816915 708266 239116 899526 393277 1774 461503 599121 157580 246756 639529 761949 384282 185907 562893 435949 351397 696522 519391 577591 276875 262768 78560 342425 546559 193896 393394 496636 496648 417427 773322 409691 221821 222415 519193 728945 224188 190672 538043 381768 437428 273700 353693 31686 573454 12715 581482 20980 709236 310849 712418 196087 573617 790977 652360 330152 81001 141882 36764 691497 559308
760581
97 758305 743345 493038 180066 738086 723421 411071 95703 19598 594845 252050 215352 343806 235477 734230 351752 39509 55354 41081 291420 285572 5951 53906 539975 120449 458781 423581 130387 127834 368210 54113 522653 350973 183666 339233 725573 146505 750303 60694 563198 584566 709840 17968 167791 184735 752197 156057 621339 444065 197137 152178 366152 600183 206083 145545 720631 664863 205640 487532 429211 573849 178160 588378 561336 361825 167030 162842 144844 156751 620632 708041 741317 569890 362523 545622 391139 354139 338193 251897 434718 171844 404074 40288 11446 610156 185832 368591 150953 27986 95542 216678 238349 273701 44475 39103 272040 211504
720698
93 133004 426076 145109 270461 690266 597795 305886 703566 497848 394929 654114 338474 344954 608886 458608 278636 94924 269193 277844 113100 265258 315330 447364 401018 460494 348250 72148 538654 38006 393795 691717 171009 295564 312519 637861 265132 189615 223048 444391 163156 93670 377806 501630 438623 462385 435931 717258 557308 705123 274404 146102 446074 65427 69159 126393 1614 613800 198540 540267 651805 68028 707677 298507 363592 299498 412062 104417 685504 635109 548807 127962 204473 402306 105285 118789 340385 541215 115349 373386 525639 586144 715879 447406 127264 64339 573798 128877 678138 248032 669143 84938 512451 656122
974033
81 820172 146054 729679 43423 908044 520492 483371 14633 537429 197378 541759 589877 467785 922557 9470 611539 51645 940726 249484 392257 856895 203537 734561 481758 874055 212759 306759 323366 836625 508318 588346 682763 654371 603109 726186 847498 149567 235523 862130 946112 692018 688973 561956 444886 896613 571425 82391 948257 797234 590991 625598 939212 79611 386125 446936 238749 858000 38779 562114 720591 547096 176427 429321 486551 779535 440590 360015 214185 935229 507229 186264 653213 481285 748219 383182 403864 604727 724689 637205 427927 341646
432491
63 267094 391820 129239 66729 320384 22503 232045 93819 212762 25765 143876 428437 304106 116966 192785 259309 380743 68893 168319 397603 377389 38150 423778 419516 229152 178186 213545 132925 202986 320253 247843 37588 279582 211248 104317 1641 67918 336361 362117 114846 196292 340159 110792 67907 24633 303576 161382 239543 372468 329700 38821 151533 367849 30107 405215 164509 42460 186268 131601 245445 340688 213610 283033
998824
100 180509 302678 139621 984063 253978 310252 540467 443548 941034 602909 749852 329446 649536 666022 83304 464232 726924 441599 938139 316954 591157 308521 442540 103606 62641 453504 925401 151541 707726 85451 420118 888235 388128 559738 861425 630058 857941 391020 62733 800151 981880 812585 130772 632591 467734 214076 97998 183785 655674 25265 500738 235959 321737 943277 327516 372329 385908 254092 523870 94810 327495 943987 983044 715622 492853 833596 334807 351969 225791 397540 141247 208846 199252 259971 841436 666985 474046 927386 838721 118847 940602 340634 354805 263514 285087 670272 635843 670994 924364 148840 753755 253034 81954 725926 956607 574806 560698 280542 914727 786488
