100
3 3
10 1 20 2 25 3
10 2 30 3 20 1
3 5
10 1 6 2 10 1
5 1 3 2 10 1 3 2 5 1
3 5
10 1 6 2 10 1
5 1 6 2 10 1 6 2 5 1
1 1
5000000 10
5000000 100
3 5
10000000000000000 1 6000000000000000 2 10000000000000000 1
5000000000000000 1 3000000000000000 2 10000000000000000 1 3000000000000000 2 5000000000000000 1
3 5
10000000000000000 1 6000000000000000 2 10000000000000000 1
5000000000000000 1 6000000000000000 2 10000000000000000 1 6000000000000000 2 5000000000000000 1
3 17
792045443841134 53 828608570852471 53 748477883184632 56
105822997408669 20 57997873554947 74 191988077044364 38 87907296057318 74 150848408965294 38 168713585032712 74 178214657042035 20 1 74 11470227285410 38 124221966183416 20 87891710230134 74 128255048735059 38 197244663956614 20 234910381949403 38 131638506457754 56 193295640657088 20 167712592094280 20
3 86
7088531635429376 98 7078071251296126 64 7064432768497020 10
260020288034458 99 222773159094944 52 250383236297074 13 224345113421545 25 219036448343438 17 281577377995339 87 251900641725354 40 284965107964652 42 278599450544807 47 293356206105656 26 213625231138644 98 265207284817397 60 241133370320479 4 276961187999970 74 194874623222068 57 248765738278806 29 286185218012993 67 260430057833410 31 273166184009011 90 211751668019367 85 240970397664321 77 203694741695929 97 281971162245135 39 238572362238708 68 230602937194236 91 191095376012411 20 220062727871316 72 303582622447625 5 258063945612211 24 283285007283954 10 251084271468834 8 241043349566555 61 251133108037713 56 293192253696953 36 269982936466967 46 241721556347875 23 288735080437851 83 271721770256594 2 287938319028645 12 300411677573697 30 222923905923667 50 186913916563089 43 312254796643781 53 229541601193984 15 269337205717417 6 156082448360525 58 294332933318699 32 224142524118420 84 265367884952334 64 197978689942845 51 232944550387629 89 249340533702260 21 190955569783081 37 229358494296899 96 214188362419312 35 154122329026613 76 283987236922952 94 186711817358208 71 248415468162651 70 242945299943047 48 250432666634802 81 213058149382858 65 273313341773223 55 226832825486047 27 260663301310681 28 252267151238041 54 255867174161321 63 234570047534952 7 204755596357233 31 198034780836049 46 260477328516041 96 234250537568826 83 279602991620705 91 220517474673699 13 289947509515100 99 201551288031499 52 258270895754715 36 202755154801013 48 232440766307313 30 305213977908976 72 263581130290968 25 257561665055870 17 239048212425321 68 244165155461081 60 200487360686446 37 245946532314544 23
3 6
316945881266565 63 359093279116138 74 376033276009356 63
108731181407834 74 183505679742746 74 154482529249380 74 145039141361771 74 231154556762919 74 149679044879671 74
3 70
3684745262322102 36 3596400955274602 2 3660226903863936 17
152156910787290 36 116467569781399 2 145159343922598 36 127939466600554 2 109806120498776 36 123932579244251 36 102839368322346 31 109869171585540 36 172900203815433 2 98974970016531 67 118243245169810 67 149973848729574 2 173737798289094 2 196489400822801 67 152683745550860 31 141109679707672 31 145698834349973 2 166491521534619 67 130754179316842 17 213864731135445 2 143033996118940 17 198654662352642 36 141647723668014 36 124365098581004 36 144321561911254 31 150039620521748 2 198089058976834 2 141610755160912 31 149915867503041 17 132305649907847 17 115348920383604 67 128817302120358 36 208012862906815 31 114263449863959 36 167915360218958 31 171628371225359 36 210468716502576 67 157075487158627 17 192005443931460 36 161490949166785 36 133912404822247 36 208470705578219 36 174875637867248 2 161701167971366 36 193433495493726 2 215122891234827 2 141408500689192 36 138352936094545 2 159409717727298 67 151226018556154 2 169285048922512 36 211668859489978 36 155720887676071 36 161197466896467 36 201383012669185 36 115824903059552 36 191122155664749 2 160673093892885 36 186296532144677 67 176486929027349 17 237850943359708 31 172510565106310 36 110489872260759 36 178643613132981 67 204984589753675 36 209345654023816 67 174471690583169 36 109422377816471 2 168883361613693 17 147777631214610 36
3 7
549279549583749 70 530305997789517 98 527292779393930 10
222644048031387 14 249948416863897 70 229704850408057 77 230163000943001 93 223005491655750 44 223766545244361 7 224781828454539 58
3 84
1716564033994215 35 1710399856722611 60 1714472128901981 35
52069573451186 35 65154162254854 35 66933515979114 60 56572701421362 35 57070988074376 60 66667092576314 60 59152262938338 35 55533304940267 60 56417302938634 35 53840892649402 35 56115723394617 35 68383893407879 35 59411596101831 60 61774785703243 35 62110074806302 60 65202146586407 35 59103408826349 60 66223351052646 35 63608794642087 60 68892962903070 35 63036749523693 60 60577478554428 60 63417430982979 60 67880249494383 35 64754944583008 60 64869927746894 35 59964691358774 60 62732177171902 60 65912793912365 35 61582000029376 35 61099765284046 60 60178772061693 60 64913720106151 60 56406527736580 35 63828180264619 35 55539054505810 35 69961329492378 60 60710876565509 35 63687914586621 60 57819640682052 60 62134241094179 60 59475916012399 35 63732495459500 35 59957700375675 60 60347592924426 35 56551229329141 35 65036214289291 60 60985190815738 60 62757232794266 60 61413640241725 60 59548013583644 60 60165394945613 35 57474244247982 35 59942308058625 35 64962669524401 35 59081197585431 35 60100184080697 35 63755986099466 60 74974325015202 35 64164787415384 60 58476779632539 60 61423525445699 60 60505775947016 60 52893563843505 60 61840283754302 35 56202664545138 60 57333649405148 60 53833295081012 60 63300744961384 35 61919091385975 35 63103348060323 60 65191538030929 60 61247901278639 35 61906735947281 35 57181810007497 35 69312955493894 35 58752148351896 35 58726399073829 60 70314453355651 60 60485452745648 35 64163810564338 60 63203362738829 35 60244744975615 35 55143163105471 60
3 30
383130571517641 46 518355073996662 44 473946812453400 59
163039613620855 50 112155047460398 59 66559662201338 59 1 59 110078860427618 46 193026522450395 59 1 43 52697243854200 59 1 50 122428165849238 43 1 59 1 59 157910484277793 59 1 59 1 43 1 43 77108924620774 43 41014814056123 44 43513323064126 59 104805435822498 59 17993959821116 59 95240010462612 44 102021462341271 50 1 59 1 43 119089911631365 43 22029136311736 59 18408145567966 46 283420021945437 59 1 43
3 34
1721118878940595 88 1723596911817749 80 1720099301004156 31
151591238958430 39 149712969975626 24 149554820918592 89 152115300259780 35 155802198664432 14 149791827668318 20 146687297608027 48 156184018601706 2 146798278283878 55 150475386878438 64 147635294430572 71 150084199979922 75 151884982715368 72 147083215097989 81 149835980668467 16 151405334290146 5 150833387742718 31 151270691202644 53 152579304689259 12 151858941725213 91 151051738643939 34 152007530469758 11 152811968502728 26 150255958315280 25 150436896519252 97 152217426700735 45 153010387130150 84 148070663206052 49 155038432858672 42 150922915044618 56 153153399002357 61 155547141257280 94 151690355392489 9 152807126814161 70
3 24
213190587965507 20 181396543797521 57 160624917174626 20
70428784976069 20 1 20 82822835612859 57 1 57 5996666825839 57 1 57 1 20 20048803257372 20 1 57 33852195373501 57 46659208865479 20 34999696497801 57 24787844329593 20 9909187786857 20 1 57 163738768265 57 29949243874588 57 19886434969177 20 8367730993256 57 17944053592401 20 26752963729222 57 8980380745263 20 24590327747583 20 10814986670640 57
3 60
5326103785011357 9 5283612250532838 46 5322738968707509 46
232297931496319 96 233873052351519 9 163019673821769 46 272195710533012 46 294104416654077 46 195941746786637 46 247166792720198 96 252666662131055 46 310292206749457 9 253128789467760 96 252829377206423 46 322804398427196 36 229111881729595 96 179795818272246 45 222218637157957 36 193627356994615 46 299934980171435 9 311561113682673 9 289652425574205 45 255460041718107 96 281994614732220 9 385507162787546 46 297525446087976 96 253887352499553 45 260801984993952 96 344120957198614 96 230538530958125 46 177851681805325 46 215633311269817 9 341327770526755 9 247259931852230 46 296230602946533 46 189120340912016 9 162341811956634 46 333770677745701 9 250546415692097 46 268060738536617 46 328260639327598 46 155925442599562 9 305036360133560 9 222682251631210 96 196716790963625 9 257224181824196 46 240541354055392 96 251497061579893 46 320950425538451 45 324711396967363 46 369831513930142 46 268827080307628 96 299079622510585 45 257034926355264 45 281139592237897 36 238939804078542 96 225128938204836 46 332726223382032 9 224737070786983 96 301771768485808 45 266405306409536 45 183858628020692 46 281021306422556 96
3 20
1058420934739218 8 1025640373705408 56 987801517485937 95
198433476128183 78 149877667238344 54 171923853505592 29 167051871999283 37 194874224429939 14 100451499766246 58 194544710240430 77 75412008247544 26 161548735226298 21 147974812591200 18 219824989882723 73 153457670981562 49 264070565268387 8 159704954648709 52 149966621251755 96 147717111000163 55 160675919122290 9 115146963129633 79 141363700213874 84 153357311369936 47
3 99
5159069342837480 63 5197447333384816 12 5302052784161113 63
258994839772051 63 276415938737789 12 172254339775348 12 161247849638626 12 233616669096034 63 69869770476847 63 235216436732785 12 326165655524657 63 139610033587130 63 131635431028166 12 29462672229624 12 146254007233189 63 70140394491090 63 90629862590222 12 336034863564031 63 146516268857580 63 107145597034675 12 193923850159182 12 139566911174258 12 258206277423440 63 1 12 110734824942119 12 230473809810792 63 147329693611948 12 34044648666307 12 57602099444217 63 164781356479961 12 93614660896581 12 162185778617996 12 103150470020996 63 133426395181579 63 191612243169212 12 14532132767172 63 233817214217034 63 133039927048708 12 131830651651448 63 273082865831349 12 192832975010371 63 138476050761441 63 138940521659971 63 201909921577649 63 146147362252030 12 144359956352784 63 54171038787878 63 314134904329912 63 155119098071376 12 122639197117516 63 32134265772904 63 46154134544614 63 259588142492928 63 138110629136481 12 50884939488276 12 134730306068075 63 1 12 120620608352114 12 171052358866702 63 123168274869205 63 82812884832719 12 236443907615157 63 119414190076761 63 91555491327604 12 1 12 221994176259675 12 136842904366553 63 100656488511864 12 119516920941698 12 177266211150410 12 204450633847559 63 37488253573067 63 212586851268826 12 268449216662173 12 185082971462121 12 155103509442964 63 188160898353309 63 97112159205214 63 62747942842973 12 153670934719106 63 235964975865566 12 28126232311976 63 1 12 37327174399874 63 46072495770755 12 77676945918510 12 43081759535327 63 120678328615668 12 272318037154284 12 66644884039855 12 186631975378266 12 133272039072585 12 222381419861232 63 165454250551449 12 144294439530045 63 196001795400259 12 243818816920760 12 333146142965609 12 283345953779761 12 161199925217750 12 137046518429014 63 227070749644307 12
3 11
757213592393970 7 831223832171498 11 924424385744767 7
151671952393357 11 193139279584236 7 328273998334746 25 201465295338585 7 167191080945603 1 200319424959807 7 276379236229940 7 272096160038859 7 208103109489650 25 173833663926437 1 139809109153566 57
3 74
2228276359368353 68 2243202580460491 95 2210033492678212 80
58549984855517 93 114927711729002 12 59868771953113 49 79541257376976 66 68438889075522 77 111717729502424 91 74619999351015 14 102863688197774 95 72242552680082 33 84404525502130 87 84919397037018 54 101674236590835 35 83388288302918 15 130036023983856 26 109458386438984 85 95332489669716 39 44840849465825 21 75692521952815 70 98826072903668 32 125768559267171 42 114941252000208 99 98398714218494 55 54700804691476 52 76890164543340 45 86419467027332 81 128631711169681 60 80460883428490 6 89415279353814 46 123054355578520 25 115707905990968 100 95519879068254 76 68922050324149 62 107751304868382 38 107188316610335 56 71427794819805 37 95218878447000 11 88063368250478 31 89392117055951 59 78656092723532 58 91477121953493 74 50707620609909 41 126626486137904 75 76332675973831 80 89895291701042 17 74499403425309 1 65630243641812 78 73415978720274 30 90566526559619 43 67114130318614 28 43233091633676 27 35759669477619 72 105420763555571 64 87808456554681 73 114880037547177 65 119250201892601 97 59753722614202 40 93756093885154 67 107590927049999 94 89150184636165 71 77165438802861 53 80415238422683 19 76852268831613 92 89056943947129 13 124652347543328 22 66553837026554 63 85922102930087 98 109460947782957 51 68473516746548 10 128999185232891 83 57394986971541 96 74280390018013 23 63670019299541 79 77147012866938 47 115136668999440 57
3 5
59266829603194 17 192445232704942 6 160625740101272 17
78008471184439 17 12497510869688 17 39197290902485 6 57194564726097 17 1 17
3 92
7236596232557173 32 7124934559461750 67 7205859043845024 32
194749667136374 32 144555471364325 32 213848245362122 48 89700024531762 48 343668195017663 59 238498571894582 67 236975027351969 77 211653268836794 67 222706438950222 77 205263742880387 32 196138336349262 59 225391710247414 77 148583507267282 77 370389239694652 32 248727330992961 59 300494886657119 67 305725936784074 77 277565260834624 77 253245399233981 32 340211813145102 32 208872368814503 32 132465153490989 48 147100441804984 32 189775575584802 48 186750830942653 67 276368340736119 77 193712924366222 48 197573016338418 32 286696150971102 32 185809714429266 32 258880014098827 32 249822280775326 77 297514417942893 77 195147144904403 77 289292336654213 32 326291444662492 67 243757845419263 32 201860966431987 67 221513918818555 77 208609804488512 32 320844288987262 77 314581544199479 48 231925908155495 77 199080562794160 48 254305465729629 77 241765280221291 48 193401353029438 59 288975674406648 32 294549799374381 77 251783713769692 32 230154844088594 32 179765035511362 67 61796869216891 77 222544686451031 32 274391404842995 48 302705197025775 77 249920313802688 67 252364278079037 48 165181936569795 67 271729154606802 77 179794500499172 67 217604833798781 67 229051499985103 77 260373952932282 67 200199607241693 77 293039730890607 32 190681478530011 48 121906232172141 59 147037717474384 32 252740403806507 77 331429300721079 77 217743656870773 77 313110975742726 32 153177405497756 32 333751863241669 32 158188134540916 32 302234155136820 32 186597305958572 32 254952473903098 48 151158936988646 59 243590299288728 32 250704386398337 32 330454973321691 77 279447719496380 67 223681435886228 77 222753742263299 32 277910701006975 67 137918495059878 48 136184936877677 32 305699798442448 48 228902830556613 32 268224244665672 59
3 17
1262115787504611 25 1238402815657010 41 1280534947024910 92
209138496882872 75 204702461522811 61 241193121243729 78 247185271270504 40 234360915268346 48 237302786207341 42 159856407401250 43 203023864507103 86 204964954318486 37 205494403305194 39 210551557718446 88 212687834665828 38 167761970731873 60 192321175182906 24 221395041972716 18 248498368103162 22 185256692925181 92
3 35
3084793980246419 29 3072136224774018 43 3137284737316439 29
259777344296885 29 259581004029076 29 280248480840776 29 261840607382083 29 265532599884264 29 273585437130607 29 248451388566428 29 270041374455694 29 247515466937723 29 243567631983786 29 268254011945340 29 263002434196592 29 280471838044741 29 276120116159403 29 285036583016560 29 254170357072262 29 264692427944521 29 292886945485529 29 274851311256717 29 267190139499450 29 264322345730156 29 271098125696741 29 241140620339868 29 271128995899922 29 271898760067209 29 237011878571992 29 290653807136623 29 306133211286121 29 273219804872634 29 248804988656340 43 268810974293899 29 271135227474500 29 238447933714627 29 214141029443515 29 249190075785950 29
3 98
6722953827332888 83 6515037686867051 45 6456087100612911 80
130742048775062 85 224674746352393 81 146948262862135 85 181968267925951 45 145855104553073 83 254453263937671 81 73464086919517 81 230155386150587 81 166287896014961 81 168448337812853 83 197253280429359 83 318355834670618 81 142466778678360 83 284513976765492 45 307949423844087 81 186426846200364 81 46497251197358 81 181403406939858 83 95854266821234 83 206823043698294 80 92853321456149 81 256014446984344 45 102693563066312 45 193449355764055 80 154765068934212 45 67022318478083 45 343663437447665 81 294517385367126 83 177139754175439 81 52419467319173 81 116072234689886 83 354544213606448 83 101042770089974 81 133109314216017 81 120073612909585 83 7443174101856 83 317059952154309 45 267671559825648 83 52871423790149 83 176870583156210 81 118531663388159 81 230256808374699 81 179442041055674 81 107181358325432 81 193336019683068 45 185941760059068 81 210258164822530 80 317044188346388 45 95195303088519 81 295652229802167 83 302610118498733 81 224040619116671 81 192058048987556 45 235527780385405 81 196062020750085 83 348000142806725 45 228102950616035 45 172631238037160 83 114133490701038 81 292587645391237 45 171469706075492 45 186079556038313 45 83925018133226 81 61705794237797 81 154902178769138 81 230836438111924 45 120544166124239 45 237747983234090 81 157565450332295 45 96615846072719 81 307180564425957 81 125566493914771 81 243284012422235 83 118356966973668 81 56384513030685 83 302475022540276 81 219321797184464 81 212813587243789 83 233111003642946 45 369873265793575 81 286858922835080 45 241497907084942 45 246813626711195 81 231658386180667 83 112067864343045 45 106589971276850 45 101841966209303 83 256193184407670 80 208593544354289 45 89979893117289 81 373007618531039 81 208218327291135 85 189411742198772 80 250629692585840 45 252061756059349 45 342837163711964 80 155014851985738 81 317045000089407 83
3 33
974104888954358 16 968736388596826 95 898925757607545 9
112622053506100 52 79954095453646 19 76249093083810 13 67373864329147 99 133325136765847 2 102100722257080 64 148181027865244 88 68267868607208 48 1 83 126099873002957 69 105650066484455 30 118009789352796 65 36059603496727 58 175800184455740 90 151059552130190 45 103499112437215 74 61361080208856 53 11415952732575 1 30247686689003 78 76760687493142 50 47513067230610 23 12831962660026 91 131164305415779 12 44449637126837 54 168697254385701 26 49944489705356 9 85732245666912 70 167944881269296 57 93805492582077 96 62358889111947 3 137156030918418 46 123426836733225 95 23802294908622 92
3 13
112457770613340 38 108382584001222 90 46915706199193 38
38518080015657 38 3981779481714 38 22017756096487 90 31100463265836 38 1 90 52453088821408 38 7432916735849 38 15630567709822 38 1 38 64167876833555 90 1 38 51041600976927 38 22802228171443 38
3 67
561847992819897 50 609722120882086 62 685445366588996 27
1 27 1 50 136978537040196 62 19114011269219 50 1 50 1 62 10148842094282 58 1 68 40888072221738 62 30611457266541 27 17975081490275 62 85010492608107 68 1 50 34216657298351 62 49790513183123 50 1 62 893388493767 62 1 50 72879058821198 68 1 62 9098264151161 27 1 62 75445475295902 50 11384484710214 50 62371315725879 62 62652299583437 68 106690309236452 27 84897941931062 27 93060062433062 50 1 68 1 27 94777641461153 62 1 27 1 27 1 62 44362775306565 62 51665001960172 68 54115612433709 58 59239297402752 50 60619151169188 68 103949922057894 50 107310250423807 68 1 27 102755909876369 62 1 62 29940256694306 50 56816731931567 62 77129206169369 62 24882877776228 50 51826396833450 50 46283962234876 27 1726148372055 27 52742492117214 50 5171765364818 62 1 62 47301165446766 27 13009749669475 50 63378076682297 27 68457708343458 62 9608259312095 62 102502612347990 62 29054282829517 68 139214084598591 62 79998232010728 27 1 62 5586059483159 27 1 62
3 43
1176896891173174 5 1174954210668949 35 1174996100874713 32
91030071808038 71 78048154367883 16 86762881543898 19 72615284941039 6 80244674953591 38 93114190591581 57 89666334983691 29 78093833167004 65 65310531329053 60 77201327713084 5 77953514635287 20 74779402761375 67 96046550571362 53 90131815841657 9 70522142505347 32 75151995086780 15 68079396066226 99 89601850728935 68 86430282790800 17 85801294075534 64 78156295536592 90 89021900059181 49 97956972438563 23 100598531656996 42 77126157576335 89 99376760658598 1 83162192683626 33 82859987633622 24 74084993432559 34 72793737098885 50 87240527694549 40 77213026106065 77 91398947352176 47 74881275121367 85 93526697704554 39 89075905728323 95 72558672670353 21 90564967451659 26 82111594169086 18 87207719675634 55 76898321422805 76 93649385910237 56 79641612764372 66
3 49
2907536558797968 27 2903963040583367 79 2908665686439784 27
192313931044752 79 191553436290934 79 175754971344645 79 165673049186923 79 212230301199924 79 210802729994338 79 180252988671270 27 190485632487132 27 148390718191061 79 169263067845054 27 200008361749968 79 200483373400950 79 181369245691681 27 170615543471295 79 146178421027467 79 140808814099034 79 196048158941861 79 198761339920913 79 188518375393699 79 208084879251312 79 210873754965276 79 203105394482449 79 157204203334421 79 145627104618082 27 210524709475181 79 141672866802920 79 175797028346417 79 186664430089845 79 198807392589519 79 200939196735645 79 180498231657311 27 171667896552693 27 166781365496742 79 185348344064516 27 171924912503561 79 151788505527693 79 165835263321750 27 150542885929572 27 159092557686753 27 187712539300811 79 188327006636735 79 168448261379786 27 167844792551729 27 189385270959874 27 183453119473508 79 170814147879671 79 160423745547878 27 157100174004908 79 168102292383971 79
3 96
1077010145581500 73 893670432318141 67 904928154579097 73
66229939556742 95 20087530991153 73 37308682977459 95 55359803800086 95 49344738605409 78 13231376245772 78 1 95 1 78 1 73 98442503178513 67 21761413412114 67 119135560315866 67 1 67 161952822715095 95 1249346048640 95 27653882319653 73 92601059572509 95 54723751154749 95 1 41 6068298093613 73 57644646783300 73 76614473981731 41 1 95 41849815020767 78 67681886290318 95 71729703349272 73 141209934209855 73 7470190032388 41 98185972231138 67 102444215766292 78 15845029586056 41 28315582303425 78 4382894980330 95 1 67 56536010470804 95 140055551524100 73 99911757934086 95 18009721368266 95 57852281717900 95 1 73 66751762388011 67 1673296981725 41 9093894846839 95 13139276531797 95 58311926208509 95 1 95 1 73 1 95 1 73 40789544985086 73 60953391101745 95 1 78 35641747276101 95 138237271336170 95 1 95 92518532153807 95 1 95 49501550877938 95 70437406665217 67 8844842226107 41 36534403095268 95 1 95 774823402868 67 7044976370955 95 1 67 22997203910497 73 18189348140829 73 84065517406939 67 68209083513079 73 16553951740371 73 1 41 43323099772785 95 34838512083648 67 10700135848719 41 10434019478709 67 1 78 18672826573930 73 2814703655258 95 1 67 25854793298923 95 48526959788781 95 47866870645420 73 159310733290007 41 41365760569532 73 1 73 47117613112831 67 42669915234660 78 3849361126557 73 84159969893959 73 72187379011458 95 59599605433801 95 30349765780782 95 1 78 1 41 1 95 441916327719 67
3 82
733543964264256 92 730724160652351 5 731411784401988 18
23420589847172 18 25784065276734 5 9311061978522 92 30694189760198 18 26401081920967 92 35845176274080 5 4646474078331 92 5917181713271 18 24262661603425 5 13985569124817 92 27223074741913 5 2291851358679 18 17812835319025 18 34051071998285 92 35068015553417 5 31630748016066 5 14118799037331 18 19274379801970 92 11740154619449 92 26074400103595 5 30720934689891 18 7486699801346 5 23585255823214 92 13901053941206 18 23954147868957 92 34770263139883 18 26777153737264 5 28363213983500 18 42587753502508 92 22064124154632 5 41871707222033 18 42951541176993 92 29553341372272 5 42991921438843 18 34677389272205 92 18645498272841 5 28524135255325 5 16154506984269 92 30368518012430 18 23300199218603 5 4110334647950 92 32454013322416 18 43609917836271 18 41369964927286 92 39947549925902 5 26613239452794 5 38749349939357 18 39433459492976 92 15852774089973 5 19598514534417 92 17956059225300 18 23024451406261 18 35294033799394 92 57522523461484 5 16108181425612 5 25984536958325 92 31553000581447 18 24908243142124 5 58338058656279 92 15907459816300 18 38124738391947 18 23496152281332 92 13885513258120 5 30536610360354 5 31581681093329 18 46776355160037 92 31600886065547 92 12975028869550 18 18104990289664 5 45111681121608 18 38370034814804 5 12629415783125 92 13060089598295 92 19620588065090 5 45995770000674 18 22126072624244 18 30630766610769 5 16339494394729 92 31572738626844 18 32378563303059 5 37031558878060 92 32929837218454 5
3 42
1180752557485032 92 1054998038346030 87 1124895883556210 92
26307779220464 87 155793572806893 87 1 87 1 87 25920604405716 87 90406735746004 87 120620983505092 87 78028493084868 87 97243905358089 87 66938962939058 92 28977541346326 92 167086021060366 87 147885046502590 87 87359571835953 87 120173583071479 87 118090161009 92 120082879902964 87 100537415732867 92 113909354322864 87 82052218207564 92 94046497754613 87 65296159456184 92 33046063506073 87 201998043810658 92 58718866229375 87 195583234037070 87 184107293375400 87 102299005519463 87 80901858049514 92 130167853833773 92 1 92 53372194653536 92 135948996303764 92 1 87 72554503013462 87 6359409276561 87 39165547805628 92 109837811227282 87 90676097215761 87 99793851228182 87 26461447080628 92 70262997756813 87
3 26
1762962223266513 22 1734413439901098 24 1666809238217317 53
191584414215327 53 194949339087575 22 181818739815457 22 207544917956811 53 218290086685614 51 181233679544375 24 233077182516574 24 137139290477863 21 277936049044501 24 232860140718367 22 219138007815065 53 199329305191902 53 175911365559412 24 182484540563843 24 125416776175550 51 210098416558291 53 265656620346256 53 193238529400818 24 206456289751498 24 230026217265962 22 227626220264614 24 167703028198700 53 218373195048668 22 243041214520608 24 265658507303337 21 282935672459088 53
3 49
2708363176924922 47 2547934236567314 100 2550442932544004 26
273721199086188 79 126396234851757 38 177833693769764 47 201509347640953 92 111355581054688 23 135174655114300 2 168246316715209 96 90840939297936 84 188161132128192 42 192196576503476 57 207849757462857 27 193735268414989 16 196486807771681 63 158232808021017 51 239799779197802 95 310460029333054 49 265802586202524 8 74137536481279 76 212175990126590 53 205489920616145 24 146789080734139 75 103576164140485 50 127589492546500 98 163170373222602 73 58734025036948 32 60298009720435 85 114435754751353 88 206664155746776 20 131100395547317 82 265017702478180 72 85994371469093 26 136292172427023 12 86671504576843 61 138196703231564 17 6093527058994 43 80870917327113 9 72235066516087 67 204008672851276 37 211940832070034 86 167238358538806 100 93665117413164 18 105010009729006 48 228167451500183 64 12093252743733 14 68984140030399 99 146637396330880 83 163674696189604 3 280942948357380 40 242792401613658 35
3 27
119884230060712 81 142576654719201 80 133744023033857 81
8502393928037 80 3125619099805 80 40870378761306 81 1944632275366 80 21285653042092 80 15409821765227 80 9497127394803 80 5376711837808 81 3006242768642 80 14895132379112 81 14092788554325 80 14829525393708 81 529293285102 80 12361712518819 81 11679610162347 80 1 81 29727635415777 80 479890893239 81 11760745764150 80 22943959633424 80 20574857099017 80 23344790830537 80 36451378001788 80 1 81 30881144443687 81 6053344771735 80 18562226697394 80
3 12
200033959255867 54 179768578827329 62 196286896742459 100
67400887849638 100 92089043288743 100 1 100 57848422109232 54 57446633110350 54 48751311170967 100 54187110985612 54 36593068231545 62 21187458238611 100 48853069966885 48 57075297594276 48 97432836678304 62
3 92
6237222510675223 76 6234560545145055 93 6235633039514132 72
157414516455458 22 226953670176929 29 179313136766260 62 178403160187345 97 193017995428432 9 176133238628043 81 180998107157462 93 167924626491054 51 187168018866053 54 226201937669488 1 201455597230159 91 184836155253882 53 210527763348377 76 164774240100783 21 200510039668273 82 242918484093673 38 244906734133012 56 168972717941029 72 152555150602846 33 227656168127538 85 171552647315890 76 174605708598489 38 238208301857767 1 240842389983585 29 205308102519833 82 192415270531120 72 221827623310741 93 160348427266334 62 209455729727225 56 175053689106781 81 211920860646995 97 217698800362248 53 178759502588737 85 252038023292851 33 188740119509808 91 201264356816569 22 231772870795992 51 203063267723236 54 167135049053346 9 212630536423769 21 209617447240445 38 207935636496050 85 177192526191504 51 185648312727708 82 191617982322381 1 231233270784358 81 203793097791359 97 168052743282301 72 172556458094593 22 202683191797288 53 192039143708308 9 195468503358390 93 176949525797981 91 213087433160888 33 203613006678429 54 225005263676508 62 233289526588050 29 225232045845761 76 200006307361964 21 231162286519304 56 176293085714469 91 171310945615166 53 214422419966812 9 204052559167956 21 202061314543696 22 207483795414860 76 192380022814858 38 205313946986737 33 204825585037969 51 224496651752479 54 207091324175462 56 156338482644002 72 196965121211831 62 193728864662683 1 195817815936016 82 212292253088713 85 204015156255565 29 190722374030594 93 208907004725617 81 179316803070604 97 226152952336587 82 209524672745317 76 165469438021268 72 241202758184896 93 201270597748004 29 187026342745255 91 236252929679346 38 251082076182280 62 207928698243862 53 192267818287363 56 226967044694621 85 191596695290000 22
3 42
2231497579665625 87 2213727400630912 43 2228305959081589 87
161852040592895 87 84062272008849 87 149966851898648 87 192469341762737 43 273243393082396 43 288076508785168 87 156236571254591 87 223836853068385 43 123955258005946 43 155538862994334 43 40266753151906 43 186285431138036 43 186144099196685 43 289028534743504 87 56979235379054 87 69548345098761 87 1 87 64704023901373 43 64243933672954 87 225103283609703 43 131746243510913 43 1 87 8016901779405 43 306604987849124 87 1 87 7976285047638 43 229670006549133 43 188568790541455 87 64944200278779 43 147233969007758 87 126313834527742 43 180264203123168 43 168202025347841 43 127300318247186 43 50377984307136 43 130523985994097 43 4929720858637 43 190805025275735 87 169922132146391 43 121006225831486 87 117072958425345 43 152157332666259 43
3 66
3181777543861424 27 3260341981795983 27 3110649130030644 90
143338722550510 14 28489896284739 45 149762681032349 14 67982638054291 14 123232901881536 27 6369015357426 14 254499284518516 14 71519798654576 45 230518881756185 27 36978173871429 45 138694507701985 90 219318442183592 14 28845647453180 46 183124753327979 14 125977203608846 27 149254727430789 27 153927229621692 14 121346113275296 45 170650855804580 14 193248874045300 46 279108789217812 45 310015458597304 90 227620202155691 27 102899236683026 45 112991091316987 45 140288258789421 14 126914127203482 90 50687527837682 46 34556842283031 45 300622415290354 27 1 45 194102526153245 14 79000582346349 14 122852565298549 14 187881039130362 27 143987420539030 46 209988607252131 14 133021911315518 14 130908142855574 27 201596291193915 45 228766089060280 14 133383601587916 27 111927453698592 45 235072389730282 46 142755055248989 27 232043328119438 14 233552183388590 14 122909643416489 14 99308146470172 14 42146052634400 46 127953615903771 14 127815422108807 90 86576159642849 27 111451217966073 27 99240260885224 14 220776259623414 14 52475589371290 14 164136516772136 14 141569792913131 46 126128695884650 90 129103542924157 14 282905385150388 27 116537350704798 27 224416799501696 45 196199243999177 27 72741233540703 46
3 9
184137288050789 77 159853099071073 1 166327800694122 91
72645206435065 34 14504700983878 48 52983598107374 91 13817420991721 32 36284362145806 26 45434946378524 56 1 70 86077411621872 66 100158070191883 16
3 67
1069471319794143 43 1031973469234975 32 1002358541491898 43
197633599969248 32 94634440642479 32 69296734839161 32 29802601972299 43 144037453816146 32 133767709992640 32 87952329790020 32 88191623112614 43 119659375496020 43 74563474242899 32 157859769226895 32 33049022235626 32 95108267674742 32 75025404504455 32 76314985056500 32 23281364889896 32 54999431713031 32 60203237805440 32 47614036799347 32 21447841671074 43 90614602858971 43 1 32 215752022454228 32 15474991961354 43 66730672923187 43 17018417684464 43 165018049741864 32 19868258023344 32 89067791241162 32 168118070228264 32 1 32 12567896021600 32 103855922534553 32 104093302358078 32 85365065592001 32 74510080356975 32 92903005293438 32 1 32 28705057798840 43 4813111692718 32 45572051494487 32 24878057954606 32 38804039743316 32 1 32 212620550010344 43 141047196515025 43 85904367508054 32 24925989882318 32 1 32 61351114405959 32 81477362216629 43 19749456814128 32 97341162219228 43 1 32 1 32 6880975913349 32 149057664134521 32 13011055171223 32 1 32 108911002433150 32 46464678351793 43 1 32 53382925933902 32 11627525737561 43 143874853960792 32 1 32 125066405352685 32
3 49
2742850421644190 23 2748449427915338 52 2809899133128901 23
171628341693726 23 152900239068728 23 169501512512495 23 191327249050491 52 139535935547958 52 177900149279715 74 129098509762702 52 148200273356933 23 167594894322628 74 155286312469044 74 121825486276999 7 159817318531136 84 169834643811085 23 212818380060584 74 199469028760567 7 208591716207852 23 162956479595918 74 139345843769666 23 197072308149394 7 134631534031785 23 131617986304745 74 157599932755028 74 160296480889901 52 204113076013674 74 70449844732477 23 136918785299661 23 170816429714400 23 180564809253443 23 171125445045007 74 173445131400784 74 177681926329894 23 221477848886113 74 198842725012882 74 186928727585795 23 226891373954124 52 208224532487725 23 215924873296850 23 222582363956838 52 212638526009729 23 240431566411227 23 156683219903979 74 124369243723896 23 189471798639688 84 128413047553694 74 117418172777347 23 164747137665533 7 129370596174496 52 214350237370061 84 229267026504774 52
3 41
2684238740823043 99 2647330119673162 39 2656740188204150 7
231223637301480 68 154994469638544 45 165196316297582 8 141320644566225 52 297724578396407 100 142295928847520 12 96578676419781 60 180757708831681 14 334563092988536 79 139648462388011 17 234743042408662 53 242761032779629 99 197837306298733 56 348115035520737 75 115191824585072 77 41162144597015 92 204384176276073 13 36351800457904 16 64190113337898 48 118649236395210 67 236783067432738 24 158158134743950 26 158153469347421 87 93676152024307 32 197334371924050 22 193080791791381 38 28931060955698 81 175746683726314 27 223904320777614 42 261935113329547 65 240776173744430 6 246878256359945 7 213425029851496 89 56644380692086 9 202059817484368 35 145460396673480 3 185888318569798 58 407431775685008 88 194816686827638 31 222384005848994 21 113303569783209 98
3 39
408419068418034 23 318039108324139 21 378903563484533 23
56510692881975 23 15156288463325 23 38478998879481 23 1 23 67981208513590 23 88286712581300 23 1 23 6746911178087 23 53009440957193 23 76935695878254 23 58707547608557 23 36204170618330 23 26058711315474 23 126235243971558 23 77112436578489 23 43258821191818 23 4824668360 23 1 23 54621793308441 23 1 23 21029911798350 23 39606703356956 23 1 23 28635426393239 23 1 23 1 23 6287445595693 23 1 23 117711687108936 23 84676941093500 23 43412298278798 23 13223993518066 23 44878450348163 23 52315026290182 23 150470579918119 23 81384578478846 23 99108755892330 23 1 23 1 23
3 92
1034177137991855 13 1201235909459822 83 1142550775144698 55
1 65 1 83 76269032780922 9 1 9 179277766768325 83 89192392995057 83 1 65 35299204580101 83 108918882408977 9 106217072882974 9 39988009032859 9 90269514193433 13 2459988544766 83 77547224382368 9 1 83 93207213811610 9 70225760712300 83 31664782730614 65 1 65 1 55 1 55 1 55 13765374638665 13 41675243273390 83 1 55 214199191565677 83 22013342425412 55 15309378734088 9 49379796286949 65 90619003001385 83 46934271478219 13 104550336723019 13 77267447473417 9 141166235159695 55 30411197335312 65 29248623929598 65 24008999678894 65 43279378218368 9 93507779247993 65 64515857952777 9 1 83 44780434029874 65 111047758980260 83 1 65 160828268216920 55 1 9 30340600065535 13 62106562829601 55 76537745458447 83 18727533115907 83 163311076710043 65 70475940135999 9 136548879704816 9 106900441352237 83 1 83 90899584511931 9 1 83 73454031898276 65 59721931256739 55 93427892801412 65 35633131289261 65 122579926168442 65 4654386936534 55 1 83 34499708522215 9 41283207841211 83 152335161874170 83 41602750832230 83 1 83 96818517144137 55 122828441722959 65 73454970398080 65 1 9 106050052353485 9 1 65 20977151774147 83 137242505929987 65 124230117772679 83 22947995896298 9 45624348978302 13 1 83 1 83 1 83 92845349004586 65 42716767753033 83 25919386169131 83 1 83 1 9 68200508823969 65 153118715638337 9 104192255505325 55 13083497324649 65
3 6
456547810671071 65 470696259204403 35 505867720976928 32
384287407296702 57 203450286962375 42 212168931586812 2 225834925742105 31 244552765885751 75 309404304891428 11
3 22
1485889184052985 86 1439882787414922 44 1365729311766055 86
284570477271556 86 246403466068548 86 197629820778418 86 259730873738283 86 125761792044294 86 90497027193147 86 205750555434446 86 236025578451065 86 222002066870709 86 96029257266846 86 159321981549638 86 171713553653416 86 287051659000797 86 156174975769329 86 133842371008761 86 228373618737140 86 165252582714430 86 93911266681813 44 206634798546180 86 159371919377283 86 223283425623952 86 206975744756963 86
3 83
6703075179621419 100 6486857800171113 100 6767503646167958 53
273430199735491 39 266226928505536 53 410512625458819 38 264063328952138 53 275534350699337 53 209757262243434 53 324441746637009 100 410770990510772 41 328110946215624 53 340529107881992 39 363732623991907 100 154103732602781 41 190582362955660 100 350719010816340 100 275481475019700 100 311529865884562 38 225898542293392 38 152824496405580 100 192549167651531 38 242771105286998 100 277962585406425 41 422721499001308 53 306267051508171 100 190797648795553 53 280844035380223 38 201018626821939 53 235126473452294 38 264691037179082 100 277551397699625 38 231026428452938 53 154179141882575 100 269205152779051 41 191602289022811 100 338729846806212 53 119435995119796 39 243890552553819 39 288814702267913 100 191276650453428 100 296319658055552 100 138100153922771 53 226371697034473 100 314287756915456 100 184121861587600 39 146946061137044 100 246810927543230 100 273797560436277 53 402176141855960 38 310473878357488 39 407315421290420 53 230803453715268 41 154095120488258 100 178176091748460 100 298905186103719 53 358025232126064 100 235729407113570 38 466115770837652 100 292373055079995 53 327758268872516 38 224082081410694 38 154455925581300 100 385136015281079 38 290092249217122 53 224350522411895 53 188275942326921 53 309253382356069 41 145893887356762 100 348005818433183 53 209022645357626 100 259271046916868 100 310319506335386 39 272935273287991 53 305148651133378 53 203118459154707 41 373172201297139 100 322250944487194 100 315040452501431 38 225913760096098 100 239477106657921 100 364642351940659 100 256753418779913 53 292815882467821 100 92624660653417 53 246893883526718 38
3 82
1021748409738894 51 1029903280975628 88 1118918416071866 54
58469722648049 97 71781720851603 30 48947072492252 67 27134194029355 62 47066370487588 36 26718474320165 18 6283595517208 22 62121845127167 16 44499765427340 31 33298648087568 68 56033235910594 93 16295529643914 3 46723168757537 26 19270365563888 1 1 6 4802752260755 73 29738593161316 75 64600188879606 43 72315804100466 13 89505126765815 81 21661668940507 71 76265450332153 9 14022383185619 34 69225993743906 58 13934371182735 74 5095433619211 63 5731143053531 70 23440200559485 78 1 29 19887437482832 54 12943326269329 96 25441295899846 51 25905060522867 55 50239350640430 37 1 100 65647502054651 5 1 4 16422888109822 56 82189189958694 52 52056159179286 12 27145711079866 92 64639369088171 65 68691589205401 39 62043270905218 44 40960101368388 35 27981001642016 94 67743352548820 27 24854300327449 7 68490003891270 15 58170683765405 85 56993171147405 57 81058657947671 21 72210177624099 10 1849623694849 83 80487991660976 89 35079081114450 69 49530039224366 38 61228575260863 46 5176887055719 2 43532162774151 28 69598421702114 42 37524160079143 14 1 76 20421124429388 82 61697395159115 50 34087885228772 80 10375954682282 64 33946842823782 61 49585570717096 88 54879518870312 66 14201211965319 45 58612632869265 49 35933590864639 79 97914098833186 47 80092178573771 95 47766993484127 33 45189682111557 78 49560335945981 18 72889680607984 85 54580219368442 81 62455921310840 28 24839262439820 31
3 55
1948018086483554 60 2059101215364796 46 1955876004798828 60
1 60 177565102907112 60 89718461820264 60 46781634158257 60 148103506731501 60 47093106915917 60 1 60 53997401506999 60 70235840977692 60 132171621432904 60 99179362059017 60 1 60 138149897473055 60 144843281535436 60 1 60 87998811091893 46 166162740851674 60 73657236925350 60 131715065631055 60 224931393419776 60 49679806521019 60 190370132718968 60 1 60 83314285090996 60 128396509687885 60 70126540414616 46 78758874477317 60 179740394908751 60 118335222073910 60 80160289959007 60 109776536601144 60 48493323336913 60 43045674776422 60 154147758897490 60 102336745149975 60 89389275785282 60 101495540534154 60 65570989523765 60 137226200165597 46 226597769937566 60 144913741103573 60 148981942721014 60 109817610789382 60 149102405397535 60 94046586498919 60 72958078589235 60 99161233263090 60 112882062863485 60 242829006659645 60 182881084042632 60 63494415558145 60 131436471945209 60 169988533398383 60 181306210853620 60 140829610332580 60
3 90
5469366673297064 85 5472421705890426 51 5470633676627104 87
195658655038710 85 170206855499220 87 164324030854525 85 171585627511499 87 183831155861893 85 164834939812030 29 181679760066422 87 185976718834352 87 185788172938555 51 188333752011991 85 179865867162867 100 177298172833912 85 167984790580554 100 166649196093592 85 186848268351190 51 192395984215472 85 176509005945124 29 178920394519309 85 177376972614023 85 182985134019734 85 183122506080793 51 181346275132530 85 176266874478571 85 161486122742579 87 185339749653322 87 187723779098136 87 175060354231248 85 188559835667524 51 176988164029764 87 184705015759914 85 202543789642248 85 178743746083126 87 183728050232187 51 173159240180945 51 191757378939667 51 191684245786023 51 180102735145866 51 172287946442111 29 183570915830159 51 189681265161538 51 182631036269649 51 186162667777109 51 171694478931879 51 207302626706519 85 187927630172718 51 193066844139617 85 154780977073334 85 174080034188060 51 186976362186084 85 156369183369376 51 183851359931437 87 169669974743415 85 190280709517256 87 179329822766247 85 174178453787070 51 171039501474641 85 198056761148874 51 178664932154498 100 197872954833174 87 172390180246443 85 185576940634632 85 169442102303417 85 204416732606327 87 198945449915662 85 185859012240971 85 179750059238837 100 184355950145372 85 188920752700582 51 168971897308606 85 168143811885734 100 178248736381999 85 190471569567907 85 176412861520718 29 160792807628631 51 197310585711843 51 193399127211506 85 167492832430324 85 181670919897993 87 185820297081957 85 184810341464194 87 190905997046980 100 171076181305475 100 184475631844553 87 172323040632705 51 165415696537115 29 172414771700279 100 169955244667882 51 182538973187051 51 198212970740210 51 166354604620905 85
3 83
4407424732936915 49 4440771790878803 94 4436258663067692 84
157699709200366 23 166067286243599 84 131340772983721 98 154675543892125 63 146045585258932 24 153901765769252 77 135739609094220 10 160694639699770 53 144819335548511 99 172608683224815 70 155644547233471 1 160023690220000 25 162751345554817 26 163155490049384 36 148945538582083 79 137904242314199 65 154924748646331 35 162131435141079 94 156317620774021 62 169824712967416 89 163010325569425 34 145655914732323 90 169451737821801 48 160913610304143 51 161994293987600 28 171925462006294 97 160476373560353 31 186421568455694 100 148830969248559 69 157813522369787 16 167291187269991 42 164265963524627 56 153363569654430 73 166453406977148 80 159219972890001 60 156057279362760 8 141614346850504 41 161367738490353 61 157593950326555 49 161430248146481 30 169102945729248 82 171625787860491 18 153562747297035 76 158039005832187 52 162429356062330 40 165693828629489 58 150172592387500 15 145294636269090 50 158934153271542 96 143633354976186 48 174358020395329 50 151744977685275 51 158335685587734 28 150273206334900 99 152787377811586 58 158339630899252 65 147659722197736 10 166278495014998 79 185614961911585 40 165618003074599 25 178590071080139 56 193820711842423 16 189571204709015 1 166767858424142 61 144477029482064 97 160852706925189 62 155969847671643 30 140749485119078 26 163332415591725 52 162928661841323 23 169060453676841 41 152333077471230 18 164008910469841 89 146271181667515 73 168848412251599 77 173227849829195 36 167004869758869 8 152664791401485 49 147742027507828 34 168075493892741 96 164776820894646 42 160340851129334 35 144148668314855 24
3 17
618096205227911 11 735291434406206 60 649493438533531 11
163851600422549 11 57220157636407 11 156351139513133 11 272564970468317 60 241598678242159 11 196075020444018 60 174737911872517 60 76815304898734 60 111421456807492 60 176296739744808 60 1 11 142506227059007 11 90871225407346 11 1 11 56602866388354 11 80364938496548 11 96039938179068 11
3 96
9025300335568116 72 9017857342649238 78 9032656724219252 63
251583274259910 39 267029464866270 39 271038895083361 63 303739049977541 39 302883040170557 39 299782961322916 78 279152820754583 78 278448510939402 39 264947807101768 39 269533181075654 78 266577762403715 78 316079731650796 93 279471657146644 39 275868970572355 39 270483945500655 72 299095092654265 93 297468660887318 78 290829126865900 93 296451057865874 39 267060919523345 39 231139239866728 93 296442641512624 93 290548602194324 78 299369921950014 39 250971907392355 39 289164355211816 93 280186323838612 39 296105630266658 39 229246650547141 78 299748969242582 78 290168470017127 93 261434310356779 39 305804201389558 72 270514344278358 93 247124636319791 78 302807465667332 93 248868414811623 39 329394574138165 78 309210679126765 93 268098134620097 39 285669550532194 93 301526229994619 39 259192835613712 78 280081096477312 39 262798307670391 63 295048526424596 63 293926685600127 39 330237397227016 93 291500165943395 93 300858328124532 72 289438999313457 39 267038263612671 39 269862756860659 93 298390556576890 93 263167907115327 39 233690932413002 39 281442160000683 93 328045904105201 39 314880203946785 39 290070319534501 39 256685843827366 93 298096903913437 39 297888884257281 63 271408291546059 39 301622452823018 78 312052500539418 93 325552959752604 39 257593077200519 39 289649540212922 78 275476117174118 39 326320474811930 39 273225823567708 39 285620831075066 93 283863611955449 78 324620889740417 78 276559081606250 39 299094886858711 39 286530492208961 63 260713292001489 78 272036523131927 78 287215959145677 78 280331909956354 78 284934322416070 39 263266158685514 78 300169867822144 39 280130315375320 93 265960626682314 78 287661206306523 63 328570288665647 78 290080047915468 78 300677989281716 39 284719318072149 93 235255572762632 93 269636177382125 63 281868533591930 93 272008185999554 78
3 34
1688655131699067 63 1936089159878691 11 1701516930669100 95
178250660327516 11 218959157712984 90 172649378050362 58 58197039712093 51 188523146541492 56 188737367389577 41 87550335776359 7 124792119928108 82 188022009182171 13 171735441873856 39 264439597178606 77 151622973864543 8 35197916419772 31 42273806358428 23 247194557469378 91 183680194355611 85 118385169818815 93 93223624000562 43 111368320203888 4 209785168060826 79 205287077855182 62 141092132886894 26 241021088989652 44 84747376900829 16 39338505294878 69 231024387357204 57 200563684285883 87 215741354527460 50 196499168114878 35 197083183458540 96 294842589061385 81 152671388781955 27 208678510911933 74 108137578237307 83
3 83
3576099367296880 34 3568050608135055 21 3576268672603684 34
185765049805876 34 154725411602117 34 132893125910842 34 156814610353982 34 112202272255193 34 97385576420330 34 156955820476562 34 152043955163324 34 148986168135101 34 108064891166366 34 146045270996830 34 88285762284073 34 107769117008292 34 145544076280099 34 157988138820776 34 137483442275796 34 185958797494215 34 146502038254190 34 124718284926313 34 140159912792822 34 150301269796953 34 112971864522405 34 74419737285185 34 116596477792646 34 85007280973050 34 144044029808420 34 138414096619217 34 96154681039563 34 119619930609688 34 93486279280481 34 132201785761967 34 119099186112670 34 111978016220014 34 141033146828814 34 157698725068787 34 180251987009028 34 118730159090901 21 91522583531790 34 109728180197108 34 164738049743627 34 118957813279898 34 141597804089019 34 176156903208417 34 130497719002780 34 150026183188618 34 120390096662599 34 92871544510903 34 127097983228415 34 106858462629222 34 159054966545895 34 103402350740174 34 137060537018396 34 100460157569799 21 146658619360335 34 137364877390520 21 121260817941781 21 140330296858161 34 143921998352348 34 113329754288197 34 145702227785468 34 154981440019952 34 149544905906319 34 140696431001318 34 83798122614131 34 141526681412751 34 139240428109418 34 106815729981070 34 139605419944897 34 94028323120455 34 171299206043562 34 119560598751723 34 152046059993406 34 104515790569763 34 114956462291610 34 110750988218263 34 136704034533769 34 151378599579090 34 147265228597242 34 139071218202623 34 168451093144631 34 101926191154115 34 86439288506435 34 170244886986436 34
3 35
2910792069407399 33 2916061664567995 88 2900262811367243 88
228430127711491 37 254871780030587 88 315589328922903 37 285627549421330 37 232756982120180 33 278570482136049 88 238547978575071 41 288404775712245 88 285524271653325 88 299945231319743 57 221139995749208 37 365084566774152 57 276662064400829 37 233508317270132 88 200018432640484 88 319140166226947 37 223722595318297 57 244086444743358 37 269289822138273 88 252858411986705 57 244539549446481 88 262499798932716 88 226673632506733 88 305438238580387 41 227182060140448 57 247319267252875 88 231548727455437 57 261989505889404 37 217774320326985 88 173026965409490 57 270532613805510 57 260618553623489 37 262801770705778 41 262159976597946 37 262153699664122 41
3 86
7877290597169696 54 8009463402846265 34 7894588109899065 45
330411424091948 81 224283073115765 13 186195063374457 54 247279544756004 80 166522058403029 31 242390688863740 14 260716435641299 86 217274616089027 74 192902796359896 34 250873809401557 63 269230491169354 32 265802711807998 49 279225370504186 52 159289180236706 19 266564956248146 38 235060754786053 65 160963032672516 20 309444960018170 42 357845766516705 50 161604192823564 77 251135971477277 71 393725469583531 1 293981554461344 90 200070396105037 88 217732042442399 30 287616251474472 85 329783107089908 70 298938359992572 98 353601569565054 10 266340741978816 56 337633008324328 66 389235895925488 43 284017158864648 87 316083109189472 99 239158052101464 21 286096786945175 12 433407920479337 4 314990753026514 8 249234274984636 96 277405296817700 100 318836697145975 46 343667099974596 92 303937614273673 69 376235811649096 35 289491638856653 48 303706869599050 29 216188250113589 89 334775297529116 93 264038527260303 25 273024950236085 45 321979787536596 73 207343262918059 85 325231585465645 99 326995749224107 29 329271765429925 30 280526846053813 71 331231825477259 46 330818835029118 56 245597901543317 1 289957779886219 10 231049249253885 38 202997435057492 63 269027745562878 70 266212034920395 92 341558458396483 86 375525781306901 19 139572677809523 21 331409007169229 69 336470970685347 74 292852066233197 4 318045229587856 49 275775936190356 89 259882545768538 90 267464007778113 25 245235689257851 50 294186018484906 42 257731131840801 35 189667422776759 96 285581401970112 98 285620199102822 93 238296931503267 73 272257402557536 20 191818510137657 77 274322448836997 13 273911400238692 81 280668082508221 34
3 80
2497911861633158 94 2178334320532310 42 2394698372542242 94
105554261852058 94 33177752173572 42 200326250807906 42 63002428119505 42 1 42 188220431643352 42 117421754819457 42 188037661087119 94 218051814658723 42 103063529165869 94 181072676928287 94 95799835703103 42 173232381290690 94 70993493926217 94 124683913684285 94 114484396045150 42 41400397630567 94 1 42 147888203594233 42 1 42 148892634584645 42 126157477083855 42 38490221890876 94 115268594340176 94 89232636108815 94 172459669666213 42 140964877509468 42 139452851780800 42 922226107522 94 14688210190191 94 110788159665005 94 119574960692655 42 74887100421560 42 156979180222465 42 71623285370829 94 148323194007213 94 127183531622490 42 144480143154321 94 99002668178421 42 98951092487807 42 25641187270523 94 104164283572150 94 134310194426283 94 63139560666487 94 12718178556239 94 77391579180848 94 118303955014372 94 196210373930925 94 33476385519061 94 6622673379013 42 46916454946474 94 111154184537027 94 9582558037861 42 136478041716266 94 1 94 42747542674462 42 80599960785289 42 1 42 163574745587029 94 121236909891916 42 177351973168447 94 132664724640624 94 119791440314389 94 203070426692308 94 85213108402922 94 53134889264987 94 249743053080838 94 1 42 119160065859956 42 112733154654951 94 78525839448959 94 52504021198628 94 123905066074700 42 184684957992716 94 1 94 195298563382968 94 1 94 1 94 229604558899446 94 62861863873936 42
3 87
8564824302244596 23 8573361591976491 24 8587025713540869 23
266531577223294 24 301722576801395 24 305949930218721 82 279079584904231 23 285670717011997 24 301150714712347 23 281798559910938 24 299945210581055 23 296258576901111 43 298088554671421 43 278643738819298 36 308505187289866 23 285918141570815 23 296504675786015 23 312109661111036 24 285736624674959 23 278538794855641 24 300263874591680 82 272726171709881 23 286184693020933 24 292702979027847 24 304581914106674 24 324025277390380 43 288348035729411 24 288864258696143 36 298287149590717 24 302546833749417 24 302143894493036 24 289813076702072 24 285639258414015 23 301547531889359 36 283588265044851 23 319591777190406 82 296497155417742 82 298235903483596 24 283845706651434 23 300593348668206 24 315794540597114 82 297151171822583 36 281699728635208 24 271444945035280 82 311802666163049 36 290215297370101 82 297032377539303 82 323926222025757 24 273661148180017 24 314269150870201 23 281321071509604 24 291040875175709 24 301659185638878 23 289907934852364 23 301821412558824 82 296732194477902 82 322182699006420 23 259840651304481 24 289426302967940 23 273331575002282 24 291212768264207 24 297838559515945 23 294463493422748 24 305684007962954 82 285293172221992 23 294795983623007 23 301116565734355 24 304878989929897 24 265821601709746 24 295097908325389 24 295425074986816 24 301496623040349 24 280416305287739 23 292261835536300 24 330267223870728 82 321813433830220 23 299892378392135 24 303983299891843 23 293296289158129 23 292870556079828 24 314726374625820 43 309019429076448 24 309871824514176 36 299763903021250 24 298678404631973 23 294211881215235 43 292009283307279 82 277683214935017 23 293917840074162 82 303133675012753 36
3 45
3161907094834822 64 3317088833872579 70 3562862924451780 82
227491532172783 77 208071068975424 59 199156129715699 11 147522420119819 41 154631125774578 97 266192196264126 83 296240287209799 70 97012875013908 52 176959431178760 5 280956007580960 78 308713796785287 6 142182805511575 56 243691110071888 84 144693702193844 69 203733349387647 68 304676427546569 34 269293438055691 45 165363757097206 90 48155826241704 92 181361351084239 47 193281972037105 57 359264945831650 95 273932595810298 40 212398272551984 73 401396973593848 94 248808492281257 46 71349780177429 99 187152082078378 50 202688692770085 93 251765166556749 7 232971418085674 12 424639253162913 33 72495022175791 58 115808589781555 89 175528081598924 49 286712281163548 44 286189579690105 23 141722523948474 19 236450940692054 75 257429372062039 71 264254040701077 3 219721815574320 10 231196237183430 62 263139509265885 37 248071311136671 96
3 79
6559360403811065 94 6520631341041853 60 6462918962987146 94
220203813873438 60 289564735753137 94 292650808944200 94 233820043243101 60 278606825762411 94 193695219516779 94 238232707341334 94 256090179738799 94 302106868621172 60 290825262118853 60 161459925904947 60 278325873248005 60 225146105571761 60 261065325319843 60 236396185305694 94 291273972170193 94 267526582014447 94 137413569450999 60 196255340418138 94 304641792053576 60 225206801467375 94 110408764454350 94 266420396333756 60 258000084146887 94 173117547865631 60 239270125423055 60 339503739486788 94 205603758957628 94 107105763669369 60 235826995808389 60 273224759806326 60 226241123588419 94 258572689867634 94 262048100439073 60 306983650434196 94 329528922849989 60 324811055297689 60 307277196413060 60 124626570012089 60 289180334361700 94 296031479126450 60 188869632265147 94 345126219393934 60 177225839081485 60 296336434683358 60 279070284843453 60 276474093465506 94 300658400707883 60 195364411079132 94 409684023460287 60 270290296526741 60 150205692115265 94 251192404638809 94 211198253096953 94 166855490797562 60 242791616191180 60 155506699689557 94 277279361724539 60 237263756021226 94 251718507979001 94 305734478834064 60 298191858893353 94 242872531661400 60 178593279596492 94 256288920053883 60 280510467749009 60 313052311938831 60 219188298705633 60 293205363009136 94 264904992520170 94 262282361238362 60 264054107552529 60 232938817240087 94 271399239898362 94 236399175474496 94 125782155224707 60 375896214746918 94 296062711406353 60 211657184164029 60
3 90
7979731503826813 13 7862673550485237 13 7844573830964032 13
261153335050326 96 213537666570651 13 309797730459849 70 257025193223276 13 341305921058054 96 337589073344132 79 367014577394885 96 210556418439825 13 307463805490176 79 243838748059244 13 204511896730499 13 281266188389242 70 206989332423342 13 310837353604906 13 354299009997439 79 211843041884673 70 284128403574836 13 259211732293791 13 256686821726780 13 212298875557375 70 211869701660740 79 293196806717045 79 213945812346109 79 222491310985609 79 384278846096684 79 253103208657433 13 256311596442504 79 254029642971089 96 252667881761545 13 276583845980482 13 255459055078129 79 333252798949471 70 154654348959864 70 184316087328465 13 246331183440111 79 340289406528596 13 287475920169944 96 339122510973199 63 238046558279856 63 412737686733196 70 197783352704472 79 241268352162802 13 207009881154176 13 327587331376457 13 248433981652015 13 290773045863265 79 223462616108388 79 269935217321565 79 228475009432684 13 333984731307735 13 338351434350390 13 300911028078854 13 434144178694323 13 197200485200186 79 232088773838667 13 197039907600021 13 284270395579677 96 366878092028046 13 179431640679889 96 215221061115701 13 318335970539877 13 327833486558751 13 145279593018298 79 236684301584489 79 292700424278651 13 206950448219836 13 258857786829696 63 240408948326335 63 137193226680154 70 121930816448197 13 252536678383544 79 331237699906371 79 336407015478148 79 202776259801819 79 188153481346620 13 319118174551115 13 237452982487656 13 253193111183242 79 268895539180014 13 319800902323724 79 242831338612762 70 258948600261781 79 297998287134373 79 338627685718265 96 334651553284637 96 222150545082932 13 328656761282761 63 309414937663565 70 192119313598313 13 178862594895590 70
3 13
749055681804583 22 721791120189659 48 764885163629889 6
108093494269523 42 172773284834139 72 313736250398707 14 70742808065012 63 40594800483041 22 60360663592714 84 304016063305288 89 255970655651215 45 89039243010048 51 63244125772994 86 292364709220589 75 179085823579464 15 2242969278908 39
3 44
3681542425956619 19 3921458867944353 14 3781670055888631 19
408091500047071 19 379532170236462 14 391510614543012 14 267515457267969 19 339615240298136 19 457117919067098 14 457075044431305 19 212259326669317 19 174203689210257 14 352962482499648 14 355600735382296 19 412226959810079 14 339610095103589 14 308438170716846 14 339940578406748 14 328128601893541 14 322311533420055 14 238973747418886 14 289520033292202 14 268811678969940 19 293415916630635 19 308258978761116 19 314978920929897 19 316598533773826 19 242012210655174 14 275102092059955 19 367550350625913 19 224456576446235 19 468891333717996 14 171510280893224 19 184715226074084 14 300316208415571 14 408982336460109 14 161178954487027 19 271940086595025 14 202332892217362 14 170980141966956 19 307758792859171 19 102322835263103 19 261148048564131 19 251024103237462 19 241460483222259 19 285067073088059 19 284852513106184 19
3 65
4016912189408914 38 4184229291467958 38 3922495610192638 38
243609174023863 38 64450726726781 77 390947993273145 78 320790820509934 38 188086769822443 99 274088857682016 77 68809243077505 99 262849391819337 77 106671270901317 78 243908883258271 38 102250033708718 77 56979734502802 38 281802315416275 78 188987968961037 38 199431680074871 38 262502391827536 38 178991793420079 77 160003571763872 38 249945674215858 78 75472256003532 38 190591026323088 65 217391918673158 65 237978888268073 77 257790525510419 99 122836971818510 78 185957921588506 38 115769999082547 99 1 78 249114651079119 77 315546248523717 65 172332449508339 99 220686384124474 77 220012591348683 78 145334332680220 99 301261545018074 77 88958972528341 38 157462906591414 77 153646865221229 99 190392289004970 78 187059464602826 77 152152641907486 77 202525785216802 78 317913738532182 38 181968023647495 99 155542918692375 77 407444802935037 77 259157367066395 77 203716058540308 38 321049393793072 77 2736625100419 77 272592141971184 38 305928972519952 77 132050654248716 77 269303760327110 38 242382477691516 38 266835011015745 38 324316612257376 38 171368906917995 77 26678716780432 38 150052480861594 38 259365293485415 77 61890148047502 77 113166977368134 38 301133129494560 38 1 78
3 73
3109920188696208 70 3027967001571492 12 3010657350550485 9
120216053575405 34 178865513810950 84 101346118494213 55 132178593014298 83 216367678452013 33 94693408182928 70 119242997224144 12 168974708197257 9 48550686035143 72 134167773658680 36 160976834248631 91 115722736864159 17 78232868734057 90 127769692990662 93 62818336291949 36 165531615420908 84 105369651994529 83 90026057751451 70 136380939736906 34 131931654472467 91 89916468241008 9 259049327174250 33 272601319693591 72 139933137886481 55 121318613597107 93 39009013410238 17 126358592774063 90 129833392471065 12 136289829674884 17 143674413983674 36 158608771714088 70 134088233758144 90 166777648373939 55 34889440735803 33 177122129411569 12 155776630855843 91 115704239303919 93 202776223312485 72 194853495439861 84 54506679679161 83 157446547689355 9 110543499082075 34 138035963567478 33 54242273364673 90 22156911474253 84 187498247601940 72 145319164532971 17 137586584202473 34 72300772004480 12 108232230898020 70 119126541607451 9 116012677033162 36 60648930674927 93 95276897935908 83 109297267300955 91 75419150022281 55 141051089698698 93 47862752285716 91 118827358197653 70 135650050590385 34 124475994378185 72 160851610617666 12 111927790553802 33 100368557849489 9 200347359872909 90 120929095620093 17 129840423964618 36 121670122178548 55 120249676111622 83 154457486085163 84 124456220631580 34 154330008377728 83 86530312736957 33
3 95
5835660354353478 60 5861718807368204 32 5830101283790369 60
190637265737894 60 188552779479266 60 198581177241363 32 197628976380468 60 196442071201595 60 209349316864775 32 167548174413065 60 178578380216322 32 171953461621720 32 161277868675590 60 163386538312154 32 198479289528563 60 178149367416436 32 181224373834347 60 216312299072802 32 188567108518809 60 191378168100797 32 198966611664578 32 202590341618406 60 169012613146069 60 160690635563129 32 143525102645028 32 212291075898378 32 168651705655742 32 210184351752802 32 202694308405538 32 191696178985258 32 211556042312400 32 182745124730201 60 180872030970654 60 184031703017614 60 198659599288875 60 185200869196498 60 187305981910222 60 187860036545083 60 166714950381833 32 179701827506821 32 178301329752931 60 185608839909649 32 162226542426680 60 216785151004531 32 187704973415809 60 168670496842814 32 185450656062983 60 186577894365932 60 189354926446900 32 181383382057255 32 195998155892525 60 205054437758912 60 189975264455220 32 194853040050529 60 200827442648890 60 174200041207897 32 170573971426294 60 197238145288593 60 161908728420948 32 175462592270401 60 190327649860621 60 169130709609821 60 201322542790419 60 202336528476229 60 195901595772945 60 186376439247577 32 189943249588516 60 196553145978981 32 202403428592330 60 159958119803216 32 170819979988316 60 160283046211796 32 209824120077545 32 168041039056537 60 191253166567991 60 170061731657090 32 178530293759416 32 194560612091748 32 196042775072096 32 202452865289991 32 173263897309335 60 171864470476383 60 195393027292452 32 164627974262118 60 180799761704306 32 191233067021766 60 187314625316598 60 190797001302295 60 173462540768553 32 181338988366230 32 207008828023630 60 171472793938063 32 194273257810013 60 158293754712285 32 157857150596700 60 182172856758376 32 213391430810766 32 159100372066552 32
3 13
874862100939197 79 897081716938644 50 865957603725606 41
208958223546999 79 223441604461419 15 190613292657471 50 190550686969443 50 191714037917608 50 210407940057553 79 217820398523967 15 230133690835535 50 170422319379389 50 199148534514936 50 206666865739392 50 242250070324698 15 187196674083312 50
3 48
4732156213491553 38 4707509615813280 83 4755161825547057 54
304183607156929 54 293829856135298 60 285565740790841 75 283679478950814 93 315711049378305 35 296643366915229 94 251505204952505 87 306998585242645 27 295748461493071 38 276561484426120 97 272681241164157 73 284663401568391 96 309207378734452 68 294740545950065 88 298094794489021 47 307088247382600 79 302847011402333 74 253208786247550 86 328282505876429 76 318927715889626 71 287361748188977 83 294015685419324 55 339079573807682 81 292707369133305 20 302448852301076 57 245303101152264 48 248251136445698 2 303900135365021 40 326283432422128 95 259300667142635 73 239927851736681 79 258813886126408 83 328796544643778 48 318838319861942 86 265418091219459 87 299464769822996 47 273061706382322 27 280469881810104 38 292852246434115 97 282680105152061 40 327786303204208 88 349005964208849 74 293060358341791 60 264215997051296 96 283394472855265 2 346579612525580 20 296196367425755 75 264148309933644 55
3 57
2986609704316132 34 3078617044103707 38 3150851739911075 34
129473463858386 38 221009454899689 34 106405779644177 34 178992841304500 38 314931088141071 34 321428321895453 34 220218558962072 34 200971217933447 34 229422690550446 34 69705627281820 38 112665191459721 34 265302066167132 38 172248271573293 34 124494605565168 38 119370003600554 38 113872386960346 34 184705855512489 34 218292017151444 38 59560996529832 38 1 34 169154991053017 34 1 38 134240152760008 38 361282775224379 34 266134770762359 34 1 34 277474291274219 34 169346977939305 38 146554209514381 34 324211829784222 38 192609767163866 34 271800976534735 38 256653138689347 38 184708183751200 34 49537234547405 34 229879519226429 38 189565577780710 34 43656277988757 34 71615237105847 34 244210044669411 38 200300099647774 38 154111766757844 34 71320965623334 34 62731524433695 34 119290455204042 34 135677806901566 38 16108394851338 34 121172536616689 34 20809007474225 34 139201161539646 34 237088462667700 38 40131722379375 38 300644252084233 34 129265614506866 38 214443341303805 34 164295732383680 38 40086662678924 34
3 59
4015897338350685 65 3992763789951931 68 4002644424903072 98
234655327111979 65 173142482539269 68 210795248096739 84 201208183498203 84 189188107396795 98 209871144119830 98 221747557517004 68 189989887640887 65 182921553043038 65 187197181472806 98 210011318965077 65 205685521896767 65 235300984846902 65 211656816020740 65 190765071998967 68 220358474575222 65 194012039210737 98 181462123483864 84 203146517607041 65 215433771092708 84 161545619605937 65 234858434970337 84 197424171375958 84 196964754329323 98 199311107196866 68 200515636504802 68 211396337326204 84 184449306896399 68 184480537374891 68 211513765694992 65 185527663137686 65 199303751161806 68 222798556532072 68 180550700137103 3 203234903458867 98 206263394507295 84 230788571429121 68 190346742278314 65 199653569638430 65 221341883487209 65 194247107526661 68 221446472742660 84 187443144847528 68 200128545371178 68 200014032196018 68 228795007158618 98 219140052890193 68 237942021828092 68 215560743377207 68 183154117077292 65 187196047095785 68 190489401267879 68 216573978838680 68 219887454929895 68 209899782739819 98 174810125919292 65 192380739559866 65 200958607380605 68 215761066642161 84
3 61
4257715097882784 81 4227672381750254 81 4283396807363507 81
188408705620419 81 255143386787321 81 205800702570923 81 161007525410385 81 168880883749104 81 180748033676545 81 194560648097639 81 280799538693617 81 206987016783079 81 219297629385622 81 232556086441254 81 133824549030547 81 170684815631510 81 253578406765608 81 152346750034436 81 228769454995435 81 257938186475827 81 206339626221926 81 219796123395738 81 217400598026440 81 211566990008173 81 211413377189786 81 240170818554594 81 244584351472051 81 203922500655029 81 207954305886461 81 185717938783933 81 207728463146716 81 195396162610281 81 143446447607056 81 95048959142312 81 280063080733658 81 247008518174745 81 150864466484242 81 203999068746391 81 233875102690950 81 224557296421183 81 220247664313212 81 185843421404959 81 206006573778753 81 204050440228782 81 204133568993105 81 189412023829792 81 181213574571747 81 193488195402185 81 234606613906178 81 218002749321134 81 176118145484248 81 283840588882056 81 222358182418213 81 229999803380732 81 236428472969182 81 232155235256810 81 167482485825855 81 140438828461594 81 219069851989910 81 218466698009336 81 168753435895188 81 160138749888319 81 247954427040930 81 205498450884710 81
3 6
518848192661485 92 599927435553059 71 703491207299337 92
273844898645519 71 352752653472972 92 287108656214525 71 277606667418038 71 226366052214465 71 296438030094850 92
3 24
475495641572346 47 455710886075140 6 467396295185882 16
89467044377110 47 49923882086059 6 50973291646859 6 58228908807442 85 63707417839924 47 59809983875396 91 63061546414824 47 61753565407004 91 62593234940175 47 57044688233807 16 36876569150422 47 58774964570628 16 56555392900910 16 67310976352057 85 47647281807441 47 46280737753595 47 72595349749642 47 37497922011690 16 68968716795643 16 73972787066094 47 65354415948759 47 50271393279201 85 64515558311144 16 57534197343662 47
3 90
6884408975329248 9 6785289243835530 14 6912479357629506 82
261443370734730 47 304644019515400 59 57913046998231 71 359086012463990 93 302249997607466 37 241278583048695 67 231964436913864 24 221203345966907 98 125434803096423 88 112065479948131 38 265007170973334 70 289670661488064 34 181245178273741 39 257891505212698 43 280221327367773 86 212683222907564 65 373518748073859 29 181076528851944 53 315831551030084 23 175811581591980 42 246954964483610 100 135622264642304 26 204554655563661 21 276394211383716 68 95730408729275 89 302743728907148 35 318020209901236 90 269082025582514 61 390785307837451 66 241265761654014 14 235111503144201 54 259115969189088 79 164887392507367 13 295542064718558 78 210099452697066 22 163236224345050 46 182428413575671 9 188379613453958 73 255201683015477 63 149342267501419 58 194925494169571 95 143167063029675 82 164545176418947 19 324101066205081 60 303442422657045 17 242268745159587 58 284486953978246 19 355814587691396 38 207691823779810 37 179649676829011 39 218994522209735 34 258634979879222 24 151277557117848 93 182515271167408 79 141488617826737 82 229419225801807 53 216271990170863 17 242091304676082 86 234841063084194 90 318176445605531 59 231840407667107 88 192753046647610 9 122254977709566 95 197545324134477 21 127803853359641 13 175792068151733 89 336441270957982 35 170211837600155 98 258549961673176 63 182004659413728 47 235209672740993 22 345289023478772 65 156493218273371 29 246904867344684 100 399335611176317 14 147117327910932 43 228643426697614 78 360363494181621 42 155769157693275 73 207353294342657 23 115243680050288 68 108832240963823 70 196734434767422 60 182765600035682 61 266851201504101 46 329479340726779 66 53359309839727 71 207067111535829 54 216452505156888 67 342426723590137 26
3 96
639215421479421 10 622298206296815 99 619586936967325 10
31687013959719 10 16316329086426 10 16095154714034 10 30538229337148 10 11698262431619 10 27244938610124 10 17083385656837 10 24440272327551 10 1 99 34671280403805 10 28938271901963 10 14965576915054 10 6920146033936 99 11764316925069 10 15640700801552 10 24441206115754 99 5635138702981 10 20300070301034 10 25092842970235 10 53123172404522 10 28807393356287 10 15043033557086 99 28926743636712 10 39951206559238 10 33272576370426 10 6816889487018 10 16411711856783 10 17025516538383 10 21718010671132 10 37757036722318 10 38079710064438 10 30664736295879 10 6273403744595 10 1 10 50409732823003 10 16122628656206 10 6701637997651 10 1 10 43906535408784 10 31793052936209 10 40202056615852 10 24185879165571 10 15735820243841 10 24564373054016 10 30314697543851 10 9977468303195 10 22030837002915 10 28915461273899 99 24608530986728 10 34920767700113 10 15715662375222 10 36381380625471 10 25282753372704 10 18967914214654 10 31881316896561 10 18567465393040 10 22920372722101 10 22438693297319 99 54199142510241 10 15285264195011 99 29168551842920 10 11511119283556 10 19554210317645 10 19886478826483 10 12232236166424 10 17609992641576 10 1 10 21154324502708 10 12560942661021 10 4513193363571 10 3563401232808 10 23305977574186 10 47504127732992 10 21285233234731 10 17375947773282 10 51681488158479 10 1 99 40107904451799 10 25435627917083 10 19121708513826 10 28536456239482 10 19307315644374 10 18292130632893 10 13598708224446 10 3260726524333 10 20858211537154 10 23080070255603 10 25840548300642 99 23874251661774 10 37644486241986 10 13148956511138 10 28032759139169 10 34729828949010 10 15846841184645 10 21065506078050 10 7110534212856 10
3 67
3510729612246960 25 3451932550180971 25 3398116286367655 93
221523520747379 25 167714497706274 25 145657668166925 25 62325445339263 65 58641943537718 93 176391457599800 68 225635030821639 25 309686298149963 80 36025442361539 25 220588318997029 65 86349812513618 25 161729571515041 25 129164212683900 25 309708638955271 68 246654414056730 68 116978434114413 65 248739701226879 25 3110797844979 68 163686303333124 93 209384529978866 25 53769098793804 68 248074848446105 68 191849299094472 65 152580758151312 93 264501404761937 65 67820674331612 25 156077399321198 68 40560395349676 65 329669842310102 65 51694360651669 25 208488136227563 25 158694367592830 65 116852170501231 25 191829932161686 93 145287681462739 25 145041663089600 68 207904108858404 68 96515049762016 65 265719989207007 65 128724176269135 25 215252842461284 65 78640457712858 25 40734162227842 93 248476282809341 25 74855819562758 25 166510441923816 65 294220836400697 25 200661414040633 65 204494798924383 65 244144741497204 68 153160761721086 68 255509119294548 25 195882653942614 25 272334899938326 65 116383523468032 68 188713949536373 68 1 80 105791017784075 93 87239940169663 25 106359622417721 68 264185025047709 80 111073092075314 80 155922698464961 25 119716467054946 68 92400687898015 68 94290321613971 80 119759107894399 25
3 51
4034213862198506 84 4042070828390845 30 4048393254619376 26
237492646050393 48 229187131270094 71 235874874207194 6 239144445608176 62 242661117634202 89 244888641642586 75 250997943217237 68 238874850242637 26 235920325084423 20 231937802796931 41 239065827543822 59 238144117783249 73 222045783762001 51 245151581359157 23 237379015751179 65 237452109915553 49 236222450465984 39 240406522480745 84 241381919524495 30 236525147446823 44 235685143350941 35 234443969628683 71 244393020869046 30 244964798790417 75 234412237355029 65 232231890904010 35 242706103945472 26 245705309449492 49 236686161205786 89 233705336789224 62 241258060641629 59 237756683991878 44 243677613663718 51 248591683157632 23 238815000866770 68 242709841775940 84 236388321891118 39 234560994636573 48 233284878623605 6 228785517666651 73 230278817383869 41 234913296058452 20 230711527429968 6 232243575711598 44 241754521375144 49 235876511799004 41 238945190911304 59 229935483901901 65 232697596808676 23 234184620473859 48 243771138372510 20
3 9
735960032452821 72 794465319114505 74 712584955047274 72
343557227548509 74 288726371300388 74 247051051632766 74 261335158780157 72 342364346646687 74 263464739941045 74 147202063213169 74 351223357560006 72 261284866040426 74
3 85
5654233595183534 23 5570674330527149 3 5683898491231043 3
158460335724074 3 188398793745704 3 112788626054143 89 126738171591935 89 216830451371074 3 171088474065678 36 263328475827270 46 190457876449893 3 239604977901361 89 275701878307774 89 274659529602112 89 110274367016624 89 182002684861783 89 197360932194666 36 150909097015508 46 171748162448773 89 166508465578176 3 205778817671964 89 174189316505088 89 256402057718734 89 194795202810872 36 230672419336451 3 195613642167766 3 259391201836983 46 198188546415360 89 271739071332969 3 206368151755040 46 217626227554104 23 239465363003602 89 212812113248522 3 216278541656071 89 215044531328775 3 217707813987549 89 173118787835134 23 167062577551086 89 249551517585828 3 223044829287420 46 183062975525663 3 179734127326526 3 252713405314374 36 198054570445667 46 209249677254421 3 230280323222536 89 277223775712186 89 200239668267038 36 223414656607792 23 206628506244036 89 130488980077391 89 167366950128282 3 244521639481441 3 140573357834978 89 140032292061910 46 254154722527566 3 203651786273592 23 193381520163882 3 267944296766500 89 256290262953485 3 215122490793344 89 214625178209634 46 160156269680330 89 181840985653155 89 178548440234632 3 163478641098499 36 253549426799918 23 170802709699346 3 216783674761527 46 232310572549986 3 177801021336825 3 249202540000964 46 155941958175369 36 231461883944001 3 199542140905911 3 217419943249347 3 244356299743455 89 155851360311453 3 165665673931117 3 212614593705992 46 210600437701165 3 173026132316464 23 194716596015379 46 188670259790887 23 221634200592501 3 253793495040041 3 186225018881352 36 194634906671474 89
3 19
289986524098635 8 361423096561287 82 212711298039132 35
1 1 117691637639734 76 162450655157304 93 166815977534848 38 59089536147104 29 133664388325938 60 107866527663173 44 156983113337792 20 11542697818177 61 72560019497460 98 1 49 87004301003201 99 1 16 113052546293248 80 64299963168799 18 133909649573449 78 66340505201908 53 61671593404763 31 123878003636192 47
3 85
1839393370753216 98 1787901253402256 11 1807691753099608 98
79165554114417 98 67123990739041 98 28135719457821 98 73362462538648 98 60965585834012 98 26703935694942 98 71584517548927 98 84104019675759 98 91442018491146 98 65503430438854 98 85584087160358 98 65878881378701 98 63231345935676 98 51253892813046 98 68671666380910 98 71796147446809 98 79373174661539 98 102373842451732 98 42707781468885 98 57336235820608 98 55764756261738 98 108488748531894 98 73008293709877 98 58658597870604 98 52464700630496 98 74666893967040 98 47183174563090 98 54535289846754 11 109265772913468 98 59869137172672 98 34993198616952 98 38596321542575 98 75349130908009 98 49316348631013 98 31056208212847 98 37297303683331 98 80603211458588 98 64157707141386 98 94758622864613 98 104973370446427 98 77431418130312 98 61309912652042 98 65408427504737 98 78953656305370 98 57907671033292 98 65455184476300 98 20754121370918 98 70751950821023 98 64868138046482 98 50109936216765 98 80678177445660 98 78924981412671 98 63860355164550 98 36107315595122 98 105380531387021 98 40257998364649 98 84735658531338 98 23807365718000 98 63289249527037 98 78526931793941 98 68398823353195 11 77230147680761 98 42257817199816 98 72296442663374 98 50402067525853 98 75584456845955 98 84974430092608 98 86864483038345 98 72198349806513 98 81052911646095 98 78818370854229 98 69315538732395 98 76869716928195 98 66372397320663 98 17437982945764 98 76775299193734 98 45679385231010 98 44154333097971 98 84568212280262 98 117329732593741 98 35961538387959 98 53208241416278 98 39176366826628 98 72295862879262 98 93106654859369 98
3 83
4811474405328097 82 4711174895831157 74 4716239560398412 74
90183885180049 76 161742573370108 76 119933069756372 82 181276067888695 82 172167907405669 86 75420384634295 76 292558294476608 86 237256181750322 86 152981008820001 82 214988617360117 57 282721553456085 74 71973789136874 86 362169118884460 82 303676076381068 57 89290390441801 86 234890001283539 86 89964691877553 86 223389595656968 86 315655583815831 76 307575909365459 86 278890797003262 82 266271030366612 86 1 76 265532351447455 82 90299170894101 86 252184707791888 74 286026374954429 82 291357388149422 74 267407994863728 86 142711841829920 86 105191794663270 86 88535448742890 82 1 86 93037271661632 76 179452707034696 86 293914389548768 74 114827677329084 76 212822390751718 74 211080012653097 82 303611492025065 57 280056788448267 76 205549836913682 82 105989706170325 57 179526791738322 74 6290180317630 86 253878121134229 86 160720760370985 57 59888089735941 82 108059870424159 82 325630686752036 82 210016973217357 74 166575671484468 57 329205536215386 82 159471053882298 86 99750736390882 86 94814495763754 57 144026434442299 86 210060746882723 74 370352187896801 82 116862914409807 86 71281728322242 86 162342510604723 74 1 86 272063268765204 76 149103214426510 86 218265742695029 74 276117051169766 57 36973638667919 82 125815345755019 86 187416495760797 57 247306658752585 86 125004793619357 82 224618638085784 86 192140327298925 74 98003590276512 74 295741714519658 86 135551066091603 82 377998808687327 82 259409431242988 82 264324040211669 74 211267129511884 76 341310406141553 86 274232162275194 86
3 22
1426254504646558 95 1518624697593531 75 1551599361235462 94
169334932797793 74 196496955392704 21 257506042178227 12 230376412436814 62 233814474457722 23 188832828586374 94 208217140919703 57 220743651972927 95 199571062554268 90 220389863608662 5 277067087048526 36 180617543083913 100 182492927473356 69 233257021552110 97 321208411654098 80 224388396004323 28 187983521274221 17 229459026554094 55 162656717310935 14 243487989232696 75 230853000268824 61 162887606686878 19
3 49
109549014448654 99 448063573596897 72 293078324785189 99
76452121605685 72 1 72 1 72 87714950681625 72 101384409084131 99 51808389404329 72 69309973109522 99 1 99 1 72 16745824222701 72 53624061688084 99 98908389767256 99 176758920243230 72 1799603869210 72 82167986819258 99 36066896612382 99 75702808171616 99 86546397759513 99 1 99 1 72 67988636235424 72 7724195026008 99 1 72 31871699664135 72 1 99 92588336657494 99 1 72 1 72 1 72 133325226870876 72 157300452197171 72 6356597632565 99 29748092794368 99 1 99 1 72 24724088148108 99 99557598589787 99 1 72 44524226526244 72 74724482610991 72 1 99 72694532713156 99 106864653971202 99 98956172181522 99 125712164871619 99 1 99 9542358715576 99 1 99 49139571595152 99
3 50
633657541369849 76 644797823220928 1 622767122434872 1
55845599898022 76 76431403392917 38 71189718824100 76 22254830538899 76 27016714598665 76 1 76 71261763286235 76 4376841119283 38 47644727003787 38 26329488055584 1 32279274709696 38 15328087330041 1 44642192331235 76 4419727856844 1 43405167464134 1 81350974897459 98 38655195756436 76 54246397894170 1 82428821620452 76 16394321486826 76 54756214745719 72 84131841198593 1 24204789033046 1 105245002815119 72 50304702975160 1 1 1 53816489601903 72 32057151628241 1 49083920360321 76 36840287375918 76 24130322663245 38 87007463065151 38 42979571558637 1 60895575041557 72 74596162460230 76 7694003419463 1 9108429846236 72 1790030652435 76 103038129623647 1 24914148379583 38 90500019765145 98 37763440782946 76 43568722245246 76 9539475448692 1 35984726881079 38 62441326844957 76 103494609121145 76 1 38 12076101834273 72 8463201538246 1
3 71
3758019787862270 58 3732918431448891 52 3658040246600549 78
192031698535262 11 208539524443871 27 194636682684049 15 203852696516607 48 116459167951540 62 142589775030599 5 190841786253850 93 194172668043256 76 179887061754222 67 192172902842868 40 142169991026882 42 136302120846356 17 183687192210196 7 168037092243785 47 179242694178074 35 130110006133867 52 203907055941438 68 138775738176711 99 146264293172488 23 198609770411254 19 196141920931776 72 221281133913824 6 226487878320302 26 194597673359134 44 162577848584644 4 149855992460685 73 143435862881446 32 150097746378862 78 166456236386805 69 163359588954397 59 142422811470939 89 95282830054544 91 128557322597673 29 97799595307654 64 119499782577518 38 152800077863563 41 139797880284976 37 135131782528728 77 175749703750574 74 177804119895004 13 212072677503289 58 190326310172651 98 123718967353065 57 117161263383244 97 144950494643842 5 154216248184412 57 171407063596587 93 218102581397138 17 186137951601727 62 96400301200539 19 170232128797082 35 100303541024980 99 158513710573400 15 156578374557972 13 194957147190798 37 164965672653893 72 166359875741366 89 172153262576595 69 111223005151810 38 197355133312674 27 115349044567186 40 172348553967634 4 87516136954837 76 197481300255564 97 138448378887788 73 194870933002619 47 138555322134847 29 188538729279925 67 203276913543985 58 153256212247496 68 151602558757656 48
3 16
749037748408409 22 923312044084416 86 845498042443426 22
44076590038905 22 188789882841302 22 182352877106007 22 270879051852952 22 282517996724530 86 1 86 76720930950979 86 158409136286020 86 70690719061495 22 227144285208508 22 16925813910451 86 111449832439476 86 5139332974035 22 5461307165061 86 246686717401364 86 208128595909668 86
3 54
3610572835817129 63 3762670368559038 21 3466715373344033 21
122323964875480 63 315079394839808 63 288862641800000 57 161172519942015 21 344520611862314 21 223197196741581 21 282553704653909 57 191821583588182 21 296670739666903 63 225866928427205 63 233264181185145 57 120474248930354 63 360650643155171 59 198950926748754 63 230426369141885 63 273982092336228 21 1 63 281142161182892 63 67259277296022 63 93468502910866 63 238452617326186 9 326267790256564 63 173249154182358 63 166533437113169 63 135353749614223 63 66066610963438 9 176293121809234 57 163226027456060 63 299841233746507 57 240872257166125 57 323982523061381 57 92653758356244 59 165349685226885 59 204860972466581 63 116746157132923 21 170141836538385 57 196826044638586 63 383393154243105 57 270952653511550 57 371385484737447 57 330200075388501 21 103426246367999 57 273595950793631 21 366185203826222 9 237839687062692 57 291491582215944 63 76420237664351 57 352429470069347 57 114934103946435 57 107892518094092 59 70426750862788 21 134550825896875 57 187776756993920 63 100521340151420 63
3 37
3236598485376000 56 3222038743199206 12 3287847317019624 79
238379796253896 42 300767676871460 78 211617329109566 30 186317377126955 85 158547433731364 84 135116584335858 74 184636954492854 62 261680478571412 36 204931445029836 45 303536334581149 22 384747198752430 15 249104006828037 26 260490382710419 9 305464696177816 92 212966145063674 44 297602409062875 50 209430705758575 40 220763119413583 2 267398636418245 3 269490906739075 49 154602954938331 59 297811024789950 65 285175881160399 4 328461734120077 7 162835317682996 81 278085722892641 17 271902023155761 46 242406464169010 10 294360928157782 5 255556916077298 86 272108984446577 80 316273831584682 41 273354786980816 38 175370946184119 70 129527668109685 69 263076886160138 48 283415997385516 63
3 78
4418298393255512 25 4407013462276616 51 4526203081844000 25
157302782339074 51 146521669340465 51 180575210747942 25 202157869599814 25 268979551337645 51 185178705636006 25 106571086968664 25 147058374458327 25 200906118679858 51 237532930844640 25 112098280319130 51 288137480899814 25 222667712489547 25 166513092839082 51 279900966031888 25 192039154366029 51 133026904323829 51 127442023854787 25 219164632436083 51 155000117233832 25 179719135473702 51 215266737208909 25 192094842199937 25 103560961937665 25 185122816954526 25 205757845814181 25 199405691380732 25 210466477030357 25 212558592066556 25 147711089136705 51 223685228309483 51 187203742985668 51 104007989319746 25 5711371192591 25 173113158760249 51 142200193068074 25 93568091182385 25 134281531329784 51 141834047504681 25 231682893685892 25 99592355526496 51 162329207827689 25 101768760604448 25 123303685648146 51 168016372620024 25 128086643135154 25 158150747801523 51 207903701611991 51 182299201555858 51 193739332129908 25 133594906298331 25 229350149767985 51 104396501410945 25 116369130558859 25 236581631946122 25 157166885053256 25 93831923411579 51 262201849862613 25 199481003723023 51 111397301033027 51 210888233724349 51 265367640110165 51 81477074962097 51 202095460379571 51 154017061989873 25 193730486922370 51 216584435483960 51 228459827684383 25 90514325126576 25 125493062376670 51 124851317634179 25 182323489415588 25 213569478977740 25 148460222713329 25 207617071802880 25 211487900870889 51 121005061421462 25 121568302268840 51
3 38
1963300591367486 49 1909670011888138 33 2002564840584826 49
106040762244447 33 202775118300939 33 157266822733322 33 294306272588536 27 28173596840879 33 81758619335949 82 81675899182891 33 89599999675820 18 163660611210809 33 124529644721154 27 142096338081177 33 9426717519949 49 163809785729812 33 155580265705046 49 78098230966679 27 127312372608548 27 217232609708166 49 252444829313782 33 183249299159381 27 200049085325534 33 195245600424372 33 262482751396893 82 99555236706391 33 233142214255782 27 127604516914966 33 225376857520470 27 238604834124607 33 19024343078353 33 208938862061983 33 140832474258668 33 132579672461319 82 243003817528568 49 131685072758488 33 86231980449631 18 125160320419488 33 229043878333515 49 53295082139562 27 154885027722884 49
3 24
1377050553674932 29 1348617359788736 76 1317568008026626 5
174251181239748 81 187710313772222 25 121371826630940 91 86966400637357 6 159744990966602 79 192310483302551 67 197217068034519 29 171100920033228 76 256586180773844 63 391792263119068 21 59697834393462 4 115008512488061 90 239606286708555 96 251316415828597 31 202100284920640 17 241580245083234 12 146318871753407 82 246848782484271 48 164585652945515 93 158908931909646 28 38776161776759 87 130415026784825 16 150141421353415 98 333956023007687 18
3 85
190343317079586 68 206832335476031 96 185258053160155 68
1 68 6013216721060 68 16725120209984 96 3163037654443 68 15070337542535 96 46697798815828 68 13981583431942 96 1 96 1 68 814022033151 96 3699378744671 96 17199251356729 96 1 96 29781888587997 96 21321562816790 96 1 96 1 68 19769167208084 96 1 68 36363552784751 96 29672012027543 96 1 96 26287878063587 96 40074355193859 96 12738975406525 68 9752457946412 96 34080338370291 96 16785993637518 96 14374904983381 96 26015709511433 68 32378963726720 68 1 96 1 96 1 68 29577466322238 68 6312551924247 68 19614720323245 96 11570042524724 68 10347812557073 96 5818944220876 96 23817431729554 68 1 96 1 68 1 68 14009209567710 96 1 68 14636536496919 68 25759427789375 96 1 68 1 96 1 68 1 68 1 68 1 96 49792559469798 96 1 68 1 96 27045526233881 68 1 96 387638747791 96 1 96 1 68 24233324611223 68 42455192555222 68 1485333301280 68 3671762716605 68 10677712792923 96 1 96 1 96 20545966922953 96 22718814146057 96 9294239530736 68 7233622572832 68 1 96 2581089901226 68 7663081465601 68 12047601920056 96 25671491972665 68 1 68 11189954007042 68 1 68 6469851541955 96 13820570780377 68 39428893443647 68 1 68
3 76
2787263290679795 2 2746032807346173 2 2957792285103977 2
139187939331094 30 104640497618305 2 61877917952002 85 44303411221147 30 158834823487147 2 145682077895337 2 5115066917812 1 162241910916700 85 90894471048696 18 116085330730992 85 136026367114569 2 71712130654983 2 133045276831827 1 198377839159957 1 116118478588012 30 259597283898511 1 65599036188384 2 73634577005231 85 69022081891219 18 1 1 62906184703270 2 95458240434321 85 60511775142709 85 226922213919444 85 70239273343767 18 1 2 18427241825030 30 85924541717624 30 172963494898251 2 143219556282221 2 90437497989664 1 78826886523574 85 109075991069897 2 165759952592337 18 64734621002192 18 134440539806047 1 97554829874119 1 95131690521153 30 107172072896908 85 1622785510563 1 87838819439847 2 71361334282251 2 147932811474393 85 131283055195274 1 68651631710535 85 124228839130921 1 79233208337697 18 48623580188324 18 1 85 159793093977907 85 104626517771075 85 178184667721253 2 11699182142832 2 139845125171613 30 142660939354530 18 116025329276171 1 113006879779452 85 157375303602001 2 181500827575007 85 52421755233275 30 99564640219092 2 91540185645409 2 79119395575389 85 148001428010030 18 159460862874 2 113148026126469 2 126182027668815 18 1 85 211059970353233 1 169932590739719 30 212597246406606 18 77435747406235 2 242661468042741 2 1 85 85706744070203 2 1 2
3 79
6859375359034423 69 6730657987411229 7 6985484111902552 44
270355534338334 7 350728453514339 33 281535982487216 38 292293256758195 34 266002736102829 66 237135432757373 97 172708834402496 15 246279486134801 23 141065930155770 69 200826386732873 57 369700322153397 87 185126300922650 44 321025409484838 52 385597747767480 44 285680031832392 23 108227214514387 66 262697231745878 52 384981567341094 87 239252576504906 97 328995516381293 7 391536572896007 15 233842796857113 33 312471395669848 38 327652348315068 57 260388162688111 69 380084615780540 34 435773735074873 97 312902498163078 15 326807321862365 38 293025033335531 33 343778574544544 87 203397922496406 34 162804154283279 66 257008881061775 23 289013461065368 52 195513238808017 57 269304235052209 7 196276796023986 44 334877394875834 69 76373834635958 15 270593864952814 34 318766426392970 69 200839778115735 57 129691586545376 38 329107283188587 87 331921806300382 44 393897253000942 7 395663805948368 33 166358242448874 23 213856010183843 66 190156001046850 97 432728146996891 52 341498036352590 44 361351423867846 69 217248229057567 7 247245919044333 23 275096899786026 66 238045921351514 33 215029056079416 38 219389119450286 52 258017038117903 57 115981224133618 34 222143628177726 97 272990073415333 87 267681527494008 15 342084437271608 33 323352855008021 44 128030556680799 23 297808908575848 15 223208054839142 7 273166121398539 87 306655966054869 69 350154427595021 38 299402004587268 57 235367478165486 52 240494194852165 66 124193102382823 97 265397075283634 34 237153389466033 7
3 22
2018831633867224 42 2015203574084969 34 2025288426556373 42
281241425098219 42 277731610775178 42 286706410824202 42 269162177586986 42 278529777368235 42 277982885457800 42 273344372117318 42 270759797268511 42 268948979718051 42 274274310968884 42 281501530446810 42 280165792688833 42 273461061180424 42 272456531167918 42 269265422903862 42 268123299719636 42 280614274787942 42 278301865573711 42 269491198250785 42 274820012863938 42 271191941497874 42 278863804007691 42
3 55
1598610969257189 90 1596013453610304 90 1569099645029480 24
79614594294008 67 84799039813271 67 99427154941208 67 73619993222345 67 62465515847410 67 109690282996770 24 85060549159058 90 74426512012512 90 81121809235295 24 69705292958225 90 75915801906448 67 44176334853982 90 61180183002058 90 100432805093176 24 59122785134805 90 84447930467551 93 88777431654632 67 113062351947004 93 96019280198899 90 61594803554806 90 74029546344872 24 80152375554746 67 78244050370205 24 76394806774656 67 75965222937684 90 95278162738164 24 105146148293037 90 107861359801073 67 86718717343164 93 96406885662260 90 101925357769655 56 88169564148591 90 72355758125183 67 73473083060822 90 90644851608110 90 85359092389680 67 53675193210365 24 82019443530243 67 83918986291212 90 96773980673580 67 76184847218766 56 74765873535481 24 85976185892424 24 89663951710599 67 83152295884310 90 89085005564625 24 106230880017749 93 125035449554143 90 87388587889646 24 106155363182272 93 125285037577183 90 102259128725847 67 103033101529029 56 89149442192994 67 85873463816102 67
