50
100 3 3
500 500 500
500 500 120
500 140 500
10 10 10
10 10 10
10 10 10
100 3 3
500 100 500
100 100 500
500 500 500
10 10 10
10 10 10
10 10 10
839 10 10
990 854 943 924 782 962 397 956 765 799
989 321 957 611 467 866 843 729 840 660
894 322 427 877 407 854 605 891 714 189
788 722 794 560 768 987 159 941 718 884
361 771 712 774 456 847 893 804 566 761
476 981 869 900 1000 775 961 991 836 773
906 982 363 85 971 642 664 508 995 964
424 887 253 59 905 848 983 225 844 753
796 827 936 905 968 506 826 835 999 953
912 760 867 618 968 321 369 733 706 953
939 848 173 567 84 957 374 915 578 783
532 90 890 339 8 556 615 450 169 145
547 249 8 770 274 439 92 384 673 110
49 506 771 112 521 895 60 935 659 651
311 463 211 87 275 672 564 606 529 625
29 117 653 207 840 308 950 170 31 613
803 937 11 52 592 291 195 80 810 937
96 36 73 18 784 285 618 37 590 519
763 544 921 870 914 176 402 757 997 929
757 479 735 354 954 114 262 250 487 41
293 10 2
1000 996
993 855
849 889
939 867
465 310
757 328
803 563
957 441
764 841
893 778
1 694
18 29
764 528
345 725
165 239
288 215
256 122
641 237
709 28
201 301
554 6 10
1000 764 919 825 890 802 972 998 815 598
689 759 836 326 518 734 937 894 6 933
656 868 850 756 794 572 886 946 929 586
949 827 705 971 830 754 915 854 935 540
649 32 865 904 930 731 778 941 785 823
113 131 368 908 291 316 846 857 996 767
1 633 185 261 698 141 451 756 766 592
282 46 219 107 200 649 759 798 6 893
277 608 526 2 315 393 351 219 825 547
509 212 607 665 634 88 120 793 642 172
636 14 21 727 570 122 47 750 278 311
111 98 342 891 291 42 549 412 550 164
379 7 8
1000 347 1000 853 1000 621 700 738
932 714 762 530 984 280 377 541
711 714 875 969 953 459 59 376
800 51 795 373 586 958 671 936
577 932 548 896 584 941 206 763
639 878 786 857 532 334 990 388
1000 626 1000 653 1000 872 1000 939
1 323 1 284 1 574 690 708
139 667 390 526 26 275 347 534
412 682 511 930 387 438 13 352
237 22 455 334 442 945 641 921
328 900 231 873 295 896 158 720
293 873 457 847 461 324 974 376
1 245 1 616 1 168 1 718
656 3 6
1000 984 611 793 600 396
933 800 806 749 884 526
943 988 489 445 948 967
1 476 98 14 293 346
662 248 335 658 583 264
916 689 221 28 137 386
11 10 10
315 470 471 740 978 876 645 865 862 323
826 780 258 254 637 641 178 929 713 956
585 155 387 654 888 995 406 973 917 871
499 979 619 829 879 989 989 732 779 384
977 480 997 767 476 975 991 477 891 852
573 809 991 410 889 637 976 892 973 561
860 95 891 980 966 188 931 928 429 952
668 808 821 983 841 346 703 912 807 865
467 204 604 769 834 709 580 500 367 574
972 923 945 974 869 982 264 935 427 637
241 170 200 89 508 328 136 231 665 54
467 103 123 29 57 370 120 712 463 906
251 90 216 512 205 818 35 936 903 274
65 616 468 694 480 34 887 467 364 333
894 166 809 715 433 762 866 384 163 83
379 723 731 366 870 478 404 375 448 440
801 81 495 936 893 3 56 636 266 233
655 603 57 952 162 89 402 264 633 610
104 149 337 650 641 442 295 158 258 208
565 922 464 918 103 974 139 70 316 13
605 5 2
1000 586
955 552
612 579
448 477
920 345
1 141
102 474
114 12
20 50
116 244
270 6 6
398 1000 948 849 656 517
300 1000 541 825 647 975
538 990 649 868 992 479
454 874 577 360 738 624
954 470 713 709 857 951
791 863 566 457 626 889
193 967 197 60 227 42
240 1 41 31 161 210
233 71 510 62 123 199
21 218 167 221 183 40
66 225 453 361 559 494
182 249 80 44 165 156
852 10 10
902 983 958 966 844 977 824 752 976 974
99 725 949 985 980 977 633 893 702 972
812 582 938 963 933 728 998 774 806 682
853 859 982 953 979 786 988 745 942 984
971 964 726 899 951 999 953 890 1000 514
511 948 961 481 767 837 966 894 285 935
997 868 958 859 943 884 930 947 883 997
982 922 682 681 930 942 869 970 906 896
953 635 957 614 952 904 988 945 767 525
894 711 402 611 741 848 953 844 953 871
496 196 918 902 479 836 815 671 847 973
29 282 178 872 833 855 436 888 381 369
27 78 916 459 574 30 989 662 55 240
654 706 608 794 86 580 570 657 376 450
552 584 705 858 575 998 853 669 1000 490
327 549 669 436 498 37 534 758 218 360
950 20 764 697 853 200 579 832 314 995
951 906 652 447 50 660 868 194 158 746
428 157 44 606 852 851 983 352 148 255
309 704 248 510 138 295 551 276 941 456
439 9 5
1000 396 1000 823 1000
977 989 693 189 515
687 364 986 213 689
899 899 691 758 956
772 553 916 322 687
848 422 453 336 981
666 32 815 927 996
752 674 841 119 663
1000 689 1000 274 779
1 351 1 173 1
14 976 202 157 103
353 350 244 191 107
78 887 428 736 234
52 528 54 287 560
576 401 216 287 181
448 2 123 913 556
152 637 667 110 438
1 34 1 246 460
59 7 5
733 1000 455 358 122
431 731 951 424 578
853 736 822 943 836
799 697 491 669 867
671 870 874 721 987
298 330 793 868 406
792 897 330 851 849
91 973 172 283 46
381 368 711 320 275
312 641 12 286 326
460 325 278 572 257
464 544 304 332 638
52 25 310 413 334
268 563 50 792 564
378 8 8
1000 418 1000 1000 1000 607 375 737
69 1000 980 1000 85 514 884 280
979 1000 208 1000 278 817 559 355
747 1000 98 1000 700 946 347 457
264 1000 171 1000 647 708 551 201
560 1000 1000 1000 468 476 214 380
685 1000 207 1000 856 676 83 873
783 1000 976 1000 333 713 854 746
1 63 368 1 1 17 343 688
51 1 966 1 53 244 842 248
970 1 187 1 245 350 278 338
728 1 56 1 675 929 160 146
221 1 165 1 642 700 515 85
559 1 1 1 419 438 178 120
680 1 164 1 849 664 44 119
741 1 936 1 291 694 832 584
333 6 6
1000 532 1000 866 1000 254
844 257 715 911 783 45
964 348 496 859 933 625
946 324 948 424 730 376
914 278 605 770 881 638
1000 777 1000 202 629 461
1 524 1 715 1 229
174 237 126 887 515 20
694 340 410 841 339 577
810 309 425 392 565 353
663 248 547 758 212 110
1 504 1 187 582 120
595 10 10
645 700 896 799 928 473 870 988 433 471
285 847 962 844 940 766 763 854 963 556
973 1000 779 699 817 332 951 659 243 950
908 770 694 967 923 620 918 713 715 494
822 433 334 781 979 126 915 645 872 890
97 991 810 296 372 451 899 891 499 957
767 995 155 675 944 618 509 984 576 630
899 599 673 531 547 142 936 945 590 724
931 838 630 890 981 757 237 546 771 879
898 935 737 552 899 816 772 979 996 451
568 45 264 664 648 157 797 751 228 210
162 808 508 346 923 207 284 584 935 530
915 982 607 699 90 256 684 658 168 886
739 595 63 930 777 449 497 402 514 106
711 207 108 154 219 33 597 331 509 339
71 329 569 91 61 133 319 838 459 791
762 986 154 534 928 299 11 106 511 12
586 245 643 507 251 130 472 73 21 638
830 764 267 770 906 680 181 502 52 297
656 533 520 103 563 68 381 935 215 84
754 3 10
983 1000 832 829 838 908 889 927 826 817
784 1000 749 656 685 688 918 784 886 887
900 827 927 928 950 917 891 668 711 898
184 970 287 321 355 190 490 679 140 607
725 1 293 470 239 603 377 572 617 46
478 578 231 726 16 215 139 526 461 582
680 9 9
1000 720 1000 1000 1000 299 471 27 894
520 1000 44 1000 421 307 832 360 768
975 1000 984 1000 788 534 692 826 893
642 1000 691 1000 236 100 614 784 909
46 1000 1000 1000 287 941 925 639 249
120 1000 553 1000 889 91 451 733 225
779 1000 541 1000 616 756 820 862 952
288 1000 103 1000 46 302 549 616 931
824 1000 139 1000 661 90 92 103 994
1 58 670 1 1 244 150 11 873
505 1 36 1 420 283 249 353 767
932 1 963 1 753 509 286 793 865
593 1 651 1 195 90 305 756 889
32 1 1 1 284 894 435 470 201
81 1 531 1 846 56 414 579 224
745 1 538 1 593 714 775 575 731
278 1 56 1 37 293 511 596 753
777 1 121 1 615 52 63 99 427
171 10 10
949 800 837 344 658 893 1000 686 962 986
743 843 658 658 813 949 965 831 978 601
313 481 588 481 996 997 576 948 928 894
740 998 859 506 528 874 907 921 930 753
554 997 861 648 826 322 477 927 892 859
897 946 956 390 974 742 944 634 660 393
514 795 642 971 552 662 287 624 967 989
701 319 963 917 186 981 984 923 802 959
912 998 933 833 880 992 752 958 857 786
589 655 916 939 554 677 768 893 946 840
334 512 546 14 517 825 996 647 212 978
728 255 212 509 441 854 962 389 563 459
131 379 25 348 946 987 27 236 790 47
549 985 764 90 127 757 165 736 664 498
391 986 857 333 668 228 304 781 585 744
734 673 915 167 52 510 267 261 398 162
226 739 600 299 371 600 246 353 320 858
446 87 910 917 77 880 818 182 136 12
873 961 879 629 639 948 752 837 289 340
182 18 570 768 30 267 680 724 892 672
221 10 10
1000 261 1000 1000 1000 891 877 614 862 347
389 1000 26 1000 681 794 637 795 528 777
720 1000 189 1000 185 873 707 701 895 986
518 1000 900 1000 708 142 68 800 702 563
199 1000 308 1000 63 434 49 129 468 333
979 1000 1000 1000 307 58 491 1000 842 959
323 1000 279 1000 669 293 388 966 719 465
915 1000 529 1000 537 460 820 188 850 655
429 1000 620 1000 538 794 116 511 430 583
745 1000 65 1000 738 93 737 639 832 553
1 61 211 1 1 483 516 611 842 332
354 1 18 1 679 793 72 786 495 730
712 1 152 1 160 861 210 650 876 953
472 1 857 1 679 100 41 588 220 537
153 1 264 1 16 397 44 128 415 306
958 1 1 1 280 27 474 998 143 933
293 1 236 1 623 264 354 929 168 81
899 1 484 1 491 426 778 174 836 138
414 1 600 1 492 755 113 465 401 471
726 1 63 1 719 60 736 603 824 138
241 8 9
1000 281 1000 1000 1000 735 924 891 592
86 1000 41 1000 842 589 580 925 425
32 1000 410 1000 923 980 430 921 376
840 1000 57 1000 481 94 595 855 890
162 1000 915 1000 263 713 174 939 917
394 1000 1000 1000 968 918 779 596 719
563 1000 254 1000 784 971 571 841 522
509 1000 772 1000 583 529 1000 543 937
1 70 231 1 1 529 22 742 583
44 1 19 1 814 577 571 192 385
26 1 405 1 875 980 408 105 356
832 1 39 1 481 78 591 375 862
125 1 889 1 251 707 135 677 587
348 1 1 1 951 906 748 552 470
521 1 207 1 739 970 553 820 148
469 1 760 1 545 503 982 521 68
156 3 9
1000 916 921 980 794 487 819 966 811
837 958 670 636 771 497 849 852 695
877 743 777 778 899 982 779 752 432
1 741 193 215 525 201 268 740 97
339 673 51 340 143 122 241 189 80
846 567 498 664 309 386 170 504 275
558 10 10
608 631 681 734 938 605 999 994 655 843
369 917 989 384 568 908 911 581 79 936
723 704 935 989 958 753 810 986 557 955
680 659 191 725 890 849 975 977 968 421
900 688 699 990 732 935 969 731 794 628
983 677 971 1000 927 893 989 988 925 459
927 281 892 748 910 324 715 952 908 858
939 583 739 536 246 550 804 1000 931 423
781 708 544 975 726 872 885 738 806 853
869 635 401 761 336 723 574 812 548 990
359 259 285 296 381 530 991 818 502 728
359 805 940 250 54 287 519 124 78 928
307 594 348 986 887 100 442 946 298 171
610 188 92 358 804 315 446 758 513 346
809 348 203 982 191 644 726 280 746 362
978 658 916 920 511 530 71 920 873 219
757 215 550 701 834 196 91 537 763 626
827 153 736 357 28 375 42 995 201 289
756 134 343 181 634 149 665 450 76 303
733 591 377 718 279 485 93 73 394 229
302 6 5
1000 265 647 156 757
160 1000 994 519 301
555 495 970 856 598
480 319 922 609 940
756 668 58 780 735
86 67 275 76 619
1 121 338 17 528
101 1 549 15 104
415 154 495 426 451
133 10 143 80 275
675 22 5 636 544
4 11 219 25 521
932 6 10
1000 972 1000 1000 1000 909 165 621 492 147
795 1000 905 1000 188 984 908 243 765 218
839 1000 861 1000 423 751 954 443 331 74
299 1000 102 1000 930 576 612 24 967 884
488 1000 162 1000 283 621 874 587 683 982
618 1000 1000 1000 845 627 482 160 957 883
1 370 922 1 1 728 118 576 478 117
764 1 890 1 144 828 365 232 739 189
826 1 861 1 416 723 102 130 1 67
265 1 77 1 904 548 590 23 31 844
473 1 162 1 273 585 846 564 302 142
579 1 1 1 829 627 434 114 950 793
438 10 10
867 546 946 788 993 272 872 783 723 695
656 696 429 850 763 628 444 558 352 737
636 815 954 815 683 464 1000 393 534 919
793 612 705 899 840 803 792 788 966 171
787 814 353 886 864 963 976 939 252 679
670 635 986 957 727 855 615 928 971 544
923 917 676 990 902 867 987 699 482 466
994 996 504 309 649 825 925 279 915 550
821 949 721 572 873 720 961 946 947 900
678 365 586 974 545 794 896 170 699 759
318 305 279 215 741 179 470 526 719 266
34 689 272 751 417 577 200 269 322 523
5 497 713 171 678 173 987 132 406 460
316 225 621 637 680 356 273 498 889 96
20 793 130 476 58 788 815 44 128 81
663 189 971 760 636 381 475 660 196 138
703 881 480 304 367 410 734 316 344 352
634 985 400 64 623 651 107 194 510 540
584 610 19 247 704 44 672 896 832 371
116 27 12 797 420 750 50 108 635 566
400 7 8
1000 977 968 903 530 610 606 1000
312 507 559 39 896 956 316 858
1000 397 826 750 865 786 800 1000
555 248 854 859 388 607 407 148
1000 978 886 669 524 517 308 421
256 982 916 214 695 652 159 999
854 70 291 400 460 603 839 718
1 633 811 377 154 473 108 1
263 496 556 28 891 944 292 72
1 180 147 516 172 624 583 1
32 234 844 826 368 599 396 124
1 899 859 653 511 470 294 419
255 239 134 184 664 642 145 986
849 64 112 228 186 79 288 401
576 10 10
626 873 728 928 897 838 394 832 906 526
761 738 852 721 994 569 810 760 988 983
578 785 690 668 859 900 630 981 966 475
739 993 637 896 976 949 925 766 943 784
794 580 745 900 854 835 427 171 476 681
980 311 960 713 996 953 877 938 671 620
328 769 990 850 740 998 997 998 761 848
608 861 915 879 975 734 969 768 740 888
372 913 811 970 936 943 317 881 538 841
793 614 915 536 962 877 1000 833 134 894
470 690 523 807 890 501 18 497 694 102
266 680 166 428 398 416 616 306 984 739
432 562 31 577 282 797 466 914 825 394
71 756 265 879 524 828 6 757 794 313
714 578 719 885 592 263 295 52 430 653
899 260 860 695 52 908 351 454 183 157
160 286 788 354 619 521 833 975 276 345
27 668 441 183 845 392 461 657 458 816
368 557 172 892 551 927 192 850 152 485
722 461 875 133 479 631 988 399 69 155
940 10 10
990 373 499 993 839 959 860 941 996 918
986 369 844 967 691 351 985 544 392 899
824 77 839 972 624 692 903 989 947 914
903 652 258 668 873 737 854 897 977 769
679 465 828 557 730 689 933 881 611 879
372 868 485 803 850 716 973 943 962 965
996 986 514 329 571 982 600 895 791 919
781 678 989 816 217 675 809 975 727 942
820 877 947 469 650 996 813 963 570 163
731 852 647 612 155 513 952 671 670 448
46 285 158 952 731 956 844 784 798 792
462 265 317 946 659 68 92 404 253 838
4 34 514 450 425 345 286 982 221 884
701 383 121 612 493 598 370 639 965 251
403 386 824 532 646 275 717 355 147 265
253 839 471 72 537 55 903 818 512 769
629 855 404 238 149 893 178 146 594 787
344 146 985 323 43 5 190 720 155 847
812 457 821 340 428 994 319 720 147 151
189 88 365 323 116 327 908 619 385 311
498 5 5
1000 971 1000 964 1000
727 994 219 665 908
772 32 777 571 833
548 763 978 695 665
1000 883 1000 39 927
1 923 1 482 1
501 984 140 638 735
268 1 120 532 457
401 752 609 655 198
1 329 1 21 589
397 8 1
783
397
397
397
397
397
397
397
119
307
307
307
307
307
307
307
164 6 9
1000 776 1000 794 1000 486 1000 694 1000
998 896 949 494 584 670 908 366 939
900 528 982 509 372 550 817 703 706
700 688 553 735 659 631 570 66 925
959 352 582 179 697 422 656 791 496
1000 648 1000 268 1000 843 1000 562 518
1 740 1 42 1 474 1 550 1
800 850 418 470 322 641 526 348 305
51 518 26 473 173 509 118 696 614
611 666 347 702 232 602 146 38 143
371 314 127 132 466 406 214 757 241
1 502 1 246 1 530 1 538 7
410 10 10
706 861 569 569 207 812 998 817 214 988
920 667 275 476 648 656 629 294 962 680
250 682 452 963 287 998 535 989 812 733
246 556 888 999 822 738 804 602 932 209
907 734 878 937 977 996 898 621 591 904
739 956 982 521 676 433 696 937 988 820
804 629 243 896 932 899 635 867 919 896
721 900 370 968 817 468 631 989 894 912
763 746 849 595 358 642 911 222 658 974
564 731 673 885 135 638 612 831 957 770
286 282 28 476 78 23 72 781 199 969
458 179 160 213 212 226 13 47 445 604
169 467 182 348 110 880 308 456 622 371
36 490 9 936 762 717 517 521 782 46
887 162 687 599 875 700 310 533 517 362
250 912 966 447 652 342 121 380 375 761
408 484 232 45 618 729 540 632 422 127
274 316 152 849 692 139 212 978 881 839
131 716 614 527 128 463 779 148 586 704
308 728 73 314 78 154 182 583 919 312
813 8 9
1000 853 1000 1000 1000 980 478 259 809
247 1000 214 1000 425 950 770 491 190
974 1000 566 1000 887 896 922 750 972
366 1000 797 1000 179 776 541 732 813
623 1000 1000 1000 146 31 22 959 489
300 1000 388 1000 38 776 521 616 869
641 1000 571 1000 808 247 37 671 644
928 1000 688 1000 748 697 650 355 373
1 198 803 1 1 117 441 221 805
219 1 198 1 377 643 763 471 187
942 1 550 1 854 169 202 48 934
348 1 767 1 138 751 497 494 806
607 1 1 1 130 19 5 30 441
287 1 357 1 28 743 520 342 866
600 1 558 1 783 223 27 464 209
891 1 648 1 742 689 611 350 92
42 10 10
955 976 708 296 464 926 766 882 671 568
830 141 461 236 954 282 951 737 917 890
853 520 384 961 705 595 805 220 931 708
881 972 992 913 949 895 537 921 915 612
953 669 517 714 906 731 642 934 836 565
932 389 679 634 935 492 845 911 845 935
998 941 312 893 787 621 987 687 984 426
847 790 323 981 984 954 661 187 580 972
563 805 612 694 988 908 946 897 520 843
759 493 877 994 937 827 975 994 885 976
759 898 640 171 39 872 744 355 119 283
60 86 53 83 782 50 263 495 725 220
832 79 94 583 106 568 708 181 579 80
482 69 245 646 932 618 308 42 202 394
841 622 397 173 509 252 571 640 587 204
854 338 581 480 682 440 537 446 566 743
547 877 18 818 585 178 545 575 894 258
631 146 109 370 537 852 458 63 101 783
252 372 475 624 704 144 789 854 406 766
687 399 4 323 692 765 889 761 832 28
378 10 9
1000 334 1000 963 1000 170 1000 646 1000
674 360 312 796 980 302 986 708 972
970 610 221 477 978 816 685 228 451
994 85 904 335 763 594 655 888 648
988 1000 661 915 642 897 879 328 859
956 313 652 683 723 784 852 302 618
794 207 531 990 565 25 853 949 605
953 777 966 928 452 103 809 737 719
748 20 824 67 981 985 997 770 591
1000 840 1000 885 1000 879 1000 280 621
1 316 1 264 1 170 1 213 1
548 320 142 758 801 300 377 672 34
406 610 164 451 660 785 560 199 24
878 46 13 292 74 583 110 852 353
44 986 410 872 208 875 568 305 285
577 273 413 655 144 765 579 302 528
444 184 225 948 256 18 423 944 467
679 776 231 923 290 58 704 690 499
244 1 709 28 309 947 273 724 95
1 548 1 862 1 127 1 271 164
434 4 4
1000 726 502 665
962 600 271 481
648 712 460 602
543 894 775 921
1 3 274 297
115 186 135 185
426 102 236 221
505 302 308 17
146 10 10
784 936 945 687 900 305 793 398 514 613
784 582 635 795 945 571 981 956 918 927
948 668 525 541 919 586 776 811 956 591
986 989 991 813 819 865 507 837 348 996
992 952 977 503 815 593 313 906 646 929
564 558 464 762 555 631 684 713 765 884
262 325 986 931 601 996 922 968 796 631
938 956 710 426 723 1000 513 713 831 794
892 684 184 790 796 853 416 713 828 929
925 999 944 690 884 995 256 767 455 373
411 576 811 674 711 280 402 201 257 541
80 183 432 22 548 550 818 905 821 164
361 231 9 157 638 341 150 731 384 373
985 549 921 782 183 805 91 100 229 419
657 923 431 272 5 509 89 893 606 760
322 432 332 566 491 192 388 198 487 746
209 253 398 486 523 847 512 960 693 458
861 501 692 333 254 963 475 462 640 580
544 485 56 602 673 571 349 489 292 842
602 999 723 653 759 779 9 710 315 229
480 7 10
1000 629 1000 485 1000 788 1000 853 1000 754
956 415 602 571 920 560 954 649 840 846
583 166 606 586 795 628 998 948 685 989
606 577 596 697 942 156 698 810 957 692
829 174 615 292 826 506 578 832 677 705
553 570 691 360 655 277 968 719 921 952
1000 464 1000 938 1000 461 1000 465 45 910
1 624 1 97 1 748 1 409 1 742
70 414 89 525 471 526 370 643 31 837
384 152 114 575 706 624 518 908 164 989
193 533 454 651 618 156 197 767 487 655
330 142 13 276 550 463 510 788 304 694
196 564 274 352 64 247 244 713 1 331
1 136 1 931 1 22 1 432 13 543
245 9 4
800 1000 133 1000
574 165 84 572
1000 391 568 1000
845 982 673 312
1000 987 946 942
93 461 424 975
243 64 268 914
433 588 246 648
758 86 671 641
613 1 13 1
513 132 83 175
1 193 135 1
585 965 636 284
1 632 884 275
89 439 407 853
214 35 265 516
431 572 242 386
748 71 628 579
633 10 10
928 613 635 863 964 884 998 959 749 923
927 651 981 996 455 916 365 671 931 621
986 847 560 772 705 936 592 681 646 635
347 966 987 634 905 437 939 808 687 820
715 893 294 860 830 722 681 780 623 847
996 563 972 773 626 897 894 996 926 831
712 558 994 589 425 898 851 811 969 886
920 630 721 675 183 676 970 817 461 864
817 950 328 919 790 899 639 601 323 903
721 920 767 936 963 957 979 990 949 984
114 464 327 84 697 798 997 307 309 490
492 465 981 991 330 266 176 516 846 567
976 662 244 229 216 810 7 530 410 519
154 16 937 501 883 254 929 534 234 455
536 861 215 614 477 669 60 345 566 361
968 363 352 773 362 386 789 981 919 583
675 377 511 81 271 581 350 486 838 542
810 447 620 305 20 286 940 779 87 403
475 947 105 876 394 845 535 504 70 722
625 487 695 718 828 842 814 830 923 16
580 9 2
810 971
950 793
685 813
962 902
824 764
888 675
912 807
716 783
999 653
384 336
505 260
560 242
38 467
201 303
158 508
451 295
363 302
80 116
789 9 9
1000 829 1000 1000 1000 748 744 53 279
521 1000 1000 1000 26 768 359 647 89
879 1000 343 1000 195 567 841 247 855
594 1000 444 1000 335 355 638 746 683
388 1000 898 1000 659 71 681 969 540
261 1000 1000 1000 93 616 671 615 192
311 1000 467 1000 416 989 754 524 447
474 1000 352 1000 719 769 813 894 933
805 1000 820 1000 302 915 476 781 926
1 383 779 1 1 49 708 53 234
500 1 998 1 12 185 353 626 76
855 1 294 1 188 447 245 245 814
554 1 405 1 296 333 496 700 639
347 1 849 1 654 55 105 960 525
224 1 1 1 49 580 389 580 163
288 1 429 1 398 962 34 512 408
472 1 349 1 681 727 548 406 719
793 1 783 1 274 883 471 737 780
277 2 7
555 500 677 526 793 664 393
666 776 804 689 662 600 962
54 253 94 99 207 31 240
241 253 68 51 31 168 211
426 8 4
1000 671 99 469
644 838 529 873
167 756 932 724
714 996 658 829
907 899 899 792
165 880 908 944
204 680 792 997
418 727 403 975
1 58 76 464
73 261 32 583
49 7 768 6
663 595 305 677
86 366 29 680
153 809 680 380
190 291 742 440
415 443 36 803
461 10 10
511 950 780 910 988 540 877 704 473 772
825 806 784 529 754 632 377 979 946 360
444 757 673 844 715 743 972 827 638 389
892 979 583 712 884 306 951 991 624 851
890 940 989 610 964 936 493 194 874 745
897 872 753 845 996 729 753 720 778 475
916 673 566 621 413 895 968 769 807 847
858 476 950 768 594 851 963 940 895 989
960 545 436 957 965 896 994 893 701 300
434 613 691 655 898 516 419 819 631 662
111 765 15 329 635 73 183 663 314 318
10 579 428 356 643 602 42 958 744 118
434 389 455 174 459 570 52 578 339 79
597 933 397 47 881 221 150 986 364 810
798 853 874 322 68 897 408 6 423 671
567 673 204 576 919 664 365 92 650 392
635 85 173 595 142 602 860 649 283 334
348 268 865 482 361 583 865 597 756 984
326 309 210 952 953 45 986 143 175 67
308 553 667 561 24 375 128 238 534 194
151 10 10
993 987 870 538 921 642 601 886 965 889
1000 935 959 718 275 451 459 392 871 603
917 767 826 909 491 902 994 672 822 866
453 977 918 332 1000 979 801 815 768 877
840 783 916 762 788 513 543 527 396 754
580 710 651 720 809 970 659 306 881 352
994 725 576 592 501 671 840 828 660 867
636 860 861 380 561 985 918 849 874 788
925 974 967 984 546 420 675 290 944 930
930 810 899 893 664 316 927 436 973 926
937 935 341 473 862 355 335 196 204 342
559 873 558 411 266 318 239 275 622 445
65 460 215 560 86 701 800 400 571 346
399 274 915 128 998 723 723 578 542 411
158 461 72 670 292 145 256 445 317 411
496 434 19 351 106 890 435 133 751 131
974 643 44 103 151 180 342 436 525 280
312 672 790 271 536 934 27 425 196 781
57 937 967 773 407 219 573 167 787 605
189 146 817 636 483 262 924 296 277 27
377 4 10
776 604 697 742 586 962 869 950 527 649
453 841 672 898 480 735 846 519 519 547
718 461 842 655 836 661 581 466 717 504
504 523 723 465 781 825 998 823 601 947
231 45 240 315 331 79 71 22 17 138
71 288 305 63 180 273 148 131 146 193
67 265 254 194 374 135 27 211 143 364
216 280 125 336 65 370 348 230 54 81
69 6 8
1000 55 273 87 297 932 78 395
55 1000 949 868 456 502 453 267
723 315 633 974 765 664 794 94
842 705 360 676 816 853 858 111
736 73 481 460 654 806 654 728
381 846 364 357 452 298 987 767
1 5 223 35 198 12 17 321
3 1 24 211 184 320 383 140
335 35 406 10 565 577 125 27
464 276 79 345 450 258 140 43
452 2 167 287 429 593 206 319
255 722 227 186 161 12 451 59
880 5 8
935 331 351 323 297 502 863 1000
953 524 934 745 172 346 67 967
1000 992 791 934 969 916 306 1000
843 843 413 640 22 280 448 740
1000 876 762 822 855 854 821 631
98 256 268 238 234 151 152 1
891 491 896 718 138 345 39 141
1 324 19 292 849 241 194 1
243 810 387 614 13 278 439 696
1 118 622 489 452 591 246 576
