100
1 1
540 600
840 900
2 0
900 1260
180 540
1 1
1439 1440
0 1
0 2
807 897
694 807
0 2
24 51
785 798
1 0
73 175
1 0
619 640
0 2
816 1391
1391 1440
2 0
1075 1223
1223 1340
0 1
1129 1213
1 1
1062 1323
1323 1440
1 1
254 508
888 953
0 2
0 1
1439 1440
2 0
870 1364
1364 1440
1 1
970 1182
1182 1228
2 0
1181 1290
1300 1316
1 1
19 481
481 818
0 2
179 539
540 900
2 0
1319 1440
1295 1319
1 0
1310 1440
2 0
1080 1430
10 360
2 0
839 1104
1104 1440
2 0
1080 1430
0 360
0 2
136 202
924 1440
0 2
1305 1440
820 954
1 1
206 859
859 1440
1 1
808 1440
432 808
0 2
373 508
1361 1440
0 2
570 660
927 1440
2 0
815 1114
1114 1440
1 0
1213 1440
0 2
23 234
1069 1216
2 0
1026 1440
294 454
2 0
1068 1440
1032 1068
1 0
866 1440
0 1
735 1440
0 1
385 747
1 1
647 654
460 647
1 1
196 841
911 1440
0 2
1002 1282
993 1002
2 0
407 549
549 757
0 1
550 731
0 2
11 361
1080 1440
1 1
1032 1213
520 1032
2 0
180 289
289 672
2 0
1080 1252
1053 1080
2 0
1172 1282
938 1096
0 2
157 245
245 813
1 0
1420 1440
1 1
572 815
815 1440
0 2
837 1339
1339 1440
2 0
504 528
1379 1440
2 0
33 420
1042 1233
0 1
29 153
1 0
760 1440
0 2
427 630
1186 1440
0 2
506 577
1176 1440
1 1
902 1440
257 272
0 2
0 360
1080 1440
1 0
1192 1440
0 2
540 900
180 540
1 1
0 1
1439 1440
2 0
1390 1440
648 981
0 1
793 1227
1 1
334 804
804 1440
1 1
1299 1440
798 918
2 0
564 1095
517 564
1 1
916 1440
645 916
1 1
969 1021
1021 1092
0 2
1195 1202
886 1195
0 2
729 1395
1395 1422
0 2
967 1029
1029 1115
1 0
822 1440
0 2
1108 1256
1256 1440
2 0
168 822
975 1024
0 2
1020 1440
567 660
0 2
1080 1440
10 360
2 0
1343 1440
116 657
2 0
1080 1430
11 361
2 0
1079 1429
0 360
0 2
1300 1440
921 1055
0 2
891 1440
841 891
0 1
926 1382
0 2
987 1440
749 987
0 2
1061 1367
1367 1440
2 0
1298 1366
1366 1440
1 0
909 1440
2 0
1111 1188
933 1111
1 0
1245 1440
2 0
688 720
1048 1417
1 0
1153 1440
0 2
541 901
180 540
2 0
1439 1440
0 1
2 0
10 360
1079 1429
0 2
1123 1308
1308 1440
1 0
1054 1110
2 0
771 1002
1002 1080
0 1
76 477
2 0
654 683
495 654
2 0
502 730
21 51
