100
2 3
0 20
20 0
-20 10
40 20
0 19
2 2
5000 5000
-5000 -5000
0 1
9999 10000
2 2
-3991 3294
3522 5116
-2474 -8624
-5079 5997
2 3
6008 -284
-3406 -333
-9568 4461
-6460 5311
-5717 -8348
2 7
250 -205
7085 6339
7877 -4694
-6198 -1353
5241 8985
8083 7531
-9254 1039
5249 774
-3015 6214
2 8
-7255 3388
-5791 1271
3393 -1251
2478 -4394
-3570 1404
-4672 -6393
3142 5926
-3122 -8122
4165 4192
-9326 -8003
2 5
-3643 1803
176 4974
-1204 9764
6694 1054
1279 8696
6451 -3850
-86 -2668
2 2
-7321 2541
-44 1795
8099 9633
-1275 1986
2 8
4604 2020
-1447 1396
-2119 -4847
-8688 4915
9494 6227
2353 -4895
-3166 -2961
-4804 -3503
4291 -6272
1130 -9177
2 4
1625 7424
3004 -938
-2906 -5684
-3959 -1986
-5288 -1261
3724 -3293
2 7
4160 5354
-3238 5223
4283 78
-8883 -9998
4497 5030
4964 -9914
8907 -4797
5400 4962
-9026 8102
2 8
-7489 2840
-3714 -6669
-3569 -612
-5516 3918
3469 -4270
-9362 179
-2686 6076
6217 -96
-5376 2439
-9928 -5421
2 9
7409 -959
371 -621
-9201 -2017
9367 1472
8050 -6689
-6043 4268
-659 3350
11 4271
2509 9150
-2230 8950
-8184 4762
2 7
-7372 125
-4995 -1126
6235 -982
-1751 -1657
-4299 -5377
4455 -1116
-5688 7398
8750 7122
6548 757
2 2
-7318 3593
-2103 1852
961 -2486
-7359 1016
2 9
-3134 3152
-135 8
9429 6782
-3202 4732
-5318 8062
-1779 1985
3990 618
5364 5978
3860 9829
-124 -3997
-9848 -4131
2 2
-6162 7399
434 -4274
5926 6799
-7937 655
2 3
3462 -4984
4778 6555
-9849 1208
6742 3221
-4827 245
2 2
7140 6265
-4913 6870
-3373 -6481
3897 3296
2 2
1747 1411
-5293 5509
-7944 -5320
-3489 -6258
2 3
-6798 -2235
-5167 5088
-7646 -5719
666 9268
4309 -9114
2 3
-1909 5313
-2520 5336
9572 -7383
7928 6740
8392 -6889
2 5
192 -5223
4090 4829
-5119 8942
8708 -8878
-6877 -1782
-9519 -6192
-328 -2612
2 6
4561 222
3759 -3911
-2759 -1470
-1682 1921
6804 9559
-8815 8510
-1599 5634
1217 -8705
2 5
7251 1813
6495 -6778
9617 9767
-4899 -7999
-5735 2264
-3998 -7858
3262 -2733
2 5
3938 6150
-39 648
-8202 -3987
-4224 8812
-135 4315
3010 -3810
2341 -5135
2 2
-5619 -5117
-795 -3832
6775 -5267
-6576 -7129
2 6
-4693 -3746
5938 2671
-3413 4976
8991 1864
-2133 728
-2810 8226
-6390 -8728
-8479 1871
2 4
-2852 3890
2452 -3822
-9107 -3905
-6964 -8705
5261 7635
-5126 1930
2 2
-2651 5558
6756 4156
6708 -4582
162 -1498
2 2
-1384 180
-90 2154
-2474 8831
2647 5401
2 10
2711 1967
-5540 -2569
-626 2366
2592 -5321
8263 -8977
-2604 -9854
-9102 -5821
-5311 -5463
-964 2992
7823 -1032
2532 -498
-4338 -7963
2 5
-542 -5277
-1888 7400
-2143 2528
4307 -1614
-6885 9121
-9730 9495
-9730 8348
2 7
6735 6823
-200 1891
-5928 -7337
-681 -3986
-4608 -3073
4393 9215
-1285 8842
-5877 -4847
4171 6726
2 4
5828 4985
-4538 1273
-4576 -129
9938 -3150
-6006 -5823
-2189 5936
2 2
-1197 -3572
-4850 1061
-1999 -7784
5080 -8234
2 7
-177 -2731
-2308 -6289
9605 -3370
1833 9575
4536 8511
6612 953
-5332 9232
-9365 7359
-2024 -3889
2 2
2135 -7432
-6188 -41
5905 1455
-2674 -4241
2 5
-7111 -1569
3630 6849
7371 1707
357 -9262
-6322 3501
-6594 7761
-2285 -8580
2 6
1382 3723
-3130 1425
8892 2397
4929 7187
5223 -1611
4579 -5206
-341 1953
-4866 640
2 4
-7280 -6841
-6721 6203
6455 -4493
4895 4000
-1016 -114
1032 2180
2 4
-3062 256
1836 -1407
920 -8854
-1930 -4904
-6680 -6212
-9399 -5729
2 9
7433 9
-5883 -3596
2457 1616
-7021 -2051
-828 1577
6988 2334
4197 3264
-8595 -4933
4964 822
-8425 -3952
8633 -3704
2 7
2663 -6828
-710 7136
9852 6212
9492 -9936
-7706 -9625
9730 -9324
-4308 4417
-761 947
-8275 -6336
2 2
-5070 -633
5723 4814
-4417 -1150
2421 3449
2 3
-6510 1926
-239 4487
-1581 4572
5032 -1800
5033 67
2 7
-2603 5401
3276 5869
5024 4491
5609 -3122
-2280 9336
3813 4359
8013 -2011
-7491 -1779
4605 6782
2 6
-994 -2906
-2302 3985
947 -6798
7651 9542
-8513 -7465
-2472 -5160
6711 -4902
-8378 2770
2 9
2885 4120
6761 1626
-5641 -8137
6625 -1858
-5357 -3824
1332 -2967
-5346 -1136
-2194 5171
6818 2265
5089 7598
-3595 -9887
2 5
-5002 -2326
3113 4949
2648 -8386
7042 -7737
-6998 18
-6481 1120
-1120 401
2 2
-3058 6398
2888 7022
-5428 7871
-9693 9497
2 4
-6411 -6613
-1557 2955
218 -8737
-784 -4298
3775 -4967
8830 1083
2 9
209 -5812
-4943 4716
-9039 99
-3151 -5682
-7069 2936
-3684 2388
2891 6088
4540 -534
1248 9689
1674 9222
3560 9469
2 9
-6121 -5102
300 -2358
-3407 5073
-3912 6662
-4782 8239
8532 -1379
-1269 -7133
9620 1927
-2787 -6001
4722 8683
7810 -10
2 5
4973 6365
-6905 -204
-3822 3209
-543 -9775
2332 7756
6876 -6237
-6743 5448
2 3
4755 336
5342 2262
-2339 848
94 -8187
498 1953
2 2
1095 -6833
-2425 -577
361 -4071
-6432 7033
2 10
-4778 3765
-4031 4064
8648 6747
-7384 9088
4347 -7480
-1509 -9608
491 7969
-7714 3173
-3892 -8939
7170 -1062
-1254 6146
-4389 60
2 8
-7211 -5006
6420 -5853
6895 4437
1907 -2207
5913 -6319
8405 -5049
4016 -7373
2015 -2205
-8288 -5833
3619 -9781
2 9
-4445 6210
7111 3585
-6162 7622
-2389 8943
-209 -8353
9576 9103
807 -1192
-9720 -5905
-2593 173
-1839 8330
5400 1364
2 8
4411 4949
3755 4549
7330 -2768
1399 -1435
2505 -7238
-4616 -1262
-3285 -3377
1777 -5919
-7284 8318
4544 3089
2 2
7238 -3620
6094 3573
-8704 -34
-5183 -2727
2 6
-5602 -448
-3285 4182
9044 -3351
9790 7369
2318 9789
192 -5118
8831 7907
-9891 -3829
2 9
-3794 1666
-5506 6332
-326 -9890
5268 6752
9064 1566
9057 -2998
2406 5407
-9882 -8498
6492 -5552
2455 -7128
8792 -2338
2 2
-2905 6131
-7336 -7297
320 -3894
1997 -255
2 4
-5608 -4768
2318 -6065
-9998 76
1043 -3260
-6036 -8545
1326 -7139
2 8
-1134 1512
2741 -3059
2042 -9009
-7247 4989
-2550 -5714
-3319 5920
8134 -6481
-9829 -1278
7641 -4053
-2075 -2706
2 6
2364 3134
-6374 -4644
9793 -2300
235 -3224
5338 -8721
98 7763
532 5769
6953 1720
2 2
7408 -3484
-3009 -898
1561 6365
-3917 9087
2 5
5790 2184
4461 -2700
-5860 -9706
9236 2283
3405 2742
-9041 -8336
-807 6529
2 2
-7239 2459
6720 -5318
-1443 5439
244 1930
2 8
2214 -7010
2494 -3057
-8597 6421
-5359 1000
1502 -2366
7937 9247
-3109 8019
3649 5166
-3213 3750
3045 -5601
2 2
5678 2230
-6780 493
-9155 3894
7325 9579
2 2
2163 6563
-1304 -5855
-2461 337
-1220 3990
2 8
1224 1650
1032 -2264
-5907 2932
-2877 -1081
916 -8022
-1353 -2202
7577 -8349
-7177 -619
8171 1437
1735 -7689
2 6
-788 -297
-6254 5632
-9425 7705
-9784 -1470
-158 1855
7387 8497
3729 -3406
2078 9099
2 2
1638 5060
-5835 -830
4812 -3615
3393 1321
2 7
-6053 7114
-6007 -4778
-5095 5706
4253 9932
-1745 5115
-6476 -448
9134 -3344
-3825 9379
-271 -2534
2 4
5382 -2156
2291 -1395
4022 -95
1124 -3767
9827 5566
-8928 3798
2 3
-579 4198
-3969 -2003
-3440 -7543
-5709 9246
4206 -5037
2 7
1836 3393
-2086 370
1073 618
-4065 2836
3039 1017
3487 -2726
-3511 8548
1579 -5397
4681 -1590
2 2
980 -6006
3903 4685
4509 -4748
-2999 8301
2 3
1829 7391
4979 -4569
68 -6941
-3953 -6710
-2103 -9267
2 6
-3573 4024
4874 623
4198 -5460
2929 -1490
7025 -580
-4907 1228
-8132 404
2259 228
2 5
-4005 -3619
-7401 2300
-2457 -8221
-8533 1009
5232 -8850
-4210 -9224
7362 -6921
2 2
-23 5339
995 274
7282 6501
-2191 15
2 6
3382 -4843
-4081 -2089
9733 -7507
-2507 -203
1280 8791
8281 7592
3032 -8189
-8289 5233
2 2
5915 -4613
-2702 6025
6129 -9568
-2642 5640
2 3
4351 -1643
796 264
-3307 6934
-9777 -723
3732 6461
2 7
450 -917
2831 -6010
4595 -3987
-9571 8925
-129 -5993
1393 -331
9945 1597
7619 6483
-4491 8750
2 9
-7119 5223
-7301 2320
-2243 -7996
-7882 -8976
640 7883
-1711 -3673
-8337 428
-7902 -5534
6043 -1637
-9304 4991
-1746 6751
2 8
-1019 1672
-49 3538
-3141 1909
751 1622
-9505 5574
2299 8595
-7327 8388
-5473 -8912
5579 5097
-4305 9552
2 4
-346 -3234
1850 5285
4685 6814
-1345 3654
-6661 5221
-4964 3520
2 2
6705 -6450
-5077 -6625
-4939 -7661
4523 3750
2 8
-4250 1460
520 -2824
3861 7451
9489 -1210
-4401 -9703
-3772 4032
-9073 -2486
6264 -3362
2245 8042
3166 -1259
2 2
-661 -2189
5782 -4381
-3499 4880
-6607 6029
2 4
-5877 -117
871 3167
5589 -5777
-5873 -5361
-2538 6586
-9099 1540
2 2
-3206 -1714
-1576 4102
1930 -8366
7081 -4572
2 2
1439 -2623
465 636
-4184 6989
3701 1281
2 2
6827 7247
7211 -877
-6979 8469
2077 882
