Case #1:
47
48
52
52
52
52
52
51
50
48
48
48
49
47
46
46
46
48
47
47
47
47
47
46
47
47
47
47
47
47
45
45
46
46
47
47
47
47
47
47
47
45
45
45
45
45
44
44
44
44
44
44
41
43
43
43
43
47
47
49
49
49
49
48
48
48
47
47
47
47
47
47
46
45
45
45
45
46
46
44
44
44
44
44
44
44
46
46
47
47
47
47
47
47
45
43
43
43
43
45
45
45
45
44
44
44
44
45
43
42
42
41
41
41
41
41
41
41
41
41
45
45
45
45
43
43
43
43
43
42
42
40
40
39
39
38
38
38
38
38
40
40
40
40
40
42
42
42
42
42
Case #2:
648
648
648
648
649
649
647
647
647
647
648
648
648
648
648
648
647
648
648
647
647
647
647
647
647
647
648
648
647
647
647
644
643
643
Case #3:
739
737
736
738
734
734
734
734
735
735
736
736
736
736
736
736
736
736
736
736
735
735
735
735
735
735
735
733
733
733
733
733
734
734
735
735
735
735
736
735
735
735
735
734
735
735
735
735
735
734
735
735
735
735
735
735
736
735
735
734
730
729
729
728
728
728
728
726
726
726
726
726
728
728
727
727
727
727
727
726
728
728
728
728
727
727
727
727
727
727
727
727
727
728
728
727
727
727
727
727
725
726
727
727
727
727
727
727
727
727
727
727
727
728
728
728
728
728
729
729
728
728
727
727
727
727
728
728
725
725
725
725
725
725
726
725
725
725
725
725
725
724
724
724
724
726
724
724
724
725
725
725
725
724
724
724
724
724
725
725
725
725
725
725
725
725
725
725
725
725
725
725
725
725
725
726
725
725
725
725
724
725
727
727
727
727
725
725
725
725
725
725
725
725
722
722
721
720
720
720
720
719
721
721
721
722
722
722
720
720
720
720
720
718
719
719
717
716
717
717
717
716
714
714
714
714
716
715
717
715
715
715
715
716
716
716
716
716
716
713
715
715
715
715
716
715
713
713
713
713
713
713
715
715
715
715
712
712
714
714
715
715
719
719
719
719
719
719
719
719
719
717
717
716
716
716
716
716
716
716
717
717
717
717
717
714
716
716
719
719
718
718
718
718
718
718
719
722
723
723
722
722
722
719
718
718
718
718
717
717
717
717
717
718
718
718
718
722
722
722
722
723
723
723
725
725
725
725
726
725
727
728
728
728
728
728
728
728
728
729
729
729
731
731
731
731
731
731
731
730
730
730
731
733
732
732
732
732
732
732
731
731
729
729
729
729
728
728
727
727
727
728
728
728
728
727
727
727
727
727
727
727
727
727
727
727
727
727
727
729
729
729
729
728
728
730
728
728
730
730
730
730
730
730
730
730
728
727
727
727
727
727
727
727
726
726
725
725
725
725
728
730
728
728
726
727
727
727
727
727
728
728
723
723
723
723
723
722
722
722
722
720
720
720
720
720
720
720
720
720
720
720
720
720
720
721
721
722
722
722
722
722
Case #4:
202
202
202
202
202
202
201
201
201
201
200
200
200
199
199
199
199
198
198
198
198
199
199
199
199
198
198
198
198
198
198
198
198
198
197
198
197
197
197
197
196
196
197
198
199
199
199
199
199
199
199
199
199
198
197
197
197
196
196
196
196
198
198
198
194
193
193
193
193
193
193
192
192
194
194
194
194
194
194
194
194
195
195
195
195
195
195
193
193
193
193
193
193
193
194
194
194
194
193
193
193
194
195
195
195
195
194
194
195
195
193
192
192
190
190
190
187
187
188
188
189
187
187
187
188
190
191
192
192
192
192
192
191
191
190
190
Case #5:
15
15
15
15
15
15
15
15
15
15
13
13
13
13
13
13
13
13
12
12
12
12
10
10
10
10
11
10
10
10
10
10
10
9
9
9
9
9
9
10
11
10
10
9
9
9
9
10
9
9
10
10
9
9
9
9
9
9
9
9
11
11
12
12
12
13
13
12
12
12
12
13
13
13
13
13
13
13
13
13
13
13
12
13
13
13
12
12
12
12
11
11
11
11
11
11
10
10
10
10
10
10
10
10
10
10
10
10
10
10
10
10
10
10
10
10
10
10
10
10
10
10
9
9
9
9
9
9
9
9
9
8
8
8
8
7
7
7
7
8
8
8
8
8
8
8
8
8
8
8
8
8
7
7
7
7
7
7
6
6
6
6
6
5
5
5
5
5
5
5
5
5
5
5
5
5
5
5
5
5
5
5
5
5
5
5
5
5
5
5
5
5
5
5
5
5
5
5
5
5
5
5
5
5
5
5
6
6
Case #6:
318
319
319
319
318
318
318
318
318
318
318
317
317
317
317
317
317
317
321
321
321
321
320
320
320
320
320
320
320
320
321
319
319
319
319
319
321
321
319
319
319
322
322
324
324
324
325
324
324
324
322
321
320
320
319
320
320
320
320
320
320
320
320
320
319
319
Case #7:
132
130
130
131
131
131
131
131
131
131
131
131
131
131
131
131
131
131
131
131
131
131
137
138
138
139
139
139
139
138
137
137
137
137
137
136
137
137
137
137
140
141
140
140
140
141
141
141
141
142
144
144
144
144
144
144
144
144
144
141
145
145
146
146
143
143
144
144
144
146
146
146
146
147
147
148
148
148
148
148
148
148
148
148
148
147
147
147
147
148
147
148
149
148
148
149
149
149
148
148
148
149
149
149
149
148
149
149
149
151
151
151
151
151
151
151
151
151
152
152
153
153
153
153
154
154
154
154
153
153
153
152
151
151
149
149
149
149
147
148
148
148
148
148
148
148
148
148
150
149
149
148
148
148
148
148
147
147
147
147
144
145
145
146
146
146
146
145
145
148
149
150
150
151
151
150
150
152
151
151
150
150
151
151
151
150
150
150
150
150
151
151
151
153
153
152
152
152
152
152
153
151
152
152
152
152
152
152
152
152
153
153
153
153
152
151
151
151
152
152
153
153
153
153
152
152
152
152
152
152
152
152
152
151
151
151
151
150
150
150
150
148
148
147
147
145
144
144
144
143
143
143
142
142
141
142
142
142
142
145
145
145
145
144
144
144
143
143
143
143
143
142
142
142
140
140
138
138
141
141
142
142
142
142
142
142
142
142
142
141
140
141
141
141
141
140
143
143
143
144
144
144
144
144
144
144
144
144
144
144
144
148
148
148
148
148
148
146
146
146
146
146
146
146
146
146
146
146
146
146
147
147
146
146
146
146
147
147
147
147
145
145
145
145
146
148
148
148
148
148
148
148
148
148
147
147
148
146
147
147
147
147
147
147
147
150
150
150
150
150
150
149
149
149
150
156
155
155
155
155
155
155
156
158
157
Case #8:
28
28
28
28
26
26
26
26
26
26
26
26
26
27
27
26
26
25
25
25
25
23
23
23
24
24
24
25
25
25
25
25
25
26
26
26
26
27
27
26
26
26
27
27
27
29
29
28
28
27
28
28
29
29
29
28
28
28
28
31
30
30
29
29
29
29
28
28
28
28
28
28
28
28
28
28
28
28
30
30
30
30
30
30
30
30
30
31
31
31
32
33
32
32
32
32
32
33
33
33
34
34
34
34
34
33
34
34
35
34
34
34
34
34
34
34
33
33
33
33
32
32
32
31
31
31
31
31
31
31
31
31
31
31
31
31
32
32
33
33
33
34
34
34
34
34
34
34
33
33
33
33
33
33
33
33
33
33
33
33
33
33
33
33
33
33
34
34
32
32
33
33
33
33
33
33
33
33
33
33
33
33
33
33
33
33
33
33
33
33
33
33
33
33
33
33
33
33
33
33
33
33
33
33
33
32
32
32
32
32
32
32
32
32
32
32
32
32
32
32
32
32
32
32
32
32
32
32
32
32
32
31
32
32
32
32
32
31
31
31
31
31
31
31
31
31
31
31
31
31
30
30
30
30
30
30
30
30
30
30
31
31
31
31
31
31
31
32
32
31
31
31
31
31
31
31
31
31
31
31
31
31
31
31
31
31
30
30
30
30
30
30
30
30
30
30
30
30
30
30
30
30
30
30
30
30
30
Case #9:
477
477
477
476
476
474
474
474
474
474
473
473
472
472
472
472
472
473
473
474
474
474
472
474
475
475
475
475
473
474
474
474
474
474
474
474
473
473
472
473
472
472
474
474
474
474
474
473
472
472
472
471
471
472
472
472
472
472
472
472
471
471
469
470
469
469
470
470
470
470
469
469
470
469
470
470
471
471
471
471
471
471
471
471
470
471
471
469
469
471
471
468
467
466
466
467
466
466
465
465
463
463
463
463
463
463
464
464
462
462
464
463
463
464
464
464
463
463
464
464
464
464
464
464
464
464
464
464
464
463
462
462
462
462
462
465
465
464
464
464
464
464
463
462
462
462
462
462
462
462
463
463
463
464
464
463
464
464
464
464
464
464
465
466
466
466
468
470
470
470
469
469
468
468
468
468
469
468
466
466
466
467
466
466
468
468
467
467
467
467
466
466
466
466
465
465
465
465
464
464
464
463
463
463
463
463
463
462
462
462
460
460
460
460
459
459
459
459
459
459
458
458
458
458
458
458
458
458
458
455
455
455
455
455
455
455
455
452
451
451
451
451
451
449
452
452
452
452
451
452
452
452
452
452
452
452
452
452
452
452
452
454
454
454
456
456
456
456
456
456
457
457
457
457
457
460
460
460
459
460
460
459
459
459
459
459
459
459
459
459
460
460
460
460
459
458
458
457
457
459
458
458
458
458
460
460
459
459
459
459
459
457
455
455
455
454
455
456
456
456
456
456
456
456
456
456
456
454
454
454
454
454
453
453
453
453
453
453
453
454
454
453
453
452
452
452
452
452
452
452
451
451
451
450
450
450
451
452
452
451
454
454
454
454
454
454
454
454
454
453
453
452
452
452
452
452
452
452
452
452
452
452
452
452
452
452
452
451
451
451
452
454
452
453
453
452
452
452
452
452
452
452
452
452
453
452
452
452
452
452
452
452
449
449
449
450
450
450
450
449
449
448
447
446
445
445
443
444
445
444
444
444
Case #10:
4
2
2
2
