50
1 558 111
480 54
1 965 562
890 449
1 892 143
50 73
1 9 262
1 260
1 945 602
633 417
1 914 943
205 649
1 925 652
128 75
1 338 192
39 165
1 14 752
2 1
1 286 570
145 328
1 279 283
242 156
1 959 440
558 286
1 370 954
144 591
1 288 507
46 506
1 206 940
3 709
1 53 460
24 324
1 783 458
403 363
1 448 723
96 322
1 54 831
49 263
1 298 652
223 92
1 510 496
165 492
1 103 927
26 629
1 610 117
311 91
1 609 689
211 502
1 748 688
469 388
1 823 420
191 48
1 222 930
116 834
1 277 883
199 257
1 603 236
326 34
1 931 119
131 49
1 298 684
286 343
1 942 955
302 779
1 755 348
616 149
1 235 158
203 81
1 235 323
119 24
1 946 208
14 87
1 956 686
522 162
1 651 754
194 583
1 844 629
718 264
1 951 212
190 183
1 928 44
835 8
1 314 706
48 55
1 45 565
1 70
1 404 236
273 88
1 513 359
121 46
1 438 960
35 483
1 822 217
73 27
1 578 678
29 365
1 663 893
529 565
1 63 346
44 24
