50
51975 567655342 294224707 84 11 5
71620 569938672 588811339 95 4 1
100000 536870911 0 10 30 60
75907 482015388 976804973 12 60 28
10 0 536870911 10 80 10
10 805306368 671088640 1 1 98
66560 926581106 818641293 1 24 75
89037 443075654 58793340 76 24 0
56712 299402739 799054635 38 48 14
100 805306368 671088640 1 98 1
62033 972567892 258386782 15 48 37
84005 775087021 728362208 79 15 6
68116 961922264 150470151 63 12 25
3 115325623 807009856 22 33 45
62013 629420994 625592532 26 40 34
82177 74705148 65898046 82 13 5
10 805306368 671088640 1 98 1
51538 229978180 883344301 90 4 6
100 805306368 671088640 98 1 1
90212 768869741 440409294 82 10 8
53806 43215817 788068369 34 23 43
1 611911301 677741240 22 33 45
72667 315197336 368388411 99 0 1
87263 657507832 324931666 13 67 20
56766 659337307 41052775 77 6 17
100000 805306368 671088640 1 1 98
59597 322411828 876420180 62 16 22
79617 897413451 813670413 69 18 13
70507 317354756 334670563 42 20 38
100 805306368 671088640 1 1 98
100000 0 536870911 10 80 10
86061 320999693 333872790 41 41 18
78834 107269436 247624765 52 40 8
88229 597591775 725231413 56 5 39
78431 396381331 49968824 81 3 16
62839 636090187 529166846 94 1 5
50796 886348988 723530431 90 7 3
100000 805306368 671088640 1 98 1
50309 742197836 966452013 0 75 25
10000 805306368 671088640 33 33 34
95642 697911148 930192033 62 20 18
1000 536870911 0 10 30 60
10 536870911 0 10 30 60
86018 39187332 16685141 12 17 71
1000 0 536870911 10 80 10
10 805306368 671088640 98 1 1
5 83069270 224653905 22 33 45
2 39653884 516687479 22 33 45
57787 609241347 67438129 41 13 46
100000 805306368 671088640 98 1 1
