100
3
2 0
2 2
1 3
1
5 0
53
275 5
120 25
772 26
876 49
57 53
331 67
222 72
34 81
937 105
362 143
853 179
442 181
967 190
521 254
939 262
197 266
441 289
358 293
730 297
270 359
715 379
705 386
332 393
346 405
434 414
485 428
299 457
858 488
88 520
828 560
449 572
319 577
477 582
964 604
868 625
78 635
519 667
217 676
121 700
347 703
375 756
156 763
304 766
195 768
817 789
450 802
37 817
181 869
457 896
816 906
694 926
388 944
973 966
30
944 24
914 40
77 46
49 76
19 77
805 105
660 109
347 113
159 144
225 147
820 224
992 235
333 305
772 450
387 482
477 484
83 526
538 549
543 595
81 628
185 673
428 680
356 695
221 781
177 805
714 826
319 829
329 867
561 875
810 880
13
87178291201 1
43589145600 2
14529715200 3
3632428800 4
726485760 5
121080960 6
17297280 7
2162160 8
240240 9
24024 10
2184 11
182 12
14 13
13
87178291200 1
43589145600 2
14529715200 3
7264857600 4
726485760 5
121080960 6
17297280 7
2162160 8
240240 9
24024 10
2184 11
182 12
14 13
84
428 15
109 34
498 74
426 94
603 108
567 115
537 120
356 148
166 153
303 163
135 167
546 168
945 172
397 175
542 183
783 203
935 209
404 210
43 234
599 253
310 267
313 273
81 279
345 294
212 295
325 336
581 345
555 346
822 353
695 354
187 362
195 366
691 376
280 378
913 390
850 400
923 405
702 407
955 417
296 434
86 457
197 458
433 470
470 479
716 481
899 485
306 518
874 528
860 529
738 534
52 547
117 554
717 559
719 564
753 572
818 578
465 581
323 588
547 619
901 621
18 630
297 647
865 662
933 681
552 708
199 730
521 737
205 740
943 742
721 772
87 801
830 834
835 840
167 866
740 868
268 893
412 895
559 897
102 903
164 909
605 927
562 950
862 961
606 983
13
87178291200 1
43589145600 2
14529715200 3
3632428800 4
726485760 5
121080960 6
17297280 7
2162160 8
240240 9
12012 10
2184 11
182 12
14 13
13
87178291200 1
43589145600 2
14529715200 3
1816214400 4
726485760 5
121080960 6
17297280 7
2162160 8
240240 9
24024 10
2184 11
182 12
14 13
13
87178291200 1
43589145600 2
14529715200 3
3632428800 4
726485760 5
121080960 6
17297280 7
2162161 8
240240 9
24024 10
2184 11
182 12
14 13
13
87178291200 1
21794572800 2
14529715200 3
3632428800 4
726485760 5
121080960 6
17297280 7
2162160 8
240240 9
24024 10
2184 11
182 12
14 13
13
87178291200 1
43589145600 2
14529715200 3
3632428800 4
726485760 5
121080960 6
17297280 7
2162160 8
240240 9
24025 10
2184 11
182 12
14 13
13
87178291200 1
43589145600 2
14529715200 3
3632428800 4
726485760 5
121080960 6
17297280 7
2162160 8
480480 9
24024 10
2184 11
182 12
14 13
13
87178291200 1
43589145600 2
14529715200 3
3632428800 4
726485760 5
121080960 6
17297280 7
1081080 8
240240 9
24024 10
2184 11
182 12
14 13
13
87178291200 1
43589145600 2
14529715200 3
3632428800 4
726485760 5
121080960 6
17297280 7
2162160 8
240240 9
24024 10
2184 11
182 12
28 13
13
87178291200 1
43589145600 2
14529715200 3
3632428800 4
726485760 5
121080960 6
17297280 7
2162160 8
240239 9
24024 10
2184 11
182 12
14 13
48
893 0
168 3
434 30
982 45
94 72
216 85
254 96
450 158
749 180
536 200
338 204
312 208
593 221
741 229
154 234
272 236
788 237
723 295
452 319
609 356
654 402
331 408
45 434
924 460
184 468
385 478
273 491
855 506
914 508
739 516
529 524
310 526
904 536
993 541
467 575
888 577
706 601
51 611
630 646
588 707
957 724
664 799
10 855
92 884
591 896
972 913
414 971
118 997
68
418 14
987 35
420 57
280 99
549 100
757 122
136 129
51 138
68 143
514 163
310 181
90 210
289 227
235 248
999 268
454 275
400 290
87 300
775 311
384 315
829 316
440 321
189 371
398 373
270 383
887 402
481 414
840 448
48 471
428 474
188 488
668 506
394 527
460 539
489 547
348 586
808 610
707 615
867 650
509 688
319 705
101 710
350 718
234 722
375 723
390 777
532 807
226 809
539 811
541 814
435 836
720 839
208 843
145 851
181 856
984 863
974 881
726 901
84 902
546 940
113 941
857 964
287 970
552 971
550 976
395 989
938 992
79 993
13
87178291200 1
43589145600 2
14529715200 3
3632428799 4
726485760 5
121080960 6
17297280 7
2162160 8
240240 9
24024 10
2184 11
182 12
14 13
1
1 0
7
901 0
901 1
450 2
150 3
37 4
7 5
1 6
7
902 0
901 1
450 2
150 3
37 4
7 5
1 6
13
87178291200 1
43589145600 2
14529715200 3
3632428800 4
1452971520 5
121080960 6
17297280 7
2162160 8
240240 9
24024 10
2184 11
182 12
14 13
13
87178291200 1
43589145600 2
14529715200 3
3632428800 4
726485760 5
121080960 6
17297280 7
2162160 8
240240 9
24024 10
2184 11
364 12
14 13
13
87178291200 1
43589145600 2
14529715200 3
3632428800 4
726485760 5
121080960 6
17297280 7
2162160 8
240240 9
24024 10
2184 11
181 12
14 13
14
1000 0
87178291200 1
43589145600 2
14529715200 3
3632428800 4
726485760 5
121080960 6
17297280 7
2162160 8
240240 9
24024 10
2184 11
182 12
14 13
14
10000000000 0
87178291200 1
43589145600 2
14529715200 3
3632428800 4
726485760 5
121080960 6
17297280 7
2162160 8
240240 9
24024 10
2184 11
182 12
14 13
38
254 17
983 19
84 22
692 66
764 79
553 80
681 90
998 93
729 110
226 208
603 218
327 222
517 232
690 254
688 272
799 305
637 354
654 389
195 410
993 480
868 497
489 580
994 583
275 584
403 628
793 720
854 733
751 771
830 797
662 813
330 814
616 826
634 838
605 865
941 903
561 905
376 937
633 980
13
87178291200 1
43589145600 2
14529715200 3
3632428800 4
726485760 5
121080960 6
17297280 7
2162160 8
240240 9
24023 10
2184 11
182 12
14 13
13
87178291200 1
43589145600 2
14529715200 3
3632428800 4
726485760 5
121080960 6
34594560 7
2162160 8
240240 9
24024 10
2184 11
182 12
14 13
52
773 14
327 36
695 47
906 50
759 51
819 91
932 127
981 133
48 171
946 176
684 188
318 194
308 249
851 262
107 294
109 338
156 364
454 396
61 445
815 451
433 506
881 518
526 552
769 555
24 563
884 593
502 595
458 606
866 672
65 677
11 694
160 741
277 742
13 745
755 782
650 791
478 796
896 798
470 799
261 806
16 811
872 814
15 816
405 822
990 864
114 867
471 873
762 911
316 918
38 936
877 970
140 990
1
1000000000000 1000
13
87178291200 1
43589145600 2
14529715200 3
3632428800 4
726485760 5
121080960 6
17297279 7
2162160 8
240240 9
24024 10
2184 11
182 12
14 13
13
87178291200 1
43589145600 2
14529715200 3
3632428800 4
726485760 5
121080960 6
17297280 7
2162160 8
240240 9
24024 10
2184 11
182 12
14 13
2
202 33
5 34
78
771 21
723 23
533 24
424 26
15 31
172 107
11 116
754 137
717 141
233 156
287 158
838 172
813 178
305 185
920 186
680 212
468 214
26 229
63 247
540 249
463 253
649 259
178 262
712 267
399 286
148 327
861 344
748 350
830 354
729 388
84 417
318 437
707 450
209 451
303 453
212 456
974 463
864 483
766 495
86 502
803 535
987 546
464 586
422 603
641 631
962 654
18 666
295 672
786 673
253 698
401 715
711 717
705 722
158 737
831 753
320 758
22 765
2 787
20 793
28 805
594 849
694 856
223 857
808 858
91 880
778 889
688 891
876 893
51 901
368 904
725 908
600 912
811 940
81 941
749 957
555 962
282 984
860 987
13
87178291200 1
87178291200 2
14529715200 3
3632428800 4
726485760 5
121080960 6
17297280 7
2162160 8
240240 9
24024 10
2184 11
182 12
14 13
14
100 0
87178291200 1
43589145600 2
14529715200 3
3632428800 4
726485760 5
121080960 6
17297280 7
2162160 8
240240 9
24024 10
2184 11
182 12
14 13
13
87178291200 1
43589145600 2
14529715201 3
3632428800 4
726485760 5
121080960 6
17297280 7
2162160 8
240240 9
24024 10
2184 11
182 12
14 13
13
87178291200 1
43589145600 2
14529715200 3
3632428800 4
726485760 5
121080960 6
17297280 7
2162160 8
240240 9
48048 10
2184 11
182 12
14 13
13
87178291200 1
43589145600 2
29059430400 3
3632428800 4
726485760 5
121080960 6
17297280 7
2162160 8
240240 9
24024 10
2184 11
182 12
14 13
13
87178291200 1
43589145600 2
14529715200 3
3632428800 4
726485760 5
121080960 6
8648640 7
2162160 8
240240 9
24024 10
2184 11
182 12
14 13
30
114 22
209 64
777 74
19 76
99 127
601 175
217 188
689 229
855 242
240 246
119 260
632 270
642 378
923 427
519 446
955 482
59 560
371 574
125 585
36 603
667 631
795 646
460 715
71 760
932 825
683 891
49 919
130 944
692 977
60 982
53
80 15
492 21
827 36
163 53
800 57
457 62
961 107
804 111
969 117
379 136
793 180
256 227
4 248
666 254
32 267
526 277
940 289
939 292
875 305
632 440
286 453
2 454
370 503
774 520
539 521
972 528
158 555
378 562
371 568
782 628
411 651
237 666
903 681
859 704
597 716
643 722
567 738
182 741
108 745
179 780
652 791
840 817
979 839
872 848
188 859
598 887
155 896
756 934
441 968
899 982
965 984
298 989
790 994
86
561 7
461 9
378 12
186 49
595 75
581 100
240 114
558 133
344 136
856 142
460 169
306 182
139 192
618 198
179 199
67 245
683 283
239 289
704 321
903 327
876 339
39 341
212 364
130 384
635 386
68 397
534 399
657 419
843 420
252 431
448 439
211 447
972 451
223 468
95 484
880 485
10 486
975 494
946 495
565 496
110 536
241 590
774 592
361 600
728 602
711 606
799 609
423 616
564 622
457 625
950 643
571 655
868 660
126 677
911 694
533 706
587 713
6 715
310 719
922 722
465 730
137 739
207 757
978 759
300 768
397 774
53 779
665 795
762 797
369 813
271 815
244 826
74 831
148 839
89 841
513 845
568 852
998 861
160 872
104 891
566 901
182 905
727 921
851 925
765 937
698 958
14
1 0
87178291200 1
43589145600 2
14529715200 3
3632428800 4
726485760 5
121080960 6
17297280 7
2162160 8
240240 9
24024 10
2184 11
182 12
14 13
14
10000000 0
87178291200 1
43589145600 2
14529715200 3
3632428800 4
726485760 5
121080960 6
17297280 7
2162160 8
240240 9
24024 10
2184 11
182 12
14 13
25
380 19
923 179
820 217
286 219
482 225
587 235
294 258
431 281
998 292
500 349
312 454
417 504
823 528
856 673
495 729
343 733
266 754
313 761
300 787
661 830
588 839
932 866
385 917
399 966
915 991
13
87178291200 1
43589145600 2
14529715200 3
3632428800 4
726485760 5
121080959 6
17297280 7
2162160 8
240240 9
24024 10
2184 11
182 12
14 13
13
87178291200 1
43589145600 2
14529715200 3
3632428800 4
726485760 5
121080960 6
17297280 7
2162160 8
240240 9
24024 10
1092 11
182 12
14 13
13
87178291200 1
43589145600 2
14529715200 3
3632428800 4
726485760 5
121080960 6
17297280 7
2162160 8
240240 9
24024 10
2184 11
183 12
14 13
13
87178291200 1
43589145600 2
14529715200 3
3632428800 4
363242880 5
121080960 6
17297280 7
2162160 8
240240 9
24024 10
2184 11
182 12
14 13
13
87178291200 1
43589145600 2
14529715200 3
3632428800 4
726485760 5
121080960 6
17297280 7
2162160 8
240240 9
24024 10
2185 11
182 12
14 13
74
793 28
73 30
625 35
902 69
33 83
915 102
309 111
957 113
666 133
230 157
573 161
20 186
964 205
768 234
631 235
52 238
179 252
204 260
906 262
887 264
933 287
935 288
121 289
663 311
360 315
285 318
16 320
51 335
695 341
468 346
553 357
876 365
331 374
308 376
243 378
862 392
818 393
688 452
223 454
475 461
791 481
643 496
349 553
155 558
484 571
845 574
713 583
777 586
378 600
301 609
835 619
436 657
153 683
897 693
4 705
449 722
452 744
154 747
542 774
918 782
675 817
415 826
607 827
49 854
884 857
470 888
955 897
50 899
340 912
171 937
600 943
723 956
875 966
195 975
13
174356582400 1
43589145600 2
14529715200 3
3632428800 4
726485760 5
121080960 6
17297280 7
2162160 8
240240 9
24024 10
2184 11
182 12
14 13
14
100000000000 0
87178291200 1
43589145600 2
14529715200 3
3632428800 4
726485760 5
121080960 6
17297280 7
2162160 8
240240 9
24024 10
2184 11
182 12
14 13
13
87178291200 1
43589145600 2
14529715200 3
3632428800 4
726485760 5
60540480 6
17297280 7
2162160 8
240240 9
24024 10
2184 11
182 12
14 13
13
87178291200 1
43589145600 2
14529715200 3
3632428800 4
726485760 5
121080960 6
17297280 7
2162160 8
240240 9
24024 10
4368 11
182 12
14 13
1
1000000000000 0
13
87178291199 1
43589145600 2
14529715200 3
3632428800 4
726485760 5
121080960 6
17297280 7
2162160 8
240240 9
24024 10
2184 11
182 12
14 13
46
132508614496 11
750732996250 89
510811494623 126
86074221716 130
52251417933 135
91268297059 168
429472929689 197
839436145520 238
75506199479 242
151514190978 287
559857375653 306
510755285759 322
58186241507 332
849101777199 370
20413735615 397
606834990853 411
902748600906 436
747995754163 452
675705394658 458
550433582873 485
302726373140 488
266906096226 525
674060665840 544
757108774290 572
740394793280 578
78486340190 615
26738407016 616
263028190053 643
292372890821 645
766503286084 656
590799799501 670
918002367596 689
277997816800 720
340962363532 721
191186751126 722
806162093114 729
922825024606 768
999792714098 798
990431622430 803
642776016662 849
152478811703 860
432041310566 917
458495443251 926
797428160018 935
442893784210 952
636000912751 972
39
237339707822 6
899639135598 28
616564266562 44
253532147824 45
499411531578 70
944579091880 95
939680015779 177
275786218578 178
912501550738 230
757182634480 268
541646414082 281
248513770525 289
237597599729 293
643905386307 305
789257956388 308
357153236311 318
76967248827 319
11882168124 321
873605788050 377
881351635621 395
710877593103 424
593909481977 501
169203073086 522
357768364838 542
301597238312 544
548944331922 551
69352418155 596
529932621331 649
286386332316 693
443893500133 703
771012089184 716
49919717152 762
404050750200 768
131552659913 797
590578732114 872
388675115198 897
362320259921 932
173649681921 956
839673488885 976
14
10000 0
87178291200 1
43589145600 2
14529715200 3
3632428800 4
726485760 5
121080960 6
17297280 7
2162160 8
240240 9
24024 10
2184 11
182 12
14 13
31
177445199138 6
999922590774 37
986165138685 75
718734648491 98
362072167926 178
731173089580 184
685344315920 216
980334071219 231
629964156953 233
81155064706 236
471877451500 290
306691557100 318
623265557517 328
573780433320 331
752435057554 340
917046358045 382
974098486920 391
998180021888 433
449399508236 457
661775810859 486
690238126870 578
756272325832 589
253577382347 640
438947847917 672
775227264450 687
993413587196 816
401144852393 824
460179366095 873
743370318559 885
438480545815 901
940010961428 979
97
999 8
531 21
870 31
860 42
875 48
797 51
108 54
300 56
687 62
234 88
137 94
161 109
115 112
122 139
785 145
282 148
301 171
788 172
662 179
570 187
113 202
697 208
732 210
21 228
29 236
32 246
259 259
758 279
553 281
555 310
637 337
451 342
989 348
109 349
287 357
859 363
852 373
893 378
311 379
968 407
864 409
97 421
16 428
379 432
214 442
523 453
849 456
663 472
381 478
963 481
800 510
786 511
871 522
751 545
500 551
950 563
271 584
623 593
361 616
418 623
279 626
457 636
792 638
928 641
1 642
702 643
394 647
265 666
674 676
7 693
844 706
742 714
258 719
435 736
185 738
368 752
229 760
962 763
824 789
731 791
920 792
130 797
390 806
139 807
324 810
348 831
880 851
490 860
14 861
774 889
998 909
148 933
967 952
54 962
855 971
40 980
583 981
13
87178291200 1
43589145600 2
14529715200 3
3632428800 4
726485760 5
121080960 6
17297280 7
4324320 8
240240 9
24024 10
2184 11
182 12
14 13
13
87178291200 1
43589145600 2
14529715200 3
3632428800 4
726485760 5
121080960 6
17297280 7
2162160 8
240240 9
24024 10
2184 11
91 12
14 13
99
886 22
763 23
707 30
691 45
400 53
301 54
894 60
83 64
509 72
718 90
262 96
634 106
148 114
305 127
523 142
33 144
895 177
675 183
282 190
653 200
174 209
208 228
8 242
117 250
664 257
184 260
425 269
672 271
424 284
870 303
851 305
712 307
143 330
748 332
443 349
731 366
914 379
879 383
464 387
713 388
525 392
323 393
476 413
417 417
320 425
948 431
146 433
757 434
938 438
350 447
363 468
292 470
279 474
977 475
334 476
183 503
805 506
902 510
518 549
409 587
104 589
794 642
69 664
650 670
647 674
987 683
240 693
469 695
747 699
710 702
142 712
152 726
998 731
209 759
492 762
762 771
637 777
81 780
444 833
211 834
620 836
645 837
505 839
342 844
343 865
508 871
358 887
596 889
690 890
526 892
127 893
39 894
598 921
79 923
482 930
270 933
728 968
956 970
472 998
14
100000000 0
87178291200 1
43589145600 2
14529715200 3
3632428800 4
726485760 5
121080960 6
17297280 7
2162160 8
240240 9
24024 10
2184 11
182 12
14 13
14
1000000000 0
87178291200 1
43589145600 2
14529715200 3
3632428800 4
726485760 5
121080960 6
17297280 7
2162160 8
240240 9
24024 10
2184 11
182 12
14 13
13
87178291200 1
43589145600 2
14529715199 3
3632428800 4
726485760 5
121080960 6
17297280 7
2162160 8
240240 9
24024 10
2184 11
182 12
14 13
13
87178291200 1
43589145601 2
14529715200 3
3632428800 4
726485760 5
121080960 6
17297280 7
2162160 8
240240 9
24024 10
2184 11
182 12
14 13
13
87178291200 1
43589145600 2
14529715200 3
3632428800 4
726485760 5
121080961 6
17297280 7
2162160 8
240240 9
24024 10
2184 11
182 12
14 13
23
981 38
663 68
713 136
531 140
242 151
389 232
379 281
57 320
647 347
817 380
137 437
467 557
426 558
720 585
860 654
305 655
901 676
611 682
369 694
24 774
154 792
417 795
302 914
13
87178291200 1
43589145600 2
14529715200 3
3632428800 4
726485760 5
121080960 6
17297280 7
2162159 8
240240 9
24024 10
2184 11
182 12
14 13
13
87178291200 1
43589145600 2
14529715200 3
3632428800 4
726485760 5
121080960 6
17297280 7
2162160 8
240241 9
24024 10
2184 11
182 12
14 13
13
87178291200 1
43589145600 2
14529715200 3
3632428800 4
726485760 5
121080960 6
17297280 7
2162160 8
240240 9
24024 10
2184 11
182 12
13 13
13
87178291200 1
43589145600 2
14529715200 3
3632428800 4
726485760 5
121080960 6
17297280 7
2162160 8
240240 9
24024 10
2183 11
182 12
14 13
2
201 33
5 34
75
742 16
372 57
589 78
743 104
447 105
80 107
637 126
861 130
324 141
706 149
770 159
648 185
621 205
772 206
943 212
549 217
488 231
718 251
838 256
115 295
284 306
730 311
235 330
929 334
440 354
292 371
923 376
946 390
966 396
883 410
232 417
848 455
952 461
474 462
841 481
507 499
691 535
146 537
355 557
944 570
31 571
219 575
840 581
185 586
947 650
640 660
12 661
187 688
113 696
646 699
302 703
897 712
429 715
490 720
927 725
580 727
424 741
257 742
728 761
460 770
53 780
733 783
983 792
534 801
801 813
301 838
702 845
288 847
380 879
269 896
876 898
431 919
627 947
482 956
998 977
13
87178291200 1
43589145600 2
14529715200 3
3632428800 4
726485760 5
121080960 6
17297280 7
2162160 8
240240 9
24024 10
2184 11
182 12
7 13
13
87178291200 1
43589145600 2
14529715200 3
3632428801 4
726485760 5
121080960 6
17297280 7
2162160 8
240240 9
24024 10
2184 11
182 12
14 13
14
1000000 0
87178291200 1
43589145600 2
14529715200 3
3632428800 4
726485760 5
121080960 6
17297280 7
2162160 8
240240 9
24024 10
2184 11
182 12
14 13
552
510 0
757 3
871 4
915 6
333 7
820 8
357 9
413 10
504 11
614 12
936 19
749 20
105 22
571 23
966 25
956 26
354 27
675 30
445 31
353 32
688 33
201 34
951 35
808 36
783 39
464 43
407 45
635 47
404 49
566 50
683 51
575 52
851 54
605 58
798 61
991 62
179 63
897 65
375 66
907 68
519 71
530 73
695 75
678 77
802 79
537 80
96 82
794 83
870 85
544 88
753 89
865 90
300 92
935 94
182 96
995 97
565 99
16 100
376 103
895 104
327 106
512 107
37 108
104 113
70 115
432 116
739 117
60 120
619 123
44 124
552 125
891 128
939 129
536 132
906 133
74 135
271 136
667 138
21 139
283 144
952 145
996 146
439 147
982 152
240 154
36 156
721 158
992 159
940 160
198 161
24 163
615 165
434 167
301 170
211 171
252 174
216 175
509 176
29 180
923 181
892 183
269 184
57 185
593 187
673 188
569 189
947 192
320 194
95 196
408 200
343 201
248 203
852 205
546 206
561 207
834 208
455 222
980 223
423 224
208 225
638 226
975 227
772 228
370 230
405 231
578 232
898 233
720 235
227 236
492 238
556 240
286 241
595 244
630 245
102 249
528 254
484 255
101 257
963 260
344 261
313 262
84 267
953 273
135 274
803 275
950 277
704 279
867 282
459 283
744 285
253 286
543 287
822 289
908 290
859 292
700 295
292 296
458 297
141 299
579 300
298 301
875 302
691 303
864 304
71 305
132 306
523 308
621 312
133 313
716 314
54 317
246 318
722 320
641 321
212 323
596 324
126 325
374 326
355 328
577 329
306 333
711 336
181 337
920 338
767 339
507 340
116 346
427 347
903 348
202 351
244 354
925 358
601 362
296 367
424 368
889 370
682 372
171 379
542 383
957 384
729 386
191 389
610 391
152 392
827 395
765 397
928 399
590 401
881 402
604 403
419 404
285 406
297 408
186 409
382 411
779 413
307 415
495 416
564 419
855 420
217 423
828 427
78 428
796 429
945 430
147 432
493 433
446 434
380 436
267 438
284 440
581 441
598 442
670 443
526 445
659 446
184 451
600 452
745 454
149 457
178 458
3 460
180 461
161 464
358 467
97 468
625 470
264 471
360 473
789 474
94 479
279 480
937 482
717 484
699 485
350 487
725 488
702 489
573 491
539 492
990 493
799 497
534 499
337 501
190 504
110 506
40 507
971 509
738 519
583 521
784 522
868 523
545 524
698 525
879 526
58 527
505 529
486 531
356 532
33 534
562 535
819 537
901 538
847 539
553 540
857 541
46 542
364 544
962 545
926 546
535 547
628 552
2 553
759 554
478 557
117 558
748 559
183 560
226 561
752 563
9 566
679 567
277 571
372 573
42 574
257 575
387 577
213 578
289 579
242 580
642 584
994 586
733 587
10 588
696 589
651 590
627 592
338 594
275 598
280 599
900 600
232 602
944 609
747 610
964 612
115 614
839 616
205 617
103 618
108 619
65 620
238 621
304 622
451 626
835 627
520 633
960 635
295 638
334 639
134 640
500 642
955 645
821 649
792 652
268 654
73 655
912 656
417 657
223 658
762 663
467 665
797 667
643 668
606 671
379 673
142 675
938 676
345 677
574 678
854 679
239 680
222 681
377 682
843 683
192 684
444 685
129 688
457 692
972 694
813 699
30 703
626 704
153 705
92 706
114 708
489 709
680 710
187 711
824 712
490 714
816 716
260 717
75 718
782 719
686 720
331 721
26 722
811 723
98 726
113 728
330 729
328 731
157 733
443 737
151 738
567 739
976 740
399 743
426 744
620 746
899 747
156 750
11 751
378 752
148 753
664 756
276 757
810 759
631 760
841 761
511 763
291 764
176 765
5 766
591 768
409 769
863 770
473 771
959 772
910 773
763 774
272 775
383 778
524 779
259 784
580 785
137 786
860 788
529 789
241 790
829 792
572 793
130 794
776 796
449 797
396 799
809 800
66 805
502 806
608 807
169 809
38 813
85 814
805 818
946 819
623 820
420 821
629 822
440 823
390 824
653 825
549 826
639 827
67 828
68 830
770 832
314 833
450 834
452 838
547 839
694 840
140 842
848 843
773 844
662 845
456 846
209 847
705 849
521 850
771 851
656 856
53 857
624 858
470 859
989 861
317 863
856 864
256 868
401 869
207 871
703 873
932 875
340 876
930 877
384 878
831 880
663 881
706 883
79 884
958 886
684 888
917 890
63 891
793 892
471 893
904 895
219 897
942 899
563 900
732 902
780 904
261 907
743 909
557 911
766 912
22 914
159 915
919 917
131 918
403 919
853 920
119 924
270 926
233 929
483 931
786 936
326 937
902 938
237 939
685 941
538 942
943 943
200 945
525 946
479 947
185 948
170 949
494 950
973 951
690 952
138 954
392 959
506 960
109 963
88 965
740 967
32 969
954 970
155 971
760 973
884 980
660 983
391 986
365 989
204 990
230 993
265 994
999 995
124 996
888 997
613 999
435 1000
14
100000 0
87178291200 1
43589145600 2
14529715200 3
3632428800 4
726485760 5
121080960 6
17297280 7
2162160 8
240240 9
24024 10
2184 11
182 12
14 13
13
87178291200 1
43589145600 2
7264857600 3
3632428800 4
726485760 5
121080960 6
17297280 7
2162160 8
240240 9
24024 10
2184 11
182 12
14 13
1000
1000000000000 1
1000000000000 2
1000000000000 3
1000000000000 4
1000000000000 5
1000000000000 6
1000000000000 7
1000000000000 8
1000000000000 9
1000000000000 10
1000000000000 11
1000000000000 12
1000000000000 13
1000000000000 14
1000000000000 15
1000000000000 16
1000000000000 17
1000000000000 18
1000000000000 19
1000000000000 20
1000000000000 21
1000000000000 22
1000000000000 23
1000000000000 24
1000000000000 25
1000000000000 26
1000000000000 27
1000000000000 28
1000000000000 29
1000000000000 30
1000000000000 31
1000000000000 32
1000000000000 33
1000000000000 34
1000000000000 35
1000000000000 36
1000000000000 37
1000000000000 38
1000000000000 39
1000000000000 40
1000000000000 41
1000000000000 42
1000000000000 43
1000000000000 44
1000000000000 45
1000000000000 46
1000000000000 47
1000000000000 48
1000000000000 49
1000000000000 50
1000000000000 51
1000000000000 52
1000000000000 53
1000000000000 54
1000000000000 55
1000000000000 56
1000000000000 57
1000000000000 58
1000000000000 59
1000000000000 60
1000000000000 61
1000000000000 62
1000000000000 63
1000000000000 64
1000000000000 65
1000000000000 66
1000000000000 67
1000000000000 68
1000000000000 69
1000000000000 70
1000000000000 71
1000000000000 72
1000000000000 73
1000000000000 74
1000000000000 75
1000000000000 76
1000000000000 77
1000000000000 78
1000000000000 79
1000000000000 80
1000000000000 81
1000000000000 82
1000000000000 83
1000000000000 84
1000000000000 85
1000000000000 86
1000000000000 87
1000000000000 88
1000000000000 89
1000000000000 90
1000000000000 91
1000000000000 92
1000000000000 93
1000000000000 94
1000000000000 95
1000000000000 96
1000000000000 97
1000000000000 98
1000000000000 99
1000000000000 100
1000000000000 101
1000000000000 102
1000000000000 103
1000000000000 104
1000000000000 105
1000000000000 106
1000000000000 107
1000000000000 108
1000000000000 109
1000000000000 110
1000000000000 111
1000000000000 112
1000000000000 113
1000000000000 114
1000000000000 115
1000000000000 116
1000000000000 117
1000000000000 118
1000000000000 119
1000000000000 120
1000000000000 121
1000000000000 122
1000000000000 123
1000000000000 124
1000000000000 125
1000000000000 126
1000000000000 127
1000000000000 128
1000000000000 129
1000000000000 130
1000000000000 131
1000000000000 132
1000000000000 133
1000000000000 134
1000000000000 135
1000000000000 136
1000000000000 137
1000000000000 138
1000000000000 139
1000000000000 140
1000000000000 141
1000000000000 142
1000000000000 143
1000000000000 144
1000000000000 145
1000000000000 146
1000000000000 147
1000000000000 148
1000000000000 149
1000000000000 150
1000000000000 151
1000000000000 152
1000000000000 153
1000000000000 154
1000000000000 155
1000000000000 156
1000000000000 157
1000000000000 158
1000000000000 159
1000000000000 160
1000000000000 161
1000000000000 162
1000000000000 163
1000000000000 164
1000000000000 165
1000000000000 166
1000000000000 167
1000000000000 168
1000000000000 169
1000000000000 170
1000000000000 171
1000000000000 172
1000000000000 173
1000000000000 174
1000000000000 175
1000000000000 176
1000000000000 177
1000000000000 178
1000000000000 179
1000000000000 180
1000000000000 181
1000000000000 182
1000000000000 183
1000000000000 184
1000000000000 185
1000000000000 186
1000000000000 187
1000000000000 188
1000000000000 189
1000000000000 190
1000000000000 191
1000000000000 192
1000000000000 193
1000000000000 194
1000000000000 195
1000000000000 196
1000000000000 197
1000000000000 198
1000000000000 199
1000000000000 200
1000000000000 201
1000000000000 202
1000000000000 203
1000000000000 204
1000000000000 205
1000000000000 206
1000000000000 207
1000000000000 208
1000000000000 209
1000000000000 210
1000000000000 211
1000000000000 212
1000000000000 213
1000000000000 214
1000000000000 215
1000000000000 216
1000000000000 217
1000000000000 218
1000000000000 219
1000000000000 220
1000000000000 221
1000000000000 222
1000000000000 223
1000000000000 224
1000000000000 225
1000000000000 226
1000000000000 227
1000000000000 228
1000000000000 229
1000000000000 230
1000000000000 231
1000000000000 232
1000000000000 233
1000000000000 234
1000000000000 235
1000000000000 236
1000000000000 237
1000000000000 238
1000000000000 239
1000000000000 240
1000000000000 241
1000000000000 242
1000000000000 243
1000000000000 244
1000000000000 245
1000000000000 246
1000000000000 247
1000000000000 248
1000000000000 249
1000000000000 250
1000000000000 251
1000000000000 252
1000000000000 253
1000000000000 254
1000000000000 255
1000000000000 256
1000000000000 257
1000000000000 258
1000000000000 259
1000000000000 260
1000000000000 261
1000000000000 262
1000000000000 263
1000000000000 264
1000000000000 265
1000000000000 266
1000000000000 267
1000000000000 268
1000000000000 269
1000000000000 270
1000000000000 271
1000000000000 272
1000000000000 273
1000000000000 274
1000000000000 275
1000000000000 276
1000000000000 277
1000000000000 278
1000000000000 279
1000000000000 280
1000000000000 281
1000000000000 282
1000000000000 283
1000000000000 284
1000000000000 285
1000000000000 286
1000000000000 287
1000000000000 288
1000000000000 289
1000000000000 290
1000000000000 291
1000000000000 292
1000000000000 293
1000000000000 294
1000000000000 295
1000000000000 296
1000000000000 297
1000000000000 298
1000000000000 299
1000000000000 300
1000000000000 301
1000000000000 302
1000000000000 303
1000000000000 304
1000000000000 305
1000000000000 306
1000000000000 307
1000000000000 308
1000000000000 309
1000000000000 310
1000000000000 311
1000000000000 312
1000000000000 313
1000000000000 314
1000000000000 315
1000000000000 316
1000000000000 317
1000000000000 318
1000000000000 319
1000000000000 320
1000000000000 321
1000000000000 322
1000000000000 323
1000000000000 324
1000000000000 325
1000000000000 326
1000000000000 327
1000000000000 328
1000000000000 329
1000000000000 330
1000000000000 331
1000000000000 332
1000000000000 333
1000000000000 334
1000000000000 335
1000000000000 336
1000000000000 337
1000000000000 338
1000000000000 339
1000000000000 340
1000000000000 341
1000000000000 342
1000000000000 343
1000000000000 344
1000000000000 345
1000000000000 346
1000000000000 347
1000000000000 348
1000000000000 349
1000000000000 350
1000000000000 351
1000000000000 352
1000000000000 353
1000000000000 354
1000000000000 355
1000000000000 356
1000000000000 357
1000000000000 358
1000000000000 359
1000000000000 360
1000000000000 361
1000000000000 362
1000000000000 363
1000000000000 364
1000000000000 365
1000000000000 366
1000000000000 367
1000000000000 368
1000000000000 369
1000000000000 370
1000000000000 371
1000000000000 372
1000000000000 373
1000000000000 374
1000000000000 375
1000000000000 376
1000000000000 377
1000000000000 378
1000000000000 379
1000000000000 380
1000000000000 381
1000000000000 382
1000000000000 383
1000000000000 384
1000000000000 385
1000000000000 386
1000000000000 387
1000000000000 388
1000000000000 389
1000000000000 390
1000000000000 391
1000000000000 392
1000000000000 393
1000000000000 394
1000000000000 395
1000000000000 396
1000000000000 397
1000000000000 398
1000000000000 399
1000000000000 400
1000000000000 401
1000000000000 402
1000000000000 403
1000000000000 404
1000000000000 405
1000000000000 406
1000000000000 407
1000000000000 408
1000000000000 409
1000000000000 410
1000000000000 411
1000000000000 412
1000000000000 413
1000000000000 414
1000000000000 415
1000000000000 416
1000000000000 417
1000000000000 418
1000000000000 419
1000000000000 420
1000000000000 421
1000000000000 422
1000000000000 423
1000000000000 424
1000000000000 425
1000000000000 426
1000000000000 427
1000000000000 428
1000000000000 429
1000000000000 430
1000000000000 431
1000000000000 432
1000000000000 433
1000000000000 434
1000000000000 435
1000000000000 436
1000000000000 437
1000000000000 438
1000000000000 439
1000000000000 440
1000000000000 441
1000000000000 442
1000000000000 443
1000000000000 444
1000000000000 445
1000000000000 446
1000000000000 447
1000000000000 448
1000000000000 449
1000000000000 450
1000000000000 451
1000000000000 452
1000000000000 453
1000000000000 454
1000000000000 455
1000000000000 456
1000000000000 457
1000000000000 458
1000000000000 459
1000000000000 460
1000000000000 461
1000000000000 462
1000000000000 463
1000000000000 464
1000000000000 465
1000000000000 466
1000000000000 467
1000000000000 468
1000000000000 469
1000000000000 470
1000000000000 471
1000000000000 472
1000000000000 473
1000000000000 474
1000000000000 475
1000000000000 476
1000000000000 477
1000000000000 478
1000000000000 479
1000000000000 480
1000000000000 481
1000000000000 482
1000000000000 483
1000000000000 484
1000000000000 485
1000000000000 486
1000000000000 487
1000000000000 488
1000000000000 489
1000000000000 490
1000000000000 491
1000000000000 492
1000000000000 493
1000000000000 494
1000000000000 495
1000000000000 496
1000000000000 497
1000000000000 498
1000000000000 499
1000000000000 500
1000000000000 501
1000000000000 502
1000000000000 503
1000000000000 504
1000000000000 505
1000000000000 506
1000000000000 507
1000000000000 508
1000000000000 509
1000000000000 510
1000000000000 511
1000000000000 512
1000000000000 513
1000000000000 514
1000000000000 515
1000000000000 516
1000000000000 517
1000000000000 518
1000000000000 519
1000000000000 520
1000000000000 521
1000000000000 522
1000000000000 523
1000000000000 524
1000000000000 525
1000000000000 526
1000000000000 527
1000000000000 528
1000000000000 529
1000000000000 530
1000000000000 531
1000000000000 532
1000000000000 533
1000000000000 534
1000000000000 535
1000000000000 536
1000000000000 537
1000000000000 538
1000000000000 539
1000000000000 540
1000000000000 541
1000000000000 542
1000000000000 543
1000000000000 544
1000000000000 545
1000000000000 546
1000000000000 547
1000000000000 548
1000000000000 549
1000000000000 550
1000000000000 551
1000000000000 552
1000000000000 553
1000000000000 554
1000000000000 555
1000000000000 556
1000000000000 557
1000000000000 558
1000000000000 559
1000000000000 560
1000000000000 561
1000000000000 562
1000000000000 563
1000000000000 564
1000000000000 565
1000000000000 566
1000000000000 567
1000000000000 568
1000000000000 569
1000000000000 570
1000000000000 571
1000000000000 572
1000000000000 573
1000000000000 574
1000000000000 575
1000000000000 576
1000000000000 577
1000000000000 578
1000000000000 579
1000000000000 580
1000000000000 581
1000000000000 582
1000000000000 583
1000000000000 584
1000000000000 585
1000000000000 586
1000000000000 587
1000000000000 588
1000000000000 589
1000000000000 590
1000000000000 591
1000000000000 592
1000000000000 593
1000000000000 594
1000000000000 595
1000000000000 596
1000000000000 597
1000000000000 598
1000000000000 599
1000000000000 600
1000000000000 601
1000000000000 602
1000000000000 603
1000000000000 604
1000000000000 605
1000000000000 606
1000000000000 607
1000000000000 608
1000000000000 609
1000000000000 610
1000000000000 611
1000000000000 612
1000000000000 613
1000000000000 614
1000000000000 615
1000000000000 616
1000000000000 617
1000000000000 618
1000000000000 619
1000000000000 620
1000000000000 621
1000000000000 622
1000000000000 623
1000000000000 624
1000000000000 625
1000000000000 626
1000000000000 627
1000000000000 628
1000000000000 629
1000000000000 630
1000000000000 631
1000000000000 632
1000000000000 633
1000000000000 634
1000000000000 635
1000000000000 636
1000000000000 637
1000000000000 638
1000000000000 639
1000000000000 640
1000000000000 641
1000000000000 642
1000000000000 643
1000000000000 644
1000000000000 645
1000000000000 646
1000000000000 647
1000000000000 648
1000000000000 649
1000000000000 650
1000000000000 651
1000000000000 652
1000000000000 653
1000000000000 654
1000000000000 655
1000000000000 656
1000000000000 657
1000000000000 658
1000000000000 659
1000000000000 660
1000000000000 661
1000000000000 662
1000000000000 663
1000000000000 664
1000000000000 665
1000000000000 666
1000000000000 667
1000000000000 668
1000000000000 669
1000000000000 670
1000000000000 671
1000000000000 672
1000000000000 673
1000000000000 674
1000000000000 675
1000000000000 676
1000000000000 677
1000000000000 678
1000000000000 679
1000000000000 680
1000000000000 681
1000000000000 682
1000000000000 683
1000000000000 684
1000000000000 685
1000000000000 686
1000000000000 687
1000000000000 688
1000000000000 689
1000000000000 690
1000000000000 691
1000000000000 692
1000000000000 693
1000000000000 694
1000000000000 695
1000000000000 696
1000000000000 697
1000000000000 698
1000000000000 699
1000000000000 700
1000000000000 701
1000000000000 702
1000000000000 703
1000000000000 704
1000000000000 705
1000000000000 706
1000000000000 707
1000000000000 708
1000000000000 709
1000000000000 710
1000000000000 711
1000000000000 712
1000000000000 713
1000000000000 714
1000000000000 715
1000000000000 716
1000000000000 717
1000000000000 718
1000000000000 719
1000000000000 720
1000000000000 721
1000000000000 722
1000000000000 723
1000000000000 724
1000000000000 725
1000000000000 726
1000000000000 727
1000000000000 728
1000000000000 729
1000000000000 730
1000000000000 731
1000000000000 732
1000000000000 733
1000000000000 734
1000000000000 735
1000000000000 736
1000000000000 737
1000000000000 738
1000000000000 739
1000000000000 740
1000000000000 741
1000000000000 742
1000000000000 743
1000000000000 744
1000000000000 745
1000000000000 746
1000000000000 747
1000000000000 748
1000000000000 749
1000000000000 750
1000000000000 751
1000000000000 752
1000000000000 753
1000000000000 754
1000000000000 755
1000000000000 756
1000000000000 757
1000000000000 758
1000000000000 759
1000000000000 760
1000000000000 761
1000000000000 762
1000000000000 763
1000000000000 764
1000000000000 765
1000000000000 766
1000000000000 767
1000000000000 768
1000000000000 769
1000000000000 770
1000000000000 771
1000000000000 772
1000000000000 773
1000000000000 774
1000000000000 775
1000000000000 776
1000000000000 777
1000000000000 778
1000000000000 779
1000000000000 780
1000000000000 781
1000000000000 782
1000000000000 783
1000000000000 784
1000000000000 785
1000000000000 786
1000000000000 787
1000000000000 788
1000000000000 789
1000000000000 790
1000000000000 791
1000000000000 792
1000000000000 793
1000000000000 794
1000000000000 795
1000000000000 796
1000000000000 797
1000000000000 798
1000000000000 799
1000000000000 800
1000000000000 801
1000000000000 802
1000000000000 803
1000000000000 804
1000000000000 805
1000000000000 806
1000000000000 807
1000000000000 808
1000000000000 809
1000000000000 810
1000000000000 811
1000000000000 812
1000000000000 813
1000000000000 814
1000000000000 815
1000000000000 816
1000000000000 817
1000000000000 818
1000000000000 819
1000000000000 820
1000000000000 821
1000000000000 822
1000000000000 823
1000000000000 824
1000000000000 825
1000000000000 826
1000000000000 827
1000000000000 828
1000000000000 829
1000000000000 830
1000000000000 831
1000000000000 832
1000000000000 833
1000000000000 834
1000000000000 835
1000000000000 836
1000000000000 837
1000000000000 838
1000000000000 839
1000000000000 840
1000000000000 841
1000000000000 842
1000000000000 843
1000000000000 844
1000000000000 845
1000000000000 846
1000000000000 847
1000000000000 848
1000000000000 849
1000000000000 850
1000000000000 851
1000000000000 852
1000000000000 853
1000000000000 854
1000000000000 855
1000000000000 856
1000000000000 857
1000000000000 858
1000000000000 859
1000000000000 860
1000000000000 861
1000000000000 862
1000000000000 863
1000000000000 864
1000000000000 865
1000000000000 866
1000000000000 867
1000000000000 868
1000000000000 869
1000000000000 870
1000000000000 871
1000000000000 872
1000000000000 873
1000000000000 874
1000000000000 875
1000000000000 876
1000000000000 877
1000000000000 878
1000000000000 879
1000000000000 880
1000000000000 881
1000000000000 882
1000000000000 883
1000000000000 884
1000000000000 885
1000000000000 886
1000000000000 887
1000000000000 888
1000000000000 889
1000000000000 890
1000000000000 891
1000000000000 892
1000000000000 893
1000000000000 894
1000000000000 895
1000000000000 896
1000000000000 897
1000000000000 898
1000000000000 899
1000000000000 900
1000000000000 901
1000000000000 902
1000000000000 903
1000000000000 904
1000000000000 905
1000000000000 906
1000000000000 907
1000000000000 908
1000000000000 909
1000000000000 910
1000000000000 911
1000000000000 912
1000000000000 913
1000000000000 914
1000000000000 915
1000000000000 916
1000000000000 917
1000000000000 918
1000000000000 919
1000000000000 920
1000000000000 921
1000000000000 922
1000000000000 923
1000000000000 924
1000000000000 925
1000000000000 926
1000000000000 927
1000000000000 928
1000000000000 929
1000000000000 930
1000000000000 931
1000000000000 932
1000000000000 933
1000000000000 934
1000000000000 935
1000000000000 936
1000000000000 937
1000000000000 938
1000000000000 939
1000000000000 940
1000000000000 941
1000000000000 942
1000000000000 943
1000000000000 944
1000000000000 945
1000000000000 946
1000000000000 947
1000000000000 948
1000000000000 949
1000000000000 950
1000000000000 951
1000000000000 952
1000000000000 953
1000000000000 954
1000000000000 955
1000000000000 956
1000000000000 957
1000000000000 958
1000000000000 959
1000000000000 960
1000000000000 961
1000000000000 962
1000000000000 963
1000000000000 964
1000000000000 965
1000000000000 966
1000000000000 967
1000000000000 968
1000000000000 969
1000000000000 970
1000000000000 971
1000000000000 972
1000000000000 973
1000000000000 974
1000000000000 975
1000000000000 976
1000000000000 977
1000000000000 978
1000000000000 979
1000000000000 980
1000000000000 981
1000000000000 982
1000000000000 983
1000000000000 984
1000000000000 985
1000000000000 986
1000000000000 987
1000000000000 988
1000000000000 989
1000000000000 990
1000000000000 991
1000000000000 992
1000000000000 993
1000000000000 994
1000000000000 995
1000000000000 996
1000000000000 997
1000000000000 998
1000000000000 999
1000000000000 1000
13
43589145600 1
43589145600 2
14529715200 3
3632428800 4
726485760 5
121080960 6
17297280 7
2162160 8
240240 9
24024 10
2184 11
182 12
14 13
13
87178291200 1
43589145600 2
14529715200 3
3632428800 4
726485761 5
121080960 6
17297280 7
2162160 8
240240 9
24024 10
2184 11
182 12
14 13
13
87178291200 1
43589145599 2
14529715200 3
3632428800 4
726485760 5
121080960 6
17297280 7
2162160 8
240240 9
24024 10
2184 11
182 12
14 13
13
87178291200 1
43589145600 2
14529715200 3
3632428800 4
726485760 5
121080960 6
17297280 7
2162160 8
240240 9
24024 10
2184 11
182 12
15 13
91
709 18
21 53
897 63
543 75
257 83
68 84
634 114
977 116
703 132
841 137
461 157
501 179
55 191
540 196
843 218
394 225
253 227
973 237
747 241
231 246
999 276
876 277
405 291
560 292
290 297
244 308
159 310
293 324
729 326
757 329
687 332
263 339
194 359
646 377
185 378
428 392
768 395
583 404
65 416
48 426
40 430
305 431
245 439
605 440
681 441
784 451
716 467
616 468
713 475
429 480
390 551
403 565
27 572
158 573
879 575
771 577
140 583
60 599
25 600
490 602
73 604
569 625
356 629
484 634
503 635
627 639
211 647
376 649
292 653
895 656
431 663
241 685
67 725
993 726
326 744
659 747
347 767
555 770
582 824
819 828
286 831
412 838
307 867
680 871
423 914
982 922
23 928
130 950
223 969
534 971
482 989
13
87178291200 1
43589145600 2
14529715200 3
3632428800 4
726485759 5
121080960 6
17297280 7
2162160 8
240240 9
24024 10
2184 11
182 12
14 13
35
432 49
718 51
249 59
884 68
197 216
284 252
899 258
729 263
541 343
354 346
125 384
978 385
102 392
75 440
724 451
491 480
820 488
912 518
505 572
52 577
94 605
61 612
129 650
748 702
374 707
29 710
693 764
699 799
948 875
400 900
945 906
586 933
258 960
875 961
853 999
13
87178291200 1
43589145600 2
14529715200 3
3632428800 4
726485760 5
121080960 6
17297280 7
2162160 8
120120 9
24024 10
2184 11
182 12
14 13
14
10 0
87178291200 1
43589145600 2
14529715200 3
3632428800 4
726485760 5
121080960 6
17297280 7
2162160 8
240240 9
24024 10
2184 11
182 12
14 13
13
87178291200 1
43589145600 2
14529715200 3
3632428800 4
726485760 5
242161920 6
17297280 7
2162160 8
240240 9
24024 10
2184 11
182 12
14 13
13
87178291200 1
43589145600 2
14529715200 3
3632428800 4
726485760 5
121080960 6
17297281 7
2162160 8
240240 9
24024 10
2184 11
182 12
14 13
79
292112699462 8
460682723913 18
283974229391 26
193449203870 28
585184646384 41
19164244952 46
785940990805 47
983266655967 55
142591262134 76
442622729659 78
360260169087 81
209335985404 101
691148062023 107
955434166491 109
522732492315 116
555398289138 119
527198890391 137
944645879653 182
646050482327 183
224559683006 196
115688010511 225
491303754819 230
445503492268 244
73316623505 261
594516174503 271
184451709975 280
540045955883 311
725164247549 330
176854718348 375
984733689018 384
699297316703 398
57428577194 409
450023862289 410
383565785143 440
997602521799 450
116321171378 455
344960308992 475
171860136632 495
80108739146 512
429972688191 537
368883693397 542
576597421024 561
854092001858 564
448801729200 585
350559697253 586
401991242218 588
390842924719 598
433957599440 600
629375390227 610
767327322647 620
188837985627 634
400837690953 643
162412230778 653
362374194717 668
212554348446 685
456900749213 706
77860538235 713
288231573078 728
593020939343 737
679723526352 738
233454399838 758
969254449323 759
600627224686 767
68933386864 768
283268947311 769
603195255453 819
682717118166 900
303507688894 901
357371945470 904
454845137213 917
24328975809 919
767319138508 934
319717565098 938
813373282344 948
692214787711 971
173628023783 975
483582626780 981
375981427363 985
903894902438 997
2
200 33
5 34
