100 100 1 10 1000 10000
26 59
73 1
62 35
62 41
95 46
9 31
54 61
73 4
4 66
83 20
1722 1
17 77
1564 1
53 36
1872 1
22 87
1486 1
17 58
1801 1
78 48
17 1
30 17
1241 1
68 46
1288 1
85 70
1786 1
60 8
2056 1
20 28
977 1
4 4
1234 1
77 84
332 1
19 49
614 1
14 99
1809 1
21 24
1775 1
53 57
1126 1
18 79
490 1
34 58
676 1
84 83
722 1
61 98
1344 1
55 28
179 1
42 40
328 1
33 57
649 1
49 63
1113 1
66 61
258 1
21 62
1644 1
17 53
1589 1
62 89
1808 1
12 53
12 1
56 68
208 1
44 11
446 1
77 58
571 1
58 55
1406 1
92 33
1734 1
42 83
973 1
41 79
802 1
82 75
103 1
14 37
1010 1
91 37
190 1
76 70
1170 1
20 85
579 1
46 76
787 1
44 23
798 1
54 26
1264 1
59 95
1834 1
85 95
1090 1
76 46
32 1
26 54
1565 1
83 25
1735 1
11 7
1044 1
46 58
794 1
80 95
1912 1
88 37
2079 1
33 51
1399 1
44 92
1977 1
57 61
344 1
88 69
1660 1
21 77
269 1
76 93
67 1
75 41
303 1
94 50
1157 1
77 23
691 1
39 12
901 1
72 95
1728 1
24 72
66 1
50 25
782 1
66 72
196 1
84 88
150 1
72 46
1330 1
76 81
647 1
15 77
673 1
3 92
362 1
50 56
245 1
18 56
1850 1
92 56
1450 1
54 43
1591 1
24 12
625 1
5 23
1757 1
46 71
205 1
77 6
1274 1
28 6
409 1
81 72
761 1
38 5
1757 1
9 44
2014 1
20 21
1918 1
99 42
710 1
22 74
628 1
65 82
387 1
50 15
438 1
54 92
1188 1
68 83
1416 1
66 79
1002 1
68 37
648 1
86 49
397 1
65 81
409 1
73 51
1177 1
45 8
107 1
9 51
71 1
83 55
730 1
93 6
1329 1
80 60
78 1
26 16
826 1
31 31
1716 1
70 97
514 1
0 15
226 1
87 98
511 1
88 49
60 1
84 55
1728 1
6 70
217 1
89 48
1865 1
42 23
1634 1
80 58
1494 1
85 9
1087 1
32 22
1888 1
1 19
322 1
67 39
429 1
68 15
1371 1
0 73
1752 1
65 18
232 1
77 7
60 1
27 18
1716 1
19 3
474 1
61 38
1900 1
22 80
114 1
51 77
1850 1
84 89
1388 1
64 85
634 1
5 62
682 1
60 89
868 1
63 66
1555 1
19 82
1300 1
16 7
219 1
86 42
1557 1
78 99
148 1
16 4
1500 1
55 28
372 1
13 8
1868 1
54 39
519 1
97 80
789 1
87 95
640 1
48 27
1581 1
24 8
534 1
9 84
1867 1
11 26
1861 1
22 85
1504 1
49 80
1016 1
42 38
635 1
7 62
1457 1
43 0
1202 1
64 99
1666 1
91 36
699 1
14 53
380 1
15 59
301 1
48 68
29 1
66 92
1979 1
10 53
1667 1
61 28
95 1
56 58
1719 1
38 71
1847 1
21 29
2047 1
73 59
1237 1
95 70
96 1
64 69
1901 1
38 23
914 1
47 77
112 1
69 72
240 1
21 53
675 1
98 25
689 1
59 40
2065 1
31 4
581 1
86 62
1442 1
2 53
1061 1
2 19
172 1
18 83
469 1
65 91
1215 1
44 40
1348 1
76 37
232 1
13 61
1991 1
92 55
1463 1
8 20
1318 1
36 25
1760 1
92 98
702 1
20 61
1613 1
15 49
830 1
73 9
220 1
70 32
340 1
99 95
1004 1
82 22
1841 1
51 90
1734 1
89 29
1695 1
24 29
1972 1
91 16
215 1
93 87
776 1
10 92
13 1
77 64
1342 1
40 62
1923 1
31 48
1898 1
65 13
380 1
31 7
268 1
34 31
1396 1
96 36
555 1
44 98
293 1
1 96
485 1
51 78
670 1
76 17
992 1
60 59
704 1
10 43
633 1
81 7
170 1
84 6
1793 1
67 52
1477 1
37 75
1903 1
92 42
286 1
33 90
1427 1
89 71
1036 1
80 48
1901 1
54 51
1125 1
14 19
15 1
56 97
1762 1
34 20
773 1
87 81
205 1
6 97
620 1
7 73
1445 1
59 97
1261 1
32 9
1453 1
8 82
1009 1
56 69
1094 1
71 86
204 1
64 55
1915 1
76 89
1532 1
42 61
1156 1
68 62
1529 1
32 74
748 1
29 49
1316 1
87 35
1394 1
14 11
1054 1
55 30
719 1
98 0
664 1
43 73
501 1
21 40
1399 1
60 24
225 1
76 99
551 1
2 71
2085 1
22 66
617 1
63 80
1231 1
6 49
586 1
48 83
1965 1
55 52
125 1
74 21
1662 1
24 75
1560 1
30 43
1474 1
73 74
34 1
18 1
838 1
34 31
2005 1
52 93
1856 1
47 89
874 1
22 78
1427 1
3 37
2004 1
49 11
1935 1
9 38
2031 1
99 90
1198 1
97 7
1205 1
5 46
321 1
45 67
158 1
14 87
526 1
5 29
206 1
9 38
1696 1
47 42
1584 1
32 49
3 1
59 29
1542 1
69 89
1099 1
85 69
202 1
41 74
1273 1
41 21
1412 1
63 12
908 1
40 6
30 1
65 36
1486 1
6 16
1118 1
29 45
1225 1
69 87
1602 1
79 57
32 1
84 16
781 1
45 44
1698 1
89 12
586 1
28 48
1231 1
31 75
88 1
8 29
862 1
20 6
1487 1
47 13
241 1
82 9
1691 1
30 89
1779 1
63 33
70 1
69 13
320 1
97 97
1088 1
9 41
1226 1
91 29
1839 1
16 61
1204 1
25 55
1780 1
16 55
583 1
96 46
1171 1
85 72
838 1
62 51
1063 1
6 20
408 1
18 66
1122 1
28 14
238 1
88 53
2049 1
89 4
537 1
54 39
910 1
54 40
1794 1
78 69
82 1
77 27
849 1
9 4
1114 1
96 41
1412 1
83 6
852 1
50 32
1735 1
73 50
1465 1
53 41
1299 1
68 50
93 1
96 88
1904 1
21 4
991 1
4 60
313 1
30 89
652 1
68 27
659 1
91 6
992 1
18 90
295 1
98 99
2030 1
12 7
702 1
17 78
318 1
59 5
386 1
9 89
414 1
61 56
861 1
95 97
822 1
14 81
675 1
67 35
775 1
64 69
1785 1
25 68
1914 1
74 69
1829 1
98 0
12 1
33 67
430 1
78 52
1233 1
55 9
662 1
98 44
463 1
8 48
758 1
30 5
1042 1
98 55
263 1
93 90
1402 1
90 50
38 1
95 37
1243 1
30 2
716 1
24 1
1074 1
33 60
1438 1
10 74
1327 1
13 50
1739 1
97 53
1463 1
42 0
1783 1
69 73
1792 1
15 63
1585 1
9 33
574 1
89 91
1437 1
38 77
390 1
55 54
875 1
48 8
481 1
15 59
1339 1
42 18
71 1
67 88
1069 1
55 94
610 1
16 50
249 1
73 46
1529 1
60 1
626 1
64 85
720 1
77 26
302 1
25 11
1347 1
41 96
1406 1
15 46
392 1
87 68
1067 1
11 46
1503 1
17 98
347 1
82 37
1888 1
55 8
1472 1
62 56
1663 1
82 20
944 1
89 5
1560 1
4 72
205 1
90 26
2016 1
52 91
1888 1
53 1
1152 1
48 3
1756 1
55 23
776 1
43 52
1936 1
23 66
361 1
13 5
4 1
96 7
1298 1
73 93
1880 1
78 85
258 1
96 68
1300 1
61 82
1851 1
54 49
963 1
59 87
625 1
17 17
1447 1
31 5
624 1
79 11
442 1
57 22
2001 1
4 12
687 1
31 86
1373 1
9 94
491 1
26 96
1537 1
76 77
1904 1
65 55
2029 1
79 42
1438 1
69 80
893 1
17 37
318 1
39 41
1790 1
17 99
1557 1
64 66
1704 1
62 30
237 1
81 20
1723 1
86 89
1624 1
32 19
1258 1
57 52
1601 1
85 5
287 1
84 91
102 1
51 55
759 1
50 2
684 1
56 18
1806 1
76 14
103 1
82 87
1507 1
60 67
1866 1
94 5
376 1
56 98
813 1
60 57
1221 1
39 62
2041 1
39 21
227 1
53 41
1264 1
53 14
453 1
97 88
1415 1
28 68
1865 1
13 87
807 1
65 82
517 1
71 35
789 1
90 95
1227 1
66 53
1219 1
5 54
1601 1
92 83
42 1
23 97
1103 1
64 84
381 1
65 0
1624 1
3 4
344 1
12 42
1921 1
68 72
1097 1
53 50
712 1
16 88
646 1
72 99
1598 1
92 13
1323 1
39 11
948 1
46 41
995 1
15 73
2068 1
88 62
2043 1
89 30
1754 1
76 44
1571 1
77 65
1577 1
58 7
1903 1
74 84
1098 1
13 66
1559 1
54 99
1972 1
57 97
99 1
31 34
993 1
54 15
1820 1
43 86
1813 1
6 39
1647 1
10 37
1983 1
25 44
663 1
1 34
777 1
58 40
1132 1
48 13
1319 1
34 59
1326 1
34 53
1635 1
45 59
663 1
39 32
55 1
97 37
108 1
88 71
360 1
48 43
1129 1
46 90
144 1
48 88
2047 1
24 20
619 1
60 18
1795 1
28 45
351 1
71 4
812 1
34 80
1929 1
11 23
1681 1
57 33
753 1
73 46
429 1
73 18
1207 1
39 95
1462 1
82 25
1969 1
6 56
2086 1
67 19
1202 1
3 50
714 1
81 51
1491 1
16 37
373 1
96 5
692 1
92 81
1360 1
5 10
1482 1
73 53
762 1
93 68
1525 1
41 29
1953 1
12 96
1409 1
76 92
2014 1
55 35
1576 1
36 86
1381 1
74 84
1572 1
43 21
789 1
86 79
1335 1
94 72
1630 1
46 56
305 1
15 97
793 1
83 70
713 1
23 66
1738 1
74 93
1697 1
32 13
675 1
46 12
1496 1
50 33
885 1
1 55
1018 1
13 41
1738 1
2 63
1769 1
68 45
1029 1
27 53
302 1
85 26
533 1
19 59
381 1
74 36
1917 1
22 70
575 1
0 28
79 1
74 81
1479 1
91 64
287 1
32 77
479 1
46 20
1877 1
98 52
446 1
6 82
1291 1
67 88
296 1
64 43
1902 1
28 36
1880 1
11 17
185 1
4 2
1498 1
56 70
799 1
72 9
601 1
93 19
1672 1
75 97
2016 1
13 83
1630 1
3 21
753 1
63 29
1901 1
97 35
1060 1
46 69
1505 1
68 10
918 1
63 79
1697 1
27 73
689 1
11 53
1646 1
10 31
1570 1
59 29
2057 1
65 58
713 1
13 92
827 1
22 68
460 1
23 67
1445 1
64 14
209 1
77 27
567 1
65 33
1608 1
53 60
570 1
63 46
194 1
0 96
491 1
5 71
1556 1
62 37
75 1
15 40
1796 1
10 26
1105 1
91 1
1807 1
58 24
825 1
1 8
2000 1
64 94
1125 1
8 30
573 1
1 13
2041 1
97 48
1130 1
73 70
336 1
26 14
1450 1
73 7
1567 1
55 56
562 1
27 77
436 1
56 43
300 1
0 53
1688 1
87 32
207 1
67 0
1403 1
72 58
1764 1
49 7
1515 1
50 21
540 1
72 26
699 1
55 13
305 1
68 63
1494 1
78 25
1869 1
58 56
1624 1
35 77
1031 1
49 20
1300 1
83 13
994 1
64 84
705 1
30 21
322 1
56 41
1260 1
63 73
1844 1
77 17
569 1
73 3
2001 1
82 84
1762 1
37 77
1111 1
94 65
29 1
21 35
1627 1
17 9
1246 1
25 24
972 1
69 51
1830 1
83 42
201 1
95 55
532 1
92 44
1107 1
22 86
1854 1
44 72
1488 1
19 34
553 1
14 79
1995 1
35 62
1496 1
67 28
287 1
89 99
969 1
94 32
1095 1
77 32
776 1
12 24
1711 1
8 40
1334 1
99 74
989 1
43 51
978 1
98 67
1126 1
69 0
358 1
46 1
431 1
89 9
1665 1
30 38
665 1
5 42
1078 1
58 8
1982 1
51 61
937 1
62 64
1552 1
0 19
942 1
33 82
95 1
88 91
1737 1
4 1
906 1
42 54
798 1
7 6
92 1
52 44
1334 1
66 59
1501 1
14 17
1623 1
49 93
660 1
95 95
458 1
35 66
945 1
16 96
1645 1
31 2
767 1
39 10
645 1
61 69
1406 1
60 84
1989 1
53 24
1146 1
24 34
1455 1
63 28
911 1
10 25
1963 1
21 51
7 1
9 86
1128 1
11 33
1365 1
25 20
1620 1
97 63
975 1
49 43
555 1
32 31
1109 1
93 18
321 1
67 13
1636 1
75 44
1686 1
87 8
53 1
47 53
686 1
50 67
1270 1
31 5
1668 1
65 77
473 1
60 26
1348 1
73 46
908 1
41 65
457 1
56 7
1086 1
46 70
1785 1
93 90
249 1
10 19
1525 1
68 22
599 1
52 26
885 1
38 86
503 1
62 14
157 1
10 88
1704 1
97 21
174 1
26 21
963 1
87 70
457 1
96 86
1195 1
33 99
533 1
91 59
439 1
55 82
934 1
54 79
711 1
93 44
524 1
54 75
518 1
53 18
108 1
5 83
1973 1
63 46
1325 1
89 40
89 1
32 41
1727 1
25 62
149 1
24 36
1865 1
13 9
1324 1
72 73
1560 1
0 17
1766 1
18 12
291 1
85 22
493 1
28 10
1951 1
77 4
1938 1
90 63
1976 1
36 63
631 1
68 68
804 1
37 3
1721 1
12 76
121 1
97 26
2003 1
92 19
1817 1
82 38
2003 1
35 38
1103 1
28 23
1669 1
33 73
352 1
12 57
107 1
29 87
204 1
26 40
458 1
86 5
670 1
68 81
873 1
97 78
1151 1
18 65
693 1
17 41
594 1
65 75
1057 1
56 96
753 1
88 49
546 1
65 7
1231 1
59 84
1107 1
55 13
328 1
11 80
1232 1
32 39
1705 1
62 34
759 1
61 80
1703 1
91 29
1986 1
80 38
862 1
55 46
2025 1
2 62
949 1
93 43
784 1
55 93
1183 1
89 76
688 1
89 63
1790 1
44 41
425 1
27 63
1778 1
3 62
861 1
67 88
691 1
20 25
90 1
82 21
504 1
47 88
1200 1
60 59
1180 1
76 39
996 1
32 56
235 1
74 82
1666 1
18 95
1419 1
3 83
742 1
12 43
207 1
19 70
1060 1
26 37
948 1
77 41
340 1
26 77
149 1
51 43
1950 1
24 58
1793 1
52 77
774 1
77 90
994 1
19 29
771 1
50 53
1936 1
78 23
343 1
96 46
382 1
0 16
288 1
5 99
212 1
70 21
1885 1
42 46
1590 1
6 58
86 1
24 5
851 1
42 53
692 1
61 49
397 1
15 37
584 1
66 17
2082 1
31 61
232 1
48 39
1066 1
27 42
538 1
59 40
1208 1
53 73
1504 1
87 48
207 1
39 94
1610 1
83 99
464 1
92 18
527 1
79 11
384 1
0 21
1118 1
34 22
1504 1
75 10
1823 1
18 94
1592 1
91 9
339 1
14 96
76 1
11 72
1756 1
17 85
1128 1
21 16
152 1
55 97
223 1
68 4
929 1
22 67
854 1
11 65
432 1
16 6
1303 1
13 17
1547 1
41 15
1327 1
66 15
2034 1
16 49
1266 1
21 97
865 1
23 85
58 1
87 43
859 1
36 51
2059 1
34 24
237 1
15 19
1944 1
44 98
1246 1
95 17
1783 1
19 72
1444 1
37 11
1836 1
21 67
1118 1
28 97
769 1
74 15
682 1
37 96
1255 1
87 51
501 1
2 48
1341 1
23 88
147 1
18 95
922 1
10 84
1745 1
80 21
1205 1
78 0
88 1
75 61
80 1
43 34
1061 1
11 43
763 1
11 25
1160 1
86 40
48 1
39 14
19 1
95 29
992 1
9 80
908 1
63 77
808 1
51 92
1936 1
26 39
656 1
19 31
1912 1
70 98
1048 1
29 45
1866 1
69 24
832 1
38 3
819 1
17 59
1486 1
14 53
1694 1
90 81
7 1
78 37
1234 1
33 21
1989 1
87 61
1268 1
52 17
9 1
41 44
1088 1
32 87
2004 1
91 92
171 1
21 37
1038 1
98 66
1459 1
96 64
594 1
68 94
1721 1
70 77
1503 1
95 85
1300 1
15 46
1842 1
66 68
1271 1
36 66
1036 1
10 37
851 1
98 35
255 1
83 80
1975 1
61 67
1016 1
43 35
350 1
83 23
1264 1
10 34
664 1
44 69
1698 1
47 28
1892 1
6 76
1664 1
98 5
1298 1
7 90
1303 1
10 92
958 1
91 87
1718 1
11 81
1247 1
4 77
856 1
74 77
926 1
75 25
856 1
59 91
1903 1
13 60
740 1
28 61
1016 1
76 72
1657 1
32 61
38 1
36 37
1622 1
60 96
1281 1
78 17
1925 1
88 20
732 1
12 6
1470 1
64 45
1274 1
78 6
1121 1
37 61
541 1
4 57
1259 1
76 43
267 1
12 57
136 1
76 67
1675 1
77 76
773 1
82 31
38 1
19 28
1766 1
78 52
1945 1
1 47
2079 1
27 20
781 1
15 11
1772 1
13 41
1281 1
63 17
1986 1
23 18
1450 1
6 50
490 1
24 67
859 1
15 56
1553 1
52 69
942 1
35 99
153 1
4 72
877 1
57 38
1725 1
72 35
1488 1
92 86
1829 1
7 76
1848 1
35 73
1507 1
57 66
1751 1
48 41
1981 1
22 94
1686 1
99 11
871 1
34 7
1548 1
89 73
7 1
48 3
1018 1
26 2
2099 1
64 60
1714 1
49 37
2012 1
25 61
289 1
21 7
1713 1
87 42
1770 1
43 43
887 1
72 17
1965 1
86 16
1979 1
51 1
1785 1
99 3
1574 1
32 41
1054 1
95 68
1574 1
55 0
1249 1
9 84
1416 1
95 68
674 1
62 88
1798 1
12 58
723 1
99 38
2 1
18 44
2010 1
5 13
1327 1
80 9
1257 1
76 79
452 1
45 35
706 1
35 55
782 1
65 62
1005 1
67 89
1221 1
22 34
838 1
44 66
1794 1
8 46
1985 1
64 59
1896 1
7 65
1881 1
78 37
925 1
40 84
782 1
53 48
1294 1
20 81
496 1
89 44
1511 1
35 58
873 1
18 97
461 1
16 85
1985 1
52 29
1576 1
62 63
1172 1
49 81
1926 1
64 84
869 1
41 55
215 1
87 98
309 1
54 84
779 1
4 18
309 1
5 15
1710 1
31 89
1063 1
41 50
773 1
64 1
887 1
37 94
1741 1
49 46
1497 1
87 49
1879 1
36 46
1589 1
8 50
867 1
5 60
889 1
49 27
1967 1
15 91
1896 1
85 52
1049 1
94 79
1103 1
78 98
1054 1
32 62
308 1
5 68
1817 1
20 64
1173 1
75 88
1799 1
78 95
334 1
91 59
1989 1
26 5
207 1
29 57
2063 1
98 88
1482 1
89 53
