500 500 10 1000 100 10000
316 325
404 55
350 1
32 282
424 12
43 136
366 36
378 285
313 295
495 92
319 283
76 100
489 484
320 67
150 490
39 471
410 82
174 43
192 352
53 64
465 295
481 48
361 470
461 80
6 245
341 368
376 108
176 377
94 211
330 311
301 383
137 408
108 150
105 165
436 368
121 138
369 271
467 81
121 379
76 369
473 385
0 458
56 151
231 182
246 458
309 455
270 305
209 179
399 408
352 373
70 233
171 265
323 221
148 466
491 249
369 219
175 453
151 18
280 191
492 437
81 36
159 262
293 127
204 449
3 236
153 459
402 278
8 225
215 394
446 2
466 430
473 281
381 416
151 8
452 177
421 312
145 56
101 495
246 338
202 32
256 222
26 461
247 82
60 402
487 142
415 8
109 77
240 260
86 499
442 63
238 236
459 193
5 53
304 52
10 128
229 28
61 207
18 459
271 15
459 428
113 274
13 44
338 194
35 375
120 16
194 385
93 481
199 11
486 497
480 424
125 47
272 242
397 10
321 479
156 408
81 201
90 29
221 468
408 36
420 272
330 402
300 18
146 73
216 427
141 31
125 250
14 226
407 146
488 100
214 350
304 486
157 28
289 289
180 419
484 79
126 194
212 84
100 81
336 40
341 125
345 122
352 11
344 408
34 374
125 206
221 25
64 67
494 169
216 201
320 129
254 346
400 69
401 73
396 443
16 95
252 491
332 26
392 342
416 435
232 21
244 221
414 127
7 394
185 264
280 427
186 146
30 379
379 183
197 68
150 77
272 286
186 480
402 123
393 86
366 312
160 492
106 466
253 1
68 311
251 420
205 178
276 72
86 203
183 6
85 39
367 144
429 351
16 176
81 390
396 128
211 157
380 458
427 265
45 59
317 471
10 347
330 442
494 291
197 444
367 239
355 398
208 172
49 18
233 333
280 297
28 4
423 128
162 156
125 359
497 39
66 415
481 365
55 407
339 313
95 215
93 312
274 41
32 265
175 499
191 444
428 1
280 18
489 142
164 197
431 352
121 460
239 72
14 14
11 184
320 104
107 396
428 265
50 385
278 52
234 456
283 59
267 232
348 380
77 282
399 479
250 195
265 43
279 47
247 44
191 0
287 63
255 444
112 134
477 349
405 32
18 303
204 191
182 178
396 182
5 221
191 127
244 12
31 231
132 486
221 298
319 332
423 182
134 303
296 473
319 68
166 289
487 56
308 288
99 498
100 460
150 72
287 66
68 149
324 63
207 16
400 18
288 284
232 377
18 46
486 67
110 12
282 191
406 114
431 139
323 211
253 195
302 67
142 419
305 304
448 456
122 19
34 366
494 445
35 207
349 124
430 465
391 384
273 362
322 459
94 246
174 262
147 418
46 161
471 82
8 279
239 121
7 140
60 170
362 173
249 216
47 21
487 313
143 427
36 215
306 38
39 330
63 473
240 153
179 32
381 36
33 158
374 288
155 188
372 208
328 356
150 20
362 488
185 144
360 353
499 68
496 66
329 348
52 416
28 469
415 219
77 188
7 94
369 364
294 118
51 0
240 206
289 320
354 197
146 331
466 340
424 209
140 149
1 341
232 472
388 156
186 489
112 314
455 479
353 169
427 120
364 458
206 9
379 63
312 226
356 43
244 144
411 93
321 404
228 391
350 302
71 134
60 380
247 264
224 76
383 59
482 278
223 440
94 222
49 283
60 211
398 348
145 264
146 150
276 183
435 31
46 179
19 48
455 283
440 303
254 203
134 419
392 94
289 179
150 265
56 162
162 347
18 1
42 2
228 156
438 209
87 322
103 100
399 395
173 92
90 304
494 457
305 347
356 161
349 240
361 186
67 66
246 439
192 181
310 312
275 189
73 418
421 422
416 339
4 233
453 50
204 230
435 239
101 276
493 18
85 101
262 173
483 157
188 161
426 384
75 408
32 291
120 405
301 210
479 74
103 169
149 245
64 185
431 62
73 73
430 408
148 170
467 387
299 277
221 484
13 170
83 372
84 27
220 371
287 106
448 347
365 12
72 184
234 69
360 342
305 0
318 130
33 155
218 137
0 16
259 304
97 138
402 407
281 317
450 240
288 192
271 310
492 175
298 479
317 436
146 334
468 116
489 297
444 264
151 238
127 24
326 16
125 475
104 121
99 344
20 13
45 343
184 349
330 196
73 84
54 86
128 212
17 32
367 21
419 43
316 227
451 191
359 319
153 418
369 429
474 461
184 32
388 225
232 122
227 494
312 297
139 263
492 436
187 180
456 173
141 365
9 335
237 110
346 314
469 444
330 422
40 320
363 73
238 397
180 480
112 215
273 472
456 359
466 159
253 345
192 296
121 246
194 196
348 159
317 423
482 127
140 237
264 182
339 17
213 118
163 96
143 43
392 403
83 397
499 138
140 124
477 378
344 106
110 491
169 154
434 77
291 271
373 213
67 365
409 101
60 8
312 185
399 97
463 125
102 407
293 341
191 88
11 27
480 30
411 226
109 319
52 187
79 369
183 432
248 135
134 417
332 268
165 146
483 380
67 294
236 176
464 244
347 258
140 329
443 352
15 76
59 151
411 256
454 351
472 431
318 491
236 305
19 385
485 356
411 251
497 362
284 55
70 289
84 446
281 314
480 11
14 430
343 199
106 66
424 388
277 371
445 123
479 82
7 417
252 311
319 46
222 87
100 470
370 425
130 56
241 360
393 160
300 225
115 252
215 74
196 27
33 100
387 85
389 480
179 352
80 57
388 351
351 195
406 219
34 318
458 499
199 50
463 189
57 193
75 155
352 425
41 307
91 297
287 234
217 247
420 457
319 489
316 253
354 40
209 416
412 195
120 36
143 93
39 37
26 106
92 112
281 403
154 214
156 246
493 165
393 284
47 458
193 69
179 194
92 277
444 257
166 343
200 349
288 328
425 122
90 408
378 181
292 393
94 416
441 388
123 89
103 141
35 489
315 389
470 75
495 174
423 200
99 91
398 413
497 111
338 330
388 234
355 300
323 332
119 43
474 160
248 70
72 148
181 201
192 267
54 329
131 499
285 152
196 152
368 14
378 333
367 462
151 411
362 92
72 271
438 373
252 358
153 144
251 475
291 323
146 344
149 232
36 251
119 258
442 190
235 155
154 433
237 179
365 457
306 488
403 417
495 475
31 274
430 4
469 55
432 215
117 457
496 251
468 28
238 192
407 353
227 125
191 67
6 241
241 27
229 456
171 429
236 245
213 185
327 206
243 265
17 102
94 239
481 22
209 453
241 125
340 479
428 185
143 29
6 374
71 316
120 246
285 46
52 335
44 277
85 302
57 190
384 377
162 245
326 138
128 397
151 374
189 110
171 396
344 233
360 451
244 355
214 187
400 488
331 9
456 277
356 315
66 214
392 199
169 275
244 430
219 221
407 197
300 1
224 468
195 288
418 392
297 264
448 19
67 385
476 314
236 55
373 39
219 348
54 415
70 357
443 58
432 197
70 134
352 366
294 352
134 128
490 303
225 230
219 165
350 307
87 315
361 178
482 430
254 498
79 334
300 317
243 279
109 22
199 448
13 312
25 63
195 55
129 283
193 91
151 279
262 181
138 495
47 171
186 286
154 254
394 398
233 351
436 5
480 222
460 471
366 150
486 297
441 273
24 359
183 331
472 271
281 455
117 136
247 99
316 15
198 85
97 166
32 368
391 42
133 379
53 294
231 23
188 440
230 499
425 327
469 314
9 372
135 33
48 137
486 383
410 252
174 141
473 359
157 352
481 388
115 335
120 130
489 196
218 304
360 102
61 122
106 290
80 305
37 74
2 60
199 193
384 334
423 114
0 497
60 386
496 1
415 24
491 91
466 498
417 394
415 447
373 83
196 256
446 332
85 148
479 437
78 217
463 255
197 243
293 110
270 219
137 432
389 64
62 25
277 391
164 33
454 51
241 115
394 267
110 208
475 366
449 279
31 487
7 219
356 260
100 494
240 444
59 414
222 190
40 27
400 280
492 489
0 218
327 26
23 17
175 195
376 165
45 251
270 460
370 211
206 160
279 97
73 191
352 158
410 429
457 268
461 75
82 384
46 106
141 247
403 211
482 284
352 335
245 181
426 208
8 118
448 448
156 86
146 39
45 294
285 343
340 361
24 130
215 154
495 295
483 487
155 287
165 55
241 434
420 102
108 71
408 219
309 450
368 343
181 419
256 331
455 478
165 244
71 240
305 492
342 166
154 48
478 242
212 238
162 228
456 68
399 241
20 250
108 214
271 13
88 445
210 86
250 250
482 434
389 178
418 308
36 302
382 424
51 98
71 159
413 120
105 145
316 205
459 486
22 355
56 361
490 37
292 294
371 6
334 190
242 280
473 262
335 191
378 92
76 30
394 353
226 24
10 163
159 351
318 39
270 317
338 0
419 482
304 176
162 306
199 91
400 30
478 354
481 462
92 323
359 249
495 353
174 332
244 490
62 337
408 386
320 445
329 25
438 478
172 314
47 479
262 309
42 498
201 215
179 207
339 482
166 322
96 272
368 24
83 299
80034 49
54 281 26 346 70 267 55 284 22 275 68 332 48 366 33 416 106 444 46 476 70 425 52 409 26 321 132 232 80 484 88 272 112 445 45 432 123 488 73 327 61 283 117 409 124 447 50 310 95 296 83 297 39 437 49 448 16 296 77 293 90 457 70 419 13 412 81 440 40 338 11 315 21 369 64 328 76 483 91 311 108 436 120 220 28 412 80 439 116 297 33 444 104 294 66 485 55 280
88379 46
116 282 79 290 82 273 157 310 210 445 56 259 170 361 212 403 97 284 127 340 83 276 93 272 109 289 163 322 39 277 122 256 87 317 67 254 29 239 72 326 58 281 67 229 92 274 23 229 124 273 83 326 170 391 106 281 138 306 190 284 46 257 132 318 103 226 13 257 84 268 41 270 45 249 128 364 129 303 100 237 17 255 55 245 79 243 6 250 85 216 34 218
26902 50
253 188 362 164 264 151 330 234 357 336 227 119 339 262 379 153 312 109 344 225 327 150 267 185 309 121 308 186 254 111 394 202 289 154 296 170 366 333 385 263 278 224 293 67 335 172 396 270 365 173 126 174 224 116 340 117 285 139 319 150 292 151 237 146 294 162 383 237 344 150 162 165 133 156 333 74 194 100 286 167 165 132 262 114 198 135 321 312 350 227 346 288 301 196 413 214 287 217 200 134
108675 43
90 405 171 458 64 447 69 471 201 390 110 381 270 444 116 364 235 433 194 412 166 390 204 333 130 360 261 486 284 419 99 432 134 347 125 452 221 495 149 396 155 412 183 441 237 438 192 470 220 497 158 352 58 449 247 465 264 448 184 389 147 357 166 340 163 316 136 370 102 411 210 341 197 451 167 332 197 433 170 364 48 450 120 344 242 458
4916 4
30 420 66 421 95 373 96 373
49260 45
222 224 162 284 177 331 293 243 248 217 269 136 272 185 262 218 247 231 193 287 277 217 228 36 144 91 151 314 181 75 250 167 154 268 170 354 244 109 185 304 112 74 195 333 210 88 142 280 251 263 106 53 265 171 266 187 166 333 285 153 33 61 256 195 291 196 224 258 309 140 80 76 233 275 112 241 207 54 58 78 162 297 111 67 242 233 176 306 155 317
9294 33
309 430 346 344 382 393 337 437 357 314 377 399 296 326 287 323 370 448 325 460 326 330 391 275 338 424 351 318 396 412 340 470 368 287 360 396 314 311 305 445 326 383 308 359 263 318 326 332 342 320 307 456 317 476 408 252 324 370 347 409 397 274 401 313 339 493
27247 44
198 179 214 87 247 139 278 110 277 9 270 46 273 77 297 88 258 5 189 133 338 65 298 40 320 19 290 84 366 108 270 1 304 90 307 128 367 112 232 36 291 76 332 78 281 38 300 6 257 110 274 90 282 66 208 28 275 13 237 84 221 58 261 100 260 73 265 97 278 119 277 65 216 38 263 88 236 166 245 40 226 140 246 42 268 105 208 103
44565 24
390 324 446 320 441 357 434 325 374 325 340 328 327 247 482 321 355 319 390 333 361 248 449 352 342 286 447 327 392 308 358 354 343 288 369 297 430 293 355 310 357 364 398 338 353 273 406 327
6504 20
95 28 173 172 15 24 123 60 7 129 73 2 81 167 131 160 87 40 27 44 15 31 65 47 126 92 57 173 140 36 13 39 139 46 171 117 8 81 201 166
26923 17
120 285 142 400 86 397 145 391 142 345 110 306 180 414 62 317 22 366 154 354 28 386 192 337 70 386 168 392 77 328 122 371 110 310
21131 48
361 219 473 126 348 49 494 146 372 30 348 214 378 188 473 91 435 182 434 95 407 59 326 176 354 186 393 33 444 171 328 193 479 69 441 166 455 101 471 155 393 102 385 116 450 103 487 99 360 78 437 148 383 82 407 49 488 107 356 143 463 160 480 50 483 107 334 187 479 88 397 105 455 29 425 166 480 130 324 161 372 77 463 123 443 151 435 187 405 72 453 115 422 151 456 143
23681 32
150 279 242 195 74 209 353 281 57 280 179 226 116 220 313 302 48 241 73 174 267 228 273 262 103 254 88 248 239 200 117 229 182 177 32 205 48 247 18 295 58 264 165 178 45 284 375 309 61 205 69 256 303 263 213 209 134 177 205 223 210 203 87 295
86532 40
92 452 29 147 160 372 79 200 62 158 105 467 41 358 82 244 147 417 82 266 136 346 121 497 161 343 90 451 102 286 72 264 114 284 51 247 56 331 21 377 128 307 57 326 156 328 60 258 47 293 125 304 50 417 86 276 55 435 157 466 114 492 109 441 31 144 99 296 83 354 118 488 66 345 73 306 135 264 2 369
19570 18
111 438 88 434 158 430 83 349 31 297 108 455 61 309 93 384 129 463 30 310 117 415 52 329 42 315 13 327 26 327 152 395 116 452 67 357
2850 18
0 278 70 292 41 340 85 310 73 341 49 299 19 299 123 304 5 345 28 367 41 349 14 282 50 326 11 288 59 266 73 358 41 377 101 296
39933 36
125 117 120 67 102 25 64 74 87 204 37 188 163 4 112 236 142 42 127 157 165 81 101 44 80 122 147 54 122 49 121 116 119 94 147 83 114 56 97 80 130 72 64 135 96 240 160 60 140 104 171 30 138 76 111 74 109 123 132 77 108 56 63 152 44 106 86 10 138 99 86 224
3309 12
198 164 98 198 188 145 158 216 188 220 135 242 221 214 166 152 184 172 135 156 104 218 119 217
15064 31
443 78 317 138 433 66 450 32 494 72 481 129 416 124 303 79 450 189 491 66 465 52 464 60 485 185 453 239 447 121 421 118 363 140 301 87 435 38 473 82 456 54 441 198 483 117 435 63 457 77 399 118 478 118 466 144 462 47 412 25 307 117
51204 18
159 252 166 164 116 119 182 247 169 197 216 149 200 181 216 143 129 178 157 150 206 168 229 206 140 190 143 111 127 195 150 223 128 151 175 186
25360 39
374 276 243 166 217 146 115 135 357 327 412 169 238 129 380 179 54 213 344 243 398 208 406 301 448 335 350 372 265 99 217 134 279 130 431 385 396 293 100 183 340 360 390 348 155 172 178 164 394 306 357 283 318 147 365 318 353 363 384 279 344 393 315 430 342 155 296 182 374 236 350 279 313 398 415 355 371 254
7720 3
298 237 332 260 307 190
8033 17
444 466 404 410 329 429 433 489 450 489 374 379 370 440 495 479 396 485 410 424 370 445 340 412 480 453 387 371 364 406 374 405 375 441
19345 7
265 404 247 488 268 464 290 495 241 429 295 477 319 490
7174 20
227 120 194 48 219 87 242 151 117 71 223 53 197 107 278 155 270 4 243 26 238 132 210 59 273 52 164 80 269 48 232 105 243 197 303 36 137 83 241 111
4395 2
378 439 416 391
34937 13
186 472 130 464 49 456 195 470 24 412 18 399 55 458 9 425 146 465 89 429 48 466 43 440 228 478
39243 16
44 128 113 106 119 136 169 137 63 204 94 92 185 78 188 97 162 57 141 146 162 131 47 178 32 191 139 121 196 94 135 162
7408 5
322 40 294 74 311 29 286 39 334 8
2849 41
121 107 305 70 113 134 94 148 49 125 116 161 126 168 1 170 47 174 238 107 49 197 151 158 93 82 73 207 58 125 92 215 260 81 19 142 288 166 65 171 85 83 66 198 116 152 22 118 106 71 104 117 258 109 61 173 143 114 187 118 121 203 83 124 68 81 141 133 250 130 116 157 89 46 278 61 232 71 12 151 30 178
16688 19
373 78 320 54 248 253 276 182 282 257 348 16 260 165 288 146 219 205 299 88 309 137 230 148 330 46 273 213 235 212 332 43 314 7 409 72 222 184
14531 24
318 475 361 302 306 259 340 451 356 485 443 486 369 484 355 440 333 374 391 430 348 490 343 430 335 262 280 460 432 498 298 453 409 475 257 490 284 408 316 342 322 426 248 494 350 426 417 444
9369 40
176 337 164 316 100 296 85 417 94 489 116 322 100 279 66 470 83 364 80 436 156 352 73 312 155 316 64 348 63 262 78 479 79 277 63 304 81 353 115 377 62 318 116 328 80 430 90 280 129 280 149 341 87 497 161 272 85 317 163 309 70 313 93 269 70 493 130 325 139 292 133 272 153 242 104 350 60 290 82 444
13329 7
389 350 386 368 371 402 390 372 395 321 352 375 355 389
23012 10
343 126 330 139 331 95 258 168 286 124 348 91 308 165 332 156 350 167 333 139
1208 1
479 106
103925 46
353 309 409 369 473 351 379 376 448 301 319 305 348 437 442 327 339 448 313 360 478 338 409 392 284 389 349 369 353 323 417 387 296 364 354 328 395 290 352 371 381 448 347 336 350 395 339 418 382 363 305 342 434 392 449 352 399 336 381 305 359 355 392 286 392 360 393 287 362 320 336 365 363 390 376 436 352 417 334 426 481 310 405 406 373 386 322 397 347 354 353 318
13162 15
278 362 287 230 245 411 251 271 289 304 316 252 348 329 280 410 278 261 297 266 284 270 322 364 326 332 267 313 306 308
108021 37
471 68 320 58 420 143 426 82 423 158 281 55 331 78 386 88 439 155 335 83 430 189 427 16 483 64 418 43 410 95 468 104 444 26 439 109 399 101 477 50 376 60 294 38 411 50 246 5 369 63 430 58 288 73 359 54 414 39 418 103 410 93 442 18 392 31 239 38 447 152 433 113 425 103
52195 24
208 464 248 380 318 374 234 382 275 380 229 293 315 277 338 303 248 346 275 387 189 430 175 436 287 388 163 449 335 245 177 386 235 312 280 358 295 274 206 411 209 355 240 367 252 268 192 322
64409 37
482 358 184 422 412 264 207 413 345 449 177 429 473 328 453 343 213 487 142 360 203 429 384 271 404 255 438 357 110 390 173 432 449 325 476 372 480 389 454 312 465 313 182 390 485 354 285 453 257 443 471 376 394 407 485 316 418 293 259 465 138 425 192 449 362 296 243 441 185 431 481 285 306 491
69552 37
196 445 360 441 372 310 385 364 272 265 231 461 229 495 262 182 189 441 297 455 224 225 212 474 326 455 220 445 276 450 210 453 278 435 301 295 208 437 315 267 307 313 188 493 173 489 215 487 373 449 147 452 243 473 227 454 246 422 321 417 201 494 395 351 327 315 366 370 293 494 402 402 183 460
33836 23
54 227 214 152 179 102 152 178 156 208 98 213 123 138 154 153 55 217 173 185 183 131 111 135 83 202 197 124 74 223 124 180 116 243 80 204 109 203 119 208 87 215 118 225 25 252
37004 33
429 182 488 195 481 248 486 242 455 129 483 193 391 184 474 194 408 174 424 179 455 115 488 219 438 213 496 208 455 176 482 204 454 214 415 212 438 159 421 158 443 186 420 178 433 189 423 167 403 229 499 217 480 165 412 148 389 224 464 116 468 242 494 229 415 155
15432 14
286 399 290 402 217 344 212 353 287 410 255 378 245 425 232 371 230 409 247 410 195 317 186 304 241 368 171 364
97344 46
428 340 463 440 394 432 465 491 355 382 384 332 480 401 405 478 347 424 495 435 380 359 352 360 497 484 439 388 477 435 498 421 376 315 382 311 417 443 384 401 478 395 392 359 421 480 340 421 474 365 405 344 378 402 435 437 483 495 424 470 350 392 426 367 356 313 459 408 351 348 432 336 404 341 441 453 446 456 331 385 404 390 428 446 452 408 455 412 367 367 358 325
4986 8
295 58 353 46 389 33 367 33 313 52 404 19 361 5 324 11
2089 2
481 173 488 156
93617 34
292 103 164 104 252 61 273 74 246 49 245 55 322 3 239 37 330 67 260 75 264 36 295 21 290 5 260 61 279 62 182 119 198 61 224 57 213 104 290 33 317 22 278 4 275 46 210 70 247 79 293 55 253 90 262 60 212 75 233 43 313 65 256 68 197 97 249 41
4695 24
69 114 8 94 26 168 9 62 45 115 3 48 55 70 29 186 30 141 49 65 36 155 33 6 35 28 30 94 21 38 58 103 10 150 38 111 62 146 75 76 29 32 21 62 15 37 57 28
61217 35
121 286 394 273 161 464 240 321 122 484 358 270 77 469 344 329 365 289 107 433 289 300 320 269 111 288 194 310 132 492 123 331 275 321 86 394 160 456 138 485 212 439 123 462 296 299 156 247 143 363 158 266 164 249 99 380 370 309 171 454 277 273 331 345 159 287 351 298 150 286
70385 37
154 175 92 82 88 61 107 107 94 142 113 61 95 101 186 72 96 48 107 141 92 24 82 3 104 215 99 75 148 30 73 75 102 23 105 107 120 33 176 83 129 172 136 33 141 57 127 69 111 97 48 22 87 3 64 36 133 28 51 52 128 79 117 125 127 79 75 93 142 58 95 66 143 196
20332 37
410 469 364 481 358 456 180 436 319 411 376 398 213 395 131 432 302 418 97 418 328 387 213 420 160 394 166 425 320 411 141 386 258 444 279 433 230 416 152 399 328 490 180 381 365 402 365 349 327 465 203 408 383 419 340 431 126 391 279 484 320 438 350 463 139 420 110 441 409 377 147 396 126 446
6094 19
266 136 309 180 274 163 230 135 316 203 268 128 292 159 238 196 273 230 285 253 246 288 299 246 265 151 308 137 313 239 293 246 269 244 261 98 269 181
33055 20
318 251 242 54 393 187 288 122 193 76 367 153 425 148 209 62 139 67 383 96 242 90 381 129 375 142 441 187 383 119 339 254 173 95 361 102 358 229 337 111
1819 1
15 71
11470 8
256 289 296 268 241 327 243 369 205 319 239 361 207 389 252 312
74351 25
427 391 416 428 455 446 382 443 481 451 417 428 455 344 430 295 449 334 476 168 417 467 446 202 424 431 437 463 443 481 451 436 464 215 450 480 496 217 497 495 433 403 495 254 422 170 460 280 431 303
6987 14
479 476 483 495 480 438 437 430 437 474 456 482 458 433 485 464 488 448 451 469 438 422 446 484 415 479 476 408
14826 29
275 264 277 251 267 127 267 163 321 234 284 199 281 171 297 175 329 232 283 210 220 215 275 352 234 213 285 162 307 236 258 302 269 214 323 236 284 254 221 191 258 226 232 203 259 212 282 188 272 188 313 219 258 172 291 176 309 177
5889 9
192 385 188 418 198 409 211 431 225 424 253 461 170 417 232 421 229 419
4863 5
340 333 342 244 376 239 323 286 386 207
33229 21
33 194 32 306 132 278 65 237 152 283 43 258 115 293 68 215 10 309 82 274 97 245 26 206 9 316 68 268 80 277 126 286 44 226 43 255 39 166 102 234 90 230
31941 29
493 87 274 121 350 34 383 111 486 56 326 78 436 77 369 93 455 114 323 146 277 107 412 141 280 85 400 44 482 42 250 112 240 51 398 40 197 8 300 72 293 62 332 33 289 81 260 112 357 52 299 97 412 110 464 15 362 65
74209 38
498 407 460 277 487 366 474 334 456 343 421 102 450 138 485 417 429 53 490 188 460 181 441 184 496 348 491 215 445 407 463 424 452 54 488 92 458 320 460 348 438 159 393 135 449 405 455 334 448 250 484 134 436 322 413 383 410 421 448 383 486 214 490 380 448 449 440 368 470 69 479 305 431 102 442 217
9079 10
310 404 285 402 279 415 309 437 329 450 265 439 285 427 294 406 285 431 271 431
15744 17
335 27 252 82 200 130 258 169 361 15 205 111 295 56 382 8 328 42 231 153 383 54 213 138 270 32 252 78 196 94 337 36 239 175
52900 22
483 470 435 411 430 422 492 456 437 377 447 488 469 439 457 348 476 483 461 497 460 445 436 434 439 422 436 396 442 404 487 454 474 423 474 428 473 383 499 423 405 420 469 458
18696 7
68 169 59 274 55 226 10 303 68 218 95 224 21 179
115171 41
174 316 115 351 143 404 90 343 128 371 259 353 111 384 157 341 276 352 227 287 167 339 260 322 176 366 277 276 152 360 147 457 174 357 95 307 298 377 174 326 88 471 171 367 275 405 241 326 114 387 114 440 126 348 245 351 203 303 42 406 117 339 61 443 256 374 145 393 182 401 194 481 233 382 164 373 145 304 277 306 178 436
38491 14
0 214 12 271 47 247 6 198 44 154 11 194 0 152 38 222 21 170 10 257 54 235 16 147 40 250 47 177
31943 27
389 318 388 263 386 380 339 185 260 150 422 342 320 286 229 168 295 244 387 249 315 167 404 348 429 242 349 164 392 250 443 320 291 214 275 218 369 289 343 226 250 169 356 313 326 182 207 175 308 183 357 287 284 194
8286 4
462 155 433 182 387 217 428 169
17524 9
197 457 200 450 229 486 216 475 191 465 256 490 155 485 169 498 163 465
13570 12
248 318 319 326 260 358 301 292 312 325 290 276 348 323 276 284 311 320 360 348 280 374 368 295
79086 29
141 183 44 289 60 273 70 319 199 292 87 303 76 298 39 392 143 237 33 343 76 236 78 268 95 183 57 264 64 225 117 309 10 388 88 359 72 222 109 190 143 211 130 197 158 219 17 295 120 410 109 176 150 264 75 402 169 262
84201 37
346 149 386 157 447 270 338 167 290 236 368 84 337 92 363 40 280 261 321 264 270 257 313 239 444 313 341 116 334 88 285 267 326 258 405 234 254 304 342 50 305 218 468 228 333 63 287 266 415 266 484 352 369 197 356 61 298 66 340 246 440 262 380 74 318 188 354 150 273 237 387 132 496 242
10509 5
371 123 324 155 284 110 341 144 298 99
98679 42
325 273 474 253 376 261 366 301 457 171 456 189 459 187 482 207 415 288 434 225 414 302 328 299 483 225 451 264 479 204 474 159 305 281 370 363 316 306 494 223 402 313 481 173 433 320 414 214 457 183 431 238 282 307 320 343 443 213 494 211 458 208 316 259 472 228 475 173 453 184 461 252 449 179 429 200 451 241 407 359 414 173 479 181
1399 2
318 377 320 413
19674 14
276 407 324 444 286 410 246 465 262 458 243 420 303 394 277 484 346 446 369 492 265 415 332 406 263 450 356 480
68846 35
392 89 264 238 152 83 120 146 418 28 224 174 121 70 367 11 310 224 294 262 467 71 246 17 219 217 190 119 281 26 119 67 134 153 437 68 183 83 221 71 407 49 323 215 174 164 268 56 105 106 163 72 343 230 345 220 259 78 328 10 357 174 372 29 284 15 166 182 274 33
30364 47
71 85 440 188 99 65 41 54 72 42 194 65 85 106 52 40 7 60 195 112 241 123 23 83 189 114 214 109 77 100 223 142 23 40 167 7 218 133 79 40 38 76 77 9 157 100 112 109 162 112 444 178 93 125 161 119 127 36 232 140 187 115 36 44 3 26 292 129 326 112 126 123 256 118 213 148 60 68 184 103 232 151 68 81 58 66 407 137 395 160 122 103 374 159
2055 1
157 323
45162 27
71 129 83 90 86 132 103 94 62 92 16 21 9 77 40 66 46 101 127 110 86 122 12 83 115 130 44 93 34 123 14 61 94 111 82 121 42 51 88 132 101 119 45 99 41 117 20 116 81 99 100 120 92 141
4746 7
447 487 407 444 391 472 439 457 460 433 381 462 497 463
19837 49
427 304 286 140 451 207 369 156 325 176 389 282 342 295 484 182 494 270 461 189 329 115 383 319 397 160 407 211 344 168 398 298 458 369 392 204 467 327 369 352 371 145 416 369 487 254 445 260 380 410 446 248 393 346 445 241 437 252 442 162 372 284 384 389 449 298 475 214 323 152 444 235 360 108 409 370 375 150 399 106 413 204 313 160 282 133 446 223 413 195 394 320 408 330 417 340 401 175
2902 6
245 441 274 475 307 453 275 468 266 444 252 472
44540 44
194 335 307 241 219 377 204 281 272 353 332 274 211 386 276 294 150 296 313 309 254 306 235 300 235 269 207 332 286 308 342 305 254 285 232 372 208 352 337 246 333 349 191 344 222 325 318 274 281 316 246 322 320 365 333 220 284 303 176 309 225 307 217 368 343 240 222 302 372 309 208 328 246 357 295 307 229 308 308 316 319 280 210 316 192 293 278 299
5725 11
246 409 263 405 236 385 219 442 184 403 240 375 274 351 207 421 307 385 247 391 250 434
89977 49
454 388 412 479 463 440 498 473 467 445 499 464 441 390 448 455 475 423 429 455 466 489 355 477 462 457 445 484 455 450 477 359 453 394 402 367 347 499 449 392 465 441 426 381 436 420 468 497 471 487 397 342 453 421 443 466 441 403 435 484 431 447 478 473 484 436 449 448 440 372 495 470 459 484 482 402 445 414 479 420 380 489 462 460 463 445 491 443 475 478 491 398 457 453 478 455 468 411
64239 29
102 491 59 396 169 393 52 481 10 370 43 449 64 458 1 457 61 451 61 441 103 445 31 455 140 448 24 484 90 456 175 422 193 371 136 456 148 428 99 458 47 414 6 469 15 467 32 444 46 447 28 483 75 477 156 417 49 411
91402 36
264 89 267 40 343 29 296 74 272 2 230 84 314 133 271 43 314 24 287 36 331 41 269 69 286 61 282 98 290 32 273 99 234 46 281 46 291 7 270 127 317 18 303 121 280 48 254 118 287 59 267 21 336 24 272 45 297 90 302 63 319 37 281 13 281 64 285 67 326 15 292 11
49602 21
200 227 307 265 280 264 249 286 251 225 286 221 260 322 221 254 170 178 212 231 208 243 212 236 215 235 143 166 204 221 256 264 266 200 166 189 151 189 304 282 224 228
2715 3
409 346 402 349 380 382
5680 2
425 466 381 424
97776 37
107 240 9 224 121 235 64 128 38 178 30 212 116 116 22 93 81 186 52 143 24 212 109 108 33 154 54 108 178 123 16 183 121 76 129 239 2 130 69 161 69 130 38 176 119 94 36 137 111 152 63 228 16 168 79 136 96 68 57 227 68 128 162 103 142 95 82 268 79 198 21 138 140 92
66786 38
250 56 333 123 285 97 220 47 272 83 264 5 410 44 433 69 231 67 265 33 257 76 282 86 368 61 243 68 344 78 265 57 220 4 325 75 336 87 285 11 443 94 347 126 417 10 339 0 330 131 349 49 359 3 231 21 310 77 307 48 296 97 389 38 335 42 380 53 180 38 386 25 175 14 183 24
72169 39
56 254 20 312 74 300 198 256 51 303 201 184 85 231 43 281 183 167 144 197 158 256 47 290 24 327 63 275 7 333 99 308 99 331 208 214 19 259 105 307 91 259 2 305 58 338 27 288 117 302 107 356 21 253 151 247 8 329 31 280 19 236 40 305 61 220 146 204 17 286 159 272 2 300 212 168 179 183
26474 38
309 430 389 415 409 415 323 407 339 346 300 359 406 403 299 347 261 383 369 422 301 366 437 417 277 392 314 386 398 460 290 451 277 432 356 440 325 349 316 344 398 427 412 400 316 362 303 384 291 427 401 415 278 388 290 397 322 323 298 378 302 310 423 436 283 349 369 392 380 464 325 371 336 373 315 406
