100 100 100 1000 1000 10000
31 6
5 31
9 84
25 82
86 90
19 4
93 21
15 74
63 76
85 63
57 20
72 92
39 92
30 51
45 9
95 3
67 36
65 84
78 86
79 76
29 70
18 45
89 94
71 26
93 41
67 74
50 39
24 14
48 59
89 64
72 8
7 68
10 97
69 64
14 1
45 61
81 35
87 13
78 98
44 86
39 11
76 54
46 75
14 43
20 58
59 97
10 75
60 81
32 77
22 48
78 46
2 47
91 2
55 56
20 14
98 91
27 93
44 3
23 19
9 39
64 32
4 73
34 41
91 56
65 45
87 54
22 12
80 3
78 89
77 69
57 7
50 79
54 73
10 14
67 51
30 69
5 93
55 71
86 3
0 14
68 91
73 16
0 36
70 81
3 17
23 50
40 4
45 97
37 68
36 74
17 6
4 42
41 1
5 43
92 28
23 40
73 92
51 88
69 14
34 32
32 16
13 82
79 82
85 43
35 61
42 32
83 23
40 48
38 90
72 80
14 19
47 99
6 92
49 52
15 10
63 12
28 98
30 86
51 10
49 14
27 53
18 98
47 62
38 97
41 10
11 65
16 20
42 88
30 36
19 1
52 81
17 17
84 49
22 30
89 42
11 39
61 49
79 91
74 75
3 77
84 31
49 75
50 91
87 34
55 85
14 26
84 5
61 5
98 16
38 9
96 0
47 86
27 20
66 73
58 90
97 13
28 23
93 95
83 78
46 70
79 28
10 78
57 78
88 12
4 24
5 29
20 27
3 37
2 82
41 21
22 17
55 61
29 42
92 8
23 20
38 84
17 44
32 4
87 59
85 39
44 28
89 92
6 78
62 59
95 43
69 36
40 68
67 76
82 12
85 1
89 70
66 64
99 50
25 13
0 9
24 54
25 55
4 7
2 51
35 67
26 52
85 85
12 71
53 60
60 73
81 84
87 67
58 62
41 30
61 67
23 45
57 35
64 34
60 56
91 58
28 81
11 43
90 93
86 47
31 91
13 49
44 49
94 63
14 14
81 26
67 91
83 92
98 28
38 29
3 13
33 86
75 2
67 97
58 86
54 16
19 46
28 3
32 70
3 19
9 68
60 64
88 0
65 2
61 92
79 54
68 9
90 58
72 76
4 50
94 28
18 29
59 42
68 23
3 70
59 0
48 43
72 56
90 78
12 1
81 19
67 64
37 7
20 65
26 28
76 38
58 81
82 50
2 5
0 61
27 55
57 75
90 27
6 7
52 53
29 53
70 96
6 25
81 88
86 71
87 79
2 89
40 19
41 18
56 22
33 20
16 44
54 89
32 15
78 83
35 10
59 25
74 83
96 44
43 58
34 13
64 69
65 73
33 96
62 24
76 59
50 2
14 36
29 20
20 63
79 30
23 66
82 71
35 92
56 55
46 46
3 39
9 88
84 58
52 90
11 94
85 59
27 88
94 14
86 48
17 34
22 9
29 66
59 30
42 58
23 12
90 80
72 38
77 72
9 4
49 36
82 10
70 41
0 21
3 96
95 51
16 72
80 60
2 23
50 61
0 11
21 71
88 21
28 6
85 83
32 65
22 52
62 79
59 91
57 63
72 97
2 43
17 1
7 18
31 17
46 27
11 87
96 75
9 43
92 1
67 11
50 75
13 85
79 81
44 21
6 71
12 46
82 5
65 91
87 40
20 94
37 50
68 48
5 89
95 56
15 9
41 89
77 44
39 26
93 73
85 92
74 19
5 13
75 26
90 30
7 11
22 33
96 66
9 44
83 53
21 20
34 60
50 66
46 4
26 86
59 44
85 55
53 94
84 28
43 33
50 92
65 92
58 11
13 40
35 7
18 53
24 96
17 54
59 2
95 33
75 39
99 34
67 66
22 87
87 31
11 30
70 61
94 78
53 98
27 19
60 99
66 74
2 3
29 25
45 86
37 73
87 83
12 77
42 13
83 58
47 32
84 61
67 31
2 87
98 67
94 5
85 48
26 81
40 59
73 83
39 93
6 49
51 75
58 18
37 36
61 39
94 47
59 27
68 38
55 81
72 33
45 36
60 28
64 71
82 17
87 20
11 23
94 49
0 16
42 91
24 13
47 82
16 83
17 91
32 86
24 51
83 82
48 16
74 5
3 3
10 74
51 61
49 29
76 19
0 44
14 76
53 63
60 78
16 15
30 19
34 78
9 32
16 37
47 23
50 78
65 46
37 45
29 64
22 15
74 88
12 49
84 8
34 2
22 97
85 13
42 66
72 14
86 2
51 28
35 97
53 30
71 68
99 28
82 60
4 3
87 97
93 78
54 29
88 23
71 98
77 11
60 69
55 54
62 87
90 63
73 93
30 60
10 46
39 83
67 19
56 12
44 23
16 50
53 83
54 67
45 22
67 57
73 46
87 42
9 21
38 63
36 27
16 65
67 95
15 11
13 7
50 50
5 97
58 82
21 78
95 75
8 68
52 12
32 90
46 62
57 70
25 38
34 64
93 97
65 6
46 32
61 88
14 64
83 55
90 6
40 16
39 72
6 26
47 37
22 25
16 41
66 63
96 51
72 86
69 18
93 53
8 31
23 28
60 41
54 0
14 21
39 55
30 88
20 77
38 8
22 79
2 1
26 2
74 24
46 65
48 27
69 96
58 71
64 30
52 49
79 59
62 65
96 91
77 23
47 34
82 98
30 46
54 59
46 13
55 34
33 40
10 58
84 37
7 54
44 35
89 93
90 85
98 48
6 73
60 30
43 62
17 71
92 67
38 3
86 9
75 52
13 19
93 89
94 89
83 84
48 18
3 5
68 93
78 5
32 78
10 82
57 58
23 52
30 17
87 64
24 74
39 84
4 74
50 76
80 4
79 84
83 17
66 43
81 1
90 92
42 38
53 72
43 55
2 96
64 80
49 88
80 26
30 74
85 11
5 92
81 27
96 29
12 9
48 51
86 0
98 37
13 12
26 20
91 78
72 22
49 20
88 25
45 70
26 62
50 19
46 53
29 3
71 92
5 0
1 32
25 35
90 19
86 85
45 96
8 46
67 15
31 29
22 34
11 75
3 54
18 2
27 85
88 37
17 31
31 59
98 77
79 93
26 75
42 33
96 62
88 75
69 23
84 17
58 12
18 54
42 75
98 60
68 60
45 46
82 27
30 87
61 11
11 29
26 31
92 79
72 29
77 40
97 11
56 64
43 83
32 92
3 25
77 2
54 12
95 83
91 19
31 26
90 4
47 39
21 16
8 59
63 64
22 31
79 90
97 94
70 5
57 16
6 50
3 76
38 82
47 13
93 51
87 61
9 28
59 6
6 84
3 82
85 7
0 29
24 10
0 51
24 48
46 71
53 8
21 63
46 41
24 95
23 57
40 25
86 89
78 42
36 71
4 39
0 79
8 34
26 93
92 9
6 53
39 89
51 79
1 69
22 8
61 35
68 34
25 99
40 69
84 13
82 13
63 61
80 37
26 97
50 34
16 87
75 54
21 94
82 39
13 17
39 4
76 49
44 81
0 10
23 98
36 96
35 66
91 97
50 22
89 17
62 78
81 75
37 88
28 35
7 19
22 41
11 84
29 34
66 15
40 38
21 12
64 35
34 36
99 78
22 3
56 9
65 34
92 62
62 35
53 86
49 94
82 4
58 3
65 68
20 93
85 9
76 82
18 61
67 90
73 51
22 95
50 55
33 85
74 8
47 77
46 81
18 76
78 18
46 59
10 91
40 7
90 17
95 84
84 79
0 93
96 65
23 37
72 77
40 45
60 48
69 11
85 40
27 77
18 26
16 54
68 16
17 55
80 19
29 79
61 47
24 31
86 25
66 83
13 3
56 92
81 52
69 89
19 54
34 98
0 62
46 66
48 24
69 99
64 27
82 77
41 15
32 52
5 17
70 97
23 34
16 23
30 43
4 58
8 61
97 92
46 14
24 64
43 39
8 3
58 21
31 72
78 80
79 66
76 64
91 33
94 46
35 13
38 42
29 72
69 56
91 94
74 58
1 30
15 58
24 50
3 0
68 82
51 58
10 77
58 67
80 92
50 29
31 13
5 26
55 0
51 32
1 42
6 17
36 65
54 63
37 93
15 81
20 12
68 6
92 11
90 55
69 7
2 75
65 47
29 65
59 17
16 58
71 17
99 81
65 65
24 19
55 69
45 56
51 29
82 37
52 30
78 9
65 20
29 6
3 47
62 76
59 90
25 94
81 73
9 64
0 88
56 37
32 56
62 86
9 42
27 80
6 34
69 0
60 59
58 39
17 26
65 32
46 2
98 78
14 98
59 22
66 39
3 66
43 43
99 86
73 47
18 59
6 94
25 27
75 33
39 63
97 28
14 55
3 14
35 77
50 15
33 77
83 71
59 83
60 67
75 29
25 39
30 28
38 99
84 73
79 51
25 73
88 41
69 9
58 46
50 67
61 51
44 13
9 53
71 7
86 37
99 95
13 39
81 16
12 60
25 28
26 27
72 1
68 79
13 27
80 65
43 87
33 70
68 85
69 97
49 27
82 75
95 95
28 51
1135 7
70 19 63 14 61 23 69 27 70 17 67 27 64 23
498 2
50 83 50 74
172 8
72 57 70 65 54 58 68 58 54 72 64 63 71 60 51 65
1546 4
81 98 88 99 86 97 82 95
2385 7
97 2 76 20 71 15 87 11 78 13 87 3 93 4
1428 8
62 15 58 20 86 13 95 5 71 18 85 10 75 20 86 10
3072 9
50 64 51 51 44 76 54 70 53 70 49 77 62 57 57 60 52 48
3488 9
15 66 28 75 10 47 10 56 19 56 17 66 19 66 36 85 30 77
1024 10
15 54 13 55 19 61 15 62 6 63 19 56 6 52 13 50 9 70 18 74
215 4
33 37 33 32 27 41 31 41
15 9
83 16 90 23 70 11 87 9 92 20 80 21 78 0 80 13 80 12
443 4
12 69 4 67 5 69 11 70
1004 5
79 89 71 76 71 82 65 70 72 68
1771 8
71 15 60 7 49 10 50 5 51 2 57 2 52 15 64 8
1476 9
40 57 44 52 63 50 43 54 80 53 76 62 53 49 68 52 46 55
1539 10
0 33 18 5 0 24 20 20 2 32 28 14 2 24 20 18 12 22 0 28
255 2
52 84 51 78
412 5
49 9 54 13 51 4 57 13 53 4
2622 9
69 73 59 51 67 53 64 49 64 63 72 71 62 69 68 67 67 69
646 5
23 68 28 68 37 76 22 75 27 73
1342 4
35 88 28 94 25 97 26 98
2074 6
96 21 93 31 96 18 91 16 92 7 99 14
1390 9
30 26 36 28 31 40 40 23 36 19 30 30 31 25 37 28 36 32
2797 7
88 91 92 87 92 85 87 85 99 83 93 77 96 87
967 10
43 10 9 1 17 11 29 10 31 5 37 18 40 9 47 8 22 1 29 5
2392 9
84 45 80 49 67 34 88 61 76 41 83 56 84 42 65 37 98 59
714 2
12 25 15 33
986 4
62 83 80 83 70 82 76 75
443 4
50 89 52 94 45 88 48 84
1133 9
65 66 60 62 61 72 69 75 68 69 56 68 67 72 61 65 62 69
680 5
67 89 62 93 70 88 66 98 69 98
358 1
84 22
1516 4
44 50 44 68 42 76 44 59
1878 9
74 62 84 56 64 38 66 45 78 47 70 55 75 53 61 46 78 52
705 8
15 86 21 85 12 91 5 75 16 98 16 92 6 88 8 79
1440 4
25 5 22 10 25 14 13 16
611 9
48 17 48 11 42 5 42 4 47 8 41 17 49 12 54 8 38 14
1172 3
36 9 30 10 31 0
388 1
55 15
785 4
42 79 44 76 47 72 36 85
2191 9
31 28 22 24 39 33 18 24 29 36 34 34 35 26 28 19 36 32
328 2
0 35 6 39
3772 10
30 65 22 66 16 74 12 64 24 57 29 55 7 63 19 45 13 64 12 72
317 2
63 83 67 78
242 10
93 28 79 16 84 23 74 17 97 23 79 10 93 23 88 22 97 30 87 18
1482 6
42 95 40 88 47 96 42 90 37 97 32 87
1872 5
19 16 33 18 25 26 23 21 17 23
1672 6
33 35 31 36 43 40 40 32 40 37 37 35
420 2
77 35 71 33
322 1
56 94
71 1
25 1
923 3
2 31 11 38 21 35
2580 9
95 6 87 7 98 9 98 8 78 7 99 9 95 2 91 8 98 4
558 5
76 2 69 24 65 18 67 9 67 16
178 1
32 1
177 1
51 2
2086 10
34 61 54 55 47 55 52 56 27 57 23 67 45 49 38 56 34 56 30 57
140 1
82 40
2909 9
71 53 76 52 94 41 67 43 81 44 90 42 78 52 73 44 75 45
692 2
68 74 61 83
3570 9
74 94 86 86 81 93 79 95 85 93 89 96 78 90 93 77 82 95
1661 6
49 8 59 15 72 20 63 24 42 1 56 20
402 2
70 27 68 19
658 7
64 91 77 87 67 89 66 97 70 99 75 87 69 90
376 1
5 42
191 1
91 96
1749 7
36 10 55 19 56 29 46 16 51 24 51 22 28 19
256 9
59 58 52 55 44 64 51 68 56 45 26 71 55 38 58 38 34 68
756 10
85 78 93 70 93 71 92 74 94 73 84 65 98 84 99 82 92 71 88 64
1944 7
78 48 82 49 74 50 76 56 80 51 81 54 71 54
2299 6
23 68 16 62 28 60 19 68 20 61 29 68
1195 3
18 63 11 56 20 59
3930 10
51 9 42 4 38 11 48 9 40 0 40 9 47 8 61 14 47 18 46 3
1107 6
75 48 79 52 73 53 74 57 75 50 70 47
2032 9
50 25 74 38 75 22 65 18 57 26 83 32 93 36 84 46 60 24
86 2
57 90 60 87
483 5
79 52 71 44 68 45 72 50 70 47
2030 7
28 18 30 32 35 22 27 27 34 20 37 24 23 23
302 4
7 44 6 40 9 41 5 30
974 5
72 65 76 57 76 63 84 72 76 67
574 6
9 78 8 76 10 85 8 72 12 80 17 78
618 6
55 48 67 42 69 50 61 45 54 43 58 51
1122 7
31 38 31 39 25 36 31 46 23 26 41 36 30 38
1396 5
9 91 3 85 15 82 11 83 24 84
1463 4
17 77 23 70 23 69 11 76
282 4
92 69 72 70 78 67 84 72
2363 8
52 58 48 63 72 65 62 55 55 55 39 71 47 68 69 66
3090 8
76 1 66 28 63 14 72 0 73 22 72 9 63 13 62 6
1546 4
30 65 42 61 49 68 38 62
787 6
68 10 75 11 75 21 87 27 73 6 78 22
394 3
47 48 39 50 38 54
874 10
84 77 85 89 82 89 84 84 57 71 92 85 75 87 75 78 61 68 66 78
821 4
1 66 11 56 3 57 7 52
2429 7
78 60 85 64 73 57 70 56 97 61 88 64 98 68
545 2
25 67 16 76
14 3
88 67 95 66 95 58
2356 6
12 97 6 97 8 95 10 90 7 86 15 90
1516 4
79 94 87 93 84 97 82 91
886 6
40 66 36 72 47 85 55 93 41 82 40 80
1752 8
24 39 16 34 22 36 10 53 9 37 17 48 16 45 26 44
1316 6
52 55 41 54 31 54 22 61 48 50 30 56
595 8
11 42 24 39 16 36 19 39 15 43 29 45 11 46 8 38
2774 8
20 13 21 24 30 11 24 24 25 33 23 24 29 16 21 19
2757 10
85 47 82 47 76 58 70 64 80 66 80 52 80 57 85 45 91 54 81 47
346 5
79 12 69 12 73 9 64 12 72 9
2362 10
31 75 30 76 41 59 29 82 37 76 37 84 25 84 33 74 26 76 38 69
162 5
88 61 98 65 74 85 79 68 84 78
942 4
90 79 99 85 95 74 95 81
141 5
42 17 35 22 37 18 35 19 50 20
422 2
51 8 50 6
387 1
2 38
1108 3
58 47 59 43 64 42
1029 9
18 96 1 88 17 92 16 93 7 89 16 90 9 95 2 88 0 87
1556 8
63 82 69 76 99 84 80 78 77 82 89 79 70 76 68 75
282 1
36 10
590 3
59 95 53 85 64 95
191 3
26 0 24 8 34 11
160 1
9 12
857 5
41 13 26 23 32 18 43 27 46 20
1191 10
36 61 39 70 35 65 35 63 45 60 39 51 43 59 50 62 42 60 40 58
651 2
94 2 99 4
888 4
19 47 12 31 9 38 12 43
39 2
79 86 78 79
1116 9
78 92 89 75 82 86 84 94 99 85 87 84 92 77 86 92 87 89
363 10
4 19 22 27 30 34 11 22 7 30 17 22 23 33 9 24 8 15 4 32
3463 10
90 53 82 47 73 34 75 41 97 49 89 46 73 36 90 45 78 40 77 32
1461 6
27 91 11 62 15 80 17 89 4 63 9 70
604 2
75 41 79 49
28 5
31 92 37 92 24 93 29 99 32 99
1477 9
64 1 57 24 59 16 67 9 60 27 74 0 68 1 68 11 74 2
1470 5
79 45 88 53 86 45 92 45 85 50
347 2
9 82 16 73
2645 9
16 17 22 23 3 32 29 30 0 38 2 45 4 57 5 53 7 23
1800 7
71 35 77 34 76 27 67 22 63 26 65 15 68 31
1716 8
10 2 18 14 21 9 17 24 17 3 9 18 20 15 13 11
91 1
8 55
57 4
32 57 49 50 44 43 42 55
484 7
52 25 53 35 49 34 56 36 49 24 44 11 52 14
224 1
53 57
505 5
12 2 15 13 9 14 7 6 20 9
27 6
36 70 38 61 41 60 37 52 44 61 27 66
1460 10
68 29 70 7 58 23 74 16 58 28 64 18 80 0 63 24 73 24 82 1
3572 10
7 35 22 22 4 40 17 29 16 29 20 28 7 31 14 35 23 27 29 36
630 3
40 27 47 18 42 17
654 3
74 54 76 46 64 44
1122 6
1 27 3 30 0 37 13 30 0 30 4 32
193 2
6 16 12 19
638 4
9 83 0 77 19 92 16 92
2061 9
20 55 40 52 27 48 14 44 50 58 24 56 16 47 32 55 16 39
2068 10
18 64 26 65 21 55 30 63 33 71 24 65 28 58 25 54 14 72 12 67
1095 4
9 91 19 92 20 91 29 99
2486 9
61 38 52 32 67 40 56 24 75 38 67 38 62 30 61 37 51 30
291 8
19 31 11 36 12 32 2 42 1 37 9 48 3 41 12 41
2104 7
4 40 1 46 0 39 13 38 7 48 9 49 6 48
81 1
98 93
1690 6
26 19 21 9 17 23 21 17 15 16 25 23
537 6
74 77 73 87 82 70 76 62 68 98 74 93
1174 4
29 81 33 81 37 72 33 79
1468 8
73 13 89 11 68 15 60 9 99 21 82 16 91 31 89 23
662 5
46 25 40 31 42 27 38 22 44 29
671 10
59 96 55 83 64 91 65 97 56 97 72 91 64 93 64 98 52 91 57 87
45 2
0 97 3 97
1576 8
86 56 86 49 89 51 88 45 93 46 88 54 81 59 79 47
2870 8
37 94 36 92 43 98 28 92 44 88 36 90 40 94 36 98
920 7
84 55 91 59 77 45 95 68 87 52 90 68 86 60
88 8
63 15 60 22 55 35 54 41 61 24 59 31 53 44 57 41
386 6
51 31 61 28 66 29 55 22 63 26 76 24
992 7
81 51 68 41 75 41 88 57 63 44 72 60 84 50
1671 5
15 22 29 7 16 30 25 26 25 14
1693 9
45 33 54 56 40 34 37 38 46 57 43 41 47 42 46 52 47 49
398 1
93 71
1465 10
30 58 32 85 42 86 29 50 32 73 37 78 42 87 27 73 19 52 31 65
1155 4
56 25 58 22 49 26 52 19
734 2
13 25 21 24
2154 8
15 87 25 95 15 97 10 88 24 77 29 90 35 91 20 80
811 4
53 47 60 46 53 40 59 45
1370 6
11 7 6 4 1 12 2 9 4 5 7 13
502 3
33 93 35 90 27 83
459 6
11 71 20 76 2 73 4 69 14 83 16 86
1302 7
23 87 14 79 7 74 16 89 6 81 21 88 21 83
21 1
10 89
1501 6
2 61 0 57 1 58 7 62 1 72 6 66
125 1
84 21
324 6
21 14 21 21 23 11 22 4 23 7 21 13
287 1
84 95
2203 6
55 5 56 7 38 6 47 4 40 5 49 4
2797 9
66 29 63 29 67 25 57 36 60 23 65 27 61 31 67 26 77 21
1333 4
17 24 13 34 6 37 6 30
180 3
11 1 11 13 16 4
850 6
61 38 66 38 65 36 57 26 61 33 64 36
2641 7
8 16 13 23 15 37 0 24 20 33 4 31 12 28
1502 6
63 39 74 45 76 44 70 32 73 41 66 44
1109 6
36 50 28 41 31 27 27 36 33 32 28 57
380 2
41 0 44 7
874 7
50 3 48 8 47 21 50 4 53 16 55 24 45 11
1643 8
69 43 71 45 66 33 66 55 64 49 56 56 70 55 59 43
315 2
11 42 1 51
1268 5
97 48 84 65 91 54 90 51 85 56
386 7
86 99 87 95 80 93 82 91 94 86 79 97 96 94
72 2
85 54 92 54
1315 7
77 66 69 71 77 79 63 86 68 76 66 76 69 72
2495 7
96 15 98 20 89 12 98 23 92 15 99 18 93 15
2021 9
51 50 35 34 47 55 53 66 36 44 48 53 43 59 38 44 61 68
1773 6
24 73 21 79 28 80 15 89 13 83 18 65
478 3
87 27 99 41 95 37
1065 9
35 34 40 35 37 37 42 39 41 40 32 44 40 51 48 46 38 46
531 2
24 85 14 79
869 6
35 79 31 73 27 82 38 95 31 88 37 86
3541 10
37 9 1 23 2 18 27 6 4 16 1 18 5 15 44 10 22 6 12 10
888 3
7 30 2 21 4 30
105 5
24 61 25 63 6 60 15 65 22 71
1786 10
61 70 55 62 53 85 54 76 48 67 61 64 59 70 49 76 53 70 64 55
1012 4
25 66 20 79 20 76 27 69
2756 10
12 85 14 92 16 74 25 69 5 88 12 82 19 77 15 83 14 73 21 82
1053 8
34 7 36 7 45 2 42 6 40 10 32 11 30 10 36 3
2769 7
78 16 88 6 78 4 77 4 78 12 83 2 79 5
840 3
36 17 31 18 38 14
1634 6
57 94 71 82 53 67 62 75 66 88 61 91
674 4
96 9 92 4 89 9 91 13
1583 5
13 44 1 54 13 35 9 47 2 56
598 3
87 51 93 49 97 53
107 2
23 86 23 89
2183 7
89 4 88 5 79 10 90 2 97 9 89 8 95 0
1506 10
71 14 62 26 72 24 77 24 68 17 49 31 63 23 51 22 75 24 55 24
1406 5
2 9 8 19 7 5 0 5 2 4
164 4
86 34 81 43 65 51 72 53
662 10
11 85 4 93 42 90 17 95 52 93 23 90 33 92 56 97 23 91 7 87
3 4
73 85 71 88 80 78 64 92
598 8
35 47 34 40 35 43 42 44 43 32 19 47 10 56 26 39
1322 5
81 18 77 28 83 32 84 27 76 40
1628 5
42 45 39 42 47 41 32 41 41 38
226 2
63 46 62 50
975 7
24 17 29 30 33 27 44 38 38 35 30 37 43 38
1326 10
61 38 66 38 60 43 69 43 66 50 61 53 60 40 53 41 55 45 65 52
2035 9
9 77 6 82 8 76 8 85 5 84 14 78 11 79 7 87 17 79
714 2
30 11 28 9
556 10
62 91 50 64 52 67 51 71 52 75 66 97 56 67 57 59 54 74 58 83
2731 10
59 32 47 45 48 35 57 45 67 41 38 45 64 36 47 50 41 57 51 53
1549 4
44 18 41 16 50 14 35 19
2128 9
94 32 80 31 99 35 82 26 94 42 86 39 95 34 96 36 88 33
2049 6
61 70 83 70 69 71 58 74 78 78 59 66
1430 6
25 93 23 94 8 75 11 78 12 80 14 86
443 7
78 37 72 43 68 36 81 53 76 62 81 57 82 41
725 4
2 29 11 34 9 16 7 25
167 1
55 73
2327 6
28 67 26 66 18 70 19 64 18 72 28 57
362 3
58 63 64 54 66 54
2283 10
31 92 26 88 34 93 34 94 29 96 37 90 24 98 33 92 32 72 23 82
2190 7
19 50 4 70 8 64 12 56 0 70 1 71 5 65
2201 7
11 17 11 9 9 9 2 10 7 10 8 7 9 18
3969 10
82 23 83 31 78 16 82 26 81 21 78 26 84 18 79 14 80 24 79 16
736 2
27 72 26 80
689 2
50 65 58 74
1508 7
58 53 53 52 42 48 58 60 54 69 52 50 57 60
294 4
15 66 16 56 10 57 14 58
1317 5
13 76 11 68 8 82 19 74 11 76
1424 8
16 62 0 50 9 60 19 69 13 70 18 71 13 72 0 55
511 5
34 94 17 94 38 85 25 97 40 92
568 4
22 38 1 33 10 36 15 33
579 10
41 45 40 56 39 53 48 63 52 56 33 58 50 47 43 66 46 51 43 54
364 1
10 59
1850 8
21 57 1 54 11 63 7 51 7 62 15 61 6 57 9 56
420 5
53 64 45 80 47 70 52 70 39 75
332 1
13 79
199 2
95 99 99 92
2217 9
41 90 17 72 32 85 22 78 28 66 29 76 22 74 21 75 32 72
101 1
79 50
2534 9
60 37 70 18 52 34 50 36 61 27 64 9 73 19 51 30 56 20
1315 5
48 2 58 5 41 11 52 4 47 17
2647 8
40 57 40 67 33 67 38 71 61 61 45 58 39 66 55 57
73 1
37 40
56 2
92 2 82 6
234 6
70 7 76 0 80 2 73 9 79 1 79 6
1411 4
85 36 95 39 93 37 95 42
2645 8
49 40 48 48 54 22 50 17 51 15 50 9 54 31 50 10
363 1
9 85
264 2
27 35 17 39
220 4
69 33 52 38 59 31 68 24
91 1
51 16
1150 3
9 27 13 23 12 30
1196 4
58 87 59 85 57 83 58 74
1745 10
39 85 45 77 46 80 45 89 43 73 45 79 48 98 47 93 38 79 43 77
3135 9
58 15 63 6 45 12 48 20 59 19 72 18 51 13 61 15 63 10
1138 4
34 57 42 64 47 69 51 70
2593 7
20 97 30 92 19 98 29 88 27 98 15 90 22 94
4 2
2 66 12 56
978 5
91 23 83 16 80 27 89 33 89 28
23 2
15 53 17 57
2149 6
1 77 8 74 4 90 5 79 8 80 4 96
2726 7
79 88 85 86 80 87 95 86 76 80 95 96 76 86
182 2
66 71 58 79
677 2
37 28 34 29
85 1
48 68
17 3
81 78 83 62 89 68
723 5
72 89 68 74 66 93 74 82 64 73
622 3
42 72 51 82 43 65
1121 4
86 36 92 31 97 30 91 38
641 4
48 86 39 78 29 75 54 78
2395 7
11 17 33 8 37 21 24 12 35 17 16 18 8 15
180 1
47 41
152 6
31 83 22 81 32 82 49 81 36 75 39 73
222 6
74 85 68 86 57 98 63 99 59 92 66 81
1129 5
96 64 93 61 94 61 89 53 79 47
327 1
76 92
1727 8
32 96 27 91 39 90 26 90 7 91 33 83 42 99 17 81
639 4
53 89 55 94 61 95 70 95
1004 3
26 29 21 31 31 40
780 9
84 85 84 62 83 79 92 84 93 66 81 67 74 65 87 77 83 75
1939 7
53 14 69 10 65 8 62 10 72 16 64 10 60 12
1888 7
25 23 39 0 30 2 30 10 30 16 36 3 39 9
2005 7
67 89 76 97 56 82 54 88 59 92 51 86 57 86
65 5
68 10 54 9 75 1 58 4 59 5
758 9
92 69 90 64 82 69 97 82 85 73 91 75 96 63 89 79 95 67
1606 6
62 90 52 89 72 88 43 92 41 92 49 91
1697 8
46 68 45 69 35 62 42 61 35 70 45 62 36 63 44 67
804 9
99 15 98 21 99 20 88 26 86 16 95 12 95 20 99 16 88 20
1211 6
82 78 90 67 92 73 85 87 88 67 87 71
1482 4
23 11 15 13 20 17 13 13
270 5
18 23 18 32 12 33 20 25 21 29
1332 10
30 91 25 93 22 89 29 81 35 85 44 82 31 88 32 95 41 88 28 89
2161 6
47 24 37 18 52 11 51 15 37 23 47 16
1258 5
87 74 83 80 75 82 77 74 76 86
479 7
77 33 81 38 90 23 97 27 93 26 89 28 83 21
1170 7
96 32 99 35 89 39 85 31 97 39 99 39 89 28
42 1
12 88
928 5
37 9 49 0 53 2 46 7 46 3
311 2
93 55 88 53
1561 5
61 83 64 89 66 79 70 80 59 93
58 1
55 43
1078 3
15 83 10 70 12 75
1379 7
61 6 63 5 59 10 60 14 51 22 42 26 69 3
749 3
5 70 1 61 6 65
769 3
24 86 30 89 33 94
610 4
63 75 59 82 67 82 49 79
854 3
91 1 83 4 95 2
3652 10
91 26 88 7 98 18 96 24 96 6 96 11 92 20 90 11 90 16 98 4
526 4
56 25 68 12 51 20 61 21
551 2
36 93 39 96
677 2
36 57 26 58
1891 5
60 61 66 65 68 57 53 49 52 59
587 3
80 13 79 8 84 3
2329 8
4 29 4 10 8 14 9 1 9 9 0 7 6 21 14 20
2462 10
4 19 15 2 8 22 28 2 25 0 12 17 21 6 14 9 11 6 11 13
192 1
42 97
205 1
25 25
2416 8
48 6 46 7 44 6 52 6 37 0 24 11 29 4 38 15
1697 7
71 35 61 30 64 25 70 33 61 34 65 29 64 29
191 1
54 32
3337 9
29 7 19 6 16 8 26 3 38 23 21 11 24 0 29 16 16 7
2258 9
43 16 31 36 35 32 35 42 37 25 35 39 39 31 41 17 37 33
3195 8
3 24 15 22 12 20 15 13 15 30 16 22 18 18 8 27
12 1
94 12
950 6
53 1 50 4 58 17 52 8 47 4 50 10
1130 4
61 22 57 21 61 7 51 14
202 1
25 44
508 2
87 86 85 79
117 1
32 57
2701 10
65 67 62 47 59 52 48 68 61 83 62 73 55 73 52 60 62 51 44 60
228 9
91 0 99 2 90 0 91 18 90 2 97 8 87 1 97 0 85 19
92 2
84 10 94 9
959 3
28 79 26 83 32 74
539 2
72 16 74 26
1131 4
90 96 86 97 99 97 86 98
2435 10
33 12 40 10 33 15 37 14 35 6 33 11 30 7 25 9 34 17 36 0
92 8
93 40 89 37 88 48 75 41 90 43 68 33 85 45 94 38
1082 7
87 81 97 80 93 63 87 71 94 72 91 75 92 70
391 1
85 87
350 2
1 52 4 48
423 9
10 69 16 69 8 66 10 71 22 72 11 79 16 77 2 68 17 68
186 3
77 62 84 55 80 51
63 1
21 26
1849 6
73 61 62 80 67 70 72 60 58 77 74 54
1071 3
23 59 33 51 14 52
90 2
30 65 34 68
321 2
99 90 96 90
1681 10
22 67 26 26 12 58 38 35 29 45 32 31 18 73 14 67 19 55 23 24
2795 8
89 48 97 44 91 46 89 56 87 47 88 53 88 42 90 57
737 8
34 16 17 7 16 30 28 21 25 14 26 17 29 24 24 32
827 3
39 73 36 60 39 65
1560 7
19 41 31 36 31 27 22 29 25 34 20 36 27 35
166 5
86 44 89 51 91 48 92 52 90 50
283 10
28 63 13 55 22 56 13 62 30 66 26 67 22 68 24 76 5 54 18 65
1009 5
58 15 66 20 67 18 66 12 56 10
240 2
14 7 20 1
1445 9
83 97 90 90 94 98 80 93 85 98 99 94 83 99 98 98 88 96
2159 7
78 81 84 62 85 68 68 76 80 85 71 81 81 77
2045 6
60 50 51 51 52 35 53 44 58 44 42 41
352 1
61 44
2111 6
83 6 95 5 91 13 95 13 84 9 81 3
1160 6
72 23 68 26 69 20 77 28 92 39 87 38
2444 8
81 51 85 58 80 67 83 47 86 50 75 46 82 40 80 56
3520 10
17 19 21 21 27 15 21 33 24 26 25 20 20 19 20 15 30 24 20 16
61 5
28 18 33 12 37 13 34 10 28 14
1407 8
45 87 47 87 40 97 51 90 55 96 48 79 42 87 52 82
882 6
12 27 3 43 15 31 5 34 6 30 3 36
511 3
48 72 42 62 48 52
611 3
99 97 93 88 98 98
1698 8
54 99 36 92 52 95 46 82 37 82 44 94 37 91 63 96
1435 4
27 9 24 8 15 16 17 19
795 6
93 93 90 97 86 91 88 87 92 91 93 91
2995 9
31 60 41 65 30 78 28 85 23 85 19 77 40 70 20 78 30 70
336 2
98 7 90 2
1484 7
25 74 14 80 31 68 26 64 24 69 36 77 22 71
443 3
81 66 91 71 90 60
149 3
10 21 5 10 7 15
27 6
39 21 53 1 45 16 47 11 38 25 56 11
18 3
11 70 16 75 15 66
655 2
29 16 34 10
633 2
38 11 39 9
200 7
50 64 44 64 40 75 43 73 47 65 56 89 50 84
545 4
56 81 47 94 41 99 55 87
205 2
28 68 23 73
757 3
49 1 33 4 43 5
2306 6
74 63 80 68 65 69 57 79 55 70 78 61
267 1
32 97
282 5
85 53 81 45 80 56 81 49 90 50
574 4
45 92 44 95 51 94 48 84
795 4
47 46 57 40 56 43 63 50
657 4
98 47 89 43 98 43 96 52
192 1
50 4
264 3
71 14 71 2 65 7
319 1
47 18
2739 8
0 65 5 62 19 50 27 58 25 56 13 58 26 63 2 69
85 8
63 6 67 0 72 11 75 3 80 2 68 12 68 3 75 6
211 6
2 39 11 55 3 41 3 46 7 40 11 38
2684 8
71 70 68 80 59 71 65 69 70 66 79 71 74 73 75 77
693 7
69 73 69 70 86 69 92 85 94 81 94 77 77 75
1518 9
87 68 86 67 92 58 85 58 91 65 95 73 90 74 95 67 94 68
97 6
72 89 76 98 80 95 64 84 76 90 75 91
870 4
91 15 97 5 91 26 97 20
3531 10
88 9 81 5 91 1 72 0 67 1 97 4 73 10 97 7 88 11 98 4
1661 10
14 60 10 48 11 50 11 61 17 53 27 40 16 46 20 47 20 49 19 42
1577 7
79 27 88 29 86 22 84 30 64 12 69 21 79 37
264 9
71 21 86 13 67 22 76 12 74 25 65 18 63 24 82 9 75 15
837 3
16 75 28 76 26 67
428 8
1 66 5 68 22 76 18 78 10 70 22 70 17 77 19 84
2228 10
55 82 53 79 56 81 46 89 48 72 46 88 41 94 37 96 33 94 63 74
139 10
30 53 34 50 34 62 42 51 44 44 41 42 36 45 38 58 30 56 38 46
1445 4
71 41 71 38 74 49 74 42
1583 9
74 94 54 98 64 96 84 97 80 97 78 90 56 98 91 95 88 96
2886 8
58 79 80 75 65 88 71 77 71 82 63 81 66 86 82 72
2295 7
46 80 60 94 51 90 59 80 68 88 51 74 53 77
1155 3
40 86 37 76 48 90
1143 10
51 63 59 58 53 55 49 62 52 64 57 47 55 38 50 62 62 56 43 70
2835 10
85 78 95 71 99 64 83 81 98 75 73 87 91 48 80 86 93 57 90 77
3312 9
26 53 19 41 18 52 15 52 10 48 28 59 25 53 18 62 30 56
1144 7
58 64 74 45 66 52 62 60 68 55 68 56 76 42
2990 9
26 90 38 92 32 75 31 84 31 99 36 84 23 88 26 76 25 92
2662 8
10 68 17 60 16 68 1 90 6 74 19 68 15 72 8 81
3930 10
46 31 31 40 30 53 38 43 52 34 38 31 50 36 31 49 48 33 37 40
112 1
76 23
220 1
28 43
907 8
87 19 67 25 78 16 77 14 83 7 87 24 72 26 76 35
412 6
7 65 17 74 13 69 26 72 17 67 22 71
171 3
87 12 89 8 79 2
288 3
69 73 68 80 73 79
53 1
59 28
2785 7
79 26 76 26 81 30 78 32 72 27 78 40 81 36
1792 7
81 41 89 58 62 42 65 39 86 43 80 51 72 47
78 8
89 61 86 56 77 56 80 63 73 72 80 66 67 53 73 69
201 1
25 12
605 6
82 0 95 7 91 7 97 6 98 5 91 9
419 4
69 53 63 62 63 48 66 52
639 10
93 7 92 30 93 29 88 14 97 8 92 20 92 14 94 37 98 34 93 16
484 7
6 83 13 76 4 71 1 78 13 81 6 77 3 69
1997 6
53 26 52 34 51 24 46 35 42 35 36 32
362 3
88 73 95 78 94 64
1309 5
15 86 1 80 5 76 25 84 23 77
2071 9
77 22 78 51 67 23 77 48 67 30 70 57 71 37 75 46 76 55
1491 4
8 57 10 45 19 41 16 53
474 9
43 30 20 34 33 36 52 11 39 36 49 21 24 34 46 21 56 21
211 6
92 4 89 6 87 2 79 11 88 1 84 18
272 1
76 47
83 1
17 92
321 1
97 88
1180 8
42 31 58 33 44 32 49 30 66 23 48 33 46 33 38 25
652 7
25 11 26 14 24 18 18 9 22 11 16 19 12 8
1598 9
53 54 58 64 64 83 67 65 61 75 53 95 55 90 44 61 64 72
1034 6
66 71 87 87 76 83 83 79 69 79 70 80
1005 6
75 42 76 52 81 48 89 54 72 58 66 58
505 9
6 83 9 96 3 86 0 83 1 91 3 80 6 76 4 94 1 84
1102 5
3 84 5 88 3 85 4 90 4 94
790 5
77 22 64 22 54 14 71 31 52 15
293 5
35 45 24 47 27 48 35 51 26 48
242 5
90 41 93 33 98 34 91 31 95 32
726 3
38 14 46 17 54 22
371 6
16 31 14 25 12 24 23 33 20 36 14 34
1145 3
0 6 5 7 1 17
285 8
30 33 32 45 34 42 9 10 32 37 23 26 32 29 15 17
901 6
7 8 1 3 11 11 2 13 4 1 6 5
110 2
43 17 42 17
1699 5
32 71 24 57 19 57 29 67 25 67
2175 10
71 97 65 87 70 95 70 94 71 94 63 88 76 94 63 87 56 86 71 93
205 5
87 10 77 7 81 12 83 0 74 9
1444 4
77 57 69 60 74 54 74 52
1013 6
56 50 62 41 63 48 56 47 55 58 53 43
1785 6
34 16 45 33 47 31 38 24 43 24 46 20
1312 4
9 90 11 96 26 94 17 95
1717 7
93 5 98 9 88 6 97 18 98 12 96 9 88 10
255 2
63 50 56 44
735 8
79 44 95 60 84 57 86 56 83 49 74 44 86 51 88 54
496 2
69 54 77 55
377 4
46 68 54 74 59 76 49 68
745 8
40 14 53 15 44 14 42 17 44 12 50 8 49 15 42 2
1761 8
21 85 21 86 19 78 14 77 12 82 4 76 1 83 1 84
1906 8
5 80 0 78 6 85 3 85 8 72 0 68 13 84 6 80
273 2
82 61 91 52
2384 7
1 67 8 75 7 62 3 73 17 57 9 57 8 79
378 1
42 65
544 2
22 19 19 27
2203 6
10 73 5 63 11 62 14 68 12 63 5 72
3890 10
84 3 81 10 83 7 85 8 78 6 83 15 75 1 86 8 71 11 87 7
2323 6
49 82 39 70 44 83 50 93 49 89 34 79
1540 4
37 2 39 8 33 17 39 1
817 9
37 9 35 3 42 3 44 12 47 10 36 16 37 21 47 16 34 4
1999 9
47 44 43 47 46 56 53 49 50 38 63 57 48 46 57 54 58 50
351 1
31 95
1586 6
44 34 44 33 37 37 43 34 39 40 35 37
1783 6
12 26 9 23 4 23 5 15 5 21 11 19
2240 9
98 7 87 11 94 9 87 0 93 2 93 13 87 6 94 19 97 0
2682 8
45 76 56 69 47 74 50 70 38 66 50 73 48 77 46 72
1028 9
2 39 14 28 3 32 11 31 9 23 19 35 8 28 2 37 26 38
375 3
81 66 91 60 83 54
3105 9
56 19 70 9 70 8 63 4 65 13 59 7 53 10 60 14 79 4
545 2
31 31 37 40
3027 9
32 22 27 26 23 31 32 20 34 18 22 27 31 36 24 26 26 25
404 6
60 43 79 52 89 44 69 52 88 34 95 31
1952 5
25 80 11 81 15 87 13 88 5 91
124 2
25 16 25 14
323 6
37 10 30 11 46 26 47 14 39 23 50 33
2007 8
63 65 75 63 85 61 73 61 84 60 67 58 64 55 94 70
1132 3
19 24 22 28 27 34
609 2
85 28 88 20
1143 5
17 38 12 39 13 48 3 48 18 43
1093 6
95 11 94 32 86 5 89 26 81 25 84 15
54 2
52 98 57 91
209 1
12 59
3273 10
68 39 57 68 60 42 71 45 66 42 63 49 63 59 71 42 56 44 55 38
1563 8
95 8 80 10 85 2 86 16 84 7 87 14 90 11 94 7
803 9
39 20 49 19 55 22 39 19 46 21 45 19 53 17 44 22 43 13
1 1
11 52
160 3
71 27 75 18 77 27
16 1
81 91
504 7
12 47 15 56 22 55 17 41 18 58 13 50 21 51
1954 8
8 14 5 36 7 21 8 12 9 34 16 8 0 24 6 37
266 7
84 90 86 84 84 89 89 95 82 91 79 95 87 99
839 3
80 14 84 22 84 32
1464 5
66 92 58 97 59 88 62 98 63 89
3622 10
81 82 86 84 79 77 74 74 77 78 75 73 69 83 67 83 85 76 88 74
1285 9
82 64 74 69 88 70 80 62 73 62 83 67 82 72 79 48 87 57
730 4
15 83 8 83 12 76 13 74
710 8
72 65 65 77 75 67 67 82 65 83 74 78 64 68 72 69
494 8
46 31 54 24 51 7 56 14 45 17 35 19 49 13 56 32
1106 3
63 72 64 66 71 74
316 1
10 39
452 2
93 12 83 20
585 8
91 52 81 47 89 47 90 48 86 68 84 40 80 46 91 61
756 2
76 29 83 28
217 4
27 87 36 95 41 91 34 81
634 9
18 66 37 76 21 66 21 76 18 71 29 67 21 81 25 72 43 70
926 3
41 88 39 90 41 95
296 7
98 38 91 20 94 40 91 39 87 32 81 22 91 41
794 5
39 14 56 18 40 10 61 23 49 16
319 6
30 91 36 70 31 81 36 80 38 87 29 78
651 4
69 4 57 6 65 1 67 10
339 1
90 72
2439 9
52 89 73 85 57 89 63 90 68 78 71 81 79 83 56 96 54 94
130 1
62 46
208 8
3 24 0 33 12 14 5 48 14 18 3 40 13 18 11 21
2350 9
5 37 9 54 15 43 5 47 11 52 14 47 9 49 7 28 0 28
1821 6
27 97 26 96 17 94 17 95 23 99 18 92
1301 4
87 39 86 24 77 32 79 41
1444 6
71 32 77 26 56 14 80 20 57 21 63 31
1053 10
32 1 10 8 6 8 17 9 19 16 14 4 18 5 25 19 23 2 15 8
548 4
70 60 67 50 62 42 78 55
1921 9
34 71 28 62 37 70 33 72 27 68 18 60 41 68 31 64 37 72
308 2
48 73 45 67
1221 8
8 88 16 80 1 78 12 69 15 73 11 89 6 80 9 71
144 1
53 78
2052 6
81 72 96 79 86 81 96 82 99 85 89 79
704 5
43 19 49 33 45 28 50 18 39 23
939 5
92 30 96 26 90 28 88 24 91 31
478 3
68 66 63 63 58 68
140 7
63 11 72 21 64 12 63 2 62 4 66 5 63 10
1242 7
81 18 84 12 97 22 96 10 99 19 88 11 82 11
284 1
76 77
63 1
87 19
299 8
0 64 0 53 1 57 6 61 7 58 9 65 6 64 7 50
1277 4
12 98 6 89 14 95 8 84
750 5
14 75 23 63 19 80 9 80 16 71
81 1
44 57
263 10
39 67 47 59 43 69 38 70 41 54 26 44 35 48 39 61 36 52 47 79
1015 3
54 86 61 79 70 70
662 5
23 96 28 97 23 90 24 87 29 88
1062 9
17 8 15 13 0 0 16 11 22 13 9 9 12 6 8 10 9 6
2368 6
57 68 59 78 62 84 54 80 52 71 61 80
2184 6
32 47 31 47 35 53 30 57 22 42 28 57
217 6
10 40 7 40 11 55 10 52 7 49 16 45
259 1
63 54
1605 10
73 58 85 57 84 67 68 72 68 50 72 52 68 55 66 67 77 73 76 67
361 1
22 92
1624 8
12 52 10 36 9 47 18 46 8 42 14 45 14 41 8 37
3892 10
64 84 67 87 64 88 69 77 57 89 59 71 77 81 74 78 62 80 68 86
836 8
27 12 6 3 28 14 20 6 15 4 30 18 23 7 24 20
26 7
40 2 38 10 42 15 52 10 51 22 43 25 42 9
1117 3
93 36 89 44 90 41
17 1
57 89
908 4
47 14 53 23 56 16 49 4
1655 5
24 80 20 74 20 72 27 72 20 68
145 4
98 92 91 92 99 91 92 99
409 3
16 24 16 31 24 36
150 1
32 94
374 2
28 5 32 12
2514 9
34 71 34 61 32 57 41 54 54 69 44 62 45 72 41 57 46 61
165 1
51 91
1338 7
88 60 84 64 77 59 85 69 87 65 89 67 77 74
337 4
70 27 66 31 62 34 62 30
1253 9
6 51 30 64 20 56 6 43 11 41 25 64 20 39 11 57 15 49
1042 7
57 29 41 0 35 2 64 21 54 15 57 15 48 7
1086 5
66 60 64 58 62 54 58 63 63 57
86 6
64 1 66 8 73 8 54 7 56 0 67 4
2596 7
47 76 54 81 54 69 57 77 51 89 47 71 59 98
2168 8
40 56 37 69 38 70 34 62 31 79 35 62 31 76 22 70
158 1
69 93
922 3
61 6 55 5 60 0
3459 10
4 9 33 26 21 1 26 13 22 5 41 36 24 22 14 9 21 7 31 0
145 5
15 55 6 57 4 64 17 49 15 49
1660 7
59 55 53 52 53 47 59 53 59 51 53 49 52 47
896 8
76 15 60 31 59 39 72 18 69 22 49 48 70 16 59 40
2332 7
70 60 89 51 76 57 66 54 70 55 75 56 79 46
161 1
37 58
2384 10
61 7 49 10 65 13 50 17 52 10 85 10 59 11 65 7 58 13 75 19
2104 7
92 74 99 65 83 66 76 62 82 72 83 74 98 59
639 3
61 33 69 35 69 27
2492 9
33 34 35 25 21 22 45 27 52 32 36 35 37 27 28 25 45 32
3031 10
21 52 7 46 24 40 29 40 30 35 19 49 23 53 11 56 20 50 31 30
6 1
55 41
393 9
28 50 11 76 34 46 28 44 39 51 19 66 33 51 30 50 27 60
1364 6
9 96 12 97 18 99 6 99 3 95 8 93
149 1
78 79
802 6
52 76 54 86 63 80 54 80 42 85 46 78
566 3
89 56 95 58 97 63
1941 7
33 80 25 83 33 79 33 82 22 72 25 85 28 76
304 2
4 59 4 64
92 1
41 51
2288 7
65 88 79 88 71 96 70 93 77 90 67 94 61 86
2365 8
25 42 17 37 27 14 24 27 37 13 32 12 42 3 32 23
929 7
95 92 92 82 87 86 83 81 97 78 91 80 85 95
2557 10
25 48 7 47 27 57 23 55 18 49 5 52 12 36 18 40 13 42 11 47
485 10
94 1 87 11 94 2 93 10 83 15 97 8 88 3 92 0 91 8 97 7
268 1
50 46
3640 10
92 37 79 45 80 42 93 40 70 70 79 52 80 62 78 45 83 44 85 45
592 7
73 77 77 97 56 91 83 87 82 94 69 98 61 91
821 4
11 66 17 64 11 60 20 57
1010 6
34 82 32 82 38 96 31 88 38 88 33 95
321 4
92 74 94 84 99 77 91 85
788 7
1 74 23 75 8 74 15 70 0 73 20 68 10 73
3009 10
46 11 62 1 71 14 73 14 70 9 77 12 56 7 43 8 39 14 47 7
2365 7
17 41 35 35 8 42 3 40 30 37 21 39 7 41
856 7
13 13 28 16 22 10 37 20 20 5 47 19 30 18
1189 4
26 88 29 82 33 89 25 93
364 3
95 46 93 39 96 36
1004 3
92 60 87 71 94 62
159 3
51 34 61 29 52 32
273 6
14 25 15 32 24 25 11 25 12 22 21 19
2970 9
67 47 64 54 59 47 56 47 64 38 70 34 63 45 64 31 62 62
230 1
76 43
739 8
62 32 53 27 58 29 49 33 54 36 46 33 45 30 55 25
549 3
30 73 22 81 27 75
514 3
31 77 36 91 29 83
131 2
49 64 50 59
2129 9
43 10 51 16 46 18 41 11 47 8 43 12 34 14 48 13 43 6
29 2
7 76 5 81
3438 10
65 88 65 90 63 90 68 89 71 95 62 95 71 93 69 98 77 96 63 97
1164 8
43 7 47 3 20 1 46 12 27 4 47 9 19 10 37 2
165 1
0 80
1315 10
8 87 3 75 4 80 5 84 13 71 14 85 11 85 6 81 5 87 3 78
651 2
54 11 46 10
573 2
42 43 34 33
30 4
80 30 70 23 77 29 78 29
2070 10
14 49 22 56 31 71 23 63 14 51 19 58 17 32 16 61 15 42 6 46
1191 5
31 11 25 17 30 21 27 18 20 20
3020 8
98 61 96 47 93 64 95 49 95 55 98 44 89 53 99 49
1060 4
24 6 25 6 29 2 26 3
257 1
91 90
1933 5
7 96 11 98 11 86 16 96 10 93
821 3
62 20 66 11 52 18
1737 10
32 22 42 5 41 14 23 31 41 8 32 24 48 2 47 6 43 1 34 14
856 4
97 40 95 22 89 32 99 37
380 6
64 22 42 45 62 31 52 37 57 40 54 32
1366 5
75 74 73 72 65 78 65 72 66 76
443 8
14 95 9 97 17 92 12 88 3 85 3 83 4 88 11 89
1713 7
14 77 32 75 8 72 14 79 21 75 32 73 22 74
318 3
9 27 11 27 1 31
661 4
88 89 78 87 82 92 72 95
1467 6
79 67 94 72 80 64 89 66 87 70 97 64
3381 9
89 74 68 71 94 84 86 81 79 71 73 68 87 90 89 84 84 80
815 10
10 69 32 64 23 71 28 72 1 73 19 67 3 81 14 72 4 75 1 63
236 3
7 55 11 57 17 65
1078 6
48 62 40 53 39 57 49 53 46 58 49 55
2086 7
81 42 72 65 80 61 86 51 75 65 74 59 82 52
1141 8
45 34 54 24 59 16 56 14 51 25 50 18 49 26 43 19
238 1
34 87
2394 6
74 95 76 79 82 89 82 70 66 88 81 79
2025 8
82 23 75 30 70 28 75 20 81 22 74 32 76 28 91 29
287 4
87 78 93 79 84 81 80 71
840 4
38 75 33 67 42 57 37 64
546 3
28 53 37 49 29 58
673 10
9 13 5 10 8 0 0 7 1 8 15 7 21 11 3 16 1 11 13 11
27 4
57 72 42 77 51 67 53 75
1740 10
86 34 98 41 85 41 97 40 94 48 91 37 99 48 90 48 90 44 81 36
549 3
10 35 1 41 19 45
325 3
21 6 14 2 11 4
2902 8
20 43 39 57 31 44 42 47 37 56 24 45 39 54 47 49
668 3
67 72 68 71 62 75
999 10
64 97 63 93 57 94 64 79 54 90 56 89 54 82 57 84 70 90 66 91
1906 7
19 18 29 28 63 8 56 24 38 22 61 14 47 15
3264 10
50 12 61 3 32 14 30 2 42 19 53 11 22 11 71 11 24 1 31 0
3121 10
57 4 75 8 51 7 49 10 61 0 55 2 51 5 71 8 67 6 67 4
17 1
33 69
2025 7
4 51 8 43 17 43 17 33 27 43 11 53 36 34
2464 7
18 32 2 29 4 15 4 17 11 35 23 23 2 22
1071 8
38 6 36 17 39 7 36 16 28 21 47 7 32 9 38 14
1013 8
50 13 52 2 60 15 54 7 53 12 47 5 55 7 62 6
1076 4
90 96 84 92 82 99 83 99
2773 8
42 5 54 5 48 1 39 10 42 1 50 8 47 14 49 4
892 10
63 75 50 96 58 91 70 72 56 90 64 75 67 70 68 84 72 79 72 68
2112 8
87 51 89 29 77 13 96 19 87 22 83 46 92 38 78 61
651 6
62 47 70 42 72 31 64 48 71 40 77 32
588 5
81 97 98 98 88 97 91 95 88 96
1196 4
86 27 87 27 90 28 80 34
880 6
44 66 43 71 40 65 43 67 42 61 39 61
2586 7
46 63 44 63 25 59 54 71 38 55 31 67 31 65
214 1
16 0
1331 7
25 29 17 9 23 17 15 19 20 15 31 21 16 13
2213 7
27 78 21 59 9 47 16 67 24 69 8 62 14 52
1224 9
82 96 95 91 80 86 73 80 68 87 89 97 94 94 96 99 95 96
1169 5
12 14 6 6 15 3 24 3 10 9
1040 5
73 13 78 28 72 13 82 15 75 19
579 9
35 15 42 16 41 8 45 25 53 23 36 22 47 14 39 23 48 7
249 3
69 86 64 73 68 77
809 3
40 44 47 48 48 53
3050 9
26 88 33 88 29 83 26 90 36 82 38 95 28 79 42 92 33 84
290 1
41 28
939 5
7 35 24 28 24 36 15 29 3 41
180 2
66 71 71 73
2384 7
58 88 51 82 55 87 65 82 42 84 48 84 57 79
336 1
45 27
1378 9
34 19 37 1 15 31 35 11 40 18 40 6 7 22 33 11 24 21
916 6
30 53 22 54 37 39 33 49 27 45 24 43
851 4
67 40 69 49 66 37 66 57
1917 8
63 92 57 95 50 88 57 88 52 97 63 87 62 82 59 93
189 5
67 34 62 33 57 37 49 30 63 35
1347 8
83 70 84 53 92 74 87 66 87 73 85 62 86 75 91 54
3085 9
21 47 38 39 49 28 16 35 53 29 9 36 46 34 28 38 12 40
670 4
75 10 71 14 62 10 82 14
543 6
14 50 13 47 21 41 16 47 11 56 16 56
283 5
42 48 32 50 42 47 41 48 39 49
14 5
50 89 54 79 44 69 55 99 48 91
2240 7
22 2 32 0 27 14 19 24 23 14 33 8 17 23
1934 7
97 67 89 57 81 63 81 66 90 69 77 71 90 76
133 1
63 43
380 2
9 85 3 87
341 1
23 64
2144 6
69 30 77 24 61 30 81 20 44 37 53 39
1046 8
63 29 58 33 50 24 50 37 58 28 40 30 65 38 62 25
61 8
94 32 98 21 96 17 93 24 86 11 89 21 94 25 92 25
889 5
71 35 62 32 65 23 56 33 60 38
716 2
28 28 36 22
1550 7
38 19 30 12 44 14 34 11 44 19 39 17 32 2
767 9
52 25 45 25 45 27 40 30 46 26 51 22 43 12 47 26 42 34
3809 10
72 89 71 96 70 93 77 95 71 93 78 88 67 94 71 89 68 88 75 89
2403 8
18 86 47 56 27 76 30 72 45 50 33 64 37 66 20 78
122 1
73 56
2286 7
89 21 86 49 85 23 88 26 87 26 77 41 83 33
2144 9
39 32 30 32 35 35 26 32 35 33 29 22 31 22 39 31 45 31
468 6
23 30 27 33 26 26 26 37 23 33 26 38
1570 9
71 20 74 39 79 35 76 44 66 22 73 31 80 25 80 24 77 21
136 5
49 50 54 57 39 59 48 61 54 41
4000 10
68 61 47 59 72 49 78 51 56 65 68 58 81 44 62 51 39 54 66 58
419 3
58 38 64 47 49 31
1194 9
12 84 27 82 28 92 24 91 20 84 28 99 16 85 38 91 20 82
137 7
55 83 57 80 64 85 59 80 62 81 59 73 58 89
634 8
35 56 14 49 27 46 17 39 26 55 9 50 34 46 33 52
1044 5
80 17 79 27 80 23 68 13 75 19
2212 7
56 62 55 51 56 61 60 61 50 56 52 62 60 66
1428 4
77 14 85 17 77 12 85 4
1552 8
75 48 74 40 72 65 84 53 76 57 65 49 68 59 75 56
702 2
98 29 94 31
1403 8
92 5 87 19 99 20 99 11 83 10 88 1 92 7 90 25
333 4
69 53 80 51 74 43 75 43
112 1
94 29
268 1
85 14
1935 10
91 87 71 85 86 87 85 91 88 92 76 90 94 95 93 88 81 87 76 86
162 1
83 37
237 7
63 6 62 1 65 12 79 25 65 4 67 7 75 19
490 3
66 69 61 69 71 71
651 2
15 68 5 65
364 2
43 2 33 1
1855 8
22 89 18 79 18 88 26 87 17 98 24 89 25 79 11 89
1214 4
20 75 27 70 28 71 36 67
6 8
41 77 53 68 45 60 59 68 60 77 51 87 51 52 47 79
3108 8
45 12 39 12 57 5 41 3 32 13 52 11 39 18 62 5
709 4
39 28 48 38 52 36 36 32
432 5
3 88 4 93 0 90 8 96 12 92
280 1
40 36
287 1
83 10
731 2
1 5 7 2
521 2
75 48 83 49
1284 4
99 19 85 21 94 24 98 20
503 4
12 21 2 12 28 27 19 21
1054 3
64 38 57 30 54 44
530 5
35 56 22 67 24 72 35 52 33 64
161 2
17 18 10 17
194 1
5 61
3013 8
64 47 82 56 42 44 74 52 51 35 59 37 89 66 92 76
566 5
30 14 34 10 44 4 34 4 35 5
261 3
32 67 42 60 41 55
798 2
72 75 82 68
660 5
61 70 61 71 70 72 48 65 56 66
506 7
55 97 46 80 48 96 49 87 49 90 41 76 43 77
1279 4
91 48 81 61 80 51 89 43
702 3
41 26 50 28 58 34
89 6
80 39 60 34 73 43 71 43 69 34 82 33
1266 7
88 51 91 52 97 44 85 54 95 58 95 52 93 46
257 1
54 39
45 3
17 80 7 82 15 86
238 3
76 44 76 41 70 45
235 4
97 21 99 18 93 15 97 24
204 9
11 68 6 70 9 72 13 68 13 81 10 59 18 72 4 63 9 71
589 2
52 5 44 0
2307 10
93 83 89 89 99 94 87 84 83 79 88 77 81 86 94 83 97 96 93 91
1187 6
49 43 50 27 43 24 36 33 51 43 42 41
1126 7
74 31 67 34 75 30 80 29 79 31 81 23 83 32
298 7
15 88 24 92 18 83 13 83 19 77 28 77 19 74
250 10
52 13 56 8 53 0 63 5 55 3 62 10 56 2 49 12 57 3 46 8
2212 6
72 46 68 50 73 53 68 49 63 45 64 48
3216 9
82 55 71 50 69 51 65 50 63 59 74 56 59 68 74 59 79 58
230 2
7 32 14 37
835 3
27 71 28 68 37 74
417 2
81 49 89 49
358 1
54 51
1939 10
15 44 11 42 11 11 4 37 8 11 3 20 1 29 4 1 1 33 1 31
1898 6
82 22 67 22 77 24 86 15 64 39 67 30
701 3
18 7 28 12 21 11
256 1
12 31
8 2
5 65 6 74
1397 4
44 5 62 1 56 5 51 11
395 2
8 33 7 42
51 2
38 26 41 17
1172 4
34 24 30 25 43 22 25 16
1982 7
75 67 72 70 76 63 71 69 75 79 71 60 77 73
3124 8
14 74 24 81 31 83 28 73 14 77 5 78 24 78 24 65
79 5
53 92 50 82 55 91 68 84 59 92
870 4
71 28 75 25 80 32 68 24
816 9
90 33 84 24 83 29 87 29 84 43 90 31 80 27 82 19 86 29
380 9
79 12 89 25 91 7 83 2 85 31 89 1 85 16 89 21 79 16
824 3
93 44 92 49 91 59
1763 9
91 0 90 24 99 3 96 26 99 1 86 18 94 13 92 6 95 10
894 5
27 27 31 18 20 24 15 3 25 12
1651 7
99 66 97 67 94 61 92 65 92 64 83 65 79 58
202 1
68 28
707 9
53 90 60 74 56 84 58 99 64 82 53 99 62 94 62 89 61 91
287 9
35 88 28 87 31 81 41 75 40 71 35 80 26 80 26 77 35 78
513 5
55 74 43 61 61 75 45 71 52 69
1722 5
44 1 36 6 44 7 53 2 45 5
1829 10
15 56 1 58 8 63 5 57 10 59 6 54 12 55 16 56 9 57 11 51
496 2
29 41 24 44
1970 6
73 91 63 93 73 84 75 72 71 76 80 76
1099 10
22 66 33 54 26 61 18 69 55 72 62 72 67 63 41 62 51 67 24 63
1303 10
85 22 72 10 83 14 81 20 84 30 80 28 88 26 78 15 98 36 84 16
943 8
76 77 73 72 81 65 69 77 77 70 61 76 83 74 81 59
769 3
20 49 10 49 0 47
647 2
9 8 13 11
434 2
67 86 59 77
388 1
13 96
99 4
91 16 98 21 99 20 98 13
660 10
88 62 80 69 79 64 83 69 84 60 79 61 81 54 94 51 89 53 88 53
2814 9
76 2 73 14 79 23 73 21 77 27 74 15 82 6 81 3 82 18
600 2
92 52 87 58
118 3
98 73 88 79 92 80
2244 6
16 48 16 63 13 57 7 63 9 56 25 54
186 8
33 39 30 30 31 44 32 36 35 48 39 43 28 39 36 34
968 3
19 79 9 86 2 76
2147 6
92 94 94 99 86 91 83 89 75 85 87 91
376 4
42 40 35 34 45 34 44 32
964 7
41 85 34 85 47 63 37 78 33 73 42 64 35 68
243 5
94 52 96 56 91 62 87 57 94 70
142 1
53 32
2684 8
7 65 5 81 8 54 5 82 4 45 1 71 10 64 1 43
851 9
37 41 47 45 41 46 66 51 70 60 32 39 33 47 49 54 56 53
261 2
29 28 26 26
456 2
37 46 47 49
849 4
63 92 65 93 54 88 74 90
3300 9
72 55 61 62 67 72 63 59 61 76 61 66 65 71 68 63 61 69
307 2
20 59 26 49
834 5
86 23 88 26 81 20 85 30 78 20
131 5
26 33 32 24 27 34 23 33 34 37
1759 5
19 40 27 26 22 50 21 31 17 36
459 5
14 13 24 4 21 9 16 0 14 9
1361 5
55 5 48 10 47 1 51 13 57 9
1161 10
59 96 69 95 65 86 62 96 72 87 65 89 69 80 63 80 68 87 74 90
1530 5
45 76 53 79 47 87 36 80 43 85
964 4
26 96 24 91 31 88 41 92
2672 8
58 56 71 85 67 77 73 73 67 75 66 55 60 66 64 63
1564 6
92 69 80 68 84 66 83 59 78 64 86 70
484 8
13 44 15 52 12 51 21 42 9 49 5 54 3 46 14 54
767 8
51 6 36 18 35 11 49 1 39 10 50 8 33 1 32 23
1646 8
56 83 45 98 60 92 51 91 54 83 50 73 50 85 55 77
1203 4
48 68 44 63 48 66 55 65
737 7
80 75 80 74 87 74 84 66 89 71 81 77 79 79
199 4
20 61 18 69 24 69 27 61
351 2
79 2 85 3
239 3
48 65 43 65 35 62
529 4
34 95 37 92 42 94 44 89
3282 10
56 40 37 42 35 52 31 47 32 50 42 44 52 39 62 42 36 54 58 36
758 6
65 85 69 66 64 75 69 59 64 99 60 89
3754 10
11 71 6 40 18 57 3 42 4 36 12 50 19 66 10 52 12 48 14 35
885 5
58 59 58 64 60 66 65 60 62 57
998 8
41 78 24 82 40 85 28 86 32 76 42 79 18 92 14 86
2630 7
70 63 79 65 75 55 71 69 74 64 79 69 74 60
495 3
35 24 35 31 31 40
387 3
15 70 19 62 28 72
1708 7
33 11 37 10 40 12 41 2 36 4 30 10 26 6
679 2
32 41 22 32
1130 10
41 90 25 93 34 95 35 87 26 92 36 90 24 99 28 91 28 90 34 91
2198 6
61 18 64 15 70 11 72 19 64 10 65 1
636 6
85 53 78 62 86 59 85 67 77 60 92 58
781 10
96 97 90 87 87 86 96 77 90 94 91 68 99 93 92 77 91 92 87 71
651 8
38 19 42 8 40 12 43 5 48 22 33 8 36 22 38 14
783 2
65 72 73 71
639 2
50 3 48 12
1432 5
83 31 80 24 75 28 78 26 71 29
2105 9
45 57 35 42 46 82 34 42 27 37 40 49 50 72 25 40 54 62
1101 4
11 50 1 43 3 53 11 45
2084 7
37 30 39 49 36 39 38 32 45 40 48 47 39 54
975 10
54 35 53 15 48 10 47 20 56 27 49 33 51 2 53 11 54 10 45 10
1628 5
85 46 84 33 82 41 88 42 76 40
2583 7
60 62 58 57 58 54 52 61 57 53 51 55 55 50
3491 10
30 91 44 98 54 98 23 95 39 91 29 97 24 99 36 99 32 99 31 97
1761 10
74 72 82 67 87 80 69 75 76 77 78 82 84 75 79 78 91 73 77 85
615 10
10 31 11 42 10 17 1 16 13 16 20 28 8 17 17 45 18 21 2 36
135 1
40 90
1126 8
95 92 89 80 89 81 96 83 91 89 97 82 93 87 96 73
1001 7
44 1 42 4 52 3 40 1 50 5 43 2 49 0
373 1
44 61
550 2
5 23 15 26
2113 6
31 92 18 89 28 87 30 73 33 78 23 88
2350 7
8 99 13 98 12 91 13 99 0 89 11 98 10 98
3202 10
67 25 62 26 67 22 72 23 68 15 64 24 67 20 67 21 70 20 69 20
2420 9
30 78 30 67 40 84 26 72 35 82 38 66 37 86 42 73 50 74
373 4
1 53 10 48 9 52 4 54
570 6
9 33 19 29 25 44 6 35 19 47 11 38
821 8
1 88 3 87 13 90 12 83 2 74 6 88 2 98 7 75
3171 9
47 27 34 31 32 12 36 13 38 20 34 23 40 29 28 14 39 9
118 1
51 64
227 3
18 32 24 29 24 30
2430 9
38 36 37 17 39 38 33 27 45 40 46 55 49 49 39 34 47 49
1455 8
70 8 67 3 65 18 80 27 87 21 74 23 74 28 74 9
624 10
38 19 37 10 22 13 45 10 32 19 29 10 22 5 44 11 35 17 13 10
3891 10
38 6 38 11 39 12 40 12 34 20 47 11 41 11 34 22 29 14 41 12
3593 9
13 45 10 42 10 44 13 48 15 43 5 52 22 40 20 38 10 35
726 2
28 87 34 90
369 3
51 1 48 6 50 0
631 2
7 28 5 35
1367 4
17 32 18 22 8 29 10 41
1060 4
59 55 53 61 61 57 64 52
502 4
75 93 74 94 81 92 73 95
180 6
55 45 33 49 41 42 47 46 58 38 53 45
1494 4
10 0 0 3 0 13 5 10
493 2
43 34 42 42
329 1
19 11
2451 7
11 31 21 28 11 34 11 35 1 36 1 28 23 25
708 9
10 40 14 16 7 12 2 33 6 23 9 17 20 15 16 18 10 41
342 1
21 4
246 2
35 90 37 82
236 2
11 96 13 97
336 6
33 24 26 21 25 30 32 19 26 30 28 27
389 1
0 90
1374 6
91 55 94 44 89 62 89 52 81 58 94 39
1446 6
86 50 73 36 92 58 79 37 74 35 81 47
295 2
90 14 91 11
239 1
6 42
1184 4
15 79 8 74 12 73 11 83
65 1
53 22
2332 6
29 60 20 44 17 41 30 52 35 65 20 61
358 7
13 54 13 55 21 47 21 56 21 41 26 43 22 53
262 2
26 61 20 55
108 1
76 21
325 3
59 47 52 39 55 42
498 3
99 88 93 82 91 86
2523 8
69 41 68 37 61 33 64 43 77 29 72 50 69 29 71 34
1583 9
51 50 47 35 41 60 55 35 38 57 42 46 37 53 50 43 33 52
1249 7
59 84 55 74 60 61 64 50 58 73 55 52 66 69
6 2
81 0 90 3
319 9
91 32 72 24 82 24 70 21 86 41 83 25 92 32 79 19 91 35
180 5
75 30 79 36 76 41 87 39 83 30
3271 10
30 50 20 62 14 56 28 54 21 62 34 44 28 39 5 55 22 63 29 59
1699 5
53 46 59 23 48 38 57 30 59 28
1067 5
76 8 73 11 65 1 69 8 63 1
