100
6 4 5 1
7 7 8 8
2 2 2 2
3 7 5 5
1 4 3 4
4011 7739 5516 4091
2631 3400 3106 2821
6097 7083 6183 6143
89 4416 756 548
1358 9662 7661 6209
1 10000 2502 5000
3667 3745 3698 3670
4126 6534 5401 4942
2837 5956 4988 5616
1 9999 3 2
4027 6428 6076 5999
7022 7106 7065 7055
687 6961 5679 4627
498 808 756 757
1623 4253 2134 2097
5912 7905 7270 6809
1000 9000 9001 8999
1 10000 7500 5000
1 10000 2501 5000
1 10000 5000 5000
680 2192 1619 1664
4008 8793 4064 4026
1 9999 5000 9998
1000 9000 999 1001
667 1745 1148 896
351 497 428 470
1835 7636 4582 2838
1720 9689 6204 8411
1 9999 9998 9999
2083 5219 2741 2589
412 8729 2059 2481
1 10000 2 2
1 10000 9999 9998
9000 10000 9749 9500
1 10000 9998 9999
1 10000 7499 5000
1630 4742 3043 2234
8900 9966 9767 9806
5005 5554 5454 5093
1818 6461 6454 6459
4370 6092 5705 5243
9999 10000 9999 10000
1623 3093 2194 2195
1317 2051 1603 1335
1 9999 4 3
926 8885 7562 7631
4412 7133 6207 5709
10000 1 5000 5000
4255 7488 5334 4295
3355 9579 5088 5982
3841 4128 4013 4123
5 351 180 195
633 669 647 652
598 3525 2402 1682
2377 3527 2888 3215
3544 6960 6487 6093
9996 10000 9997 9996
1 10000 9998 9998
1292 5791 3062 3354
221 1141 704 884
1 9999 5000 5000
366 802 386 773
1063 1161 1140 1153
1000 9000 1001 999
9000 10000 9251 9500
1000 9000 8999 9001
1791 6701 4340 2590
7777 7777 7777 7777
7248 8139 7829 7473
4380 7736 5026 7203
3177 9471 5124 8011
1 10000 9999 9999
2703 3065 2955 3042
9000 10000 9250 9500
6035 6264 6083 6254
328 8387 4349 8290
3813 9851 5569 7091
1 9999 2 1
9000 10000 9750 9500
1 9999 5000 5001
1457 5798 2088 2363
3174 7320 6491 5383
10000 10000 10000 10000
16 9659 4100 4361
2535 5136 4051 2917
3899 9981 5549 5549
1 10000 2500 5000
805 6486 837 3052
1 10000 5000 4999
4829 6364 5918 5862
1357 1610 1496 1425
488 4991 1440 834
6500 8636 8197 8429
445 4011 2725 3667
9085 9637 9381 9499
