95
14 7 14
12 5 2
45 8 11
40 5 15
26 7 7
45 8 27
7 4 7
34 5 1
862 17 129
25 7 7
35 8 10
39 7 16
31 7 11
35 11 25
24 7 26
12 6 4
33 5 15
24 7 7
38 5 15
43 7 27
1000 100 5050
20 6 4
14 5 10
13 7 12
13 6 7
7 5 6
19 8 18
14 5 3
512 25 146
16 6 3
42 8 32
43 7 21
21 8 12
39 8 32
36 5 15
24 8 20
41 8 7
33 6 15
35 9 12
45 7 27
24 6 3
36 10 31
21 7 17
26 6 11
33 6 11
29 9 20
34 9 23
34 6 11
21 6 15
43 8 27
816 21 116
8 4 1
19 6 17
45 10 31
34 9 17
42 7 3
14 6 12
39 5 1
26 6 15
23 6 15
733 5 15
33 6 2
5 4 8
40 8 11
21 7 4
16 6 15
41 6 16
34 8 5
36 5 11
24 6 15
39 7 4
16 7 14
34 5 1
19 7 17
23 6 3
19 8 12
39 7 23
28 7 11
7 5 13
24 7 4
28 8 5
26 7 26
34 6 11
19 8 13
29 10 18
36 9 31
25 9 13
38 8 27
35 7 6
7 5 5
19 8 18
31 9 20
293 3 6
34 6 3
43 8 16
