100
1 1 0
3 3 0
20014 10009 0
120110 90075 0
120111 90077 0
120123 90101 0
12368644 24707278 0
23469128 46934184 0
34450477 68900956 0
50126734 62654635 0
63991047 67224812 0
64016824 32008411 0
66192671 77227515 0
87290124 95856473 0
88826492 83546101 0
88871082 44448920 0
88871083 44448919 0
99999999 50000000 0
99999999 99999997 0
99999999 99999998 0
100000000 100000000 0
100000000 100000000 0
100000000 100000000 0
100000000 100000000 0
4 4 1
2 1
4 4 1
3 2
23283743 34835376 1
10325302 19752190
46375718 33460074 1
28014413 24114336
66509256 96294500 1
44224432 57715597
87801968 81194862 1
59420754 47692925
99999999 50000000 1
224462 112233
99999999 50000000 1
224465 112233
99999999 99999997 1
1427 245689
100000000 100000000 1
56809081 58483774
100000000 100000000 1
37037714 48179421
7 10 2
1 2
7 1
11627560 8592427 2
5592691 3377767
4647252 2577572
52319109 88498028 2
37526949 59565611
9368009 11357124
61624883 62549724 2
41778388 51183973
36226198 27736903
93405316 87609136 2
44212317 61274351
61200543 65836724
100000000 100000000 2
89284864 79871143
34850500 45392011
100000000 100000000 2
39335007 65682371
28280735 23469996
21438614 31271481 3
7662044 5078406
14877652 25686439
7867471 7469455
30478866 48732884 3
16126265 23614047
13053917 21411033
19343389 34958848
34476116 63806433 3
23895597 46919621
15013885 26849827
7421332 12381901
56710468 63765856 3
39336401 29182446
15625474 27728521
24346898 28060440
83546101 88826492 3
1687 1722
2533 2923
4112222 4334
100000000 100000000 3
67788297 56115986
22350179 16722549
34875644 65772957
100000000 100000000 3
78304156 76294948
10926485 8469348
21699867 25989449
58019500 82902028 4
34278985 64089865
20046580 19227124
24321738 36994661
32618978 59727588
74303637 98114183 4
16601577 18883127
45225656 56787216
9271136 4973262
33146748 21415019
76306356 92622479 4
52056359 58884807
33110338 65328241
32228047 46813054
38023007 34486326
81434788 81557647 4
33545144 32861034
55628669 56655768
67506430 67371094
26719824 21838286
100000000 100000000 4
41627495 30816654
84161313 68659646
95469589 95961112
68727424 72968722
100000000 100000000 4
56992867 55393942
18626784 14663654
89343405 82228427
32474002 45731776
47242267 70624588 5
23126527 39057943
32358274 58286743
6251488 4603114
29716181 42325173
42274371 64803359
50347532 40310166 5
45568497 37743866
10826393 12361176
7663907 8380062
45781808 37959738
18450838 18943195
96292880 99809916 5
5282103 6885269
66840022 67372189
79249467 73068860
79545881 69392685
51579553 29990548
100000000 100000000 5
21781988 28024809
65762913 38541323
37313986 24616903
63896459 66789387
69000783 63426527
100000000 100000000 5
9314456 15640278
62784840 31806632
54812538 70107956
61108252 34193752
18318164 31630794
100000000 100000000 5
66818484 33636968
55798272 34079582
39817893 49596710
56541333 33926165
71171912 67087197
31292892 52453379 6
15412811 28870614
3130422 2888180
17424097 28709569
20714080 36944236
9832240 17631541
29278386 49693241
54477597 29120264 6
33855396 18155489
19941159 11048798
45365371 24118495
10450840 6326623
30520208 17033886
10672611 6453194
62201625 33277196 6
19981549 11837824
28982831 15694671
35887801 18302317
55042237 28742194
16623687 8981981
26643563 14065587
100000000 100000000 6
23597777 45617625
34208199 41848649
48220053 32668097
11661792 10496744
13936800 10195094
32855380 55398247
100000000 100000000 6
39127781 21602859
21897674 42325575
78817267 83552788
33873727 25904041
74175563 84669255
74601019 58082320
100000000 100000000 6
38032992 62622530
61840095 39616244
73715099 69305004
25862322 23585348
69310169 42898302
82285504 88059190
16 16 7
9 8
11 9
14 15
13 10
12 11
3 5
5 6
29000001 28000001 7
6 8
10 7
12 11
4 7
9 5
11 9
8 9
37717694 62865894 7
12011167 16382494
15511972 18917719
3948048 3379466
15485571 27836999
23269584 36947255
22374139 36016480
28484930 50169399
65983506 82923479 7
14465640 26925617
59222774 69502122
35910805 52609924
42698487 50251187
36336237 42058424
40501778 54066327
34010315 49562514
68239247 40765704 7
37284250 20862382
14777252 10947219
6272690 4225674
42675116 25860747
7156762 9705700
43560898 25056445
18275653 14717887
100000000 100000000 7
31368547 28345279
31367205 46544030
72091477 75986272
47300155 25175539
88126099 92866252
34224542 39349848
61581327 38024273
100000000 100000000 7
91096270 95548135
42164338 51054280
49460922 38700740
51432170 74551635
58523999 62159505
11767930 6381112
25215164 21308289
100000000 100000000 7
99999991 99999991
99999992 99999993
99999993 99999995
99999994 99999997
99999992 99999990
99999994 99999991
99999996 99999992
100000000 100000000 7
32544080 53770353
31354140 18820496
63192909 35698472
15876740 12138282
45111023 69629787
44465708 28775457
45370254 68243861
67223525 67736817 8
25098412 40926667
33191768 27042702
31914448 44304040
22368553 26561974
56858680 59822854
15677099 23415798
4644977 4441728
17766731 34725051
76530966 75270371 8
13889280 17599196
36608989 38434066
37397738 29418237
52874166 54556844
49753994 45229569
57202834 38934724
35767839 18305231
4964104 4274086
79656544 83622667 8
1595073 927614
36839561 31407387
26247312 17043539
45702826 58430263
38210574 39902105
30478062 31241576
10533921 15953237
63375700 69171112
100000000 100000000 8
73488929 62578887
36137084 32045514
31571072 45428415
63241767 64606109
62420578 55910914
62431816 63029221
76835043 57273227
45832550 32634852
100000000 100000000 8
78382316 63421116
21921676 32003695
26329811 51911100
51784796 37320984
39998041 26124190
34522535 20105724
33820165 33022954
11031951 18830210
100000000 100000000 8
79770778 85431748
29919402 58482689
54125759 49576056
22527713 15771936
40124204 43479762
38289042 43416155
48177447 69912281
91129606 90862546
22233740 36832593 9
10338464 19181223
3608520 3106043
12558823 23250079
14027253 22212056
8078373 12396137
12237966 17392919
12760445 19335906
15921466 30058987
13060197 19870391
39936411 22016423 9
19406906 10678836
7250884 5547427
9912545 5680023
6414838 3338089
18998560 10319353
6895440 4062023
19122927 11094053
34833515 17554350
17808270 10207736
50717838 77546324 9
38905057 55824910
31901121 51184541
10065924 12030791
16824157 22918555
26888511 48860069
14484194 19047135
26829451 49865770
8994282 5905919
33592598 50352474
100000000 100000000 9
6 11
8 12
10 13
12 14
11 12
10 10
9 8
8 6
7 4
100000000 100000000 9
87917408 82339746
52343481 72720074
55408220 74644797
50818695 52772882
23906532 25447100
9279338 15987132
35863862 32171031
44520881 42042429
39622955 63951558
100000000 100000000 9
53265114 65972861
56884228 50893489
72128727 85197662
2951842 4999054
67457848 52471609
56481097 32800780
55514997 63176357
43319550 45362051
13591950 26317067
100000000 100000000 9
40530594 51375173
26823110 47803800
75017030 84889455
54463427 56393895
54493646 64136709
26708060 40937733
46390985 47273535
60178188 75298652
54966991 28587046
55462100 74639697 10
32685981 51385139
30666557 48563697
25451013 41943329
15412497 11462369
17753500 14264965
21687683 38418963
21258377 17967705
5854044 5684189
26864863 43637140
34958303 57509073
62941277 60389604 10
22735997 30189084
19730747 14118723
41669818 35765722
20389618 23403088
21526063 39388984
28960580 35868948
32115080 31664124
51078608 48056253
34056712 30000595
45859241 47798595
72715963 56777791 10
40363696 31809388
29268809 22163793
38014326 39128033
25223766 14864405
39829662 32924660
49708615 37223947
61342393 41649946
30609177 20229134
71405736 55772474
39900097 26586238
99999997 99999997 10
10 19
11 18
12 17
13 16
14 15
15 14
16 13
17 12
18 11
19 10
99999997 99999997 10
100003 1003
99999981 99999989
99999982 99999988
99999983 99999987
99999984 99999986
99999985 99999985
99999986 99999984
99999987 99999983
99999988 99999982
99999989 99999981
100000000 100000000 10
37187537 25014831
38105427 59885255
55104940 76328179
39366985 35747728
53339910 70320263
88676140 77393746
26098073 32231151
40637734 26380636
39212049 47267516
41862183 32159921
100000000 100000000 10
69999995 30000000
73333332 26666669
76666665 23333339
79999994 20000001
83333329 16666672
86666662 13333336
89999993 10000002
93333332 6666675
96666660 3333338
99999994 7
100000000 100000000 10
10000004 10000002
20000001 20000003
30000001 30000001
40000001 39999999
49999998 50000000
59999997 59999999
69999998 69999996
79999998 79999997
89999992 89999992
99999993 99999995
100000000 100000000 10
89 18
3366 397379
67678821 32217590
87905811 99232247
65900083 96825037
41364831 70682417
12683226 12159255
85153997 85105151
51611305 50186414
38947634 38365447
100000000 100000000 10
50621561 73331313
24565577 22322121
44690104 22747837
12036898 22651321
83200309 81762721
36521857 49280113
45434660 37049313
63431299 64217731
57610532 70710246
47367033 27788903
100000000 100000000 10
60304000 70140172
27108274 29407864
76130170 76368055
73011682 50160331
54487048 45153394
13705173 22485962
24690735 29780033
85489959 83823380
21432565 23044723
43494594 23447582
