100
6
1000000000000000000
1886946507334
82450023503539
641406572202861
923417880949942877
959152188220564782
190334261410902620
190334138381914082
190334400145809480
190334392292889918
227488110535236768
227488013235980820
167225180247380009
226683451648476724
346831754570332916
421159400127202376
514487321870176603
610136501760297799
785836727111256967
887879420415037362
904665368786829646
4203591
860930907
493641148
899340121
899340120
899340122
988032194
985771610
990801528
990549712
678
961
905680561667852293
583024189088553215
676938787973617904
433763733644933374
435803991654955600
541886831866976949
628580340211309612
374466112023220978
899569627816509718
721100720159609833
778387964057914808
912301867695303537
818643636102682305
79724073997002841
167645850069354048
350983742035724206
253564210841250409
54929288931420287
198141627637026526
176898011520557209
597297321895316641
476346915385567797
41881754704004329
395766801192600049
500573876810176853
883425317154312244
855225698197265763
285738660646640646
451073499621442850
352618205503788291
747199380394743533
508138007115619957
659008808411280591
937525357461262697
978126599726014242
63379229618373043
282362862639923184
404311464027688466
784897139688747265
363794580039207262
115354625866993131
729706579646993032
562080987061006504
569193759850577415
95370019074014657
107126410678130862
903636867498973271
103100807765990990
894328887637811771
682677706567224364
743938747629907596
273170414911612342
993148229072786848
517000017990199437
187210768301888156
100786496752769561
460467183289846134
594519143417955587
589381208254188894
948605501241788081
450867663502239273
149487764573698563
381425782666367673
459867826886344703
912954795657422280
975755920563244833
