99
2525 1
2400 5
300 2
120 60
60 90
555399666 1
500499543 8181
625315590 1
59698563 5667
403414529 1
15967359 9637
650830521 1
487308760 5683
798753861 1
697213231 472
390542157 1
105995925 2713
114029926 1
21988203 5253
192640657 1
162044449 9138
590374569 1
311823587 3433
352610554 1
237595435 4444
143650251 1
127980011 33
381507354 1
74163709 1804
211413229 1
16283671 808
110755428 1
70811680 9034
200000 2
5001 1
5000 6
992181165 1
554050484 2320
518185193 1
209227098 215
1000000000 2
999999998 2
999999997 3
1000000000 2
12345675 3
12345676 2
162778877 1
100219107 9351
1000000000 2
1 3
2 2
447898318 1
284924462 5287
1000000000 2
998000000 1
999000000 1
300796347 1
259645034 5791
50720326 1
30197032 2192
872554316 1
37308073 6845
945831721 1
380244812 5406
400785446 1
104393855 7107
976514012 1
22301018 6177
861341061 1
141866821 7539
738398416 1
575724807 3483
968863482 1
171962051 5627
637799807 1
575514205 1267
609100232 1
436910080 7750
478079330 1
244118332 2036
1000000000 1
999999999 1
773811388 1
478006983 2469
397664379 1
129059588 9188
458393816 1
324665140 8608
595525476 1
283567802 6895
116003907 1
106185912 7841
32204141 1
24056298 205
908765074 1
147470941 7427
506609590 1
277626098 1251
834669765 1
182929141 9478
509118254 1
438564590 7461
208680980 1
86126970 9304
338842353 1
240765930 9882
94339849 1
13205620 6415
124093282 1
700518 3956
632955848 1
86121644 5847
498912533 1
492848130 7906
1000000000 1
1 1
297979934 1
191533880 6264
2 1
1 1
172973570 1
53500051 5245
293925498 1
265071259 9491
20302283 1
1510750 6701
507347535 1
88526206 3822
1000000000 1
999999999 10000
659734276 1
314502565 5451
483563889 1
368234684 8139
441533517 1
8824888 1544
542361494 1
528827104 74
986516242 1
10797105 2228
160984797 1
135621049 5496
2 1
1 10000
750372127 1
522270032 987
352414476 1
59737483 6165
767044135 1
528124188 396
935117745 1
666612166 819
852442223 1
501344056 294
266125391 1
227957295 1761
1000000000 2
999000000 10000
998000000 10000
252532917 1
213989451 9093
513578973 1
253441941 5827
965374193 1
462549724 2779
178460766 2
33656793 3471
111773839 9634
300056347 1
91938417 8817
191996407 1
16947175 3433
267711694 1
178438443 4437
1000000000 2
999999997 2
999999996 3
454217945 1
88210289 5798
423536398 1
190861666 7180
747811225 1
509627056 4499
143005648 1
119482902 7636
932962400 2
883588169 3354
288664098 7681
711123495 1
481521491 1161
90763643 1
44530836 6534
1000000000 2
999999999 2
999999998 3
205098770 1
131691781 3895
379422462 1
337079430 1042
1000000000 2
200 10000
100 10000
389845035 1
365057436 4007
1000000000 1
1 10000
258233494 1
150172346 5754
758976411 1
443395877 1703
