50
611148 945642
1306 9413
64524 83907
797836 852013
5294 9741
15384 52033
43451 59617
418116 822264
741918 741918
1014700 1941820
270151 839936
1269668 1685045
377962 600309
1000000 2000000
1348102 1528708
1072753 1961224
9310 9943
1031478 1983699
41 71
1196021 1388043
1047651 1986277
1032019 1981736
190 701
2 2
1051004 1932365
1076497 1910008
1000 1001
1 1
1803997 1845790
1028417 1901257
10 68
1014906 1775843
1076941 1930084
1069804 1911151
1082735 1994143
1072516 1827808
1910690 1910690
388481 977656
1000 9999
297 747
2415 6212
1020714 1901475
1932623 1977418
1001940 1952067
380 538
35525 72177
1050234 1929679
1061555 1973827
1019516 1974975
35148 38046
