3988
98 980
98 490
299 1234
4 1
5 1
6 1
7 1
8 1
9 1
10 1
11 1
11 11
12 1
12 11
13 1
13 11
14 1
14 11
15 1
15 11
15 21
16 1
16 11
16 21
17 1
17 11
17 21
18 1
18 11
18 21
18 31
19 1
19 11
19 21
19 31
20 1
20 11
20 21
20 31
21 1
21 11
21 21
21 31
21 41
22 1
22 11
22 21
22 31
22 41
23 1
23 11
23 21
23 31
23 41
23 51
24 1
24 11
24 21
24 31
24 41
24 51
25 1
25 11
25 21
25 31
25 41
25 51
25 61
26 1
26 11
26 21
26 31
26 41
26 51
26 61
27 1
27 11
27 21
27 31
27 41
27 51
27 61
27 71
28 1
28 11
28 21
28 31
28 41
28 51
28 61
28 71
29 1
29 11
29 21
29 31
29 41
29 51
29 61
29 71
29 81
30 1
30 11
30 21
30 31
30 41
30 51
30 61
30 71
30 81
30 91
31 1
31 11
31 21
31 31
31 41
31 51
31 61
31 71
31 81
31 91
32 1
32 11
32 21
32 31
32 41
32 51
32 61
32 71
32 81
32 91
33 1
33 11
33 21
33 31
33 41
33 51
33 61
33 71
33 81
33 91
34 1
34 11
34 21
34 31
34 41
34 51
34 61
34 71
34 81
34 91
35 1
35 11
35 21
35 31
35 41
35 51
35 61
35 71
35 81
35 91
36 1
36 11
36 21
36 31
36 41
36 51
36 61
36 71
36 81
36 91
37 1
37 11
37 21
37 31
37 41
37 51
37 61
37 71
37 81
37 91
38 1
38 11
38 21
38 31
38 41
38 51
38 61
38 71
38 81
38 91
39 1
39 11
39 21
39 31
39 41
39 51
39 61
39 71
39 81
39 91
40 1
40 11
40 21
40 31
40 41
40 51
40 61
40 71
40 81
40 91
41 1
41 11
41 21
41 31
41 41
41 51
41 61
41 71
41 81
41 91
42 1
42 11
42 21
42 31
42 41
42 51
42 61
42 71
42 81
42 91
43 1
43 11
43 21
43 31
43 41
43 51
43 61
43 71
43 81
43 91
44 1
44 11
44 21
44 31
44 41
44 51
44 61
44 71
44 81
44 91
45 1
45 11
45 21
45 31
45 41
45 51
45 61
45 71
45 81
45 91
46 1
46 11
46 21
46 31
46 41
46 51
46 61
46 71
46 81
46 91
47 1
47 11
47 21
47 31
47 41
47 51
47 61
47 71
47 81
47 91
48 1
48 11
48 21
48 31
48 41
48 51
48 61
48 71
48 81
48 91
49 1
49 11
49 21
49 31
49 41
49 51
49 61
49 71
49 81
49 91
50 1
50 11
50 21
50 31
50 41
50 51
50 61
50 71
50 81
50 91
51 1
51 11
51 21
51 31
51 41
51 51
51 61
51 71
51 81
51 91
52 1
52 11
52 21
52 31
52 41
52 51
52 61
52 71
52 81
52 91
53 1
53 11
53 21
53 31
53 41
53 51
53 61
53 71
53 81
53 91
54 1
54 11
54 21
54 31
54 41
54 51
54 61
54 71
54 81
54 91
55 1
55 11
55 21
55 31
55 41
55 51
55 61
55 71
55 81
55 91
56 1
56 11
56 21
56 31
56 41
56 51
56 61
56 71
56 81
56 91
57 1
57 11
57 21
57 31
57 41
57 51
57 61
57 71
57 81
57 91
58 1
58 11
58 21
58 31
58 41
58 51
58 61
58 71
58 81
58 91
59 1
59 11
59 21
59 31
59 41
59 51
59 61
59 71
59 81
59 91
60 1
60 11
60 21
60 31
60 41
60 51
60 61
60 71
60 81
60 91
61 1
61 11
61 21
61 31
61 41
61 51
61 61
61 71
61 81
61 91
62 1
62 11
62 21
62 31
62 41
62 51
62 61
62 71
62 81
62 91
63 1
63 11
63 21
63 31
63 41
63 51
63 61
63 71
63 81
63 91
64 1
64 11
64 21
64 31
64 41
64 51
64 61
64 71
64 81
64 91
65 1
65 11
65 21
65 31
65 41
65 51
65 61
65 71
65 81
65 91
66 1
66 11
66 21
66 31
66 41
66 51
66 61
66 71
66 81
66 91
67 1
67 11
67 21
67 31
67 41
67 51
67 61
67 71
67 81
67 91
68 1
68 11
68 21
68 31
68 41
68 51
68 61
68 71
68 81
68 91
69 1
69 11
69 21
69 31
69 41
69 51
69 61
69 71
69 81
69 91
70 1
70 11
70 21
70 31
70 41
70 51
70 61
70 71
70 81
70 91
71 1
71 11
71 21
71 31
71 41
71 51
71 61
71 71
71 81
71 91
72 1
72 11
72 21
72 31
72 41
72 51
72 61
72 71
72 81
72 91
73 1
73 11
73 21
73 31
73 41
73 51
73 61
73 71
73 81
73 91
74 1
74 11
74 21
74 31
74 41
74 51
74 61
74 71
74 81
74 91
75 1
75 11
75 21
75 31
75 41
75 51
75 61
75 71
75 81
75 91
76 1
76 11
76 21
76 31
76 41
76 51
76 61
76 71
76 81
76 91
77 1
77 11
77 21
77 31
77 41
77 51
77 61
77 71
77 81
77 91
78 1
78 11
78 21
78 31
78 41
78 51
78 61
78 71
78 81
78 91
79 1
79 11
79 21
79 31
79 41
79 51
79 61
79 71
79 81
79 91
80 1
80 11
80 21
80 31
80 41
80 51
80 61
80 71
80 81
80 91
81 1
81 11
81 21
81 31
81 41
81 51
81 61
81 71
81 81
81 91
82 1
82 11
82 21
82 31
82 41
82 51
82 61
82 71
82 81
82 91
83 1
83 11
83 21
83 31
83 41
83 51
83 61
83 71
83 81
83 91
84 1
84 11
84 21
84 31
84 41
84 51
84 61
84 71
84 81
84 91
85 1
85 11
85 21
85 31
85 41
85 51
85 61
85 71
85 81
85 91
86 1
86 11
86 21
86 31
86 41
86 51
86 61
86 71
86 81
86 91
87 1
87 11
87 21
87 31
87 41
87 51
87 61
87 71
87 81
87 91
88 1
88 11
88 21
88 31
88 41
88 51
88 61
88 71
88 81
88 91
89 1
89 11
89 21
89 31
89 41
89 51
89 61
89 71
89 81
89 91
90 1
90 11
90 21
90 31
90 41
90 51
90 61
90 71
90 81
90 91
91 1
91 11
91 21
91 31
91 41
91 51
91 61
91 71
91 81
91 91
92 1
92 11
92 21
92 31
92 41
92 51
92 61
92 71
92 81
92 91
93 1
93 11
93 21
93 31
93 41
93 51
93 61
93 71
93 81
93 91
94 1
94 11
94 21
94 31
94 41
94 51
94 61
94 71
94 81
94 91
95 1
95 11
95 21
95 31
95 41
95 51
95 61
95 71
95 81
95 91
96 1
96 11
96 21
96 31
96 41
96 51
96 61
96 71
96 81
96 91
97 1
97 11
97 21
97 31
97 41
97 51
97 61
97 71
97 81
97 91
98 1
98 11
98 21
98 31
98 41
98 51
98 61
98 71
98 81
98 91
99 1
99 11
99 21
99 31
99 41
99 51
99 61
99 71
99 81
99 91
100 1
100 11
100 21
100 31
100 41
100 51
100 61
100 71
100 81
100 91
101 1
101 11
101 21
101 31
101 41
101 51
101 61
101 71
101 81
101 91
102 1
102 11
102 21
102 31
102 41
102 51
102 61
102 71
102 81
102 91
103 1
103 11
103 21
103 31
103 41
103 51
103 61
103 71
103 81
103 91
104 1
104 11
104 21
104 31
104 41
104 51
104 61
104 71
104 81
104 91
105 1
105 11
105 21
105 31
105 41
105 51
105 61
105 71
105 81
105 91
106 1
106 11
106 21
106 31
106 41
106 51
106 61
106 71
106 81
106 91
107 1
107 11
107 21
107 31
107 41
107 51
107 61
107 71
107 81
107 91
108 1
108 11
108 21
108 31
108 41
108 51
108 61
108 71
108 81
108 91
109 1
109 11
109 21
109 31
109 41
109 51
109 61
109 71
109 81
109 91
110 1
110 11
110 21
110 31
110 41
110 51
110 61
110 71
110 81
110 91
111 1
111 11
111 21
111 31
111 41
111 51
111 61
111 71
111 81
111 91
112 1
112 11
112 21
112 31
112 41
112 51
112 61
112 71
112 81
112 91
113 1
113 11
113 21
113 31
113 41
113 51
113 61
113 71
113 81
113 91
114 1
114 11
114 21
114 31
114 41
114 51
114 61
114 71
114 81
114 91
115 1
115 11
115 21
115 31
115 41
115 51
115 61
115 71
115 81
115 91
116 1
116 11
116 21
116 31
116 41
116 51
116 61
116 71
116 81
116 91
117 1
117 11
117 21
117 31
117 41
117 51
117 61
117 71
117 81
117 91
118 1
118 11
118 21
118 31
118 41
118 51
118 61
118 71
118 81
118 91
119 1
119 11
119 21
119 31
119 41
119 51
119 61
119 71
119 81
119 91
120 1
120 11
120 21
120 31
120 41
120 51
120 61
120 71
120 81
120 91
121 1
121 11
121 21
121 31
121 41
121 51
121 61
121 71
121 81
121 91
122 1
122 11
122 21
122 31
122 41
122 51
122 61
122 71
122 81
122 91
123 1
123 11
123 21
123 31
123 41
123 51
123 61
123 71
123 81
123 91
124 1
124 11
124 21
124 31
124 41
124 51
124 61
124 71
124 81
124 91
125 1
125 11
125 21
125 31
125 41
125 51
125 61
125 71
125 81
125 91
126 1
126 11
126 21
126 31
126 41
126 51
126 61
126 71
126 81
126 91
127 1
127 11
127 21
127 31
127 41
127 51
127 61
127 71
127 81
127 91
128 1
128 11
128 21
128 31
128 41
128 51
128 61
128 71
128 81
128 91
129 1
129 11
129 21
129 31
129 41
129 51
129 61
129 71
129 81
129 91
130 1
130 11
130 21
130 31
130 41
130 51
130 61
130 71
130 81
130 91
131 1
131 11
131 21
131 31
131 41
131 51
131 61
131 71
131 81
131 91
132 1
132 11
132 21
132 31
132 41
132 51
132 61
132 71
132 81
132 91
133 1
133 11
133 21
133 31
133 41
133 51
133 61
133 71
133 81
133 91
134 1
134 11
134 21
134 31
134 41
134 51
134 61
134 71
134 81
134 91
135 1
135 11
135 21
135 31
135 41
135 51
135 61
135 71
135 81
135 91
136 1
136 11
136 21
136 31
136 41
136 51
136 61
136 71
136 81
136 91
137 1
137 11
137 21
137 31
137 41
137 51
137 61
137 71
137 81
137 91
138 1
138 11
138 21
138 31
138 41
138 51
138 61
138 71
138 81
138 91
139 1
139 11
139 21
139 31
139 41
139 51
139 61
139 71
139 81
139 91
140 1
140 11
140 21
140 31
140 41
140 51
140 61
140 71
140 81
140 91
141 1
141 11
141 21
141 31
141 41
141 51
141 61
141 71
141 81
141 91
142 1
142 11
142 21
142 31
142 41
142 51
142 61
142 71
142 81
142 91
143 1
143 11
143 21
143 31
143 41
143 51
143 61
143 71
143 81
143 91
144 1
144 11
144 21
144 31
144 41
144 51
144 61
144 71
144 81
144 91
145 1
145 11
145 21
145 31
145 41
145 51
145 61
145 71
145 81
145 91
146 1
146 11
146 21
146 31
146 41
146 51
146 61
146 71
146 81
146 91
147 1
147 11
147 21
147 31
147 41
147 51
147 61
147 71
147 81
147 91
148 1
148 11
148 21
148 31
148 41
148 51
148 61
148 71
148 81
148 91
149 1
149 11
149 21
149 31
149 41
149 51
149 61
149 71
149 81
149 91
150 1
150 11
150 21
150 31
150 41
150 51
150 61
150 71
150 81
150 91
151 1
151 11
151 21
151 31
151 41
151 51
151 61
151 71
151 81
151 91
152 1
152 11
152 21
152 31
152 41
152 51
152 61
152 71
152 81
152 91
153 1
153 11
153 21
153 31
153 41
153 51
153 61
153 71
153 81
153 91
154 1
154 11
154 21
154 31
154 41
154 51
154 61
154 71
154 81
154 91
155 1
155 11
155 21
155 31
155 41
155 51
155 61
155 71
155 81
155 91
156 1
156 11
156 21
156 31
156 41
156 51
156 61
156 71
156 81
156 91
157 1
157 11
157 21
157 31
157 41
157 51
157 61
157 71
157 81
157 91
158 1
158 11
158 21
158 31
158 41
158 51
158 61
158 71
158 81
158 91
159 1
159 11
159 21
159 31
159 41
159 51
159 61
159 71
159 81
159 91
160 1
160 11
160 21
160 31
160 41
160 51
160 61
160 71
160 81
160 91
161 1
161 11
161 21
161 31
161 41
161 51
161 61
161 71
161 81
161 91
162 1
162 11
162 21
162 31
162 41
162 51
162 61
162 71
162 81
162 91
163 1
163 11
163 21
163 31
163 41
163 51
163 61
163 71
163 81
163 91
164 1
164 11
164 21
164 31
164 41
164 51
164 61
164 71
164 81
164 91
165 1
165 11
165 21
165 31
165 41
165 51
165 61
165 71
165 81
165 91
166 1
166 11
166 21
166 31
166 41
166 51
166 61
166 71
166 81
166 91
167 1
167 11
167 21
167 31
167 41
167 51
167 61
167 71
167 81
167 91
168 1
168 11
168 21
168 31
168 41
168 51
168 61
168 71
168 81
168 91
169 1
169 11
169 21
169 31
169 41
169 51
169 61
169 71
169 81
169 91
170 1
170 11
170 21
170 31
170 41
170 51
170 61
170 71
170 81
170 91
171 1
171 11
171 21
171 31
171 41
171 51
171 61
171 71
171 81
171 91
172 1
172 11
172 21
172 31
172 41
172 51
172 61
172 71
172 81
172 91
173 1
173 11
173 21
173 31
173 41
173 51
173 61
173 71
173 81
173 91
174 1
174 11
174 21
174 31
174 41
174 51
174 61
174 71
174 81
174 91
175 1
175 11
175 21
175 31
175 41
175 51
175 61
175 71
175 81
175 91
176 1
176 11
176 21
176 31
176 41
176 51
176 61
176 71
176 81
176 91
177 1
177 11
177 21
177 31
177 41
177 51
177 61
177 71
177 81
177 91
178 1
178 11
178 21
178 31
178 41
178 51
178 61
178 71
178 81
178 91
179 1
179 11
179 21
179 31
179 41
179 51
179 61
179 71
179 81
179 91
180 1
180 11
180 21
180 31
180 41
180 51
180 61
180 71
180 81
180 91
181 1
181 11
181 21
181 31
181 41
181 51
181 61
181 71
181 81
181 91
182 1
182 11
182 21
182 31
182 41
182 51
182 61
182 71
182 81
182 91
183 1
183 11
183 21
183 31
183 41
183 51
183 61
183 71
183 81
183 91
184 1
184 11
184 21
184 31
184 41
184 51
184 61
184 71
184 81
184 91
185 1
185 11
185 21
185 31
185 41
185 51
185 61
185 71
185 81
185 91
186 1
186 11
186 21
186 31
186 41
186 51
186 61
186 71
186 81
186 91
187 1
187 11
187 21
187 31
187 41
187 51
187 61
187 71
187 81
187 91
188 1
188 11
188 21
188 31
188 41
188 51
188 61
188 71
188 81
188 91
189 1
189 11
189 21
189 31
189 41
189 51
189 61
189 71
189 81
189 91
190 1
190 11
190 21
190 31
190 41
190 51
190 61
190 71
190 81
190 91
191 1
191 11
191 21
191 31
191 41
191 51
191 61
191 71
191 81
191 91
192 1
192 11
192 21
192 31
192 41
192 51
192 61
192 71
192 81
192 91
193 1
193 11
193 21
193 31
193 41
193 51
193 61
193 71
193 81
193 91
194 1
194 11
194 21
194 31
194 41
194 51
194 61
194 71
194 81
194 91
195 1
195 11
195 21
195 31
195 41
195 51
195 61
195 71
195 81
195 91
196 1
196 11
196 21
196 31
196 41
196 51
196 61
196 71
196 81
196 91
197 1
197 11
197 21
197 31
197 41
197 51
197 61
197 71
197 81
197 91
198 1
198 11
198 21
198 31
198 41
198 51
198 61
198 71
198 81
198 91
199 1
199 11
199 21
199 31
199 41
199 51
199 61
199 71
199 81
199 91
200 1
200 11
200 21
200 31
200 41
200 51
200 61
200 71
200 81
200 91
201 1
201 11
201 21
201 31
201 41
201 51
201 61
201 71
201 81
201 91
202 1
202 11
202 21
202 31
202 41
202 51
202 61
202 71
202 81
202 91
203 1
203 11
203 21
203 31
203 41
203 51
203 61
203 71
203 81
203 91
204 1
204 11
204 21
204 31
204 41
204 51
204 61
204 71
204 81
204 91
205 1
205 11
205 21
205 31
205 41
205 51
205 61
205 71
205 81
205 91
206 1
206 11
206 21
206 31
206 41
206 51
206 61
206 71
206 81
206 91
207 1
207 11
207 21
207 31
207 41
207 51
207 61
207 71
207 81
207 91
208 1
208 11
208 21
208 31
208 41
208 51
208 61
208 71
208 81
208 91
209 1
209 11
209 21
209 31
209 41
209 51
209 61
209 71
209 81
209 91
210 1
210 11
210 21
210 31
210 41
210 51
210 61
210 71
210 81
210 91
211 1
211 11
211 21
211 31
211 41
211 51
211 61
211 71
211 81
211 91
212 1
212 11
212 21
212 31
212 41
212 51
212 61
212 71
212 81
212 91
213 1
213 11
213 21
213 31
213 41
213 51
213 61
213 71
213 81
213 91
214 1
214 11
214 21
214 31
214 41
214 51
214 61
214 71
214 81
214 91
215 1
215 11
215 21
215 31
215 41
215 51
215 61
215 71
215 81
215 91
216 1
216 11
216 21
216 31
216 41
216 51
216 61
216 71
216 81
216 91
217 1
217 11
217 21
217 31
217 41
217 51
217 61
217 71
217 81
217 91
218 1
218 11
218 21
218 31
218 41
218 51
218 61
218 71
218 81
218 91
219 1
219 11
219 21
219 31
219 41
219 51
219 61
219 71
219 81
219 91
220 1
220 11
220 21
220 31
220 41
220 51
220 61
220 71
220 81
220 91
221 1
221 11
221 21
221 31
221 41
221 51
221 61
221 71
221 81
221 91
222 1
222 11
222 21
222 31
222 41
222 51
222 61
222 71
222 81
222 91
223 1
223 11
223 21
223 31
223 41
223 51
223 61
223 71
223 81
223 91
224 1
224 11
224 21
224 31
224 41
224 51
224 61
224 71
224 81
224 91
225 1
225 11
225 21
225 31
225 41
225 51
225 61
225 71
225 81
225 91
226 1
226 11
226 21
226 31
226 41
226 51
226 61
226 71
226 81
226 91
227 1
227 11
227 21
227 31
227 41
227 51
227 61
227 71
227 81
227 91
228 1
228 11
228 21
228 31
228 41
228 51
228 61
228 71
228 81
228 91
229 1
229 11
229 21
229 31
229 41
229 51
229 61
229 71
229 81
229 91
230 1
230 11
230 21
230 31
230 41
230 51
230 61
230 71
230 81
230 91
231 1
231 11
231 21
231 31
231 41
231 51
231 61
231 71
231 81
231 91
232 1
232 11
232 21
232 31
232 41
232 51
232 61
232 71
232 81
232 91
233 1
233 11
233 21
233 31
233 41
233 51
233 61
233 71
233 81
233 91
234 1
234 11
234 21
234 31
234 41
234 51
234 61
234 71
234 81
234 91
235 1
235 11
235 21
235 31
235 41
235 51
235 61
235 71
235 81
235 91
236 1
236 11
236 21
236 31
236 41
236 51
236 61
236 71
236 81
236 91
237 1
237 11
237 21
237 31
237 41
237 51
237 61
237 71
237 81
237 91
238 1
238 11
238 21
238 31
238 41
238 51
238 61
238 71
238 81
238 91
239 1
239 11
239 21
239 31
239 41
239 51
239 61
239 71
239 81
239 91
240 1
240 11
240 21
240 31
240 41
240 51
240 61
240 71
240 81
240 91
241 1
241 11
241 21
241 31
241 41
241 51
241 61
241 71
241 81
241 91
242 1
242 11
242 21
242 31
242 41
242 51
242 61
242 71
242 81
242 91
243 1
243 11
243 21
243 31
243 41
243 51
243 61
243 71
243 81
243 91
244 1
244 11
244 21
244 31
244 41
244 51
244 61
244 71
244 81
244 91
245 1
245 11
245 21
245 31
245 41
245 51
245 61
245 71
245 81
245 91
246 1
246 11
246 21
246 31
246 41
246 51
246 61
246 71
246 81
246 91
247 1
247 11
247 21
247 31
247 41
247 51
247 61
247 71
247 81
247 91
248 1
248 11
248 21
248 31
248 41
248 51
248 61
248 71
248 81
248 91
249 1
249 11
249 21
249 31
249 41
249 51
249 61
249 71
249 81
249 91
250 1
250 11
250 21
250 31
250 41
250 51
250 61
250 71
250 81
250 91
251 1
251 11
251 21
251 31
251 41
251 51
251 61
251 71
251 81
251 91
252 1
252 11
252 21
252 31
252 41
252 51
252 61
252 71
252 81
252 91
253 1
253 11
253 21
253 31
253 41
253 51
253 61
253 71
253 81
253 91
254 1
254 11
254 21
254 31
254 41
254 51
254 61
254 71
254 81
254 91
255 1
255 11
255 21
255 31
255 41
255 51
255 61
255 71
255 81
255 91
256 1
256 11
256 21
256 31
256 41
256 51
256 61
256 71
256 81
256 91
257 1
257 11
257 21
257 31
257 41
257 51
257 61
257 71
257 81
257 91
258 1
258 11
258 21
258 31
258 41
258 51
258 61
258 71
258 81
258 91
259 1
259 11
259 21
259 31
259 41
259 51
259 61
259 71
259 81
259 91
260 1
260 11
260 21
260 31
260 41
260 51
260 61
260 71
260 81
260 91
261 1
261 11
261 21
261 31
261 41
261 51
261 61
261 71
261 81
261 91
262 1
262 11
262 21
262 31
262 41
262 51
262 61
262 71
262 81
262 91
263 1
263 11
263 21
263 31
263 41
263 51
263 61
263 71
263 81
263 91
264 1
264 11
264 21
264 31
264 41
264 51
264 61
264 71
264 81
264 91
265 1
265 11
265 21
265 31
265 41
265 51
265 61
265 71
265 81
265 91
266 1
266 11
266 21
266 31
266 41
266 51
266 61
266 71
266 81
266 91
267 1
267 11
267 21
267 31
267 41
267 51
267 61
267 71
267 81
267 91
268 1
268 11
268 21
268 31
268 41
268 51
268 61
268 71
268 81
268 91
269 1
269 11
269 21
269 31
269 41
269 51
269 61
269 71
269 81
269 91
270 1
270 11
270 21
270 31
270 41
270 51
270 61
270 71
270 81
270 91
271 1
271 11
271 21
271 31
271 41
271 51
271 61
271 71
271 81
271 91
272 1
272 11
272 21
272 31
272 41
272 51
272 61
272 71
272 81
272 91
273 1
273 11
273 21
273 31
273 41
273 51
273 61
273 71
273 81
273 91
274 1
274 11
274 21
274 31
274 41
274 51
274 61
274 71
274 81
274 91
275 1
275 11
275 21
275 31
275 41
275 51
275 61
275 71
275 81
275 91
276 1
276 11
276 21
276 31
276 41
276 51
276 61
276 71
276 81
276 91
277 1
277 11
277 21
277 31
277 41
277 51
277 61
277 71
277 81
277 91
278 1
278 11
278 21
278 31
278 41
278 51
278 61
278 71
278 81
278 91
279 1
279 11
279 21
279 31
279 41
279 51
279 61
279 71
279 81
279 91
280 1
280 11
280 21
280 31
280 41
280 51
280 61
280 71
280 81
280 91
281 1
281 11
281 21
281 31
281 41
281 51
281 61
281 71
281 81
281 91
282 1
282 11
282 21
282 31
282 41
282 51
282 61
282 71
282 81
282 91
283 1
283 11
283 21
283 31
283 41
283 51
283 61
283 71
283 81
283 91
284 1
284 11
284 21
284 31
284 41
284 51
284 61
284 71
284 81
284 91
285 1
285 11
285 21
285 31
285 41
285 51
285 61
285 71
285 81
285 91
286 1
286 11
286 21
286 31
286 41
286 51
286 61
286 71
286 81
286 91
287 1
287 11
287 21
287 31
287 41
287 51
287 61
287 71
287 81
287 91
288 1
288 11
288 21
288 31
288 41
288 51
288 61
288 71
288 81
288 91
289 1
289 11
289 21
289 31
289 41
289 51
289 61
289 71
289 81
289 91
290 1
290 11
290 21
290 31
290 41
290 51
290 61
290 71
290 81
290 91
291 1
291 11
291 21
291 31
291 41
291 51
291 61
291 71
291 81
291 91
292 1
292 11
292 21
292 31
292 41
292 51
292 61
292 71
292 81
292 91
293 1
293 11
293 21
293 31
293 41
293 51
293 61
293 71
293 81
293 91
294 1
294 11
294 21
294 31
294 41
294 51
294 61
294 71
294 81
294 91
295 1
295 11
295 21
295 31
295 41
295 51
295 61
295 71
295 81
295 91
296 1
296 11
296 21
296 31
296 41
296 51
296 61
296 71
296 81
296 91
297 1
297 11
297 21
297 31
297 41
297 51
297 61
297 71
297 81
297 91
298 1
298 11
298 21
298 31
298 41
298 51
298 61
298 71
298 81
298 91
299 1
299 11
299 21
299 31
299 41
299 51
299 61
299 71
299 81
299 91
300 1
300 11
300 21
300 31
300 41
300 51
300 61
300 71
300 81
300 91
32 104
33 111
34 117
35 125
36 132
37 139
38 147
39 155
40 163
41 171
42 180
43 188
44 197
45 206
46 215
47 225
48 235
49 245
50 255
51 265
52 275
53 286
54 297
55 308
56 320
57 331
58 343
59 355
60 367
61 379
62 392
63 405
64 417
65 431
66 444
67 458
68 471
69 485
70 500
71 514
72 528
73 543
74 558
75 573
76 589
77 605
78 620
79 636
80 653
81 669
82 686
83 702
84 720
85 737
86 754
87 772
88 790
89 808
90 826
91 845
92 863
93 882
94 901
95 920
96 940
97 960
98 980
99 1000
100 1020
101 1040
102 1061
103 1082
104 1103
105 1125
106 1146
107 1168
108 1190
109 1212
110 1234
111 1257
112 1280
113 1302
114 1326
115 1349
116 1373
117 1396
118 1420
119 1445
120 1469
121 1493
122 1518
123 1543
124 1568
125 1594
126 1620
127 1645
128 1671
129 1698
130 1724
131 1751
132 1777
133 1805
134 1832
135 1859
136 1887
137 1915
138 1943
139 1971
140 2000
141 2028
142 2057
143 2086
144 2115
145 2145
146 2175
147 2205
148 2235
149 2265
150 2295
151 2326
152 2357
153 2388
154 2420
155 2451
156 2483
157 2515
158 2547
159 2579
160 2612
161 2645
162 2677
163 2711
164 2744
165 2778
166 2811
167 2845
168 2880
169 2914
170 2948
171 2983
172 3018
173 3053
174 3089
175 3125
176 3160
177 3196
178 3233
179 3269
180 3306
181 3342
182 3380
183 3417
184 3454
185 3492
186 3530
187 3568
188 3606
189 3645
190 3683
191 3722
192 3761
193 3800
194 3840
195 3880
196 3920
197 3960
198 4000
199 4040
200 4081
201 4122
202 4163
203 4205
204 4246
205 4288
206 4330
207 4372
208 4414
209 4457
210 4500
211 4542
212 4586
213 4629
214 4673
215 4716
216 4760
217 4805
218 4849
219 4893
220 4938
221 4983
222 5028
223 5074
224 5120
225 5165
226 5211
227 5258
228 5304
229 5351
230 5397
231 5445
232 5492
233 5539
234 5587
235 5635
236 5683
237 5731
238 5780
239 5828
240 5877
241 5926
242 5975
243 6025
244 6075
245 6125
246 6175
247 6225
248 6275
249 6326
250 6377
251 6428
252 6480
253 6531
254 6583
255 6635
256 6687
257 6739
258 6792
259 6845
260 6897
261 6951
262 7004
263 7058
264 7111
265 7165
266 7220
267 7274
268 7328
269 7383
270 7438
271 7493
272 7549
273 7605
274 7660
275 7716
276 7773
277 7829
278 7886
279 7942
280 8000
281 8057
282 8114
283 8172
284 8230
285 8288
286 8346
287 8405
288 8463
289 8522
290 8581
291 8640
292 8700
293 8760
294 8820
295 8880
296 8940
297 9000
298 9061
299 9122
300 9183
300 100
300 110
300 120
300 130
300 140
300 150
300 160
300 170
300 180
300 190
300 200
300 210
300 220
300 230
300 240
300 250
300 260
300 270
300 280
300 290
300 300
300 310
300 320
300 330
300 340
300 350
300 360
300 370
300 380
300 390
300 400
300 410
300 420
300 430
300 440
300 450
300 460
300 470
300 480
300 490
300 500
300 510
300 520
300 530
300 540
300 550
300 560
300 570
300 580
300 590
300 600
300 610
300 620
300 630
300 640
300 650
300 660
300 670
300 680
300 690
300 700
300 710
300 720
300 730
300 740
300 750
300 760
300 770
300 780
300 790
300 800
300 810
300 820
300 830
300 840
300 850
300 860
300 870
300 880
300 890
300 900
300 910
300 920
300 930
300 940
300 950
300 960
300 970
300 980
300 990
300 1000
300 1010
300 1020
300 1030
300 1040
300 1050
300 1060
300 1070
300 1080
300 1090
300 1100
300 1110
300 1120
300 1130
300 1140
300 1150
300 1160
300 1170
300 1180
300 1190
300 1200
300 1210
300 1220
300 1230
300 1240
300 1250
300 1260
300 1270
300 1280
300 1290
300 1300
300 1310
300 1320
300 1330
300 1340
300 1350
300 1360
300 1370
300 1380
300 1390
300 1400
300 1410
300 1420
300 1430
300 1440
300 1450
300 1460
300 1470
300 1480
300 1490
300 1500
300 1510
300 1520
300 1530
300 1540
300 1550
300 1560
300 1570
300 1580
300 1590
300 1600
300 1610
300 1620
300 1630
300 1640
300 1650
300 1660
300 1670
300 1680
300 1690
300 1700
300 1710
300 1720
300 1730
300 1740
300 1750
300 1760
300 1770
300 1780
300 1790
300 1800
300 1810
300 1820
300 1830
300 1840
300 1850
300 1860
300 1870
300 1880
300 1890
300 1900
300 1910
300 1920
300 1930
300 1940
300 1950
300 1960
300 1970
300 1980
300 1990
300 2000
300 2010
300 2020
300 2030
300 2040
300 2050
300 2060
300 2070
300 2080
300 2090
300 2100
300 2110
300 2120
300 2130
300 2140
300 2150
300 2160
300 2170
300 2180
300 2190
300 2200
300 2210
300 2220
300 2230
300 2240
300 2250
300 2260
300 2270
300 2280
300 2290
300 2300
300 2310
300 2320
300 2330
300 2340
300 2350
300 2360
300 2370
300 2380
300 2390
300 2400
300 2410
300 2420
300 2430
300 2440
300 2450
300 2460
300 2470
300 2480
300 2490
300 2500
300 2510
300 2520
300 2530
300 2540
300 2550
300 2560
300 2570
300 2580
300 2590
300 2600
300 2610
300 2620
300 2630
300 2640
300 2650
300 2660
300 2670
300 2680
300 2690
300 2700
300 2710
300 2720
300 2730
300 2740
300 2750
300 2760
300 2770
300 2780
300 2790
300 2800
300 2810
300 2820
300 2830
300 2840
300 2850
300 2860
300 2870
300 2880
300 2890
300 2900
300 2910
300 2920
300 2930
300 2940
300 2950
300 2960
300 2970
300 2980
300 2990
300 3000
300 3010
300 3020
300 3030
300 3040
300 3050
300 3060
300 3070
300 3080
300 3090
300 3100
300 3110
300 3120
300 3130
300 3140
300 3150
300 3160
300 3170
300 3180
300 3190
300 3200
300 3210
300 3220
300 3230
300 3240
300 3250
300 3260
300 3270
300 3280
300 3290
300 3300
300 3310
300 3320
300 3330
300 3340
300 3350
300 3360
300 3370
300 3380
300 3390
300 3400
300 3410
300 3420
300 3430
300 3440
300 3450
300 3460
300 3470
300 3480
300 3490
300 3500
300 3510
300 3520
300 3530
300 3540
300 3550
300 3560
300 3570
300 3580
300 3590
300 3600
300 3610
300 3620
300 3630
300 3640
300 3650
300 3660
300 3670
300 3680
300 3690
300 3700
300 3710
300 3720
300 3730
300 3740
300 3750
300 3760
300 3770
300 3780
300 3790
300 3800
300 3810
300 3820
300 3830
300 3840
300 3850
300 3860
300 3870
300 3880
300 3890
300 3900
300 3910
300 3920
300 3930
300 3940
300 3950
300 3960
300 3970
300 3980
300 3990
300 4000
300 4010
300 4020
300 4030
300 4040
300 4050
300 4060
300 4070
300 4080
300 4090
300 4100
300 4110
300 4120
300 4130
300 4140
300 4150
300 4160
300 4170
300 4180
300 4190
300 4200
300 4210
300 4220
300 4230
300 4240
300 4250
300 4260
300 4270
300 4280
300 4290
300 4300
300 4310
300 4320
300 4330
300 4340
300 4350
300 4360
300 4370
300 4380
300 4390
300 4400
300 4410
300 4420
300 4430
300 4440
300 4450
300 4460
300 4470
300 4480
300 4490
300 4500
300 4510
300 4520
300 4530
300 4540
300 4550
300 4560
300 4570
300 4580
300 4590
300 4600
300 4610
300 4620
300 4630
300 4640
300 4650
300 4660
300 4670
300 4680
300 4690
300 4700
300 4710
300 4720
300 4730
300 4740
300 4750
300 4760
300 4770
300 4780
300 4790
300 4800
300 4810
300 4820
300 4830
300 4840
300 4850
300 4860
300 4870
300 4880
300 4890
300 4900
300 4910
300 4920
300 4930
300 4940
300 4950
300 4960
300 4970
300 4980
300 4990
300 5000
300 5010
300 5020
300 5030
300 5040
300 5050
300 5060
300 5070
300 5080
300 5090
300 5100
300 5110
300 5120
300 5130
300 5140
300 5150
300 5160
300 5170
300 5180
300 5190
300 5200
300 5210
300 5220
300 5230
300 5240
300 5250
300 5260
300 5270
300 5280
300 5290
300 5300
300 5310
300 5320
300 5330
300 5340
300 5350
300 5360
300 5370
300 5380
300 5390
300 5400
300 5410
300 5420
300 5430
300 5440
300 5450
300 5460
300 5470
300 5480
300 5490
300 5500
300 5510
300 5520
300 5530
300 5540
300 5550
300 5560
300 5570
300 5580
300 5590
300 5600
300 5610
300 5620
300 5630
300 5640
300 5650
300 5660
300 5670
300 5680
300 5690
300 5700
300 5710
300 5720
300 5730
300 5740
300 5750
300 5760
300 5770
300 5780
300 5790
300 5800
300 5810
300 5820
300 5830
300 5840
300 5850
300 5860
300 5870
300 5880
300 5890
300 5900
300 5910
300 5920
300 5930
300 5940
300 5950
300 5960
300 5970
300 5980
300 5990
300 6000
300 6010
300 6020
300 6030
300 6040
300 6050
300 6060
300 6070
300 6080
300 6090
300 6100
300 6110
300 6120
300 6130
300 6140
300 6150
300 6160
300 6170
300 6180
300 6190
300 6200
300 6210
300 6220
300 6230
300 6240
300 6250
300 6260
300 6270
300 6280
300 6290
300 6300
300 6310
300 6320
300 6330
300 6340
300 6350
300 6360
300 6370
300 6380
300 6390
300 6400
300 6410
300 6420
300 6430
300 6440
300 6450
300 6460
300 6470
300 6480
300 6490
300 6500
300 6510
300 6520
300 6530
300 6540
300 6550
300 6560
300 6570
300 6580
300 6590
300 6600
300 6610
300 6620
300 6630
300 6640
300 6650
300 6660
300 6670
300 6680
300 6690
300 6700
300 6710
300 6720
300 6730
300 6740
300 6750
300 6760
300 6770
300 6780
300 6790
300 6800
300 6810
300 6820
300 6830
300 6840
300 6850
300 6860
300 6870
300 6880
300 6890
300 6900
300 6910
300 6920
300 6930
300 6940
300 6950
300 6960
300 6970
300 6980
300 6990
300 7000
300 7010
300 7020
300 7030
300 7040
300 7050
300 7060
300 7070
300 7080
300 7090
300 7100
300 7110
300 7120
300 7130
300 7140
300 7150
300 7160
300 7170
300 7180
300 7190
300 7200
300 7210
300 7220
300 7230
300 7240
300 7250
300 7260
300 7270
300 7280
300 7290
300 7300
300 7310
300 7320
300 7330
300 7340
300 7350
300 7360
300 7370
300 7380
300 7390
300 7400
300 7410
300 7420
300 7430
300 7440
300 7450
300 7460
300 7470
300 7480
300 7490
300 7500
300 7510
300 7520
300 7530
300 7540
300 7550
300 7560
300 7570
300 7580
300 7590
300 7600
300 7610
300 7620
300 7630
300 7640
300 7650
300 7660
300 7670
300 7680
300 7690
300 7700
300 7710
300 7720
300 7730
300 7740
300 7750
300 7760
300 7770
300 7780
300 7790
300 7800
300 7810
300 7820
300 7830
300 7840
300 7850
300 7860
300 7870
300 7880
300 7890
300 7900
300 7910
300 7920
300 7930
300 7940
300 7950
300 7960
300 7970
300 7980
300 7990
300 8000
300 8010
300 8020
300 8030
300 8040
300 8050
300 8060
300 8070
300 8080
300 8090
300 8100
300 8110
300 8120
300 8130
300 8140
300 8150
300 8160
300 8170
300 8180
300 8190
300 8200
300 8210
300 8220
300 8230
300 8240
300 8250
300 8260
300 8270
300 8280
300 8290
300 8300
300 8310
300 8320
300 8330
300 8340
300 8350
300 8360
300 8370
300 8380
300 8390
300 8400
300 8410
300 8420
300 8430
300 8440
300 8450
300 8460
300 8470
300 8480
300 8490
300 8500
300 8510
300 8520
300 8530
300 8540
300 8550
300 8560
300 8570
300 8580
300 8590
300 8600
300 8610
300 8620
300 8630
300 8640
300 8650
300 8660
300 8670
300 8680
300 8690
300 8700
300 8710
300 8720
300 8730
300 8740
300 8750
300 8760
300 8770
300 8780
300 8790
300 8800
300 8810
300 8820
300 8830
300 8840
300 8850
300 8860
300 8870
300 8880
300 8890
300 8900
300 8910
300 8920
300 8930
300 8940
300 8950
300 8960
300 8970
300 8980
300 8990
300 9000
300 9010
300 9020
300 9030
300 9040
300 9050
300 9060
300 9070
300 9080
300 9090
300 9100
300 9110
300 9120
300 9130
300 9140
300 9150
300 9160
300 9170
300 9180
