Case #1: 3
12 99
99 178
312 367
Case #2: 1
1518 1521
Case #3: 16
18 153
153 280
280 399
399 510
510 613
613 708
708 795
795 874
874 945
945 1008
1008 1063
1063 1110
1110 1149
1149 1180
1180 1203
1203 1218
Case #4: 1
209 266
Case #5: 1
1220 1225
Case #6: IMPOSSIBLE
Case #7: 15
17 144
144 263
263 374
374 477
477 572
572 659
659 738
738 809
809 872
872 927
927 974
974 1013
1013 1044
1044 1067
1071 1084
Case #8: 1
1355 1366
Case #9: 7
18 153
153 280
280 399
399 510
510 613
613 708
1222 1225
Case #10: 5
8 63
63 110
110 149
149 180
218 225
Case #11: 1
1079 1088
Case #12: 3
15 126
126 229
666 715
Case #13: 1
1364 1369
Case #14: IMPOSSIBLE
Case #15: IMPOSSIBLE
Case #16: 4
15 126
126 229
229 324
490 561
Case #17: 1
1086 1089
Case #18: 3
17 144
144 263
616 699
Case #19: 1
434 469
Case #20: 1
900 951
Case #21: 1
1218 1225
Case #22: IMPOSSIBLE
Case #23: 6
14 117
117 212
212 299
299 378
378 449
603 644
Case #24: 1
1511 1520
Case #25: 17
19 162
162 297
297 424
424 543
543 654
654 757
757 852
852 939
939 1018
1018 1089
1089 1152
1152 1207
1207 1254
1254 1293
1293 1324
1324 1347
1355 1366
Case #26: 9
15 126
126 229
229 324
324 411
411 490
490 561
561 624
624 679
736 773
Case #27: 5
8 63
63 110
110 149
149 180
198 215
Case #28: 19
20 171
171 314
314 449
449 576
576 695
695 806
806 909
909 1004
1004 1091
1091 1170
1170 1241
1241 1304
1304 1359
1359 1406
1406 1445
1445 1476
1476 1499
1499 1514
1518 1521
Case #29: 1
1222 1225
Case #30: 2
14 117
189 278
Case #31: 1
1215 1224
Case #32: 1
356 361
Case #33: 1
1084 1089
Case #34: IMPOSSIBLE
Case #35: 17
18 153
153 280
280 399
399 510
510 613
613 708
708 795
795 874
874 945
945 1008
1008 1063
1063 1110
1110 1149
1149 1180
1180 1203
1203 1218
1218 1225
Case #36: 1
99 140
Case #37: 2
6 45
103 116
Case #38: 1
1514 1521
Case #39: 1
531 610
Case #40: 3
8 63
63 110
110 149
Case #41: 2
13 108
255 328
Case #42: 16
18 153
153 280
280 399
399 510
510 613
613 708
708 795
795 874
874 945
945 1008
1008 1063
1063 1110
1110 1149
1149 1180
1180 1203
1207 1220
Case #43: 1
1082 1089
Case #44: 15
17 144
144 263
263 374
374 477
477 572
572 659
659 738
738 809
809 872
872 927
927 974
974 1013
1013 1044
1044 1067
1075 1086
Case #45: 16
17 144
144 263
263 374
374 477
477 572
572 659
659 738
738 809
809 872
872 927
927 974
974 1013
1013 1044
1044 1067
1067 1082
1086 1089
Case #46: 16
17 144
144 263
263 374
374 477
477 572
572 659
659 738
738 809
809 872
872 927
927 974
974 1013
1013 1044
1044 1067
1067 1082
1084 1089
Case #47: 1
1507 1518
Case #48: 18
19 162
162 297
297 424
424 543
543 654
654 757
757 852
852 939
939 1018
1018 1089
1089 1152
1152 1207
1207 1254
1254 1293
1293 1324
1324 1347
1347 1362
1362 1369
Case #49: 12
19 162
162 297
297 424
424 543
543 654
654 757
757 852
852 939
939 1018
1018 1089
1089 1152
1317 1342
Case #50: 17
19 162
162 297
297 424
424 543
543 654
654 757
757 852
852 939
939 1018
1018 1089
1089 1152
1152 1207
1207 1254
1254 1293
1293 1324
1324 1347
1347 1362
Case #51: 17
18 153
153 280
280 399
399 510
510 613
613 708
708 795
795 874
874 945
945 1008
1008 1063
1063 1110
1110 1149
1149 1180
1180 1203
1203 1218
1222 1225
Case #52: 3
20 171
171 314
806 909
Case #53: IMPOSSIBLE
Case #54: 1
1366 1369
Case #55: 15
17 144
144 263
263 374
374 477
477 572
572 659
659 738
738 809
809 872
872 927
927 974
974 1013
1013 1044
1044 1067
1067 1082
Case #56: 3
8 63
63 110
165 192
Case #57: IMPOSSIBLE
Case #58: 1
540 573
Case #59: 2
9 72
244 267
Case #60: 19
20 171
171 314
314 449
449 576
576 695
695 806
806 909
909 1004
1004 1091
1091 1170
1170 1241
1241 1304
1304 1359
1359 1406
1406 1445
1445 1476
1476 1499
1499 1514
1516 1521
Case #61: 19
20 171
171 314
314 449
449 576
576 695
695 806
806 909
909 1004
1004 1091
1091 1170
1170 1241
1241 1304
1304 1359
1359 1406
1406 1445
1445 1476
1476 1499
1499 1514
1514 1521
Case #62: IMPOSSIBLE
Case #63: IMPOSSIBLE
Case #64: 1
1362 1369
Case #65: 3
15 126
126 229
814 831
Case #66: 9
14 117
117 212
212 299
299 378
378 449
449 512
512 567
567 614
696 715
Case #67: 4
7 54
54 93
93 124
124 147
Case #68: 1
1359 1368
Case #69: 3
11 90
90 161
396 419
Case #70: 4
19 162
162 297
297 424
1231 1274
Case #71: 1
1516 1521
Case #72: IMPOSSIBLE
Case #73: 9
19 162
162 297
297 424
424 543
543 654
654 757
757 852
852 939
959 1036
Case #74: 1
31 108
Case #75: 6
10 81
81 144
144 199
199 246
246 285
301 328
Case #76: 5
8 63
63 110
110 149
149 180
222 225
Case #77: 16
17 144
144 263
263 374
374 477
477 572
572 659
659 738
738 809
809 872
872 927
927 974
974 1013
1013 1044
1044 1067
1067 1082
1082 1089
Case #78: 6
11 90
90 161
161 224
224 279
279 326
346 381
Case #79: 17
18 153
153 280
280 399
399 510
510 613
613 708
708 795
795 874
874 945
945 1008
1008 1063
1063 1110
1110 1149
1149 1180
1180 1203
1203 1218
1220 1225
Case #80: 18
19 162
162 297
297 424
424 543
543 654
654 757
757 852
852 939
939 1018
1018 1089
1089 1152
1152 1207
1207 1254
1254 1293
1293 1324
1324 1347
1347 1362
1364 1369
Case #81: 17
19 162
162 297
297 424
424 543
543 654
654 757
757 852
852 939
939 1018
1018 1089
1089 1152
1152 1207
1207 1254
1254 1293
1293 1324
1324 1347
1351 1364
Case #82: 3
18 153
153 280
795 874
Case #83: 18
20 171
171 314
314 449
449 576
576 695
695 806
806 909
909 1004
1004 1091
1091 1170
1170 1241
1241 1304
1304 1359
1359 1406
1406 1445
1445 1476
1476 1499
1503 1516
Case #84: 6
15 126
126 229
229 324
324 411
411 490
726 765
Case #85: 18
20 171
171 314
314 449
449 576
576 695
695 806
806 909
909 1004
1004 1091
1091 1170
1170 1241
1241 1304
1304 1359
1359 1406
1406 1445
1445 1476
1476 1499
1499 1514
Case #86: 5
14 117
117 212
212 299
299 378
719 728
Case #87: 2
11 90
193 252
Case #88: 9
13 108
108 195
195 274
274 345
345 408
408 463
463 510
510 549
598 615
Case #89: 18
19 162
162 297
297 424
424 543
543 654
654 757
757 852
852 939
939 1018
1018 1089
1089 1152
1152 1207
1207 1254
1254 1293
1293 1324
1324 1347
1347 1362
1366 1369
Case #90: 3
10 81
81 144
256 293
Case #91: 3
18 153
153 280
1211 1222
Case #92: 18
20 171
171 314
314 449
449 576
576 695
695 806
806 909
909 1004
1004 1091
1091 1170
1170 1241
1241 1304
1304 1359
1359 1406
1406 1445
1445 1476
1476 1499
1507 1518
Case #93: 1
82 103
Case #94: IMPOSSIBLE
Case #95: IMPOSSIBLE
Case #96: 1
1211 1222
Case #97: 16
18 153
153 280
280 399
399 510
510 613
613 708
708 795
795 874
874 945
945 1008
1008 1063
1063 1110
1110 1149
1149 1180
1180 1203
1211 1222
Case #98: 7
11 90
90 161
161 224
224 279
279 326
326 365
434 441
Case #99: 1
1075 1086
Case #100: 2
6 45
61 88
