100
12 1000000000
86860074 45777112 86669268 36132845 74933233 156340583 73598671 14550846 55327010 137898598 53083481 80771272
30082417 76022485 161075013 117468166 128524817 119041459 121637869 50614215 57627250 12854589 49742864 20099147
12 1000000000
1000000000 1000000000 1000000000 1000000000 1000000000 1000000000 1000000000 1000000000 1000000000 1000000000 1000000000 1000000000
1000000000 1000000000 1000000000 1000000000 1000000000 1000000000 1000000000 1000000000 1000000000 1000000000 1000000000 1000000000
1 476857886
433377051
221271875
12 36836765
857834296 196596560 448654894 963049407 693617020 815349897 194856760 867859119 448685787 875161955 155012862 357819675
816752605 269590629 56942697 374484921 852413246 518136335 387258523 936961302 330028490 361025614 440050158 119392312
5 5744194
254528601 676145803 802061950 261779028 181582339
519540718 393397880 559670381 576620496 428249689
11 895477009
190329289 386287380 26710578 378886472 296772456 765784486 405194579 634916803 457413556 699970711 81562328
582005885 413962399 72309770 965112731 816881578 488488782 266675896 572140975 603724304 925220830 905439596
10 624660121
49681791 762544759 293381105 788690468 359194503 53101782 755890146 179154428 666637680 943714941
105882261 67195532 143335078 289609240 25946877 702637099 456537016 151514191 747995755 442893785
9 766503287
999792715 902748601 266906097 740394794 458495444 510811495 86074222 277997817 806162094
590799800 152478812 52251418 75506200 510755286 132508615 797428161 340962364 559857376
4 750732997
642776017 191186752 432041311 91268298
606834991 636000913 839436146 990431623
12 20413736
757108775 78486341 429472930 674060666 292372891 550433583 849101778 26738408 58186242 263028191 918002368 286913639
452158283 951757710 457962800 655792501 797580915 435644314 524494926 578328358 925861905 126097674 130377721 720162026
9 729008689
669874652 859787244 135678921 242630511 322332976 11333957 934505414 720347717 306513975
488038615 89145247 848467027 721714490 917049987 168653669 410767038 971536830 238512927
10 768027388
397168503 571789748 614505841 196947764 544120981 645274234 484798231 369634933 615566525 332464647
642697156 689218938 988070229 937072366 292017351 672507377 417380371 600377939 905954915 899617555
11 271620214
428352950 724334797 69152982 448390094 680506684 815717177 324152969 892775171 516099728 214342505 286998200
532891203 515664212 81818384 129047968 648783446 145827287 661247879 670926112 151280890 612839156 691757247
1 178796025
751868292
899898059
3 732676008
131292236 775524125 501128086
33606353 718659853 780284036
4 647879850
318875444 358653543 498483590 375258711
158902782 359708904 293108711 466647796
1 490083763
520371597
807514961
9 193230495
756669027 905200869 222381159 678879314 780120338 110402190 720934270 759780081 692641545
41821506 506429254 455022752 151983743 377072711 224321341 716672407 88817898 549862607
7 860119955
561536464 260500285 158320017 435358948 824633803 572698890 511803954
999351344 779828757 287105120 354008198 398488844 714057386 128760468
11 451057238
368055857 684760645 490098846 990521424 437838802 470915409 272183609 418459382 924341453 512112609 178547712
22896763 939969640 271193465 91182608 671086469 842659294 740167138 513085847 431084381 389274757 885995348
11 193649437
145228569 856410101 797397269 913932656 109224066 338661172 858466216 205918009 117660452 914737603 703694188
250166685 216687009 216041275 314130353 270033742 31255874 493425006 726076385 967350664 149912549 927846386
5 56950076
873839162 133532315 906423394 433828405 931051951
763467785 888354616 499456903 368660820 974628929
5 805556449
25338572 48106262 533752786 412583968 324825759
808256084 828174410 390478353 628772409 195524197
10 722399813
958489357 291578154 305929110 765789489 482195736 246607130 277719900 69520413 78233697 966059929
695746616 595610598 752720655 471608859 58063091 473237722 427521919 758853734 414468035 336057876
2 431091999
514415372 736610204
275888117 850129451
8 525690628
755644709 476907678 66481260 836374735 944991011 561383686 469192922 211989084
558306181 604569015 295110692 116570133 165967111 942857693 51942002 859137900
10 194611035
411289784 834540670 163604435 545409541 134632386 403097907 934629419 900489535 598020923 267166098
355052506 873352444 954919199 554389874 166560140 849245154 752429951 520909525 718005428 690352328
7 898566032
701284452 108387008 497997925 42297246 186224640 566029600 944133091
861816681 545517867 737237627 312864194 432318331 427304779 302478243
9 86500275
912530972 873624861 541734264 720199940 739247092 101393225 309715020 602683862 605950033
536212182 932110756 198404689 864593086 309751211 464162746 204650128 829616210 17646615
9 821280489
279318118 782145221 716189347 85662316 396799585 296578707 551823562 922102476 425551246
305878567 344729015 80615365 196026610 546433873 322516407 324701481 172320174 949436750
6 295593874
896832722 926921828 433660899 553954692 153827766 741487173
546951062 528762951 577856664 366278319 894715687 839190678
11 168090037
167818621 210509187 894448024 209211645 621140773 253423724 892529465 148303730 528081575 417430841 345677010
865444624 400116914 571740139 736614415 563776232 375780957 345197785 484878287 407148090 34036186 74770969
3 361861126
115071283 960153317 534438298
273026160 469976003 15838874
2 353789232
800991575 390604053
183547680 771812782
11 73986924
902303300 267240171 108515502 982271626 120849348 108681320 680588235 729985050 662238958 581331038 739730207
833792268 629589071 481113448 353195234 377928481 203257646 253547158 559236442 456626084 175549089 647258612
9 405466497
902969805 94862507 518170945 294123336 279438054 457651162 618873793 587491195 336423459
96198570 851197938 702191122 279275896 361447943 992039297 260145945 53915210 503498649
9 764141916
260576208 759158651 383195953 882358862 742274072 975770371 20631364 163138299 564577921
329957739 756567869 500109049 912605237 238835119 427738645 864623362 446001176 945518873
2 977752886
886119640 125461246
958313838 110945411
2 280562036
221225848 998969274
729533043 910166714
2 726131877
119502756 476525162
32838724 30193045
11 839258328
552107 15907642 696334651 302082500 656695808 560133968 902846506 981880896 42130278 603632102 413349135
390031010 156826136 835325942 114789957 840584236 916852034 880267063 941642211 332296942 933071395 737181362
2 913257062
686348831 14974685
848793843 629555916
3 426564688
376871412 286881219 302940071
601232820 200865339 7083771
7 736161716
328681698 493600874 868100804 801992539 417858885 150085847 329651296
853124900 142717627 954211719 311225725 373558310 643415384 627399426
8 349116882
261030538 967801088 555006510 475820276 281589713 726269674 550717686 437445056
528911746 212798467 774176247 232355258 110839778 316316075 825215795 728523810
11 386903746
90939821 638317954 724089056 755606044 813503049 359170580 579470003 43721028 144003563 661578549 55872959
209055711 605532906 458564083 499042692 8610016 50029020 438574198 217454901 117100296 664305637 257093997
3 53543424
535048650 673663371 449804215
188612090 376435322 625510210
1 595325305
430587151
756461896
3 855058448
798819739 992173764 155049276
684653181 183716856 387788074
11 910669951
405889024 33572576 66875607 867844998 490962650 363151118 928228017 552021595 874795791 821747892 700918066
900404881 722451145 987426890 305989238 803328492 755967111 494909767 738404733 186993023 374517879 699628797
11 525759993
104076415 61691858 979859326 879181998 451490309 163593665 739088320 552796874 934879739 674802164 153027077
152222373 49587005 792436755 776043728 665339276 817091039 599444009 72263613 630968321 284978403 3230894
9 308006781
883645161 339232468 606562643 120171790 48025700 572769606 905520122 767962210 300595195
154990418 956466713 50502013 170375578 348880921 875499214 19216064 359385150 541797109
12 242099736
377375970 844180912 414815563 222764816 896068582 874154983 901428280 300720971 917896489 469759624 194693479 203395130
914042559 722299607 687264589 32118292 474183631 448796519 963690639 307875143 435574877 330911634 15652675 932475837
6 886073145
662523778 51190138 467152821 834060322 178154514 861074495
694113781 483016006 624176140 642124256 229040489 790266036
5 287973573
816595536 746343551 682566106 898530791 28847463
586123612 133197462 392677381 942574838 30580370
3 318047326
704414704 583212605 111882796
856375422 911367384 826489899
4 853858278
161814458 262198289 234189138 608497344
557591705 113332248 335556469 936911828
7 365390244
186027141 315364112 773693478 896871376 377773885 600387561 573741384
825866219 453601463 693225477 965063872 69248909 782057532 887753492
12 260728702
102092387 955070422 451763023 83104463 461072957 722205481 204878529 375973223 657274517 374362819 319809769 286807853
743928662 264269707 310814970 289523587 238396020 346648911 619316720 252421482 392328621 341126181 571262806 35630979
6 156935013
936992277 481323427 857429551 240558173 368784940 300371747
974537219 853629601 515266443 583532241 638771202 139995865
11 538774780
452623174 74557590 180405305 470633259 964010209 349226726 188258657 938359029 993034815 575171906 385305816
466836400 584105396 132486237 307667355 781705593 899884482 217816462 748529056 151841061 186801965 578665524
1 735836799
707169675
730067536
11 230857575
249332787 253745452 797672022 481169174 590876207 593641661 761581479 378113931 131206558 559548489 479513305
734114702 222232341 99697421 596376736 844508778 891686707 286989933 704720071 144744325 487960106 823274457
6 109827824
9760034 423914514 635800500 5706195 628380747 327884698
221800658 970913872 946933582 270765652 95391528 41433004
9 863920047
173265401 56481077 71888869 989189687 118793707 607156352 337105855 674435022 260439842
589791464 813827250 768769376 452685892 928433416 849035649 101367929 389004371 194269914
8 403581541
443557975 840935405 201647258 739973909 652773407 138613564 50391075 735215576
504029041 634636208 12963046 638665312 670271658 393146491 882615927 817968011
5 374618311
948216206 864796736 933464255 7686675 410668168
627669138 293580083 333428486 147777330 486433652
2 860453002
976395638 10063604
941080691 890632315
8 628275676
710466991 740897584 797358050 9651988 471311901 510223095 523607394 643590868
444527248 862551778 842965732 783745984 179659190 630092483 655346874 949376969
7 826400422
80700682 765361097 764053946 195774306 812654896 351369528 522520202
464706695 907084161 368199347 453329356 535748029 943882022 844632689
4 753838487
583544271 145616992 784276642 216880377
316448143 222549233 816375347 416021601
2 368590703
388841995 378802204
980918524 241557453
9 425824011
301993343 719465209 530241542 56576683 136596847 304693835 23930197 646239942 859138554
610861400 466178778 662769289 900345201 379950405 795066572 792032101 693832184 232112812
4 38608667
150958313 136279247 557866332 913952650
585333079 140085147 320620655 436719809
8 774154256
346909426 654260668 681514329 556938698 68126716 675997701 304694795 573780434
974098487 775227265 438480546 940010962 980334072 460179367 999922591 756272326
1 362072168
690238127
743370319
4 177445200
623265558 752435058 629964157 993413588
718734649 471877452 449399509 401144853
12 661775811
986165139 685344316 438947848 917046359 731173090 306691558 331287428 391607452 686360235 900496091 978114761 230948490
872827277 37192346 589088063 236678947 178751679 577883095 884285516 640165713 6795260 328519754 340233953 233694869
10 98885593
290018472 457349657 823438002 432700692 486197079 75491205 215826745 671461560 381671788 183868431
317900287 746956069 588608692 218026849 234750309 636621043 548325112 942017321 300533217 231378198
6 926591080
446044087 951096988 489475879 943329535 354040854 837710450
481380022 506456946 145568147 729994589 30815640 982318220
5 875344493
283281709 741111722 645388594 79619143 301823863
620319727 946808043 690431066 428234610 639287710
12 847565711
291694649 287729146 727206816 487628704 896904002 489014849 945434032 882925379 379758356 771060594 52380088 439453309
423932061 626980885 965815047 647128961 840011774 701939886 928550603 323530023 769258759 268427597 231253401 473532842
2 114792692
459170299 184550248
579085817 717312098
9 800533228
860140660 732775994 922300407 705329583 256691351 186890105 533956793 839414443 11674087
78764265 575214269 330574955 126026003 217182260 211876680 837171268 417230621 918222750
9 105598016
461169474 719708817 569455792 556884040 329920793 256274465 955701345 498804594 536629448
311565468 571005755 791335630 57227483 898008121 305992973 16238439 698972496 107825298
9 205201522
649917987 534832706 837959022 714759272 659859128 976206061 455041780 370774770 846943392
760663189 231556475 711903108 390326656 409774543 879032735 206278263 702910532 779672273
5 740643676
946567799 878784474 371267214 396183249 185107715
480967718 845010138 334290100 141483560 159314356
11 462092027
695727235 295285097 769677685 585781742 726678361 251353057 104011555 812818723 130603445 783180545 375742425
148987284 741549204 687374455 801061719 580428534 661323840 470963420 215138053 311361771 787884330 253004608
9 587106437
923813699 629884897 451971100 608481532 981086020 913201741 740348554 9290515 892900692
91366549 449184650 663497435 722621502 903974448 956162484 330518394 971222920 183563520
4 153511995
653966097 854226361 44428538 50600271
887458672 272887780 167171451 309914694
7 590626712
93854168 50676977 705855806 384991672 413362452 466098310 748608732
535100123 592567013 117713256 992006920 337446038 433146426 85068901
3 236824863
96340488 515840748 707268435
460230234 645507546 318827521
5 44995663
507737730 229733376 854148929 664315 883273286
158541160 798877243 295152428 535953624 724229530
5 912125305
467732607 236387770 234335793 402385494 506265799
434252517 610476318 576453301 491506019 3446723
7 523961168
895162670 72517141 600964647 505701066 478171404 970067000 574548122
180167561 200241474 221525385 996842071 541007443 204331139 30963009
7 369216176
631605244 538688106 236567241 789698194 971152721 297473760 960796643
162298123 871824080 651529716 826660074 964951285 378480372 938581970
8 440058226
902507316 377078693 642333482 31523445 370586829 178595120 255793251 187139031
79069956 596092691 898361794 799560250 157607524 803671554 255742597 525434202
12 968829376
792202567 410672763 939372502 107651549 181125116 773124860 154980143 755937526 839970525 491678657 181988439 665798132
566300638 781111058 858854564 3086328 1535421 285959647 874542979 456013702 502727014 439829992 521293913 666021371
12 527590146
988113488 106916562 53809605 847478342 790376280 36525480 983060975 135913467 292389474 886859498 967826340 680657034
561842182 721308209 267728869 567542088 779792515 227665382 858871430 15017907 715968353 981662538 57512194 555241801
2 277229127
838643162 117404186
180670917 650374568
