20
6 7 2
1111111
1122271
1211521
1329131
1242121
1122211
3 3 7
123
234
345
10 10 22
4763095850
7631223212
2725414939
1452726303
2213679432
9036742345
5249909650
9912913057
5414239465
1378260246
10 10 73
6676917764
0574430105
5172261254
4134045913
4301745985
4592730065
7290696387
8408805513
2681077273
9458649270
10 10 8
1679245014
0836987624
5346895203
8043423180
8495836317
7136385948
0813243408
3025986435
4267896380
4105429761
10 10 100
9463501108
9701080341
2563177468
7543826136
9261460416
7343870618
6952434067
9505763904
7901288562
3239774103
10 10 74
9664093485
9354868148
0548458750
0469968438
1416824838
7553318396
3100218061
0754656041
1166428459
0123354172
10 10 2
7636533188
4435655044
7553335928
6544425561
5536554723
3235636520
5821046223
3959853545
0891164946
2944161793
10 10 49
5011575459
4493171760
5561108846
5382835683
8011655120
1713944441
5751105308
6710624056
3809345081
3171923054
10 10 20
4124013134
7245256345
8478558558
5124014025
6245346346
8457557568
4033034123
6246236337
8577467468
4034123024
10 10 53
2128721168
2118103201
8436757357
1241940417
0119398578
4065575560
3875893911
5714049142
7753757634
7102301811
10 10 44
3745545444
7652754355
9614419416
1544492264
7581735585
7356454454
8445417344
9455635635
3364262561
7401183285
3 3 42
560
073
602
3 3 52
000
000
000
10 10 100
9999999999
9999999999
9999999999
9999999999
9999999999
9999999999
9999999999
9999999999
9999999999
9999999999
10 10 47
3620499947
1787748805
9535972138
7787117723
4026320820
3570737940
8491254148
4908502587
7324309014
1900248852
10 10 60
3455454854
6454544508
3766376442
3462464427
5255552484
5575484442
5435626610
3643446456
0751295019
5889621364
10 10 37
7809769212
5661262600
2068439376
2472440581
9307623803
1247002130
0747983151
5665449759
1637549874
8722433950
10 10 17
8412503268
0252050492
8422693351
0489613502
1820043855
5583400281
2053169840
1533962248
2940502520
8623052148
10 10 36
4937466207
0348811761
4451507582
4727904914
2051512912
2192151502
4194097274
2857051544
1671188430
7026647394
