100
2 10
0 1 2 3 4 5 6 7 8 9
3 1
13
1 5
6 6 6 6 6
2 4
3 1 8 9
3 10
10 9 8 7 6 5 4 3 2 1
4 10
10 9 8 7 6 5 4 3 2 1
3 10
0 1 2 3 4 5 6 7 8 9
4 10
0 1 2 3 4 5 6 7 8 9
1 6
5 4 3 2 1 0
4 5
9972 7479 4986 2493 0
4 10
1 2 4 8 16 32 64 128 256 512
4 10
4 8 16 32 64 128 256 512 1024 831
1 1
0
4 1
123
3 1
996
4 2
0 0
1 2
0 1
4 2
5234 5234
4 10
0 0 0 0 0 0 0 0 0 0
4 10
1 0 1 0 1 0 1 0 1 0
4 3
17 7276 8084
4 4
17 7276 8084 7147
3 3
359 363 367
4 3
8040 4024 2016
4 3
9972 8080 9854
4 10
3717 2233 2233 2233 2233 2233 2233 2233 2233 2233
4 10
1632 544 544 544 544 544 544 544 544 544
4 10
8675 9173 9173 9173 9173 9173 9173 9173 9173 9173
4 10
3719 860 860 860 860 860 860 860 860 860
4 10
1045 500 500 500 500 500 500 500 500 500
4 2
1344 823
4 3
2024 2080 3497
4 4
981 1814 403 222
4 5
1814 2108 5194 2430 5119
4 6
2776 5583 5535 3233 5008 3298
3 4
598 70 580 466
4 3
2897 492 1947
4 4
282 5930 7766 7295
4 3
4792 5515 3913
4 4
1188 3532 300 6463
4 3
8681 3347 4823
4 4
667 2271 1830 739
3 3
209 337 365
3 4
30 59 122 2
4 3
716 1061 1987
3 4
132 193 40 91
4 3
2318 3999 1233
3 4
209 839 487 796
4 3
296 2263 1195
3 4
3 99 68 69
4 3
278 2099 522
3 4
964 88 640 928
4 3
967 1994 1044
4 4
724 1259 1346 907
4 3
2293 238 2377
4 4
1735 2450 2613 1502
3 3
394 256 120
3 4
124 143 75 138
4 3
5466 3755 1897
4 10
3901 3902 3903 3904 3905 3906 3907 3908 3909 3910
3 10
441 443 445 447 449 451 453 455 457 459
3 10
301 304 307 310 313 316 319 322 325 328
2 3
46 35 24
3 3
103 92 114
4 3
5450 5407 5192
4 4
2394 69 852 3779
4 5
4976 3484 1873 194 5302
4 8
33 22 19 31 30 34 18 35
4 10
8609 1340 8354 1069 7585 4512 6331 7096 7909 1455
4 4
4140 1619 4152 4744
4 10
20 39 0 11 10 25 5 18 28 1
4 9
132 73 184 285 64 77 130 100 48
4 9
10 73 10 73 10 73 10 73 10
4 5
326 119 83 258 239
4 3
1646 3010 2403
4 9
7 22 35 40 13 46 37 1 45
4 8
133 1090 448 154 1313 30 336 1343
4 3
1455 42 798
4 5
144 2 58 138 15
4 9
2883 1118 5215 5440 5690 2506 2430 3211 617
4 7
4 22 18 6 28 7 2
4 4
46 30 53 61
4 8
1029 263 2227 2154 744 1556 566 2265
4 9
51 15 27 23 44 37 0 32 41
4 3
1194 388 2378
4 6
55 6 36 45 3 50
4 5
383 387 44 119 439
4 8
3772 3145 247 4744 1231 2000 4148 2539
4 4
9 177 136 120
4 9
12 4 4 4 4 4 4 4 4
4 3
176 392 151
4 8
82 10 6 15 57 4 61 78
4 3
25 5 52
4 4
16 19 2 26
4 3
1360 887 184
4 3
173 411 514
4 7
3 9 21 14 0 3 9
4 10
298 203 99 91 316 11 52 313 43 409
4 6
9 2153 1712 823 2332 2120
4 4
172 687 62 639
