20
4 right
0 0 2 4
0 0 4 8
0 2 16 32
0 2 2 16
4 up
0 0 2 4
0 0 4 8
0 2 16 32
0 0 4 16
4 up
0 0 0 0
0 0 0 0
0 0 0 0
0 0 0 0
4 down
2 2 2 2
2 2 2 2
2 2 2 2
2 2 2 2
4 left
2 2 2 2
2 2 2 2
2 2 2 2
2 2 2 2
4 right
2 2 2 2
2 2 2 2
2 2 2 2
2 2 2 2
4 up
2 2 2 2
2 2 2 2
2 2 2 2
2 2 2 2
4 left
2 2 4 4
2 2 4 4
2 2 4 4
2 2 4 4
4 down
1024 1024 1024 1024
1024 1024 1024 1024
1024 1024 1024 1024
1024 1024 1024 1024
4 left
1024 1024 1024 1024
1024 1024 1024 1024
1024 1024 1024 1024
1024 1024 1024 1024
4 right
1024 1024 1024 1024
1024 1024 1024 1024
1024 1024 1024 1024
1024 1024 1024 1024
4 up
1024 1024 1024 1024
1024 1024 1024 1024
1024 1024 1024 1024
1024 1024 1024 1024
4 up
2 0 512 0
0 0 64 0
0 512 0 0
0 32 0 0
4 down
0 0 0 0
8 0 0 4
0 0 0 4
0 0 0 0
4 right
0 2 0 2
0 0 0 0
0 2 0 0
0 4 0 0
4 right
0 4 0 0
0 4 0 4
4 0 64 0
0 0 4 0
4 up
64 2 512 64
0 64 64 2
32 1024 2 4
2 32 0 512
4 down
512 4 4 2
4 2 64 128
2 0 0 64
8 4 2 4
4 up
0 0 4 2
64 0 2 4
4 0 4 4
4 4 2 2
4 down
2 2 4 8
0 2 4 4
2 0 0 0
2 0 2 2
