100
666637680 943714941 105882260 67195531 143335077 289609239 25946876 702637098 456537015
16 0 5 0 0 6 10 0 0
133197462 392677380 942574838 30580369 235360096 1000000000 318047326 704414704 583212604
457413556 699970711 81562328 582005884 413962399 72309770 965112731 816881578 488488782
0 0 0 0 2 0 1 1 0
151983742 377072710 224321340 716672407 88817898 549862607 568811252 860119955 561536464
0 0 0 0 0 0 10 0 0
4 7 1 1 0 0 0 0 0
0 0 1 0 5 12 0 0 13
720162025 1000000000 720151862 729008689 669874652 859787243 135678920 242630510 322332976
0 0 0 5 0 18 0 0 0
0 0 0 0 0 0 0 0 12
5 0 0 0 9 8 0 0 0
345197785 484878287 407148089 34036186 74770968 233792536 361861125 115071282 960153317
69152981 448390093 680506684 815717177 324152968 892775171 516099728 214342504 286998199
101393224 309715020 602683862 605950032 536212182 932110756 198404689 864593086 309751211
922102476 425551245 305878566 344729015 1000000000 80615364 196026609 546433872 322516406
967801088 555006509 475820276 281589713 726269674 550717685 437445056 528911745 212798466
221271875 972626296 36836764 857834296 196596559 448654894 963049407 693617019 815349896
440050157 119392311 346145805 1000000000 5744193 254528601 676145803 802061949 261779028
357819675 816752605 269590628 56942696 374484921 852413246 518136334 387258522 936961302
4 4 0 0 0 0 18 0 0
0 0 0 2 0 14 0 5 17
0 3 0 6 0 0 0 2 12
20413735 757108775 78486340 429472930 674060666 292372891 550433583 849101778 26738408
2 3 8 0 1 0 0 0 0
499456902 368660819 974628929 409163370 805556449 25338571 48106261 533752786 412583967
89145246 848467027 721714490 917049987 1000000000 168653669 410767037 971536830 238512926
308006781 883645161 339232468 606562642 120171789 48025699 1000000000 572769605 905520122
18 0 18 0 5 0 0 0 0
442893784 675705395 766503286 999792715 902748601 266906096 1000000000 740394794 458495443
110839777 316316074 825215795 728523810 877829360 386903745 90939820 638317953 724089056
0 0 0 0 0 0 0 15 19
0 0 0 0 0 0 0 0 720347717
18 0 15 0 0 0 14 0 0
23177618 595325305 430587151 756461896 198409458 855058448 798819739 992173764 155049276
0 0 0 0 0 4 0 0 0
857429551 240558172 368784940 300371746 974537219 853629601 515266443 583532241 638771201
0 0 0 0 0 0 0 0 16
0 18 0 0 0 0 0 0 0
0 0 19 11 0 18 0 0 0
260145944 53915210 503498649 667647164 764141916 260576207 759158650 383195953 882358862
0 10 9 0 0 1 0 0 0
0 16 1 0 0 0 0 0 7
178547711 22896762 939969640 271193464 91182608 671086468 842659293 740167137 513085847
154990417 956466713 50502013 170375578 348880920 875499214 19216063 359385149 541797109
0 0 0 0 0 0 0 448685787 0
771148895 714248747 729827207 303685287 345763495 77127533 298457180 120594880 33050495
428249689 868552756 895477009 190329288 386287379 26710578 378886471 296772455 765784485
3 0 0 0 0 10 0 0 0
0 0 0 0 0 0 0 12 0
0 0 0 0 0 0 0 1 0
0 0 0 0 393397881 0 0 0 0
859137900 817955362 194611035 411289783 834540670 163604434 545409541 134632386 403097906
453601463 693225476 965063872 69248908 782057532 887753492 974040055 260728702 102092386
312864194 432318330 427304779 302478242 694615737 86500274 912530972 873624861 541734263
686348831 14974684 848793842 629555916 246964164 426564687 376871411 286881219 1000000000
1000000000 696334651 302082499 656695807 560133968 902846506 981880896 42130277 603632101
117100295 664305637 257093996 247873046 53543423 535048649 673663370 449804214 188612089
302726373 750732997 642776017 191186751 432041310 91268298 606834991 636000913 839436146
0 0 0 0 12 0 0 0 0
435358947 1000000000 824633803 572698890 511803953 999351344 779828757 287105119 354008198
951757710 457962799 655792501 797580914 1000000000 435644314 524494926 578328358 925861905
3 1 1 1 0 0 0 0 0
1000000000 1000000000 1000000000 1000000000 1000000000 1000000000 1000000000 1000000000 1000000000
1 0 25 0 0 2 0 0 2
911367383 826489899 289362136 853858278 161814457 262198289 234189138 1000000000 608497343
353195234 377928481 203257646 253547157 559236442 456626084 175549088 647258612 708187609
0 0 918002367 0 0 0 0 0 0
200865338 7083770 570490939 736161715 328681697 1000000000 493600873 868100804 801992539
498483590 375258711 158902781 1000000000 359708904 293108711 466647796 82985972 490083762
81818383 129047968 648783446 145827287 661247879 670926112 151280889 612839156 691757246
0 1 1 10 6 0 0 0 0
1000000000 78233696 966059929 695746616 595610598 752720655 471608858 58063090 473237721
732676008 131292236 775524125 501128085 33606352 718659853 780284036 313992124 647879849
722299606 687264589 32118291 474183631 448796519 963690639 307875142 435574877 1000000000
20631363 163138298 564577921 329957738 756567869 500109049 912605237 238835118 427738645
885995348 848741960 193649436 145228569 856410101 797397269 913932656 109224065 338661171
120849347 108681319 680588234 729985049 662238958 581331038 739730207 833792268 1000000000
149912548 927846386 347043927 56950075 873839162 133532314 906423394 433828405 931051951
867659866 525759992 104076414 61691857 979859326 879181998 451490309 163593665 739088320
0 0 0 0 0 0 8 0 0
598020923 267166097 355052506 873352444 954919198 554389873 166560139 849245154 752429951
892529465 148303729 528081575 417430841 345677009 865444624 400116914 571740139 736614414
83104462 461072957 722205481 204878528 375973223 657274517 374362819 319809768 286807852
3 0 0 0 0 0 3 0 2
0 751868291 0 0 0 0 0 0 0
5 5 5 5 5 5 5 10 99999
900404881 722451145 987426890 305989238 803328492 755967111 494909767 738404733 186993023
15 0 0 14 15 0 0 0 0
949436750 1000000000 478879027 295593873 896832722 926921828 433660899 553954691 153827765
1000000000 932475837 451380038 886073144 662523777 51190137 467152821 834060322 178154513
2 10 2 1 1 0 0 0 0
910166714 100850756 726131877 119502755 476525162 32838723 30193045 835410762 839258327
0 0 0 0 1 0 0 0 0
397168503 571789748 614505841 196947763 544120981 645274233 484798231 369634932 615566525
414468035 336057875 105543139 431091998 514415371 736610204 275888117 850129451 647511984
0 0 2 0 0 1 0 0 0
0 5 4 0 0 0 0 0 0
0 0 0 0 3 9 0 10 0
