Case #1: 0 2 3 1
Case #2: 1 3 5 4 6 7 0 11 2 10 8 9
Case #3: 9 6 4 0 2 5 7 8 1 3
Case #4: 0 1
Case #5: 0
Case #6: 1 0
Case #7: 0 1 2 3 4
Case #8: 0 1
Case #9: 0
Case #10: 0 1 2 3
Case #11: 5 11 3 13 15 16 2 7 8 1 4 10 0 12 14 9 6
Case #12: 6 1 0 5 3 8 2 7 4
Case #13: 0 1 2 3 4 5 6 7 8
Case #14: 0
Case #15: 3 2 5 1 0 4
Case #16: 0
Case #17: 0 1 2 3 4 5 6 7 8 9 10 11 12 13 14 15 16 17 18 19
Case #18: 0 1 2 3
Case #19: 0
Case #20: 4 1 5 0 2 3 6
Case #21: 0 1 2
Case #22: 1 2 0
Case #23: 0 1 3 4 6 2 5
Case #24: 0 2 3 4 5 9 10 6 8 11 1 7 12 13
Case #25: 0 1 2 3 4 5
Case #26: 2 4 5 1 0 3 6
Case #27: 0 1 2 3 4 5
Case #28: 4 3 6 5 1 0 2
Case #29: 0 1
Case #30: 0 1 2 3 4
Case #31: 0 1 2 3
Case #32: 1 4 11 5 6 0 7 3 10 12 9 8 2
Case #33: 0 1
Case #34: 3 1 2 4 5 0
Case #35: 0 9 15 7 10 14 1 5 8 2 3 4 6 11 12 13
Case #36: 0 4 6 7 8 9 1 2 3 5 10 11 12
Case #37: 9 2 15 6 3 13 10 12 0 4 8 11 1 14 5 7 16
Case #38: 0
Case #39: 0 1
Case #40: 11 7 2 9 17 0 3 8 10 1 6 14 18 13 16 5 12 4 15
Case #41: 1 2 4 0 3 5
Case #42: 0 1 2 3 4 5 6 7 8 9 10 11 12 13 14 15 16 17 18 19
Case #43: 0 1
Case #44: 7 8 12 11 2 5 13 0 3 4 10 14 9 6 1 15
Case #45: 0
Case #46: 0
Case #47: 1 4 0 5 2 3
Case #48: 0 1 2 3 4 5 6 7 8 9 10 11 12 13 14 15 16 17 18 19
Case #49: 0 1 2 3 4 5
Case #50: 0
Case #51: 0 4 2 6 5 3 1
Case #52: 0 1 2
Case #53: 0 1 2 3 4 5
Case #54: 0 1 2
Case #55: 2 0 1
Case #56: 11 6 10 13 2 1 4 8 0 9 5 16 15 12 3 7 14
Case #57: 0
Case #58: 11 0 6 10 13 3 12 1 7 14 15 2 4 5 8 9
Case #59: 0 1 2 3
Case #60: 0
Case #61: 5 4 10 9 2 3 0 1 6 8 7
Case #62: 0 4 9 11 2 12 8 1 6 7 5 10 3
Case #63: 0
Case #64: 0 1
Case #65: 0
Case #66: 0 1 2
Case #67: 0
Case #68: 0 7 10 12 11 4 1 3 8 9 14 16 5 2 13 17 15 6
Case #69: 0 1
Case #70: 2 3 4 5 0 1
Case #71: 6 17 5 14 19 1 18 15 4 10 9 0 16 2 12 3 8 7 13 11
Case #72: 6 0 2 4 5 7 8 9 1 3
Case #73: 5 7 1 2 3 4 0 6
Case #74: 8 5 10 0 3 4 6 11 12 1 2 7 9
Case #75: 1 2 4 0 5 3
Case #76: 0 1
Case #77: 1 3 4 8 0 6 7 2 5
Case #78: 0 6 4 1 2 3 5 7
Case #79: 5 7 4 0 1 6 2 3
Case #80: 1 0
Case #81: 2 18 5 12 17 0 3 10 14 15 4 8 9 11 13 16 1 6 7
Case #82: 5 2 3 11 6 0 1 8 10 4 7 9
Case #83: 9 1 2 4 12 7 5 6 11 0 8 10 3 13
Case #84: 0 1 2 3 4 5 6 7 8 9 10 11 12 13 14 15 16 17 18 19
Case #85: 0 2 1 3 4 5
Case #86: 1 6 0 2 3 4 5
Case #87: 6 2 1 0 5 7 3 4
Case #88: 8 9 6 2 3 7 4 1 5 0
Case #89: 0 2 3 9 10 1 4 5 6 7 8 11 12 13 14 15
Case #90: 0
Case #91: 1 0 2 3 4 5 6 7 8
Case #92: 0
Case #93: 0
Case #94: 6 0 8 7 9 1 2 3 5 4
Case #95: 4 1 2 5 3 0 6
Case #96: 0 1 2 3 4 5 6 7
Case #97: 10 4 2 9 12 0 5 1 7 6 13 11 14 8 3
Case #98: 1 0
Case #99: 0 1 2
Case #100: 4 5 6 7 1 0 2 3 8
