100
4
1 1 1 1
50 0 20 20
12
1 1 1 1 1 1 1 1 1 1 1 1
50 81 36 75 67 71 60 52 25 5 30 49
10
1 1 1 1 1 1 1 1 1 1
43 19 43 19 64 43 96 33 33 98
2
1 1
53 46
1
1
11
2
1 1
34 50
5
1 1 1 1 1
81 81 81 81 81
2
1 1
90 90
1
1
71
4
1 1 1 1
36 36 36 36
17
1 1 1 1 1 1 1 1 1 1 1 1 1 1 1 1 1
58 78 80 97 78 99 31 80 80 42 78 99 58 93 45 93 93
9
1 1 1 1 1 1 1 1 1
78 79 45 69 18 77 84 44 47
9
1 1 1 1 1 1 1 1 1
67 67 67 67 67 67 67 67 67
1
1
15
6
1 1 1 1 1 1
9 15 38 92 9 38
1
1
31
20
1 1 1 1 1 1 1 1 1 1 1 1 1 1 1 1 1 1 1 1
14 14 14 14 14 14 14 14 14 14 14 14 14 14 14 14 14 14 14 14
4
1 1 1 1
36 36 36 36
1
1
81
7
1 1 1 1 1 1 1
58 77 58 58 86 77 58
3
1 1 1
62 62 48
3
1 1 1
45 57 52
7
1 1 1 1 1 1 1
67 18 12 18 18 12 18
14
1 1 1 1 1 1 1 1 1 1 1 1 1 1
91 54 91 91 91 91 67 54 67 91 91 67 54 54
6
1 1 1 1 1 1
46 46 46 46 46 46
7
1 1 1 1 1 1 1
33 35 83 28 83 58 28
6
1 1 1 1 1 1
3 3 3 3 3 3
7
1 1 1 1 1 1 1
26 28 3 64 98 32 64
2
1 1
23 23
5
1 1 1 1 1
19 19 19 19 19
4
1 1 1 1
27 27 27 27
13
1 1 1 1 1 1 1 1 1 1 1 1 1
44 79 17 38 65 50 47 42 28 33 38 63 38
2
1 1
86 86
6
1 1 1 1 1 1
5 42 9 49 9 9
16
1 1 1 1 1 1 1 1 1 1 1 1 1 1 1 1
44 23 12 12 12 23 12 26 23 44 26 12 12 12 26 44
13
1 1 1 1 1 1 1 1 1 1 1 1 1
90 11 11 11 90 11 90 90 90 90 11 11 11
17
1 1 1 1 1 1 1 1 1 1 1 1 1 1 1 1 1
57 34 87 69 51 22 72 22 51 88 64 47 63 69 24 74 22
1
1
56
2
1 1
55 55
19
1 1 1 1 1 1 1 1 1 1 1 1 1 1 1 1 1 1 1
59 55 77 59 11 13 55 81 59 77 59 90 13 30 47 3 30 77 47
6
1 1 1 1 1 1
55 98 90 42 90 42
20
1 1 1 1 1 1 1 1 1 1 1 1 1 1 1 1 1 1 1 1
0 0 0 0 0 0 0 0 0 0 0 0 0 0 0 0 0 0 0 0
2
1 1
83 76
16
1 1 1 1 1 1 1 1 1 1 1 1 1 1 1 1
31 19 49 31 31 49 22 93 90 23 30 54 90 49 30 19
1
1
53
1
1
13
6
1 1 1 1 1 1
60 99 7 7 99 57
20
1 1 1 1 1 1 1 1 1 1 1 1 1 1 1 1 1 1 1 1
45 45 45 45 45 45 45 45 45 45 45 45 45 45 45 45 45 45 45 45
6
1 1 1 1 1 1
77 77 77 77 77 77
1
1
10
7
1 1 1 1 1 1 1
87 5 20 8 50 11 13
3
1 1 1
40 40 40
6
1 1 1 1 1 1
34 34 34 34 34 34
3
1 1 1
77 71 61
3
1 1 1
45 26 92
17
1 1 1 1 1 1 1 1 1 1 1 1 1 1 1 1 1
50 68 70 17 68 39 80 17 64 43 80 81 26 80 17 32 35
1
1
23
16
1 1 1 1 1 1 1 1 1 1 1 1 1 1 1 1
69 40 8 51 8 7 68 35 7 7 68 84 44 68 35 31
4
1 1 1 1
40 40 40 40
1
1
10
11
1 1 1 1 1 1 1 1 1 1 1
20 20 31 24 61 72 20 3 20 58 61
13
1 1 1 1 1 1 1 1 1 1 1 1 1
74 28 41 4 71 21 26 23 35 61 19 48 38
1
1
21
2
1 1
54 54
1
1
13
3
1 1 1
54 54 1
1
1
1
18
1 1 1 1 1 1 1 1 1 1 1 1 1 1 1 1 1 1
99 87 61 87 89 74 8 99 87 87 99 95 97 61 87 26 87 46
2
1 1
4 4
6
1 1 1 1 1 1
38 38 74 74 74 74
20
1 1 1 1 1 1 1 1 1 1 1 1 1 1 1 1 1 1 1 1
8 14 6 4 11 17 19 2 3 9 10 0 5 1 16 12 7 18 13 15
10
1 1 1 1 1 1 1 1 1 1
92 24 92 24 92 92 99 92 92 92
8
1 1 1 1 1 1 1 1
2 26 26 26 9 90 2 50
13
1 1 1 1 1 1 1 1 1 1 1 1 1
45 20 20 45 45 83 45 20 88 20 83 45 45
6
1 1 1 1 1 1
41 72 48 27 48 29
2
1 1
30 30
9
1 1 1 1 1 1 1 1 1
33 98 22 62 62 22 33 33 62
8
1 1 1 1 1 1 1 1
70 54 19 19 65 19 70 19
8
1 1 1 1 1 1 1 1
64 64 13 3 70 75 49 71
2
1 1
16 50
19
1 1 1 1 1 1 1 1 1 1 1 1 1 1 1 1 1 1 1
61 27 92 61 31 69 24 24 31 31 61 31 69 31 61 61 31 69 92
12
1 1 1 1 1 1 1 1 1 1 1 1
31 31 88 88 28 90 58 28 31 26 31 79
14
1 1 1 1 1 1 1 1 1 1 1 1 1 1
34 86 86 16 85 64 58 66 34 88 18 55 73 16
20
1 1 1 1 1 1 1 1 1 1 1 1 1 1 1 1 1 1 1 1
99 99 99 99 99 99 99 99 99 99 99 99 99 99 99 99 99 99 99 99
6
1 1 1 1 1 1
69 62 69 62 62 62
7
1 1 1 1 1 1 1
73 77 73 73 73 73 77
8
1 1 1 1 1 1 1 1
38 63 67 20 20 35 98 35
10
1 1 1 1 1 1 1 1 1 1
9 13 64 48 40 13 71 48 93 76
16
1 1 1 1 1 1 1 1 1 1 1 1 1 1 1 1
89 15 89 89 15 15 15 15 15 89 89 15 15 15 15 15
1
1
88
9
1 1 1 1 1 1 1 1 1
31 67 31 31 31 31 31 31 29
1
1
51
1
1
51
10
1 1 1 1 1 1 1 1 1 1
81 30 30 30 4 13 89 73 81 43
7
1 1 1 1 1 1 1
9 68 53 37 96 50 3
8
1 1 1 1 1 1 1 1
44 44 44 44 44 44 44 37
15
1 1 1 1 1 1 1 1 1 1 1 1 1 1 1
64 49 74 0 85 54 10 49 2 74 89 5 66 10 3
2
1 1
30 56
3
1 1 1
31 31 31
9
1 1 1 1 1 1 1 1 1
35 51 18 3 98 98 98 98 3
