100
97 35 3399179082
19 20 0
94 95 0
51 52 1
89 91 0
56 58 0
13 16 4
3 4 1
31 32 0
36 37 1
67 68 1
7 8 0
9 10 1
42 43 1
17 18 1
74 75 2
85 88 1
92 93 1
23 25 1
1 2 1
69 71 2
72 73 2
59 61 0
83 84 0
65 66 1
46 49 1
34 35 2
11 12 2
44 45 1
38 39 1
40 41 0
27 30 2
80 82 2
53 54 1
77 79 0
96 97 1
92 36 156011859
70 71 2
32 33 2
83 84 1
51 52 0
1 2 0
60 61 0
47 48 0
76 77 0
49 50 1
18 19 2
57 59 2
53 54 1
43 44 1
45 46 2
3 5 1
6 7 2
13 15 3
25 26 0
37 39 0
81 82 2
35 36 2
29 30 2
55 56 0
73 75 2
41 42 0
62 63 2
16 17 2
8 9 1
27 28 1
11 12 1
65 66 2
91 92 1
67 69 1
88 90 2
23 24 0
85 87 2
100 9 127313029423
71 86 3
81 96 4
51 66 5
11 26 2
21 36 5
41 56 0
1 16 1
61 76 2
31 46 1
100 31 430118082
80 81 2
16 17 2
77 79 1
92 94 0
6 8 3
96 97 0
3 4 0
70 71 1
88 90 0
54 55 0
29 30 0
61 64 4
31 32 1
33 38 0
65 66 1
44 45 2
11 13 2
67 69 3
59 60 0
1 2 2
39 40 0
26 27 0
84 86 1
73 76 1
18 20 3
14 15 0
46 48 3
49 50 0
51 53 0
22 25 0
99 100 1
99 9 3712797085
61 76 4
21 36 3
31 46 0
11 26 2
51 66 5
41 56 5
71 86 1
81 96 0
1 16 2
99 9 1310277271347
1 16 2
81 96 4
11 26 2
61 76 1
21 36 2
31 46 0
51 66 5
41 56 5
71 86 1
94 36 52404021
33 34 0
84 85 1
90 93 0
26 27 0
59 60 1
67 68 1
1 2 0
63 64 2
71 72 1
23 25 3
15 16 0
55 56 2
53 54 0
41 42 0
11 12 0
6 8 1
28 29 0
86 87 1
21 22 2
30 32 3
17 18 0
61 62 0
46 49 2
82 83 0
69 70 0
73 74 1
19 20 0
65 66 2
51 52 2
79 80 0
36 38 3
9 10 0
3 5 1
75 77 1
44 45 2
57 58 1
99 15 169648348567821
93 97 2
67 72 0
87 88 1
54 58 0
59 64 1
73 79 2
28 35 6
91 92 1
5 7 0
37 48 12
23 24 0
2 4 1
9 12 3
21 22 2
14 16 2
99 42 2436892
29 30 2
88 89 1
18 21 3
27 28 0
94 95 1
81 82 1
90 91 2
57 58 0
35 37 2
16 17 2
50 52 3
31 32 1
25 26 1
92 93 0
83 84 0
73 74 2
86 87 1
59 60 2
96 97 1
22 24 2
40 41 2
98 99 1
3 4 0
47 49 2
5 6 0
53 54 2
75 77 3
78 79 1
71 72 2
7 9 3
69 70 2
66 67 0
44 45 0
13 14 0
64 65 0
11 12 2
38 39 0
1 2 0
61 62 1
55 56 1
33 34 1
42 43 2
98 46 17615
52 53 0
90 91 1
69 70 2
38 39 2
32 33 1
24 25 1
84 85 1
9 10 2
57 58 0
5 6 1
73 74 1
50 51 0
7 8 1
55 56 1
48 49 2
13 14 0
65 66 2
71 72 0
1 2 2
34 36 0
92 93 2
11 12 2
67 68 0
61 62 2
44 45 2
59 60 2
63 64 2
40 41 2
82 83 2
20 21 0
26 27 1
22 23 0
28 29 1
78 79 0
30 31 0
18 19 1
42 43 0
88 89 2
46 47 2
94 95 0
75 77 2
3 4 2
15 17 0
80 81 2
96 98 3
86 87 0
99 37 180462198
36 37 1
67 71 0
57 59 0
92 93 1
14 15 0
78 79 0
72 74 0
23 24 2
63 64 1
65 66 0
16 17 2
48 49 2
4 5 0
85 86 2
54 56 0
81 84 0
75 76 1
42 44 2
52 53 0
45 46 2
40 41 1
2 3 1
21 22 0
94 95 2
12 13 1
18 19 1
61 62 1
6 7 2
31 32 1
8 11 3
33 35 3
96 97 0
38 39 2
50 51 0
87 91 3
28 29 0
26 27 1
99 9 10392980947
61 76 3
51 66 1
1 16 2
71 86 1
11 26 3
41 56 1
21 36 1
31 46 0
81 96 5
93 8 1422240436761
71 86 5
51 66 2
11 26 5
41 56 0
1 16 5
21 36 5
31 46 1
61 76 0
95 8 1645263251593
31 46 3
11 26 3
71 86 1
21 36 2
61 76 0
51 66 5
1 16 5
41 56 2
92 8 9309210908965
1 16 5
11 26 2
51 66 4
71 86 4
21 36 2
31 46 1
61 76 5
41 56 1
100 9 282868426350882489
7 18 1
40 44 4
30 33 4
82 88 2
20 22 2
26 28 2
63 73 7
47 51 3
93 94 1
100 9 1446091553
71 86 0
11 26 3
81 96 5
61 76 3
21 36 0
51 66 1
1 16 3
31 46 1
41 56 3
98 9 656578168
1 16 2
81 96 1
51 66 5
21 36 1
71 86 2
61 76 0
11 26 5
31 46 0
41 56 5
100 6 450764517076354505
26 41 10
71 86 7
52 54 2
13 17 1
43 45 0
1 6 4
98 3 244037314432866427
78 93 9
30 44 3
14 29 15
94 8 4800434389679
71 86 3
31 46 4
51 66 0
1 16 3
41 56 1
21 36 5
61 76 3
11 26 2
100 34 55156507765
78 79 1
76 77 1
94 95 2
39 40 0
21 22 0
89 92 0
87 88 0
16 17 0
41 42 2
23 24 0
26 27 2
9 12 2
3 5 0
43 44 0
28 32 4
52 54 2
70 72 1
47 48 1
85 86 1
65 66 2
63 64 0
1 2 0
59 60 2
19 20 2
6 8 2
67 68 0
80 81 2
36 37 1
74 75 0
13 15 0
57 58 1
33 34 2
96 97 2
82 84 2
98 9 1153534805
41 56 5
31 46 4
11 26 4
61 76 0
1 16 0
81 96 3
21 36 3
51 66 0
71 86 2
96 9 29629312803919
31 46 1
71 86 1
61 76 1
21 36 2
81 96 4
41 56 5
51 66 5
1 16 4
11 26 3
93 35 677748804
64 65 1
44 45 0
26 27 1
15 16 2
21 23 1
83 84 1
24 25 2
40 41 0
17 18 2
69 70 2
47 48 0
33 35 2
31 32 1
28 30 2
54 55 2
19 20 2
74 75 1
13 14 0
8 10 3
77 82 4
61 63 3
49 50 2
56 57 0
86 87 0
6 7 2
51 52 1
2 3 0
36 38 3
11 12 0
67 68 1
42 43 2
89 91 3
58 59 0
4 5 1
92 93 1
95 8 809182209
71 86 0
1 16 1
31 46 5
41 56 2
11 26 2
51 66 0
21 36 3
61 76 1
96 9 13498
41 56 0
11 26 4
31 46 3
71 86 2
1 16 2
21 36 0
61 76 0
81 96 1
51 66 2
100 9 10899779
31 46 2
81 96 4
11 26 0
41 56 0
1 16 0
51 66 5
71 86 5
21 36 0
61 76 2
95 8 5838833524
41 56 1
61 76 4
51 66 4
11 26 2
1 16 0
31 46 0
21 36 0
71 86 3
96 34 1904788323
17 18 0
15 16 0
92 93 2
52 53 0
13 14 2
3 4 2
95 96 2
50 51 0
23 24 0
1 2 0
80 81 2
40 41 2
61 62 1
19 20 1
5 7 3
42 47 4
73 74 0
76 77 2
58 60 2
66 68 1
69 70 0
55 56 0
34 35 1
37 39 1
78 79 0
32 33 1
82 83 2
10 12 3
84 87 3
25 27 2
8 9 2
71 72 2
88 89 0
48 49 0
96 9 14167143122
71 86 0
51 66 3
41 56 0
61 76 2
11 26 2
1 16 3
21 36 2
31 46 2
81 96 4
93 15 105237537103358968
22 25 0
46 48 3
38 39 0
11 13 2
81 84 1
14 16 0
69 78 5
17 18 0
50 54 2
28 30 1
57 60 4
63 64 2
4 7 2
19 21 0
90 92 3
95 24 75876736976673
89 90 2
73 74 2
32 33 0
23 24 2
37 38 2
62 63 0
54 57 3
44 45 1
86 88 1
39 40 2
59 61 1
67 69 0
49 53 4
8 11 0
3 5 0
13 18 4
26 29 2
92 94 3
46 48 3
81 82 1
34 35 0
64 65 1
84 85 1
42 43 1
96 9 4753252296
81 96 2
71 86 3
11 26 2
1 16 0
61 76 4
51 66 0
21 36 5
41 56 1
31 46 3
92 40 1215477
13 16 0
46 47 0
17 18 2
1 2 0
48 49 0
28 29 0
76 77 0
26 27 0
91 92 1
82 83 0
79 80 1
4 5 0
34 35 1
30 31 2
36 37 0
89 90 2
11 12 2
19 20 1
38 39 2
24 25 0
50 51 1
84 86 3
54 55 1
21 22 2
61 62 1
73 74 1
42 43 0
52 53 1
56 58 2
63 64 2
65 66 0
32 33 2
44 45 1
6 7 0
87 88 2
70 71 2
67 69 0
8 9 1
59 60 2
40 41 1
96 9 30299253
1 16 2
31 46 4
11 26 4
61 76 3
21 36 0
51 66 1
81 96 2
71 86 3
41 56 0
100 31 188434363145
75 78 1
62 64 0
65 67 3
54 58 2
30 31 2
37 38 1
48 49 2
44 45 0
14 18 0
72 73 0
59 61 1
40 41 2
46 47 1
50 53 0
42 43 0
28 29 1
35 36 1
95 96 2
82 83 0
79 80 0
70 71 2
97 99 1
4 5 1
32 33 0
89 93 4
86 87 0
1 2 0
8 9 2
11 12 0
25 26 1
19 20 0
100 100 1
1 1 0
2 2 1
3 3 0
4 4 0
5 5 0
6 6 1
7 7 1
8 8 1
9 9 1
10 10 0
11 11 0
12 12 0
13 13 0
14 14 0
15 15 1
16 16 1
17 17 1
18 18 1
19 19 1
20 20 0
21 21 0
22 22 0
23 23 1
24 24 1
25 25 0
26 26 1
27 27 0
28 28 0
29 29 1
30 30 1
31 31 0
32 32 1
33 33 0
34 34 1
35 35 0
36 36 1
37 37 0
38 38 1
39 39 0
40 40 0
41 41 1
42 42 1
43 43 0
44 44 0
45 45 1
46 46 0
47 47 1
48 48 1
49 49 1
50 50 0
51 51 0
52 52 1
53 53 0
54 54 0
55 55 0
56 56 1
57 57 1
58 58 0
59 59 0
60 60 1
61 61 1
62 62 1
63 63 1
64 64 1
65 65 0
66 66 0
67 67 1
68 68 1
69 69 1
70 70 0
71 71 1
72 72 1
73 73 0
74 74 1
75 75 0
76 76 0
77 77 0
78 78 1
79 79 1
80 80 0
81 81 1
82 82 0
83 83 1
84 84 0
85 85 1
86 86 1
87 87 1
88 88 0
89 89 0
90 90 1
91 91 0
92 92 1
93 93 0
94 94 1
95 95 1
96 96 1
97 97 1
98 98 0
99 99 0
100 100 0
98 31 1663015736
74 75 2
50 52 0
88 89 2
25 28 4
60 62 2
17 19 0
84 85 1
23 24 0
36 38 1
57 59 1
31 32 0
45 46 1
63 64 1
96 97 0
78 81 1
10 13 0
93 94 2
39 40 1
47 48 0
82 83 1
20 22 3
53 54 1
14 15 0
29 30 0
1 2 2
66 73 7
3 5 0
86 87 2
90 92 3
42 43 1
6 9 0
93 42 8514
13 14 1
41 42 0
77 79 3
49 51 2
45 46 0
58 59 0
9 10 0
71 72 0
86 87 0
52 53 1
34 36 0
18 20 2
65 66 2
56 57 1
39 40 2
60 61 2
11 12 2
92 93 1
47 48 2
43 44 0
62 63 0
25 27 0
88 89 2
84 85 1
90 91 0
3 4 0
21 22 1
74 76 0
69 70 2
1 2 1
37 38 2
80 81 0
30 31 1
67 68 2
32 33 0
5 6 2
15 17 1
23 24 2
28 29 2
7 8 2
82 83 2
54 55 0
97 9 51734407652
1 16 1
51 66 4
31 46 3
71 86 5
41 56 0
61 76 1
81 96 4
21 36 4
11 26 2
96 13 466747873687802084
25 28 2
92 93 2
90 91 0
41 42 0
83 86 1
44 48 1
67 76 1
13 15 3
17 18 0
19 24 4
58 64 1
29 34 4
79 80 1
98 9 5875676989
11 26 1
61 76 4
81 96 1
71 86 1
1 16 0
21 36 4
31 46 5
51 66 4
41 56 1
98 9 30773382786925
61 76 5
11 26 2
31 46 2
81 96 5
21 36 2
51 66 1
41 56 4
71 86 4
1 16 1
92 8 42573269
51 66 0
61 76 5
21 36 0
31 46 0
11 26 3
1 16 1
41 56 3
71 86 4
97 43 6506607
90 91 0
70 71 0
46 47 1
38 40 0
94 95 1
11 12 2
9 10 1
34 35 1
72 73 1
32 33 2
55 56 1
86 87 2
61 62 0
88 89 2
81 82 0
27 29 3
79 80 0
64 65 0
36 37 1
7 8 1
67 69 1
43 45 1
41 42 2
96 97 1
19 20 2
25 26 1
52 54 1
59 60 0
30 31 0
17 18 0
92 93 0
21 22 2
23 24 2
83 84 0
57 58 1
74 75 2
5 6 2
1 2 1
14 16 1
50 51 0
48 49 2
3 4 2
77 78 2
93 6 943807361505941915
3 5 1
20 26 6
39 50 0
14 19 4
6 7 1
56 70 14
94 8 395633977084
51 66 0
61 76 5
1 16 4
11 26 2
71 86 5
31 46 1
41 56 5
21 36 2
91 17 4486713752548
17 18 2
36 39 0
63 66 0
26 30 3
1 10 9
45 46 0
87 91 3
56 58 3
19 23 4
75 84 8
67 68 1
71 73 1
11 16 1
85 86 1
48 53 6
41 42 0
60 61 1
91 8 673031968
11 26 2
61 76 4
51 66 0
21 36 1
31 46 2
1 16 1
71 86 2
41 56 4
97 4 135805120072201570
53 60 2
33 48 9
23 26 1
17 22 0
93 8 619398775715
71 86 4
41 56 1
1 16 1
51 66 3
21 36 4
61 76 0
31 46 3
11 26 5
93 8 4170901825103
21 36 0
41 56 3
11 26 3
31 46 2
51 66 1
61 76 2
71 86 3
1 16 4
92 23 5908029938
24 26 0
55 57 1
60 63 0
68 74 5
15 18 4
27 28 2
90 91 0
39 44 1
50 51 2
58 59 1
64 67 3
45 46 1
10 12 3
32 34 1
29 31 3
84 85 0
2 3 1
35 37 0
20 23 0
87 88 2
4 8 3
52 54 0
76 82 0
99 9 7965479487
51 66 5
41 56 1
21 36 2
81 96 5
11 26 0
71 86 4
31 46 1
1 16 4
61 76 0
96 9 1134274
51 66 1
31 46 0
1 16 0
41 56 2
61 76 0
71 86 0
81 96 3
11 26 3
21 36 2
91 14 365460644147884
52 53 1
10 11 1
16 18 3
54 59 0
30 31 1
19 20 1
50 51 2
84 90 1
75 78 0
66 69 3
25 27 2
39 44 6
2 6 1
33 37 5
96 9 19159462
31 46 0
11 26 3
51 66 2
81 96 0
1 16 2
71 86 2
21 36 0
41 56 1
61 76 3
93 39 3885827
48 49 2
16 17 1
59 61 0
18 19 2
85 86 1
56 57 2
38 39 0
6 8 2
21 22 1
70 71 2
89 92 2
23 24 0
79 80 2
52 53 2
46 47 1
11 13 1
54 55 2
74 76 0
14 15 2
27 29 0
25 26 2
77 78 1
34 36 3
72 73 2
62 63 0
83 84 1
64 65 1
81 82 1
1 2 0
40 43 0
87 88 2
66 67 0
50 51 0
32 33 1
44 45 1
3 5 1
30 31 2
68 69 1
9 10 0
96 9 40030665
21 36 1
51 66 3
31 46 0
1 16 5
11 26 5
81 96 1
61 76 0
71 86 0
41 56 1
93 28 6909338402
30 31 1
45 47 2
6 7 2
88 89 2
85 87 2
28 29 2
60 62 0
20 23 0
56 57 2
68 69 2
76 78 2
66 67 2
50 51 0
26 27 2
1 5 0
39 43 1
81 83 0
74 75 1
54 55 2
71 72 0
34 35 1
8 10 3
24 25 0
92 93 2
63 65 0
12 15 1
16 17 0
58 59 1
93 8 7832836484971
11 26 3
1 16 0
71 86 5
31 46 5
41 56 2
51 66 3
61 76 1
21 36 4
95 16 67988017934917588
46 47 0
78 80 0
57 58 2
83 84 2
17 20 0
12 15 0
74 75 1
49 51 0
62 67 6
27 29 1
70 71 1
8 11 3
22 24 2
85 87 1
41 43 2
30 34 4
100 9 24237009
1 16 1
31 46 3
81 96 0
51 66 3
41 56 3
21 36 3
71 86 0
61 76 0
11 26 0
92 26 867761047624
81 83 3
59 60 1
32 33 0
53 54 2
15 18 1
84 85 2
12 14 1
25 26 2
55 56 0
30 31 2
20 21 1
6 7 2
86 89 2
61 63 2
75 79 0
44 45 2
42 43 0
69 73 5
66 67 2
27 28 1
3 4 0
39 40 2
49 51 1
1 2 1
34 38 2
9 11 2
93 44 27151
82 83 0
58 59 0
73 74 0
31 32 1
1 2 1
56 57 2
37 38 1
5 6 0
92 93 2
11 12 2
77 79 1
52 53 0
3 4 0
39 40 0
7 8 2
47 48 1
17 18 2
90 91 2
22 23 1
68 69 1
60 61 0
13 14 2
15 16 0
54 55 1
43 44 2
20 21 0
64 65 2
35 36 0
45 46 0
62 63 2
29 30 0
9 10 2
66 67 0
27 28 1
50 51 1
70 72 0
25 26 0
88 89 0
86 87 2
84 85 0
75 76 2
33 34 1
41 42 1
80 81 1
97 9 190310623269
61 76 3
1 16 1
71 86 2
41 56 3
81 96 5
21 36 4
31 46 2
51 66 0
11 26 2
92 33 524923232
5 6 1
70 72 2
27 28 0
84 87 1
73 74 0
54 55 1
37 38 2
43 44 2
11 12 1
29 30 1
45 46 0
39 40 2
78 80 2
59 60 2
91 92 0
24 26 1
81 82 0
75 77 0
1 2 2
21 23 2
68 69 2
14 16 0
63 67 0
31 32 0
48 50 2
19 20 0
51 52 2
9 10 1
33 35 1
89 90 2
7 8 1
56 57 2
3 4 0
98 15 532913359408446548
66 68 1
19 20 2
28 30 0
86 90 3
96 97 1
25 27 1
93 95 2
74 81 1
59 60 2
21 24 0
55 56 2
47 53 2
33 38 3
12 13 2
1 10 9
98 9 915644189683
61 76 5
81 96 2
21 36 5
41 56 1
51 66 4
31 46 3
71 86 0
1 16 1
11 26 4
94 8 31912434054
61 76 0
41 56 5
21 36 3
71 86 2
51 66 3
11 26 5
31 46 0
1 16 2
92 8 530400753
31 46 3
11 26 3
21 36 3
51 66 5
61 76 1
71 86 4
1 16 0
41 56 0
92 29 8115855880
90 91 2
87 89 0
63 64 0
7 8 2
18 19 1
77 79 2
1 2 1
33 35 1
72 74 1
23 24 1
5 6 2
53 54 2
20 21 2
42 43 2
44 51 0
85 86 0
31 32 1
67 70 2
10 11 2
16 17 2
14 15 2
25 26 0
38 39 2
27 30 4
81 82 2
3 4 2
60 61 2
75 76 1
55 57 1
94 8 169258332906784
71 86 3
31 46 2
1 16 4
41 56 3
51 66 1
61 76 4
21 36 1
11 26 4
94 16 192946671666422387
76 78 2
4 5 0
68 70 2
30 31 2
45 46 2
61 67 4
80 92 11
17 21 4
42 44 0
22 23 0
35 41 3
55 59 4
1 2 2
26 28 2
6 10 2
48 52 3
95 4 742820427207547141
8 12 1
46 53 8
73 82 6
87 95 7
91 8 22043271384
41 56 2
21 36 2
11 26 3
61 76 2
71 86 1
31 46 2
51 66 0
1 16 3
98 9 7247040
1 16 0
31 46 1
11 26 0
51 66 0
21 36 4
61 76 1
41 56 2
71 86 4
81 96 4
98 7 137874916382175752
36 40 2
41 49 8
53 61 7
62 68 5
87 91 3
15 22 5
76 78 3
94 8 2924577115607284
61 76 2
41 56 4
51 66 5
71 86 4
11 26 3
21 36 1
1 16 4
31 46 3
92 14 21955079305171674
61 63 0
37 38 0
86 87 2
23 28 4
31 35 3
64 68 3
46 50 2
54 57 0
78 81 3
83 85 2
88 90 2
1 15 10
39 40 1
73 77 3
97 29 2676781172778
79 81 2
94 95 0
17 20 1
96 97 2
2 3 1
70 75 3
22 25 1
13 14 1
10 12 2
46 47 1
29 30 2
83 84 0
68 69 1
38 40 3
85 86 1
27 28 1
44 45 1
88 90 3
41 43 1
34 37 3
65 67 0
63 64 0
5 9 0
57 60 0
92 93 1
76 78 3
32 33 1
48 50 2
52 54 2
98 9 1848953262315
51 66 5
11 26 4
41 56 2
71 86 1
21 36 2
31 46 5
81 96 1
1 16 2
61 76 3
93 43 6362639
32 33 1
54 55 2
16 17 1
8 9 0
48 49 1
85 86 0
3 4 1
50 51 1
64 65 1
58 59 2
75 76 2
88 89 1
83 84 1
60 61 1
40 41 0
10 11 0
68 71 1
42 43 0
12 13 0
46 47 2
66 67 0
34 35 1
30 31 0
25 26 2
90 91 1
1 2 1
81 82 2
5 7 2
79 80 0
23 24 1
38 39 0
14 15 2
52 53 0
20 22 3
92 93 1
77 78 1
44 45 1
28 29 1
72 73 2
36 37 2
56 57 0
18 19 2
62 63 0
91 8 2929268336
61 76 3
21 36 1
11 26 3
71 86 5
51 66 4
41 56 0
31 46 0
1 16 2
91 10 65620661547910794
42 43 0
28 35 2
51 58 8
17 23 4
37 39 0
44 50 3
72 87 13
10 11 2
61 65 3
2 4 3
94 6 22633552692704031
5 6 0
55 63 6
77 86 6
90 94 5
69 71 0
22 26 0
95 34 488270287
46 48 2
9 11 3
6 7 0
78 79 2
52 53 2
75 77 3
43 45 2
24 28 2
61 62 1
15 16 2
73 74 0
29 30 1
67 68 0
91 92 1
63 65 1
49 50 2
89 90 2
20 21 0
80 81 2
33 36 2
38 39 1
4 5 2
85 88 0
40 42 3
18 19 2
56 57 1
93 95 0
83 84 0
12 13 0
59 60 2
54 55 1
71 72 1
31 32 0
1 2 1
96 9 37147649460920
11 26 3
61 76 4
41 56 3
31 46 1
21 36 5
1 16 4
51 66 4
71 86 2
81 96 1
94 20 2950741706537
7 9 3
44 47 4
37 38 0
68 70 0
21 24 1
90 91 1
84 88 0
34 36 1
39 43 4
12 14 3
60 61 2
63 64 1
51 57 7
93 94 2
78 79 1
80 82 2
31 33 1
18 20 3
71 75 1
3 5 0
100 9 1580484047400073
1 16 3
31 46 0
41 56 2
61 76 4
51 66 4
21 36 4
11 26 3
71 86 3
81 96 4
94 8 1861789546054
51 66 5
31 46 1
61 76 3
1 16 4
71 86 5
41 56 0
21 36 5
11 26 1
99 9 463737002710681256
21 36 4
31 46 3
81 96 3
41 56 1
11 26 5
61 76 5
51 66 4
71 86 5
1 16 5
92 8 1920869818549
11 26 1
1 16 0
51 66 4
21 36 4
41 56 3
71 86 3
61 76 4
31 46 5
96 30 31115867646
11 13 2
29 30 0
56 58 2
95 96 0
2 3 1
79 80 1
14 16 2
52 53 2
75 76 2
93 94 2
82 85 0
77 78 2
66 71 6
27 28 0
35 37 1
25 26 0
20 23 4
8 9 2
43 44 0
49 50 2
18 19 2
4 5 2
87 90 2
73 74 2
33 34 0
39 40 0
60 62 1
54 55 1
45 47 2
41 42 2
100 1 1000000000000000000
1 1 1
100 9 1145294123
11 26 2
51 66 1
41 56 0
81 96 0
21 36 3
61 76 4
31 46 4
71 86 2
1 16 1
100 46 1126591
51 52 1
95 96 2
89 90 2
59 60 0
1 2 2
85 86 1
63 64 1
53 54 1
93 94 0
5 6 2
45 46 0
97 98 2
25 26 0
30 31 2
23 24 1
81 82 0
7 8 2
61 62 1
43 44 1
83 84 0
72 73 0
14 15 1
27 28 1
34 35 0
9 11 0
12 13 1
32 33 0
49 50 2
3 4 2
87 88 2
65 66 0
91 92 1
78 79 2
76 77 2
55 56 0
57 58 0
67 68 1
47 48 2
18 20 0
21 22 0
36 38 0
16 17 1
74 75 2
69 71 2
99 100 1
40 42 1
94 27 5959111130
90 91 0
55 56 2
36 37 0
70 71 0
53 54 0
74 75 0
82 83 2
26 27 1
5 6 2
79 80 0
63 64 2
77 78 2
42 46 5
84 86 1
67 69 2
88 89 2
60 61 1
2 4 1
14 15 0
39 41 3
10 11 0
34 35 2
7 8 2
92 93 0
47 51 0
17 18 2
23 24 0
100 16 708387383777726549
72 82 4
39 42 1
93 98 6
90 92 1
62 63 1
28 29 1
2 3 1
84 85 2
7 8 2
64 71 5
10 11 2
55 56 2
50 51 2
37 38 0
21 25 1
14 16 2
