100
39 21
39 20
38 2
2 20
38 37
39 38
12 18
39 2
4 4
20 21
3 38
4 32
4 38
7 40
17 11
21 4
26 29
21 20
40 38
13 38
20 20
4 40
4 39
21 38
39 39
3 20
2 40
38 21
20 39
2 38
40 39
6 36
16 38
21 40
20 4
21 15
21 2
21 21
16 3
16 2
20 40
4 20
38 3
20 2
3 40
21 36
39 3
37 19
38 39
38 20
40 3
38 38
3 21
19 28
18 4
27 7
38 25
29 38
40 21
20 3
31 17
9 4
20 38
7 23
17 10
14 13
3 2
2 3
40 2
39 16
35 35
23 31
21 3
4 21
2 2
4 3
17 35
38 4
8 35
10 23
23 2
2 4
4 2
40 40
3 39
39 4
8 36
28 12
3 3
38 27
39 40
40 20
22 32
40 4
38 40
2 21
2 39
21 39
3 4
16 11
