50
32 5 2
10 2
5 0
10 10 1
10 10
10 1 1
1 5
569655663457985568 186580889613128521 22
9 1526694
5 613304
7 7865109
1 841945
8 2242391
4 1264834
7 1350224
7 113487
4 4494348
2 352656
5 5617935
10 497019
1 560460
5 1133748
2 1735577
6 6741522
2 2247174
1 293738
1 1123587
8 1772617
10 2241225
3 3370761
145180667292362753 5187741628172681 7
4 623965
2 466154
4 652505
1 1123587
3 1672499
2 310617
2 2247174
270470943062139046 16468652903132625 46
2 24303
6 67605
5 3039373
4 209422
7 21398
3 585759
4 263063
6 1237581
6 134251
13 76668
6 599725
2 614562
5 2683873
2 1804426
14 617663
3 365877
2 631237
1 1123587
4 929980
4 1108307
4 314607
2 252972
3 3370761
7 28826
2 403080
2 2247174
4 65205
10 412126
4 4494348
2 909291
3 615058
4 1722462
1 499011
3 213488
2 300707
5 513981
5 80424
5 134997
11 374444
10 1140248
8 809761
6 153347
6 893599
6 183103
2 238235
4 306932
918427303650542280 189682367186790534 128
49 55055763
21 3409684
8 2420984
12 13483044
32 35954784
49 26883656
84 28253457
78 56563848
49 33725700
55 61797285
58 65168046
83 24217923
71 8568996
27 7114560
40 8033470
19 6074785
30 33707610
19 7669380
8 2791208
63 70785981
52 58426524
50 260346
34 38201958
105 62466202
17 19100979
50 56179350
39 43819893
30 21772363
18 7960096
42 15300797
7 3067927
3 3370761
38 42696306
29 5388465
91 657108
133 25176661
79 19706290
48 53932176
52 47503920
9 10112283
35 39325545
9 9585463
35 1866430
46 51685002
111 1846611
44 49437828
55 18326742
27 30336849
16 17977392
59 66291633
5 5617935
69 40658538
22 10611688
18 2973540
54 60673698
88 39285635
21 23595327
1 1123587
58 1766939
18 9653616
87 42959808
22 24718914
87 41531090
79 16256787
56 62920872
40 4371709
62 69662394
19 21348153
41 46067067
71 1886223
36 40449132
40 44943480
25 28089675
37 41572719
43 48314241
23 69648
42 47190654
146 58540702
7 7865109
50 53694830
20 391008
14 808812
147 6932052
47 1007590
33 37078371
8 8988696
14 15730218
4 4494348
31 34831197
6 6741522
80 17022517
18 20224566
28 31460436
82 43643427
2 2247174
53 59550111
45 50561415
47 52808589
26 29213262
20 22471740
28 22433507
46 21435487
138 315129
126 23328338
13 14606631
43 4109782
75 30744062
29 32584023
60 67415220
19 10629917
75 23836881
29 8788092
189 184836
62 31372550
15 16853805
51 57302937
46 24228226
92 97521
23 25842501
32 1545356
24 26966088
34 6876517
10 11235870
159 56006388
11 12359457
64 25500313
57 64044459
61 68538807
642226812670755830 7606226284911449 22
1 319215
2 1119216
13 1914
19 467
1 301504
5 1836
2 193511
3 1108326
4 31897
5 14934
4 3729
7 12000
4 222863
1 1123587
14 1592
8 6827
13 5472
5 65621
2 189313
2 33707
21 4305
2 67076
1000000000000000000 17179869184 200
267 6800
239 4000
276 7700
356 15700
275 7600
345 14600
245 4600
244 4500
370 17100
384 18500
308 10900
317 11800
261 6200
341 14200
247 4800
378 17900
296 9700
387 18800
340 14100
278 7900
233 3400
339 14000
212 1300
311 11200
256 5700
385 18600
304 10500
334 13500
284 8500
211 1200
218 1900
306 10700
380 18100
207 800
338 13900
318 11900
216 1700
323 12400
252 5300
394 19500
231 3200
294 9500
270 7100
326 12700
337 13800
312 11300
310 11100
202 300
263 6400
382 18300
229 3000
206 700
260 6100
203 400
365 16600
201 200
292 9300
237 3800
315 11600
210 1100
309 11000
262 6300
217 1800
331 13200
372 17300
314 11500
350 15100
343 14400
272 7300
281 8200
396 19700
324 12500
214 1500
330 13100
295 9600
290 9100
352 15300
358 15900
371 17200
254 5500
213 1400
268 6900
366 16700
225 2600
329 13000
232 3300
300 10100
313 11400
397 19800
223 2400
316 11700
362 16300
288 8900
332 13300
219 2000
320 12100
302 10300
383 18400
348 14900
248 4900
367 16800
291 9200
392 19300
386 18700
289 9000
347 14800
376 17700
274 7500
257 5800
389 19000
251 5200
328 12900
271 7200
333 13400
285 8600
298 9900
321 12200
342 14300
227 2800
364 16500
287 8800
280 8100
204 500
230 3100
265 6600
269 7000
286 8700
222 2300
228 2900
215 1600
319 12000
208 900
360 16100
279 8000
369 17000
349 15000
249 5000
259 6000
353 15400
379 18000
255 5600
393 19400
209 1000
200 100
250 5100
355 15600
336 13700
277 7800
388 18900
322 12300
395 19600
351 15200
238 3900
374 17500
357 15800
220 2100
221 2200
307 10800
236 3700
325 12600
359 16000
253 5400
335 13600
224 2500
282 8300
240 4100
381 18200
361 16200
242 4300
301 10200
205 600
398 19900
299 10000
391 19200
283 8400
241 4200
375 17600
399 20000
235 3600
246 4700
234 3500
293 9400
327 12800
346 14700
373 17400
390 19100
297 9800
305 10600
354 15500
303 10400
226 2700
363 16400
258 5900
368 16900
243 4400
273 7400
264 6500
377 17800
344 14500
266 6700
164423912693514386 22426622283857645 58
31 34831197
8 8988696
2 2247174
17 19100979
50 9450996
32 35954784
29 9806148
9 71961
22 24718914
45 19364564
21 23595327
18 20224566
23 25842501
14 15730218
30 33707610
11 12359457
10 11235870
32 58523
26 29213262
3 3370761
62 5364852
6 1367299
27 30336849
15 16853805
3 584908
5 5617935
19 10852
10 6217024
10 1898805
77 2408404
13 561785
29 32584023
3 1995388
51 2238121
6 6741522
20 1832737
17 218594
13 14606631
19 21348153
1 1123587
8 2741779
5 2807536
27 3298283
9 10112283
7 7865109
51 1648284
25 2798763
25 28089675
4 4494348
12 16010
51 32332476
20 22471740
16 17977392
12 13483044
48 18519266
39 7445274
24 26966088
28 31460436
1000000000000000000 1 200
18600 930000000000000000
14200 710000000000000000
3200 160000000000000000
4700 235000000000000000
12200 610000000000000000
12500 625000000000000000
2600 130000000000000000
4200 210000000000000000
2700 135000000000000000
17300 865000000000000000
13200 660000000000000000
14700 735000000000000000
19500 975000000000000000
6200 310000000000000000
300 15000000000000000
18300 915000000000000000
4600 230000000000000000
11000 550000000000000000
15000 750000000000000000
3000 150000000000000000
5500 275000000000000000
1100 55000000000000000
8100 405000000000000000
6600 330000000000000000
16300 815000000000000000
11600 580000000000000000
5600 280000000000000000
400 20000000000000000
8600 430000000000000000
10500 525000000000000000
13900 695000000000000000
16100 805000000000000000
5700 285000000000000000
5300 265000000000000000
10700 535000000000000000
10100 505000000000000000
6300 315000000000000000
900 45000000000000000
13300 665000000000000000
6500 325000000000000000
800 40000000000000000
14100 705000000000000000
19600 980000000000000000
16700 835000000000000000
13600 680000000000000000
4100 205000000000000000
9300 465000000000000000
12400 620000000000000000
10200 510000000000000000
10900 545000000000000000
11800 590000000000000000
5900 295000000000000000
9700 485000000000000000
9500 475000000000000000
9800 490000000000000000
6000 300000000000000000
16000 800000000000000000
13500 675000000000000000
13800 690000000000000000
18900 945000000000000000
8700 435000000000000000
7000 350000000000000000
600 30000000000000000
19000 950000000000000000
16600 830000000000000000
15500 775000000000000000
10800 540000000000000000
18200 910000000000000000
8400 420000000000000000
1900 95000000000000000
12600 630000000000000000
2900 145000000000000000
11100 555000000000000000
1500 75000000000000000
14800 740000000000000000
13000 650000000000000000
17500 875000000000000000
12300 615000000000000000
4800 240000000000000000
7500 375000000000000000
3400 170000000000000000
1800 90000000000000000
1300 65000000000000000
16900 845000000000000000
5000 250000000000000000
10300 515000000000000000
19700 985000000000000000
3100 155000000000000000
4300 215000000000000000
4900 245000000000000000
3700 185000000000000000
19200 960000000000000000
12700 635000000000000000
1200 60000000000000000
11500 575000000000000000
11700 585000000000000000
19100 955000000000000000
2500 125000000000000000
13400 670000000000000000
500 25000000000000000
17600 880000000000000000
8200 410000000000000000
1700 85000000000000000
7300 365000000000000000
18700 935000000000000000
5100 255000000000000000
13700 685000000000000000
6700 335000000000000000
7800 390000000000000000
15300 765000000000000000
16200 810000000000000000
4400 220000000000000000
2400 120000000000000000
8300 415000000000000000
6100 305000000000000000
2300 115000000000000000
1400 70000000000000000
200 10000000000000000
4000 200000000000000000
6900 345000000000000000
20000 1000000000000000000
16500 825000000000000000
7700 385000000000000000
16400 820000000000000000
18000 900000000000000000
7600 380000000000000000
700 35000000000000000
19300 965000000000000000
9200 460000000000000000
17700 885000000000000000
17200 860000000000000000
18100 905000000000000000
15200 760000000000000000
2000 100000000000000000
15800 790000000000000000
17000 850000000000000000
7100 355000000000000000
10600 530000000000000000
10000 500000000000000000
14900 745000000000000000
12000 600000000000000000
3600 180000000000000000
9400 470000000000000000
12900 645000000000000000
11900 595000000000000000
15600 780000000000000000
7200 360000000000000000
5400 270000000000000000
12800 640000000000000000
5200 260000000000000000
8000 400000000000000000
9000 450000000000000000
4500 225000000000000000
7900 395000000000000000
12100 605000000000000000
11200 560000000000000000
16800 840000000000000000
19900 995000000000000000
8900 445000000000000000
2100 105000000000000000
14600 730000000000000000
19400 970000000000000000
7400 370000000000000000
3900 195000000000000000
15100 755000000000000000
19800 990000000000000000
18400 920000000000000000
9600 480000000000000000
13100 655000000000000000
6800 340000000000000000
100 5000000000000000
2200 110000000000000000
11300 565000000000000000
2800 140000000000000000
14400 720000000000000000
15900 795000000000000000
9900 495000000000000000
17100 855000000000000000
18500 925000000000000000
17400 870000000000000000
11400 570000000000000000
18800 940000000000000000
3500 175000000000000000
3300 165000000000000000
3800 190000000000000000
14300 715000000000000000
5800 290000000000000000
6400 320000000000000000
17900 895000000000000000
17800 890000000000000000
1000 50000000000000000
8800 440000000000000000
1600 80000000000000000
10400 520000000000000000
15700 785000000000000000
8500 425000000000000000
14500 725000000000000000
14000 700000000000000000
15400 770000000000000000
9100 455000000000000000
1000000000000000000 536870912 200
267 6800
239 4000
276 7700
356 15700
275 7600
345 14600
245 4600
244 4500
370 17100
384 18500
308 10900
317 11800
261 6200
341 14200
247 4800
378 17900
296 9700
387 18800
340 14100
278 7900
233 3400
339 14000
212 1300
311 11200
256 5700
385 18600
304 10500
334 13500
284 8500
211 1200
218 1900
306 10700
380 18100
207 800
338 13900
318 11900
216 1700
323 12400
252 5300
394 19500
231 3200
294 9500
270 7100
326 12700
337 13800
312 11300
310 11100
202 300
263 6400
382 18300
229 3000
206 700
260 6100
203 400
365 16600
201 200
292 9300
237 3800
315 11600
210 1100
309 11000
262 6300
217 1800
331 13200
372 17300
314 11500
350 15100
343 14400
272 7300
281 8200
396 19700
324 12500
214 1500
330 13100
295 9600
290 9100
352 15300
358 15900
371 17200
254 5500
213 1400
268 6900
366 16700
225 2600
329 13000
232 3300
300 10100
313 11400
397 19800
223 2400
316 11700
362 16300
288 8900
332 13300
219 2000
320 12100
302 10300
383 18400
348 14900
248 4900
367 16800
291 9200
392 19300
386 18700
289 9000
347 14800
376 17700
274 7500
257 5800
389 19000
251 5200
328 12900
271 7200
333 13400
285 8600
298 9900
321 12200
342 14300
227 2800
364 16500
287 8800
280 8100
204 500
230 3100
265 6600
269 7000
286 8700
222 2300
228 2900
215 1600
319 12000
208 900
360 16100
279 8000
369 17000
349 15000
249 5000
259 6000
353 15400
379 18000
255 5600
393 19400
209 1000
200 100
250 5100
355 15600
336 13700
277 7800
388 18900
322 12300
395 19600
351 15200
238 3900
374 17500
357 15800
220 2100
221 2200
307 10800
236 3700
325 12600
359 16000
253 5400
335 13600
224 2500
282 8300
240 4100
381 18200
361 16200
242 4300
301 10200
205 600
398 19900
299 10000
391 19200
283 8400
241 4200
375 17600
399 20000
235 3600
246 4700
234 3500
293 9400
327 12800
346 14700
373 17400
390 19100
297 9800
305 10600
354 15500
303 10400
226 2700
363 16400
258 5900
368 16900
243 4400
273 7400
264 6500
377 17800
344 14500
266 6700
172863 9845 4
103 103
129 129
202 202
85 85
75374770858624884 19493508356483977 59
22 24718914
16 17977392
36 24081874
30 1740453
15 879
41 11976801
29 1132531
39 28056
26 3708861
21 3172032
20 1480755
5 5617935
35 6524059
32 5296769
4 195155
20 22471740
9 3026835
54 10030771
17 110785
21 352379
1 802782
6 6741522
30 16074793
26 23140948
13 1898434
2 2247174
9 5287571
15 2249869
21 23595327
8 8988696
10 11235870
14 5849490
19 21348153
32 14916852
8 3775891
15 16853805
28 969305
4 4494348
12 13483044
3 3370761
1 1123587
3 258333
11 12359457
64 10547356
2 154541
9 3301968
14 15730218
15 2811140
43 5170545
23 25842501
9 52161
24 26966088
7 7865109
13 14606631
9 10112283
2 703756
18 20224566
33 9044476
17 19100979
1000000000000000000 200000000000000000 200
17400 870000000000000000
5400 270000000000000000
14600 730000000000000000
12500 625000000000000000
2800 140000000000000000
9000 450000000000000000
17700 885000000000000000
19100 955000000000000000
1300 65000000000000000
18400 920000000000000000
2200 110000000000000000
11500 575000000000000000
1000 50000000000000000
8500 425000000000000000
1500 75000000000000000
10300 515000000000000000
1900 95000000000000000
18900 945000000000000000
8900 445000000000000000
8300 415000000000000000
9600 480000000000000000
16500 825000000000000000
16200 810000000000000000
9100 455000000000000000
100 5000000000000000
8700 435000000000000000
16300 815000000000000000
5900 295000000000000000
7500 375000000000000000
8800 440000000000000000
6700 335000000000000000
15100 755000000000000000
19800 990000000000000000
19300 965000000000000000
11900 595000000000000000
11400 570000000000000000
15500 775000000000000000
12000 600000000000000000
14100 705000000000000000
12200 610000000000000000
16000 800000000000000000
4400 220000000000000000
2400 120000000000000000
13600 680000000000000000
16400 820000000000000000
4800 240000000000000000
15000 750000000000000000
13300 665000000000000000
900 45000000000000000
17000 850000000000000000
10800 540000000000000000
13700 685000000000000000
1600 80000000000000000
4700 235000000000000000
16600 830000000000000000
4500 225000000000000000
5100 255000000000000000
10500 525000000000000000
8200 410000000000000000
19000 950000000000000000
17800 890000000000000000
12800 640000000000000000
300 15000000000000000
15700 785000000000000000
7600 380000000000000000
14300 715000000000000000
10200 510000000000000000
500 25000000000000000
13800 690000000000000000
5500 275000000000000000
18500 925000000000000000
9900 495000000000000000
8600 430000000000000000
4300 215000000000000000
20000 1000000000000000000
14000 700000000000000000
9300 465000000000000000
18100 905000000000000000
15200 760000000000000000
5200 260000000000000000
3700 185000000000000000
4600 230000000000000000
6000 300000000000000000
600 30000000000000000
12900 645000000000000000
10000 500000000000000000
1100 55000000000000000
1200 60000000000000000
7800 390000000000000000
5300 265000000000000000
3900 195000000000000000
17500 875000000000000000
2600 130000000000000000
3100 155000000000000000
9500 475000000000000000
9800 490000000000000000
9700 485000000000000000
7000 350000000000000000
17200 860000000000000000
4100 205000000000000000
19400 970000000000000000
17100 855000000000000000
5800 290000000000000000
17600 880000000000000000
13000 650000000000000000
3600 180000000000000000
10900 545000000000000000
6400 320000000000000000
15400 770000000000000000
15300 765000000000000000
13500 675000000000000000
3200 160000000000000000
11300 565000000000000000
2700 135000000000000000
18600 930000000000000000
7400 370000000000000000
2100 105000000000000000
4200 210000000000000000
1700 85000000000000000
15800 790000000000000000
1800 90000000000000000
18000 900000000000000000
2900 145000000000000000
6300 315000000000000000
5600 280000000000000000
4000 200000000000000000
2000 100000000000000000
3400 170000000000000000
14800 740000000000000000
8400 420000000000000000
3800 190000000000000000
18300 915000000000000000
6900 345000000000000000
19600 980000000000000000
10100 505000000000000000
14500 725000000000000000
11200 560000000000000000
12400 620000000000000000
19500 975000000000000000
17300 865000000000000000
14700 735000000000000000
11700 585000000000000000
14400 720000000000000000
13100 655000000000000000
11600 580000000000000000
19200 960000000000000000
12700 635000000000000000
16100 805000000000000000
7900 395000000000000000
10600 530000000000000000
800 40000000000000000
2500 125000000000000000
3300 165000000000000000
15600 780000000000000000
18700 935000000000000000
19900 995000000000000000
200 10000000000000000
5700 285000000000000000
12100 605000000000000000
8000 400000000000000000
15900 795000000000000000
7100 355000000000000000
6800 340000000000000000
17900 895000000000000000
11800 590000000000000000
12600 630000000000000000
10700 535000000000000000
9200 460000000000000000
5000 250000000000000000
6600 330000000000000000
16900 845000000000000000
7300 365000000000000000
18200 910000000000000000
6100 305000000000000000
16800 840000000000000000
6500 325000000000000000
13400 670000000000000000
16700 835000000000000000
11100 555000000000000000
3000 150000000000000000
9400 470000000000000000
4900 245000000000000000
12300 615000000000000000
1400 70000000000000000
18800 940000000000000000
7200 360000000000000000
8100 405000000000000000
400 20000000000000000
14200 710000000000000000
700 35000000000000000
14900 745000000000000000
11000 550000000000000000
2300 115000000000000000
13200 660000000000000000
13900 695000000000000000
19700 985000000000000000
7700 385000000000000000
10400 520000000000000000
6200 310000000000000000
3500 175000000000000000
967733804918450452 49473740358711055 4
2 2247174
4 698769
2 2104987
1 1123587
430812489563359501 1358781413136452 10
1 1123587
7 367804
2 159559
6 926601
4 73141
5 1108112
2 2247174
3 3370761
4 127563
1 1123352
1000000000000000000 610000000 4
4 2000000000
2 900000000
1 600000000
3 1100000000
36219039183652712 13708650077474529 11
2 2247174
2 149746
1 1123587
2 2037652
6 1207411
4 21430
4 81649
10 1122422
2 203728
5 1320064
3 1985721
99298294283425191 10274512134412769 14
7 313422
5 584283
5 676965
4 88661
4 1364448
1 1123587
3 802281
2 2247174
4 1559878
3 1119045
5 1494627
3 518859
14 258405
7 579545
1000000000000000000 131072 200
267 6800
239 4000
276 7700
356 15700
275 7600
345 14600
245 4600
244 4500
370 17100
384 18500
308 10900
317 11800
261 6200
341 14200
247 4800
378 17900
296 9700
387 18800
340 14100
278 7900
233 3400
339 14000
212 1300
311 11200
256 5700
385 18600
304 10500
334 13500
284 8500
211 1200
218 1900
306 10700
380 18100
207 800
338 13900
318 11900
216 1700
323 12400
252 5300
394 19500
231 3200
294 9500
270 7100
326 12700
337 13800
312 11300
310 11100
202 300
263 6400
382 18300
229 3000
206 700
260 6100
203 400
365 16600
201 200
292 9300
237 3800
315 11600
210 1100
309 11000
262 6300
217 1800
331 13200
372 17300
314 11500
350 15100
343 14400
272 7300
281 8200
396 19700
324 12500
214 1500
330 13100
295 9600
290 9100
352 15300
358 15900
371 17200
254 5500
213 1400
268 6900
366 16700
225 2600
329 13000
232 3300
300 10100
313 11400
397 19800
223 2400
316 11700
362 16300
288 8900
332 13300
219 2000
320 12100
302 10300
383 18400
348 14900
248 4900
367 16800
291 9200
392 19300
386 18700
289 9000
347 14800
376 17700
274 7500
257 5800
389 19000
251 5200
328 12900
271 7200
333 13400
285 8600
298 9900
321 12200
342 14300
227 2800
364 16500
287 8800
280 8100
204 500
230 3100
265 6600
269 7000
286 8700
222 2300
228 2900
215 1600
319 12000
208 900
360 16100
279 8000
369 17000
349 15000
249 5000
259 6000
353 15400
379 18000
255 5600
393 19400
209 1000
200 100
250 5100
355 15600
336 13700
277 7800
388 18900
322 12300
395 19600
351 15200
238 3900
374 17500
357 15800
220 2100
221 2200
307 10800
236 3700
325 12600
359 16000
253 5400
335 13600
224 2500
282 8300
240 4100
381 18200
361 16200
242 4300
301 10200
205 600
398 19900
299 10000
391 19200
283 8400
241 4200
375 17600
399 20000
235 3600
246 4700
234 3500
293 9400
327 12800
346 14700
373 17400
390 19100
297 9800
305 10600
354 15500
303 10400
226 2700
363 16400
258 5900
368 16900
243 4400
273 7400
264 6500
377 17800
344 14500
266 6700
74715416581607453 4523914765642614 58
13 4020761
9 4538786
13 14606631
19 10256
14 967598
6 6741522
14 4042470
37 2020097
21 625
8 8988696
14 2592418
6 5445476
11 3415443
21 7146412
11 12359457
39 4797827
12 13483044
75 39772
17 19100979
12 4220799
15 16853805
24 13606463
26 3896244
14 2317918
47 59634
2 11693
25 3524309
3 3370761
9 10112283
10 11235870
28 13217104
3 237540
2 2247174
17 10324054
12 4946
8 2335681
7 7865109
14 15730218
10 3480
14 4493894
2 1209578
1 870530
1 1123587
27 16891248
16 17977392
30 3768704
4 4494348
4 4460344
6 83607
13 7764931
10 16550
16 3987244
17 3769870
24 11951210
2 225605
3 632884
5 5617935
14 2645583
123145472535471727 9629323294941399 2
1 1123587
1 536847
59229292228108204 2144346889757074 152
63 70785981
53 1580736
84 14617404
23 8516927
120 50761314
130 11692696
18 20224566
64 71909568
25 28089675
50 56179350
48 15785653
8 8988696
1 1123587
92 6772880
22 24718914
47 3655033
28 31460436
9 10112283
60 67415220
42 31580551
58 65168046
16 3308681
18 1718819
37 2430281
16 17977392
46 22558614
6 6741522
61 68538807
49 55055763
148 39747719
41 46067067
47 52808589
31 34831197
2 2247174
66 74156742
111 4092885
30 33707610
63 17457826
81 2990278
18 4769660
12 13483044
30 1136110
63 8257803
109 32376443
80 65511230
39 34549548
65 20215459
48 53932176
147 10306159
67 5199499
82 32049316
54 34720052
49 21775393
74 21130299
52 58426524
85 15142127
14 5768107
19 21348153
70 78651090
27 30336849
26 29213262
42 47190654
51 26524968
23 25842501
65 58485299
65 73033155
10 11235870
68 76403916
15 2615430
35 18054162
21 4437317
13 14606631
82 11336772
50 15500740
92 9031911
38 42696306
36 40449132
34 4838137
113 5124828
55 658011
35 39325545
225 11517916
29 32584023
46 51685002
38 22108613
43 48314241
72 80898264
54 37410700
62 69662394
87 42531413
24 26966088
53 8674700
34 38201958
44 565271
54 60673698
15 16853805
41 15129853
3 3370761
60 29044700
53 59550111
69 21797524
56 62920872
66 12306894
67 75280329
33 37078371
63 59176346
61 733787
107 2874676
39 43819893
21 1569419
29 10515114
11 12359457
67 18790457
53 20401788
7 7865109
51 57302937
17 19100979
57 64044459
46 11213170
44 49437828
83 30453339
44 32306475
31 13080040
47 473236
40 44943480
32 35954784
68 19766558
45 50561415
140 13842988
52 16078767
71 79774677
59 66291633
37 3697608
50 4230460
82 15683216
120 12262224
8 1326200
64 5460269
69 77527503
65 5204242
138 580882
65 45658443
55 61797285
21 23595327
8 893391
5 5617935
4 4494348
14 15730218
20 22471740
37 41572719
81 10702105
4 1542608
1000000000000000000 2097152 200
267 6800
239 4000
276 7700
356 15700
275 7600
345 14600
245 4600
244 4500
370 17100
384 18500
308 10900
317 11800
261 6200
341 14200
247 4800
378 17900
296 9700
387 18800
340 14100
278 7900
233 3400
339 14000
212 1300
311 11200
256 5700
385 18600
304 10500
334 13500
284 8500
211 1200
218 1900
306 10700
380 18100
207 800
338 13900
318 11900
216 1700
323 12400
252 5300
394 19500
231 3200
294 9500
270 7100
326 12700
337 13800
312 11300
310 11100
202 300
263 6400
382 18300
229 3000
206 700
260 6100
203 400
365 16600
201 200
292 9300
237 3800
315 11600
210 1100
309 11000
262 6300
217 1800
331 13200
372 17300
314 11500
350 15100
343 14400
272 7300
281 8200
396 19700
324 12500
214 1500
330 13100
295 9600
290 9100
352 15300
358 15900
371 17200
254 5500
213 1400
268 6900
366 16700
225 2600
329 13000
232 3300
300 10100
313 11400
397 19800
223 2400
316 11700
362 16300
288 8900
332 13300
219 2000
320 12100
302 10300
383 18400
348 14900
248 4900
367 16800
291 9200
392 19300
386 18700
289 9000
347 14800
376 17700
274 7500
257 5800
389 19000
251 5200
328 12900
271 7200
333 13400
285 8600
298 9900
321 12200
342 14300
227 2800
364 16500
287 8800
280 8100
204 500
230 3100
265 6600
269 7000
286 8700
222 2300
228 2900
215 1600
319 12000
208 900
360 16100
279 8000
369 17000
349 15000
249 5000
259 6000
353 15400
379 18000
255 5600
393 19400
209 1000
200 100
250 5100
355 15600
336 13700
277 7800
388 18900
322 12300
395 19600
351 15200
238 3900
374 17500
357 15800
220 2100
221 2200
307 10800
236 3700
325 12600
359 16000
253 5400
335 13600
224 2500
282 8300
240 4100
381 18200
361 16200
242 4300
301 10200
205 600
398 19900
299 10000
391 19200
283 8400
241 4200
375 17600
399 20000
235 3600
246 4700
234 3500
293 9400
327 12800
346 14700
373 17400
390 19100
297 9800
305 10600
354 15500
303 10400
226 2700
363 16400
258 5900
368 16900
243 4400
273 7400
264 6500
377 17800
344 14500
266 6700
1000000000000000000 34359738368 200
267 6800
239 4000
276 7700
356 15700
275 7600
345 14600
245 4600
244 4500
370 17100
384 18500
308 10900
317 11800
261 6200
341 14200
247 4800
378 17900
296 9700
387 18800
340 14100
278 7900
233 3400
339 14000
212 1300
311 11200
256 5700
385 18600
304 10500
334 13500
284 8500
211 1200
218 1900
306 10700
380 18100
207 800
338 13900
318 11900
216 1700
323 12400
252 5300
394 19500
231 3200
294 9500
270 7100
326 12700
337 13800
312 11300
310 11100
202 300
263 6400
382 18300
229 3000
206 700
260 6100
203 400
365 16600
201 200
292 9300
237 3800
315 11600
210 1100
309 11000
262 6300
217 1800
331 13200
372 17300
314 11500
350 15100
343 14400
272 7300
281 8200
396 19700
324 12500
214 1500
330 13100
295 9600
290 9100
352 15300
358 15900
371 17200
254 5500
213 1400
268 6900
366 16700
225 2600
329 13000
232 3300
300 10100
313 11400
397 19800
223 2400
316 11700
362 16300
288 8900
332 13300
219 2000
320 12100
302 10300
383 18400
348 14900
248 4900
367 16800
291 9200
392 19300
386 18700
289 9000
347 14800
376 17700
274 7500
257 5800
389 19000
251 5200
328 12900
271 7200
333 13400
285 8600
298 9900
321 12200
342 14300
227 2800
364 16500
287 8800
280 8100
204 500
230 3100
265 6600
269 7000
286 8700
222 2300
228 2900
215 1600
319 12000
208 900
360 16100
279 8000
369 17000
349 15000
249 5000
259 6000
353 15400
379 18000
255 5600
393 19400
209 1000
200 100
250 5100
355 15600
336 13700
277 7800
388 18900
322 12300
395 19600
351 15200
238 3900
374 17500
357 15800
220 2100
221 2200
307 10800
236 3700
325 12600
359 16000
253 5400
335 13600
224 2500
282 8300
240 4100
381 18200
361 16200
242 4300
301 10200
205 600
398 19900
299 10000
391 19200
283 8400
241 4200
375 17600
399 20000
235 3600
246 4700
234 3500
293 9400
327 12800
346 14700
373 17400
390 19100
297 9800
305 10600
354 15500
303 10400
226 2700
363 16400
258 5900
368 16900
243 4400
273 7400
264 6500
377 17800
344 14500
266 6700
1000000000000000000 137438953472 200
267 6800
239 4000
276 7700
356 15700
275 7600
345 14600
245 4600
244 4500
370 17100
384 18500
308 10900
317 11800
261 6200
341 14200
247 4800
378 17900
296 9700
387 18800
340 14100
278 7900
233 3400
339 14000
212 1300
311 11200
256 5700
385 18600
304 10500
334 13500
284 8500
211 1200
218 1900
306 10700
380 18100
207 800
338 13900
318 11900
216 1700
323 12400
252 5300
394 19500
231 3200
294 9500
270 7100
326 12700
337 13800
312 11300
310 11100
202 300
263 6400
382 18300
229 3000
206 700
260 6100
203 400
365 16600
201 200
292 9300
237 3800
315 11600
210 1100
309 11000
262 6300
217 1800
331 13200
372 17300
314 11500
350 15100
343 14400
272 7300
281 8200
396 19700
324 12500
214 1500
330 13100
295 9600
290 9100
352 15300
358 15900
371 17200
254 5500
213 1400
268 6900
366 16700
225 2600
329 13000
232 3300
300 10100
313 11400
397 19800
223 2400
316 11700
362 16300
288 8900
332 13300
219 2000
320 12100
302 10300
383 18400
348 14900
248 4900
367 16800
291 9200
392 19300
386 18700
289 9000
347 14800
376 17700
274 7500
257 5800
389 19000
251 5200
328 12900
271 7200
333 13400
285 8600
298 9900
321 12200
342 14300
227 2800
364 16500
287 8800
280 8100
204 500
230 3100
265 6600
269 7000
286 8700
222 2300
228 2900
215 1600
319 12000
208 900
360 16100
279 8000
369 17000
349 15000
249 5000
259 6000
353 15400
379 18000
255 5600
393 19400
209 1000
200 100
250 5100
355 15600
336 13700
277 7800
388 18900
322 12300
395 19600
351 15200
238 3900
374 17500
357 15800
220 2100
221 2200
307 10800
236 3700
325 12600
359 16000
253 5400
335 13600
224 2500
282 8300
240 4100
381 18200
361 16200
242 4300
301 10200
205 600
398 19900
299 10000
391 19200
283 8400
241 4200
375 17600
399 20000
235 3600
246 4700
234 3500
293 9400
327 12800
346 14700
373 17400
390 19100
297 9800
305 10600
354 15500
303 10400
226 2700
363 16400
258 5900
368 16900
243 4400
273 7400
264 6500
377 17800
344 14500
266 6700
138180445272534311 4815466904449545 27
1 1123587
5 1190922
8 37511
3 72680
3 1847043
6 1311382
5 2274180
10 496312
2 207044
2 1543092
4 4494348
3 3370761
8 1355959
1 83520
10 1019731
3 183128
8 496571
2 248978
2 20710
5 1421383
2 2247174
5 1495033
5 1109618
1 736809
10 1924151
3 2958035
4 1026816
260768126463026538 22764727097921801 34
8 71659
24 1279100
9 1391354
4 1438876
3 1680660
6 1938662
8 2212250
5 947039
5 5617935
2 495400
2 59582
5 2104571
4 159125
1 876420
4 4494348
5 142510
5 975655
1 1123587
6 6741522
2 753196
13 115328
4 101696
5 3370597
8 5235629
4 718083
5 3277497
3 765329
2 205930
8 838476
3 3370761
8 539560
2 1123422
12 1728388
2 2247174
100 5 3
28 59
27 58
5 60
438236950771816544 61762126121816 116
6 6741522
40 3631397
44 31353054
78 3212646
76 1041352
32 707270
2 1031091
33 37078371
6 1547195
38 11245990
11 1270583
59 4946934
2 2247174
123 6747102
24 26966088
33 7572526
77 3943041
3 3370761
20 5098731
54 707679
34 1549610
32 5937640
32 21533534
33 199723
36 40449132
35 10331339
16 1971561
32 35954784
27 6526536
31 34831197
9 10112283
35 39325545
4 4494348
46 23830348
30 965472
97 5935800
74 1112847
40 4662074
27 30336849
16 46121
26 29213262
28 31460436
37 41572719
34 38201958
7 7865109
76 13752157
48 1956565
61 17423590
49 929967
29 32584023
41 570393
16 5539974
20 4006673
43 3522327
39 1269597
35 614432
30 33707610
5 5617935
23 12822919
40 22432502
21 5203897
70 488667
38 13795494
47 87684
54 1229844
11 12359457
25 28089675
16 1129577
20 22471740
26 933909
8 8988696
53 6820033
16 1078891
23 25842501
39 9534121
23 15617878
18 20224566
10 11235870
33 7135165
188 5136908
24 9841715
28 1822258
60 27100237
39 43819893
59 6359879
57 19880566
51 3772116
19 21348153
15 16853805
11 8947651
17 19100979
21 9381780
1 1123587
22 24718914
14 15730218
12 13483044
48 40263202
13 14606631
4 661706
40 1218451
3 1010398
50 6589603
8 2642468
45 21555748
22 655166
75 20745138
89 7068413
53 6342421
21 23595327
5 3938504
26 486982
38 42696306
6 281119
39 39860694
16 17977392
23 14602129
1000000000000000000 1 1
100000000000000000 100000000000000000
638741552149453415 64985770731652475 4
2 10869
1 243204
1 1123587
2 288991
732824491028748681 147716170882605019 75
33 9448927
49 4891212
23 16491940
15 16853805
19 21348153
35 39325545
25 4007294
39 783248
5 2556439
5 5617935
23 25842501
7 7865109
35 7302218
31 34831197
4 4494348
13 14606631
30 3043450
24 26966088
15 7542781
1 1123587
37 41572719
26 13198848
25 13482803
44 12718473
10 11235870
25 28089675
56 7650510
22 24718914
9 10112283
72 33896584
32 35954784
31 13956452
94 2309225
75 373374
11 12359457
44 26577903
21 23595327
30 33707610
68 20166991
9 489803
8 8988696
10 7153723
33 37078371
36 40449132
50 1692043
18 20224566
27 30336849
6 6741522
29 32584023
3 3370761
31 3580880
17 19100979
47 14957706
2 2247174
49 6527366
1 540189
38 16531496
34 5539817
60 4177504
20 76056
34 38201958
20 22471740
26 29213262
43 2808312
23 7573913
12 13483044
14 15730218
65 32954582
15 6670939
15 332486
51 15416437
6 527368
16 17977392
26 7498617
28 31460436
1000000000000000000 10000000000000000 200
8600 430000000000000000
13100 655000000000000000
800 40000000000000000
18500 925000000000000000
2500 125000000000000000
16100 805000000000000000
10800 540000000000000000
14600 730000000000000000
1700 85000000000000000
6300 315000000000000000
16500 825000000000000000
8900 445000000000000000
9000 450000000000000000
10000 500000000000000000
15700 785000000000000000
12200 610000000000000000
15800 790000000000000000
7700 385000000000000000
13800 690000000000000000
19000 950000000000000000
18200 910000000000000000
7000 350000000000000000
9900 495000000000000000
8000 400000000000000000
18000 900000000000000000
1200 60000000000000000
13400 670000000000000000
12100 605000000000000000
10600 530000000000000000
11900 595000000000000000
15900 795000000000000000
8100 405000000000000000
4300 215000000000000000
12600 630000000000000000
8400 420000000000000000
12800 640000000000000000
1500 75000000000000000
11500 575000000000000000
9600 480000000000000000
4800 240000000000000000
15500 775000000000000000
7200 360000000000000000
14500 725000000000000000
8200 410000000000000000
14000 700000000000000000
15000 750000000000000000
9400 470000000000000000
8800 440000000000000000
16300 815000000000000000
6500 325000000000000000
11000 550000000000000000
2900 145000000000000000
18300 915000000000000000
1600 80000000000000000
13300 665000000000000000
19200 960000000000000000
12400 620000000000000000
14800 740000000000000000
13700 685000000000000000
12500 625000000000000000
7600 380000000000000000
3400 170000000000000000
6000 300000000000000000
6200 310000000000000000
14300 715000000000000000
7800 390000000000000000
7300 365000000000000000
13000 650000000000000000
13600 680000000000000000
6100 305000000000000000
12000 600000000000000000
5100 255000000000000000
18900 945000000000000000
10500 525000000000000000
3600 180000000000000000
4600 230000000000000000
5400 270000000000000000
10100 505000000000000000
7500 375000000000000000
1800 90000000000000000
6800 340000000000000000
9300 465000000000000000
5200 260000000000000000
8500 425000000000000000
16900 845000000000000000
1900 95000000000000000
20000 1000000000000000000
4400 220000000000000000
2200 110000000000000000
5600 280000000000000000
16800 840000000000000000
12300 615000000000000000
6900 345000000000000000
11200 560000000000000000
3100 155000000000000000
16700 835000000000000000
12700 635000000000000000
11400 570000000000000000
13500 675000000000000000
5900 295000000000000000
2700 135000000000000000
15200 760000000000000000
17200 860000000000000000
8300 415000000000000000
13900 695000000000000000
15400 770000000000000000
500 25000000000000000
17300 865000000000000000
17600 880000000000000000
4500 225000000000000000
5800 290000000000000000
18100 905000000000000000
4200 210000000000000000
7100 355000000000000000
16200 810000000000000000
4100 205000000000000000
1100 55000000000000000
7900 395000000000000000
19900 995000000000000000
17500 875000000000000000
3300 165000000000000000
400 20000000000000000
3200 160000000000000000
19400 970000000000000000
11300 565000000000000000
3800 190000000000000000
2800 140000000000000000
3500 175000000000000000
18400 920000000000000000
2600 130000000000000000
19300 965000000000000000
5700 285000000000000000
6700 335000000000000000
100 5000000000000000
17100 855000000000000000
7400 370000000000000000
17400 870000000000000000
11700 585000000000000000
10400 520000000000000000
19600 980000000000000000
12900 645000000000000000
18700 935000000000000000
10900 545000000000000000
6400 320000000000000000
9700 485000000000000000
4000 200000000000000000
15600 780000000000000000
4700 235000000000000000
1300 65000000000000000
10700 535000000000000000
19100 955000000000000000
18600 930000000000000000
17000 850000000000000000
5300 265000000000000000
1400 70000000000000000
3000 150000000000000000
14700 735000000000000000
11100 555000000000000000
14100 705000000000000000
5000 250000000000000000
4900 245000000000000000
2000 100000000000000000
14400 720000000000000000
19500 975000000000000000
200 10000000000000000
16400 820000000000000000
3900 195000000000000000
9800 490000000000000000
18800 940000000000000000
11800 590000000000000000
13200 660000000000000000
19700 985000000000000000
9100 455000000000000000
600 30000000000000000
10300 515000000000000000
15100 755000000000000000
16000 800000000000000000
900 45000000000000000
3700 185000000000000000
9200 460000000000000000
8700 435000000000000000
1000 50000000000000000
11600 580000000000000000
2400 120000000000000000
10200 510000000000000000
9500 475000000000000000
300 15000000000000000
700 35000000000000000
6600 330000000000000000
14900 745000000000000000
14200 710000000000000000
5500 275000000000000000
17700 885000000000000000
15300 765000000000000000
17900 895000000000000000
2300 115000000000000000
19800 990000000000000000
16600 830000000000000000
2100 105000000000000000
17800 890000000000000000
883361222175010837 31457277331223048 78
16 17977392
22 24718914
49 55055763
25 16034662
1 1123587
31 34831197
28 31460436
54 60673698
36 40449132
23 5346653
68 9101902
30 33707610
50 56179350
52 58426524
48 40122943
59 17021677
13 1749359
21 23595327
6 6741522
38 42696306
11 12359457
33 8692197
10 11235870
14 15730218
48 15039804
25 28089675
27 30336849
5 5617935
56 62920872
22 9148377
43 20048217
25 20951218
56 34909795
42 47190654
18 20224566
47 52808589
71 38754404
4 4494348
26 29213262
39 43819893
43 48314241
46 8517775
51 25775514
46 51685002
33 37078371
32 35954784
41 46067067
23 25842501
17 19100979
2 2247174
3 3370761
24 26966088
34 38201958
48 53932176
8 8988696
35 39325545
15 16853805
29 32584023
65 28020022
53 59550111
40 44943480
44 49437828
20 22471740
19 21348153
55 61797285
13 14606631
12 13483044
34 26482136
9 10112283
2 802745
43 11409255
45 50561415
98 16424607
51 57302937
7 7865109
51 49550901
70 11455452
37 41572719
682960873601649860 369245677180249268 148
27 307867
3 519392
6 2420070
5 4291831
11 4038570
24 55923
14 1209105
4 12758
2 2247174
46 1035706
59 907024
76 109108
10 1674682
6 31478
32 1616839
7 44870
23 91333
5 10960
20 54632
11 12359457
4 358146
8 1546277
8 1559985
11 809677
49 2615442
24 3129396
6 1752373
126 180284
12 4416307
13 7579811
10 1056818
6 1176481
6 1045544
23 1155106
3 466877
27 1472790
8 1887696
4 2902373
17 4530
6 1451210
33 588779
50 889733
45 3275587
35 1300737
6 6741522
11 2111099
17 8152553
7 5252816
29 9384882
9 10112283
7 347628
10 4028914
21 2793880
3 1627835
34 78522
10 11235870
19 2353605
18 14048
51 1070738
60 376469
7 596471
26 467908
62 187404
19 8247373
11 1133942
13 1127793
8 8988696
3 331790
39 2261898
28 197382
16 838792
7 166554
5 2493396
14 181156
2 824138
10 746265
40 291523
7 3902196
9 2058730
20 1055638
12 9267194
2 202478
24 422178
6 3428478
12 2658421
26 913080
14 1092168
37 7711907
19 11097053
24 2063303
3 3370761
12 190608
15 482384
7 7865109
4 13415
54 235177
9 1643116
9 1662446
12 1486540
12 13483044
25 8638093
18 3483633
38 279262
15 768033
8 5018419
17 6879092
21 7635
3 142232
13 1442197
5 5617935
20 33345
15 116865
13 109955
15 3915923
15 957447
20 1095100
68 194977
11 3855168
24 3742760
10 261131
24 9206965
24 76243
26 9158075
8 20486
12 2590505
22 619160
71 294742
1 1123587
16 3813032
3 125122
43 5697
3 31842
3 1726169
51 280368
6 1788502
30 567929
13 459766
13 10269
30 3865
25 621329
12 1100318
4 4494348
37 11000654
24 6325370
8 1941186
18 1339059
12 92053
44 1162323
239768591737654823 528004233774553 8
4 2221425
2 2247174
4 4494348
1 1123587
3 3370761
1 342896
6 456870
3 1775155
840834973382714651 86762075193875546 7
1 1123587
2 139997
1 1030892
1 486674
2 652847
1 648270
1 726937
459487713992859603 1756372499107787 20
1 1123587
3 3370761
8 834904
2 1119331
10 437209
4 1740455
7 1888583
6 1197458
4 2550123
8 241588
4 163722
2 274300
5 999935
4 237627
2 718189
2 813812
6 2588171
3 2875356
3 262757
2 2247174
1000000000000000000 1000000000000000000 1
1000000000000000000 1000000000000000000
1000000000000000000 1 1
1 1
386912078987673782 11440408268578499 66
3 3370761
37 41572719
4 4494348
32 35954784
40 15896490
20 22471740
34 38201958
13 14606631
22 3069333
21 4184742
36 40449132
2 2247174
35 39325545
11 3931060
42 16471537
10 11235870
14 15730218
12 13483044
8 8988696
25 3727214
24 1522835
18 20224566
61 28493695
40 20749348
25 28089675
27 30336849
9 10112283
21 23595327
56 1391679
14 3780109
16 3169221
25 14951600
33 37078371
27 9454434
43 24456289
31 34831197
10 6343829
26 29213262
7 4542779
29 32584023
30 33707610
13 7642306
120 26687291
7 7865109
5 5617935
62 11594011
23 25842501
1 1123587
34 17011460
14 2878198
28 31460436
11 12359457
17 19100979
16 17977392
31 132001
4 2705920
11 1208079
29 10208075
24 26966088
22 24718914
51 3388925
87 5639452
15 16853805
6 6741522
19 21348153
38 42696306
119049632110799659 5795173669319570 13
8 714
2 2963
1 1123587
14 99
4 248419
2 349214
3 5130
14 14
4 423
2 384719
4 2342
2 6012
4 4694
663227150405029656 121849148075352316 38
16 7292
7 100945
6 211715
5 369834
4 480706
10 248827
13 2154
4 329310
9 44841
2 974306
1 1123587
4 318036
6 51874
17 120200
14 16513
8 368859
6 303270
2 515915
2 279116
1 923617
5 333394
46 370
6 9080
8 10267
5 282137
2 917507
13 1068
8 6475
6 14476
24 906
4 137998
11 4760
12 4337
11 7654
21 731
7 140775
11 118210
14 1655
1000000000000000000 380000000000000000 200
2300 115000000000000000
18500 925000000000000000
7800 390000000000000000
18400 920000000000000000
10600 530000000000000000
9600 480000000000000000
19100 955000000000000000
3900 195000000000000000
5800 290000000000000000
15800 790000000000000000
3400 170000000000000000
18600 930000000000000000
19800 990000000000000000
11100 555000000000000000
2600 130000000000000000
8900 445000000000000000
7700 385000000000000000
14700 735000000000000000
5400 270000000000000000
4200 210000000000000000
4100 205000000000000000
19700 985000000000000000
15600 780000000000000000
19400 970000000000000000
2000 100000000000000000
10900 545000000000000000
16400 820000000000000000
6500 325000000000000000
18200 910000000000000000
7100 355000000000000000
9200 460000000000000000
9400 470000000000000000
14400 720000000000000000
200 10000000000000000
11300 565000000000000000
8000 400000000000000000
4300 215000000000000000
17200 860000000000000000
6100 305000000000000000
10700 535000000000000000
300 15000000000000000
19900 995000000000000000
15000 750000000000000000
5300 265000000000000000
4600 230000000000000000
5600 280000000000000000
4900 245000000000000000
1500 75000000000000000
1600 80000000000000000
13700 685000000000000000
5700 285000000000000000
8600 430000000000000000
12500 625000000000000000
5900 295000000000000000
4500 225000000000000000
16700 835000000000000000
10400 520000000000000000
10100 505000000000000000
12600 630000000000000000
3800 190000000000000000
3300 165000000000000000
18800 940000000000000000
17300 865000000000000000
13200 660000000000000000
18700 935000000000000000
6400 320000000000000000
5000 250000000000000000
3600 180000000000000000
4800 240000000000000000
17000 850000000000000000
15300 765000000000000000
18300 915000000000000000
12900 645000000000000000
12100 605000000000000000
15700 785000000000000000
1400 70000000000000000
11900 595000000000000000
18900 945000000000000000
5200 260000000000000000
4000 200000000000000000
16100 805000000000000000
18000 900000000000000000
2100 105000000000000000
13800 690000000000000000
10000 500000000000000000
9100 455000000000000000
12400 620000000000000000
16200 810000000000000000
11200 560000000000000000
14100 705000000000000000
16600 830000000000000000
1700 85000000000000000
7500 375000000000000000
3700 185000000000000000
400 20000000000000000
16900 845000000000000000
15500 775000000000000000
3000 150000000000000000
15900 795000000000000000
4400 220000000000000000
13400 670000000000000000
12800 640000000000000000
9300 465000000000000000
14900 745000000000000000
13600 680000000000000000
100 5000000000000000
8700 435000000000000000
16300 815000000000000000
11000 550000000000000000
15200 760000000000000000
11400 570000000000000000
16800 840000000000000000
8100 405000000000000000
9500 475000000000000000
1300 65000000000000000
1800 90000000000000000
9900 495000000000000000
19200 960000000000000000
20000 1000000000000000000
2400 120000000000000000
7600 380000000000000000
17900 895000000000000000
8200 410000000000000000
13300 665000000000000000
7200 360000000000000000
11500 575000000000000000
19500 975000000000000000
8500 425000000000000000
500 25000000000000000
1100 55000000000000000
17800 890000000000000000
19000 950000000000000000
3500 175000000000000000
12700 635000000000000000
7000 350000000000000000
6800 340000000000000000
12200 610000000000000000
8400 420000000000000000
2700 135000000000000000
4700 235000000000000000
7400 370000000000000000
19600 980000000000000000
3100 155000000000000000
19300 965000000000000000
7900 395000000000000000
14200 710000000000000000
2800 140000000000000000
5500 275000000000000000
1000 50000000000000000
18100 905000000000000000
10300 515000000000000000
17600 880000000000000000
6600 330000000000000000
6900 345000000000000000
6700 335000000000000000
2500 125000000000000000
17700 885000000000000000
600 30000000000000000
15400 770000000000000000
1900 95000000000000000
7300 365000000000000000
12000 600000000000000000
11700 585000000000000000
6000 300000000000000000
17400 870000000000000000
3200 160000000000000000
8300 415000000000000000
5100 255000000000000000
15100 755000000000000000
6300 315000000000000000
9800 490000000000000000
17500 875000000000000000
900 45000000000000000
14000 700000000000000000
2900 145000000000000000
9000 450000000000000000
13000 650000000000000000
11600 580000000000000000
14800 740000000000000000
13900 695000000000000000
10200 510000000000000000
9700 485000000000000000
13100 655000000000000000
12300 615000000000000000
700 35000000000000000
2200 110000000000000000
16000 800000000000000000
8800 440000000000000000
10500 525000000000000000
16500 825000000000000000
1200 60000000000000000
10800 540000000000000000
14300 715000000000000000
14600 730000000000000000
6200 310000000000000000
17100 855000000000000000
14500 725000000000000000
11800 590000000000000000
13500 675000000000000000
800 40000000000000000
239628653051543744 11168082699265207 5
2 767376
4 978470
1 507650
2 1109087
1 1123587
246014732116089485 12389691646418862 59
13 754703
9 10112283
11 12359457
33 9755016
15 7557314
1 945258
17 19100979
2 2247174
25 2171589
35 37295
2 215194
36 18126
20 8447776
18 20224566
17 39854
16 17977392
31 3667076
16 4565824
3 942289
14 15730218
13 2203002
12 611889
34 271692
38 1862846
8 8988696
24 2932251
13 14606631
20 22471740
33 2094888
6 6741522
31 3070695
31 3038255
4 4494348
26 496190
1 1123587
42 836831
7 7865109
5 5617935
3 3370761
7 3469053
35 4269473
36 4463183
34 9680885
2 577
2 232827
12 13483044
22 4210786
10 11235870
12 1173780
19 21348153
22 11547532
9 2027510
47 7870664
47 147668
15 16853805
2 1196103
2 1537027
28 646534
8 3651741
81753921131354843 2348531814104334 11
8 793899
7 3992292
3 3370761
1 1123587
5 5617935
4 4494348
8 4297747
11 1275327
2 2247174
5 2342376
2 6340
1000000000000000000 1 1
1 1000000000000000000
