100
2 77.4956 5.3818
0.0004 3.7300
99.9993 5.3818
2 99.9998 49.4406
98.1477 49.4406
99.9997 41.1985
2 99.9990 85.5865
99.9992 66.1663
99.9993 85.5865
2 99.9994 2.2480
99.9994 2.2448
99.9998 51.8149
2 0.0010 91.4534
0.0009 84.1767
99.9991 91.4534
2 0.0009 74.8941
99.9999 65.1204
99.9993 84.6678
2 99.9993 32.4895
99.9994 32.4895
99.9999 73.7460
2 0.0007 17.0862
99.9991 75.8458
0.0007 17.0862
2 99.9994 33.3046
99.9994 27.8842
98.5026 38.7250
2 0.0006 4.8420
0.0003 4.8420
99.9999 58.7950
2 100.0000 88.3983
0.0001 88.3983
99.9999 88.3984
2 94.7707 60.4323
100.0000 60.4323
99.9999 60.4323
2 6.9563 1.7074
74.0755 74.2053
57.1063 74.2053
2 0.0007 18.5240
99.9994 0.1301
99.9991 18.5744
2 0.0001 0.1001
0.0001 0.1000
0.0001 0.1003
2 0.0006 67.5624
99.9995 58.2519
99.9991 67.5624
2 99.9997 93.0312
64.4835 93.3111
0.0006 93.0312
2 99.9992 58.6579
0.0005 44.4223
0.0005 58.8884
1 10.0000 50.0000
0.2000 50.0000
1 63.3050 23.0260
62.0139 23.0260
2 100.0000 75.6127
70.0263 75.6127
27.0364 27.7990
2 0.0003 4.3086
0.0011 0.8300
99.9998 4.3086
2 0.0008 20.4305
0.0008 44.3771
31.5097 20.4305
2 99.9999 50.9100
0.0010 74.5567
0.0008 50.9100
2 99.9993 63.5864
0.0005 63.5864
99.9995 87.4026
2 99.9998 75.9493
0.0011 75.7258
0.0008 76.1727
2 99.9998 30.7964
0.0008 48.5427
0.0011 13.0501
2 70.5514 73.1495
99.9999 73.1495
100.0000 73.1495
2 0.0002 31.0646
99.9991 59.5173
99.9992 31.0239
2 99.9998 52.0960
99.9993 52.4370
0.0006 17.3628
2 85.6159 0.1000
2.2284 75.0174
29.1782 61.1353
2 0.0001 92.7769
55.5400 90.0350
21.0835 95.5188
2 30.0000 65.4321
0.0001 50.0000
100.0000 99.9000
2 100.0000 53.5837
0.0010 53.5275
0.0009 69.5623
2 0.0003 62.5169
0.0009 54.9500
99.9993 62.5169
2 0.0007 40.1423
0.0011 40.0984
0.0004 71.0252
2 99.9995 16.2219
0.0003 16.1991
70.6164 52.7609
2 100.0000 88.3984
0.0001 88.3983
99.9999 88.3984
2 0.0002 10.6024
0.0005 2.0947
99.9992 10.7009
2 0.0002 53.4352
0.0007 12.3764
0.0002 94.4940
2 0.0004 19.4814
0.0007 25.1716
0.0006 19.4814
2 0.0006 54.8986
0.0007 54.8978
0.0007 4.6293
2 0.0005 18.4902
0.0011 2.3792
0.0008 18.4902
2 99.9990 26.7635
0.0008 26.7635
99.9995 16.3453
2 23.7226 9.2692
44.8193 9.1234
12.6616 9.7852
2 0.0010 74.5637
0.0010 68.5881
0.0006 74.5637
2 0.0001 0.1000
0.0001 0.1002
0.0001 0.1001
2 96.4462 79.9743
0.0001 79.9743
0.0002 79.9743
1 46.4815 81.0987
29.2228 27.1696
2 99.9992 28.0383
99.9992 26.6427
99.9992 29.4338
2 0.0008 79.8156
99.9999 4.8006
99.9992 79.8156
2 14.5670 45.5017
0.0001 45.5017
0.0002 45.5017
2 99.9996 49.2104
99.9994 88.7780
99.9993 49.1566
2 0.0005 40.0808
99.9997 61.8247
99.9999 40.0808
2 99.9998 22.6273
0.0011 0.2572
99.9997 44.9974
2 79.0853 28.3699
62.2804 56.0536
48.1962 28.3709
2 99.9997 74.6500
99.9990 74.6500
0.0007 77.7071
2 99.9999 9.1582
0.0003 9.1582
0.0006 65.3087
2 0.0007 66.5099
0.0010 11.6806
99.9990 66.5099
2 99.9995 28.7422
80.3785 0.1692
99.9999 28.7422
2 99.9994 24.2400
47.0787 14.2380
0.0003 24.2400
2 80.0021 53.2836
45.5946 53.2836
8.0155 53.2836
2 59.1081 96.8236
85.9566 98.5488
45.9915 93.5993
2 100.0000 86.8071
0.0007 86.8081
27.6800 99.6153
2 0.0001 77.2831
0.0001 97.3911
0.0001 57.1751
2 0.0011 34.1102
0.0007 33.1371
0.0002 34.4435
2 5.0000 99.9000
30.0000 99.8999
20.0000 99.7000
2 100.0000 55.1661
0.0009 55.2848
0.0006 27.8279
2 94.7078 0.1000
30.9407 76.7482
33.5351 0.1000
2 99.9998 99.3555
99.9999 81.9490
0.0004 99.5509
2 20.0335 71.1867
55.0686 45.4681
6.1671 71.1860
2 99.9997 56.7020
66.2461 44.4626
0.0010 56.9496
2 99.9992 21.0988
0.0011 54.0251
0.0011 21.0988
1 29.9711 58.9911
56.1407 58.9905
2 0.0008 29.1935
99.9993 3.5957
50.6610 54.7912
1 76.0474 6.1879
64.3232 95.8809
2 0.0002 39.4223
0.0010 57.8883
99.9992 39.3739
2 99.9997 96.7926
0.0011 50.6301
0.0005 96.7926
2 0.0009 75.7906
0.0010 84.5582
99.9991 75.7906
1 80.6029 18.0505
35.1525 81.6478
2 99.9998 82.7473
10.6710 82.7473
99.9994 84.7819
2 100.0000 48.0875
0.5646 39.5725
77.3501 56.6025
2 55.4102 99.9000
10.5162 77.5759
9.8033 89.1717
1 18.8596 99.9000
34.7005 99.9000
2 99.9990 64.0018
99.9999 73.2298
0.0002 63.9073
2 0.0002 64.2489
0.0007 85.2625
0.0004 64.2489
2 100.0000 65.1586
99.9999 65.1586
0.0001 65.1587
2 0.0007 19.2423
99.9993 1.3502
99.9991 19.3443
2 0.0002 70.9570
0.0004 99.6852
0.0009 70.9570
2 99.9992 9.8419
99.9995 9.8419
99.9992 7.7869
2 100.0000 35.4117
99.9998 35.5813
99.9999 25.8717
2 100.0000 65.1587
0.0001 65.1587
99.9999 65.1586
2 0.0004 98.6267
0.0010 99.1197
0.0004 30.4857
2 99.4808 76.9326
99.9999 76.9326
100.0000 76.9326
2 0.0002 62.1036
0.0008 50.7333
99.9990 73.4739
2 0.0007 79.3553
99.9993 79.3553
99.9990 19.3739
2 99.9998 81.8922
0.0004 69.0977
0.0003 94.6866
2 99.9998 44.9488
0.0006 1.6677
99.9997 44.9488
2 0.0004 93.0170
99.9997 93.3067
8.8269 34.3569
2 0.0008 22.3622
99.9990 22.3300
57.8342 23.3208
