100
1 13715428065682310455
1 3999200006267982193
2 98023542721 62173673228
2 26384259629 40949240335
1 11251956946926388765
2 101432103352 46697625497
2 162696719359 125868810558
2 74071671711 45342280669
1 5505563211761169549
2 1434612048 803606077
2 13865097853 8843919865
2 60584394981 204746696125
1 3750216162152717616
1 11865056115106767905
2 117005909580 190729643353
1 6087951186010175720
2 31892231950 77897975483
2 13019183438 11041903337
2 175568243623 68142199597
2 22519450510 35213221233
1 492723232573034562
1 13441666185003919445
2 99659630976 78463757279
2 81735039821 19175691660
1 15068805479638932340
2 3287707819 28442264118
1 11522945430454295096
1 18347472414813069851
1 6625969126599921088
1 16253447189630682172
1 17408468087312859189
1 10682353727306971646
2 5608616571 7755043535
2 24170374987 111531762778
1 1587789151990352256
2 69494662126 90054148019
2 54261701455 15020668816
2 52380344093 21988129928
1 10499213523958953994
2 41550424965 66893901244
2 77721143409 10180322923
1 1447817448956923128
1 1903745231804644708
1 15663163210292817126
1 2506250156339710759
2 192636847931 73465413761
2 54369372744 70427524615
2 125294342722 51731127895
1 3830803759886757874
1 15860275236330256063
2 22141833533 12807135628
2 50879582059 137455454439
1 4489333430956831524
1 3111111034696432674
1 17149697150292501303
2 109270391301 41746413968
2 94909179953 74088029739
2 47240643099 63606658009
2 3764684726 31213902567
1 1275647470581882833
1 9327250588673641662
2 4613539142 6093015107
1 5904169627751141460
1 12086501329229978284
2 2916409075 9611395599
2 22684473055 8295512818
2 56139304278 16200109765
1 2931238985010883863
2 19911521151 35687218727
2 35609635191 13543907329
2 67369686771 41755471804
2 32844285277 4404018415
1 14390680279533611247
1 12776981253488600401
2 97913043785 28511700152
1 6955763722472542645
1 3153510758696343503
1 4805382044175130844
1 14340553107136559251
1 13172033981696410162
2 90842290181 25343404546
1 8076700405469532593
1 10717477979324011324
1 2528557907754438047
1 7952103260785163649
1 3572201637332398699
2 140992392359 89139306941
1 3798516840723779576
1 18432420775319882932
1 4981243400863661256
1 17844470176011296597
1 15427198712157787953
1 16387250301629295110
1 5457073613104018067
1 9846001110881220527
2 25830256700 18853714449
1 5378667554835810399
1 4266227667361777582
1 13886405398921746161
2 37151375271 62657125937
