1000
15 302
12 565
97 395
27 245
150 607
77 477
219 882
181 730
163 658
30 891
9 19
137 275
152 305
102 205
219 439
1 1000
38 332
38 331
38 333
38 396
43 927
43 926
43 928
43 936
218 437
218 706
279 559
279 831
224 449
224 564
195 391
195 569
5 893
5 892
5 894
5 935
258 517
258 958
356 713
356 965
95 788
95 787
95 789
95 830
91 955
91 954
91 956
91 958
144 289
144 368
315 631
315 817
153 933
153 932
153 934
153 988
156 630
156 629
156 631
156 753
39 249
39 248
39 250
39 332
409 819
409 900
134 542
134 541
134 543
134 669
38 425
38 424
38 426
38 487
95 191
95 214
167 335
167 512
66 270
66 269
66 271
66 342
373 747
373 870
217 435
217 591
18 477
18 476
18 478
18 506
234 469
234 660
145 586
145 585
145 587
145 621
117 964
117 963
117 965
117 977
282 565
282 961
30 126
30 125
30 127
30 193
182 365
182 554
100 828
100 827
100 829
100 934
39 534
39 533
39 535
39 596
237 475
237 552
227 455
227 567
200 806
200 805
200 807
200 972
168 337
168 665
328 657
328 804
314 629
314 787
413 827
413 894
164 662
164 661
164 663
164 739
26 621
26 620
26 622
26 706
268 537
268 589
107 434
107 433
107 435
107 498
469 939
469 993
189 762
189 761
189 763
189 923
319 639
319 875
18 123
18 122
18 124
18 144
13 222
13 221
13 223
13 229
31 810
31 809
31 811
31 865
5 127
26 305
26 304
26 306
26 325
40 255
40 254
40 256
40 343
70 745
70 744
70 746
70 851
70 286
70 285
70 287
70 337
403 807
403 985
86 173
86 302
135 825
135 824
135 826
135 899
191 383
191 670
30 511
30 510
30 512
30 529
293 587
293 975
361 723
361 884
73 453
73 452
73 454
73 539
12 124
12 123
12 125
12 129
16 111
16 110
16 112
16 129
172 345
172 472
62 125
62 183
76 471
76 470
76 472
76 545
161 323
161 603
167 674
167 673
167 675
167 694
71 290
71 289
71 291
71 381
211 423
211 482
188 377
188 391
169 339
169 446
47 749
47 748
47 750
47 867
99 199
99 329
62 387
62 386
62 388
62 431
284 569
284 820
30 600
30 599
30 601
30 606
69 430
418 837
418 906
379 760
144 582
144 581
144 583
144 613
266 533
266 696
267 535
267 550
82 684
82 683
82 685
82 802
124 249
124 475
230 461
230 612
302 605
302 680
264 529
264 597
122 245
122 417
4 270
4 269
4 271
4 287
29 189
29 188
29 190
29 207
392 785
392 921
214 429
214 648
17 74
17 73
17 75
17 111
131 530
131 529
131 531
131 756
142 574
142 573
142 575
142 757
106 651
106 650
106 652
106 759
152 614
152 613
152 615
152 643
223 898
223 897
223 899
223 985
16 741
16 740
16 742
16 823
84 519
84 518
84 520
84 659
117 716
117 718
117 782
65 265
65 267
65 270
153 617
153 619
153 921
21 89
21 91
21 99
101 620
101 622
101 726
273 907
78 653
175 705
175 707
175 862
197 793
197 795
197 929
414 931
18 122
18 124
18 131
20 370
20 372
20 439
44 823
44 825
44 868
94 578
94 580
94 690
286 743
230 602
156 314
236 612
313 952
193 413
118 255
38 949
38 951
38 963
80 494
80 496
80 629
37 129
65 404
65 406
65 497
97 596
97 598
97 651
123 752
123 754
123 931
52 213
52 215
52 249
175 639
86 530
86 532
86 600
129 323
420 987
34 299
34 301
34 377
372 787
180 725
180 727
180 932
12 86
12 88
12 91
410 957
63 674
63 676
63 807
225 713
253 814
18 882
271 979
241 818
76 470
76 472
76 497
389 795
207 687
38 622
38 624
38 691
322 992
428 907
16 155
16 157
16 167
110 445
110 447
110 604
132 533
132 535
132 770
324 672
108 662
108 664
108 715
12 494
12 496
12 502
153 519
66 555
66 557
66 643
24 669
24 671
24 685
129 521
129 523
129 593
160 645
160 647
160 819
36 497
36 499
36 569
17 73
17 75
17 105
201 680
94 274
83 299
329 711
150 605
150 607
150 657
214 485
315 816
334 823
269 909
139 378
25 780
25 782
25 873
213 592
319 854
54 713
54 715
54 751
287 688
233 937
233 939
233 957
176 545
268 869
193 777
193 779
193 871
199 801
199 803
199 923
171 689
171 691
171 974
228 907
355 873
90 747
90 749
90 936
175 705
175 707
175 959
79 228
235 914
132 533
132 535
132 679
321 660
203 817
203 819
203 931
38 424
38 426
38 462
209 585
349 751
77 476
77 478
77 584
213 448
84 807
215 998
269 701
100 447
202 857
136 880
111 418
57 973
288 948
146 296
72 774
13 856
122 268
133 460
75 414
152 634
281 675
266 630
8 40
65 786
138 604
300 856
250 806
322 646
203 777
166 344
311 881
98 278
212 870
428 947
139 843
259 547
45 732
87 600
156 419
294 659
20 391
173 975
386 861
98 656
176 491
161 404
148 617
317 922
173 379
307 798
98 224
184 923
171 532
53 908
355 758
115 772
345 762
432 998
488 985
242 838
197 820
238 616
82 285
71 621
404 906
99 579
164 554
131 631
289 603
383 965
60 786
45 535
362 903
14 724
150 945
46 602
175 697
312 857
185 646
303 810
74 884
97 945
290 628
77 862
149 804
106 560
166 691
61 299
65 305
20 686
66 382
266 633
45 432
35 101
230 747
197 880
241 638
145 982
215 779
81 381
187 905
85 481
153 908
313 815
387 882
265 644
52 611
6 924
107 250
237 631
6 854
232 605
288 657
89 183
129 567
454 979
107 855
317 917
163 561
147 539
220 661
159 819
412 826
316 722
128 419
142 298
211 645
146 622
132 605
143 721
73 924
491 998
32 741
354 916
40 805
395 860
322 783
165 910
312 993
154 543
105 660
222 583
57 554
75 570
113 411
85 514
288 844
61 392
116 617
71 434
390 881
43 804
65 530
243 670
365 851
255 755
100 642
324 850
150 688
51 1000
47 566
312 825
103 588
233 964
255 897
289 890
96 317
232 742
251 735
100 461
363 772
47 753
178 979
187 500
152 859
65 920
136 590
67 431
263 902
120 789
97 304
227 875
89 311
228 846
74 295
166 956
282 738
422 901
132 727
77 257
251 577
98 339
165 552
264 553
23 874
162 526
238 805
297 784
77 370
100 949
110 850
170 904
345 850
126 448
56 715
41 666
115 706
266 557
267 911
146 479
16 820
107 798
231 670
92 883
360 993
186 605
168 409
174 488
34 275
147 309
277 559
65 751
204 498
63 510
201 814
25 731
238 657
111 462
168 694
369 963
160 375
144 554
142 944
362 785
99 764
185 827
85 657
185 497
438 978
157 530
62 426
181 403
45 359
97 921
15 330
301 826
29 71
83 673
254 841
192 484
9 918
269 804
278 599
202 754
107 522
110 806
171 999
104 262
144 998
49 439
81 479
20 894
101 590
144 935
15 311
163 591
69 524
160 837
11 732
356 869
194 892
212 876
252 923
15 933
24 998
74 697
24 287
114 483
215 484
332 726
164 898
198 450
63 324
294 832
94 290
86 568
74 914
158 894
146 761
328 758
253 894
258 769
264 572
145 834
210 456
87 385
85 308
312 652
288 815
56 936
191 920
427 876
33 406
289 634
219 467
81 229
165 700
173 952
152 818
25 397
169 640
107 307
407 920
315 801
30 138
119 820
46 983
2 774
56 785
251 859
127 966
273 716
137 587
137 575
290 850
16 822
148 453
126 648
307 982
31 119
194 901
275 665
235 537
170 801
94 666
217 565
50 597
389 831
334 683
307 725
226 840
93 914
405 980
250 722
81 916
1 556
37 185
102 207
204 963
60 122
64 188
178 786
51 765
62 715
51 941
22 856
440 916
150 489
58 301
30 512
206 795
181 872
11 887
342 945
75 906
395 964
143 684
109 249
398 967
79 618
278 875
81 422
232 731
171 546
426 871
222 611
86 255
183 584
201 957
31 335
242 855
353 886
95 298
234 538
114 818
58 864
362 936
60 328
41 464
232 793
114 945
233 970
135 911
109 607
101 878
58 624
98 343
250 503
7 492
247 814
64 492
273 557
282 828
47 362
188 637
282 893
200 511
156 871
58 832
172 820
110 841
235 640
110 998
85 184
8 907
311 900
224 670
303 727
16 400
191 701
222 982
20 958
9 639
334 943
335 683
13 689
120 421
202 766
283 611
91 711
76 485
299 649
77 583
207 539
56 916
279 916
261 549
377 927
21 133
39 739
9 776
89 433
84 373
244 826
34 333
259 583
219 802
307 787
29 487
142 364
219 556
151 376
12 968
372 908
284 845
58 828
95 326
13 603
314 797
198 703
175 761
7 854
64 949
209 736
148 581
296 785
291 658
301 957
289 924
30 530
440 934
13 73
255 985
4 586
312 832
455 911
140 558
112 326
109 564
374 931
424 926
28 349
51 430
285 587
37 420
63 356
102 924
30 978
