100
4
28 53 22 45
5
1 100 1 100 1
5
1 2 3 4 5
5
100 100 100 100 100
5
45 9 34 83 32
4
19 46 97 71
5
72 73 31 35 8
3
13 4 48
4
23 98 4 86
3
45 97 70
5
20 87 45 88 16
4
82 27 6 38
5
52 39 94 34 37
4
12 35 1 26
5
81 27 19 52 40
4
58 43 87 90
3
39 3 38
3
77 41 64
4
70 9 59 42
3
97 82 49
3
58 61 93
5
77 63 5 77 30
5
36 6 76 18 67
5
11 7 15 29 3
5
46 16 75 45 68
5
100 91 27 75 46
4
9 28 81 60
3
6 8 52
3
80 35 56
3
76 65 20
4
10 61 64 84
5
93 3 76 8 43
5
30 56 85 3 6
3
92 29 46
5
46 66 80 44 53
4
93 13 14 73
5
73 67 86 14 25
3
2 94 73
3
49 9 85
5
92 17 42 98 24
5
77 40 58 62 20
4
65 49 37 62
3
65 69 99
5
30 68 42 61 91
5
90 28 43 73 7
4
69 82 33 90
4
22 29 54 52
3
13 65 15
4
68 16 62 70
3
18 76 90
3
74 14 78
4
4 72 79 32
4
32 36 50 38
3
36 30 47
3
50 53 81
5
20 76 91 23 68
5
12 73 76 70 5
4
46 16 38 23
5
9 55 57 87 57
3
16 44 83
4
52 100 78 29
4
40 72 13 85
4
37 69 50 100
4
48 28 42 93
4
18 3 94 28
3
68 85 75
4
44 39 89 85
3
15 86 80
5
11 34 86 21 12
5
71 26 22 22 32
3
4 50 73
5
15 93 35 6 88
3
91 44 94
5
89 50 37 98 41
5
3 5 54 42 33
5
83 40 63 20 76
5
96 30 31 77 49
3
28 7 8
5
70 60 76 48 6
4
43 76 42 34
3
44 52 74
3
86 65 53
5
48 7 84 95 57
4
22 56 61 30
3
17 95 6
5
82 20 42 84 17
4
14 41 94 91
4
27 36 88 96
4
17 85 76 53
5
70 59 90 71 11
4
5 19 57 95
5
55 74 32 44 43
3
70 9 92
5
55 73 74 11 31
4
61 54 94 20
5
31 47 21 83 2
5
83 28 79 72 9
4
30 56 93 43
3
35 9 20
4
33 33 18 95
