10
1038 1784 2038 784 2038 1784
1886 1731 1987 1632 1986 1732
-7708 -7055 -1963 -7055 -7708 -1310
-7654 -7003 -3361 -7003 -7654 -2710
3 9 6 9 3 12
4 10 5 10 4 11
902 -555 902 1403 -1056 -555
-77 424 -77 -555 902 424
-8471 -3353 -9471 -2353 -9471 -3353
-9319 -3298 -9420 -3199 -9419 -3299
10 0 0 10 0 0
3 3 1 1 3 1
-9999 9992 -9999 -9508 9501 9992
-9998 9991 -9998 -9507 9500 9991
-964 -211 662 -211 -964 1415
-151 602 -964 602 -151 -211
-4559 801 -4559 -8203 4445 801
-4504 751 -4504 -5329 1576 751
0 0 0 2 2 0
0 0 0 1 1 0
