100
0 0 7200000000000
10800000000000 41940000000000 43095000000000
2397000000000 28764000000000 41040000000000
4320000000000 17766000000000 40392000000000
0 0 0
9360000000000 15276000000000 15673000000000
4968000000000 25614000000000 38880000000000
14784000000000 15632000000000 23040000000000
15444000000000 19440000000000 33687000000000
0 0 32400000000000
16560000000000 16703000000000 27636000000000
720000000000 6061000000000 29532000000000
8715000000000 10800000000000 18180000000000
16523000000000 16560000000000 25476000000000
15792000000000 30116000000000 40320000000000
5760000000000 28896000000000 38408000000000
0 0 14400000000000
5632000000000 24384000000000 37440000000000
24900000000000 25200000000000 27275000000000
17772000000000 26681000000000 29520000000000
3600000000000 18780000000000 37565000000000
17940000000000 23095000000000 39600000000000
4604000000000 12048000000000 31680000000000
16192000000000 21504000000000 37440000000000
742000000000 8904000000000 15840000000000
5040000000000 20244000000000 26887000000000
14400000000000 32060000000000 39120000000000
120000000000 7200000000000 7210000000000
12051000000000 15012000000000 36720000000000
218000000000 2616000000000 27360000000000
4936000000000 11520000000000 16032000000000
1440000000000 13142000000000 28104000000000
1200000000000 25300000000000 28800000000000
10364000000000 31680000000000 37968000000000
7904000000000 8448000000000 31680000000000
32395000000000 39600000000000 43140000000000
10230000000000 21600000000000 36360000000000
20820000000000 23335000000000 39600000000000
0 0 39600000000000
1187000000000 14244000000000 33840000000000
3060000000000 10800000000000 39855000000000
13680000000000 17508000000000 19459000000000
0 0 18000000000000
28644000000000 33840000000000 34787000000000
0 0 25200000000000
21046000000000 33120000000000 36552000000000
2381000000000 28572000000000 29520000000000
9300000000000 11575000000000 39600000000000
13353000000000 23760000000000 30636000000000
4320000000000 33192000000000 42366000000000
1332000000000 14511000000000 36720000000000
5760000000000 28328000000000 37536000000000
0 7920000000000 36660000000000
0 0 21600000000000
28800000000000 39280000000000 39360000000000
8640000000000 31932000000000 37584000000000
10080000000000 12254000000000 17448000000000
7047000000000 19440000000000 41364000000000
9780000000000 11615000000000 25200000000000
20198000000000 26376000000000 27360000000000
16284000000000 26640000000000 30157000000000
10080000000000 28034000000000 34008000000000
1440000000000 2904000000000 21842000000000
16560000000000 21143000000000 37716000000000
0 1800000000000 21600000000000
19140000000000 23195000000000 25200000000000
10548000000000 34560000000000 40176000000000
10599000000000 28080000000000 40788000000000
0 0 10800000000000
2160000000000 23796000000000 30783000000000
1706000000000 18720000000000 20472000000000
18720000000000 31766000000000 35592000000000
6174000000000 30888000000000 38880000000000
20880000000000 30588000000000 42149000000000
8640000000000 9072000000000 22464000000000
7200000000000 8770000000000 18840000000000
7196000000000 40320000000000 43152000000000
0 0 3600000000000
0 0 28800000000000
18636000000000 19553000000000 38160000000000
16452000000000 36720000000000 40971000000000
1643000000000 16560000000000 19716000000000
18000000000000 19645000000000 19740000000000
2880000000000 20208000000000 26884000000000
5040000000000 13807000000000 36084000000000
18696000000000 33958000000000 41760000000000
23934000000000 28008000000000 38880000000000
16911000000000 30132000000000 36720000000000
19860000000000 25200000000000 26855000000000
1224000000000 30240000000000 39702000000000
19440000000000 24084000000000 27207000000000
7920000000000 18132000000000 26711000000000
6480000000000 8349000000000 13788000000000
0 0 36000000000000
19440000000000 19764000000000 23247000000000
8172000000000 15081000000000 15120000000000
13680000000000 23899000000000 27588000000000
30960000000000 32383000000000 42996000000000
13193000000000 28716000000000 38160000000000
108000000000 6480000000000 36009000000000
