100
10101010 10101010
11100101 1001011
0 1111
100110 1111100
10101010 11000000
1100001 1
111010 101011
10110110 1000
1010111 1010110
10011011 110010
10100001 100011
0 1100000
10100010 10110101
11111001 1010
11000011 1001
1111010 110000
1101 110100
1001010 100000
1110001 11010000
11100111 10011101
1110001 1000010
11001001 10000
11010001 100110
11110011 100000
1110100 10100100
11000010 1001
10000010 1100000
11000111 10001001
10010011 10101
11001011 110000
10101111 11110110
11010001 11100100
1100001 0
111111 1
10001101 111001
111010 11010000
1011 1101
11110110 11001100
110 10001011
11010 10100
1001100 10011
11111111 1111111
10001110 11111110
10100110 1001011
10111 1001
1101001 101000
1110010 11101001
1 111001
110101 1110100
0 1000000
10010110 1110
1100011 1
10010 10101111
1111 0
1101111 1101111
10101010 0
110100 10111000
111000 110111
1111101 1110010
0 0
11100 11100000
11000000 11111011
1011101 11101110
101000 11111000
10110101 10111000
11011101 1011000
10000111 10100
0 1
1001010 100010
10100010 10001
1000000 100010
10001011 11001111
11100100 11110000
10101110 1
10111010 10011111
11010 1011
1011111 11010010
1110001 10110110
11111111 11000001
10101011 11111010
10101011 10110110
11011100 1111100
1 0
1 1
1001001 1001
1001100 11100
10000100 1001100
100100 110101
11100001 1000110
11111101 11001011
11011001 11100001
11101 1001110
10101010 11001100
1010101 110110
0 100001
11110010 1101110
1101 1
1010011 1010010
10101101 100000
1110111 11110101
