100
4
940
4444
46969
34446
49860
26124
94106
41
48884
91248
61461
31430
36404
42279
43340
74814
94444
14471
48614
94
31466
74955
45745
14
99994
56449
83415
74680
54864
44442
21614
78140
49208
48552
14443
94337
21734
70814
14240
81094
40454
75941
17746
43267
71246
14702
86420
25444
47564
91490
14494
77747
64615
74832
44384
42327
14938
23124
13244
13024
18214
94344
65401
70384
46444
44
44484
24415
44444
37245
16047
56410
40686
14779
41443
46
42468
76464
67843
39174
44344
44319
50694
84814
45844
58448
44435
42552
48652
49999
21348
34021
44249
64034
94935
12406
97439
74815
67240
