29
0.000002 1.000000 0.000001 0.000260 0.068965
0.000001 1.000000 0.001006 0.000067 0.068965
0.000118 1.000000 0.000011 0.000506 0.068965
0.000016 1.000000 0.000321 0.000024 0.068965
0.000001 1.000000 0.000124 0.000001 0.068965
0.000211 1.000000 0.001520 0.001856 0.068965
0.000010 1.000000 0.000073 0.000067 0.068965
0.000003 1.000000 0.004521 0.000019 0.068965
0.000001 1.000000 0.000002 0.000002 0.068965
0.000035 1.000000 0.000135 0.000058 0.068965
0.000016 1.000000 0.001035 0.000040 0.068965
0.000001 1.000000 0.000001 0.000094 0.068965
0.000001 1.000000 0.001169 0.000002 0.068965
0.000001 1.000000 0.000001 0.000002 0.068965
0.000001 1.000000 0.000035 0.000001 0.068965
0.000001 1.000000 0.001245 0.000002 0.068965
0.000001 1.000000 0.007009 0.000001 0.068965
0.000110 1.000000 0.000003 0.000406 0.068965
0.000347 1.000000 0.000042 0.000532 0.068965
0.000001 1.000000 0.000043 0.000001 0.068965
0.000024 1.000000 0.000852 0.000243 0.068965
0.000019 1.000000 0.000001 0.000167 0.068965
0.000001 1.000000 0.000009 0.000001 0.068965
0.000348 1.000000 0.000031 0.000838 0.068965
0.000001 1.000000 0.000119 0.000001 0.068965
0.000148 1.000000 0.000002 0.000248 0.068965
0.000001 1.000000 0.004737 0.000002 0.068965
0.000001 1.000000 0.000082 0.000003 0.068965
0.000042 1.000000 0.000047 0.000087 0.068965
