100
100
136103909 451422234 507563799 918534158 909763276 795986808 905439313 831168245 439472101 771384995 510809010 70431414 859230464 871525801 322743511 30536745 871415356 581811563 401413471 340676904 888069404 995762552 905730825 693010931 531043200 521235319 450824463 388792046 702446990 822868227 998970086 444837227 409340659 563114020 59908958 424576044 259084846 693523932 946436300 242715775 499687594 794122020 452355395 525131934 968229463 71910940 159483563 812541097 444773642 891678784 541867424 311936169 33933757 383227619 73543150 777548041 749483079 212434816 630442410 127305762 46992358 140868940 141590195 597859379 821767575 434805608 751176239 198030532 943444022 120426529 275082190 544954570 288668037 676264046 250188528 968882042 215045708 147179966 372331561 783901124 485230777 484796857 64037188 834144107 949086022 16553388 706454138 85322881 464899238 291981651 733772465 925470447 355190902 559698528 201968936 184286258 103994483 630373956 409419572 673341165
3 100 12 100
100
95528436 80403523 51520630 84704143 18847572 31322528 59789525 62384722 80942305 74386593 57881543 98336744 2387899 73024328 42216860 50567745 96645218 93484766 12449192 40945672 84428705 36210507 12634913 16719314 73568288 6296440 44870996 80494065 33698553 77996517 99221156 56044943 51160730 82357796 87461969 68780742 31583543 74673226 76999792 64566637 94575613 78624694 39718177 89914387 29903595 92051993 21342394 5569394 18477576 93390352 90977528 5844875 43962440 9508436 94526848 82576138 93020140 90970071 86261976 59738216 18025685 62113513 98165210 31996388 40752155 52152057 74624588 79753908 44447138 21000282 62987587 90345372 56241631 52021179 58610243 25868445 69287697 8739660 24718486 55335629 918911817 933092838 974565937 924462266 994408794 970454214 21518464 7757429 99402970 12060470 61382590 10577641 49138959 40463519 64657262 948206418 960383003 935360051 954276337 597252058
9 96 84 95
100
905225054 157750212 693736679 746538921 629289193 898060996 36877797 560409157 249787862 690258567 333309458 613401800 796872672 522308716 927599278 911751658 749118843 820327848 544529986 605592767 331704640 799053067 982151609 408535036 369077006 768295452 624336686 11597543 597826865 394329999 138591765 916292640 306908006 144406955 131047910 396409353 991589408 50307266 572671540 449137034 42366808 143761683 384611605 209293218 497760609 374105277 416044591 204006790 31162228 220001604 593363373 735175905 967757878 422681437 524846299 728869483 491682355 720326956 315064879 219826575 804269228 602862991 519707384 472839019 990250983 972819332 511031792 102132753 718328964 860794313 240093124 680731781 51230723 948249617 747171755 660966763 97069385 47613594 149798054 800868478 958764261 787170779 349201686 133582872 728731449 736487921 951205471 608010815 956900888 849678679 594089259 347098714 347206041 160060492 216681299 378276786 610200521 661838434 484672831 717795464
5 97 1 97
100
984063163 831033050 221073906 756633240 702500132 500403665 882120930 445734683 26255065 317738662 914089282 983173461 815741597 436871501 590005573 926533310 848807690 43872751 381864708 87248846 271843657 235748764 340941757 233203930 533132877 509417524 320272149 601414229 504356219 85951162 76257782 993146806 367638589 330913278 877447688 664871103 176246375 851636989 326532882 356144659 118599826 628572015 393147611 967483670 769822303 105076984 585626488 686055984 4017663 410852061 322961358 721944489 91503506 6062813 5445154 60168840 582879127 506592646 146678952 677522280 45653359 498171401 32189607 437391434 709303130 235040842 553023296 632370198 376967672 799430444 724299261 235871911 330823570 340177656 947732507 501480810 319576520 846094918 861539986 415155614 517650231 980155443 585503285 22298226 228328673 401554806 182074520 685843852 386371724 815999337 935868542 886064315 80216746 43344349 860269223 842392109 511086001 909701541 728950061 325621604
71 88 47 98
99
1 1 1 1 1 1 1 1 1 1 1 1 1 1 1 1 1 1 1 1 1 1 1 1 1 1 1 1 1 1 1 1 1 1 1 1 1 1 1 1 1 1 1 1 1 1 1 1 1 1 1 1 1 1 1 1 1 1 1 1 1 1 1 1 1 1 1 1 1 1 1 1 1 1 1 1 1 1 1 1 1 1 1 1 1 1 1 1 1 1 1 1 1 1 1 1 1 1 1
23 80 15 97
100
22133290 3281961 66211723 10911822 74078095 55893909 84969501 91284643 16632388 48525203 91154836 69943045 63919336 44039454 36071742 54268549 36097029 84531520 2203284 57322951 17817870 53136197 83063790 84974823 18668115 1866216 82780584 63373986 12499391 93032511 12365309 259254 78306885 61203034 33747232 46201637 16075484 919847475 951713414 909505548 912375277 925424761 988859621 920695125 909190411 970908797 946921397 909545435 931290979 917925045 912853017 903921220 989187437 969384744 963965377 914104420 990569248 921139653 906155547 957440140 978399536 965637610 930919147 902806499 915661080 956968426 901596436 999562766 925026904 958296203 916927129 995450787 950151600 926109657 964881755 941887023 979020354 982850309 980215786 954766018 905750044 937501259 952536475 919870655 939592547 906733265 917323621 914049315 943653535 925863494 911690196 990671499 949007449 934008555 993766652 929423749 940903437 963376182 977040119 234892940
2 100 10 99
2
553608922 130471649
2 2 1 2
100
3871003 99505630 70397262 53802247 36748905 80250286 31789976 37239760 45447694 44870950 82195244 80643548 33013336 13953976 81975438 71411959 65584288 81165139 81781839 8220724 40062179 5488602 19885400 56962797 47205574 41884186 65682178 27681948 83017822 8130690 14954025 26088484 90863023 33484675 37605300 79148758 36854912 25555226 985781761 937818158 964313049 913010122 962942379 940686889 920560999 921745079 949273117 964341109 908523631 929218015 988615976 914547583 938894739 905988166 906611771 934811227 919949795 945704526 953359386 929444795 948247306 980322787 913125427 968686385 913485364 964748117 957001323 990733253 954467375 934499475 986869325 937339150 974747422 937312991 980347594 913417216 951808556 987709299 975514570 936170332 917752756 950216183 996404421 956582404 961672371 978256434 934540684 995878613 983589390 974589879 980670374 927573507 990324454 943865119 23319916 50591480 61294498 15532898 73540918 139943144
2 95 1 95
95
938155719 947369134 988346801 986741459 987534877 928826450 996133593 928845594 941491427 958410712 904902324 949351622 987781376 989695359 961830902 941812448 998984856 932700369 992625845 965699562 956970356 972540509 946951181 975913221 913247499 961818346 981685993 987785199 911423416 966460205 925225699 27660192 951553609 987788606 901033405 918491364 937994506 954986330 990925753 939567888 943621651 963359481 909319964 956099053 961318061 947438323 933334058 984513179 951615287 941006489 933740335 963351102 971486961 951203078 925733507 951221525 923167559 962267117 917019427 918063607 925355597 913084269 975513032 901853781 995107337 965284957 959762637 901595728 990055968 994254675 970770744 971786953 935936429 904018647 983925650 967918717 924244574 985292430 994253432 909786254 993962523 935232852 964376519 986800938 952380512 930663153 994715612 946126118 912943032 973335910 941583777 929626149 929513030 921356637 257077058
34 63 30 33
100
60112649 70905277 59354578 43775168 5840045 15589448 52874254 64752832 21763068 46010147 98481777 50655895 44148505 30098463 62431781 34474411 57995503 74666412 48056780 36937664 65247515 28533112 9509876 47425638 14895952 20510828 23203516 62752474 8619705 25857374 85473504 20413735 86392740 6782801 31035698 55914643 20843694 96048484 28161173 8111230 35725306 46257981 18549410 45215345 41924526 66095781 85003254 54412669 982717737 984961407 904688672 910204557 977752674 909440468 921256282 901987766 962913116 981243660 903163433 915455751 928643720 908238942 975337535 971520104 901775530 904588403 944933756 927135082 923594396 951558951 922329784 903809604 966709002 959465793 978689393 952936567 992863051 943634902 941502017 993596129 965133012 943541737 961946144 982748757 930153393 906122170 984727945 909036564 926747781 936331800 903575379 915102739 912125387 970788310 966305382 980304859 963171812 942657000 59649902 874103433
33 51 39 62
100
948018261 937786839 924188731 45373900 952561726 918917487 955509293 948069836 908191270 906480236 959920409 966762801 961156440 969036627 917635498 930624226 931732210 997448699 963389393 955650099 977714480 923748481 971119227 961621388 998283480 987233520 926420255 934971864 924096638 986235844 6486569 127315 62654589 90171861 68973154 60676507 54694515 14688576 69897768 25598417 45530031 90329533 39794945 89335127 69760577 49539368 51188472 24659340 19441711 28392343 77245761 68700140 61627502 22024574 45397744 27142803 94143605 56477609 9605087 68656515 65109199 32389663 41954136 77187925 21897829 52401713 19800503 71054322 2283157 7598628 34355786 38099748 97473828 36550414 25584361 76143690 11801958 27540830 18220645 73205048 99672203 11076345 41303756 22852897 328960 81532301 69030009 7374222 83063646 36132344 62981186 62846596 12154987 68124123 9611073 28348410 3045807 67606719 939826116 387671053
4 96 10 99
100
784983684 372573119 228617214 175694031 527709201 114475571 208110349 224590132 553951466 875435873 754482624 522378485 999079569 696932554 165424966 665274981 229799251 22215982 803585793 740723291 369835642 894996403 459501064 42578971 774653798 971783496 740475451 626627353 547237004 83474480 546062421 303541119 723394455 856519018 462217871 329228442 60126692 7123278 101152859 806854408 611058653 971242322 500298489 442348130 103531965 339314176 944609465 938823549 500284198 93140646 817881470 746710513 896887594 394728313 10718241 34716695 213722072 904871526 103996765 122653921 258025339 39023551 785391777 225318355 850252319 63292373 79142704 524110218 461706150 349789080 701027775 498004246 502848021 418903180 852185417 99028365 957980450 133614291 271167142 447843630 25083705 496593439 310490067 485643088 247809190 814030712 250748228 862480841 991940631 855974162 553919196 323905366 505697858 257352185 620770135 236813957 613307771 428034801 91167793 425760709
5 95 3 95
100
302795204 65318414 582872189 391851979 428165156 588214700 452363015 950759381 475781701 715401270 601872514 107206380 476203679 762524607 317822296 400956065 129156470 172391537 41136199 750336251 317846434 2869756 73440741 178672361 397458036 577689975 652336571 533515846 180826881 18870394 411022833 535421045 711864080 337175772 160571757 855602160 830220732 875259139 196821138 281883363 96987288 580586625 861813148 15699 76380235 868995434 726488160 48863885 758929954 275199942 536347062 381827393 56346426 881007315 341006042 859947594 43735150 16201835 914849390 827384801 281569557 821462862 769274399 496940835 953123472 423082303 908635698 953087212 234815884 232413973 192153695 569186157 323627443 937612011 974680364 136210430 110108087 583529006 946354182 806929234 291814800 285954555 281904059 715913684 226027744 32559165 303289930 734386832 372096785 172545415 895206944 619416896 390685404 513913278 84503010 489316248 919165498 666654333 557509053 993276005
9 100 60 100
100
925172819 977041367 955307173 929932700 950274616 912701719 79126138 55096294 40979364 4349284 69433150 84604480 26123586 51659125 15889002 90913413 20524761 945832872 982506042 904482265 910525707 911402505 993681919 909450000 958337219 925155851 994217086 996546892 931295273 956339099 924933805 931998973 912093753 917432003 957496604 988375131 955665301 982223651 970440043 930181577 924828764 945997332 995008180 964958550 912946836 957723413 953605924 919291345 960000658 973376147 996205912 991093512 959722033 948415860 902455802 994279476 997218721 933104595 965009411 907768101 913372043 964346195 909573085 913708192 921717087 990571189 924178547 930091098 977429174 926572495 951036219 916542495 979727545 960826498 941044679 937387248 934225115 989490626 940715369 997738171 945088796 904970470 914910531 921011622 991632938 918763289 944976382 960447979 975129381 978270093 957139231 919420641 972710021 945545776 921172638 938606777 901808441 970224836 97740591 218017352
10 99 5 95
100
50057517 53486532 617085138 538344380 665114926 978992805 884150500 152201840 126503373 315922809 530473113 153047259 440357017 678440360 702634340 856540146 912708773 980881616 700005166 188707518 539829587 612850715 545230049 794219373 85339994 310093114 918285261 427212457 133707501 972979995 848889678 500391887 656572285 662754053 815678305 535767470 823925586 686304330 905905683 818543990 877911543 258126906 882622825 567653105 240770291 467048274 449284513 148146188 456805923 336593792 684244668 860286876 386706359 522823525 523592080 971312161 896162604 80409952 665800825 427878603 524160423 849771194 996433174 491973952 977853979 407268275 788824118 613277614 242670350 657093093 33432863 344888171 702903902 292243869 470576925 311888707 266518318 289839329 529237315 814050785 684436456 736022852 206444366 447430622 151783116 942845544 240508837 162240454 580283412 457794745 152484932 669187804 301363096 325177965 678424828 841897401 764186516 468159903 539028856 154538668
6 92 53 99
100
970844810 918782443 974327373 973090444 926554870 914772025 996669284 914102357 34355678 80740858 67564762 33950812 62909783 11346778 13675346 24334254 21491745 59517600 1460459 30145499 49878004 72866896 86124382 29798255 35066543 53550442 3349952 60079047 48714376 12916019 90805523 57377722 2688515 36089853 58916897 81254125 42360737 44298747 36583554 59607199 4046080 42740433 58850639 42284091 10922445 17574192 24257397 14622623 26447635 69193520 16022124 13530669 7796882 86101836 70684354 15882247 56312782 63749434 14016544 76776762 10711769 49732012 41368490 90191645 88288598 97227597 39845547 67079622 75061522 33128663 86923583 21456790 67884790 2746826 64153247 91135182 44632718 39793108 24928580 19415009 68438301 15788673 10349330 88579631 90183084 99862788 22653161 41357624 69574725 54744030 62297378 84607327 2856880 19339546 88490511 1771198 37457998 12128964 28481567 653612418
2 99 30 35
99
1 1 1 1 1 1 1 1 1 1 1 1 1 1 1 1 1 1 1 1 1 1 1 1 1 1 1 1 1 1 1 1 1 1 1 1 1 1 1 1 1 1 1 1 1 1 1 1 1 1 1 1 1 1 1 1 1 1 1 1 1 1 1 1 1 1 1 1 1 1 1 1 1 1 1 1 1 1 1 1 1 1 1 1 1 1 1 1 1 1 1 1 1 1 1 1 1 1 1
15 92 35 64
100
684427592 541349242 419565951 647813928 61373325 786985286 54946751 41357223 259054813 697862421 508860901 92341425 530570987 76051697 969728087 345557790 121556303 50888871 18485685 420177361 942759604 762808513 548352651 804740193 307117844 128647613 964000240 238601915 443042937 140632598 232335868 908763148 433592763 540246122 193549827 682137499 621330493 520901118 803335475 656944040 116027115 434743962 87032575 739560970 775547968 776202668 945773920 200835122 577489452 584896435 301744037 992728787 614229707 999428304 142255346 690302151 256261447 749247350 731427503 771613509 749640891 339797655 198188162 300722903 177991325 591854757 746480138 916920224 894798479 548901694 883392340 728991598 693766156 336415280 552540430 32879714 759938325 968693304 948709690 404691706 577439631 747016963 556257872 561934469 733996717 333820611 973101092 53063234 381115246 534060303 43004726 344973141 30480083 733920112 904670737 900959411 886970935 599866221 937865323 792919503
5 100 1 28
100
976009801 919441534 940398170 955041003 980391904 978179917 966364512 988764383 987287032 917464272 916981772 993034568 983366193 971397262 904307308 935747158 919001375 976482546 967537747 935941050 933562258 956478949 973525352 931250148 938629219 932226250 967866506 992391733 908488560 945244274 997642833 948319269 940771680 998168902 946151310 922792531 984492831 964961141 924498831 938475503 971967314 904835708 908066759 940636416 45701973 94970712 42170580 62235266 95938491 42099448 43570024 52807662 42878129 97680834 80736018 89491511 94590119 52943881 11038889 14824157 84815342 9692873 22363827 964605 77825816 90583329 91435828 26888677 32164882 42977583 99809731 61203697 22538773 45289465 13441574 19236966 821097 41655977 63418041 7415207 19197470 10277042 97776237 24888145 43372302 95621255 84857344 46890762 76403654 96481803 179071 925852076 959229428 921032212 958187286 930687348 954208600 936086627 948593505 3305770
4 92 1 93
100
858920233 506745008 357633614 816346439 731235728 929414083 413196321 850805986 547099037 611177587 887470137 62678348 492697936 88713523 305829591 125889058 992916160 255776705 713542227 727447866 462230658 563502097 271931903 132146672 13910948 697771642 427376893 332480642 514153512 547026565 260645663 331462557 854493376 969673249 512619449 49835476 345188267 820413504 923303095 939787411 72432289 13154711 17362191 635923839 230753906 34668088 453572109 488445034 891116392 227370069 592007712 587463591 497420007 805071261 507718975 625774324 447262147 243585894 971858148 974670111 732152298 459519086 274362642 579195425 82588662 340588945 736727540 678210283 363413706 764554233 664804133 664369318 283594759 400016706 423104088 31098091 145174056 79412147 263529123 250996035 300859496 394838491 973309708 29819746 395385617 446244873 686304251 312861845 22195352 386329912 117240198 10405478 856930922 208453912 81239857 222411497 413187354 809112939 878998708 786178900
4 94 57 97
100
60099930 65090950 11299718 61545717 52663406 94917211 11295185 18578741 75826639 1822620 27177485 19436995 65114206 53367199 1154711 50703315 45039757 81859132 91572037 87886926 8470941 21777124 82953598 44715605 43389156 43115082 15482354 5595462 903482758 901015830 981314705 980762327 913585938 928153839 973118562 973396901 972044630 943088331 950876003 914657688 910576005 919687483 952578901 932091098 964187562 982337608 952911785 901291132 927067947 905021632 908865629 957879836 973610071 970234035 920855276 974324501 936984149 949054023 979526986 937596990 990096369 985896288 930964024 946443276 915378312 932863232 975485175 909481638 993278405 906180450 995742643 909300768 902111646 969814331 948342759 969612806 904707390 924867264 905491969 965494308 965220689 907070250 907465921 989265777 911208529 979715599 917287832 971545172 947794599 913191480 979349440 927783753 987376458 961355960 921514354 963263389 907837483 957567409 980675315 845282905
1 1 1 100
100
780929196 697177411 713867512 337587175 858531916 651047190 349673025 529845379 96136128 885197217 346106397 509883813 637596809 543494678 21890572 368785921 313199666 961696711 561595761 573071953 689181656 88266225 977526201 873120194 422631993 172349230 412957442 995651727 387963436 14378151 888036365 614872142 495497415 536336329 227206026 27474624 51241625 546788637 176572019 959869775 940790752 571496770 256814618 797838100 680230433 63958464 463248863 533056340 399271273 669639310 169651198 897580388 917495631 201787553 414371353 450824538 246578183 27218189 383277658 895459424 299368528 20122720 417241442 241062543 606775967 825432575 882734307 504138116 510828549 589415157 789631425 569272573 493509061 809156652 150202663 473030740 750657251 344503817 858838210 661274802 527159065 269122121 13297785 846755086 791658478 990631478 410074081 959240658 421220423 142956591 936014444 172692256 1135368 364836242 309755013 764190861 211405444 260548158 145294258 138166168
6 91 2 94
100
321632788 57621750 963255515 503427467 847419571 179456467 213246208 281802655 291578821 818659799 323398895 289802524 740877297 958465855 500757804 700979996 217191526 907102787 727947099 683549319 900568688 726806278 58007037 352084689 605054897 424078830 641377427 413039009 311514250 46245509 20644490 693354262 215226082 424328213 548920983 358504953 476991690 670531842 436708910 660067219 678826630 603198905 409780825 174737604 505931919 56110615 165073549 195548062 402321870 630428823 562603430 786722671 357658460 634078561 892095512 550302183 418917547 775220015 809263124 207232665 621189721 563652487 692872723 646480487 842916516 753879760 692009590 990739162 861490416 940744394 347039780 914422054 896011629 664552486 542281734 320037747 712799214 374860647 608112562 482399700 904875803 177781641 792975905 161251635 603230210 317213824 102999965 557593735 925622616 448874249 386179233 829700260 252916255 38319724 877833862 682894455 160638606 61808323 208551747 673363718
9 94 7 100
4
1 2 3 1
1 4 3 4
100
39435084 13100381 60711781 80507564 72470406 59007174 98667898 45656690 27164350 14975859 83127820 52360077 33431099 65333952 47644802 60296908 87123168 92952060 36455017 74912551 25816277 63136050 95922978 79971172 96813298 37700557 20100881 26504713 87706701 15993753 62513645 19368228 13747458 45953983 87233881 73587377 43088439 45630213 45466562 99388522 72607009 16360947 51340929 98390356 4210974 38169210 73821315 1044395 51141586 81676191 39590450 870288 17587755 40930347 93760883 76272501 40951391 33404439 74218408 86827814 27471988 20482082 87234001 77130774 3566210 40936370 74098236 52193033 4033792 41121647 47724777 78813610 40658388 89504581 43135043 28442601 42667026 86187521 30510183 80218604 64024051 6301047 22028550 41761366 72739007 14070853 98549414 29872120 10525811 40769477 907512205 981567670 969436326 905846799 974627711 964812469 924605130 965990154 928421591 614919072
2 90 9 99
99
1 1 1 1 1 1 1 1 1 1 1 1 1 1 1 1 1 1 1 1 1 1 1 1 1 1 1 1 1 1 1 1 1 1 1 1 1 1 1 1 1 1 1 1 1 1 1 1 1 1 1 1 1 1 1 1 1 1 1 1 1 1 1 1 1 1 1 1 1 1 1 1 1 1 1 1 1 1 1 1 1 1 1 1 1 1 1 1 1 1 1 1 1 1 1 1 1 1 1
16 48 1 15
100
13567799 978971825 941110662 998115206 952406965 957876701 914233480 953901441 919146962 921136321 905394238 900596563 961678323 968429341 924854908 957927279 977476652 959242092 953321183 967324089 955702908 983906987 998050897 981061616 990731823 997117872 992180424 927088339 951621926 980624724 914663990 911183250 956659425 991860991 995576077 902591084 978442083 982457260 929072435 998343120 924853575 909972031 918895409 988906681 910913345 942370900 945967181 954821072 954912043 912640066 938473935 915980429 959312884 905452053 977704040 901964594 997496683 987430956 973532551 951521085 981184661 944405861 914559030 938558203 961785357 922578916 986205404 952649977 903466413 944377313 967248129 902343313 995832839 929710528 996627036 948700008 914193020 971231754 912605495 952454879 992523410 947565568 955625457 945241304 947632651 918453387 987950924 983582435 966600224 999963955 999865587 999385942 914911949 956021187 943925770 984659456 932093834 919833131 983286895 771202128
2 100 2 94
100
810680250 293423657 877510575 411924650 637769182 368233728 142674213 411066748 637482506 563659459 668810381 808842329 285618817 227790679 815670463 68077927 946182873 215069099 796675140 816630560 933751713 213206785 915440204 657373087 247279687 449674041 55801114 960997330 783990041 18141958 486045599 22142237 997048380 977373053 102921009 854052006 699197908 706250735 275609342 339478436 383626850 881483989 190304729 176462309 740535869 609240957 453354409 756004516 554391585 147576318 998112087 15607849 60886278 33766700 155601563 880784591 431184440 253912036 526472612 360689682 998253494 488271660 712390114 861738423 191010794 519690567 37959268 876791464 175553931 851505262 23464528 935941629 345590085 137852685 3972641 155425669 47396326 937501878 750791927 515241135 127356922 18281489 638884271 848073337 781176731 365442128 190707928 8536669 870537521 801217092 178512314 901347790 579278128 850331087 629977354 103736545 293528699 284700381 575288180 478596178
8 92 88 94
100
919555286 992181203 96172107 74760994 16776338 39137120 50619279 4568876 25254341 48148835 69684922 16783931 31724034 47748426 84888887 97923734 28195267 18161879 15555166 40032104 476939 15094974 15057329 14292480 7737273 23633866 27971559 72430881 39201157 25965046 51072889 76740765 41530333 65639230 31768162 28601774 25280565 13187605 38790101 57548847 36269371 70111984 34678120 53511085 59615205 93919211 56167102 23968413 91060059 89544373 60739504 13852896 92208583 29776380 12621630 49871077 11634836 98052141 42386389 20361351 54316782 47362098 4547251 81745583 16634443 41268074 72066473 55343862 52345765 23998360 45772057 95320036 39402794 42076308 79611326 96154412 49496857 59109381 19395855 48521763 37794208 47292991 92662991 34122067 48635725 46005277 28436882 52646062 26248921 83998893 36693872 1638490 83327034 88532138 17145814 7876909 59048301 8931029 59458939 205144479
3 99 4 93
100
954204539 965601752 62792187 63974071 36953226 76862480 3446712 85317088 943829871 938648335 922257159 924388301 972721423 922809573 945607299 949946349 985660878 969160743 941798256 948586985 961847590 999644837 963606925 968660826 928465876 983944317 970987131 992700416 937909966 969858848 955579169 911236753 945582736 967787665 982240910 959829458 986274138 959205418 944211365 933948148 919716780 902966251 906214987 934231792 928329186 965435808 935906479 93675443 52766729 28784777 37054967 47641790 79605510 30753360 91409379 44552420 97393210 50590188 93938197 43762874 46840294 89370386 47425260 52971025 67026395 5510380 32910992 1668550 532831 25592673 66795521 73124884 26992079 24066266 50123764 15038498 67994477 74630000 55736465 88543473 22765707 85188494 18404111 65151105 39361875 43079219 66465975 13840392 49058554 51512790 24659803 80550656 82550574 912404081 915601009 970348718 932517318 995612987 909654402 762197631
6 94 13 69
100
76450042 84208631 22502639 74590631 2140239 31177813 12184098 70953236 989112701 992296650 952469290 947859247 955347768 970288866 920841739 925157595 959536219 904393323 900845994 963953876 932592003 901029872 996783376 904261140 987987489 903413016 914664402 919943844 955768764 933320025 917155314 931347041 949066372 921945856 955827692 960015960 988839345 976655256 922811105 981365493 929058832 990810222 996260305 993655865 937570299 915316197 905063266 995713721 938075474 914797589 993034724 962814322 947062788 932509523 993453406 956742724 906395438 908512657 968678943 933858791 954764407 972027256 974764345 921025493 992489989 982421800 938710398 920161742 902470903 910253771 997450541 959297287 989601334 976986946 945430130 915256996 990501011 992832470 941338110 968211928 992159707 906487945 991913966 970979470 946771631 943845011 999704501 960066784 983689232 908109028 907124559 971811500 98056310 81996017 67024623 1638859 23718074 23340043 59393582 740987947
1 91 10 99
100
961889692 962551109 959418737 965273492 66141518 23616144 7643181 10253164 69861460 57027255 36021968 8187647 61305976 54505877 60807991 43815075 788401 1578806 653312 78510412 50948406 97670459 14064806 14871075 83565418 79233316 86948436 38748208 17710931 17657985 23454245 57998125 19409649 98621681 91841591 58510819 51266461 40766351 71185950 64846562 53237036 68537096 9832543 65661277 31249090 94062772 89262315 15244699 10915307 63619676 82533579 95388810 59088072 81628557 8960768 98181793 53357667 93928875 21889739 98940206 50038863 92152994 4399358 71695092 51798644 61806854 63076982 77491266 50858447 53365370 90909769 63218102 76086397 58257842 5743040 69769486 86159724 42951620 89507698 22213700 74312219 74538983 97198848 75381874 46572827 68913327 38691967 53975558 55097794 66413499 95305888 22178228 11514071 71194321 73858124 25741120 1426586 48886785 1866967 677170670
2 93 1 96
100
914879761 938475999 958310920 960620948 906658477 964418565 932049922 914582468 922197388 995495663 953886539 996777872 943676584 961591533 939653416 914362726 937140014 976533413 920896577 980667707 928302306 974691180 925211036 986473883 917753350 956876653 998846596 905814844 997865186 990677452 961149462 932152631 974783638 957306303 934808176 925975798 909413709 995610277 947397829 903501926 952020121 970206860 909046037 944885981 953997476 999982845 948817841 940396819 924435565 934318469 995343228 982366279 913980642 977140577 917581531 932014527 951442918 964837305 905711578 955262380 930439770 930350463 994869035 911329295 939533781 931970949 947257470 946731200 959171252 967383954 911649649 926000660 937674395 965559737 936890539 920464865 989991681 967249453 928074977 979588731 922965924 979722610 983237814 962412844 905951674 931598723 974666311 971351157 903341800 987905534 61355370 63946312 3123168 87904164 99858003 44972350 17046330 57311703 2370223 12229502
1 100 1 100
100
41439392 68208249 47536444 12168202 73814776 85047780 88013880 45725492 18286921 45813376 25535669 72423619 31554128 32059625 57725062 45238643 42987361 88725451 31544980 73421888 58598889 45845767 28960606 97696980 30430890 28584450 951954 19408673 77142374 59456395 31684662 48484251 3312037 11725000 8879509 85915386 48784131 25741687 18165765 70592084 4823595 96776121 2226852 48946505 64306500 12230667 74025005 32257865 24698111 59304536 15242880 98065622 16628645 75526303 57313315 55861119 46009551 93095978 11312629 8325505 74021783 68544567 593477 19363432 36489296 1622570 20121040 80201788 88608641 24813022 23778180 16320568 42472181 82784139 40476058 54428103 23081922 23303375 15470236 37280768 47825284 80572121 67715601 95234497 53092182 85367781 30489896 83643472 59712591 3865734 19784395 78692494 18391896 64794336 953416179 971899767 957910117 946594143 947591367 373610598
10 95 4 95
100
394901924 910200430 680646130 31551745 48932879 890750062 259486519 819308527 93314551 594013454 509881313 299373665 722901588 572553531 737987919 219372677 227501948 31628431 527218494 121193495 136795662 272665978 512609651 604426853 78697327 73983752 553911093 803404044 343346734 739298300 56578131 418290871 549885032 460976724 603425597 629110855 154814933 328891839 799822938 760551774 279118072 287646408 568062001 285814375 788529490 943256208 981928473 189065800 623490438 576188375 665471053 708065642 288875585 824701297 243923058 161857269 407658354 177616639 724450609 656824152 973790387 106231319 239400957 228107277 433308578 982244104 702536845 780064865 448468368 322151700 97073828 429845231 187347777 711580182 474727973 157946014 716942083 96010837 102327650 102383374 993765800 24157490 318484331 529397342 998487345 81442701 812973850 933549797 354297036 748204070 850505180 797498052 812358223 43319080 467887855 248017117 383840730 925634697 954438581 965486418
2 96 2 14
100
368222594 774977410 11522902 611057319 102038433 154510369 233106920 59517894 359130596 245483451 239653622 71550591 791838910 746410182 780299591 924339352 512400148 872669297 994768881 477219711 794272607 982385929 66375684 367223597 480771425 832529037 198525322 543705073 834495833 700680230 133269729 107886524 579794422 330293535 676631592 84991474 692367023 322087974 796516315 688728941 43241916 315383752 771962068 179610879 378725610 593125345 67325046 256616200 266250071 656845319 133184006 506171537 461073183 283854970 803295513 753685545 137505788 80217336 226298495 379422805 975524290 690625542 587542731 778751291 493361711 816455673 987427990 890658005 535397456 82593672 791630965 733137622 145864193 526839507 130546149 616599676 314280417 692341526 821197603 50122500 323358326 254255071 843775240 665229766 441112677 662313235 559024702 109531523 16988876 665119314 935309776 73570274 639593335 497560078 478606068 901939724 649345090 833379810 180856595 10447908
5 92 3 100
100
48346556 966732046 955464284 905209506 998640614 919812978 951684643 971989801 904755743 959725818 934955416 916191766 904410262 988640444 994780610 988078985 943939218 993546302 964525350 921084486 909788821 948631932 931416924 942919004 915086048 951203405 937153340 923457008 937129298 981451330 927932479 976899937 941347703 941642319 933177699 949960238 976143035 909396813 960047745 918050514 914172570 919411469 919938648 933564178 948859797 968336454 950933226 951617472 905374312 932784694 956427199 960426022 983478923 904603145 998872940 982477113 982922090 972436092 987541673 941303921 931843870 970398464 905087072 998845734 962594925 944944337 911776466 922811119 909331962 969747143 985392060 920676755 910301845 987651151 955120419 999123898 901840259 911497157 938277913 907792266 959835456 910028564 969178553 954015752 934822663 985726103 969114969 996397419 900289996 993645206 998660811 993672221 916853519 989785568 946736881 976086887 937365316 910401203 69135262 623363843
10 84 99 100
99
1 1 1 1 1 1 1 1 1 1 1 1 1 1 1 1 1 1 1 1 1 1 1 1 1 1 1 1 1 1 1 1 1 1 1 1 1 1 1 1 1 1 1 1 1 1 1 1 1 1 1 1 1 1 1 1 1 1 1 1 1 1 1 1 1 1 1 1 1 1 1 1 1 1 1 1 1 1 1 1 1 1 1 1 1 1 1 1 1 1 1 1 1 1 1 1 1 1 1
49 88 17 46
100
540666523 983725395 166714963 140187904 675480537 278183117 644441299 635147631 966148017 202603570 307955382 992609390 320156499 477037536 743100479 165319090 543844309 17641939 646167692 590189595 214405016 917156262 315303254 387490686 231192019 463454157 104489966 64602382 986583801 61006486 989233495 640394129 949146959 968219598 815486184 27454989 137059619 743196421 367210409 758209586 375736356 614749996 663226785 327573419 750864233 888392810 947272432 863153610 147800885 697370853 172790155 236357611 800053081 199211143 479402166 37492502 198215652 568703349 684110325 574546267 470561399 340654937 190109340 25449700 870548215 483605314 237104859 851889759 981422190 396781337 467756191 171643711 713144231 838119120 171560356 727057151 439572219 748374308 418444275 91872197 605410213 332530231 964743367 40352965 180581320 198889968 899138880 584084556 273201624 818328846 409353066 725527918 699449271 24375764 220359564 303463979 720560405 151893486 115042162 877624616
65 83 72 79
99
1 1 1 1 1 1 1 1 1 1 1 1 1 1 1 1 1 1 1 1 1 1 1 1 1 1 1 1 1 1 1 1 1 1 1 1 1 1 1 1 1 1 1 1 1 1 1 1 1 1 1 1 1 1 1 1 1 1 1 1 1 1 1 1 1 1 1 1 1 1 1 1 1 1 1 1 1 1 1 1 1 1 1 1 1 1 1 1 1 1 1 1 1 1 1 1 1 1 1
2 2 1 72
100
201893681 987241296 885932401 643301564 442093391 860910728 469680947 10862382 414053425 229659374 709555084 332032793 444640714 172451670 115782060 926953242 389566569 285564931 756422774 29126970 455549445 180150225 827319882 990156200 494657275 192832186 995392222 429118515 586738285 753139707 739448858 505607538 85278764 274757048 108277390 902785615 523795630 356776757 682811295 192969175 893444518 696820016 236633915 541709151 568658388 179356097 349985396 424586157 337391880 338050580 558428922 857906999 952541499 939402486 525233030 667384045 304724839 251557203 706511003 750342840 118633646 906579488 29371455 973301003 582161283 64918666 998066862 805070390 868288107 818523220 567427052 508275076 187848028 406940631 211588617 247751711 716972292 460463897 66727110 816123796 388841606 979427402 770635566 123376902 610524980 2685809 697257470 353043187 273684641 26974327 524627250 865751915 100831725 137694639 321757519 112839336 21608142 941034121 316671912 861117180
8 90 8 97
100
925582132 952777305 999560112 902176365 37848575 33613629 66721981 38107267 64017343 29792312 54851956 38517296 11110960 50545253 33546757 14381711 18560637 28079423 18971790 62126314 94769437 37075789 47010003 8645325 32334563 16851676 88684691 68715862 99451370 19924483 89042305 91141818 25784295 16205965 52596632 82050830 82121748 57416536 40338550 10475494 65134901 108184 50353375 3259531 24763918 55564871 33836918 45223045 10650642 23969392 90109686 69941106 61099588 17741673 20584058 51713419 20058007 99883703 48107836 33535090 65921293 71455475 49247687 20067917 47799074 95540427 94902833 519925 51637520 92197084 43460251 38651165 19219255 93410967 7141630 73135960 64551194 91052334 99201696 43794901 56659284 78345996 70460153 30552200 74441588 54211834 49909148 96905874 70090142 47303477 72838671 97716634 42156577 29275434 46104840 83084839 8785375 72489488 26521123 10487588
4 90 5 57
100
894403327 358350564 688430150 743300157 830191713 142860070 794475158 136211334 606318764 172857768 213830334 824678782 319967041 18923316 303016512 100807837 648157615 453218650 538326593 784873215 472370481 126385830 976402934 30032209 120671496 269651520 649471943 751518788 32759280 879710262 367350699 458790066 916232456 411885130 331583487 738821364 903351890 468804127 866531055 960257565 733416081 807503678 266037712 197274855 20207255 472870441 747365849 657351442 122736932 223105487 845302291 26921525 726235137 875649129 321599121 829403123 981129827 306191879 795816639 433431214 583032938 101207791 592767571 267178328 343541609 610159070 257130410 776731779 215198686 237768209 163936597 484384262 301293466 877676697 678001510 364273698 68510438 684291719 594999962 82766369 769709152 746625203 70538757 666127895 920139625 915668680 72274201 404414264 401450254 363094617 505160389 489155941 605501491 558863007 174572573 381044503 393241089 672847113 356271812 951915
2 93 5 96
100
948495047 985655529 921718196 953192217 962292275 922320767 952940925 913796940 941207243 933032383 972303063 960188301 987942068 939757236 939592708 946114604 925650569 925250425 930620869 959268390 987627101 997749435 948367875 960788110 967827457 929149933 982394714 907645984 925870070 957509551 908137269 919198879 974932924 958607354 998313588 913852808 997537146 938412108 950158985 933747310 964648672 956018031 974956896 920244662 992281412 925723853 916591552 982768521 941505880 994674337 942652168 992023531 971131921 944437151 943445357 902182900 987751726 980285344 986608269 918671097 907178640 958947139 930857541 936441670 978011551 903643256 954485972 950352626 937228747 997391129 942056744 982890185 925181417 930098562 911456960 960971511 921779337 944092732 971540793 960579235 994494901 991396096 991090544 956654830 936304259 950401084 984179105 932648956 939012222 926932082 903477807 955454226 990728173 908412462 950839926 965000926 902675179 981441294 991198639 475741970
100 100 1 100
100
697744764 56949029 314814590 344170449 684772366 235846211 608146175 98797718 80193910 766217293 966407267 254589070 354905866 758987941 225119663 132571197 556805744 142252204 947967143 831762958 66046958 845697401 683946752 665007671 703003230 798180926 881783311 969539111 162805576 843272920 892113473 861304451 484888580 597518932 707470111 82316502 838999813 338561404 904729733 602537541 435990967 85406547 620235161 682706737 860072417 706448913 776150660 241506499 423932785 385496857 974813614 312676258 317838082 707913254 26467183 103510098 44758176 8575400 43030763 758577146 645834766 362326707 246439644 440212351 172255940 225528890 589352465 889210163 133033299 190241639 903181746 675659714 518841746 519902749 666483496 389830930 365485232 545827324 870302390 368762745 468505093 920746729 472148361 258066548 619196117 282783527 428713550 232548324 356989809 595304434 561572528 371561402 679242502 906003327 531364874 713963745 901638438 483043185 200172815 981427701
3 94 67 93
98
396073316 539682575 786560886 523171622 836688912 781415620 418905219 876900778 825208362 496442220 924994501 164766158 703389537 660731864 847800008 551078181 969893938 477329999 88932969 763935024 39793375 293297323 269487918 798603249 380886195 717049972 95160810 781817025 692438396 514583236 200556885 517722902 6789110 565373839 461910961 516966197 526889255 105553478 32352269 339744266 26603362 802385790 964548748 784273362 113044781 378555937 822059493 601645452 760079338 71056133 990567791 690327191 546611216 706497940 764622259 45646788 935281013 745256038 462419608 364976302 523050453 186555408 131245394 547815304 204028217 31394280 643966496 409883754 320058420 91899306 196154772 608099828 540121866 766257921 835347897 249730971 559122863 793583299 845663197 817838351 305209441 822546888 238992369 992669809 39436271 346613230 852815298 729009370 324017546 184490305 672068353 761899219 627018169 525406978 474509352 766129646 694255476 601623651
7 59 87 92
100
255564122 106286765 3949961 303837944 108659457 793241139 649464375 426007081 197908755 67504972 659574094 788337479 265998231 231669103 759433639 313137406 786822355 325589734 699346178 674479742 154330274 258361016 466081966 570489357 304353128 642707435 906097603 584202261 193961737 832805266 538311699 17298347 277623111 544176339 22786027 953460331 343561969 975282726 609385753 373717914 741789040 195149851 566946396 114129014 45277629 833192087 69511473 471088169 724724037 343734634 201536256 994827839 154386990 435972792 330400500 289701568 677096598 187368161 235106878 12262778 708491164 414420761 335013735 728823588 85275496 650949420 515078022 498922706 982026348 464577604 709385008 170053294 597380834 504920960 578012373 403448033 137079572 177432600 468555346 472130650 383222264 655688415 93882625 128596744 222039215 209023281 991487401 809765715 158874830 18433133 595470656 701332333 923648067 35722403 721867122 411266894 860084772 151166554 862499097 294378022
8 96 91 97
100
785881824 130893370 688499280 972494625 788354558 372319781 685697560 908089409 275416849 489904855 982903700 506841855 911373014 664108582 828594194 122382268 683252786 369194793 562782477 265812534 285718300 512574249 108327864 955715480 258924711 962903911 950660299 631052189 127444644 923653281 751953908 81485710 470094515 850486626 62128441 204367139 995088624 994223930 32264923 840484641 642002533 59788627 485595517 511873237 226743482 9305870 159869748 832663462 189043819 284763370 785322290 725755314 517536740 182861596 857388918 748235417 556138912 139963787 174971185 730986923 750481692 815564634 253571642 291654109 475741138 905089807 41341241 910964863 541682011 398607415 413908601 917962478 240716034 958266921 221426811 46221146 656024608 997995162 918848688 433666781 814415522 680646191 30570418 633946893 350159814 566007906 697726062 410232236 932014841 444386789 280329795 19243727 628788441 866504970 902276635 959184164 351837942 342762881 582337660 25826200
3 99 77 83
100
32584044 31767225 75518306 26185635 62585952 72356372 35822828 72481683 15564126 60568674 47873205 82276749 63477487 47729811 7927158 37898567 55296041 75800827 47048975 18038365 3267922 45295812 8508254 93856029 70660728 91230129 21896780 3740679 5240744 7629274 77926662 7351628 26699674 93868587 20572483 32779885 72996631 46377270 43043730 15820958 42431615 56058384 51608036 58987720 13051187 93441817 92313969 30610620 11385648 84039539 62600256 50925201 24674528 30214886 28122075 41811606 96898393 65482255 62029130 1023343 34183438 15111991 44534893 91713749 60924538 24722503 20241627 36944135 11136434 74202145 50214649 65928109 26056379 32726802 47572277 14508121 10032414 37392390 27458259 80294630 65945452 61911699 4920016 27757104 32603903 53764290 70853341 59504858 41065650 21550659 28868934 6978229 984880441 966413243 962552312 915277810 949191116 927114369 998011857 505671802
1 93 1 93
100
475224407 640981110 830374805 801341786 580342312 677023354 15638679 59529316 174975868 685488974 633294276 746034670 12958016 753260825 767624956 663666018 396849109 485623221 135834410 42513780 451425511 825529219 814768676 920241739 372542483 59698471 39891251 383676075 258289448 8674020 368627756 242490882 221892215 225874911 144927608 893063542 638610887 210171775 130014959 455048742 900671721 578240904 550413406 141789800 814567540 321922265 412823435 878113204 60420961 499650470 104701104 539977674 463628528 108244439 852427810 282137740 101075676 367113479 172797359 988261554 982569225 900750186 642171855 901740143 789292650 110551126 946441173 736201382 715797741 105068888 860462914 477086414 347851990 274658844 618060491 156286425 489463465 212846690 462020703 392814 435582818 836286401 939116289 185137030 650295207 319666779 844396084 82332013 21576053 683298482 73962252 252719761 239366238 741882222 962216638 753265968 667782413 510459042 322093195 740174344
36 95 48 92
100
454213218 943170961 810042489 973605013 767652138 488107433 16880127 19292762 426826620 891359850 483191943 962766611 154856753 240413090 704677108 852295134 85403503 638837986 624860018 579542715 811430788 12839522 602840360 199768575 355745562 517341683 14664008 335208629 644613522 413725961 402277967 326768361 518624243 445550404 91699772 965872157 27512057 284767268 794860802 589570834 632265990 692701140 357518836 524720832 618815685 715021173 130580686 174674034 330450791 894713988 610319555 170290773 631037755 698326783 778415254 460996327 218005234 659103639 245328616 111706591 624710563 98781270 702446404 413240596 595110304 409505827 734169178 278004916 628960706 619171818 270876657 916988343 337720341 514640198 997167746 729042280 128879014 19283992 868351685 175038524 940203652 432357468 837009595 156432877 292814969 504316382 50762912 349519445 280450718 618457163 126349687 97312752 814680103 595258441 31610074 565672554 640066276 946955820 753322212 346112681
5 93 3 16
99
1 1 1 1 1 1 1 1 1 1 1 1 1 1 1 1 1 1 1 1 1 1 1 1 1 1 1 1 1 1 1 1 1 1 1 1 1 1 1 1 1 1 1 1 1 1 1 1 1 1 1 1 1 1 1 1 1 1 1 1 1 1 1 1 1 1 1 1 1 1 1 1 1 1 1 1 1 1 1 1 1 1 1 1 1 1 1 1 1 1 1 1 1 1 1 1 1 1 1
45 55 19 21
100
50947005 81075322 93689085 32295764 5605520 13714546 937713072 963447480 956382903 959669560 928524704 999075823 962712539 992640873 907909590 933798268 927094199 939770963 917289123 926741085 973800424 997710927 931375864 937352432 971512482 956915391 938757464 950332282 945568205 953844619 916196576 966584542 947867808 964371550 947693382 999568762 943597483 903419102 949512488 986423441 906181085 923324571 58592370 14748249 32837741 94994385 12922797 85305381 22826756 15163904 58457917 11520325 24064909 70438759 8980236 15891445 89269192 4085566 15929761 82809805 79427256 72675967 19529939 24613668 74387740 98046222 97162453 64988092 90053565 58564332 38520168 52388317 81185642 73905792 36975008 9654486 62740747 43678451 94421156 27902173 52634396 45697935 24665031 98225133 6364051 51727411 54687938 42151 39924832 19778232 89815502 49524576 58569867 278039 8042426 2701898 32895989 90007933 98928896 205120994
7 93 51 95
67
357005724 911951384 738346054 482684937 333209850 589897652 709523725 555224689 380614288 946475836 65833778 631395859 476643109 347136299 760559094 256919507 276401184 425774135 663962244 731582267 130594145 590176111 684321761 679666666 62590288 893928908 51135989 713808421 549696283 642433958 321387027 35317289 371982962 697091913 54220408 794385036 554310502 130679671 766161439 481186416 629385854 58065189 424059125 966698640 721357500 705761522 254659962 962408269 910757635 511624924 314040670 129553738 462980503 292005767 652058150 293911351 933750803 689559758 832593116 483089683 569290013 975478102 147203701 832576376 209102709 364119290 755635769
51 60 59 60
100
909575575 82168411 18475616 36242205 10116001 47607627 57736645 165125 70303432 73939850 62829969 3972757 91236933 29851362 59304224 8013989 54292613 57997316 48115253 78124831 43728276 10547056 73296002 74664806 26594436 9200385 47565294 97225024 83289911 6561780 23590335 15838390 25063843 15767899 11976996 5095259 35579359 77003705 69630036 24980183 9488479 51450624 81370092 87046840 97762390 70418649 81019419 96831809 35204392 20719391 80257375 84421126 25584342 93121187 60563813 8750585 64798876 75806904 47249321 11220376 47132655 82598609 15565703 10569615 39492403 37758752 90194436 77939031 87356596 1350831 97078095 61684674 15693000 3766189 4443115 13159405 942811102 911626523 927715194 940946467 983505190 903092586 940349538 998261364 985199491 958659420 942156204 981617338 959458901 952558580 985702884 918195511 920109584 933045594 918399741 968768578 960968064 968358381 910384414 555131354
9 99 69 77
89
211479562 915390074 551257827 287652683 117546882 782962150 968704837 738353591 156147688 376755346 857117178 675812207 360294363 419356510 552842789 552363499 123965401 326378361 159809613 855771984 80210415 115774148 188189429 802637777 206516101 168745514 396841813 937264785 4440384 767126075 732759778 375083708 313250476 201947177 888968717 957431968 796451333 370787725 724880077 220590497 566075901 117463852 640540921 740810464 85775707 36867656 515150274 345588082 556527560 348216382 600419824 723739646 829934437 119066719 776640150 9357249 943083466 626376716 382472143 364750851 494609054 780487060 268111814 672418738 269447758 869063054 344291521 892793807 466410957 991034069 608069833 874138024 809847746 306084808 169041176 650543391 572164183 280243646 921265920 874719475 524779301 498718125 47913435 293435209 347839537 144410899 785347872 155385308 545712888
67 80 37 77
100
420135023 19594330 168916732 263891702 465918718 733007295 860225485 335970583 524485182 456295743 82500256 385588307 760566061 3341764 612482936 120357665 141985838 725487271 521349884 482203479 58635029 713388697 457434429 389441172 585508836 78473497 621954305 724049520 974114134 872590327 900379461 215031767 920139733 85005254 798412088 214544992 398036024 395373564 544158507 169845287 150952259 599917211 54524664 441625416 264527123 363044366 689525186 683277835 644332079 329205969 837730507 582735034 749747995 530765665 19556842 864881081 819089178 474854949 5127281 586895421 753649547 692593652 108876396 615166599 961216570 133148268 807528812 248853409 101187319 575994598 427947677 677772741 768561136 189458375 165696552 579481391 553222643 594277088 564070349 323252798 743700122 887627000 527434416 843481000 283323030 856268453 164011582 164692669 212053680 438978558 433754043 844337987 633619336 818171774 535903077 581036866 708485782 536810904 968182302 840496983
1 90 1 100
100
85027258 984405905 995171253 929166315 993611019 957716018 986475358 991386478 936483747 994384216 989624354 901332804 65957529 47932802 43689574 51341178 32949465 99814117 83052417 77482432 22203025 24781146 9867424 56950146 32559490 65871639 42054145 46983830 81943022 55674011 55932081 15551987 82504959 49439019 89078694 46772340 15892444 88266956 76071356 42722139 47748664 71115935 49098988 11863680 56413972 23529429 60498020 9704631 50779879 40318817 88628683 77939178 75580726 9138096 27579142 76047515 45267246 1659433 39749072 27086164 25091106 26279731 86376627 64958745 45147961 24494915 99073390 38120810 69497072 51432173 81449276 88911271 62965549 62993513 91387894 14709071 16206903 87772407 932809650 917462318 916316690 981016716 926242794 977877254 921037377 954080370 993608957 945259127 956723587 912916214 966097692 915353603 49258029 54440428 42949843 44409047 36953861 50531040 7927648 564159891
8 92 5 20
100
615053849 510958945 371846065 258731728 125429335 793139879 262444482 132702382 514069244 937453726 9983349 557910758 91040937 542732598 293797228 23434616 361599747 965966801 402750331 890606186 348364031 753460647 213343354 778161186 333337000 817763726 407654032 787400315 595122837 867273945 974656434 575303230 599585374 578943535 817904212 495848352 12050922 585300033 7556322 71181304 973372001 744941109 32657563 853525368 488826711 750416269 261679751 133968034 632792917 713261461 696955962 173716216 52061323 344570538 102888546 554007718 458008095 762328509 417603370 912071379 694300657 645464523 236836071 34488668 615166950 994284081 174762446 659405732 511895662 488919339 377338172 552364049 391862373 293335008 736143474 881511570 639546893 582466853 169675311 947151258 431652777 804893780 704058424 633095298 278897621 709947007 49382197 822102592 236231578 356024407 835624446 220546956 477485751 127090352 175917108 343310054 982236041 906997532 704560648 328123310
4 96 2 100
100
23533938 69322835 96761032 38274350 19563497 15015216 19366350 2706842 972786852 969835729 979729097 960088383 951429022 987597597 972627105 966540362 995148561 931052843 937969135 927385589 77955207 57009111 59179816 62531376 79817101 13792518 58392020 10994026 496623 11578060 2554449 36716588 97832309 41974093 13008042 94083144 25149257 79831213 31364646 99398699 63915780 14140842 31949865 53927244 26062615 10387155 97774153 193344 27981363 46010155 95691075 48573439 79053901 50124046 48890466 3535747 74296215 23966812 13420334 23985150 29751854 83099191 91994166 91267368 88848494 67904721 21243269 78669600 99239946 58201763 99607664 6171223 64708674 3823338 18205886 89673387 67374317 26305284 26097183 84052169 34503345 96684677 64286516 99105893 33487991 12141053 32799626 91959603 38348798 82842022 17147181 83753199 11747103 51289236 62807861 88355004 48034190 2228891 33590248 167478226
10 91 53 91
100
958310687 923973648 942598738 960558673 945011159 926549575 903607488 925852211 975420408 999198708 923110874 915124275 980465125 977818311 972444396 933746158 909897989 915767668 956625362 922576210 999153551 978695979 911836944 999966650 992627798 965136911 948777113 961484703 961757647 926946432 915050927 951203148 970151185 961690215 985106231 71791380 32509534 21153895 65119601 67404098 67328436 69792372 91215133 85448843 53529591 94124259 9558405 65016349 93927420 3157395 2293016 78415657 86958646 57145674 65695202 10505930 35339907 1785405 38295228 25093699 17214760 69120649 13377117 88556928 89152328 65209167 27215791 3256526 78040342 92039756 33953036 39198420 97859620 79157420 8556628 57287467 39602547 29272737 76008931 89952324 96473295 38584462 21783988 8476291 21787033 58535019 15230547 52980532 29782061 30312079 78562419 34728290 65955456 14744251 92806001 47657368 35394429 53840723 945036535 27932958
10 96 49 73
100
912868860 980304555 926608933 978582070 993076792 923778019 991598050 979688228 983099179 993141157 964604080 912780816 961247903 957729496 961283750 973242644 949377228 936479729 8924309 25110239 88576875 78267850 69191701 28504651 56901367 18524751 17940970 32438843 16508243 17348678 28537161 982315927 966764554 931300256 939165849 925491821 947031655 932290553 911972360 950029056 983905068 954589513 902715466 907132386 975438684 910919818 987772266 959701608 976128946 914109160 910891844 975588290 942019061 915229712 934465669 917623130 910209450 942282484 994396384 924199844 984895340 959628873 956630608 995323935 950177778 984182907 974812665 948868526 936617013 911857858 916517606 942732637 940975161 935988566 981658489 913118320 906413573 980445900 912065426 979605890 906585902 920078320 945732276 915151672 908264816 924879427 916909678 901933528 927530387 980655760 955732323 960528435 992494749 978945018 931431683 909864522 904774888 923763478 903143026 212337437
19 29 44 48
100
1222982 17606438 82976640 55178613 6434268 83391992 36936016 33433104 98811299 44982756 65892869 4128736 83529536 86281977 78322870 8855695 54527666 9071373 23094391 28289890 66473509 24536607 61749377 89475944 60673023 16464052 934527 38650234 2581293 55295702 65185274 86693584 43633092 41407066 54236681 79298865 94339600 18141680 24666701 82481072 16543016 59668140 53687109 99913014 3711669 24373967 87843238 31268567 83582011 45066647 73331894 29459301 42296984 52911416 51559113 55086405 89684079 5792285 48699809 84893626 77703243 42768001 13891086 33341759 93718615 90213063 22506989 23551320 36019889 20227246 26362272 38406581 97467124 1885531 99034516 40171545 61546622 72553124 16764885 72948898 51400020 59541629 64531111 58962741 33719235 39923157 60574347 14941824 81928375 19845325 49004696 11497168 5050703 98369136 30145721 955346712 93076405 87535507 67082344 729547911
10 96 7 95
100
943665883 961470386 964373348 99756180 9272574 40778515 56181877 33008729 39847929 32997492 7300776 21965080 16528045 44628164 58782937 86865499 36174398 13279427 54975661 13388863 51207886 38273444 35985867 71686880 65989815 28816637 26465806 84848557 88830815 95169381 6403906 76211475 36533127 22122486 99382417 42605908 60340080 87962401 70076524 85515857 49410442 55279370 16016238 91133531 37828726 38483873 99997636 64207342 6731091 7140707 97792333 53626016 31033766 68291979 17272326 27187601 9111611 76001695 55320438 35771170 90784521 53478484 24346140 69473641 13001520 935978967 947451130 936396708 974452320 954203491 925247695 902334566 966819742 919751027 932705031 948892082 940682805 974907741 916786481 900778498 932571979 937005231 918408050 992678023 963907882 905210571 946666855 963354978 940914704 996321865 913115096 928423775 985264816 935823830 958269249 960746422 970600870 929594647 921273356 859726800
4 90 7 98
61
437793833 29653723 813673339 381596490 335156510 925054814 197646745 604020214 17684122 936520149 562706180 802925697 179268461 947191552 872889876 559489703 3042772 582192837 106555577 883666157 454590939 289194463 6237478 126191007 691412891 202151342 564669631 493242324 267457155 116449610 291193476 91109003 63142825 375393378 172777878 313921872 853149718 532659244 446047359 193990603 139215908 249837178 60813707 767249240 211480131 157649982 50250824 385398070 968753717 899120958 579405324 513551459 633966064 137142988 295353047 365891743 848145183 494890260 193143677 18002950 559431404
19 44 7 34
99
1 1 1 1 1 1 1 1 1 1 1 1 1 1 1 1 1 1 1 1 1 1 1 1 1 1 1 1 1 1 1 1 1 1 1 1 1 1 1 1 1 1 1 1 1 1 1 1 1 1 1 1 1 1 1 1 1 1 1 1 1 1 1 1 1 1 1 1 1 1 1 1 1 1 1 1 1 1 1 1 1 1 1 1 1 1 1 1 1 1 1 1 1 1 1 1 1 1 1
14 83 81 89
99
1 1 1 1 1 1 1 1 1 1 1 1 1 1 1 1 1 1 1 1 1 1 1 1 1 1 1 1 1 1 1 1 1 1 1 1 1 1 1 1 1 1 1 1 1 1 1 1 1 1 1 1 1 1 1 1 1 1 1 1 1 1 1 1 1 1 1 1 1 1 1 1 1 1 1 1 1 1 1 1 1 1 1 1 1 1 1 1 1 1 1 1 1 1 1 1 1 1 1
2 7 7 13
100
646900233 824229369 163024680 232249506 647478643 210395122 478913274 256744840 722850147 246378145 534823963 472318503 871179711 409780736 168802085 162442281 664243284 748200449 143891785 816327167 467330317 13513825 812461036 292323799 657878137 834691565 928669747 172752014 608029376 330916172 178028178 292902819 349580998 956524809 459115150 429350002 799682276 16200022 512257067 638691396 952463294 288534068 478078487 762589257 782384845 453552576 718001045 88994516 41395614 496899285 867575946 393034761 609549958 634631621 85123100 713114241 737292169 463804395 512504867 790022207 957535714 621605129 584619291 380327625 315729194 775785637 375162739 87602180 347740941 446080790 542115455 59699632 824326270 521536668 991424878 285863006 315031228 197413028 123989077 930521432 900531004 412450048 325300626 528710736 298020036 283380238 440166483 385012110 437861496 16454370 487730626 197588951 326217194 709483780 519938325 301631291 208725993 37623148 501652881 350303048
10 98 40 100
100
977899166 960301083 968936507 981995453 927658250 906221044 975174454 926619570 997006691 958514727 958015274 921281245 998198106 910307887 964075064 975068272 900896569 927814355 958860652 63266777 61472535 45681603 4551430 70450040 70489634 6689066 38786516 95686244 16621020 52164125 88043890 9323585 55450246 76841395 78198188 18539243 78400761 3052634 20814961 88714568 62012789 99311377 7658376 17860360 78319767 17266012 16210679 97726341 4589731 28192814 26268813 23722539 55228649 69667146 86868563 5555240 30011768 57071319 83844908 72703084 11769009 45774618 59674445 18235451 94836228 13761042 73343352 68717864 47425013 84142858 69313727 3057804 99900987 85222564 9534020 93094790 69920381 80367169 72996369 18100618 41882794 73859611 14802568 88713263 68215957 65584524 17043227 14548350 54922666 28141831 36902417 40505043 47957260 55919851 84268923 70864298 75734202 14485722 67950247 67099294
8 99 20 99
99
1 1 1 1 1 1 1 1 1 1 1 1 1 1 1 1 1 1 1 1 1 1 1 1 1 1 1 1 1 1 1 1 1 1 1 1 1 1 1 1 1 1 1 1 1 1 1 1 1 1 1 1 1 1 1 1 1 1 1 1 1 1 1 1 1 1 1 1 1 1 1 1 1 1 1 1 1 1 1 1 1 1 1 1 1 1 1 1 1 1 1 1 1 1 1 1 1 1 1
1 92 73 85
62
447423157 209606695 419113188 821466575 105788722 11734847 346329389 910046459 955069880 511213603 627635352 705953849 312015367 210054773 210099811 564443267 992693187 333728729 851497549 596300800 789850631 575020759 22725984 499411205 622950278 824488331 282457672 952352063 425468959 891001032 109734628 607794984 978247519 664346406 128499823 629700657 122909717 797594426 48195948 42958610 656250194 922949543 923922210 499832222 310309590 964195955 787336182 472738893 507012777 825277675 393025784 638433459 79181039 474635062 881762478 967178656 524004176 567571600 812889204 323466001 398442048 876431291
13 36 43 55
100
81539240 78199095 20473279 98487328 2680108 8782663 55543836 81798374 59076664 8111852 15544517 16073992 27870532 5445843 3745115 84318997 5249719 12831832 5841664 51626300 38073860 55358504 26059281 28280909 16835189 56466366 34756370 9949991 89127449 50252184 14286583 84648412 54518283 16527921 970042970 937312386 963646372 955469222 901950950 906336752 990741289 939533510 987717281 963538638 921328944 930077589 969438876 908975529 83710880 70010042 91765336 91302099 75824423 72620807 58506265 24135232 33008495 28633594 3305783 93764891 32443005 18404210 5918031 80975884 85015270 9721333 61976588 83876826 63796730 16592380 49972466 61282459 73683460 31840899 31958941 54497078 43281793 47728914 65486492 91913504 83797667 22270942 81889006 23648701 43656139 76018150 44531361 67823793 96517774 57076519 17116375 26083209 86472414 6049642 93189450 918182888 963755148 966008700 966260040 320666018
32 55 43 48
100
291716464 114745964 255750563 588683800 383943714 558079150 357683082 318078961 274906042 489335337 868185666 41517860 516960235 643174601 70504088 522655 806221049 538818244 455252725 538724324 141411798 65143590 799031889 653542676 177506915 721557392 460081134 496899283 997333029 756207479 788088864 194419367 325097022 695336071 574277783 610002107 695695465 831687487 855439631 840131699 628472255 90823204 488933676 122492718 792906293 715176290 872132058 888351597 995671317 546130091 887314056 438927296 32165651 512408914 829790712 560254211 314546452 950677414 143235559 492376846 111519265 580596444 698416646 974705248 671204345 597333356 718924303 200912898 967657744 731337761 286102769 14867761 705606214 408120305 803701972 868318353 618609945 963130212 162977375 368962136 354178854 545591306 265686933 32625351 522765475 835557458 863951690 194759436 604979056 229412314 488593829 700719863 367203082 154717545 669352481 409103448 228019660 435654137 142853774 707558749
2 59 1 1
100
418599435 795616336 201679018 162233589 634116328 481124614 75107383 626728987 816657142 397502804 6154000 912439247 55457706 684334528 417250864 654287526 801629647 48790828 339025002 87176465 286068910 899238025 129633543 441655707 616607927 220389421 79573841 567912793 183578586 128118443 229853673 50471174 61058056 422830171 92332841 283934390 722630691 367244449 646397106 374488710 9450155 636534975 5473301 814977807 759336659 989694195 599644535 445138440 674169115 399034248 21932368 804308853 57075480 797965380 20317785 675044729 403280333 971057271 977100350 656596603 652079159 78473391 734778160 326817292 150330324 771187228 296833066 311093203 694387724 375136180 850444621 291340358 29328615 653376654 43450279 875592370 723714139 604146118 118413207 208594327 195752998 241759517 320503921 263937721 68682183 553725900 93914727 567766271 914555805 981485857 800841142 730595464 865054442 915129907 695145335 923948839 415336878 843680845 489886184 657947863
9 97 96 97
100
1617832 11758822 924996742 990964078 948153521 931469082 937966183 946893815 978951224 931340274 906072050 949650515 986095633 917897949 932220693 931332264 991140173 918658294 960976509 910563900 980798214 969501476 962850122 944424538 999380870 925628504 978003699 930577963 958658720 985382703 939477759 967332373 988902033 907723949 903989855 927819198 910609927 913133032 956889483 974407422 922555435 924262027 933858810 949067050 932762083 905287596 940865371 951439492 937566980 912320654 996939586 985656499 926347678 983952762 981384103 938214923 979000151 910208561 931793561 901126275 908282891 957309734 963573816 957264670 992522032 980693384 929264890 910830593 921530616 910898327 949066385 974761329 941054226 975053417 901402798 950581769 954855003 988399241 914195311 929828540 952109922 983122142 928486051 900894092 940476543 959781460 934946397 946760546 919871992 920578583 989592816 915632926 927777049 900142969 914233287 991733579 914565570 915298471 917535870 582534493
4 96 1 98
100
161761387 344416501 369218531 619343337 746168379 280756147 419870998 386706590 48056155 512704714 447313579 236987161 205179347 395657265 233354477 606940362 955482542 776898359 421086583 2652474 733041551 193806673 656780783 995414941 88755678 168307662 653259936 261262290 829999178 210683711 92490891 169643273 555074767 525022088 667731200 699388182 40290954 615607509 287675031 184890894 458731463 250268687 917876823 311848597 224579579 717145324 882214981 829413553 531694101 836197812 725367861 677532753 792897666 180830514 90503773 574063318 961728466 508342018 8479617 803998287 301360614 53550915 362864650 362656996 101429346 795798504 129658616 920802348 681327755 930292847 949229792 467214950 853220653 41122766 423671660 649143492 265510209 659577665 60579416 770110185 500288377 283696122 259354661 291996987 64547198 500666819 178536521 503178046 510131781 982752377 360924358 938651434 257136564 245763880 641797597 867756951 572334768 27363020 672543906 938745226
7 97 4 63
100
750660984 523861901 679893227 89659628 650566430 667138303 335303857 825358881 460192453 558151346 949393393 487033433 194196627 585438178 79472750 517688855 198573048 945368426 484528130 563449497 935675093 117575686 877158766 431222502 759694487 594602507 718783436 933047649 634400356 900559144 280874861 705546958 698530341 128901576 558232875 381768512 906287264 609851791 73131146 255669136 530792786 605217010 139807816 810950019 577705407 361310231 616937348 271375610 84096287 485579829 909782777 969959800 851787393 102387296 374004740 296715636 910878547 826373133 922441864 46811764 440012772 205636499 714286733 130122778 40199356 816949008 757759834 669840716 425397791 496986604 359460155 781841396 632669225 936125701 287361603 300624851 113587622 114212780 893492866 663566029 127693418 807844649 590612600 368908110 698693676 975562179 593269101 175057623 6773467 881544444 540307554 742184706 25535000 715274561 593582269 19475810 408251919 348857271 722647873 332620360
10 92 7 99
100
988472180 957963658 945679942 996621286 945296433 949676621 63433774 53249882 15304262 26054560 74890005 3629267 14283621 941659181 967467598 999105421 942426462 950032243 919300212 964637629 934891882 993843032 930268256 906707567 955990212 935136014 910653987 936225290 904320462 952371850 962408008 958021808 947474356 993028963 952699626 906165947 909524135 926830154 918354748 929251643 997429118 903275073 945241516 934577998 976101510 995781792 941472130 997565736 933288724 945633673 920523935 928081239 934692449 974882355 985144316 959009106 991638680 923551384 906665753 953655338 928866510 960118136 964083186 917834390 959273336 998777348 938033386 993808911 972949635 966712371 904719470 989654448 900271019 953926134 929001176 937446959 949852989 996567539 906077857 979462583 953668336 931055891 934600091 978030366 997578817 943540738 971635922 976666928 997070794 953871681 946051693 978517557 991473145 984418020 977483898 924963934 982260203 901310176 993078576 505866399
9 99 33 100
100
46408788 301036596 551963105 783876905 995557384 144354876 863273812 684215355 402183828 870187515 870827639 214844647 29223936 986857469 960960737 513572876 694394462 682805235 683905580 449440111 771167160 267926974 752102777 286977627 666846752 161173175 419475530 419848036 800187611 704799497 748300740 797860139 532826338 590290036 893903032 268312909 838523209 250097301 532849789 725816903 864883300 150293909 448736921 336004038 55882538 831349035 708118888 994350943 256254161 61391908 498945711 821278494 288036942 879376819 851067474 11129713 528065376 364714453 902850036 654804386 856618295 922287160 750286684 224582158 10967171 543549466 579832695 908326105 282116578 294166784 319948192 823519520 63784814 986036404 102459054 87960075 836084153 875777802 783069805 65680723 93506781 705354131 375650334 566179080 392723567 91574897 648634223 49377252 80294652 930272864 604169721 900946921 766592886 576514620 344518038 415302645 733637444 403135717 218736681 287911434
1 94 74 95
76
591714676 609948628 966936954 619130025 56755036 147257535 175657234 721789189 701687536 153409501 96969167 546783159 630746064 395955133 473989828 267477020 888751172 146331815 844319527 128087874 777530234 56251322 329880443 466969580 995206246 827538606 150038000 913662152 292272756 667097187 73206973 407901297 463819523 730048916 590608642 336903146 114368282 780221594 168224175 981918856 216829649 101893247 882971156 714013566 695022663 383189246 646996819 818503645 421593880 873338678 240241365 133605635 61475179 9648584 690203228 958301743 95323694 867984186 717193415 542283107 651998995 757323971 21045146 299703400 422832379 493392211 178175655 22694617 483899286 401247547 808313260 607273089 167929911 9529651 96704607 174853859
76 76 27 27
100
1000000000 1 1000000000 1 1 1000000000 1000000000 1000000000 1 1000000000 1000000000 1 1 1 1 1 1000000000 1 1000000000 1000000000 1000000000 1 1000000000 1000000000 1 1000000000 1 1000000000 1 1000000000 1 1 1000000000 1 1000000000 1000000000 1 1 1 1 1 1 1 1000000000 1 1000000000 1000000000 1000000000 1 1 1 1000000000 1 1000000000 1000000000 1 1 1000000000 1000000000 1 1000000000 1 1 1 1 1 1000000000 1000000000 1000000000 1 1 1 1 1 1 1 1 1000000000 1 1 1000000000 1 1000000000 1 1 1 1000000000 1 1000000000 1 1000000000 1 1000000000 1 1 1 1000000000 1000000000 1 1000000000
41 69 56 75
100
61638343 75737726 35796583 59130869 54599225 80716816 34645929 28374358 37569276 75730381 39510612 87594247 75114218 48985687 33610705 25577958 1841793 99211123 12794925 30862652 45458738 7631198 30245841 29869682 12481296 77079159 83821688 24211194 79944203 85254083 35398062 75080581 96460522 8175228 91066659 19661230 49936833 35349391 1595572 91785004 53273645 60047971 49490542 22390529 31943637 77711274 75592575 91868386 5647421 75071845 28037805 36937771 62549630 83605580 94258798 93173975 39960450 13749370 75192232 23012017 23908005 73871739 49707407 28522101 68777607 89597737 44355915 77375025 29054322 2066949 44963079 58311200 52860708 59278433 59032290 26451596 36173120 41650503 37055266 27596497 45821783 13799409 46811906 44880589 29390948 64045625 78542640 59730646 35560890 99412086 39225657 92688578 23962655 51985806 12883656 22231388 989435728 962884287 929022556 844452457
2 96 1 96
100
270045620 6097465 551117389 188689264 422156244 566642531 493082349 18108324 44111393 817393071 712346531 283792019 168209331 270509432 300896337 657176074 245864331 669791391 77152530 126101505 683078827 723072590 226565281 61566416 981604861 425514534 617513748 843880302 692828629 869187349 815070613 664082213 602536460 568671143 321658939 629917940 983994110 223976746 678347123 362172035 247961141 919410240 905426029 750688123 907396637 398514486 23532922 636792368 49401109 501684205 502694487 780595011 663105262 735814014 819093159 328195307 25736770 892856660 990241576 838064288 902196408 999075444 795009910 326762179 435733604 290552901 832728447 693523034 196548354 771429967 936356833 596701979 160765652 790446932 427392746 67012598 341320233 23896893 861147364 491917676 314923454 93518554 170407896 698081872 404243299 628899714 271276447 442453813 625661523 35250033 37691736 305666241 985551905 890067234 953600552 811099309 45561039 71008154 257148329 443137320
1 100 6 100
100
765480416 458407022 916463027 991713213 934157584 116029447 902600136 613121326 761154558 783527198 337002021 793049319 276290367 514676772 108522560 950560161 61660622 162923154 113042097 395128353 148331582 387773712 812703198 754026936 182032972 247468818 198428740 543422738 24172507 199485486 824897566 527005634 679559944 420166245 381883360 740276520 573445451 989058465 643939223 414153279 195692672 41992065 459076342 818395368 766609009 714173213 434525960 205470256 19929353 918874898 294175298 612945931 665030769 642579839 418067788 333571478 318681128 336290743 720702952 187319104 613190165 528655792 148854294 242483207 494565126 586660271 462903395 41623881 41024914 298394859 880918346 982075978 556276548 594835020 808190232 230153457 657667106 181212342 675367543 719041081 758079431 791643444 166541526 749125688 402919617 821378090 475055203 385069573 762969900 460316582 243848863 638164288 538898327 620789694 523990857 737838454 955848083 188189115 580496673 29199125
2 91 91 97
100
909949502 967990932 932536609 919327119 970263105 952826646 965482157 982304106 963952715 923370466 986011946 951532415 946936541 998399305 956385160 981492281 943399914 955011897 981173949 907813784 977474041 910453857 914463690 977947240 929291948 980242739 994122398 926941918 986304020 915765764 949090812 961189808 984211551 982618678 931669183 62518769 61897120 32542988 83469595 88749133 88469119 74118839 88594937 55951386 38318821 34489488 75291736 14790371 88142433 41477032 34398138 24519349 54031080 44986084 28821324 47799378 90935472 5814636 7935215 36773976 96821539 20151433 3257868 36948507 935011229 950305111 953836316 958936481 966236498 951415024 954034221 958678207 960580538 974489252 985543844 979135760 985736240 983798145 903086311 995383610 947572568 962279554 943307517 996436002 919033540 938476226 932130154 948875531 958762376 973538368 904075409 995135466 942893467 976213047 966563420 921088280 914890701 925470907 929195012 244398122
7 95 64 75
100
600219677 533038471 511297514 55358539 324868304 740914104 108210423 339093595 215881055 423525771 33122706 355402710 490477452 740673548 166253209 824149561 604075576 453225021 785238639 567478304 318494855 956192392 883610804 4572045 567960111 333346192 113765195 499673719 162041406 776715895 541443461 291211848 199927864 747809283 863171278 461882605 514600637 520909971 534994653 386438887 667091717 878952060 91310345 701039740 859007421 850314995 559769549 703677535 774823842 651173385 864230684 993843431 213666190 840742969 8890978 982077442 438354969 894799402 781686162 563587925 669406436 781198732 357503765 378827136 370546488 587649446 634205563 169059400 705716262 806902521 155399468 735222785 978378568 881536740 415711352 488044443 424415429 758370889 984105465 724706228 542950244 749795703 668217829 880704246 617807130 844039623 257065252 983487291 749829008 24095230 415463110 79637893 142600182 929957299 117385727 258461177 583952239 43783493 778475196 995063924
5 94 1 99
100
98401714 65299131 922020542 968318991 989922530 903440446 976128835 923984026 964544196 920201476 959242248 932831261 930945779 949638268 924327750 969622692 920412989 909426106 901767469 984694520 942665325 986847076 4442328 56765510 52743854 25131702 69207595 28922345 29329455 20534317 31820361 93529761 66226532 47062239 79380690 1353876 62630445 68781738 33907477 27891188 21083593 11039560 33970694 46555529 7685080 62837486 22934755 67920122 56833461 73776800 21264898 75168899 80900398 95436944 64912238 18749988 30268423 32989493 80182913 426831 30653014 60234321 24631893 66878054 61505989 476939 89436280 35135359 59663118 61633365 48949461 68748447 7023648 87285956 91715618 72864167 39383270 82453981 42701238 62955319 98825398 16414183 83244880 65194066 98227394 40454398 22192589 65845102 19736520 90971055 68129478 40199626 59808173 53568401 45803131 4289576 90407326 63281255 70925934 679323663
4 97 3 30
100
942940734 907874017 79555252 73113595 62879985 10970452 73278853 16466820 52253835 12338102 36114989 11317757 8470165 1323977 72120322 13817193 16003682 48965339 65915128 11093718 46147555 959303597 914869826 904444707 945595277 954528678 936589448 972320964 925135680 952680472 943734181 933320561 976648654 901370984 961574556 984620772 987291591 969923793 993673064 919307643 976085191 940381314 994741065 973587569 963183476 943410040 986814649 993408037 913113090 962043411 996136567 996070056 960291080 987184088 963296948 971730568 942437163 918528685 960422617 910251575 935289973 969811691 957497444 990633522 901919512 922114233 984793002 921926448 947604733 936495475 973179962 937442378 924443262 993217799 950854538 950969224 985272137 927999257 972470799 917007983 928905005 910898960 961844241 931780451 916449299 981945146 939750752 959539221 917161193 983602883 937318750 982509261 947989035 982938789 929898993 956524555 912928306 948006183 66623226 860277201
5 99 68 99
100
462519080 575253465 19177265 554836983 348252775 450803778 535233574 959397995 382958903 836085436 103017285 646982963 401665450 458816008 128073253 9262426 240963017 375778342 45853796 755598254 372066822 605565020 645560076 342609485 745007103 316145918 676179603 833754988 596839135 748878674 723290075 66785705 98527148 354273217 147859141 712783145 315279805 478946766 516170199 146640325 28930893 131940429 411155886 677759847 434951406 424276844 115819537 89723475 338552357 698442505 85757263 117934621 134963604 422394342 500817350 548120821 516005632 42603622 273053394 295417088 565128268 589819459 992826383 818620882 874169800 216009305 869706300 869371438 596401440 743026786 515944119 7101397 580216166 708881738 849547617 174558640 968251102 532001593 935781358 360796933 275440044 707916986 911890454 77312617 601251993 534503927 347455890 889835710 483367804 411567130 358186457 772704386 3784498 984634695 624229972 285290707 977684258 17433734 245053808 287950980
5 92 22 65
100
54903093 85226116 94730701 8060911 41901228 59512887 49856551 57508009 73931008 25752736 65797649 15907455 66983597 60159639 87560 62056498 6555983 74637309 12013226 31304667 67543009 77828694 35095276 95685640 930062822 940619440 904111234 986558793 939244192 966425067 905399553 957574510 968571259 981315956 978373447 930844777 954733107 928216229 938535419 956769386 942981950 906551794 993266542 950773927 934161448 938569580 902999173 977463072 911560006 930588875 941561145 904708371 955605251 936816945 986315550 948314853 979082441 957766087 992997895 992285565 959891516 940011951 947170926 981372054 946786439 986389045 976336659 976141098 938182776 934005167 908905230 926890805 907448486 975332288 984562161 974349258 923502625 940044243 928117532 955924789 995933028 947847788 974057823 938886234 936998881 951570934 958166931 969662249 971427915 944831087 916907240 920697539 981666508 954558987 905985045 931196605 944771026 947245199 60252517 860259372
83 94 82 97
100
584785330 611539294 479790927 411741238 501623537 330206382 410127215 498999649 499911663 557958508 360098049 781264187 821391273 405590327 172532857 231798508 998639233 114027150 244143543 931852623 753387093 157379456 846296642 298818491 364739629 808323368 938856384 203804516 852095676 247455450 994021727 649416948 178356213 312293373 805848169 791291580 287046707 395620359 826575579 434311093 983235299 770030542 805634270 604092988 30003973 803297619 16716034 221763312 310528385 244878161 690771366 236163196 283406575 176423985 466572969 388894048 37491079 147806853 19683950 630077218 857231000 57036656 588639316 518115805 808860516 886011994 377876139 895166079 615000198 862343504 725286091 746086941 877906071 588354136 682728128 749139179 769569861 60348794 870360533 393924176 853520568 324180579 956025252 139985912 250893123 958562674 259045094 782382048 378618338 851642245 487951305 865013710 763986461 512193963 137618114 591210683 245714794 832516879 627575633 659388389
9 99 6 94
100
73508115 724483156 427291794 353691320 195591627 426324163 55197607 540412523 875096319 858077861 728442773 704125391 199118468 17412457 184700281 412188456 218527688 277970253 316026665 664650560 92973448 342722603 92741975 863914393 921986040 930941998 693625974 374701431 462440798 239551386 480776476 722337401 94734631 770210375 137766349 276087629 627514734 113743968 425049589 977775770 935498715 427806532 709478847 266465296 868013803 563066528 337915357 747623519 43463987 461366473 11651372 161539361 257841419 918432573 165139183 587672279 660079541 411155473 786962584 131647667 751725360 172209578 458330674 730073415 96072247 99447608 303186049 985651849 12206023 226267872 972652397 926734842 637886808 854049825 866834841 831656838 765874827 871579547 775454265 344221179 436112167 202867424 467314554 878472476 282988344 822474461 959220289 535426067 761523634 282627316 62242652 255839748 348686245 835453575 963609594 74228452 719142594 665348141 705728381 767948053
4 90 4 90
100
55553019 926769166 961263379 994187811 28399826 31025262 46780000 32115445 76582993 4911755 89051051 33627055 43293705 47708422 78049661 5442837 64226810 79107715 98660550 1759 66653578 33881047 55455343 5093297 988379 6255477 44938826 76244432 30325287 13145538 83353207 80797639 41871415 42300228 90023349 87852546 86543526 30948906 28278620 5013607 50791345 15720287 71469931 23859675 21664452 69751477 68256203 21050538 90218242 89355558 47704640 43820988 92014573 12946161 91411553 97198186 5992861 67071167 49882857 29439711 94619971 31090057 38118062 2307263 5937498 65251139 36916776 4386377 66145508 59501203 57170328 49399888 39574984 965456529 965597527 994220428 990050263 912738201 984743371 979662239 939672060 903974153 948185140 910335363 933721927 939156090 965053281 999042771 961010034 919430411 990877070 919255219 916265086 968095485 933587205 976393550 930289649 20228564 26351497 69154218
2 98 2 58
100
236642325 808163708 607316171 687007959 911184911 866220787 149337421 559052976 107165165 675904052 48210182 10640585 779252682 165717539 611341887 911377859 295751217 831586207 4350503 689810454 210526113 618528474 299837627 89681324 87562507 328894837 761269558 948323522 706148198 275272003 789302075 263187228 679032207 219244454 220066847 957278345 760436345 746671554 706339585 460576618 872750475 201777299 457257956 296831858 257192300 102750772 804121513 410866043 892841897 335635623 349941422 897889204 788712043 877952726 941603252 280061019 594421428 322860625 964947459 632701192 111547336 125705004 145332718 436021354 137672074 584812317 921245381 609964748 432787263 607300458 855003922 845587913 22643861 753105634 942216217 486601946 594118693 943474335 68000642 43332503 198868148 938180544 996893972 560618678 640223767 803139695 54699538 188319322 392775234 244781727 30822221 994460208 785065284 694647940 266594253 600067852 329622484 889832375 328079385 639232792
8 100 1 95
100
306954124 713142684 103502631 189523916 231319131 90902204 362702904 619688523 1879641 978396265 325926636 731827404 591733063 585987174 160470722 552583853 931400094 308678857 515572410 487155560 251167362 451997477 21300149 314951253 857124589 127150223 848894423 969478285 616788527 222262058 378799630 617730703 88632103 736806221 172020239 797444890 633423251 497502433 467457947 798272889 297624485 349883996 183827992 195909492 736438751 54248524 516496275 271189858 950777083 997586829 590847930 740719047 617524134 342618922 197693204 528000389 378373961 860523771 916939277 601249736 271961246 98610667 304680579 362553623 204840742 64193301 590451805 580392615 560452867 606611855 159921968 731066338 739276087 433071576 977620805 531012673 516854695 932734226 617661858 320341986 600125439 712617790 936894247 33682528 14726072 297307836 17866347 86893052 932215581 502267718 635966564 368894075 619614081 467646930 30799434 52430175 632118309 610029832 697364471 951953313
98 100 98 100
100
587873649 251531244 844234729 339341449 987892987 800597734 516440571 937071688 493441999 518433302 643148970 395150177 643513645 103662968 541566871 738856498 329508316 36664396 581273343 73536879 993132740 976576002 598153400 424981231 316776583 857646201 787179864 681920708 290831211 246927512 933921086 54983197 710332246 30562784 423646152 131906773 161524717 236451386 881317052 890156402 496098818 306544514 511602294 838661169 636889285 541880790 822486293 148658393 835410389 381414164 989272483 64996426 272264031 756382179 247642557 745087107 787710280 586855538 670514417 396443981 766514983 766144029 70447370 185456190 963874749 367976567 283393738 757102154 616838741 329917281 550685961 291399658 595364939 438201614 694890626 981217309 199151364 248037600 292034373 695652293 159384800 418336280 32538853 994398166 554279428 372324412 565718420 117644103 278225804 406225514 857649551 412402183 390850268 714493244 590484079 262520142 51626988 710259788 445744150 105755933
1 65 100 100
100
946644484 916885889 946195429 987100280 908140226 972195335 983344045 961732576 990489723 940789740 964787381 922805813 928266481 959504862 986301902 952339853 943934235 949525724 902369371 994954787 919690939 934451203 930426559 994542746 950415952 960494103 938793868 976921726 910294302 944739554 950668918 935138571 989632714 926043238 919359937 901285985 903421266 996432387 980910781 915192885 953479397 973048604 973880033 970135872 982967611 966330311 932356568 929450719 918335148 960452326 911308348 952639308 940351049 946061448 991859876 983662210 900843097 914242731 940880924 987111624 991305488 946080689 966883505 903745546 951888159 995385308 982229594 931178026 958338338 998048592 923306179 997419429 938901760 977827914 935514588 995647201 962603233 959193452 914270421 931404398 990708901 987313852 912086310 922626048 928228140 988523343 900711570 978892856 916912919 924174892 946145547 922525127 986822555 966387760 966180810 979797062 904168000 942277583 970657312 265608114
10 96 2 97
59
275556031 809116883 281995419 751034092 690048175 41303941 984120135 582515560 786627018 928328891 393309611 473685743 79960201 794845597 209595409 551608636 541382002 9893302 7783556 359083513 104627196 930873636 209618214 302826551 725576439 524569740 593125229 597185222 914322263 872072258 382156342 915764288 487769646 529709386 489999787 608121523 170472052 238007249 38605717 436454838 746779930 368098578 976729579 296157650 824211623 614908608 718794017 338846732 971003240 286514654 927664935 125861824 801289322 383408518 220589530 503313454 392593156 612220552 465110408
30 36 35 40
95
14742012 40848941 28327068 72443110 12815563 70249641 90472545 10315180 84543136 20812873 57766815 83227224 73597572 12183974 24035720 95260001 64599927 714468 2515962 55057007 37348964 80019490 15363321 90896772 46629071 31228056 94000895 65925448 89063802 12774393 91058865 62234517 9322019 19378324 44899365 73588538 99235486 81818624 6963242 92121391 20981209 42944456 51904879 72569948 14367701 58333376 95485136 66683110 62026019 78992518 47196734 25096038 81962515 37483539 71450596 98568319 76139272 95338496 33251615 60244639 18248579 21712911 1467602 7750255 10947026 18268261 27922574 94642625 63046211 98378796 96900519 52523326 92696886 85988861 98691602 79067918 34525511 43874359 67124520 8093233 29804597 75400822 15428057 41666496 3776715 66315480 61148446 96763459 2835934 28814547 39088013 14914131 97480512 64177989 174291850
89 95 13 90
100
610865131 953472338 429623595 408103559 331676563 658852481 996867295 969610058 252305375 39668214 968374350 436665935 906139828 674257467 231723277 921349875 558343264 495639939 480985814 742200285 758942738 19149866 860302320 822659454 564911866 514668992 31758734 976255660 323798823 330827257 696500861 78314342 898077145 998453396 645678194 348432201 992298066 537511670 241167190 422537442 988268240 895258619 119877220 543579640 661045339 980664936 941207252 865715439 864190785 729604803 429817075 668399810 432410861 186991376 50642725 470466731 42231214 522304856 421031345 429266802 524340415 257811785 491721528 942802899 887629427 573282016 417640474 993502833 363659485 189206246 770709842 789896615 517330722 68884037 255821967 986035891 372772501 330401717 359422616 104074468 44618578 658266811 213203655 921128580 363799153 254250751 919567651 436129856 943064465 124230717 288452547 165244000 354361698 422669814 85151974 51945421 999042226 981253070 216486310 330726575
2 95 9 97
