100
100 100 1
37 15 46 76
59 26 1
22 11 37 16
9 27 1
3 4 5 12
17 86 1
4 3 8 14
5 70 1
2 7 3 46
80 67 1
22 24 43 55
8 21 1
2 8 5 13
19 31 1
14 17 14 29
29 73 1
16 9 26 61
12 26 1
6 17 11 20
67 31 1
29 5 55 31
70 85 1
3 60 44 85
78 68 1
49 1 60 46
98 29 1
10 8 20 29
63 60 1
11 1 58 15
9 100 1
2 1 6 75
47 30 1
2 29 26 30
88 11 1
15 1 19 3
48 50 1
30 1 45 19
37 90 1
8 1 29 87
27 66 1
17 1 27 6
28 14 1
1 10 20 14
92 80 1
1 29 92 35
45 75 1
1 2 43 75
6 23 1
5 14 6 23
59 81 1
1 1 12 54
47 100 1
27 1 41 100
70 85 1
1 1 46 24
83 54 1
47 1 48 54
46 94 1
1 53 21 94
52 29 1
21 1 52 29
39 40 1
1 27 39 40
67 31 1
1 1 53 31
87 90 1
1 1 25 90
97 28 1
1 1 46 28
11 49 1
1 1 11 49
99 64 1
1 1 99 64
91 26 1
1 1 91 26
22 100 1
1 1 22 100
79 26 1
1 1 79 26
1 1 1
1 1 1 1
100 100 1
18 52 67 77
100 100 1
83 38 93 44
100 100 1
54 4 61 35
100 100 1
40 56 59 85
100 100 1
93 17 100 91
100 100 1
53 14 63 100
100 100 1
27 39 86 94
100 100 1
2 61 64 86
100 100 1
43 18 46 23
100 100 1
33 13 55 23
100 100 1
5 86 24 87
100 100 1
3 15 77 54
100 100 1
27 31 97 66
100 100 1
31 83 42 88
100 100 1
63 18 85 33
100 100 1
39 26 53 50
100 100 1
4 46 21 96
100 100 1
9 47 46 95
100 100 1
53 18 85 100
100 100 1
1 54 87 63
100 100 1
71 29 95 53
100 100 1
16 67 26 68
100 100 1
15 66 74 66
100 100 1
11 45 88 50
100 100 1
22 80 80 100
100 100 1
31 26 83 100
100 100 1
2 47 9 48
100 100 1
92 88 99 88
100 100 1
39 27 44 28
100 100 1
63 31 72 62
100 100 1
9 44 47 91
100 100 1
13 45 28 84
100 100 1
21 16 57 92
100 100 1
11 48 96 92
100 100 1
23 69 40 77
100 100 1
22 48 30 88
100 100 1
50 50 87 68
100 100 1
61 31 77 75
100 100 1
77 60 83 79
100 100 1
18 26 22 99
100 100 1
16 27 27 78
100 100 1
31 16 97 19
100 100 1
12 79 78 92
100 100 1
48 58 60 80
100 100 1
5 53 92 60
100 100 1
24 22 48 37
100 100 1
6 2 47 6
100 100 1
37 80 58 86
100 100 1
22 34 30 97
100 100 1
81 14 90 36
100 100 1
10 1 31 97
100 100 1
19 23 41 52
100 100 1
52 56 58 80
100 100 1
33 33 61 85
100 100 1
85 52 85 66
100 100 1
8 27 96 59
100 100 1
15 63 22 77
100 100 1
78 45 91 83
100 100 1
17 34 66 38
