100
3 4 2
1 1 1
3 3 2
5 5 2
4 1 2
3 2 2
11 5 6
10 3 10
5 4 7
9 2 4
4 2 6
11 2 6
7 5 7
6 13 12
4 8 1
6 1 1
2 5 1
5 2 1
3 5 1
6 9 1
3 11 1
4 4 1
6 11 1
1 5 1
3 3 1
3 10 1
20 20 15
19 7 2
14 2 1
9 5 1
2 10 1
13 20 1
20 6 2
8 1 2
4 3 1
15 13 1
18 6 1
11 4 1
12 9 2
1 18 1
5 11 2
9 15 1
20 20 15
4 14 1
1 10 1
2 8 1
12 16 1
15 11 1
13 8 1
11 13 2
2 3 1
4 15 2
4 7 1
4 2 2
10 3 1
11 16 2
5 19 1
9 5 2
18 1 12
10 1 15
14 1 15
12 1 11
6 1 2
16 1 5
5 1 3
4 1 12
18 1 12
7 1 6
13 1 16
11 1 11
17 1 10
20 15 8
16 9 2
12 12 1
2 1 2
17 14 1
18 5 3
2 4 3
5 1 3
18 14 1
20 20 15
1 20 6
1 8 3
1 15 12
1 5 3
1 4 18
1 10 12
1 11 7
1 19 15
1 18 11
1 12 5
1 9 9
1 16 13
1 7 11
1 6 15
1 13 16
5 9 3
3 2 1
3 6 2
3 7 2
3 3 2
1 1 1
3 3 1
5 20 2
2 8 2
3 4 10
5 20 2
1 4 5
1 8 7
7 8 8
1 2 5
5 5 4
5 2 5
7 5 7
4 8 2
6 7 3
1 1 7
7 3 5
20 20 15
1 12 2
6 10 1
12 4 1
2 9 1
12 8 1
2 16 2
6 18 2
19 13 1
16 15 1
2 13 2
5 13 1
16 10 2
16 13 2
14 14 2
16 6 1
4 7 12
3 2 3
2 6 3
3 6 6
2 3 2
3 5 1
4 6 4
1 1 1
2 5 6
4 4 6
3 7 4
4 3 2
2 7 1
20 20 15
14 4 4
3 9 12
6 7 17
8 5 6
19 15 2
9 13 19
8 11 1
12 16 18
17 7 16
12 18 15
4 18 9
3 18 17
16 12 16
7 18 4
8 2 16
20 20 15
12 16 9
12 4 13
19 20 14
8 7 6
3 4 10
14 12 4
16 19 4
11 12 19
13 18 9
5 16 14
16 20 8
11 4 15
19 5 13
13 6 18
3 19 14
6 15 4
5 5 8
6 5 6
5 10 10
5 1 14
20 15 8
5 5 1
18 4 1
15 6 1
8 8 1
3 12 1
7 8 1
1 9 1
18 15 1
20 20 15
3 14 12
1 16 13
7 17 1
10 4 9
16 16 4
13 15 18
8 16 18
12 6 5
8 13 19
13 6 17
19 8 17
11 5 17
17 16 12
16 7 17
16 3 16
20 20 15
19 1 10
16 20 17
8 6 17
9 12 8
6 6 6
1 16 7
1 12 3
16 15 6
14 9 17
8 9 12
13 19 18
20 15 14
17 2 17
11 2 12
5 20 10
20 20 15
1 4 8
1 1 2
1 11 11
1 7 4
1 10 3
1 18 13
1 20 6
1 6 17
1 3 1
1 16 17
1 15 18
1 13 15
1 19 5
1 14 4
1 9 7
20 20 15
1 13 14
1 15 12
1 8 15
1 10 7
1 1 2
1 12 1
1 2 2
1 18 14
1 14 12
1 4 10
1 17 8
1 20 4
1 6 7
1 11 17
1 7 16
20 4 14
5 3 9
10 2 6
6 1 12
8 2 8
12 3 17
13 2 8
8 3 18
19 3 15
15 2 11
19 4 16
8 1 2
5 1 13
4 2 18
7 4 15
4 19 3
1 11 5
1 3 13
3 2 5
5 2 7
5 2 2
2 1 2
4 1 3
5 1 2
1 1 2
3 2 2
4 2 4
6 15 4
3 11 3
2 5 1
2 1 2
2 12 7
20 20 2
1 1 19
20 20 19
20 20 15
14 20 11
5 20 4
11 7 13
7 20 3
6 12 15
11 8 17
2 18 10
8 14 8
19 6 4
11 19 15
2 12 9
3 3 15
5 14 15
14 19 19
5 8 3
5 20 2
5 1 10
5 3 17
6 15 4
3 2 1
5 4 1
2 15 1
5 11 1
2 13 15
2 1 1
1 7 1
2 8 1
1 4 1
1 5 1
2 2 1
2 9 1
1 2 1
1 9 1
2 7 1
2 11 1
2 13 1
2 3 1
2 6 1
2 10 1
8 18 3
3 8 7
3 12 1
5 18 6
20 20 15
1 19 8
3 12 9
20 1 16
14 9 1
12 11 12
5 20 17
16 11 3
11 7 7
11 2 11
18 12 9
7 4 11
7 18 11
1 17 6
6 2 17
6 13 1
20 20 10
8 8 7
3 3 2
3 8 2
3 13 2
8 3 2
8 13 2
13 3 2
13 8 2
13 13 2
18 18 2
6 13 12
3 5 7
5 2 2
6 8 7
4 13 7
6 11 8
1 7 11
5 6 11
3 9 12
1 6 1
6 13 11
5 10 1
5 12 4
20 20 15
12 7 1
4 15 2
6 12 2
9 16 2
3 12 2
6 19 2
7 10 1
7 19 1
15 8 2
2 9 1
11 13 1
17 8 2
12 14 1
15 2 2
8 16 2
20 20 15
4 11 1
9 20 1
14 14 1
12 11 1
6 1 1
10 12 1
18 18 1
11 2 1
14 18 1
11 4 1
3 7 1
5 18 1
11 9 1
1 12 1
13 5 1
2 13 15
2 13 6
1 7 9
2 8 5
2 10 4
1 13 1
1 10 11
1 12 8
2 7 9
2 9 8
2 3 2
1 1 6
1 9 3
1 8 7
2 2 5
1 2 5
6 13 12
1 1 11
3 11 8
2 3 2
6 3 4
4 6 6
3 5 5
4 11 10
6 1 10
4 5 8
3 1 2
6 13 10
5 4 3
6 15 4
3 11 2
1 8 2
5 11 1
2 14 1
20 20 15
14 5 12
13 5 8
11 19 3
9 15 8
17 3 7
12 17 17
10 16 14
15 17 14
17 8 14
19 11 1
12 16 5
14 8 5
5 11 9
17 19 17
14 7 1
5 3 13
4 1 1
1 2 3
2 3 1
3 1 1
1 3 3
1 1 2
3 3 1
5 1 2
4 2 3
4 3 2
2 1 3
5 3 1
2 2 2
12 20 8
12 16 2
6 7 2
2 1 16
3 9 14
6 19 11
7 18 16
8 17 15
10 7 6
6 13 4
2 12 2
6 13 11
2 6 5
5 7 8
20 20 2
1 1 19
20 20 1
20 20 15
9 10 18
6 3 1
17 11 4
16 10 4
20 17 16
18 13 15
13 1 3
2 16 11
14 12 11
9 1 5
13 9 17
14 15 1
12 3 3
19 10 5
13 10 16
20 20 15
8 19 2
16 15 2
5 19 1
13 5 1
5 3 1
18 16 1
3 4 1
14 16 2
17 3 2
5 5 1
2 12 2
1 19 2
12 3 2
17 15 1
19 11 1
2 2 2
1 1 1
2 2 1
6 15 4
3 1 4
3 9 2
6 15 5
3 2 5
20 15 8
16 7 9
8 14 10
17 11 10
15 7 8
17 6 17
19 12 4
5 14 15
2 4 12
20 20 15
11 3 1
3 10 1
1 12 1
19 10 1
17 14 1
10 1 1
7 6 1
15 19 1
6 4 1
19 19 1
9 1 1
3 3 1
4 4 1
10 14 1
19 2 1
20 20 15
7 9 15
8 11 14
6 17 9
15 5 15
10 2 19
1 3 16
14 3 8
9 7 11
15 3 8
17 1 4
1 8 15
12 15 17
6 20 8
7 6 14
11 16 18
20 20 15
6 14 12
19 11 7
11 9 5
10 8 2
12 5 4
7 16 5
7 8 15
3 12 3
5 17 18
9 2 8
15 20 10
3 10 9
14 20 18
10 9 1
9 20 8
1 2 2
1 1 1
1 2 1
5 20 2
3 7 1
3 1 2
6 2 5
6 1 1
3 2 3
5 2 3
2 1 3
2 2 1
6 13 12
4 4 5
5 12 8
6 7 7
5 7 8
2 4 4
4 7 10
2 13 10
2 3 2
5 5 12
6 12 1
3 13 6
2 10 9
1 3 3
1 1 1
1 2 1
1 3 2
9 11 14
6 5 3
5 1 3
2 4 9
3 5 7
4 3 7
3 10 1
8 11 6
3 11 7
6 10 10
1 5 2
8 5 4
8 4 3
5 5 4
2 11 10
2 13 15
2 3 4
2 2 11
2 5 12
2 6 11
1 13 7
1 10 8
2 11 10
1 11 9
2 13 11
2 12 6
1 12 2
1 1 9
2 10 11
2 9 12
1 9 3
4 19 10
2 15 13
3 11 5
1 7 11
3 13 1
4 3 18
1 13 17
4 2 5
3 3 12
2 1 10
4 6 14
18 3 4
14 1 11
7 3 1
8 3 16
12 2 6
20 15 8
9 6 15
5 13 1
19 6 7
13 2 13
13 9 12
3 12 10
1 4 2
6 12 10
7 13 13
1 13 11
4 1 1
1 4 8
4 7 4
1 10 3
3 2 6
7 9 7
2 10 11
1 12 3
1 2 11
3 9 11
3 3 11
2 5 11
17 12 2
4 11 16
13 12 8
5 10 6
3 7 3
2 9 6
4 9 8
1 2 5
2 8 8
3 10 1
20 20 10
8 8 7
3 3 2
3 8 2
3 13 2
8 3 2
8 13 2
13 3 2
13 8 2
13 13 2
18 18 1
2 13 15
2 10 1
1 5 12
1 8 6
1 2 1
2 4 8
2 6 9
2 13 3
2 8 10
1 3 3
2 11 12
2 1 6
2 9 4
1 12 8
1 4 4
1 1 10
20 15 8
4 5 13
20 4 4
9 12 13
3 14 1
11 10 12
17 7 3
11 13 8
19 8 18
6 13 12
1 8 7
1 6 1
1 4 4
1 7 9
1 10 6
1 3 3
1 12 10
1 9 6
1 11 6
1 5 12
1 1 9
1 13 3
20 20 15
20 9 3
20 19 9
10 12 7
20 8 18
1 3 7
7 6 4
18 8 11
18 18 9
17 2 3
12 2 7
9 1 15
13 13 2
10 14 2
12 13 10
9 5 7
17 15 4
2 10 11
6 13 6
14 13 11
9 3 9
2 7 3
2 7 6
1 5 1
1 1 5
20 20 15
1 14 19
1 12 1
1 3 5
1 19 18
1 8 19
1 7 13
1 18 8
1 4 5
1 9 7
1 6 9
1 17 16
1 2 18
1 20 17
1 11 10
1 16 15
20 20 15
5 4 18
12 1 6
7 3 10
1 12 14
16 17 19
3 12 9
8 8 17
11 14 1
19 11 17
12 15 14
16 11 18
6 2 11
2 1 17
14 13 9
16 20 19
20 20 11
8 8 7
3 3 2
3 8 2
3 13 2
8 3 2
8 13 2
13 3 2
13 8 2
13 13 2
18 18 2
19 19 1
2 13 15
1 9 1
1 7 1
2 10 1
1 8 1
1 6 1
2 1 1
2 6 1
1 13 1
1 11 1
1 10 1
1 2 1
1 4 1
1 1 1
1 5 1
2 7 1
20 20 15
7 9 12
19 2 15
12 13 2
6 18 9
1 14 8
2 1 18
4 1 12
12 19 9
14 20 12
6 9 5
14 16 15
3 14 15
8 11 19
15 9 15
15 6 10
20 20 15
16 20 1
14 15 1
15 13 1
11 14 1
3 17 1
12 16 1
5 8 1
4 14 1
15 19 1
18 6 1
2 1 1
9 6 1
1 12 1
16 14 1
2 8 1
20 20 15
16 13 3
8 7 8
5 20 14
19 13 16
6 9 7
19 12 8
15 6 10
7 3 10
2 1 17
12 8 2
19 3 2
13 2 17
15 7 6
13 5 5
16 10 14
9 9 9
5 5 4
2 2 1
2 5 1
2 8 1
5 2 1
5 8 1
8 2 1
8 5 1
8 8 1
20 20 15
17 19 17
10 5 5
5 15 1
4 2 10
8 15 2
13 19 6
2 6 1
7 1 4
5 18 14
10 6 4
8 10 1
4 12 18
11 10 11
12 2 18
19 6 6
20 8 7
16 6 7
14 6 13
20 1 6
8 8 8
9 8 17
14 3 15
6 5 17
6 15 4
1 1 2
1 4 7
1 12 11
1 9 3
20 15 8
1 6 7
1 10 1
1 8 13
1 4 1
1 9 5
1 7 14
1 15 10
1 3 3
20 20 15
20 14 1
18 15 1
1 3 1
14 11 1
20 10 1
14 6 2
14 17 1
17 6 2
20 8 1
7 11 2
5 10 2
17 19 2
15 20 1
5 5 1
9 4 1
20 20 15
10 2 12
20 1 6
18 10 14
17 7 14
4 9 4
15 10 18
18 12 3
1 14 15
12 11 5
15 20 3
13 4 7
20 11 7
17 5 7
3 2 8
18 1 19
20 20 15
6 5 19
14 3 18
16 5 19
17 11 6
18 4 8
12 15 10
4 9 2
14 10 17
17 3 7
16 6 14
16 4 10
10 17 4
16 12 3
9 20 7
17 18 14
20 20 15
12 1 1
20 17 1
12 10 1
19 6 1
9 13 1
10 11 1
6 13 1
17 9 1
13 18 1
17 19 1
16 15 1
19 4 1
10 1 1
18 6 1
2 6 1
6 13 12
5 11 1
5 6 1
2 7 1
6 3 1
5 3 1
2 8 1
1 1 1
5 8 1
1 5 1
3 3 1
2 9 1
6 5 1
20 20 15
2 18 1
14 4 1
4 18 1
17 2 1
4 10 1
11 16 1
4 19 1
14 12 1
5 14 1
3 14 1
17 15 1
6 8 1
9 6 1
11 5 1
12 14 1
20 20 15
1 8 18
1 1 13
1 9 15
1 15 11
1 11 15
1 3 1
1 14 17
1 20 6
1 19 19
1 6 17
1 18 7
1 5 3
1 17 10
1 12 10
1 4 12
20 20 15
3 7 15
6 14 16
18 9 9
4 3 7
8 12 15
20 15 4
11 6 15
2 6 11
2 10 4
12 10 14
20 5 12
18 10 18
17 19 17
5 14 15
10 1 13
5 20 2
1 9 1
3 17 1
20 20 15
1 19 3
1 11 15
1 4 11
1 18 4
1 14 13
1 20 13
1 2 16
1 12 1
1 13 13
1 16 18
1 5 18
1 10 13
1 6 11
1 15 17
1 1 3
20 20 15
6 18 1
1 5 1
8 7 1
16 10 1
1 19 1
3 18 1
4 4 1
8 16 1
4 14 1
18 19 1
7 9 1
4 17 1
10 15 1
11 7 1
2 9 1
5 20 2
1 14 7
1 20 19
9 4 7
4 4 2
6 4 7
3 3 8
7 4 5
3 1 7
9 4 2
8 4 8
