100
100000 100000 100000
37820 14988 46764 77027
66819 33402 84426
13525 18667 42339 30572
15624 34268 7876
6760 4180 14593 12092
52593 23320 84758
9624 4129 51667 12836
11503 23176 1253
6798 2306 8506 12753
56036 15962 78069
32394 1029 49839 5277
89925 31390 22666
4245 4413 55143 25427
60598 63524 9157
13452 7730 23650 51483
37690 76282 94132
19548 49547 24658 61607
36157 81461 42572
4073 9065 29885 60744
29059 84740 39903
15369 64663 29059 83866
19009 96004 28366
3390 1 13586 51343
98213 54021 84251
1934 12492 59433 54021
86794 75830 24913
48233 1 86368 36540
53561 36239 81782
52101 4290 53561 9655
61281 60792 60772
20046 1 28796 57414
94946 44465 5519
3739 1 57770 44465
42896 54930 27472
17779 24910 42896 54930
96288 17205 47724
1 3935 96288 8027
48100 55964 47384
26188 1 48100 21390
51358 44319 88217
19558 1 45064 44319
97880 92958 48867
92595 63903 97880 92958
14861 56581 25166
1 1 14162 56581
78279 14365 30179
1 14141 78279 14365
38425 98569 42320
1 1 18324 98569
41459 41055 2965
1 1 41459 2092
11245 68776 57153
1 1 11245 40799
21458 55005 98777
1 26176 21458 55005
38265 82231 67590
355 1 38265 82231
25432 90907 51258
9157 1 25432 90907
53363 45041 40181
1 1 53363 45041
83730 62280 98212
1 1 83730 62280
99830 40634 2932
1 1 99830 40634
59646 35744 71088
1 1 59646 35744
82390 55512 39499
1 1 82390 55512
17153 12296 80659
1 1 17153 12296
83356 40278 36574
1 1 83356 40278
47065 64999 129
1 1 47065 64999
41097 62931 93146
1 1 41097 62931
57364 75245 27740
30069 55408 43300 75179
37529 96282 15170
8988 39298 12050 41815
62249 20072 96003
12364 3595 40437 15072
30152 13646 6920
26588 1001 28032 2061
72060 70422 89188
22698 28805 32403 30673
86844 32973 93665
39030 8488 48012 25452
63024 88392 29264
53557 84731 59121 88003
48800 96901 10279
30755 55032 31165 59473
100000 100000 33823
40398 56658 60234 86555
100000 100000 20730
93012 16699 95068 42094
100000 100000 63534
14096 27615 53363 64791
100000 100000 87217
39291 73322 96014 98778
100000 100000 4763
1485 61568 64767 87143
100000 100000 32385
43686 18145 46672 23231
100000 100000 24509
33048 12349 56070 23152
100000 100000 51230
4795 87936 24104 88577
100000 100000 53769
2376 14422 78561 54415
100000 100000 30164
26708 31347 99021 67375
100000 100000 20461
31265 84733 42287 89566
100000 100000 76818
47799 33407 86838 64121
100000 100000 17431
11265 50601 38919 53711
100000 100000 26387
14394 3414 81944 21097
100000 100000 46392
9874 9209 97398 46495
100000 100000 96766
39107 53423 47869 86192
100000 100000 17541
438 54552 46192 88099
100000 100000 63866
12123 53776 72020 96564
100000 100000 29023
79711 21200 84300 79406
100000 100000 26285
15810 60316 69575 67917
100000 100000 75131
14606 67125 67013 69819
100000 100000 52190
10758 45347 89916 50991
100000 100000 90785
21533 81020 21565 81379
100000 100000 87006
39629 31260 98206 83969
100000 100000 26124
31446 1105 77733 8195
100000 100000 47655
48681 89284 53064 93814
100000 100000 89324
45008 27451 45125 38953
100000 100000 28430
3218 62465 64387 73656
100000 100000 31160
9024 44505 12801 47330
100000 100000 92618
62232 13071 94048 28264
100000 100000 85094
45192 62293 71099 92353
100000 100000 57502
21439 16366 93475 97503
100000 100000 8060
10869 49144 97479 93629
100000 100000 63743
22832 70485 40671 78368
100000 100000 98327
45011 21528 81489 30328
100000 100000 89520
41299 50586 48315 88703
100000 100000 69311
50400 61536 62599 78596
100000 100000 76014
30827 78384 57665 84098
100000 100000 80387
57931 18278 60545 22190
100000 100000 25837
27476 16043 49819 79237
100000 100000 26797
83756 31292 93948 42652
100000 100000 98384
15745 29314 18630 82049
100000 100000 11280
79624 77169 93934 80577
100000 100000 56873
48372 58691 61197 81020
100000 100000 71192
2582 4684 92644 93873
100000 100000 53945
61382 24010 64409 48595
100000 100000 36882
22306 5753 66978 37128
100000 100000 47610
1847 11544 5659 37511
100000 100000 58585
81161 30258 87074 46415
100000 100000 21509
33817 76255 98640 98271
100000 100000 42165
82220 13562 91721 35988
100000 100000 13219
9498 425 31628 99147
100000 100000 36559
19328 22766 41713 53220
