75
1 1 1 0
1 2 0 0
2 1 1 2
2 2 0 2
3 2 0 6
10 342 341 341
9 171 170 171
12 1364 1368 1364
11 1872 135 41
8 85 85 86
7 43 43 42
12 1365 1365 1366
7 42 43 43
6 21 21 22
3 2 2 4
8 86 85 85
3 2 4 2
8 56 138 62
2 2 1 1
10 341 341 342
12 1366 1366 1364
12 0 4096 0
8 247 2 7
8 85 86 85
11 259 991 798
3 8 0 0
10 341 342 341
6 8 21 35
3 4 2 2
6 21 22 21
9 57 58 397
2 1 2 1
4 5 5 6
10 20 834 170
3 2 3 3
4 4 4 8
7 12 44 72
11 313 1676 59
4 0 12 4
4 6 6 4
9 74 147 291
2 0 4 0
6 6 6 52
12 1641 704 1751
1 0 0 2
3 1 2 5
1 0 2 0
9 171 171 170
5 8 17 7
12 1365 1366 1365
3 3 3 2
11 683 682 683
4 6 5 5
9 170 171 171
1 0 1 1
11 1863 132 53
2 1 3 0
2 1 0 3
7 43 42 43
6 37 4 23
5 11 10 11
2 2 2 0
10 145 671 208
11 682 683 683
12 1366 1365 1365
5 1 30 1
3 3 2 3
1 1 0 1
4 5 6 5
11 683 683 682
11 386 1566 96
3 3 1 4
6 22 21 21
5 11 11 10
5 10 11 11
