100
8
14
3 1 0 8 0 6 0
2 8 0 7 1
2 8 0 2 0
5 4 0 5 1 8 0 6 0 3 0
6 4 0 8 0 2 0 6 0 5 1 1 0
4 6 0 1 0 2 0 4 0
1 2 0
1 5 1
2 3 0 7 1
1 7 1
4 2 0 4 0 3 0 7 1
2 3 0 5 1
4 5 1 6 0 3 0 1 0
1 7 1
3
8
1 3 0
1 1 0
2 3 0 1 0
1 2 1
1 2 1
1 3 0
1 1 0
2 3 0 2 1
5
41
1 3 0
1 3 0
1 2 0
1 4 0
1 2 0
1 3 0
3 4 0 2 0 3 1
2 5 0 4 0
1 4 0
1 3 0
1 3 0
4 4 0 2 0 5 0 1 0
1 5 0
1 3 0
1 3 0
1 3 0
2 2 0 1 0
1 3 0
5 5 0 2 0 3 1 1 0 4 0
4 1 0 2 0 3 1 4 0
1 3 0
4 1 0 3 1 4 0 5 0
3 3 1 1 0 4 0
2 5 0 2 0
1 3 0
5 1 0 3 1 4 0 2 0 5 0
1 2 0
3 2 0 5 0 3 1
1 3 0
1 3 0
1 3 0
2 1 0 3 1
2 3 1 4 0
1 3 1
1 3 0
3 5 0 4 0 3 1
1 3 1
1 3 0
5 1 0 3 1 5 0 2 0 4 0
1 1 0
1 4 0
10
31
3 4 0 8 0 10 0
1 6 0
3 4 0 10 0 9 0
9 10 0 9 0 7 1 6 0 5 0 2 0 3 0 8 0 4 0
1 2 0
1 4 0
1 7 1
1 2 0
6 5 0 1 0 8 0 6 0 7 1 10 0
1 2 0
4 6 0 2 0 3 0 4 0
4 2 0 10 0 7 1 5 0
4 8 0 4 0 2 0 5 0
2 2 0 10 0
1 1 0
3 7 1 4 0 5 0
1 5 0
5 10 0 4 0 7 1 2 0 9 0
4 1 0 2 0 4 0 10 0
2 8 0 5 0
2 4 0 3 0
3 8 0 7 1 1 0
1 3 0
6 10 0 9 0 8 0 2 0 4 0 5 0
1 9 0
3 10 0 9 0 7 1
2 10 0 7 1
2 7 1 3 0
6 4 0 5 0 1 0 10 0 2 0 6 0
1 1 0
6 4 0 7 1 10 0 6 0 9 0 2 0
2
2
1 2 1
2 1 0 2 0
6
31
2 4 1 2 0
1 4 1
2 2 0 5 1
1 5 1
3 6 1 1 0 3 0
3 3 0 4 1 2 0
1 1 0
1 4 1
1 5 1
2 5 1 4 0
2 6 1 3 0
1 4 1
1 6 1
2 5 1 1 0
2 6 1 2 0
1 4 1
3 3 0 1 0 6 1
3 5 1 3 0 2 0
2 4 1 2 0
1 6 1
4 3 0 4 1 1 0 2 0
4 6 1 3 0 2 0 1 0
1 6 1
2 4 1 1 0
2 4 1 2 0
1 3 0
2 5 1 1 0
1 3 0
1 1 0
1 2 0
3 5 1 2 0 1 0
10
26
2 5 0 3 1
1 7 0
4 2 1 6 0 9 0 7 0
3 2 1 5 0 1 0
1 7 0
2 9 0 4 1
2 3 1 6 0
1 9 0
4 10 0 9 0 1 1 7 0
1 5 1
1 7 0
5 7 0 2 1 6 0 10 0 9 0
4 6 0 5 1 8 0 10 0
1 1 1
1 6 0
3 9 0 1 1 10 0
1 1 1
3 7 0 3 1 6 0
5 3 0 4 1 1 0 2 0 5 0
1 5 1
4 6 0 10 0 3 1 9 0
6 9 0 6 0 8 0 10 0 2 1 7 0
1 5 1
1 4 1
5 10 0 9 0 8 0 4 1 7 0
5 4 1 6 0 9 0 7 0 10 0
8
24
1 1 0
1 1 0
1 1 0
1 1 0
1 1 0
1 1 0
1 1 0
1 7 0
1 1 0
1 1 0
1 1 0
1 1 0
1 1 0
1 1 0
1 1 0
1 1 0
1 1 0
1 1 1
1 1 0
1 1 0
1 1 0
1 1 0
6 5 0 1 1 6 0 7 0 3 0 8 0
1 1 0
10
10
4 1 1 2 0 3 0 7 0
5 8 1 3 0 1 0 7 0 2 0
9 10 0 6 0 3 0 7 0 5 0 8 0 2 0 1 0 4 1
1 7 1
3 2 1 7 0 3 0
7 3 0 7 0 6 1 8 0 1 0 5 0 2 0
8 7 0 5 0 3 0 10 1 2 0 6 0 8 0 1 0
2 7 0 3 1
6 1 0 3 0 2 0 5 1 8 0 7 0
10 3 0 10 0 8 0 9 1 5 0 6 0 7 0 1 0 2 0 4 0
2
2
1 2 0
1 2 1
7
98
3 1 0 6 0 5 0
7 4 0 5 0 1 0 6 0 7 0 2 1 3 0
2 7 0 1 0
6 7 0 3 0 6 0 5 0 1 0 2 1
2 1 0 7 0
2 3 0 4 0
4 6 0 2 1 7 0 5 0
2 2 1 4 0
1 7 0
3 7 0 3 0 6 0
3 6 0 2 1 3 0
2 5 0 6 0
4 3 0 6 0 2 1 7 0
3 4 0 3 0 1 0
2 2 1 7 0
6 1 0 2 1 3 0 7 0 5 0 4 0
4 3 0 4 0 5 0 1 0
3 5 0 1 0 6 0
4 7 0 6 0 1 0 2 1
1 2 1
5 7 0 2 1 3 0 1 0 5 0
1 3 0
1 3 0
3 2 1 1 0 5 0
3 2 1 5 0 3 0
7 7 0 5 0 3 0 1 0 2 1 6 0 4 0
3 4 0 7 0 6 0
2 5 0 4 0
1 1 0
2 7 0 3 0
1 4 0
2 2 1 1 0
4 3 0 1 0 2 1 4 0
1 3 0
3 4 0 1 0 2 1
4 2 1 1 0 4 0 6 0
6 1 0 6 0 5 0 3 0 2 1 7 0
5 6 0 2 1 5 0 4 0 1 0
5 2 1 1 0 6 0 4 0 3 0
3 6 0 3 0 7 0
1 5 0
4 6 0 1 0 3 0 5 0
1 4 0
2 1 0 3 0
1 7 0
6 3 0 2 1 5 0 6 0 7 0 4 0
4 5 0 3 0 2 1 1 0
1 7 0
4 1 0 6 0 7 0 5 0
5 2 1 3 0 7 0 1 0 6 0
4 5 0 7 0 6 0 3 0
1 6 0
1 3 0
2 1 0 7 0
5 6 0 1 0 3 0 2 1 4 0
1 5 0
1 1 0
3 2 1 3 0 4 0
2 6 0 2 1
2 7 0 4 0
2 7 0 5 0
6 3 0 2 1 7 0 4 0 1 0 5 0
2 5 0 7 0
6 7 0 3 0 6 0 1 0 5 0 2 1
7 7 0 2 1 1 0 6 0 4 0 5 0 3 0
1 1 0
1 6 0
7 1 0 5 0 6 0 3 0 7 0 4 0 2 1
7 6 0 5 0 7 0 1 0 4 0 3 0 2 1
7 6 0 7 0 5 0 2 1 1 0 3 0 4 0
2 1 0 2 1
2 6 0 7 0
1 3 0
4 3 0 2 1 1 0 7 0
7 7 0 5 0 6 0 1 0 3 0 2 1 4 0
3 5 0 4 0 6 0
1 4 0
1 3 0
2 7 0 4 0
1 2 1
3 5 0 3 0 2 1
2 1 0 4 0
4 1 0 2 1 4 0 6 0
7 5 0 3 0 1 0 6 0 2 1 7 0 4 0
1 6 0
7 6 0 5 0 3 0 4 0 1 0 7 0 2 1
3 6 0 1 0 2 1
7 5 0 2 1 6 0 3 0 4 0 7 0 1 0
1 5 0
1 6 0
1 3 0
3 7 0 5 0 3 0
6 2 1 1 0 7 0 4 0 3 0 5 0
1 1 0
5 3 0 5 0 7 0 6 0 1 0
2 2 1 3 0
4 7 0 1 0 4 0 3 0
4 2 1 7 0 5 0 3 0
3
65
1 2 1
1 2 1
3 2 1 1 0 3 0
1 3 0
1 2 1
2 1 0 3 0
1 3 0
2 2 1 3 0
2 3 0 1 0
1 3 0
1 2 1
3 2 1 1 0 3 0
3 2 1 3 0 1 0
1 2 1
2 1 0 2 1
2 2 1 1 0
1 2 1
3 1 0 3 0 2 1
1 1 0
1 2 1
2 3 0 2 1
2 2 1 3 0
1 2 1
1 1 0
3 2 1 1 0 3 0
1 2 1
3 3 0 1 0 2 1
1 2 1
1 1 0
2 2 1 3 0
1 3 0
1 2 1
1 2 1
1 1 0
2 3 0 2 1
1 1 0
1 3 0
2 3 0 1 0
1 1 0
1 1 0
1 3 0
2 1 0 3 0
1 2 1
2 3 0 2 1
1 2 1
2 3 0 2 1
3 1 0 3 0 2 1
1 3 0
3 2 1 1 0 3 0
3 2 1 1 0 3 0
2 1 0 2 1
1 1 0
3 3 0 2 1 1 0
1 1 0
2 1 0 3 0
2 2 1 1 0
1 1 0
3 1 0 3 0 2 1
3 3 0 2 1 1 0
3 3 0 2 1 1 0
2 3 0 1 0
3 2 1 1 0 3 0
2 3 0 2 1
2 2 1 3 0
1 1 0
2
2
1 1 1
1 1 1
6
33
4 1 0 4 1 2 0 5 0
4 1 0 6 0 4 1 2 0
1 4 1
3 6 0 2 0 3 1
4 3 1 6 0 5 0 2 0
2 1 0 3 1
1 3 1
1 1 0
5 2 0 5 0 4 1 6 0 1 0
2 5 0 3 1
4 6 0 5 0 3 1 2 0
1 5 0
1 4 1
1 1 0
2 1 0 3 1
1 5 0
3 3 1 5 0 2 0
3 4 1 2 0 6 0
1 2 0
4 2 0 3 1 5 0 6 0
1 1 0
2 6 0 5 0
2 5 0 6 0
3 1 0 3 1 6 0
3 6 0 5 0 4 1
4 4 1 1 0 5 0 2 0
1 3 1
3 5 0 1 0 2 0
1 6 0
1 3 1
3 3 1 6 0 5 0
1 1 0
1 4 1
2
2
1 2 1
2 1 1 2 0
10
10
2 9 0 4 1
8 5 0 9 0 6 0 1 0 2 1 7 0 10 0 8 0
1 4 1
2 3 0 7 0
4 3 0 8 0 6 0 4 1
1 2 1
8 9 0 6 0 4 1 10 0 3 0 1 0 5 0 7 0
1 5 0
2 4 1 2 0
1 6 0
2
2
1 1 0
1 1 0
8
54
1 2 0
1 6 0
3 6 0 3 0 1 0
3 3 0 4 0 8 1
4 7 0 4 0 5 0 2 0
3 3 0 6 0 8 1
5 2 0 7 0 4 0 3 0 8 1
6 5 0 3 0 4 0 2 0 7 0 8 1
5 3 0 8 1 6 0 5 0 7 0
5 6 0 8 1 2 0 5 0 3 0
5 2 0 6 0 4 0 3 0 1 0
3 5 0 3 0 4 0
2 2 0 5 0
4 5 0 1 0 4 0 8 1
2 7 0 4 0
1 3 0
2 4 0 2 0
1 5 0
4 6 0 2 0 8 1 4 0
2 7 0 2 0
4 3 0 2 0 6 0 4 0
1 8 1
1 5 0
3 3 0 1 0 6 0
3 2 0 1 0 4 0
2 2 0 5 0
5 6 0 2 0 3 0 1 0 4 0
6 5 0 3 0 7 0 6 0 1 0 4 0
2 2 0 4 0
5 5 0 2 0 7 0 6 0 1 0
1 8 1
7 7 0 4 0 5 0 2 0 6 0 8 1 3 0
1 5 0
1 7 0
2 2 0 4 0
4 6 0 7 0 2 0 8 1
4 1 0 8 1 3 0 5 0
2 8 1 2 0
2 7 0 4 0
3 5 0 4 0 8 1
5 8 1 4 0 6 0 3 0 5 0
6 1 0 5 0 4 0 7 0 6 0 8 1
1 3 0
2 4 0 1 0
2 5 0 1 0
1 1 0
3 3 0 7 0 8 1
2 5 0 4 0
4 3 0 6 0 2 0 4 0
4 1 0 8 1 5 0 6 0
1 8 1
3 3 0 5 0 6 0
3 6 0 2 0 8 1
3 7 0 6 0 4 0
6
16
1 2 0
4 4 0 5 0 6 0 1 1
3 4 0 1 1 3 0
2 1 1 2 0
3 3 0 2 0 6 0
2 5 0 1 1
5 4 0 5 0 6 0 3 0 1 1
1 3 0
5 1 1 3 0 4 0 6 0 5 0
5 1 1 2 0 3 0 4 0 6 0
3 6 0 5 0 2 0
1 3 0
1 1 1
3 6 0 1 1 5 0
4 2 0 1 1 4 0 6 0
1 5 0
7
24
2 3 0 4 1
2 2 0 1 0
2 2 0 7 0
1 1 0
2 4 1 5 0
6 5 0 6 0 3 0 1 0 7 0 4 1
1 2 0
2 7 0 6 0
4 3 0 6 0 2 0 5 0
2 4 1 5 0
2 6 0 5 0
3 3 0 1 0 4 1
1 7 0
3 4 1 7 0 3 0
3 6 0 3 0 7 0
3 4 1 6 0 2 0
2 3 0 5 0
3 5 0 1 0 4 1
2 7 0 3 0
4 4 1 6 0 7 0 3 0
3 2 0 7 0 1 0
1 7 0
1 4 1
1 4 1
5
6
5 1 0 3 0 5 0 2 0 4 0
5 5 0 3 0 4 0 1 0 2 0
5 2 0 3 0 5 0 1 0 4 0
5 2 0 3 0 4 0 1 0 5 0
5 5 0 4 0 1 0 2 0 3 0
5 3 0 5 0 1 0 4 0 2 0
2
2
1 1 0
1 1 0
6
37
2 1 0 2 1
2 1 0 2 1
1 4 0
3 1 0 4 0 5 1
1 6 1
3 1 0 4 0 2 1
2 1 0 6 1
1 2 1
1 6 1
1 2 1
2 4 0 2 1
1 6 1
2 2 1 4 0
1 1 0
1 5 1
1 6 1
3 3 0 4 0 5 1
1 5 1
4 3 0 1 0 4 0 2 1
3 1 0 3 0 2 1
1 6 1
1 1 0
2 2 1 3 0
2 4 0 3 0
4 1 0 5 1 3 0 4 0
1 1 0
4 4 0 3 0 1 0 6 1
1 5 1
4 3 0 5 1 1 0 4 0
1 4 0
1 1 0
2 4 0 5 1
2 6 0 5 1
2 6 1 1 0
1 5 1
1 6 1
1 4 0
1
3
1 1 1
1 1 1
1 1 1
2
2
1 2 1
2 2 0 1 1
6
9
1 5 0
1 5 0
1 5 0
1 5 0
1 5 0
1 5 1
1 5 0
1 5 0
1 5 0
6
60
3 1 1 5 0 3 0
4 5 0 4 1 6 0 2 0
3 6 0 2 0 1 1
2 5 0 2 0
4 2 0 6 0 1 1 5 0
1 1 1
1 4 0
1 4 1
4 1 1 2 0 6 0 3 0
1 5 0
5 2 0 3 0 5 0 6 0 1 1
2 4 1 6 0
5 2 0 4 1 5 0 3 0 6 0
5 1 1 6 0 2 0 3 0 5 0
5 5 0 4 1 2 0 6 0 3 0
1 6 0
1 6 0
4 1 1 6 0 2 0 5 0
2 5 0 2 0
4 5 0 2 0 4 1 3 0
2 1 1 3 0
3 2 0 5 0 3 0
1 6 0
2 2 0 1 1
2 3 0 1 1
2 4 1 5 0
3 2 0 3 0 6 0
1 1 1
1 1 1
2 1 0 4 0
1 6 0
1 1 0
1 2 0
2 4 0 1 0
2 3 0 1 1
1 1 1
1 6 0
1 4 1
1 1 0
3 3 0 6 0 1 1
5 6 0 4 1 2 0 3 0 5 0
2 5 0 6 0
1 4 0
3 3 0 4 1 2 0
1 1 1
1 4 1
2 2 0 6 0
3 4 1 5 0 6 0
1 1 0
3 2 0 4 1 3 0
4 5 0 4 1 2 0 6 0
3 1 1 5 0 3 0
1 4 1
3 2 0 3 0 1 1
5 5 0 2 0 3 0 4 1 6 0
1 1 0
3 1 1 6 0 3 0
2 4 0 1 0
5 3 0 6 0 1 1 2 0 5 0
1 4 0
2
2
1 2 0
1 1 1
7
70
1 1 1
2 3 1 4 0
2 6 0 1 1
1 1 1
3 5 0 1 1 4 0
2 1 0 3 1
3 3 1 5 0 2 0
2 3 1 5 0
2 7 1 5 0
1 2 0
1 5 0
1 4 0
2 2 0 5 0
1 3 1
2 7 1 6 0
2 5 0 3 1
2 7 1 2 0
3 3 1 2 0 6 0
3 2 0 3 1 4 0
5 3 1 5 0 6 0 2 0 4 0
5 3 1 6 0 2 0 5 0 4 0
4 5 0 2 0 7 1 4 0
2 6 0 2 0
5 4 0 3 1 2 0 6 0 5 0
1 6 0
1 2 0
1 4 0
4 2 0 4 0 7 1 5 0
5 6 0 5 0 7 1 2 0 4 0
4 5 0 6 0 2 0 7 1
1 4 0
1 7 1
2 2 0 6 0
4 1 1 2 0 6 0 5 0
2 7 1 5 0
1 4 0
1 4 0
2 4 0 7 1
2 5 0 3 1
1 3 1
1 1 1
1 3 1
4 4 0 2 0 5 0 7 1
5 2 0 5 0 1 1 4 0 6 0
5 6 0 4 0 3 1 5 0 2 0
5 6 0 1 1 4 0 2 0 5 0
3 6 0 2 0 7 1
2 1 1 4 0
1 3 1
1 3 1
3 5 0 6 0 4 0
3 1 1 6 0 4 0
5 7 1 2 0 6 0 5 0 4 0
2 7 1 2 0
3 4 0 5 0 1 1
4 1 1 5 0 6 0 2 0
5 5 0 2 0 1 1 4 0 6 0
3 5 0 6 0 4 0
1 5 0
3 5 0 6 0 1 1
1 5 0
2 5 0 7 1
2 5 0 2 0
2 7 1 3 0
2 4 0 5 0
2 5 0 3 1
2 7 1 4 0
4 4 0 3 1 5 0 2 0
4 2 0 3 1 6 0 5 0
5 5 0 6 0 4 0 2 0 1 1
3
31
1 2 0
1 2 0
2 2 0 1 0
1 1 0
2 1 0 3 1
1 3 1
1 1 0
1 3 1
3 1 0 2 0 3 1
1 2 0
2 3 1 2 0
2 2 0 3 1
1 2 0
3 3 1 1 0 2 0
1 2 0
2 3 1 2 0
2 1 0 3 1
3 1 0 3 1 2 0
1 1 0
1 1 0
3 1 0 2 0 3 1
1 1 0
2 3 1 1 0
1 3 1
1 2 0
1 3 1
1 2 0
1 2 0
1 2 0
1 3 1
1 3 1
10
53
1 8 0
1 8 0
1 8 0
1 8 0
1 8 0
1 8 0
1 8 0
1 8 0
1 8 0
1 8 0
1 8 0
1 8 0
1 8 0
1 8 0
1 8 0
1 8 0
1 8 0
1 8 0
1 8 0
1 8 0
1 8 0
1 8 0
1 8 0
1 8 0
1 8 0
1 8 0
1 8 0
1 8 0
6 10 0 5 0 7 0 4 0 2 0 3 0
1 8 0
1 8 0
1 8 0
1 8 0
1 8 0
1 8 0
1 8 0
1 8 0
1 8 0
1 8 0
1 8 0
1 8 0
1 8 0
1 8 1
1 8 0
1 8 0
1 8 0
1 8 0
1 8 0
1 8 0
1 8 0
1 8 0
1 8 0
1 8 0
4
84
2 2 1 4 0
2 2 1 3 0
1 3 0
2 4 0 1 0
1 3 0
1 3 0
1 2 1
3 3 0 4 0 2 1
1 2 1
1 3 0
2 3 0 2 1
1 2 1
4 1 0 4 0 3 0 2 1
1 4 0
2 2 1 3 0
1 4 0
3 3 0 2 1 4 0
1 3 0
1 2 1
1 2 1
3 2 1 3 0 1 0
4 1 0 4 0 3 0 2 1
2 1 0 2 1
2 1 0 3 0
2 3 0 1 0
2 3 0 1 0
1 1 0
2 3 0 4 0
1 2 1
1 1 0
2 2 1 1 0
1 4 0
2 2 1 1 0
1 3 0
3 4 0 2 1 1 0
1 1 0
4 3 0 1 0 4 0 2 1
1 4 0
2 2 1 1 0
2 1 0 2 1
1 4 0
4 4 0 1 0 2 1 3 0
4 3 0 1 0 2 1 4 0
3 3 0 1 0 4 0
1 2 1
3 4 0 2 1 3 0
1 1 0
3 2 1 1 0 4 0
3 1 0 4 0 2 1
1 2 1
3 3 0 4 0 1 0
2 3 0 1 0
2 2 1 4 0
2 1 0 4 0
3 3 0 4 0 1 0
2 3 0 1 0
3 4 0 3 0 2 1
3 4 0 2 1 3 0
2 2 1 4 0
1 4 0
1 1 0
2 2 1 4 0
2 1 0 3 0
3 3 0 1 0 4 0
4 1 0 4 0 3 0 2 1
3 4 0 1 0 3 0
3 4 0 2 1 3 0
2 2 1 1 0
2 1 0 2 1
4 1 0 2 1 4 0 3 0
1 3 0
2 2 1 4 0
2 1 0 3 0
2 4 0 2 1
3 2 1 4 0 1 0
3 1 0 3 0 2 1
3 3 0 1 0 2 1
1 2 1
1 1 0
3 1 0 2 1 4 0
3 1 0 4 0 2 1
2 1 0 4 0
1 4 0
4 2 1 3 0 1 0 4 0
2
2
2 1 1 2 0
1 1 0
5
19
1 4 0
1 4 0
1 4 0
1 4 0
1 4 0
1 4 0
1 4 0
1 4 1
1 4 0
1 4 0
1 4 0
1 2 0
2 1 0 5 0
1 5 0
1 2 0
1 4 0
1 4 0
1 4 0
1 4 0
2
2
2 1 0 2 1
2 1 0 2 1
5
40
5 5 0 2 0 1 1 3 0 4 0
2 2 0 3 0
1 3 0
3 3 0 5 0 2 0
2 5 0 3 0
3 3 0 1 1 5 0
4 1 1 5 0 4 0 2 0
2 4 0 2 0
3 5 0 3 0 2 0
3 1 1 5 0 2 0
1 1 1
1 2 0
3 4 0 2 0 1 1
1 5 0
1 1 1
4 3 0 5 0 2 0 1 1
5 2 0 5 0 1 1 4 0 3 0
3 2 0 3 0 4 0
1 3 0
1 5 0
5 5 0 3 0 4 0 2 0 1 1
1 4 0
4 2 0 4 0 3 0 1 1
3 3 0 4 0 5 0
2 2 0 1 1
3 4 0 3 0 1 1
2 2 0 1 1
1 4 0
1 4 0
4 5 0 2 0 1 1 3 0
4 3 0 4 0 2 0 5 0
3 5 0 2 0 4 0
2 4 0 3 0
4 1 1 2 0 3 0 4 0
3 1 1 4 0 5 0
2 1 1 4 0
2 3 0 1 1
1 4 0
2 3 0 1 1
3 3 0 1 1 5 0
2
2
1 2 1
1 2 1
2
2
2 1 0 2 0
1 2 1
6
11
2 4 0 2 1
1 5 0
6 3 0 4 0 1 0 2 1 5 0 6 0
6 2 1 3 0 6 0 4 0 1 0 5 0
1 1 0
4 1 0 3 0 2 1 5 0
4 3 0 5 0 2 1 1 0
1 1 0
1 5 0
1 2 1
3 2 1 6 0 5 0
2
2
1 2 0
1 1 1
2
2
2 1 0 2 0
2 1 1 2 0
10
38
2 7 0 10 0
1 2 1
3 8 1 9 0 3 0
3 10 0 7 0 6 0
1 10 1
3 10 0 8 0 2 0
1 2 0
4 2 0 6 0 1 0 5 0
1 5 0
3 6 0 8 0 4 0
7 8 0 2 0 6 0 10 0 4 0 7 0 1 0
2 8 1 5 0
1 4 1
7 5 0 10 0 8 0 1 0 2 0 6 0 4 0
2 5 0 1 0
1 5 1
2 10 0 7 0
2 5 0 7 1
1 1 0
3 2 0 5 0 8 0
4 7 0 10 0 1 0 4 0
1 6 1
1 2 1
1 5 1
8 2 0 10 0 1 0 5 0 6 0 7 0 4 0 8 0
6 6 0 7 0 1 1 2 0 4 0 10 0
1 5 0
2 5 0 8 0
1 2 0
2 2 0 1 0
4 7 0 6 0 5 0 2 0
5 1 0 5 0 2 0 6 0 7 0
1 1 1
3 10 0 8 0 5 0
5 10 0 2 0 7 0 8 0 6 0
4 4 0 7 0 5 0 2 0
2 4 0 8 0
2 10 0 8 0
4
81
1 3 1
1 2 1
1 2 1
3 1 0 3 1 4 0
1 1 0
2 1 0 3 1
1 4 0
1 4 0
3 2 1 1 0 4 0
2 4 0 2 1
2 2 1 1 0
3 2 1 1 0 4 0
1 3 1
1 1 0
2 3 1 4 0
1 4 0
1 4 0
1 2 1
1 1 0
1 2 1
1 2 1
1 1 0
2 1 0 2 1
1 4 0
1 3 1
3 4 0 3 1 1 0
1 1 0
1 1 0
2 2 1 1 0
3 4 0 1 0 3 1
1 3 1
2 4 0 3 1
1 3 1
2 4 0 3 1
1 2 1
2 3 1 4 0
1 2 1
1 2 1
1 1 0
1 2 1
1 3 1
1 3 1
2 2 1 1 0
2 1 0 3 1
1 1 0
2 3 1 1 0
2 1 0 3 1
1 1 0
2 2 1 4 0
1 1 0
3 2 1 4 0 1 0
1 3 1
3 4 0 3 1 1 0
1 4 0
1 4 0
1 1 0
1 1 0
3 4 0 1 0 3 1
1 4 0
1 1 0
1 2 1
3 1 0 4 0 2 1
2 2 1 1 0
1 4 0
1 4 0
1 1 0
1 4 0
1 2 1
1 2 1
2 1 0 2 1
2 1 0 3 1
2 1 0 3 1
3 4 0 3 1 1 0
2 4 0 3 1
2 3 1 1 0
2 4 0 2 1
1 4 0
2 3 1 1 0
1 2 1
2 3 1 4 0
1 1 0
2
2
1 1 1
1 1 0
7
46
3 3 0 4 0 7 1
3 1 1 4 0 3 0
2 3 0 6 1
2 4 0 2 1
1 1 1
1 1 1
2 2 1 6 0
3 5 0 2 1 4 0
2 2 1 5 0
1 3 0
2 1 1 5 0
1 7 1
4 5 0 3 0 4 0 6 1
1 3 0
2 3 0 7 1
2 6 1 3 0
1 3 0
3 4 0 7 1 3 0
3 5 0 7 1 4 0
1 1 1
1 6 1
1 4 0
4 5 0 3 0 6 1 4 0
1 4 0
2 5 0 1 1
3 4 0 1 1 5 0
2 4 0 3 0
1 3 0
2 1 1 3 0
2 7 1 5 0
1 1 1
4 5 0 4 0 3 0 6 1
1 1 1
1 7 1
1 2 1
2 7 1 5 0
3 7 1 4 0 3 0
3 5 0 3 0 2 1
4 5 0 7 1 4 0 3 0
1 2 1
3 3 0 7 1 4 0
1 7 1
1 7 1
1 2 1
4 2 1 5 0 4 0 3 0
1 2 1
2
2
2 1 0 2 0
1 1 0
6
32
4 3 0 2 0 4 1 5 0
3 1 0 5 0 6 1
2 6 1 3 0
3 2 0 3 0 5 0
4 6 1 5 0 1 0 3 0
1 6 1
3 4 1 1 0 2 0
4 2 0 4 1 1 0 5 0
3 5 0 1 0 6 1
1 5 0
1 2 0
2 6 1 2 0
5 1 0 3 0 5 0 6 1 2 0
4 2 0 3 0 6 1 1 0
2 4 1 2 0
5 3 0 6 1 1 0 2 0 5 0
5 4 1 5 0 2 0 1 0 3 0
1 4 1
1 4 1
4 5 0 3 0 6 1 1 0
5 1 0 6 1 2 0 3 0 5 0
5 2 0 4 1 3 0 1 0 5 0
2 3 0 2 0
2 4 1 1 0
1 5 0
3 2 0 3 0 6 1
1 4 1
4 3 0 4 1 2 0 1 0
1 4 1
1 5 0
4 1 0 4 1 5 0 3 0
4 2 0 1 0 5 0 4 1
5
10
4 2 1 5 0 1 0 4 0
4 1 0 2 1 3 0 5 0
1 4 0
1 2 1
3 2 1 1 0 4 0
3 3 0 4 0 2 1
1 2 1
1 1 0
2 2 1 4 0
3 5 0 3 0 4 0
9
79
1 7 1
5 4 1 6 0 9 0 5 0 2 0
3 6 0 8 1 5 0
3 2 0 9 0 8 1
2 2 0 8 1
4 9 0 6 0 4 1 5 0
3 9 0 6 0 7 1
5 5 0 4 1 9 0 6 0 2 0
2 5 0 1 1
2 5 0 9 0
3 6 0 5 0 9 0
2 6 0 8 1
2 6 0 3 1
1 7 1
3 7 0 4 0 1 1
2 2 0 7 1
3 5 0 6 0 4 1
4 9 0 2 0 5 0 1 1
1 8 1
3 3 1 5 0 9 0
3 7 1 2 0 9 0
4 5 0 6 0 1 1 2 0
3 6 0 9 0 4 1
3 7 1 6 0 5 0
1 9 0
3 9 0 2 0 4 1
2 9 0 7 1
1 5 0
1 2 0
1 8 1
2 2 0 4 1
3 6 0 3 1 5 0
2 4 1 7 0
4 6 0 5 0 4 1 2 0
1 6 0
1 8 1
3 4 1 6 0 5 0
1 3 1
3 1 1 2 0 6 0
4 9 0 7 1 6 0 5 0
3 3 1 9 0 2 0
2 2 0 8 1
2 2 0 8 1
5 2 0 6 0 4 1 9 0 5 0
3 7 1 5 0 6 0
2 6 0 3 1
1 3 1
3 5 0 1 1 6 0
3 5 0 2 0 3 1
1 4 1
3 1 1 6 0 9 0
1 3 1
3 9 0 2 0 4 1
1 7 1
2 6 0 2 0
1 3 1
2 9 0 7 1
3 5 0 3 1 6 0
4 7 0 8 1 4 0 1 0
3 5 0 6 0 8 1
3 5 0 4 1 6 0
3 6 0 5 0 1 1
5 5 0 6 0 2 0 4 1 9 0
3 5 0 6 0 1 1
5 1 1 2 0 6 0 9 0 5 0
1 8 1
2 8 1 5 0
2 6 0 5 0
5 5 0 2 0 6 0 9 0 4 1
4 6 0 5 0 8 1 9 0
2 2 0 5 0
2 6 0 4 1
3 7 1 6 0 2 0
1 6 0
3 9 0 4 1 6 0
1 3 1
2 4 1 2 0
1 7 1
5 5 0 6 0 9 0 2 0 1 1
8
83
1 4 0
5 7 0 4 0 2 1 1 0 5 0
1 4 0
1 7 0
6 7 0 4 0 5 0 6 0 2 1 3 0
1 2 1
2 2 1 3 0
1 7 0
1 4 0
1 2 1
6 5 0 6 0 4 0 2 1 7 0 3 0
5 3 0 7 0 5 0 2 1 1 0
5 8 1 1 0 6 0 4 0 3 0
1 4 0
6 6 0 4 0 1 0 7 0 5 0 3 0
1 4 0
6 7 0 6 0 8 1 4 0 1 0 3 0
3 3 0 5 0 7 0
4 4 0 6 0 5 0 8 1
1 1 0
3 3 0 8 1 7 0
2 1 0 8 1
1 6 0
5 6 0 4 0 3 0 7 0 1 0
4 7 0 5 0 3 0 4 0
3 7 0 4 0 2 1
6 6 0 2 1 4 0 3 0 1 0 5 0
2 1 0 7 0
2 6 0 2 1
6 5 0 4 0 8 1 3 0 7 0 1 0
3 1 0 4 0 2 1
1 3 0
4 4 0 6 0 5 0 2 1
1 5 0
4 3 0 5 0 4 0 6 0
2 6 0 7 0
2 1 0 3 0
1 2 1
2 1 0 5 0
5 6 0 2 1 5 0 7 0 4 0
5 4 0 2 1 6 0 3 0 5 0
6 8 1 6 0 4 0 5 0 7 0 1 0
1 8 1
3 2 1 1 0 5 0
2 2 1 7 0
4 3 0 7 0 6 0 2 1
5 3 0 7 0 5 0 8 1 4 0
3 3 0 4 0 8 1
2 6 0 3 0
5 5 0 4 0 1 0 7 0 3 0
3 7 0 4 0 5 0
1 3 0
1 3 0
7 6 0 5 0 1 0 3 0 4 0 7 0 2 1
5 3 0 7 0 5 0 4 0 8 1
2 2 1 5 0
7 4 0 5 0 7 0 3 0 6 0 1 0 8 1
4 3 0 7 0 6 0 5 0
5 7 0 3 0 5 0 2 1 1 0
2 4 0 1 0
6 7 0 5 0 4 0 1 0 3 0 8 1
1 3 0
2 3 0 8 1
1 7 0
1 7 0
6 6 0 1 0 4 0 5 0 2 1 7 0
2 2 1 7 0
2 3 0 7 0
1 2 1
4 3 0 6 0 1 0 2 1
3 6 0 8 1 7 0
2 2 1 5 0
6 4 0 3 0 8 1 5 0 6 0 7 0
7 7 0 8 1 3 0 5 0 6 0 4 0 1 0
1 2 1
1 2 1
4 6 0 3 0 1 0 2 1
7 4 0 1 0 2 1 7 0 5 0 3 0 6 0
1 2 1
3 3 0 6 0 4 0
4 7 0 1 0 5 0 8 1
1 6 0
2 4 0 7 0
3
21
2 1 0 2 0
2 1 0 3 1
2 2 0 3 1
1 3 1
2 2 0 1 0
3 1 0 3 1 2 0
1 1 0
2 1 0 3 1
3 3 1 1 0 2 0
1 2 0
1 3 1
3 3 1 2 0 1 0
1 3 1
2 3 1 2 0
1 3 1
1 3 1
2 2 0 3 1
1 2 0
2 2 0 3 1
3 1 0 2 0 3 1
1 1 0
3
51
2 2 0 3 1
2 2 0 1 0
1 1 0
1 1 0
2 2 0 3 1
1 2 0
1 1 0
2 1 0 2 0
3 1 0 3 1 2 0
3 1 0 2 0 3 1
1 2 0
1 1 0
1 3 1
1 3 1
1 1 0
1 1 0
2 1 0 2 0
1 1 0
1 1 0
1 1 0
2 2 0 3 1
1 3 1
2 2 0 3 1
1 1 0
1 2 0
1 1 0
3 2 0 3 1 1 0
2 2 0 3 1
3 2 0 3 1 1 0
1 3 1
1 1 0
3 2 0 3 1 1 0
3 1 0 2 0 3 1
1 3 1
2 1 0 3 1
1 1 0
1 3 1
2 3 1 2 0
3 1 0 2 0 3 1
2 2 0 1 0
2 2 0 1 0
1 2 0
1 3 1
3 2 0 3 1 1 0
1 2 0
2 3 1 2 0
3 3 1 2 0 1 0
1 1 0
2 1 0 3 1
1 1 0
2 3 1 2 0
6
34
5 3 0 2 0 4 1 1 0 5 0
4 5 0 6 0 1 0 3 0
5 5 0 1 0 6 0 4 1 2 0
1 4 1
3 5 0 2 0 4 1
5 5 0 4 1 6 0 2 0 1 0
4 2 0 4 1 3 0 5 0
2 4 1 1 0
2 1 0 2 0
1 1 0
1 3 0
1 2 0
3 4 1 2 0 1 0
1 3 0
3 2 0 5 0 6 0
1 3 0
5 4 1 2 0 3 0 5 0 1 0
1 4 1
1 4 1
1 5 0
1 4 1
4 3 0 1 0 5 0 4 1
1 1 0
2 3 0 2 0
1 6 0
3 4 1 2 0 5 0
1 4 1
1 1 0
1 6 0
3 1 0 2 0 6 0
3 4 1 3 0 6 0
4 1 0 2 0 4 1 3 0
1 4 1
1 3 0
5
14
4 1 0 5 0 2 1 3 0
1 2 0
1 2 0
1 2 0
3 4 0 1 0 2 1
1 2 0
4 3 0 1 0 5 0 2 1
1 2 0
4 1 0 4 0 2 1 5 0
1 2 1
2 3 0 5 0
1 2 1
4 1 0 4 0 3 0 5 0
3 2 1 1 0 4 0
2
2
2 2 0 1 1
2 1 1 2 0
2
2
1 2 0
2 2 1 1 0
9
66
1 5 0
1 5 0
2 8 0 5 0
1 8 0
1 5 0
1 8 0
1 8 0
1 8 0
1 5 0
2 8 0 5 0
2 5 0 8 0
1 5 0
1 5 0
1 8 0
1 8 0
1 5 0
6 6 0 9 0 5 1 2 0 4 0 7 0
1 5 0
1 8 0
1 5 0
1 5 0
1 5 0
2 8 1 9 0
1 4 0
6 1 0 4 0 7 0 3 0 6 0 8 1
1 8 0
2 5 0 8 0
1 8 0
1 5 0
1 8 0
2 8 0 5 0
1 5 0
2 5 0 8 0
1 8 0
2 8 0 5 0
1 8 0
2 5 0 8 0
4 6 0 9 0 3 0 1 0
3 8 1 9 0 4 0
2 5 0 8 0
1 1 0
1 8 0
1 5 0
1 8 0
3 1 0 2 0 3 0
1 8 0
1 5 0
1 8 0
2 5 1 8 0
1 5 0
1 8 0
1 5 0
1 5 0
1 8 0
1 5 0
1 8 0
1 5 0
1 8 1
2 8 0 5 0
1 8 0
2 5 0 8 0
1 8 0
2 5 0 8 0
1 5 0
1 8 0
2 5 0 8 0
3
28
3 2 0 1 1 3 0
1 1 1
2 3 0 2 0
2 1 1 2 0
1 1 1
1 1 1
2 2 0 1 1
3 3 0 1 1 2 0
1 1 1
1 2 0
1 2 0
2 3 0 2 0
3 1 1 2 0 3 0
2 3 0 2 0
2 2 0 1 1
1 1 1
1 1 1
1 2 0
1 3 0
3 1 1 2 0 3 0
2 2 0 3 0
1 3 0
1 1 1
1 1 1
1 2 0
2 2 0 1 1
1 1 1
1 2 0
3
10
2 1 1 2 0
2 1 1 3 0
1 3 0
1 3 0
1 1 1
1 1 1
1 3 0
1 2 0
1 3 0
2 1 1 3 0
10
48
7 10 0 6 0 9 1 4 0 3 0 8 0 2 0
3 4 0 5 1 2 0
2 8 0 2 0
6 1 0 5 1 8 0 3 0 2 0 4 0
2 2 0 6 0
4 1 0 7 1 3 0 4 0
4 10 0 3 0 8 0 5 1
3 2 0 5 1 6 0
4 1 0 2 0 5 1 4 0
1 7 1
3 6 0 2 0 3 0
7 7 1 2 0 3 0 1 0 4 0 10 0 8 0
1 7 1
2 5 1 7 0
3 5 1 2 0 4 0
2 5 1 10 0
2 4 0 6 0
5 4 0 1 0 2 0 6 0 7 1
6 3 0 2 0 10 0 6 0 9 1 1 0
1 5 1
1 10 0
4 8 0 2 0 4 0 9 1
5 1 0 4 0 6 0 3 0 9 1
6 4 0 10 0 9 1 1 0 8 0 2 0
1 8 0
5 3 0 7 1 2 0 6 0 8 0
4 10 0 4 0 2 0 1 0
5 1 0 2 0 3 0 4 0 9 1
5 2 0 3 0 6 0 7 1 10 0
7 2 0 1 0 3 0 8 0 4 0 10 0 9 1
1 3 0
1 9 1
1 4 0
2 7 1 3 0
4 8 0 9 1 1 0 10 0
1 7 1
1 5 1
1 7 1
1 3 0
6 6 0 7 1 1 0 3 0 8 0 4 0
1 2 0
1 5 1
1 2 0
1 2 0
5 6 0 1 0 5 1 3 0 10 0
8 4 0 9 1 10 0 2 0 6 0 8 0 3 0 1 0
4 5 1 10 0 1 0 3 0
6 10 0 4 0 9 1 3 0 8 0 6 0
7
95
2 3 0 7 1
3 1 0 4 0 6 1
3 6 1 1 0 3 0
2 6 1 4 0
1 3 0
1 5 1
1 7 1
3 3 0 7 1 1 0
1 6 1
2 2 1 4 0
1 7 1
3 4 0 2 1 3 0
1 1 0
2 4 0 3 0
2 3 0 1 0
1 3 0
1 3 0
1 4 0
3 4 0 2 1 1 0
2 2 1 4 0
4 3 0 7 1 4 0 1 0
1 5 1
2 7 1 1 0
2 2 1 4 0
3 3 0 4 0 7 1
2 1 0 7 1
1 7 1
1 6 1
2 6 1 3 0
2 7 1 4 0
3 2 1 4 0 1 0
1 3 0
3 7 1 4 0 3 0
1 1 0
1 2 1
3 5 1 1 0 3 0
3 6 1 3 0 4 0
2 2 1 1 0
2 3 0 6 1
4 3 0 1 0 6 1 4 0
1 6 1
3 5 1 1 0 4 0
2 5 1 3 0
1 2 1
3 4 0 1 0 3 0
1 5 1
1 4 0
2 2 1 4 0
1 7 1
2 3 0 7 1
2 1 0 5 1
3 7 1 3 0 1 0
1 6 1
1 7 1
2 2 1 1 0
3 3 0 7 1 4 0
3 1 0 7 1 4 0
2 3 0 5 1
1 2 1
2 1 0 7 1
3 4 0 3 0 1 0
2 3 0 5 1
1 3 0
3 7 0 2 0 5 1
4 2 1 1 0 4 0 3 0
4 1 0 4 0 7 1 3 0
3 3 0 4 0 6 1
1 6 1
1 6 1
3 1 0 3 0 4 0
3 3 0 5 1 1 0
4 4 0 3 0 5 1 1 0
3 3 0 4 0 5 1
2 2 1 4 0
1 3 0
1 3 0
3 3 0 6 1 4 0
1 4 0
2 1 0 6 1
2 1 0 5 1
3 5 1 3 0 4 0
3 3 0 7 1 1 0
1 1 0
1 3 0
1 6 1
2 3 0 5 1
1 6 1
2 6 1 1 0
4 7 1 3 0 1 0 4 0
2 7 1 1 0
2 3 0 7 1
1 2 1
2 5 1 1 0
1 7 1
1 3 0
7
52
1 4 1
3 3 1 7 0 5 0
5 7 0 2 0 5 0 1 0 4 1
3 6 0 2 0 1 0
3 7 0 2 0 3 1
2 7 0 2 0
1 7 0
4 5 0 7 0 6 0 3 1
1 4 1
1 5 0
4 2 0 1 0 5 0 7 0
3 7 0 6 0 3 1
1 4 1
1 4 1
1 4 1
4 6 0 2 0 5 0 1 0
5 6 0 4 1 7 0 1 0 5 0
5 7 0 6 0 3 1 2 0 5 0
2 5 0 3 1
1 6 0
3 1 0 5 0 7 0
2 3 1 2 0
1 2 0
1 1 0
2 7 0 5 0
4 5 0 6 0 1 0 4 1
3 1 0 3 1 6 0
2 7 0 5 0
1 6 0
1 3 1
1 4 1
4 5 0 6 0 7 0 3 1
3 4 1 7 0 6 0
3 6 0 5 0 1 0
6 2 0 1 0 6 0 3 1 5 0 7 0
5 1 0 2 0 4 1 5 0 6 0
4 3 1 1 0 6 0 5 0
2 1 0 2 0
1 1 0
1 3 1
3 5 0 4 1 6 0
5 2 0 5 0 6 0 1 0 4 1
3 1 0 7 0 5 0
1 4 1
4 1 0 4 1 2 0 6 0
1 2 0
3 5 0 6 0 4 1
6 5 0 7 0 2 0 6 0 1 0 3 1
2 7 0 3 1
4 5 0 4 1 6 0 2 0
2 6 0 3 1
2 7 0 2 0
7
21
2 2 0 4 0
3 2 0 4 0 3 0
3 1 1 5 0 7 0
5 5 0 1 1 2 0 4 0 7 0
1 2 0
4 2 0 7 0 1 1 5 0
1 1 1
5 4 0 3 0 1 1 2 0 7 0
5 6 0 4 0 2 0 3 0 7 0
3 7 0 6 0 4 0
1 1 1
3 2 0 4 0 3 0
2 1 1 5 0
2 4 0 3 0
6 5 0 2 0 1 1 6 0 3 0 4 0
4 3 0 2 0 7 0 5 0
5 3 0 5 0 7 0 6 0 1 1
2 5 0 4 0
1 4 0
3 6 0 3 0 2 0
1 7 0
4
100
1 3 0
3 4 0 2 0 1 1
4 1 1 4 0 2 0 3 0
4 4 0 1 1 3 0 2 0
2 3 0 4 0
2 2 0 4 0
2 4 0 3 0
3 1 1 3 0 2 0
4 4 0 1 1 2 0 3 0
1 3 0
1 2 0
1 3 0
3 2 0 1 1 4 0
2 3 0 2 0
2 1 1 4 0
1 3 0
2 4 0 1 1
1 1 1
4 2 0 1 1 3 0 4 0
1 2 0
2 1 1 2 0
2 4 0 1 1
1 1 1
2 2 0 4 0
4 2 0 4 0 3 0 1 1
4 1 1 4 0 2 0 3 0
2 4 0 2 0
1 4 0
1 4 0
3 1 1 3 0 2 0
2 3 0 2 0
1 3 0
2 4 0 3 0
2 3 0 4 0
1 3 0
4 2 0 1 1 3 0 4 0
1 1 1
3 2 0 4 0 1 1
1 3 0
1 3 0
1 4 0
1 2 0
2 2 0 1 1
1 2 0
2 3 0 4 0
2 3 0 2 0
1 3 0
3 2 0 4 0 3 0
2 3 0 4 0
2 2 0 4 0
1 1 1
2 1 1 2 0
1 4 0
4 4 0 3 0 2 0 1 1
4 2 0 1 1 3 0 4 0
3 2 0 4 0 3 0
1 2 0
3 1 1 2 0 4 0
1 3 0
3 2 0 1 1 4 0
1 4 0
3 1 1 2 0 3 0
1 4 0
1 4 0
3 4 0 1 1 2 0
2 4 0 2 0
1 1 1
4 2 0 4 0 1 1 3 0
3 3 0 2 0 1 1
1 1 1
1 3 0
4 3 0 2 0 4 0 1 1
1 2 0
4 4 0 2 0 3 0 1 1
2 3 0 1 1
3 3 0 2 0 1 1
1 2 0
1 2 0
4 3 0 2 0 4 0 1 1
1 1 1
1 3 0
2 4 0 2 0
1 4 0
1 2 0
1 1 1
3 3 0 2 0 1 1
1 2 0
3 3 0 1 1 2 0
2 4 0 3 0
2 3 0 2 0
1 4 0
3 3 0 4 0 1 1
3 2 0 3 0 4 0
2 2 0 4 0
3 2 0 3 0 1 1
3 4 0 1 1 3 0
1 3 0
1 1 1
2 2 0 4 0
1 4 0
2
2
1 1 0
1 2 0
2
2
2 1 1 2 0
1 2 0
9
84
1 8 1
1 8 1
1 5 1
3 8 1 6 0 1 0
2 6 0 2 1
1 7 1
2 6 0 9 1
1 4 1
1 8 1
1 5 1
1 3 1
1 8 1
1 7 1
1 5 1
3 7 1 1 0 6 0
1 8 1
3 8 1 1 0 6 0
2 1 0 5 1
2 6 0 3 1
2 5 1 6 0
1 4 1
2 3 1 1 0
1 9 1
2 6 0 8 1
2 9 1 6 0
3 1 0 6 0 2 1
2 1 0 3 1
1 7 1
2 8 1 6 0
2 6 0 2 1
2 7 1 6 0
3 6 0 1 0 5 1
1 3 1
2 7 1 6 0
2 4 1 1 0
1 3 1
1 1 0
1 6 0
1 6 0
2 4 0 5 1
3 1 0 9 1 6 0
1 7 1
1 8 1
2 2 1 1 0
1 5 1
2 7 1 6 0
1 9 1
1 7 1
1 8 1
1 4 1
1 5 1
1 5 1
1 2 1
1 3 1
1 2 1
1 2 1
3 6 0 4 1 1 0
1 5 1
3 4 1 1 0 6 0
1 9 1
2 1 0 5 1
1 4 1
1 6 0
1 4 1
2 6 0 1 0
3 5 1 1 0 6 0
1 5 1
1 2 1
2 4 1 6 0
2 5 1 6 0
2 6 0 9 1
2 4 1 1 0
1 2 1
2 3 1 1 0
1 6 0
3 6 0 1 0 9 1
2 1 0 4 1
1 4 1
1 3 1
1 8 1
1 4 1
3 1 0 6 0 3 1
3 6 0 1 0 7 1
1 9 1
4
16
2 3 0 4 0
1 2 1
1 2 1
2 4 0 3 0
1 4 0
2 4 0 3 0
2 1 0 3 0
1 2 1
3 3 0 1 0 2 1
1 2 1
1 3 0
1 1 0
4 3 0 2 1 1 0 4 0
3 2 1 4 0 3 0
4 4 0 1 0 3 0 2 1
1 1 0
5
3
1 2 0
1 3 1
2 3 0 5 0
8
35
2 6 0 8 1
1 5 1
2 7 0 4 1
2 8 1 1 0
3 8 1 1 0 7 0
2 8 1 1 0
2 4 1 7 0
2 7 0 6 1
1 2 1
3 4 1 6 0 8 0
1 4 1
1 3 1
1 6 1
3 7 0 3 1 1 0
2 7 0 3 1
2 5 1 6 0
2 6 1 1 0
1 2 1
1 4 1
1 7 0
2 7 0 3 1
2 1 0 4 1
2 7 0 3 1
1 1 0
2 6 1 1 0
1 2 1
1 7 0
1 6 1
5 3 1 4 0 8 0 5 0 2 0
1 5 1
1 7 0
3 7 0 1 0 5 1
1 3 1
1 1 0
3 7 0 1 0 4 1
9
51
2 8 0 4 1
3 8 0 2 1 7 0
1 6 1
1 5 1
3 3 1 8 0 7 0
2 7 0 3 1
1 4 1
1 3 1
1 1 1
1 2 1
2 2 1 7 0
1 8 0
3 2 1 8 0 7 0
1 4 1
6 6 0 4 0 2 0 9 1 3 0 1 0
2 7 0 9 1
3 8 0 1 1 7 0
2 7 0 3 1
1 9 1
3 7 0 8 0 5 1
3 9 1 8 0 7 0
1 5 1
2 9 1 8 0
2 9 1 7 0
2 6 1 4 0
1 3 1
1 2 1
1 6 1
2 9 1 8 0
1 6 1
3 8 0 7 0 5 1
2 4 1 7 0
1 4 1
1 1 1
1 1 1
1 8 0
1 2 1
1 3 1
1 8 0
2 4 1 8 0
1 9 1
2 7 0 1 1
1 5 1
2 7 0 2 1
1 2 1
1 3 1
1 4 1
3 8 0 7 0 5 1
2 4 1 8 0
1 5 1
3 5 1 9 0 3 0
1
2
1 1 1
1 1 0
4
37
2 4 0 2 1
1 4 0
1 2 1
1 3 0
1 2 1
1 2 1
3 2 1 4 0 3 0
2 3 0 2 1
1 4 0
1 1 1
1 2 1
2 3 0 1 1
3 4 0 3 0 1 1
3 1 1 3 0 4 0
1 4 0
2 3 0 2 1
1 2 1
2 2 1 4 0
1 4 0
3 2 1 3 0 4 0
1 4 0
1 3 0
1 4 0
1 3 0
1 2 1
1 3 0
3 1 1 4 0 3 0
1 2 1
3 4 0 2 1 3 0
1 4 0
3 4 0 3 0 1 1
1 4 0
3 4 0 2 1 3 0
3 1 1 4 0 3 0
2 3 0 4 0
1 2 1
3 3 0 1 1 4 0
7
94
3 1 1 3 0 2 0
1 1 1
1 6 1
2 1 1 2 0
1 2 0
4 7 0 2 0 3 0 6 1
2 7 0 4 1
2 3 0 5 1
3 3 0 6 1 2 0
1 4 1
1 2 0
1 4 1
2 7 0 3 0
2 6 1 2 0
2 3 0 1 1
3 1 1 2 0 7 0
1 2 0
2 3 0 5 1
2 7 0 3 0
1 1 1
3 7 0 2 0 5 1
1 6 1
3 3 0 2 0 4 1
1 6 1
3 6 1 2 0 3 0
1 3 0
1 5 1
2 7 0 5 1
3 2 0 4 1 3 0
2 2 0 6 1
1 1 1
1 6 1
2 7 0 3 0
3 6 1 3 0 2 0
2 6 1 7 0
2 4 1 2 0
1 1 1
3 2 0 7 0 5 1
1 6 1
1 3 0
1 5 1
1 4 1
3 4 1 3 0 7 0
2 6 1 2 0
1 6 1
1 5 1
1 3 0
2 7 0 1 1
4 7 0 1 1 2 0 3 0
2 6 1 7 0
1 7 0
2 5 1 2 0
1 1 1
4 3 0 2 0 4 1 7 0
1 2 0
1 2 0
1 2 0
1 4 1
2 5 1 7 0
2 2 0 7 0
2 6 1 7 0
2 5 1 3 0
2 7 0 1 1
1 6 1
1 6 1
1 2 0
4 7 0 2 0 3 0 6 1
2 7 0 5 1
1 7 0
1 6 1
2 2 0 6 1
2 5 0 4 1
2 7 0 3 0
4 2 0 7 0 3 0 4 1
4 3 0 2 0 7 0 1 1
3 1 1 7 0 3 0
1 6 1
1 4 1
2 2 0 6 1
3 6 1 7 0 2 0
4 1 1 2 0 3 0 7 0
2 4 1 2 0
4 7 0 3 0 2 0 4 1
1 7 0
2 7 0 4 1
1 6 1
2 7 0 4 1
2 2 0 6 1
1 2 0
3 6 1 2 0 7 0
1 4 1
1 7 0
1 7 0
1 1 1
2
2
2 1 0 2 0
2 2 0 1 0
6
77
3 3 0 1 0 5 0
6 1 0 5 0 2 0 6 1 3 0 4 0
3 2 0 6 1 5 0
5 4 0 2 0 3 0 1 0 5 0
3 2 0 6 1 3 0
2 2 0 1 0
1 4 0
1 6 1
1 5 0
1 2 0
1 6 1
5 1 0 5 0 6 1 2 0 3 0
3 2 0 5 0 4 0
2 1 0 3 0
6 5 0 1 0 6 1 3 0 2 0 4 0
6 2 0 5 0 3 0 6 1 1 0 4 0
3 3 0 1 0 5 0
2 5 0 6 1
2 6 1 1 0
3 3 0 6 1 5 0
1 3 0
5 1 0 2 0 3 0 4 0 6 1
3 1 0 3 0 6 1
3 2 0 1 0 3 0
1 5 0
4 5 0 1 0 2 0 3 0
4 3 0 2 0 4 0 6 1
1 3 0
1 2 0
1 2 0
2 5 0 3 0
5 1 0 5 0 4 0 2 0 3 0
2 1 0 4 0
1 4 0
2 6 1 1 0
1 2 0
2 4 0 6 1
2 2 0 1 0
2 4 0 6 1
3 4 0 3 0 6 1
1 6 1
3 2 0 6 1 4 0
3 5 0 2 0 4 0
2 5 0 4 0
6 5 0 6 1 4 0 1 0 3 0 2 0
2 5 0 3 0
1 2 0
4 1 0 3 0 4 0 2 0
1 5 0
2 2 0 4 0
1 5 0
6 2 0 6 1 1 0 4 0 5 0 3 0
6 3 0 6 1 5 0 4 0 1 0 2 0
3 2 0 3 0 5 0
1 6 1
2 3 0 4 0
2 5 0 3 0
4 1 0 6 1 5 0 4 0
3 2 0 6 1 5 0
2 2 0 5 0
5 5 0 4 0 1 0 2 0 6 1
3 1 0 6 1 4 0
5 2 0 5 0 1 0 4 0 3 0
3 2 0 1 0 5 0
2 3 0 1 0
3 1 0 3 0 4 0
5 6 1 3 0 2 0 5 0 4 0
6 5 0 3 0 1 0 6 1 2 0 4 0
1 3 0
3 1 0 6 1 5 0
1 2 0
2 5 0 3 0
4 6 1 2 0 1 0 4 0
4 6 1 2 0 1 0 5 0
6 1 0 6 1 4 0 5 0 2 0 3 0
1 4 0
3 6 1 2 0 3 0
2
2
2 2 0 1 1
2 2 0 1 0
3
16
1 2 0
2 2 0 1 1
2 2 0 3 0
1 1 1
2 2 0 1 1
1 3 0
2 1 1 2 0
2 3 0 1 1
1 3 0
1 3 0
1 2 0
1 1 1
1 3 0
2 1 1 3 0
3 2 0 1 1 3 0
1 1 1
5
13
1 3 0
2 2 1 4 0
3 4 0 3 0 5 0
2 2 1 1 0
1 2 0
1 2 1
2 5 0 3 0
1 2 1
1 2 0
1 2 1
3 5 0 2 1 3 0
5 1 0 4 0 3 0 2 1 5 0
1 4 0
5
18
2 3 1 4 0
1 2 1
1 3 1
2 1 0 2 1
1 5 1
1 3 1
3 1 0 4 0 3 1
2 4 0 5 1
1 2 1
1 3 1
2 1 0 5 1
2 5 1 1 0
2 1 0 3 1
2 4 0 2 1
1 3 1
1 4 0
1 1 0
1 5 1
4
29
2 4 1 1 0
1 3 0
4 3 0 2 0 4 1 1 0
2 2 0 1 0
1 4 1
3 3 0 1 0 2 0
1 4 1
1 1 0
2 2 0 4 1
4 1 0 2 0 4 1 3 0
3 1 0 4 1 2 0
3 3 0 4 1 1 0
1 3 0
2 4 1 2 0
4 3 0 2 0 4 1 1 0
1 4 1
2 4 1 1 0
4 3 0 1 0 2 0 4 1
2 1 0 2 0
1 2 0
1 4 1
3 2 0 1 0 3 0
1 4 1
1 2 0
1 2 0
1 2 0
1 4 1
2 2 0 1 0
1 4 1
4
7
2 3 0 4 1
1 4 1
2 3 0 4 1
3 2 1 1 0 3 0
1 4 1
1 4 1
1 2 1
7
26
1 1 1
2 2 1 7 0
3 5 0 3 1 7 0
3 2 0 4 0 1 0
2 6 0 4 1
1 6 1
3 2 0 4 0 6 0
1 5 0
5 2 1 6 0 3 0 1 0 4 0
1 1 1
3 5 0 1 1 7 0
1 6 1
3 4 0 2 0 6 0
1 6 1
1 3 1
1 3 1
3 6 1 5 0 7 0
2 2 0 4 0
3 5 0 6 1 7 0
1 6 1
1 7 0
5 2 0 6 0 1 0 3 0 4 0
1 1 0
1 4 1
1 4 0
3 3 1 7 0 5 0
9
25
6 2 0 5 0 6 1 1 0 7 0 8 0
4 5 0 2 0 4 1 7 0
2 3 1 2 0
3 8 0 4 1 2 0
4 3 1 7 0 1 0 5 0
6 8 0 5 0 1 0 7 0 2 0 4 1
3 5 0 3 1 1 0
4 7 0 3 1 2 0 1 0
2 4 1 1 0
3 3 1 7 0 5 0
1 6 1
1 9 1
2 7 0 6 1
2 5 0 9 1
1 8 0
1 4 1
2 8 0 9 1
2 8 0 4 1
4 7 0 9 1 1 0 2 0
2 4 1 2 0
1 4 1
3 8 0 3 1 5 0
5 1 0 9 1 7 0 8 0 2 0
2 3 1 9 0
5 8 0 9 1 1 0 2 0 5 0
2
2
1 2 0
2 2 0 1 0
2
2
2 2 1 1 0
1 1 0
2
2
2 2 0 1 1
1 1 1
10
100
1 4 0
1 5 0
1 6 0
1 6 0
1 4 0
1 7 0
1 8 0
1 6 0
1 2 1
1 5 0
1 6 0
1 8 0
1 10 0
1 2 1
1 8 0
1 7 0
1 9 0
1 10 0
1 8 0
1 1 0
1 2 1
1 10 0
1 9 0
1 3 0
1 3 0
1 5 0
1 10 0
1 2 1
1 5 0
1 8 0
1 7 0
1 8 0
1 9 0
1 10 0
1 2 1
1 4 0
1 3 0
1 6 0
1 4 0
1 3 0
1 2 1
1 1 0
1 4 0
1 5 0
1 7 0
1 2 1
1 5 0
1 2 1
1 5 0
1 5 0
1 7 0
1 3 0
1 1 0
1 8 0
1 6 0
1 1 0
1 9 0
1 3 0
1 4 0
1 2 1
1 5 0
1 10 0
1 10 0
1 3 0
1 2 1
1 9 0
1 10 0
1 3 0
1 10 0
1 7 0
1 5 0
1 1 0
1 2 1
1 5 0
1 10 0
1 2 1
1 10 0
1 2 1
1 2 1
1 4 0
1 8 0
1 1 0
1 10 0
1 7 0
1 3 0
1 9 0
1 6 0
1 4 0
1 7 0
1 2 1
1 9 0
1 4 0
1 9 0
1 5 0
1 9 0
1 1 0
1 2 1
1 9 0
1 2 1
1 10 0
7
67
2 6 1 3 0
1 5 0
2 7 1 5 0
3 4 0 7 1 2 0
1 6 1
3 1 1 3 0 5 0
4 5 0 3 0 1 1 4 0
1 7 1
5 3 0 2 0 5 0 4 0 1 1
2 1 1 3 0
3 5 0 1 1 4 0
1 6 1
3 5 0 2 0 1 1
1 4 0
3 3 0 5 0 6 1
2 7 1 2 0
1 3 0
3 5 0 6 1 4 0
2 5 0 7 1
1 6 1
5 5 0 4 0 2 0 6 1 3 0
1 6 1
5 3 0 5 0 2 0 4 0 1 1
2 7 1 3 0
1 1 1
3 5 0 2 0 7 1
4 1 1 2 0 3 0 5 0
1 3 0
2 5 0 7 1
5 4 0 2 0 6 1 3 0 5 0
2 3 0 2 0
5 6 1 5 0 3 0 2 0 4 0
2 1 1 5 0
2 2 0 3 0
2 3 0 5 0
1 2 0
2 4 0 6 1
4 3 0 7 1 5 0 2 0
1 2 0
1 6 1
5 5 0 4 0 2 0 3 0 6 1
4 3 0 2 0 5 0 7 1
3 3 0 4 0 7 1
2 6 1 4 0
4 3 0 7 1 4 0 2 0
2 5 0 4 0
4 6 1 2 0 4 0 3 0
5 5 0 3 0 2 0 4 0 7 1
4 3 0 7 1 5 0 2 0
2 2 0 6 1
4 5 0 1 1 3 0 4 0
1 1 1
2 7 1 5 0
3 4 0 2 0 6 1
1 1 1
1 6 1
1 1 1
3 2 0 5 0 4 0
1 3 0
5 6 1 5 0 3 0 2 0 4 0
1 3 0
1 3 0
3 5 0 4 0 6 1
2 1 1 2 0
2 3 0 6 1
2 6 0 7 1
5 3 0 6 1 2 0 4 0 5 0
2
2
1 1 1
2 1 1 2 0
3
12
2 1 0 3 1
1 3 1
1 2 0
1 2 0
3 1 0 2 0 3 1
1 1 0
2 1 0 2 0
2 1 0 3 1
2 1 0 2 0
1 2 0
1 1 0
3 3 1 2 0 1 0
8
50
2 5 0 4 0
3 3 0 7 0 1 0
1 2 1
5 5 0 2 1 8 0 7 0 3 0
6 3 0 6 0 5 0 7 0 8 0 1 0
1 7 0
1 1 0
2 5 0 4 0
3 4 0 5 0 6 0
8 2 1 6 0 5 0 3 0 7 0 4 0 8 0 1 0
1 1 0
4 6 0 1 0 5 0 7 0
4 7 0 6 0 3 0 4 0
2 4 0 8 0
1 1 0
3 7 0 6 0 5 0
1 2 1
1 1 0
1 3 0
6 6 0 5 0 8 0 4 0 7 0 3 0
8 3 0 6 0 8 0 5 0 1 0 7 0 4 0 2 1
1 2 1
2 3 0 4 0
5 2 1 1 0 4 0 6 0 8 0
4 4 0 3 0 1 0 5 0
6 3 0 2 1 5 0 8 0 1 0 6 0
2 4 0 3 0
5 8 0 5 0 1 0 6 0 4 0
4 7 0 1 0 2 1 4 0
4 5 0 8 0 7 0 4 0
2 4 0 5 0
2 5 0 6 0
2 4 0 3 0
6 6 0 5 0 8 0 3 0 4 0 2 1
5 2 1 5 0 7 0 6 0 4 0
6 2 1 6 0 8 0 1 0 4 0 5 0
5 1 0 6 0 2 1 7 0 3 0
7 1 0 7 0 8 0 3 0 2 1 5 0 6 0
2 6 0 7 0
3 3 0 6 0 7 0
3 4 0 2 1 7 0
1 4 0
6 5 0 7 0 6 0 2 1 1 0 8 0
2 6 0 1 0
5 7 0 3 0 8 0 4 0 2 1
7 6 0 5 0 2 1 7 0 3 0 8 0 4 0
4 2 1 8 0 5 0 1 0
1 6 0
3 5 0 7 0 8 0
2 8 0 5 0
1
3
1 1 0
1 1 0
1 1 0
2
2
1 2 1
1 1 1
5
6
5 2 0 3 0 5 0 4 0 1 1
5 4 1 5 0 1 0 2 0 3 0
5 5 0 1 1 3 0 4 0 2 0
5 5 1 4 0 2 0 3 0 1 0
5 1 0 3 1 4 0 5 0 2 0
5 3 1 2 0 4 0 5 0 1 0
4
14
1 3 0
1 2 0
3 2 0 1 1 3 0
2 1 1 4 0
1 1 0
1 2 0
1 1 1
1 3 0
4 4 0 3 0 2 0 1 1
3 1 1 2 0 3 0
2 3 0 2 0
3 3 0 2 0 1 1
2 3 0 1 1
3 3 0 4 0 2 0
2
2
2 2 1 1 0
2 2 0 1 1
6
4
1 2 1
2 1 0 2 1
1 2 0
1 2 0
10
27
4 7 1 3 0 9 0 5 0
6 9 0 7 1 5 0 10 0 3 0 6 0
3 10 0 3 0 1 0
2 4 1 3 0
4 7 1 3 0 1 0 8 0
7 6 0 8 0 5 0 4 1 10 0 9 0 2 0
3 3 0 4 1 8 0
1 7 1
4 1 0 5 0 4 1 9 0
3 3 0 6 0 4 1
6 8 0 2 0 3 0 10 0 4 1 6 0
1 9 0
8 6 0 4 1 9 0 1 0 2 0 3 0 10 0 8 0
1 4 1
7 4 1 3 0 6 0 5 0 9 0 8 0 1 0
3 1 0 6 0 7 1
2 4 1 8 0
3 4 1 10 0 5 0
8 2 0 6 0 8 0 5 0 4 1 9 0 10 0 1 0
2 3 0 9 0
3 8 0 2 0 6 0
4 8 0 6 0 5 0 4 1
1 1 0
1 4 1
2 6 0 8 0
6 6 0 4 1 8 0 9 0 5 0 1 0
7 3 0 9 0 1 0 6 0 4 1 8 0 10 0
6
46
5 2 1 3 0 4 0 6 0 5 0
1 6 0
1 3 0
1 6 0
4 4 0 3 0 1 1 6 0
3 5 0 3 0 1 1
1 2 1
3 3 0 4 0 6 0
1 5 0
1 2 1
1 1 1
1 2 1
3 4 0 6 0 2 1
3 2 1 3 0 4 0
1 1 1
2 5 0 2 1
1 5 0
3 4 0 1 1 3 0
1 2 1
2 3 0 5 0
3 1 1 4 0 5 0
1 4 0
2 2 1 3 0
1 3 0
1 2 1
3 2 1 3 0 4 0
5 6 0 1 1 4 0 3 0 5 0
2 2 1 3 0
1 1 1
4 6 0 2 1 5 0 3 0
2 2 1 4 0
1 5 0
3 2 1 4 0 3 0
2 4 0 1 1
4 6 0 3 0 1 1 5 0
1 4 0
3 6 0 5 0 1 1
1 5 0
2 6 0 5 0
2 2 1 5 0
4 6 0 2 1 4 0 5 0
2 2 1 5 0
4 3 0 4 0 6 0 2 1
4 4 0 1 1 6 0 3 0
2 3 0 1 1
1 6 0
