100
6 2 8
14 1 13
1 5 2
1 13 11
10 2 14
1 16 12
5 4 16
2 1 2
1 12 10
1 1 1
1 11 7
2 2 3
5 4 14
4 5 14
20 1 17
2 9 12
4 3 2
1 16 15
4 2 7
18 1 15
3 6 4
2 6 7
2 10 15
1 3 1
1 16 3
1 2 1
3 2 4
3 5 8
2 5 8
17 1 1
20 1 5
3 3 5
15 1 4
4 4 14
4 5 10
7 2 9
2 2 3
1 19 4
1 6 5
1 4 3
4 4 12
9 1 1
18 1 8
19 1 1
15 1 7
1 20 9
14 1 7
5 1 5
4 2 8
11 1 9
7 2 9
4 5 2
15 1 5
1 5 5
3 3 9
4 3 10
1 10 10
10 2 5
6 3 14
12 1 7
1 13 5
3 4 1
7 2 14
1 8 7
3 4 7
13 1 12
8 1 7
4 2 7
1 20 12
4 5 4
5 4 18
4 4 10
1 14 1
9 1 8
1 7 5
1 18 17
2 7 14
19 1 17
4 4 10
8 1 7
11 1 5
5 3 9
1 7 3
1 9 3
1 8 4
10 2 9
9 1 4
15 1 1
20 1 8
3 1 2
2 9 5
3 3 5
4 3 1
1 9 9
1 17 1
12 1 3
1 15 11
4 4 5
18 1 17
1 9 1
