100
2 1
1 2
3 1
2 3
3 2
1 2
1 3
4 4
1 2
3 1
4 3
4 2
5 7
3 2
2 4
1 3
5 3
4 1
3 4
4 5
5 6
2 3
3 4
4 5
5 2
2 4
3 5
6 12
1 2
2 3
3 4
4 5
5 6
6 1
1 3
3 5
5 1
2 4
4 6
6 2
6 9
1 2
2 3
3 4
4 5
5 6
6 1
1 4
2 5
3 6
1 0
4 0
8 0
20 0
97 0
100 0
10 14
3 10
1 6
6 2
10 8
9 6
1 2
2 4
5 8
7 2
3 1
9 7
3 7
7 1
3 2
16 11
14 7
8 3
7 11
7 5
1 15
9 12
5 10
12 7
2 9
15 12
15 7
98 15
82 48
86 77
5 64
42 12
5 67
73 12
13 56
46 25
98 63
8 63
42 11
28 34
24 91
30 89
8 77
100 16
96 52
26 66
71 45
23 88
3 79
70 26
23 17
88 30
46 47
51 36
74 43
73 40
49 3
80 16
35 91
7 39
3 3
1 2
1 3
2 3
9 36
3 7
6 8
6 9
7 9
1 7
1 5
5 8
2 3
3 6
1 8
4 5
4 7
4 8
4 9
1 2
2 8
3 4
1 4
5 9
2 5
3 9
1 9
3 8
2 7
3 5
5 7
1 6
5 6
6 7
7 8
4 6
8 9
1 3
2 4
2 9
2 6
14 91
4 8
6 14
3 12
7 9
3 4
1 11
5 7
1 13
2 11
10 14
4 13
3 7
3 6
7 11
3 14
3 13
7 12
2 8
7 13
1 5
1 8
5 11
5 8
6 13
6 9
10 11
2 3
9 11
12 14
9 14
7 14
6 10
4 5
1 2
5 6
8 9
5 9
8 12
6 8
6 11
6 7
12 13
8 14
11 13
1 12
1 9
4 9
8 13
2 14
7 10
13 14
1 7
1 10
2 6
10 13
10 12
8 11
4 6
9 10
4 10
4 12
2 10
2 5
2 9
3 9
3 5
3 8
2 4
5 13
1 4
5 12
11 14
9 12
5 10
1 14
9 13
5 14
3 11
2 13
2 12
2 7
4 14
4 11
3 10
6 12
7 8
1 3
1 6
8 10
4 7
11 12
15 100
2 5
7 15
9 14
4 6
4 11
8 13
1 8
3 9
10 11
1 6
1 7
4 8
11 14
5 14
5 11
7 13
12 14
1 2
2 6
2 10
2 14
2 3
1 13
3 12
2 7
8 9
6 12
2 8
1 4
3 8
3 11
3 13
1 11
4 14
5 13
4 15
7 9
1 15
5 9
8 10
6 14
8 14
6 15
6 10
6 13
4 7
5 6
3 5
9 12
3 14
11 13
5 8
9 10
7 12
3 10
9 11
2 13
7 11
5 10
2 12
5 15
6 11
13 15
3 6
8 12
2 11
4 5
10 15
11 15
1 12
1 9
2 4
2 9
5 12
8 11
7 8
10 14
9 15
8 15
6 7
10 13
14 15
12 15
1 14
13 14
6 8
7 10
6 9
1 5
3 4
2 15
3 15
4 9
4 10
11 12
9 13
10 12
5 7
4 13
4 12
18 100
18 17
4 1
17 2
15 7
17 9
17 1
11 14
12 3
13 4
16 11
11 8
17 5
9 12
10 17
10 11
5 8
7 6
9 7
2 16
4 10
13 7
10 12
1 14
9 2
11 18
16 15
18 5
14 3
14 2
1 8
18 9
1 13
8 18
8 12
8 13
17 12
3 11
16 18
15 17
15 13
1 2
13 9
2 6
17 14
4 15
12 4
8 16
14 6
3 13
7 11
14 9
5 16
2 4
4 9
17 8
13 17
6 16
17 16
3 9
15 1
9 6
13 14
10 15
9 16
13 16
3 8
6 18
3 4
11 9
12 7
13 2
10 14
12 1
3 10
8 6
15 12
10 1
5 1
8 10
17 7
5 9
14 4
5 14
12 5
10 5
13 6
13 10
18 1
3 18
11 15
5 15
2 18
6 11
4 16
3 16
18 15
2 8
17 6
12 11
10 2
45 100
13 43
44 41
31 30
20 15
40 38
40 30
2 15
17 34
7 37
15 10
2 41
35 5
45 6
14 1
11 38
39 25
28 9
4 22
8 39
28 14
26 33
23 43
25 11
24 27
33 43
30 18
44 5
8 40
15 14
34 9
35 20
12 17
11 10
23 26
29 24
6 44
42 33
7 19
33 31
4 45
10 5
41 18
26 21
31 3
22 44
16 23
38 32
17 24
20 11
1 27
14 24
19 25
2 37
19 16
2 27
23 10
29 18
1 2
4 38
43 35
3 44
7 38
42 40
36 35
25 3
1 9
29 6
20 43
27 9
1 3
21 36
38 34
26 35
7 43
7 1
4 27
29 39
41 42
28 4
38 17
15 39
5 24
9 33
33 37
6 16
30 34
28 41
28 31
40 10
18 37
44 38
22 14
35 37
19 21
26 16
15 23
33 39
36 28
7 45
18 33
97 100
26 61
64 77
80 85
11 39
76 65
88 41
81 27
19 55
40 86
23 57
34 35
65 27
14 94
43 49
88 7
49 95
32 65
95 61
54 63
90 6
77 51
48 66
60 80
29 52
63 69
95 28
72 50
17 84
39 96
5 36
41 16
4 70
55 6
59 69
25 92
24 68
89 85
54 6
59 94
91 77
88 34
28 67
63 68
13 77
52 95
82 91
80 2
94 87
51 17
94 17
3 90
3 15
63 11
27 94
41 50
23 63
48 74
54 41
23 17
81 30
32 37
8 87
59 91
69 14
74 58
92 89
53 52
16 7
11 10
36 92
91 2
13 96
30 97
39 16
11 93
61 21
77 17
3 89
59 3
76 60
37 96
42 96
66 30
44 28
28 92
39 45
74 22
90 76
14 48
2 4
83 6
97 66
1 82
12 93
40 80
57 67
89 9
20 81
21 19
58 43
100 100
10 65
11 50
97 36
45 92
44 1
74 96
5 55
62 23
45 53
97 19
44 43
62 5
36 82
65 98
44 8
83 78
84 19
97 87
55 62
21 19
18 69
51 12
27 38
25 46
67 80
87 46
48 20
45 73
41 9
2 31
88 97
77 80
70 68
94 9
67 66
66 96
30 71
41 51
63 5
5 4
80 25
92 91
74 4
79 47
68 86
74 13
82 83
83 25
75 25
25 88
22 31
2 86
97 100
63 57
90 71
87 53
47 80
18 35
98 88
83 27
63 16
90 12
35 93
76 98
46 26
28 37
75 50
58 87
60 95
45 91
9 53
30 70
28 41
37 76
27 58
38 57
7 14
60 57
14 41
17 65
74 33
83 89
43 32
47 18
64 93
9 46
76 9
90 91
17 57
89 39
36 80
46 41
79 76
72 23
19 40
98 10
46 79
48 53
29 73
97 8
10 45
5 2
4 3
7 9
3 9
4 5
5 10
8 6
10 7
5 3
1 10
1 3
10 2
6 2
9 10
4 1
3 10
6 1
5 6
8 4
7 3
2 8
7 1
4 10
1 5
3 8
7 2
7 4
6 10
9 6
7 6
5 8
1 2
5 7
1 9
8 1
3 6
9 8
5 9
2 4
9 2
3 2
6 4
7 8
10 8
4 9
97 96
79 22
69 79
83 79
79 62
32 79
79 73
9 79
27 79
79 54
5 79
79 47
79 20
90 79
86 79
51 79
25 79
79 11
79 21
79 30
63 79
84 79
31 79
59 79
79 80
79 24
7 79
72 79
88 79
29 79
79 8
79 10
18 79
23 79
78 79
79 42
60 79
79 58
95 79
79 55
79 15
79 48
12 79
97 79
16 79
79 17
79 26
79 35
1 79
79 19
57 79
49 79
79 64
79 43
79 44
79 56
79 82
14 79
79 87
77 79
79 34
93 79
53 79
79 85
81 79
38 79
94 79
52 79
65 79
66 79
79 13
40 79
79 37
79 76
79 70
79 6
79 89
79 67
79 2
75 79
41 79
79 92
79 45
71 79
79 74
79 68
61 79
3 79
79 46
96 79
50 79
79 28
79 33
79 4
79 36
79 91
79 39
48 92
29 10
9 29
41 29
39 29
1 10
3 29
1 36
32 1
34 1
29 42
27 1
1 20
2 29
1 5
1 7
29 33
16 29
22 29
29 40
29 7
1 16
18 1
1 4
38 29
25 29
29 48
36 29
29 8
1 30
19 1
1 3
29 27
29 47
17 29
1 17
14 1
1 42
29 6
1 43
1 22
14 29
1 41
13 29
45 1
46 1
40 1
35 1
15 1
1 28
1 2
11 29
21 29
38 1
1 33
29 23
1 11
29 45
1 6
1 9
29 46
29 12
26 29
1 44
47 1
1 25
29 35
13 1
29 44
39 1
30 29
24 1
15 29
8 1
48 1
29 32
37 29
19 29
29 4
20 29
29 28
1 31
29 18
29 24
1 12
43 29
23 1
1 21
31 29
1 26
1 37
34 29
29 5
33 90
10 8
8 23
16 8
11 3
3 8
8 1
8 31
33 29
25 33
33 14
26 33
11 5
15 8
11 19
33 20
2 8
32 11
8 26
33 12
33 7
8 24
8 21
12 8
8 20
22 11
11 9
28 11
33 30
2 33
11 27
23 11
32 33
9 8
18 8
29 8
33 5
29 11
19 8
31 33
11 2
11 24
33 15
33 4
6 33
23 33
18 33
8 28
33 19
33 21
4 8
1 11
11 10
11 25
17 8
11 18
1 33
8 27
32 8
28 33
11 17
30 8
11 13
14 8
33 27
5 8
25 8
33 17
11 12
8 13
11 20
10 33
33 13
33 9
7 8
6 11
11 7
11 30
31 11
11 14
8 22
11 21
11 16
16 33
15 11
3 33
4 11
33 22
26 11
24 33
6 8
23 80
10 2
16 2
16 14
12 10
21 13
6 10
19 10
7 1
6 16
4 10
11 13
13 12
13 2
16 19
3 13
5 16
7 17
14 13
7 18
16 23
11 7
13 15
7 19
16 18
5 10
10 13
16 12
7 8
21 10
13 20
1 13
23 7
7 15
5 7
17 13
13 9
21 7
22 10
10 14
16 3
7 20
7 12
7 2
13 8
14 7
20 10
1 10
7 10
21 16
10 3
22 16
22 13
10 9
13 16
13 5
16 11
7 4
16 7
10 11
16 15
16 20
3 7
23 13
6 13
15 10
8 16
16 17
7 9
10 17
13 18
16 9
7 22
10 8
4 13
1 16
6 7
23 10
4 16
13 19
10 18
14 84
7 10
7 14
8 5
10 8
9 8
12 7
1 11
3 1
2 3
1 14
12 2
9 11
13 11
9 7
14 8
12 4
5 7
4 10
10 11
10 2
4 8
5 6
12 3
4 5
9 5
13 10
4 2
1 5
3 11
5 14
4 7
3 14
14 2
5 12
5 10
13 2
4 13
7 13
3 9
5 2
8 7
1 9
12 6
12 14
11 4
5 13
8 1
11 14
9 6
13 9
14 9
4 3
3 7
1 13
10 9
8 11
6 2
14 6
13 12
13 14
1 10
7 6
1 2
2 9
13 3
6 11
14 4
2 8
3 10
3 8
9 4
13 6
12 8
7 2
12 1
10 12
11 5
6 8
6 3
11 12
1 4
7 11
10 6
6 1
92 91
63 4
35 20
35 75
15 78
35 89
78 17
78 46
18 12
88 17
22 60
75 55
62 32
7 3
49 59
60 58
81 82
36 40
89 6
53 84
75 81
5 34
8 69
10 64
41 89
84 43
2 28
69 78
52 37
21 12
91 27
78 49
23 18
8 53
21 86
6 26
10 57
70 85
61 42
49 38
83 43
90 36
16 31
26 19
64 53
45 49
4 68
60 79
28 39
39 38
81 76
82 46
91 4
75 39
71 89
78 27
58 21
38 34
52 79
73 16
32 77
25 42
19 34
19 21
28 15
40 92
12 32
75 12
8 7
66 69
10 25
71 90
41 67
21 55
16 13
85 71
24 58
22 72
37 73
40 34
44 61
67 32
31 32
15 55
28 22
22 91
37 15
4 86
60 17
2 29
1 12
70 9
95 90
66 88
94 2
69 15
78 10
39 15
49 55
49 90
28 4
33 54
14 88
62 27
87 91
28 33
47 79
62 13
95 75
83 45
31 2
21 56
83 66
75 32
25 92
10 3
70 23
80 13
84 30
15 52
40 49
3 87
41 91
52 11
79 75
39 55
31 37
91 15
25 80
9 10
21 62
67 46
84 29
49 61
61 51
5 77
39 88
53 15
48 10
85 27
68 14
56 69
41 26
57 34
18 38
23 9
64 30
16 5
90 51
86 61
68 23
89 82
60 21
33 36
7 84
17 10
40 48
43 24
4 6
66 60
16 72
95 81
74 34
4 1
55 82
37 86
46 93
70 88
34 72
49 33
92 80
5 34
63 50
33 43
59 75
41 92
91 75
92 28
55 70
34 49
58 83
38 90
23 63
98 92
23 85
87 54
5 73
51 97
65 19
81 60
62 57
75 23
77 59
52 36
93 21
71 57
2 28
77 20
5 82
17 23
42 25
74 56
13 52
15 85
28 95
6 26
61 91
96 54
87 58
52 43
95 13
48 60
14 12
69 28
23 95
25 51
22 1
88 54
81 70
64 76
73 63
74 23
38 97
24 5
46 10
38 17
89 34
80 6
87 15
93 76
26 42
62 47
31 35
33 27
72 73
93 33
58 40
43 69
27 41
47 49
85 28
10 18
75 66
25 64
30 45
43 92
92 16
87 81
42 6
51 8
18 40
33 3
16 45
21 98
71 23
34 94
4 62
89 83
60 26
43 24
52 84
73 80
2 66
45 66
58 71
41 98
54 35
44 54
79 61
11 32
82 11
18 94
52 94
42 74
42 89
79 18
95 91
83 53
9 47
70 58
87 36
89 85
71 64
52 78
11 56
70 47
1 44
60 47
30 59
77 91
58 77
35 28
87 41
56 49
92 26
30 39
35 59
10 11
17 46
52 83
13 57
28 44
46 1
85 67
7 63
19 93
45 1
78 72
20 66
87 26
68 33
76 9
47 63
76 60
20 87
45 15
11 29
30 35
84 71
47 86
10 69
84 33
15 72
74 44
90 46
86 69
42 64
82 36
71 81
37 92
69 30
76 80
7 52
74 35
24 78
61 85
29 36
40 92
63 6
12 5
40 11
22 11
63 42
81 44
55 8
64 68
16 38
84 93
47 54
34 80
36 46
5 16
90 14
62 31
73 3
4 61
77 68
93 83
32 15
51 87
50 4
65 74
31 51
49 29
3 23
78 13
19 28
14 42
99 90
99 51
75 39
43 78
28 60
62 95
83 40
19 44
63 80
18 76
35 91
57 45
85 1
74 44
3 81
33 75
47 26
98 37
48 90
33 98
8 37
79 64
3 7
40 60
68 74
54 49
26 96
56 44
55 11
36 34
40 8
36 83
89 33
38 71
48 96
97 45
24 94
37 48
79 7
70 72
49 74
7 67
42 30
89 5
91 33
45 46
88 29
82 56
19 43
35 75
1 47
63 17
77 10
68 33
92 3
49 63
17 24
32 52
70 14
47 8
30 66
9 78
27 86
62 29
89 74
28 54
26 75
25 17
77 43
76 6
77 47
42 29
52 27
48 24
79 9
38 25
23 61
28 47
97 32
39 77
97 57
68 53
39 55
14 40
16 64
97 34
72 58
82 91
8 4
80 3
72 32
96 96
6 91
21 13
20 18
44 58
93 25
61 95
84 38
51 53
16 47
33 68
2 20
86 22
75 71
15 42
14 88
86 41
28 7
93 91
33 74
36 66
16 39
17 33
57 94
29 33
2 55
35 79
58 96
94 64
17 83
46 56
65 89
39 25
5 88
14 81
7 59
65 19
59 66
90 24
51 82
23 67
7 67
73 81
9 63
9 15
92 89
16 45
3 51
61 92
34 2
17 53
70 41
23 65
61 77
39 40
25 70
69 87
32 39
15 36
96 73
31 83
69 16
18 19
52 91
70 77
87 9
3 15
68 95
44 43
1 56
14 64
44 81
29 74
75 25
58 6
73 22
73 86
23 50
81 95
27 93
7 64
31 92
80 96
50 66
82 63
89 63
52 9
9 79
76 63
84 50
8 34
38 4
11 85
78 42
23 38
50 3
19 43
93 92
60 21
74 82
50 68
76 36
33 23
80 33
87 53
71 80
60 36
26 6
79 64
88 92
11 58
88 8
53 21
17 54
21 12
16 81
62 50
15 13
19 88
21 81
72 12
18 37
41 32
79 45
67 59
18 2
76 12
16 45
34 56
42 54
73 20
37 54
32 62
10 91
8 66
50 38
6 21
90 69
39 93
47 64
67 69
61 83
3 9
41 50
21 89
39 52
47 13
19 1
29 88
73 85
53 52
60 12
43 72
43 92
30 49
11 89
64 18
75 41
79 10
87 12
1 26
41 91
51 56
65 35
3 83
41 10
87 19
60 53
92 46
40 10
30 80
17 75
49 14
73 15
54 74
45 59
83 76
70 91
66 31
87 93
41 23
69 83
66 2
35 64
26 77
87 82
23 36
26 9
27 69
59 26
94 94
44 83
92 38
52 53
40 79
84 13
36 4
51 48
15 26
5 83
52 48
37 64
64 85
44 74
54 6
66 38
10 25
66 86
23 39
73 77
36 81
94 56
30 72
42 9
23 77
7 74
85 54
52 22
90 54
34 5
22 12
26 84
87 46
63 59
67 72
64 80
31 37
34 24
43 54
30 9
38 84
30 22
13 86
75 65
29 77
10 68
25 84
25 93
38 17
32 29
65 19
19 21
46 44
25 44
44 30
35 29
16 72
26 11
85 28
23 16
53 27
90 41
34 18
14 23
17 69
22 72
54 66
65 59
93 75
63 94
1 88
85 37
94 12
81 29
94 62
52 68
20 40
42 51
68 87
36 41
66 51
65 9
79 87
71 55
16 49
22 24
88 51
92 44
34 37
75 84
61 12
86 60
32 69
62 50
48 28
91 90
71 31
10 60
63 83
73 67
90 7
63 52
34 4
12 31
74 71
70 12
89 5
56 7
6 64
44 68
69 5
62 68
71 23
41 63
59 13
33 65
90 40
43 46
44 71
52 71
41 32
76 37
51 63
41 37
82 31
71 12
83 22
81 47
75 55
42 53
73 24
11 51
19 3
5 32
32 40
32 10
40 59
80 85
75 72
49 77
68 46
78 82
69 85
30 72
29 80
52 2
43 81
54 89
42 31
63 34
31 20
70 67
29 36
53 22
16 87
66 25
37 42
83 30
33 27
44 47
73 77
50 4
83 67
49 33
5 79
14 5
50 61
81 17
36 81
1 68
86 59
58 8
64 51
52 85
18 48
59 66
27 82
49 6
71 57
61 20
11 29
41 91
75 53
68 84
73 91
40 71
94 98
47 18
76 28
54 22
38 20
52 76
34 83
54 64
51 90
38 29
36 55
82 35
53 89
39 2
39 80
53 39
37 5
31 65
61 40
29 22
48 82
11 66
65 94
4 16
37 26
6 17
4 81
17 28
94 50
41 58
26 13
79 56
33 37
81 6
36 22
78 46
7 19
35 51
24 23
30 7
62 79
66 89
77 79
74 90
64 90
79 8
73 62
37 78
62 86
13 70
73 75
73 34
83 59
58 80
28 16
49 92
16 41
25 56
41 26
1 83
48 23
73 88
73 1
86 93
90 49
75 4
22 55
67 79
75 15
72 1
39 15
23 41
90 68
58 74
60 88
87 63
72 89
83 6
41 46
41 84
61 88
92 84
7 42
68 27
33 52
72 54
48 77
71 78
72 31
44 68
35 44
59 22
75 72
43 59
34 48
38 22
27 67
63 17
15 87
99 99
44 32
20 13
21 97
64 91
93 69
83 16
8 99
64 93
23 44
67 27
56 66
64 81
38 88
52 84
67 6
49 78
53 40
55 72
48 6
83 14
67 74
82 27
40 66
96 59
53 66
20 34
26 41
47 52
31 96
61 79
81 63
11 46
89 95
96 46
1 19
59 86
75 86
60 46
68 28
48 98
34 32
79 58
56 39
51 23
68 16
56 71
58 16
20 97
71 57
27 69
18 31
98 41
49 4
28 77
87 32
5 32
80 83
86 14
19 78
35 83
30 56
57 53
30 34
35 44
37 29
81 22
12 79
7 96
70 64
39 36
41 84
25 49
83 91
49 96
77 51
63 91
36 25
75 68
26 82
85 70
47 30
29 7
64 29
79 19
23 62
50 34
92 98
1 22
29 78
31 49
52 99
54 77
36 55
94 26
7 46
92 49
11 62
18 79
69 20
97 100
1 77
53 89
79 73
46 47
46 36
23 38
68 49
22 60
48 45
77 16
10 40
41 12
57 21
90 22
76 9
69 24
89 59
32 91
59 57
33 55
30 73
95 58
13 87
80 40
60 75
18 7
14 62
83 47
68 10
33 79
44 94
7 11
4 31
35 46
51 33
24 80
58 91
88 21
30 31
53 11
16 42
51 52
47 22
11 68
47 36
35 69
47 67
94 16
64 9
81 72
55 52
71 85
52 57
58 36
10 14
88 18
11 1
21 24
63 81
55 89
88 67
40 11
24 87
26 90
88 82
3 2
87 6
16 75
20 16
17 25
63 88
79 41
14 16
90 74
10 61
4 66
54 68
31 86
13 4
55 4
38 12
30 80
39 9
13 62
27 63
49 17
55 85
40 12
22 56
64 18
74 62
10 1
17 5
43 34
61 48
94 91
68 12
29 78
74 17
78 1
91 100
14 65
2 67
75 58
7 4
52 78
71 12
5 40
3 34
21 61
1 30
5 17
16 38
43 19
43 65
23 56
37 35
87 38
60 89
8 89
42 44
24 80
51 70
1 77
44 19
46 91
27 26
14 53
89 86
59 63
1 22
33 22
76 14
42 28
88 20
55 62
70 75
68 50
29 86
44 68
47 14
40 46
79 30
80 29
6 9
37 11
74 82
77 84
36 56
43 4
73 90
84 57
90 39
26 72
48 19
62 20
30 78
37 13
59 66
9 1
56 71
3 84
65 9
78 85
91 3
85 63
90 47
29 66
83 72
91 69
77 7
35 67
75 47
21 64
49 60
66 41
51 57
12 15
46 74
83 22
87 89
63 8
27 29
50 8
4 69
41 23
40 42
44 10
12 69
21 5
70 80
57 26
51 88
47 12
71 43
57 52
72 36
33 64
49 5
42 72
4 63
95 96
27 32
60 31
20 79
8 75
47 39
35 93
41 95
41 15
84 43
75 69
81 62
26 16
36 28
48 84
33 60
64 37
31 67
48 39
23 19
54 55
85 60
42 43
5 22
28 32
82 13
37 5
68 39
20 40
20 41
46 25
6 36
24 48
72 60
38 22
29 93
71 27
53 27
41 18
67 25
71 83
2 13
57 21
70 29
89 34
15 69
83 16
9 32
9 8
15 65
29 82
28 14
62 6
10 6
55 82
19 37
77 10
11 88
4 19
81 56
80 53
45 56
22 69
91 88
18 35
60 81
58 65
52 89
68 6
53 52
63 21
77 49
6 23
32 10
33 4
46 34
76 53
33 49
62 56
74 23
14 85
56 91
45 36
41 14
71 49
26 8
25 24
51 88
11 73
56 31
57 70
3 52
14 6
67 27
17 70
54 81
86 23
92 90
44 63
86 54
56 13
49 42
36 1
56 88
11 35
19 3
18 41
26 34
91 80
32 71
4 52
50 42
78 90
52 42
52 49
57 16
47 89
21 85
20 69
78 18
17 1
59 10
36 67
58 31
81 68
18 55
22 88
80 36
20 92
79 14
28 16
48 3
11 69
54 27
16 17
51 12
30 36
66 10
42 85
53 80
88 29
11 27
7 67
71 70
14 64
9 61
9 25
7 77
82 40
38 20
79 29
25 59
3 75
4 81
82 19
30 90
25 60
86 52
56 21
89 39
48 22
72 35
4 38
20 11
85 56
30 78
82 84
34 22
47 68
34 90
33 39
40 90
73 72
67 2
33 14
70 13
47 61
52 76
89 85
77 78
16 92
60 12
82 64
10 49
24 51
27 30
1 78
51 29
95 92
66 28
48 33
79 41
64 57
86 14
80 34
61 74
10 80
42 5
36 22
88 54
35 27
64 4
92 62
41 91
59 37
89 95
33 36
22 10
64 39
70 50
7 12
67 95
79 82
64 90
87 45
54 41
80 3
29 36
86 46
65 64
89 54
33 58
90 15
20 13
78 48
80 91
86 71
59 83
47 48
33 73
77 64
2 37
43 18
33 64
38 18
22 21
10 11
82 22
92 23
6 60
46 16
9 30
66 85
89 8
77 78
4 29
40 13
53 63
35 5
74 51
83 18
29 68
22 53
76 24
15 64
9 19
2 26
46 26
62 19
59 55
27 88
55 66
65 32
31 4
95 2
2 44
31 82
93 81
47 50
84 37
95 3
37 83
67 1
52 5
16 45
36 37
61 68
14 85
63 90
56 4
24 33
91 97
9 83
4 63
81 89
21 18
86 78
16 62
58 54
75 47
82 26
57 85
47 25
58 53
68 56
12 67
43 46
13 11
5 85
75 76
38 46
46 45
66 76
45 28
6 31
91 73
53 61
47 4
77 74
4 30
75 4
8 13
49 80
14 43
19 71
46 73
2 32
53 34
36 15
82 29
62 39
73 83
90 74
7 85
6 3
88 14
54 30
59 50
88 39
46 74
60 86
69 3
27 41
2 1
9 26
77 51
12 23
78 42
2 90
10 3
24 25
25 8
31 60
68 48
2 72
25 72
19 49
1 43
85 54
21 43
18 69
89 3
27 20
7 81
9 81
75 91
15 83
40 55
52 68
73 76
79 80
24 34
74 21
10 5
3 75
62 52
3 88
74 86
33 52
49 12
79 34
4 31
86 75
52 91
35 77
42 6
81 31
54 57
50 67
95 92
20 59
56 75
88 79
86 5
43 14
71 21
45 61
10 53
89 62
4 68
81 46
45 41
17 69
5 45
40 7
79 68
81 9
65 56
73 39
90 18
92 72
22 87
22 50
9 13
53 22
22 77
48 14
7 79
6 50
58 89
66 94
39 29
41 92
72 91
66 35
34 49
45 54
29 87
90 21
58 48
66 20
53 20
2 70
74 62
83 51
76 11
30 9
17 43
54 33
43 41
13 68
12 24
93 80
42 78
51 5
13 65
85 27
87 15
20 22
26 14
81 40
81 94
42 82
4 6
64 10
11 12
43 71
64 34
90 53
8 88
59 90
71 85
24 13
90 41
19 22
33 51
7 22
54 60
91 12
47 17
73 62
34 66
21 70
2 85
41 89
83 42
82 77
28 32
3 82
89 35
14 83
70 94
100 92
94 46
68 13
13 48
57 88
85 19
84 37
50 42
77 13
36 82
75 100
47 24
94 77
59 74
71 26
87 93
79 35
71 41
75 94
16 43
66 94
43 58
80 10
55 84
81 35
48 34
41 100
39 64
86 45
6 86
81 63
97 71
81 23
74 12
17 68
1 77
4 65
30 95
38 77
94 52
76 15
70 40
22 35
8 5
12 96
42 69
19 21
56 71
35 24
61 88
3 92
58 77
37 40
16 62
76 72
38 14
50 1
37 25
80 42
46 7
5 52
85 54
40 93
8 23
32 40
77 8
41 74
79 53
18 54
74 62
31 36
37 22
19 43
27 79
59 73
94 27
45 38
8 15
87 40
59 7
23 15
84 22
43 73
81 59
21 57
39 3
16 59
82 65
19 52
31 27
78 47
1 49
75 63
92 95
13 14
27 9
62 34
36 69
10 4
40 9
4 75
29 26
19 52
91 81
76 23
47 2
40 32
75 71
63 30
74 77
87 16
6 18
62 16
78 35
15 73
24 51
11 73
87 33
60 49
49 57
76 87
62 60
91 70
36 10
6 27
34 87
52 31
61 49
19 12
46 19
72 24
82 57
1 22
22 52
10 26
21 79
53 55
92 63
49 28
78 40
14 36
89 78
4 12
80 53
59 10
64 37
49 76
6 13
35 15
86 32
73 26
82 9
3 19
53 14
60 13
86 78
13 74
78 2
31 76
80 59
91 63
43 71
71 40
57 18
12 65
57 59
83 56
28 3
81 76
87 11
24 40
26 6
33 4
79 69
10 78
81 83
3 88
58 62
17 21
44 86
59 30
13 83
1 38
53 35
55 39
66 45
38 77
33 38
7 89
99 95
12 69
1 92
16 13
62 11
47 43
87 79
7 94
12 68
73 14
86 57
44 95
32 30
71 93
28 29
28 61
76 65
64 13
39 44
51 71
17 71
63 79
31 54
20 6
94 88
19 84
7 28
8 2
96 25
64 83
68 3
92 73
61 76
4 53
88 37
15 45
29 97
29 35
2 93
49 89
70 40
47 58
84 51
1 30
70 19
6 98
79 54
89 46
8 79
86 8
51 63
19 45
83 7
78 83
95 85
75 69
75 49
7 64
96 90
29 46
88 34
7 45
24 58
22 74
71 36
76 39
76 16
23 90
87 80
47 97
76 4
24 70
68 96
49 96
92 10
75 62
98 1
29 70
82 20
79 18
34 5
40 9
36 96
53 60
22 85
13 56
15 82
40 16
3 35
11 73
35 80
1 97
65 27
90 70
14 9
23 11
98 92
64 92
15 28
45 88
83 28
58 16
60 61
4 39
27 8
98 14
89 46
23 94
56 13
27 53
54 14
94 15
21 64
4 17
51 24
89 16
45 51
97 39
67 22
59 90
95 94
53 65
9 21
11 27
75 87
62 49
76 31
70 86
95 50
42 67
47 65
63 84
90 14
75 39
86 54
29 92
38 54
91 96
22 95
98 8
29 9
66 63
43 23
30 5
13 68
59 2
66 85
24 37
51 37
16 31
87 91
84 76
44 83
27 24
79 29
5 26
76 91
37 71
42 56
6 10
96 61
58 7
33 40
72 82
9 23
14 20
81 50
96 41
33 89
38 8
59 77
29 14
80 41
45 98
80 7
43 73
47 62
94 91
11 50
91 95
1 71
91 16
76 62
29 76
54 28
22 66
95 59
72 70
59 69
99 91
57 50
87 15
31 22
46 25
80 91
9 86
19 65
93 5
6 7
36 27
83 65
17 61
78 99
26 17
63 12
39 97
46 11
90 12
28 1
56 41
86 95
37 87
28 99
65 34
15 38
35 22
69 93
76 9
98 4
22 76
54 56
50 99
12 32
76 82
96 49
79 96
38 69
27 22
70 9
90 78
76 48
70 63
36 3
41 29
4 19
69 80
10 81
37 12
86 8
19 18
53 25
80 56
97 86
52 63
27 50
49 35
79 25
18 85
60 92
45 28
46 74
75 90
47 72
66 53
69 50
24 66
40 77
70 58
85 54
10 20
10 38
80 88
3 37
84 9
23 88
85 58
87 14
62 55
88 20
99 40
78 26
46 7
97 6
28 60
49 17
29 6
35 69
65 37
78 86
26 19
59 15
98 91
51 74
77 35
17 50
40 81
66 63
36 93
83 89
82 51
41 14
68 36
29 38
83 60
92 94
61 81
37 88
63 50
63 88
8 62
21 59
77 49
6 2
5 73
54 45
52 21
88 12
51 25
89 17
18 40
59 66
48 21
43 68
97 23
17 34
14 81
78 28
30 12
56 64
51 11
18 93
24 32
60 33
20 83
55 77
40 91
57 12
83 91
59 75
39 3
67 32
80 22
71 72
2 66
15 81
9 54
20 50
40 11
36 65
80 55
21 30
70 27
97 54
53 91
34 6
68 93
66 98
46 75
10 57
56 43
82 90
15 13
67 45
38 25
68 76
59 9
21 75
95 19
3 78
35 14
64 94
98 20
53 9
24 45
60 34
72 80
36 27
96 49
76 4
87 82
38 31
14 63
36 80
94 95
34 62
25 49
32 74
67 31
89 48
42 61
77 63
14 50
12 6
36 58
33 52
47 48
69 64
21 58
72 79
70 7
27 34
12 30
56 84
88 56
57 92
13 72
30 45
7 78
44 92
16 38
19 37
69 85
40 60
60 1
64 8
59 30
37 66
84 62
38 67
34 86
8 89
27 57
29 88
40 32
66 85
29 1
31 74
77 86
66 81
50 69
10 80
18 59
89 72
80 70
45 64
36 39
63 12
57 91
4 69
32 19
78 68
77 15
25 93
15 87
3 92
87 5
2 47
49 93
14 73
21 78
30 78
39 9
67 2
15 23
28 49
46 41
19 61
12 18
9 40
65 8
15 70
61 82
25 61
69 63
60 10
18 32
85 18
47 44
47 41
87 56
74 87
2 55
34 79
41 22
56 43
44 14
15 37
15 48
67 11
95 92
14 83
5 54
77 65
75 4
49 81
75 28
13 4
84 55
45 57
61 36
42 35
11 77
84 75
12 43
81 67
18 22
20 93
77 13
26 60
49 29
10 9
85 66
28 92
71 52
44 85
72 75
94 85
78 48
63 74
16 29
57 25
74 42
52 37
5 70
33 95
18 43
85 87
64 94
39 50
89 36
55 68
22 93
33 6
25 47
94 48
72 8
95 23
24 53
15 52
31 50
84 54
15 1
59 69
2 11
45 40
75 62
3 10
61 91
54 92
34 4
9 41
68 14
32 88
27 78
5 41
29 84
62 73
45 52
52 40
11 50
33 58
36 90
24 88
66 43
37 41
85 37
45 46
31 72
31 92
66 27
35 24
36 24
55 56
3 24
45 6
31 54
32 5
21 3
80 77
3 65
15 90
6 72
94 95
84 50
49 44
14 24
63 81
87 28
85 58
48 71
54 43
38 26
58 5
53 26
2 58
38 8
46 11
15 3
35 22
44 86
56 84
30 48
76 88
63 49
2 34
49 50
10 74
89 42
78 24
68 15
36 68
52 17
75 91
74 79
34 12
49 13
5 49
26 16
13 70
48 85
35 68
11 67
55 35
10 93
65 39
72 53
42 54
1 61
90 18
86 11
36 59
69 18
6 43
11 23
64 10
34 87
16 46
62 15
40 18
84 62
89 49
83 94
79 94
41 81
29 41
7 22
71 51
9 85
40 6
65 41
49 24
67 6
47 81
27 72
79 44
13 22
77 3
89 29
35 13
44 31
56 40
58 75
83 49
38 87
2 41
57 32
32 35
32 53
68 1
54 20
73 61
83 43
81 94
67 70
79 28
16 73
81 32
72 71
100 94
89 74
8 99
42 74
15 64
19 40
53 91
89 9
39 81
1 69
88 65
87 20
53 70
54 31
97 31
91 34
36 73
13 36
23 28
90 18
59 43
56 14
87 82
79 42
100 43
58 11
82 59
3 47
8 17
27 31
49 92
94 34
65 38
18 50
91 12
68 27
86 11
7 38
76 40
49 34
15 93
58 45
36 78
8 38
73 77
1 76
88 71
54 70
74 100
54 72
61 23
44 98
58 65
13 5
91 60
17 87
49 38
57 17
89 13
36 93
91 24
20 19
13 33
43 24
59 1
22 81
97 64
21 24
72 90
94 24
65 42
77 55
44 78
82 92
72 95
39 4
38 16
71 30
87 94
44 34
14 32
1 99
42 95
11 74
89 64
61 20
45 30
58 4
31 26
77 13
54 43
68 32
71 24
47 29
88 32
92 91
39 73
43 83
61 19
91 20
49 56
34 58
42 41
14 55
81 57
36 12
37 77
79 63
30 60
63 85
3 7
67 20
54 82
9 28
58 36
25 45
12 68
13 48
22 52
83 32
25 86
64 25
70 55
13 89
72 34
51 28
84 5
36 41
46 18
6 49
72 15
69 80
53 44
34 76
25 84
86 52
39 72
72 9
76 23
73 87
43 31
55 29
81 78
29 41
56 20
14 79
65 60
79 36
72 83
82 40
80 45
23 15
6 9
29 9
64 90
62 7
32 33
68 39
69 19
73 18
19 83
91 64
13 20
47 68
91 18
11 16
72 68
57 28
75 27
85 9
76 35
49 74
22 54
5 37
20 81
70 12
8 14
91 88
83 24
37 79
58 53
36 27
76 65
25 26
65 22
88 59
4 41
98 99
67 56
98 20
1 64
48 32
1 5
93 81
7 86
56 11
79 75
8 59
52 69
47 94
66 86
79 9
30 32
29 53
53 18
5 30
53 4
58 97
23 57
32 14
26 63
83 22
42 10
33 20
20 6
1 74
45 98
66 53
13 2
68 66
64 93
40 96
81 84
62 34
45 13
70 45
60 18
33 94
89 14
89 59
64 14
6 23
46 72
86 33
22 49
30 22
13 38
79 53
33 3
38 8
98 3
40 4
73 20
95 70
63 16
15 84
47 58
38 9
1 39
25 88
8 34
96 41
22 41
10 7
81 21
16 42
92 34
79 7
69 17
90 24
89 6
18 34
33 70
97 25
63 33
6 16
62 1
43 33
48 97
44 51
90 57
2 77
27 73
88 83
52 42
63 8
70 52
38 96
27 19
91 61
54 47
35 38
92 52
54 9
22 2
88 31
50 93
92 94
2 80
44 85
62 17
9 22
21 88
6 45
82 74
86 16
80 18
13 86
70 42
52 21
91 41
24 14
40 32
83 75
30 56
89 88
39 54
28 1
2 23
23 87
71 60
57 87
45 68
81 31
67 7
55 89
38 35
67 58
13 83
87 68
30 85
56 63
56 37
24 55
42 36
5 67
90 60
38 59
23 56
66 37
38 44
69 56
76 88
57 91
60 15
10 46
61 50
57 45
37 82
46 1
80 82
90 28
26 47
92 54
48 81
12 11
85 91
16 65
35 64
69 50
83 88
92 26
19 1
84 14
58 51
78 14
15 23
61 75
60 63
16 66
83 50
50 67
45 39
4 92
20 50
40 86
73 8
30 58
47 76
30 49
12 52
72 19
37 72
39 8
18 53
24 38
71 49
31 14
27 25
78 29
76 30
34 46
96 96
91 66
54 37
24 37
8 52
95 15
17 92
26 9
1 18
51 92
32 12
95 78
86 6
23 32
25 72
41 46
3 41
46 10
66 2
64 14
83 63
88 53
54 64
87 30
74 81
89 51
32 3
19 27
14 52
70 19
50 73
61 21
76 80
5 20
68 96
85 41
64 11
3 30
82 87
60 26
72 13
76 45
75 3
27 69
84 16
96 88
16 32
30 38
82 79
55 80
61 71
28 18
5 70
19 60
12 19
57 68
20 36
9 16
34 91
20 1
65 26
88 40
39 29
15 22
68 36
21 63
96 31
79 54
30 46
51 75
59 27
77 11
73 74
41 12
28 70
93 77
39 35
9 64
65 67
76 57
82 74
95 81
10 42
39 71
54 51
51 40
50 15
57 82
39 72
24 1
55 66
87 26
69 26
39 41
80 34
40 48
96 66
99 95
15 12
75 79
74 92
9 94
20 66
77 46
27 10
15 64
45 55
79 45
88 2
72 2
89 95
96 5
61 74
75 86
49 50
24 89
16 32
18 22
72 27
14 96
72 53
81 14
19 33
67 13
41 60
15 13
36 1
92 24
54 40
77 72
26 59
51 2
54 75
86 26
95 10
78 92
63 3
56 78
83 5
21 62
46 94
17 79
57 4
27 69
42 62
80 62
61 95
81 69
75 89
94 89
63 43
32 14
99 89
76 18
83 77
86 46
27 77
9 29
68 34
96 67
80 30
31 89
82 10
72 84
32 68
24 33
39 88
5 71
96 22
50 16
82 97
91 61
36 26
66 69
43 82
73 14
75 81
78 72
18 13
69 83
49 86
55 84
50 21
80 88
88 15
41 14
25 20
40 28
64 72
93 89
7 17
47 44
23 27
96 99
26 10
63 3
72 22
56 58
66 6
29 3
56 6
89 92
53 82
29 11
48 34
88 5
71 69
75 54
75 6
8 9
40 9
44 14
16 35
94 83
7 12
31 71
24 93
36 47
61 95
24 66
51 3
24 16
17 5
20 44
63 41
7 65
93 67
46 72
75 13
67 47
61 19
46 83
34 79
9 14
75 1
41 12
96 42
5 49
13 82
50 82
82 31
50 95
81 14
4 37
95 13
53 34
7 95
85 33
16 58
52 21
77 79
49 73
51 94
36 17
39 45
8 17
71 3
81 87
73 95
27 74
23 27
55 16
15 64
84 9
91 47
29 49
47 32
47 62
72 2
28 36
9 96
54 31
45 82
65 93
53 60
87 48
44 76
95 12
91 49
88 8
60 57
38 91
60 43
79 74
46 8
12 66
38 43
79 20
71 30
29 25
34 61
39 64
66 75
91 95
71 63
52 45
69 57
40 31
81 61
23 53
26 52
47 23
34 9
4 19
79 87
77 51
31 42
67 44
18 39
42 79
35 89
37 13
20 12
45 59
34 84
33 78
16 64
23 13
67 75
80 83
27 16
7 25
72 43
56 4
21 63
50 82
43 76
53 18
39 5
33 25
8 82
88 89
50 29
56 45
25 91
58 14
53 51
19 81
81 76
45 7
36 2
4 30
43 32
72 83
66 32
49 85
6 46
25 55
14 83
23 19
35 90
31 25
2 78
57 40
60 23
59 84
57 53
87 9
43 58
32 35
22 9
32 60
62 60
89 86
48 67
26 70
72 90
9 6
86 6
55 27
70 44
61 58
49 58
87 19
51 64
18 33
35 67
82 64
27 35
58 9
42 44
33 52
90 58
55 37
88 16
90 27
68 19
2 70
48 64
91 98
50 32
66 22
25 48
48 74
87 56
76 77
17 11
80 73
5 63
45 78
86 4
49 59
10 88
72 21
71 53
85 4
87 61
80 17
61 63
35 88
8 59
70 83
49 57
72 49
70 35
14 60
76 51
58 52
42 6
36 37
54 4
9 55
60 24
56 15
76 88
42 68
27 61
70 64
77 79
3 69
6 69
50 5
79 4
36 26
71 86
23 40
20 22
91 14
7 48
65 73
26 62
86 87
68 21
30 60
48 63
7 81
82 13
21 17
85 15
25 80
24 30
60 1
72 91
87 10
9 11
30 42
43 45
15 19
72 88
80 87
76 25
11 42
7 86
72 61
45 18
21 8
69 50
74 4
63 49
24 74
11 54
62 53
91 74
18 43
68 55
6 8
59 47
9 80
50 52
5 78
5 72
7 34
79 8
74 26
13 6
72 73
74 50
90 38
100 98
44 16
13 55
38 5
40 13
18 40
84 75
80 14
49 96
37 8
19 71
7 79
32 20
28 2
47 3
11 27
77 74
26 93
35 15
20 22
46 27
95 97
61 79
3 60
69 73
78 81
14 30
4 43
42 12
66 89
50 77
20 62
74 86
95 15
74 63
46 35
80 34
24 58
31 90
83 47
74 8
18 43
97 30
65 3
6 93
11 50
32 100
93 75
80 81
46 16
61 94
58 75
30 66
94 50
26 92
85 51
45 95
68 19
64 89
83 91
74 84
2 77
47 87
25 38
25 50
79 75
19 17
97 96
43 51
57 22
66 52
85 2
49 91
13 30
4 24
100 49
2 45
53 64
30 37
71 5
36 34
75 40
94 12
68 61
20 9
25 52
47 19
55 86
18 44
87 54
3 32
75 59
73 91
83 90
40 83
92 14
24 7
62 56
9 15
96 93
56 16
83 30
21 36
68 26
54 74
10 77
26 93
40 12
76 75
25 71
11 91
93 54
87 51
22 67
34 73
37 53
17 95
30 60
25 53
12 24
62 34
1 61
84 87
93 29
55 10
74 25
87 38
20 57
43 21
52 57
54 47
61 28
95 84
84 68
3 7
88 61
37 75
95 43
39 63
66 32
50 16
64 38
27 80
47 19
39 46
84 90
21 65
21 74
5 3
41 94
72 33
55 79
44 78
38 75
20 8
83 70
47 73
88 10
96 72
4 59
87 24
40 64
94 57
13 56
47 58
68 27
6 52
82 75
92 1
2 50
7 22
3 33
93 45
17 28
82 31
56 14
8 52
68 78
77 28
9 68
74 36
95 92
92 93
44 23
10 34
53 74
63 90
82 25
85 21
13 73
26 15
86 36
14 53
95 94
53 26
66 86
94 59
36 45
88 59
83 33
56 84
70 34
30 11
67 47
14 68
87 93
18 77
39 24
1 29
90 57
29 76
62 1
69 81
29 50
71 32
48 76
83 49
86 68
74 62
11 78
46 37
22 45
64 15
77 25
48 94
15 36
43 55
52 40
25 70
74 32
80 84
47 94
40 58
47 45
37 75
54 1
54 43
20 11
34 1
58 43
49 3
59 41
32 67
93 90
26 55
82 95
45 33
81 82
60 67
77 81
37 83
31 54
80 85
24 13
29 88
23 72
65 44
28 90
44 18
13 74
85 86
51 64
26 24
75 95
31 57
33 85
78 28
57 67
44 5
83 75
23 62
72 16
26 79
35 20
91 58
6 68
8 83
37 59
45 32
41 39
80 63
14 94
82 2
75 40
69 12
36 16
4 84
71 93
91 92
51 19
10 51
38 65
85 36
23 54
46 37
51 11
32 73
31 32
28 45
72 33
70 14
27 40
81 6
12 39
28 29
54 21
45 72
26 38
59 26
11 87
72 52
31 68
26 90
11 89
86 20
77 21
63 27
78 15
28 44
32 59
52 58
64 60
34 8
34 31
58 49
15 13
17 61
22 16
25 54
24 66
29 17
16 31
66 40
32 49
80 86
41 40
12 89
17 60
34 69
24 19
7 41
30 49
60 10
70 16
6 33
60 77
84 55
46 70
43 38
12 47
1 44
88 89
19 28
65 14
41 36
42 7
3 69
58 73
32 55
81 8
86 14
77 85
79 77
31 40
45 84
79 53
67 64
3 71
10 2
56 7
41 30
86 5
35 18
21 58
47 86
84 40
7 25
10 86
15 6
58 77
19 66
90 98
55 17
73 3
44 32
24 51
68 64
30 9
30 90
90 59
23 38
79 66
59 60
73 53
68 79
87 22
89 60
66 30
45 14
23 83
75 12
83 28
40 31
68 50
39 87
57 10
8 4
77 70
58 51
53 23
11 10
6 29
70 45
80 2
64 88
42 2
79 60
11 74
7 11
58 28
12 5
53 77
45 71
13 7
69 45
79 17
79 39
87 72
35 38
71 11
49 51
84 75
25 65
71 19
33 38
57 62
53 3
87 25
41 9
29 89
90 23
87 54
80 88
87 4
24 44
15 11
10 40
25 44
90 34
86 9
32 70
2 53
58 4
54 34
57 53
48 80
67 1
40 25
58 47
13 77
25 26
6 74
65 2
15 24
89 8
53 50
3 17
68 18
7 9
30 80
30 54
88 41
14 72
73 1
85 49
35 72
80 50
75 30
16 33
87 21
91 93
60 39
85 41
83 14
75 15
61 59
24 81
78 18
70 50
36 66
59 88
86 58
85 34
65 47
4 80
52 10
53 32
40 78
82 28
44 91
55 13
53 3
50 30
49 23
74 48
26 85
12 37
34 54
91 81
48 60
8 62
12 73
25 61
13 65
22 3
90 86
36 55
9 54
50 55
62 32
25 46
71 49
71 68
64 78
17 4
10 34
44 37
6 13
26 20
27 12
24 33
38 52
85 75
84 38
83 52
33 18
25 9
12 65
28 10
21 20
33 20
37 91
55 84
45 21
64 34
30 69
31 88
37 70
59 66
39 83
45 51
85 55
45 15
78 59
21 34
15 56
88 85
81 65
73 63
82 59
14 49
9 6
74 81
57 72
55 63
74 90
73 5
79 51
21 90
87 28
14 71
73 4
50 20
87 10
92 90
14 5
35 73
19 78
66 43
61 41
68 14
78 25
76 19
65 31
29 28
75 18
65 26
26 36
53 52
51 27
9 90
17 25
3 4
91 11
49 38
80 28
77 26
10 84
35 31
59 39
31 9
48 37
74 13
38 7
31 25
20 47
13 38
19 28
90 71
59 45
89 49
72 86
36 60
5 84
14 44
6 17
47 4
65 19
7 54
33 53
31 76
70 29
50 92
75 89
37 25
86 36
68 67
84 17
88 10
38 6
79 92
4 13
53 86
74 73
81 78
46 8
87 64
18 77
46 42
79 66
47 72
26 32
22 74
79 54
63 51
64 1
14 51
23 24
52 77
2 39
35 54
83 30
46 55
34 61
16 92
2 78
17 20
61 2
2 57
76 61
23 68
6 31
45 44
43 4
69 36
96 90
52 61
89 62
80 93
54 10
52 64
94 34
88 21
21 93
50 74
85 56
14 34
60 62
94 7
73 32
73 40
90 74
38 64
58 84
81 2
25 2
11 49
89 80
84 78
35 26
26 24
94 66
17 82
26 81
82 16
11 67
66 62
5 20
72 75
69 5
73 4
44 59
80 24
19 73
42 70
24 62
36 91
4 60
81 82
8 96
66 67
20 12
68 77
3 91
5 76
59 94
30 2
67 86
15 42
38 49
3 94
33 35
78 7
19 40
61 89
66 96
85 20
60 47
90 76
79 72
33 40
57 64
58 13
65 18
12 78
68 45
33 59
90 75
5 58
60 20
6 61
58 43
11 33
19 16
26 73
36 89
64 35
13 27
68 65
13 23
21 81
11 26
58 37
36 6
71 33
56 91
96 98
79 82
80 79
14 50
44 45
3 44
18 45
22 33
11 49
80 1
11 24
3 27
19 87
5 84
66 38
1 39
7 93
59 8
73 40
58 30
30 27
90 45
73 57
78 47
70 17
33 62
92 52
88 96
53 44
46 72
66 87
43 80
14 61
96 86
37 16
15 12
47 57
32 28
70 15
26 53
12 18
49 78
77 34
93 66
67 49
23 73
17 63
70 10
41 76
49 32
1 91
76 86
82 90
39 77
29 74
66 11
44 15
20 44
49 44
23 39
79 48
66 63
28 74
75 77
20 90
46 96
44 6
64 56
70 42
54 68
90 41
50 25
96 57
96 75
76 85
39 36
28 56
38 91
42 7
76 60
6 52
64 32
35 9
19 21
5 19
35 42
91 42
22 72
87 30
83 8
75 2
66 68
24 68
85 15
8 19
10 85
71 46
65 71
36 34
90 95
29 28
63 20
29 82
83 8
43 29
71 19
41 66
70 50
40 14
9 65
74 38
49 82
24 67
82 5
16 61
30 27
16 87
16 3
20 60
12 85
58 81
81 48
40 75
37 27
40 63
69 40
82 21
38 9
49 21
29 51
79 17
29 70
53 38
10 26
52 26
19 21
13 21
28 79
18 20
87 74
60 36
9 82
9 13
23 35
40 13
42 89
61 88
79 81
53 9
56 69
26 7
34 31
84 17
59 83
63 13
65 50
28 55
32 65
10 64
24 82
56 85
82 70
48 29
48 19
76 4
51 23
22 74
46 20
1 85
79 67
51 13
68 69
12 73
62 32
33 47
51 68
13 19
30 49
4 36
90 11
49 5
69 21
48 23
90 80
88 12
26 24
23 41
41 88
47 19
61 59
45 10
47 6
15 47
44 7
65 55
99 97
91 11
10 96
12 85
55 76
32 65
56 37
46 14
69 70
27 39
13 90
60 64
28 33
17 52
3 70
18 7
57 18
95 26
96 67
94 7
91 83
32 46
85 78
69 43
65 83
95 27
15 60
38 84
25 86
50 90
2 84
98 37
73 11
73 5
25 67
4 71
56 85
22 50
41 2
26 90
57 36
74 67
7 67
39 44
86 8
29 15
21 4
80 43
16 30
50 64
2 51
86 78
50 97
94 23
25 82
50 16
5 78
18 16
98 57
45 76
58 65
8 77
60 50
98 35
73 32
9 60
20 2
13 75
45 57
60 99
91 67
46 68
59 18
61 78
49 10
49 97
17 37
32 5
5 63
38 74
20 32
12 8
23 36
98 9
93 72
70 13
51 98
5 49
36 73
35 71
25 35
41 98
97 56
72 82
42 28
79 11
52 10
42 86
100 93
76 92
84 69
58 32
62 13
43 85
56 77
71 24
24 16
58 86
69 6
94 73
14 55
75 78
1 27
92 27
24 60
75 47
70 30
89 21
80 42
20 10
90 40
64 66
99 2
48 96
81 75
18 2
78 2
38 56
48 74
50 13
53 52
97 78
89 73
18 79
60 8
40 37
22 21
82 3
85 29
84 64
25 79
3 8
69 99
76 89
81 22
63 77
85 1
65 95
48 5
11 33
2 80
89 92
55 33
73 98
27 71
73 21
81 95
13 1
98 92
17 74
79 61
62 59
39 26
18 91
43 38
1 5
98 39
94 11
93 52
81 68
31 66
76 56
99 4
89 82
39 9
72 58
51 34
2 84
32 93
19 34
70 15
94 58
46 30
33 79
46 49
94 38
17 84
29 9
99 85
50 22
64 14
63 92
93 96
20 70
58 73
55 14
37 58
59 34
28 59
66 27
79 91
15 66
18 11
34 22
52 58
9 34
93 9
13 79
63 22
82 75
63 48
6 60
13 32
4 29
82 5
25 58
2 15
37 19
3 48
20 16
14 64
38 45
87 54
42 21
89 54
81 65
44 4
23 91
67 6
34 24
8 23
56 50
69 30
65 41
24 23
58 2
35 57
89 79
73 70
91 20
1 82
13 21
16 5
6 35
18 4
43 2
68 33
54 29
86 66
33 27
11 66
19 86
67 7
83 81
35 41
22 80
93 31
29 38
26 23
81 54
16 1
30 4
74 75
4 27
47 77
81 44
19 54
17 16
43 41
86 80
80 15
75 69
6 45
44 60
16 18
55 22
18 74
76 56
58 90
21 90
36 45
50 60
60 3
35 79
55 23
72 85
36 11
63 92
30 87
99 90
62 89
69 12
33 82
72 50
76 46
83 61
34 52
30 57
44 50
21 97
21 16
27 99
76 74
66 3
15 82
97 90
72 63
92 42
4 6
35 65
60 38
79 2
77 43
44 11
19 85
20 25
96 79
31 40
35 97
15 59
42 55
41 28
48 34
41 71
29 15
18 2
80 20
69 33
99 33
15 81
57 37
86 93
38 46
85 60
36 69
47 29
86 31
45 30
11 5
25 63
79 80
41 10
93 5
72 18
86 30
11 7
30 22
15 12
53 11
7 2
11 17
50 70
41 51
35 23
85 5
62 76
14 31
92 98
57 28
39 29
76 50
8 74
91 77
54 9
85 80
66 57
89 14
23 67
79 17
72 49
75 44
98 82
4 70
32 3
31 54
73 45
85 22
13 75
95 2
90 35
96 93
67 17
3 85
58 93
6 17
35 64
90 82
96 92
87 26
68 25
20 47
33 65
42 51
10 30
70 6
13 94
34 4
86 11
82 30
30 49
16 22
40 37
13 29
43 33
19 12
46 14
77 12
93 95
91 46
73 24
40 90
83 91
68 79
67 91
83 38
31 62
27 16
79 6
63 94
52 21
60 12
39 8
35 41
62 50
59 54
16 93
5 71
47 62
69 47
49 52
95 55
47 67
49 70
73 17
90 89
10 4
89 35
15 89
84 74
91 8
45 60
56 79
65 95
9 38
64 72
33 13
55 9
82 54
51 87
72 28
17 3
65 73
2 66
65 59
51 64
89 70
6 26
17 81
83 41
92 16
12 92
13 1
46 28
9 26
19 92
21 86
18 9
68 81
19 17
41 72
40 38
18 61
34 44
64 63
99 100
59 99
59 20
54 43
68 18
54 36
60 51
25 61
82 13
37 90
88 47
43 15
78 62
66 84
87 41
91 34
70 58
43 46
11 55
46 55
4 78
63 12
99 91
80 78
92 35
89 63
9 64
51 11
69 46
54 37
4 73
90 98
59 15
63 87
35 68
2 33
53 92
12 77
29 20
71 72
46 3
46 81
1 18
39 26
32 8
53 97
72 55
67 79
40 23
43 62
63 43
81 90
45 87
21 20
55 34
48 22
65 22
3 90
44 76
77 21
88 14
68 48
29 42
20 24
62 56
3 94
29 50
12 4
10 25
74 55
80 34
9 22
67 17
65 85
59 72
15 20
88 66
31 8
38 66
13 76
31 91
78 25
72 94
17 99
38 26
39 19
37 66
82 56
58 10
12 54
99 82
30 85
79 14
39 41
5 98
49 82
55 2
19 31
88 76
7 89
7 50
98 94
39 13
67 11
1 19
45 97
33 31
43 85
97 36
30 87
19 70
88 16
35 46
85 77
1 50
95 18
58 60
10 72
82 50
11 69
27 1
84 4
44 29
13 6
51 94
44 94
96 39
27 71
46 89
7 39
55 80
31 78
81 62
88 70
66 19
43 24
15 10
50 7
8 41
85 69
32 15
55 50
84 3
28 89
86 70
31 17
47 1
73 48
1 14
81 77
20 38
76 4
78 85
94 16
40 32
58 35
18 5
97 47
1 15
44 8
31 7
93 80
26 49
39 55
76 34
94 5
26 5
94 66
90 1
71 78
93 13
5 74
33 48
60 83
34 78
93 19
64 16
11 38
13 50
27 3
37 93
41 87
23 78
78 45
60 18
31 29
65 22
29 2
10 76
95 3
69 38
66 58
94 58
83 16
27 54
63 42
92 96
69 36
64 78
10 81
79 16
37 35
21 36
13 37
85 72
7 21
78 85
47 27
21 88
76 92
39 2
65 19
16 64
44 45
8 42
46 91
54 29
42 12
30 87
31 88
7 67
57 22
41 82
18 40
17 76
82 20
3 85
82 6
9 58
67 79
10 87
7 44
77 57
54 82
33 22
19 82
54 39
86 44
73 87
90 59
14 72
76 42
34 85
90 24
77 8
68 91
34 28
82 9
60 5
1 91
76 2
27 78
27 36
13 6
10 13
66 17
13 28
14 90
91 6
78 62
43 56
83 72
1 85
63 75
29 5
72 27
24 77
29 21
60 30
49 32
27 92
50 45
90 55
12 91
14 4
57 6
46 53
70 44
24 12
90 8
36 42
88 72
7 58
92 58
78 54
35 22
41 33
39 34
59 43
56 71
42 92
77 59
92 61
94 96
89 65
9 10
91 4
55 81
84 44
93 74
45 24
53 82
29 9
57 79
18 3
72 82
78 79
63 50
44 31
87 63
61 56
90 51
72 40
46 73
86 15
93 18
76 2
10 71
91 76
8 61
55 34
79 87
6 10
41 22
18 7
26 12
74 83
30 52
5 59
43 55
21 50
59 8
38 63
3 48
57 47
6 79
68 60
27 28
62 42
46 78
89 80
17 13
53 10
75 53
66 50
54 27
53 56
62 52
46 57
50 61
23 44
31 11
26 79
85 16
67 49
20 81
72 1
21 19
18 13
76 21
65 73
49 84
86 70
88 79
2 86
85 71
62 11
78 50
53 28
54 36
28 67
62 53
51 15
81 84
74 35
76 81
47 76
38 59
26 73
61 3
33 30
38 73
19 14
88 45
64 12
11 27
69 33
64 28
84 33
67 9
96 95
70 47
89 17
35 60
20 23
73 54
32 70
24 59
62 73
40 77
7 95
79 57
66 50
19 93
77 54
13 92
91 85
6 32
42 40
68 22
48 45
75 59
19 6
45 68
96 38
96 65
88 65
84 59
67 53
57 5
49 15
41 53
14 90
18 8
56 36
10 20
86 12
3 82
28 46
52 45
37 23
19 54
45 46
31 20
61 31
56 46
22 28
42 84
89 3
7 91
33 17
61 92
1 38
87 11
62 78
5 53
74 41
79 19
34 70
59 48
81 74
13 82
14 25
46 85
23 29
35 17
31 65
29 78
89 83
34 55
54 49
80 86
31 12
21 88
39 49
48 29
36 19
20 4
8 28
36 87
89 64
7 30
59 34
64 8
28 87
76 67
41 26
24 89
38 83
61 63
1 26
89 13
81 63
9 79
68 96
93 85
100 93
22 69
73 91
54 29
28 11
94 31
78 35
91 54
85 100
98 84
41 72
67 82
43 69
21 96
26 72
14 98
2 62
75 12
80 19
38 80
15 68
42 52
61 45
16 28
48 59
13 81
39 59
50 49
30 82
89 9
25 65
85 2
62 9
42 40
80 5
41 15
54 90
12 30
1 10
73 78
3 19
24 44
15 91
86 76
24 75
6 73
88 87
37 70
91 83
3 54
80 47
87 29
72 44
75 35
27 91
99 2
56 37
11 41
98 78
71 96
9 34
98 41
89 98
95 37
94 67
37 51
47 86
92 23
39 66
71 58
1 43
95 29
72 15
34 43
24 42
21 67
21 4
23 76
32 21
8 1
18 89
90 98
33 73
26 57
12 64
93 72
20 77
39 35
61 91
9 86
7 66
70 61
58 72
36 74
96 93
70 59
64 38
56 26
40 73
81 66
61 37
27 25
32 50
92 66
37 31
4 73
38 44
74 3
64 65
73 24
29 22
15 40
27 19
63 72
63 59
37 11
19 70
50 53
43 68
31 41
54 40
51 13
93 60
78 22
63 8
30 66
23 68
10 79
15 60
87 17
26 82
51 70
88 35
61 54
29 95
40 18
90 7
47 10
84 75
21 92
83 57
46 2
77 40
30 31
38 17
40 80
58 4
72 51
77 14
88 96
44 83
38 77
74 38
30 55
39 37
2 48
27 21
75 8
48 24
53 31
8 59
23 57
88 59
40 37
96 22
14 90
76 81
19 74
90 38
64 31
46 21
93 40
52 11
60 14
34 65
21 47
34 62
94 91
83 80
81 11
93 38
86 65
73 46
94 7
11 76
86 89
22 14
70 66
100 100
1 96
31 26
23 64
31 7
80 70
55 31
61 24
92 67
79 59
45 96
84 26
27 52
35 95
49 19
69 39
29 35
47 12
11 32
74 58
23 2
73 57
65 33
47 74
80 19
8 61
38 35
71 11
35 12
7 78
52 92
6 15
24 52
23 14
62 42
29 48
25 61
55 41
78 99
41 57
11 84
51 64
97 87
75 95
100 99
73 17
57 30
63 50
36 88
69 75
60 45
52 62
75 6
25 51
22 99
42 67
77 17
2 97
93 25
63 16
59 83
56 8
83 70
66 65
55 9
9 31
3 14
32 92
50 1
13 96
100 59
12 38
5 75
44 91
9 90
82 30
94 40
1 83
6 59
20 13
18 48
92 98
32 46
96 56
11 44
52 4
39 37
33 99
92 5
14 91
80 23
87 59
86 57
89 95
94 98
10 45
70 41
26 33
4 68
75 61
20 4
91 100
68 63
80 74
33 8
18 19
76 57
43 32
84 34
20 91
41 57
59 48
19 86
25 75
18 54
47 45
46 22
88 90
85 5
54 36
81 60
34 43
55 9
50 47
28 76
44 39
71 47
23 91
53 67
18 62
57 30
6 10
5 60
85 65
90 35
1 49
78 14
42 35
66 41
49 31
10 36
91 65
5 28
50 35
88 80
87 22
72 37
58 48
1 17
58 75
91 71
33 87
78 88
56 18
90 62
51 50
4 86
37 31
74 33
73 70
43 25
25 33
56 40
53 13
78 28
46 49
54 43
41 6
85 75
31 7
7 8
26 23
69 68
19 46
50 67
15 52
57 72
2 19
2 34
34 29
63 18
69 10
90 12
42 25
13 56
80 91
33 79
1 71
16 1
91 45
42 2
18 67
29 15
82 57
29 48
33 20
23 51
2 7
84 19
42 29
4 31
21 58
92 93
78 51
75 10
48 52
67 64
32 19
2 39
36 86
15 84
92 50
33 86
13 14
66 78
63 66
41 64
54 3
52 81
49 57
34 26
27 59
37 4
86 90
56 35
79 11
38 82
22 3
81 7
22 21
45 69
56 31
72 43
27 43
39 64
28 71
2 43
19 80
88 2
40 9
4 54
56 12
15 55
69 32
88 60
50 12
56 38
77 11
34 49
16 31
83 38
59 82
17 89
35 48
69 35
45 72
23 46
33 34
88 77
79 61
58 38
68 43
78 69
54 7
67 76
29 16
38 30
29 38
44 7
69 20
39 17
68 83
13 56
19 54
18 29
78 88
66 44
24 26
60 83
77 54
23 20
70 45
86 68
76 35
65 83
83 36
21 30
76 49
32 21
3 92
68 46
26 75
6 87
71 8
6 56
58 18
91 91
35 43
57 39
2 1
83 8
84 3
2 12
21 53
13 29
8 60
83 88
85 71
63 37
20 61
50 59
69 3
47 75
12 86
51 72
20 73
42 84
54 10
78 51
26 11
51 44
83 67
86 30
31 80
48 4
87 38
18 15
14 54
44 26
74 41
82 67
74 88
39 14
83 89
44 6
23 46
15 73
34 17
75 53
51 16
9 69
43 81
75 31
51 43
55 33
70 48
16 57
71 48
43 61
18 19
29 37
5 42
9 26
34 66
66 28
44 84
36 78
24 53
81 9
88 6
27 48
4 76
38 29
90 48
88 72
89 33
80 34
14 23
27 79
84 40
42 48
6 53
75 69
30 79
28 15
44 16
70 43
34 74
26 65
14 68
28 45
43 48
11 48
21 49
44 3
65 81
52 25
37 26
91 95
31 65
42 1
6 21
31 5
49 74
69 24
85 63
26 63
90 40
55 68
30 50
16 59
55 50
29 28
29 18
82 21
76 31
35 21
45 61
66 8
84 59
26 30
75 35
4 24
39 25
79 74
41 32
32 28
71 83
27 51
84 46
83 16
39 43
8 36
1 35
20 29
21 1
13 65
54 2
80 1
3 72
62 90
72 30
46 19
19 21
80 16
61 18
10 62
2 18
50 27
22 91
7 48
82 15
1 18
62 16
82 78
3 91
76 30
82 45
21 33
89 62
28 43
9 55
68 20
9 63
38 17
26 69
35 51
74 52
68 76
89 64
86 85
4 62
6 72
81 75
62 21
66 30
64 76
23 46
42 52
34 41
29 71
85 16
17 15
58 74
33 36
34 83
33 23
57 53
87 22
7 74
48 54
41 3
76 34
84 77
94 93
29 40
15 64
37 28
63 39
56 90
63 90
69 9
19 53
25 88
24 93
16 73
76 1
30 62
66 30
77 22
28 7
27 54
90 48
47 6
40 48
10 22
1 87
31 79
49 43
63 13
51 76
70 40
66 8
71 3
6 1
90 47
75 64
8 34
71 2
61 75
72 17
56 74
12 92
57 14
78 18
14 22
79 29
13 17
11 54
55 64
92 10
83 29
30 41
84 60
90 85
4 41
28 46
91 33
3 54
94 22
46 49
80 65
62 22
44 67
92 90
9 46
2 75
26 1
45 40
77 2
16 78
81 41
89 62
79 27
59 77
28 13
44 6
24 69
32 45
16 42
45 73
36 39
21 90
8 7
25 74
72 58
81 27
18 94
43 46
50 2
16 7
8 9
65 4
17 70
90 25
91 42
42 80
4 53
90 95
49 38
65 76
61 12
63 10
23 43
9 70
75 23
54 26
25 17
90 39
45 57
70 25
47 54
48 55
80 90
72 49
39 46
67 84
18 82
8 81
49 87
26 47
39 21
19 9
78 65
20 1
17 54
33 87
25 36
58 59
64 16
74 47
69 81
11 86
72 56
16 80
76 75
87 21
75 20
3 54
82 46
89 68
89 31
6 56
87 13
12 74
45 58
28 79
22 80
3 79
25 39
34 29
17 11
47 6
12 10
57 83
31 16
58 34
48 49
68 8
43 13
78 60
77 7
84 59
71 69
29 51
45 78
64 48
78 90
64 39
23 56
2 12
67 8
22 21
65 64
34 89
58 88
79 83
11 67
6 55
10 42
56 24
5 46
1 27
16 82
88 7
70 65
2 36
30 60
1 61
47 4
65 36
28 31
5 32
16 58
91 94
7 51
84 74
64 44
18 59
78 60
29 53
7 1
41 91
25 66
85 56
26 80
70 34
18 22
69 39
41 7
42 71
2 66
2 84
78 33
81 1
46 90
86 41
50 56
75 81
53 57
78 5
33 27
11 62
46 74
67 82
59 75
22 16
53 24
28 80
31 22
19 28
54 55
46 91
29 22
21 15
67 83
71 34
47 7
45 80
26 75
24 55
17 39
42 76
68 41
40 38
12 37
16 24
69 8
20 62
6 66
6 82
34 53
13 90
72 70
16 5
70 85
59 86
33 88
71 78
36 31
64 49
12 59
89 15
21 51
87 64
10 52
79 55
37 4
48 15
77 63
27 51
74 29
71 73
21 73
24 59
43 51
4 23
16 68
63 53
39 12
42 9
48 64
49 83
40 69
34 81
77 8
15 72
78 1
29 3
100 96
19 26
32 19
35 15
74 84
53 47
98 34
73 31
78 42
56 33
53 20
75 98
66 100
18 100
66 92
43 29
20 37
47 51
45 89
73 85
91 9
59 64
84 70
14 82
81 79
73 81
86 16
4 50
3 85
74 39
91 48
72 47
51 12
13 30
6 93
47 81
20 16
76 68
3 80
97 2
40 76
3 31
49 100
2 52
89 47
87 80
23 43
67 36
75 54
78 75
66 61
79 92
91 68
29 24
30 88
13 48
24 49
21 1
7 65
37 89
84 48
37 21
6 43
37 69
52 54
50 97
17 45
48 65
36 12
56 64
90 30
93 38
28 8
79 93
53 42
53 90
6 53
29 34
84 25
22 62
50 73
36 55
95 22
38 26
9 100
86 6
61 75
75 88
45 73
47 10
30 60
89 13
67 91
38 7
71 55
95 18
6 25
98 92
41 31
97 23
45 50
44 50
61 48
41 85
36 73
43 34
95 63
14 67
93 23
53 35
72 40
48 75
91 97
94 95
15 61
4 44
26 59
3 87
43 94
67 38
86 98
57 3
51 71
28 65
56 97
70 48
39 29
3 12
51 74
11 4
58 83
53 52
51 17
33 95
19 15
96 17
34 28
3 50
67 45
84 75
51 67
86 5
68 69
87 35
93 4
19 61
69 6
34 5
92 87
89 24
63 8
1 4
37 22
38 71
75 62
64 20
49 68
86 36
23 94
17 52
74 87
70 21
60 71
53 2
12 72
65 87
68 94
33 11
42 22
14 42
78 53
39 25
86 44
34 48
56 88
45 86
42 38
59 58
39 60
86 38
73 44
94 84
79 64
86 89
94 79
9 67
79 82
66 18
90 85
97 16
