100
1 7
1 1
2 920
50 120
50 120
1 32
7 4
3 240
10 20
20 30
30 10
100 100000000
250 250
250 250
250 250
250 250
250 250
250 250
250 250
250 250
250 250
250 250
250 250
250 250
250 250
250 250
250 250
250 250
250 250
250 250
250 250
250 250
250 250
250 250
250 250
250 250
250 250
250 250
250 250
250 250
250 250
250 250
250 250
250 250
250 250
250 250
250 250
250 250
250 250
250 250
250 250
250 250
250 250
250 250
250 250
250 250
250 250
250 250
250 250
250 250
250 250
250 250
250 250
250 250
250 250
250 250
250 250
250 250
250 250
250 250
250 250
250 250
250 250
250 250
250 250
250 250
250 250
250 250
250 250
250 250
250 250
250 250
250 250
250 250
250 250
250 250
250 250
250 250
250 250
250 250
250 250
250 250
250 250
250 250
250 250
250 250
250 250
250 250
250 250
250 250
250 250
250 250
250 250
250 250
250 250
250 250
250 250
250 250
250 250
250 250
250 250
250 250
1 5
1 1
93 54741
163 114
159 59
29 195
26 208
65 125
233 212
88 221
244 198
34 219
73 80
49 91
188 183
206 59
178 60
1 160
72 136
226 225
175 66
137 224
16 56
74 160
8 147
212 136
110 190
249 45
122 237
190 230
123 95
26 237
122 36
130 237
217 165
71 8
97 26
109 114
34 190
16 241
245 78
57 59
31 106
168 192
224 130
151 89
141 192
223 141
41 50
231 112
196 198
76 169
11 21
14 166
37 212
222 55
33 37
149 232
132 150
227 181
41 32
188 224
96 200
156 98
230 239
89 6
247 78
192 57
130 72
26 236
221 137
126 206
61 116
102 10
11 101
148 181
182 126
92 180
247 201
5 178
65 11
84 175
194 35
140 19
45 179
184 216
175 23
119 6
194 238
65 88
144 238
220 68
49 57
240 172
135 247
152 139
1 1500
250 250
63 48715
120 16
202 138
190 12
99 186
35 217
220 77
199 112
74 32
37 29
200 141
149 206
23 4
130 174
92 152
59 132
200 198
19 122
37 202
174 228
221 102
248 169
213 4
221 171
27 233
216 85
234 63
217 170
80 220
193 109
205 194
7 27
118 6
49 243
28 217
39 115
227 246
114 70
4 82
3 191
20 196
113 219
10 77
130 47
12 189
218 4
113 11
186 45
79 126
187 10
204 118
40 237
66 204
204 203
13 228
230 149
13 34
66 132
224 163
29 17
174 149
139 127
43 196
248 28
1 80
20 10
38 39701
193 207
235 56
123 173
69 20
159 164
188 154
139 246
49 183
145 64
245 226
94 82
217 249
200 199
125 55
157 184
172 191
101 214
173 141
64 208
82 130
152 21
103 28
146 120
89 204
77 181
200 93
227 59
5 200
159 236
217 6
52 17
217 151
146 24
83 171
69 249
160 166
21 5
250 57
77 71430
35 205
148 14
40 87
237 94
247 182
250 172
21 103
93 62
169 121
243 7
203 84
205 150
207 12
165 83
214 171
247 74
114 18
30 19
141 225
5 56
248 21
98 108
124 141
179 193
27 235
147 53
205 141
138 170
136 139
192 185
80 182
12 103
135 119
57 226
76 173
83 46
136 74
135 107
58 234
230 192
109 162
8 78
11 26
114 68
153 94
150 46
3 226
129 177
236 202
190 113
159 167
57 45
30 96
193 229
111 244
179 20
237 230
147 190
5 71
73 226
56 219
50 30
174 71
87 49
20 71
54 57
20 147
156 164
151 149
161 100
80 21
13 120
246 66
47 97
28 185
113 12
89 136
43 41623
210 3
72 182
160 250
20 144
210 105
52 163
5 175
201 216
140 83
78 143
125 135
177 65
134 210
230 182
68 58
191 58
110 106
179 165
47 134
65 239
123 237
184 231
180 143
245 114
157 242
81 193
122 225
93 212
180 186
29 115
198 15
176 233
225 77
193 14
212 73
119 29
83 32
55 53
162 211
47 145
221 95
27 116
27 176
10 60
1 1
1 1
1 1
1 1
1 1
1 1
1 1
1 1
1 1
1 1
100 100000
250 250
250 250
250 250
250 250
250 250
250 250
250 250
250 250
250 250
250 250
250 250
250 250
250 250
250 250
250 250
250 250
250 250
250 250
250 250
250 250
250 250
250 250
250 250
250 250
250 250
250 250
250 250
250 250
250 250
250 250
250 250
250 250
250 250
250 250
250 250
250 250
250 250
250 250
250 250
250 250
250 250
250 250
250 250
250 250
250 250
250 250
250 250
250 250
250 250
250 250
250 250
250 250
250 250
250 250
250 250
250 250
250 250
250 250
250 250
250 250
250 250
250 250
250 250
250 250
250 250
250 250
250 250
250 250
250 250
250 250
250 250
250 250
250 250
250 250
250 250
250 250
250 250
250 250
250 250
250 250
250 250
250 250
250 250
250 250
250 250
250 250
250 250
250 250
250 250
250 250
250 250
250 250
250 250
250 250
250 250
250 250
250 250
250 250
250 250
250 250
99 55318
177 62
178 25
195 119
138 72
194 222
243 53
31 57
9 33
52 136
81 244
105 57
187 186
59 37
114 114
171 141
181 67
236 132
139 28
46 190
203 4
142 195
173 204
135 105
29 173
202 181
158 15
13 93
88 208
246 15
195 33
222 242
163 209
73 68
137 48
224 234
138 247
20 182
34 74
70 210
67 221
210 68
118 243
23 22
36 104
63 35
96 203
202 217
26 70
87 133
78 177
5 161
80 12
163 73
123 129
141 131
248 216
94 241
177 249
244 47
6 64
114 94
98 107
127 180
73 214
75 171
113 248
15 203
126 205
29 99
138 100
17 121
78 101
46 154
170 110
153 76
249 226
99 246
34 167
79 69
123 147
215 52
213 153
235 93
77 16
137 41
59 13
181 135
180 250
4 179
57 215
30 46
96 100
210 235
211 26
226 79
109 21
199 239
115 128
185 158
2 15
1 1
2 2
100 500
1 1
1 1
1 1
1 1
1 1
1 1
1 1
1 1
1 1
1 1
1 1
1 1
1 1
1 1
1 1
1 1
1 1
1 1
1 1
1 1
1 1
1 1
1 1
1 1
1 1
1 1
1 1
1 1
1 1
1 1
1 1
1 1
1 1
1 1
1 1
1 1
1 1
1 1
1 1
1 1
1 1
1 1
1 1
1 1
1 1
1 1
1 1
1 1
1 1
1 1
1 1
1 1
1 1
1 1
1 1
1 1
1 1
1 1
1 1
1 1
1 1
1 1
1 1
1 1
1 1
1 1
1 1
1 1
1 1
1 1
1 1
1 1
1 1
1 1
1 1
1 1
1 1
1 1
1 1
1 1
1 1
1 1
1 1
1 1
1 1
1 1
1 1
1 1
1 1
1 1
1 1
1 1
1 1
1 1
1 1
1 1
1 1
1 1
1 1
1 1
100 600
1 1
1 1
1 1
1 1
1 1
1 1
1 1
1 1
1 1
1 1
1 1
1 1
1 1
1 1
1 1
1 1
1 1
1 1
1 1
1 1
1 1
1 1
1 1
1 1
1 1
1 1
1 1
1 1
1 1
1 1
1 1
1 1
1 1
1 1
1 1
1 1
1 1
1 1
1 1
1 1
1 1
1 1
1 1
1 1
1 1
1 1
1 1
1 1
1 1
1 1
1 1
1 1
1 1
1 1
1 1
1 1
1 1
1 1
1 1
1 1
1 1
1 1
1 1
1 1
1 1
1 1
1 1
1 1
1 1
1 1
1 1
1 1
1 1
1 1
1 1
1 1
1 1
1 1
1 1
1 1
1 1
1 1
1 1
1 1
1 1
1 1
1 1
1 1
1 1
1 1
1 1
1 1
1 1
1 1
1 1
1 1
1 1
1 1
1 1
1 1
77 60067
18 37
26 215
228 117
88 126
12 20
243 167
74 58
177 91
73 30
130 220
38 157
51 199
58 131
131 145
186 185
117 222
185 99
241 211
170 237
171 239
108 82
167 18
15 180
29 90
140 14
1 66
154 212
46 36
150 66
42 57
53 76
135 235
170 28
238 205
136 48
79 37
146 99
188 159
224 63
70 9
159 9
153 14
116 85
243 163
231 173
27 2
172 192
40 95
205 113
132 249
239 223
228 206
19 146
246 243
242 9
161 105
145 72
104 99
175 178
179 40
234 146
224 194
137 115
112 126
188 65
107 79
42 180
34 234
190 105
207 193
99 189
157 188
65 37
212 184
31 236
225 133
186 51
2 21
2 2
1 1
1 100000000
161 240
89 55316
9 170
16 88
216 215
103 195
36 83
244 245
22 211
26 175
218 189
94 141
125 191
128 204
130 22
142 156
89 58
146 6
163 107
216 83
170 231
215 107
161 14
3 24
209 136
109 236
162 223
118 43
202 83
129 163
18 75
125 54
135 201
54 164
173 141
214 50
161 137
110 211
241 239
3 118
5 221
95 199
89 3
141 220
151 177
196 10
250 29
41 145
210 155
136 78
62 115
220 204
117 207
238 124
153 182
195 18
151 128
216 67
19 163
60 12
31 143
91 26
6 147
80 226
101 39
112 111
33 246
76 208
79 205
106 132
113 42
47 72
16 107
107 31
46 39
110 157
243 170
67 61
32 21
114 66
243 41
189 222
246 55
31 212
120 181
3 209
31 2
18 110
97 44
116 10
114 239
100 400
1 1
1 1
1 1
1 1
1 1
1 1
1 1
1 1
1 1
1 1
1 1
1 1
1 1
1 1
1 1
1 1
1 1
1 1
1 1
1 1
1 1
1 1
1 1
1 1
1 1
1 1
1 1
1 1
1 1
1 1
1 1
1 1
1 1
1 1
1 1
1 1
1 1
1 1
1 1
1 1
1 1
1 1
1 1
1 1
1 1
1 1
1 1
1 1
1 1
1 1
1 1
1 1
1 1
1 1
1 1
1 1
1 1
1 1
1 1
1 1
1 1
1 1
1 1
1 1
1 1
1 1
1 1
1 1
1 1
1 1
1 1
1 1
1 1
1 1
1 1
1 1
1 1
1 1
1 1
1 1
1 1
1 1
1 1
1 1
1 1
1 1
1 1
1 1
1 1
1 1
1 1
1 1
1 1
1 1
1 1
1 1
1 1
1 1
1 1
1 1
2 12
1 1
2 2
74 48982
83 4
72 205
121 157
56 225
214 41
51 229
219 226
78 221
18 196
225 95
29 84
21 116
174 242
5 90
150 19
1 179
88 219
192 76
66 59
76 230
99 236
66 26
132 27
199 195
39 240
225 8
181 52
136 239
181 172
215 228
147 34
72 186
198 90
92 47
80 177
216 174
207 114
77 109
169 39
94 165
61 95
9 119
94 80
151 144
13 43
212 104
113 241
39 13
85 152
239 113
187 171
8 59
220 113
153 140
139 234
222 166
79 194
144 227
207 73
16 245
222 244
234 113
31 13
41 185
13 117
146 28
235 139
161 58
209 45
118 49
175 217
167 205
47 94
158 72
99 95848
215 200
11 127
181 240
100 179
162 80
6 235
85 215
166 168
225 48
168 211
117 21
55 79
170 196
186 129
68 23
38 154
94 40
149 189
113 93
192 121
235 74
151 227
132 189
224 130
118 69
248 110
134 129
104 82
190 174
63 55
85 27
54 72
66 40
21 33
90 74
33 211
73 77
204 82
52 30
250 195
109 233
105 232
13 134
109 207
185 69
182 18
202 7
18 20
124 182
68 8
34 227
68 108
125 93
123 131
90 125
172 123
120 17
108 129
244 103
184 33
9 180
173 2
196 79
191 223
49 37
216 141
118 15
95 57
163 37
180 23
129 45
202 184
227 56
242 174
222 213
190 104
194 126
138 143
213 162
98 158
232 87
62 70
242 38
49 188
28 181
15 219
229 28
45 188
114 38
144 128
203 208
119 107
49 190
225 223
229 176
169 105
72 89
108 98
113 171
14 11158
95 74
45 152
249 211
13 44
49 83
39 8
127 164
101 49
189 197
97 142
176 47
70 242
25 226
243 65
52 48699
247 112
241 34
132 6
199 102
47 101
66 109
170 116
89 173
172 149
6 192
36 101
68 219
45 48
152 167
177 147
202 140
153 192
67 214
205 42
54 82
176 227
210 67
7 250
20 14
91 204
18 2
46 87
111 239
249 11
67 83
225 200
112 239
246 158
43 139
31 80
231 51
59 197
114 127
221 40
198 84
102 26
169 146
76 170
207 221
232 227
220 155
59 109
172 187
202 219
191 241
5 131
120 158
52 40446
205 80
68 84
175 109
41 67
25 200
118 238
33 235
129 132
83 69
50 203
159 211
188 5
90 68
162 182
57 210
101 126
29 162
79 107
101 45
87 174
102 184
201 10
30 128
244 145
119 76
184 6
86 199
71 226
13 50
207 241
156 96
150 38
144 22
61 235
128 18
112 123
177 142
182 3
77 49
191 113
11 33
140 188
213 143
174 141
220 25
39 19
132 145
59 98
189 147
144 70
124 198
214 209
10 100000000
1 1
1 1
1 1
1 1
1 1
1 1
1 1
1 1
1 1
1 1
65 67029
230 70
123 173
91 132
149 146
141 231
39 169
128 170
143 126
183 228
106 33
237 107
239 176
111 35
211 232
63 23
141 243
200 46
93 166
48 149
187 22
129 151
27 14
150 142
3 243
94 247
4 243
213 71
206 187
161 163
58 12
128 71
215 97
147 24
248 146
217 242
73 84
79 226
234 142
68 67
60 169
20 175
29 200
102 96
172 209
18 22
188 77
46 35
166 133
86 206
44 204
121 210
18 49
242 142
130 17
138 188
69 75
55 176
203 140
210 236
170 148
237 18
230 129
204 247
24 91
37 53
30 24935
5 243
60 237
13 123
134 206
203 192
231 55
146 216
205 48
43 135
226 170
239 93
242 222
107 216
136 86
28 116
90 210
111 60
145 74
135 84
53 47
106 167
12 231
165 155
23 48
151 107
207 176
8 10
107 13
179 182
92 58
49 33903
171 181
234 63
84 112
190 18
213 113
60 146
152 128
163 14
30 62
64 133
183 244
196 31
243 210
114 146
77 181
173 157
5 119
207 50
106 6
153 103
152 116
75 167
209 107
123 158
58 91
231 166
84 192
168 166
188 220
123 80
19 159
157 201
38 239
93 15
42 48
207 249
110 163
245 230
132 56
111 72
241 85
70 80
112 17
108 149
114 43
82 79
99 150
151 7
121 224
85 78986
230 183
219 71
186 162
59 204
160 138
88 131
105 39
236 246
207 21
61 179
166 247
172 110
238 130
190 21
246 93
15 35
187 148
236 89
56 205
166 226
153 117
110 164
93 98
46 80
107 76
140 18
60 45
194 110
164 171
186 64
183 8
169 77
161 2
58 219
95 246
93 114
156 237
162 215
59 71
118 113
19 54
236 76
210 121
226 245
116 250
77 6
180 133
168 96
35 140
232 112
189 158
98 172
115 206
101 250
49 204
55 59
45 156
212 67
144 244
20 76
158 164
194 87
117 227
127 37
91 173
10 38
192 192
25 73
238 123
134 236
145 222
77 83
199 174
10 148
58 108
37 197
55 80
109 122
95 199
36 81
196 45
229 147
189 146
249 180
83 86
2 1373
24 206
121 71
29 17758
121 19
193 150
222 176
171 14
72 104
172 74
56 57
66 135
147 50
185 41
145 108
105 116
11 65
141 203
80 179
215 20
247 89
174 44
174 246
113 102
20 110
14 37
115 230
220 107
248 17
97 237
194 140
188 209
193 128
77 37967
8 47
113 81
98 83
34 140
138 196
20 73
162 53
86 174
173 126
206 152
100 141
15 62
82 225
125 228
37 16
94 28
77 194
207 236
225 231
202 81
41 139
6 237
60 100
180 122
105 176
135 175
79 80
98 95
68 109
49 128
224 126
165 194
98 211
29 220
115 78
54 180
119 153
18 39
100 67
13 91
188 138
142 202
98 172
147 80
2 30
147 174
112 188
198 103
161 56
180 141
103 208
207 26
238 225
87 89
192 174
249 226
144 128
181 25
12 210
245 120
152 211
30 82
154 215
76 224
52 73
123 157
38 197
200 175
135 30
88 166
157 2
174 239
201 42
73 121
25 37
10 2
187 79
1 24
3 4
75 38193
182 30
107 95
185 38
166 14
221 236
160 182
201 105
158 62
90 145
4 213
239 78
249 39
126 229
229 172
237 29
124 218
72 76
4 175
60 107
84 234
59 28
110 133
115 125
30 167
228 26
214 36
71 56
98 40
48 95
217 112
149 108
214 200
228 102
8 209
244 6
141 226
120 9
189 204
151 104
83 190
41 142
169 113
209 29
76 165
157 6
3 13
88 66
11 37
250 183
28 30
182 138
2 143
185 83
172 46
54 194
53 152
110 55
97 23
242 139
97 211
151 51
190 50
32 240
211 230
80 207
38 83
65 62
119 71
245 222
157 155
14 134
94 161
246 11
183 220
210 1
49 44080
131 40
134 237
224 244
20 188
124 51
117 202
69 179
115 27
16 84
22 73
150 121
32 97
185 77
50 177
95 241
226 190
34 218
150 6
55 145
182 32
173 134
23 11
131 227
243 141
100 179
93 146
93 61
126 85
151 122
147 231
8 214
169 21
113 98
59 54
87 147
72 201
47 199
179 164
220 145
4 96
98 144
151 215
102 191
24 248
1 85
135 212
36 163
89 131
44 184
2 13
1 1
2 2
60 31372
129 177
200 40
198 243
182 103
47 20
109 153
80 89
196 215
167 249
45 64
40 200
1 221
22 53
1 132
201 64
58 214
127 120
135 60
136 52
27 46
74 134
242 95
95 161
12 127
163 207
110 131
235 150
167 142
75 241
123 46
60 59
111 226
115 126
132 248
243 144
56 250
243 199
116 162
212 198
131 224
229 117
60 25
41 218
194 39
93 158
8 132
19 151
103 235
145 123
1 1
189 210
132 245
46 51
8 93
30 249
27 14
150 225
72 219
85 109
101 127
100 100000000
161 240
161 240
161 240
161 240
161 240
161 240
161 240
161 240
161 240
161 240
161 240
161 240
161 240
161 240
161 240
161 240
161 240
161 240
161 240
161 240
161 240
161 240
161 240
161 240
161 240
161 240
161 240
161 240
161 240
161 240
161 240
161 240
161 240
161 240
161 240
161 240
161 240
161 240
161 240
161 240
161 240
161 240
161 240
161 240
161 240
161 240
161 240
161 240
161 240
161 240
161 240
161 240
161 240
161 240
161 240
161 240
161 240
161 240
161 240
161 240
161 240
161 240
161 240
161 240
161 240
161 240
161 240
161 240
161 240
161 240
161 240
161 240
161 240
161 240
161 240
161 240
161 240
161 240
161 240
161 240
161 240
161 240
161 240
161 240
161 240
161 240
161 240
161 240
161 240
161 240
161 240
161 240
161 240
161 240
161 240
161 240
161 240
161 240
161 240
161 240
26 17533
205 229
79 125
52 116
250 80
87 36
38 155
97 74
179 179
93 60
76 23
214 124
107 108
193 80
250 108
21 247
232 205
62 159
121 24
222 155
54 149
61 166
67 72
102 75
147 75
105 95
100 231
23 20966
26 98
28 3
206 113
37 122
15 18
106 159
216 44
193 114
243 237
152 85
2 158
212 223
169 66
49 167
233 213
11 178
248 30
25 150
68 24
72 177
82 56
101 111
148 204
1 4
1 1
31 27935
217 109
4 101
192 109
12 101
63 132
224 6
88 140
92 69
184 160
26 87
128 9
139 146
210 117
217 208
29 21
246 202
217 148
33 153
114 33
132 15
19 75
136 237
213 13
62 219
248 168
72 160
149 127
141 131
215 132
230 85
22 120
23 18809
148 33
59 191
172 64
97 184
228 11
206 86
63 187
175 160
92 17
128 186
80 13
104 146
191 73
19 168
42 16
135 6
6 249
169 104
50 7
63 185
145 161
233 112
121 250
34 25435
22 58
145 175
129 209
194 216
48 166
132 178
152 159
230 71
54 41
135 191
41 154
210 13
118 79
33 20
176 96
109 19
203 204
195 232
187 186
239 148
205 105
103 57
107 175
217 29
75 204
243 200
168 68
62 150
170 150
183 214
23 51
54 14
114 193
86 218
37 33609
58 173
184 135
13 17
224 213
243 40
66 146
116 186
24 215
83 51
74 175
221 66
249 65
66 237
39 211
7 176
40 26
209 163
194 163
114 194
78 202
231 217
109 163
247 212
245 114
239 70
82 217
222 64
103 178
128 32
51 232
196 185
117 77
82 55
1 115
164 14
231 80
184 245
16 13002
235 9
84 32
104 3
214 127
166 162
14 140
14 244
225 132
170 154
116 218
116 43
235 144
157 151
151 102
148 162
151 204
12 7539
121 19
91 15
30 149
90 243
43 145
88 59
192 41
96 44
111 113
21 115
197 113
132 151
1 80
10 20
89 90412
79 231
62 110
6 184
234 17
197 35
144 194
133 19
34 158
31 24
20 160
179 230
239 157
58 134
169 168
166 193
76 50
45 92
151 6
106 9
153 21
79 14
38 220
224 135
154 118
227 122
84 187
55 197
229 69
40 203
104 174
43 227
25 235
90 77
175 219
96 196
202 176
119 39
250 227
43 245
171 209
133 94
10 220
43 43
171 32
232 203
229 100
135 53
130 34
58 19
215 124
224 77
5 146
182 8
57 96
160 138
204 121
146 202
178 102
237 80
66 2
24 72
40 75
156 138
142 162
14 61
245 85
235 74
186 87
217 238
220 203
228 242
238 97
24 132
130 235
13 18
211 49
106 39
12 46
24 16
183 71
244 134
90 43
221 240
84 163
71 39
71 249
153 121
32 54
184 121
40 33528
40 224
83 243
64 185
69 42
148 24
158 113
118 54
63 27
147 231
204 33
214 12
23 113
121 212
195 89
52 176
146 166
78 197
116 174
196 94
186 237
39 164
13 222
229 186
103 220
13 177
97 104
172 201
78 133
84 36
74 193
117 188
220 93
166 181
38 186
46 68
100 47
3 224
153 246
147 182
226 240
100 100000000
3 4
3 4
3 4
3 4
3 4
3 4
3 4
3 4
3 4
3 4
3 4
3 4
3 4
3 4
3 4
3 4
3 4
3 4
3 4
3 4
3 4
3 4
3 4
3 4
3 4
3 4
3 4
3 4
3 4
3 4
3 4
3 4
3 4
3 4
3 4
3 4
3 4
3 4
3 4
3 4
3 4
3 4
3 4
3 4
3 4
3 4
3 4
3 4
3 4
3 4
3 4
3 4
3 4
3 4
3 4
3 4
3 4
3 4
3 4
3 4
3 4
3 4
3 4
3 4
3 4
3 4
3 4
3 4
3 4
3 4
3 4
3 4
3 4
3 4
3 4
3 4
3 4
3 4
3 4
3 4
3 4
3 4
3 4
3 4
3 4
3 4
3 4
3 4
3 4
3 4
3 4
3 4
3 4
3 4
3 4
3 4
3 4
3 4
3 4
3 4
10 12500
250 250
250 250
250 250
250 250
250 250
250 250
250 250
250 250
250 250
250 250
10 100000000
161 240
161 240
161 240
161 240
161 240
161 240
161 240
161 240
161 240
161 240
6 3179
99 32
39 54
174 117
244 192
106 143
130 236
95 93211
173 146
50 217
135 234
49 103
4 41
91 29
69 118
87 122
102 226
19 59
126 167
25 213
5 179
28 125
102 9
152 74
66 14
67 89
28 171
109 107
183 166
133 145
43 42
241 134
26 78
121 89
82 44
38 133
226 150
53 156
142 237
101 234
74 70
162 178
219 136
190 96
176 70
147 85
151 152
225 176
215 205
143 185
209 41
137 81
236 13
232 109
21 50
75 138
213 189
186 137
53 224
141 94
141 118
19 226
192 66
91 249
24 130
196 180
67 28
185 79
209 158
95 51
74 225
139 42
217 101
22 229
76 174
193 217
64 224
181 185
22 100
92 224
238 120
89 201
105 87
216 137
115 155
146 185
77 87
210 228
219 239
206 70
53 140
64 140
139 39
52 208
78 117
115 44
30 42
246 31
137 34
11 47
131 180
231 107
98 46
21 22128
99 221
35 13
158 178
186 200
122 30
184 127
2 103
223 158
94 238
157 74
84 37
3 236
3 118
205 88
161 112
217 234
185 164
160 168
216 245
128 131
159 4
10 15000
250 250
250 250
250 250
250 250
250 250
250 250
250 250
250 250
250 250
250 250
100 100000000
1 1
1 1
1 1
1 1
1 1
1 1
1 1
1 1
1 1
1 1
1 1
1 1
1 1
1 1
1 1
1 1
1 1
1 1
1 1
1 1
1 1
1 1
1 1
1 1
1 1
1 1
1 1
1 1
1 1
1 1
1 1
1 1
1 1
1 1
1 1
1 1
1 1
1 1
1 1
1 1
1 1
1 1
1 1
1 1
1 1
1 1
1 1
1 1
1 1
1 1
1 1
1 1
1 1
1 1
1 1
1 1
1 1
1 1
1 1
1 1
1 1
1 1
1 1
1 1
1 1
1 1
1 1
1 1
1 1
1 1
1 1
1 1
1 1
1 1
1 1
1 1
1 1
1 1
1 1
1 1
1 1
1 1
1 1
1 1
1 1
1 1
1 1
1 1
1 1
1 1
1 1
1 1
1 1
1 1
1 1
1 1
1 1
1 1
1 1
1 1
78 41990
48 188
107 34
37 38
236 61
99 111
238 153
113 160
185 33
89 123
62 184
96 73
194 9
19 198
183 149
52 245
54 227
134 216
12 91
162 50
221 206
154 154
117 131
92 79
27 226
61 151
4 29
104 44
199 16
83 51
242 188
104 48
132 203
14 80
242 76
23 212
130 136
17 47
169 221
87 36
9 220
27 128
140 242
92 208
108 228
56 102
184 130
52 199
145 15
104 232
78 173
164 185
34 227
117 137
205 148
25 156
66 159
219 96
219 116
202 84
159 210
145 89
66 92
77 181
231 15
113 97
4 67
190 37
42 159
65 225
250 73
207 197
94 189
132 146
73 191
189 193
246 46
67 89
124 52
100 125000
250 250
250 250
250 250
250 250
250 250
250 250
250 250
250 250
250 250
250 250
250 250
250 250
250 250
250 250
250 250
250 250
250 250
250 250
250 250
250 250
250 250
250 250
250 250
250 250
250 250
250 250
250 250
250 250
250 250
250 250
250 250
250 250
250 250
250 250
250 250
250 250
250 250
250 250
250 250
250 250
250 250
250 250
250 250
250 250
250 250
250 250
250 250
250 250
250 250
250 250
250 250
250 250
250 250
250 250
250 250
250 250
250 250
250 250
250 250
250 250
250 250
250 250
250 250
250 250
250 250
250 250
250 250
250 250
250 250
250 250
250 250
250 250
250 250
250 250
250 250
250 250
250 250
250 250
250 250
250 250
250 250
250 250
250 250
250 250
250 250
250 250
250 250
250 250
250 250
250 250
250 250
250 250
250 250
250 250
250 250
250 250
250 250
250 250
250 250
250 250
1 6
1 1
48 33692
49 244
99 12
161 63
235 187
48 207
110 234
115 239
115 176
119 120
57 226
134 132
102 217
103 50
94 173
58 117
45 160
136 193
185 235
88 16
74 148
152 154
133 10
29 206
225 37
219 130
100 18
19 219
231 139
249 30
95 229
232 201
192 228
216 62
78 131
119 213
178 182
244 229
115 83
100 204
226 233
141 195
58 248
68 179
16 138
95 128
227 221
185 238
44 105
1 1000
250 250
10 10000
250 250
250 250
250 250
250 250
250 250
250 250
250 250
250 250
250 250
250 250
2 14
1 1
2 2
10 240
3 4
3 4
3 4
3 4
3 4
3 4
3 4
3 4
3 4
3 4
21 12296
66 207
17 158
115 30
20 95
6 58
19 236
245 112
48 151
68 237
62 190
167 173
233 60
230 144
147 179
18 151
15 223
130 55
162 121
9 32
246 32
231 214
2 18
2 2
1 1
32 28357
214 129
55 188
34 77
76 244
183 223
86 143
196 225
118 242
135 114
95 33
58 63
35 219
73 60
121 148
121 215
87 155
9 124
117 147
64 99
184 177
146 160
144 97
149 191
19 46
61 93
64 200
40 235
88 48
38 47
235 249
140 120
145 18
1 1250
250 250
2 29
3 4
3 4
10 40
1 1
1 1
1 1
1 1
1 1
1 1
1 1
1 1
1 1
1 1
2 17
1 1
2 2
100 150000
250 250
250 250
250 250
250 250
250 250
250 250
250 250
250 250
250 250
250 250
250 250
250 250
250 250
250 250
250 250
250 250
250 250
250 250
250 250
250 250
250 250
250 250
250 250
250 250
250 250
250 250
250 250
250 250
250 250
250 250
250 250
250 250
250 250
250 250
250 250
250 250
250 250
250 250
250 250
250 250
250 250
250 250
250 250
250 250
250 250
250 250
250 250
250 250
250 250
250 250
250 250
250 250
250 250
250 250
250 250
250 250
250 250
250 250
250 250
250 250
250 250
250 250
250 250
250 250
250 250
250 250
250 250
250 250
250 250
250 250
250 250
250 250
250 250
250 250
250 250
250 250
250 250
250 250
250 250
250 250
250 250
250 250
250 250
250 250
250 250
250 250
250 250
250 250
250 250
250 250
250 250
250 250
250 250
250 250
250 250
250 250
250 250
250 250
250 250
250 250
53 44669
97 7
227 192
170 201
122 46
14 189
192 102
224 48
157 13
151 232
191 74
69 131
91 111
30 87
177 193
66 46
19 242
204 49
67 144
130 99
198 90
55 113
179 183
20 75
2 64
235 111
219 39
175 21
73 7
130 97
17 36
146 104
236 27
108 218
94 214
140 145
241 174
31 9
68 15
159 115
50 113
115 242
90 205
10 215
235 83
45 167
217 113
76 87
205 123
207 80
22 83
95 75
56 244
120 109
10 100000000
250 250
250 250
250 250
250 250
250 250
250 250
250 250
250 250
250 250
250 250
84 46257
169 224
192 208
70 63
146 106
187 205
184 177
185 82
226 167
83 135
140 179
224 236
220 65
36 182
217 73
186 185
226 78
21 70
162 195
97 125
60 90
109 216
103 117
220 1
133 213
192 121
139 97
27 51
119 5
70 92
49 39
102 19
223 172
74 127
218 38
169 193
220 167
207 109
56 40
29 65
57 135
42 168
11 156
81 249
104 20
82 152
202 217
233 35
155 113
174 48
174 43
170 213
184 107
226 111
142 160
167 21
246 63
213 143
214 181
168 237
109 77
10 231
20 208
6 41
27 138
95 37
144 30
93 86
42 17
171 36
27 154
18 95
78 158
97 96
123 101
107 47
39 193
59 106
40 180
244 209
45 7
94 100
241 121
88 56
208 71
76 44676
3 102
111 210
2 18
241 54
62 169
6 223
136 191
221 193
40 98
202 47
151 192
12 136
219 33
73 74
13 64
174 80
131 99
87 113
80 81
63 67
8 12
60 43
180 233
68 58
44 6
133 72
229 178
126 78
215 213
88 114
89 197
30 175
137 226
124 72
82 228
134 65
45 64
185 116
40 227
235 54
198 76
223 66
107 24
96 148
91 69
126 27
246 6
237 90
125 136
105 58
20 63
121 113
167 247
244 138
54 147
155 60
67 236
225 163
44 149
179 169
114 215
220 47
189 36
8 7
180 240
90 225
158 110
138 18
71 77
235 98
224 199
192 45
219 176
214 181
161 190
150 239
1 100000000
250 250
2 16
1 1
2 2
43 24038
190 187
139 66
28 124
185 35
204 162
169 248
203 123
115 142
143 24
218 227
20 31
7 192
196 57
134 126
24 211
139 205
177 189
91 173
148 138
27 168
38 116
93 212
93 144
36 37
117 151
173 35
81 211
235 64
97 124
169 196
135 47
175 98
229 113
138 137
67 17
71 247
110 215
38 134
170 19
49 143
244 48
201 131
61 141
46 41611
128 22
32 33
140 76
109 132
66 230
143 154
230 43
6 190
169 74
14 19
145 232
48 109
162 122
61 81
188 161
84 161
23 152
7 15
215 34
192 250
70 202
238 115
60 201
38 187
20 108
183 168
93 154
103 243
72 114
193 100
123 23
226 67
138 213
200 86
164 200
3 234
50 137
181 77
186 115
181 181
248 231
160 210
213 181
148 39
111 169
128 34
3 2224
100 105
96 110
200 210
63 29396
191 105
131 227
11 34
122 174
215 92
64 107
21 143
153 49
167 124
234 172
199 83
48 249
43 112
189 39
17 49
190 216
85 194
74 104
99 21
242 31
200 77
98 225
247 238
51 92
101 185
247 1
119 147
209 59
142 178
3 26
56 186
59 87
103 42
199 112
97 163
27 226
68 199
98 234
146 152
148 65
143 22
10 234
4 22
201 58
239 227
29 126
38 16
47 178
230 200
208 25
62 47
26 209
65 247
161 90
117 16
9 2
15 101
100 142
134 8
163 164
103 142
238 95
4 28
72 53928
234 22
215 175
37 21
168 128
120 198
77 39
40 243
73 47
248 171
89 219
142 90
235 240
93 45
150 217
184 230
233 148
40 204
22 89
27 66
108 127
108 151
213 196
7 44
97 56
151 246
134 187
19 153
154 142
34 77
19 229
32 170
143 62
102 3
71 35
4 97
135 104
1 183
68 157
88 181
205 17
116 82
124 203
171 226
138 215
90 22
42 133
1 162
21 152
91 140
214 209
98 30
164 161
157 30
134 157
115 114
200 172
112 196
86 5
86 18
91 89
141 46
219 234
66 189
218 236
190 8
104 22
23 210
149 206
215 11
106 141
198 108
99 191
94 56469
203 215
94 32
5 187
77 16
76 192
164 226
1 203
88 123
237 219
63 33
97 13
74 106
247 92
143 219
101 197
53 37
225 8
221 187
65 189
80 174
227 130
45 53
177 40
100 108
45 210
228 127
6 4
201 163
191 200
240 87
193 241
13 181
136 108
191 88
150 202
22 43
169 183
55 15
117 21
230 161
206 121
181 59
184 217
147 245
3 71
183 23
178 170
183 225
241 177
78 147
180 237
100 208
188 219
176 110
177 72
180 7
56 216
152 250
208 242
225 13
163 99
247 64
16 174
178 18
97 63
80 135
21 210
175 205
145 113
26 65
55 248
182 208
244 216
86 65
7 71
134 172
197 230
19 237
214 50
122 234
204 116
66 153
149 5
71 24
116 139
114 59
55 55
73 71
193 195
106 178
132 57
89 121
13 189
127 5
10 50
1 1
1 1
1 1
1 1
1 1
1 1
1 1
1 1
1 1
1 1
2 104
8 15
3 4
7 7752
226 181
217 123
201 189
247 77
91 233
206 176
139 219
3 2224
100 105
96 110
200 210
60 53115
38 95
67 100
108 104
93 158
136 109
188 5
83 4
168 186
103 159
164 141
152 190
193 7
92 124
177 14
118 113
6 175
124 51
188 216
170 83
144 16
11 118
163 237
55 191
65 199
61 224
197 65
31 92
92 101
238 71
9 227
145 113
128 87
189 148
165 241
32 31
250 91
121 184
62 195
215 31
196 136
1 236
144 203
205 122
227 74
1 179
210 172
187 1
29 238
24 154
21 77
98 149
111 152
157 40
123 92
191 125
97 10
225 186
48 77
31 155
107 57
2 39
3 4
3 4
35 26394
153 49
178 1
148 146
233 143
64 91
95 206
55 173
248 45
197 78
98 230
196 170
4 206
99 124
218 205
81 197
217 31
146 181
5 109
160 117
10 187
203 83
231 119
169 65
228 70
135 196
112 11
25 127
27 18
138 130
63 120
176 38
104 224
130 182
202 77
28 7
84 62560
210 5
181 66
169 236
93 241
98 102
148 19
218 129
48 138
84 192
184 153
214 49
165 43
11 213
173 183
17 156
230 138
179 146
88 177
220 50
111 228
89 157
24 222
209 155
194 134
206 215
70 2
141 195
164 246
28 41
26 66
157 112
84 143
240 18
48 116
147 179
63 115
181 115
151 3
162 33
189 17
203 22
208 13
182 106
29 245
86 90
229 3
43 246
170 202
109 165
143 13
241 114
73 228
67 198
18 12
49 244
97 70
173 136
73 28
108 209
220 238
100 14
205 90
7 160
243 91
223 177
124 77
211 98
129 49
237 98
176 32
79 150
198 198
105 103
115 231
195 167
130 237
150 100
23 53
177 185
15 209
123 228
13 47
6 226
98 129
