100
960217 938230
1 0
-1 0
480108 469115
795376 830706
-10 5
-14 7
795325 50
910934 909690
3 -2
3 -2
50 909639
1000000 1000000
20 19
-1 -1
0 0
1000000 1000000
1 0
0 1
0 0
1000000 1000000
0 20
-20 0
999999 0
50 1000000
0 -20
1 0
0 999999
1000000 50
-1 0
0 -20
999998 48
50 50
0 1
-1 0
24 25
1000000 50
3 2
-3 2
50 25
1000000 1000000
-1 0
1 -1
999999 999999
1000000 1000000
0 1
1 -1
0 0
50 3
1 -3
1 1
0 2
4 50
-3 -1
3 -1
3 49
50 4
-1 3
-1 -3
49 1
1000000 1000000
-1 -1
20 19
0 0
772781 188668
-15 -10
3 16
233047 174136
188254 663093
-2 -3
-19 -19
2489 163318
748330 283244
-19 7
6 8
464299 9363
261821 406493
-16 -12
2 -9
155700 85309
71417 614908
-20 -19
19 20
20387 370110
671005 271955
2 9
-20 18
250375 241454
132737 739919
-2 -9
-13 8
4030 432780
238293 465125
10 12
4 4
223840 394837
539462 271238
19 8
-2 -12
519658 153759
956519 686979
13 3
10 -14
505269 174709
510443 271366
-14 6
-6 -18
270560 153580
471532 324168
-14 -3
-9 16
254840 210821
112805 732175
-19 -4
10 -5
79338 649281
664570 399474
7 1
19 -9
405570 304224
107031 689089
-20 15
-5 -11
13739 3561
880649 567246
-16 -4
-10 11
395405 160152
851720 841150
18 20
18 10
259623 49034
448513 54333
-4 1
9 -11
238874 43463
719422 708017
9 9
7 16
427579 631545
884085 4554
9 3
17 12
511095 2232
815290 483242
-9 -10
-2 7
667887 93707
308610 791846
-5 -17
0 12
17541 328882
453712 907827
-1 -10
-3 -2
50410 374993
355011 801680
7 -15
-10 -1
310651 756612
336440 998329
16 9
15 11
7829 905590
918776 330961
7 -4
-4 -4
477779 4425
773392 418430
-7 12
18 11
435413 370085
989764 307985
-6 7
16 -9
904035 17402
834050 332782
-4 -1
15 11
801420 26998
763452 255644
18 15
-16 19
420581 243873
417587 999182
-20 -3
-9 18
220649 258079
463880 901826
-2 -17
-3 16
359332 154308
994799 303477
6 -18
1 -6
691522 236014
991587 262559
7 18
-10 9
17344 243016
824111 302957
15 -8
-14 15
473426 163239
795178 386640
-13 10
-6 1
781674 317346
306357 860591
7 -10
6 12
63501 231469
827917 335572
-15 8
1 10
668079 195499
261358 851927
1 18
-14 -15
106265 237403
796133 400586
15 8
16 15
336681 271214
262487 903057
-17 8
9 3
99003 384174
440515 989678
6 19
10 -17
431040 485734
806683 398370
13 19
4 14
732050 43577
300100 927544
3 9
-2 0
92551 455379
454447 798090
-16 -1
6 -8
27543 210188
346371 919099
15 -15
-2 -1
213565 63383
893269 428352
-19 19
-2 -18
397187 104222
468961 869746
19 -12
12 -19
275134 620207
324818 999672
12 12
12 8
92027 377078
360535 761392
4 -15
3 8
326031 523707
259674 882403
-19 20
-14 -6
218845 541071
490609 793430
12 8
-5 19
306627 735295
984770 419342
20 -15
16 -5
721596 315159
838128 380400
-18 0
-1 -1
554322 138194
909812 353269
11 16
-18 -16
171466 128451
433874 968840
9 -18
-8 -20
232782 883377
282086 910393
4 1
-1 -7
37459 503672
272550 978296
-13 -8
-5 2
265600 181560
380907 792093
-7 12
19 6
124011 171097
276781 971283
17 -16
-8 -19
26731 229853
851093 942803
17 12
-19 -13
214906 76253
770010 912065
20 -14
0 -16
102200 792080
838345 988998
12 -14
-2 6
769205 77646
793357 763427
11 -20
-17 20
356359 547005
992165 820238
-6 -18
-8 18
165458 376567
940037 976555
0 -9
15 20
39056 870641
770610 988840
5 -16
-15 17
625477 65789
988260 754876
-10 8
-13 15
753949 147388
911899 885930
13 13
-20 -12
31338 135138
858271 911960
-11 -1
1 -1
218037 107680
993511 782963
5 -17
-5 8
206575 577689
988400 801727
-3 12
12 -3
587013 671182
969006 875416
7 -5
11 -16
326422 219632
756231 917433
-4 3
20 12
673694 862033
754847 821787
13 -10
9 0
45994 621440
991141 784106
19 -4
7 16
846840 459659
894550 988620
14 18
15 17
454155 689952
909586 784336
19 -9
-9 -13
453288 493913
836025 990840
18 -11
-20 -17
821367 582427
877408 898885
15 5
4 20
165729 436592
864737 840190
-12 -7
7 -1
832911 411259
909504 897768
8 16
19 16
414847 576585
898412 985930
-3 5
-10 -13
252928 713214
952105 784057
-16 -7
-2 17
704953 30732
